[{"images": ["samples/CAM_FRONT_LEFT/n008-2018-09-18-15-26-58-0400__CAM_FRONT_LEFT__1537299526354799.jpg", "samples/CAM_FRONT/n008-2018-09-18-15-26-58-0400__CAM_FRONT__1537299526362404.jpg", "samples/CAM_FRONT_RIGHT/n008-2018-09-18-15-26-58-0400__CAM_FRONT_RIGHT__1537299526370482.jpg", "samples/CAM_BACK_LEFT/n008-2018-09-18-15-26-58-0400__CAM_BACK_LEFT__1537299526397405.jpg", "samples/CAM_BACK/n008-2018-09-18-15-26-58-0400__CAM_BACK__1537299526387558.jpg", "samples/CAM_BACK_RIGHT/n008-2018-09-18-15-26-58-0400__CAM_BACK_RIGHT__1537299526378113.jpg"], "intrinsics": [[[1257.8625342125129, 0.0, 827.2410631095686], [0.0, 1257.8625342125129, 450.915498205774], [0.0, 0.0, 1.0]], [[1252.8131021185304, 0.0, 826.588114781398], [0.0, 1252.8131021185304, 469.9846626224581], [0.0, 0.0, 1.0]], [[1256.7485116440405, 0.0, 817.7887570959712], [0.0, 1256.7485116440403, 451.9541780095127], [0.0, 0.0, 1.0]], [[1254.9860565800168, 0.0, 829.5769333630991], [0.0, 1254.9860565800168, 467.1680561863987], [0.0, 0.0, 1.0]], [[796.8910634503094, 0.0, 857.7774326863696], [0.0, 796.8910634503094, 476.8848988407415], [0.0, 0.0, 1.0]], [[1249.9629280788233, 0.0, 825.3768045375984], [0.0, 1249.9629280788233, 462.54816385708756], [0.0, 0.0, 1.0]]], "extrinsics": [[[0.8227328062057495, -0.5684279799461365, -0.0006130055407993495, -0.697265625], [0.013978480361402035, 0.021310284733772278, -0.9996751546859741, 1.4935798645019531], [0.5682564377784729, 0.8224570155143738, 0.025478431954979897, -1.11865234375], [0.0, 0.0, 0.0, 1.0]], [[0.010539723560214043, -0.9997968077659607, -0.017180727794766426, 0.0068359375], [0.01578851044178009, 0.017345929518342018, -0.9997249245643616, 1.4850959777832031], [0.9998197555541992, 0.010265547782182693, 0.01596812531352043, -1.4241943359375], [0.0, 0.0, 0.0, 1.0]], [[-0.8437621593475342, -0.5361467599868774, -0.024739746004343033, 0.8861083984375], [0.02370958775281906, 0.0088158268481493, -0.9996799826622009, 1.498809814453125], [0.536193311214447, -0.844078779220581, 0.005273356568068266, -1.149169921875], [0.0, 0.0, 0.0, 1.0]], [[0.9478549361228943, 0.3186439573764801, 0.006086672656238079, -1.132568359375], [-0.0018383064307272434, 0.024564320221543312, -0.9996965527534485, 1.5620231628417969], [-0.3186968266963959, 0.9475561380386353, 0.02386917918920517, -0.1597900390625], [0.0, 0.0, 0.0, 1.0]], [[0.009051714092493057, 0.9998179078102112, 0.01679830066859722, -0.0274658203125], [0.00039548714994452894, 0.016795406118035316, -0.9998588562011719, 1.5681076049804688], [-0.999958872795105, 0.009057057090103626, -0.00024338839284610003, -0.05157470703125], [0.0, 0.0, 0.0, 1.0]], [[-0.923740804195404, 0.3829609453678131, -0.006606293376535177, 0.9980010986328125], [0.004620288033038378, -0.006105454172939062, -0.9999706745147705, 1.548621654510498], [-0.3829900622367859, -0.9237443208694458, 0.0038704678881913424, -0.1123046875], [0.0, 0.0, 0.0, 1.0]]], "view": [[0.0, -2.0, 100.0], [-2.0, 0.0, 100.0], [0.0, 0.0, 1.0]], "bev": "bev_a8c1b8e466914cbeac7b390e2b041e5d.png", "aux": "aux_a8c1b8e466914cbeac7b390e2b041e5d.npz", "visibility": "visibility_a8c1b8e466914cbeac7b390e2b041e5d.png", "pose": [[-0.8944509029388428, -0.4471661448478699, 0.0, 1729.938720703125], [0.4471661448478699, -0.8944509029388428, 0.0, 1245.1630859375], [0.0, 0.0, 1.0, 0.0], [0.0, 0.0, 0.0, 1.0]], "pose_inverse": [[-0.8944509029388428, 0.4471661448478699, 0.0, 990.5504760742188], [-0.4471661448478699, -0.8944509029388428, 0.0, 1887.3072509765625], [0.0, 0.0, 1.0, 0.0], [0.0, 0.0, 0.0, 1.0]], "cam_ids": [0, 1, 2, 3, 4, 5], "cam_channels": ["CAM_FRONT_LEFT", "CAM_FRONT", "CAM_FRONT_RIGHT", "CAM_BACK_LEFT", "CAM_BACK", "CAM_BACK_RIGHT"], "token": "a8c1b8e466914cbeac7b390e2b041e5d", "scene": "scene-0822"}, {"images": ["samples/CAM_FRONT_LEFT/n008-2018-09-18-15-26-58-0400__CAM_FRONT_LEFT__1537299526854799.jpg", "samples/CAM_FRONT/n008-2018-09-18-15-26-58-0400__CAM_FRONT__1537299526862404.jpg", "samples/CAM_FRONT_RIGHT/n008-2018-09-18-15-26-58-0400__CAM_FRONT_RIGHT__1537299526870482.jpg", "samples/CAM_BACK_LEFT/n008-2018-09-18-15-26-58-0400__CAM_BACK_LEFT__1537299526897405.jpg", "samples/CAM_BACK/n008-2018-09-18-15-26-58-0400__CAM_BACK__1537299526887558.jpg", "samples/CAM_BACK_RIGHT/n008-2018-09-18-15-26-58-0400__CAM_BACK_RIGHT__1537299526878113.jpg"], "intrinsics": [[[1257.8625342125129, 0.0, 827.2410631095686], [0.0, 1257.8625342125129, 450.915498205774], [0.0, 0.0, 1.0]], [[1252.8131021185304, 0.0, 826.588114781398], [0.0, 1252.8131021185304, 469.9846626224581], [0.0, 0.0, 1.0]], [[1256.7485116440405, 0.0, 817.7887570959712], [0.0, 1256.7485116440403, 451.9541780095127], [0.0, 0.0, 1.0]], [[1254.9860565800168, 0.0, 829.5769333630991], [0.0, 1254.9860565800168, 467.1680561863987], [0.0, 0.0, 1.0]], [[796.8910634503094, 0.0, 857.7774326863696], [0.0, 796.8910634503094, 476.8848988407415], [0.0, 0.0, 1.0]], [[1249.9629280788233, 0.0, 825.3768045375984], [0.0, 1249.9629280788233, 462.54816385708756], [0.0, 0.0, 1.0]]], "extrinsics": [[[0.8229445815086365, -0.5681126117706299, 0.003204019507393241, -0.7003173828125], [0.022752467542886734, 0.02732209675014019, -0.9993677139282227, 1.4967041015625], [0.5676658749580383, 0.8224971294403076, 0.03541053459048271, -1.123779296875], [0.0, 0.0, 0.0, 1.0]], [[0.011107726022601128, -0.999669075012207, -0.023204380646348, 0.00927734375], [0.025351595133543015, 0.023479891940951347, -0.9994028210639954, 1.4879074096679688], [0.9996168613433838, 0.010512813925743103, 0.025604011490941048, -1.42889404296875], [0.0, 0.0, 0.0, 1.0]], [[-0.8432899117469788, -0.5361917018890381, -0.03688816353678703, 0.8905029296875], [0.03409280627965927, 0.015129612758755684, -0.9993041753768921, 1.5011749267578125], [0.5363765954971313, -0.8439606428146362, 0.005521629936993122, -1.1497802734375], [0.0, 0.0, 0.0, 1.0]], [[0.9476850628852844, 0.3185652196407318, 0.020227978006005287, -1.133544921875], [0.010710928589105606, 0.03159833699464798, -0.9994432926177979, 1.562164306640625], [-0.31902700662612915, 0.9473741054534912, 0.02653314359486103, -0.15966796875], [0.0, 0.0, 0.0, 1.0]], [[0.00870508048683405, 0.9996816515922546, 0.023682400584220886, -0.0281982421875], [0.012218951247632504, 0.02357519045472145, -0.9996473789215088, 1.5691986083984375], [-0.9998874664306641, 0.008991417475044727, -0.012009836733341217, -0.0496826171875], [0.0, 0.0, 0.0, 1.0]], [[-0.9237005114555359, 0.3828461170196533, -0.014356138184666634, 1.0003204345703125], [0.015712987631559372, 0.00041721860179677606, -0.9998764395713806, 1.5505332946777344], [-0.38279274106025696, -0.9238120317459106, -0.0064010401256382465, -0.109619140625], [0.0, 0.0, 0.0, 1.0]]], "view": [[0.0, -2.0, 100.0], [-2.0, 0.0, 100.0], [0.0, 0.0, 1.0]], "bev": "bev_1a29f13b89f14cc7a942eb1f8f12afdf.png", "aux": "aux_1a29f13b89f14cc7a942eb1f8f12afdf.npz", "visibility": "visibility_1a29f13b89f14cc7a942eb1f8f12afdf.png", "pose": [[-0.8914913535118103, -0.45303767919540405, 0.0, 1726.2060546875], [0.45303767919540405, -0.8914913535118103, 0.0, 1247.0458984375], [0.0, 0.0, 1.0, 0.0], [0.0, 0.0, 0.0, 1.0]], "pose_inverse": [[-0.8914913535118103, 0.45303767919540405, 0.0, 973.9390258789062], [-0.45303767919540405, -0.8914913535118103, 0.0, 1893.76708984375], [0.0, 0.0, 1.0, 0.0], [0.0, 0.0, 0.0, 1.0]], "cam_ids": [0, 1, 2, 3, 4, 5], "cam_channels": ["CAM_FRONT_LEFT", "CAM_FRONT", "CAM_FRONT_RIGHT", "CAM_BACK_LEFT", "CAM_BACK", "CAM_BACK_RIGHT"], "token": "1a29f13b89f14cc7a942eb1f8f12afdf", "scene": "scene-0822"}, {"images": ["samples/CAM_FRONT_LEFT/n008-2018-09-18-15-26-58-0400__CAM_FRONT_LEFT__1537299527354799.jpg", "samples/CAM_FRONT/n008-2018-09-18-15-26-58-0400__CAM_FRONT__1537299527362404.jpg", "samples/CAM_FRONT_RIGHT/n008-2018-09-18-15-26-58-0400__CAM_FRONT_RIGHT__1537299527370482.jpg", "samples/CAM_BACK_LEFT/n008-2018-09-18-15-26-58-0400__CAM_BACK_LEFT__1537299527397405.jpg", "samples/CAM_BACK/n008-2018-09-18-15-26-58-0400__CAM_BACK__1537299527387558.jpg", "samples/CAM_BACK_RIGHT/n008-2018-09-18-15-26-58-0400__CAM_BACK_RIGHT__1537299527378113.jpg"], "intrinsics": [[[1257.8625342125129, 0.0, 827.2410631095686], [0.0, 1257.8625342125129, 450.915498205774], [0.0, 0.0, 1.0]], [[1252.8131021185304, 0.0, 826.588114781398], [0.0, 1252.8131021185304, 469.9846626224581], [0.0, 0.0, 1.0]], [[1256.7485116440405, 0.0, 817.7887570959712], [0.0, 1256.7485116440403, 451.9541780095127], [0.0, 0.0, 1.0]], [[1254.9860565800168, 0.0, 829.5769333630991], [0.0, 1254.9860565800168, 467.1680561863987], [0.0, 0.0, 1.0]], [[796.8910634503094, 0.0, 857.7774326863696], [0.0, 796.8910634503094, 476.8848988407415], [0.0, 0.0, 1.0]], [[1249.9629280788233, 0.0, 825.3768045375984], [0.0, 1249.9629280788233, 462.54816385708756], [0.0, 0.0, 1.0]]], "extrinsics": [[[0.8226185441017151, -0.5685704350471497, -0.005143723916262388, -0.694732666015625], [0.015422697179019451, 0.03135509416460991, -0.9993892908096313, 1.4941329956054688], [0.5683844685554504, 0.8220368027687073, 0.03456217423081398, -1.118408203125], [0.0, 0.0, 0.0, 1.0]], [[0.010419323109090328, -0.9995783567428589, -0.027102036401629448, 0.008056640625], [0.017457205802202225, 0.02728121355175972, -0.999475359916687, 1.4856185913085938], [0.9997932314872742, 0.009940697811543941, 0.017734097316861153, -1.42266845703125], [0.0, 0.0, 0.0, 1.0]], [[-0.8437837958335876, -0.5357552766799927, -0.03154589608311653, 0.8858642578125], [0.02553310990333557, 0.018638554960489273, -0.9995001554489136, 1.499267578125], [0.5360755324363708, -0.8441675305366516, -0.0020474130287766457, -1.1480712890625], [0.0, 0.0, 0.0, 1.0]], [[0.9478609561920166, 0.31848978996276855, 0.011129629798233509, -1.13427734375], [0.00030805481947027147, 0.03400798887014389, -0.9994215369224548, 1.5620498657226562], [-0.31868404150009155, 0.94731605052948, 0.03213673457503319, -0.159423828125], [0.0, 0.0, 0.0, 1.0]], [[0.009103313088417053, 0.9996086955070496, 0.026447808369994164, -0.0274658203125], [0.002408556640148163, 0.026426907628774643, -0.9996477961540222, 1.56829833984375], [-0.9999557137489319, 0.009163801558315754, -0.0021670416463166475, -0.05072021484375], [0.0, 0.0, 0.0, 1.0]], [[-0.9236859083175659, 0.38312244415283203, -0.004632108379155397, 0.9977264404296875], [0.006523194257169962, 0.0036369673907756805, -0.9999721050262451, 1.548964500427246], [-0.38309481739997864, -0.9236903786659241, -0.005858597811311483, -0.111572265625], [0.0, 0.0, 0.0, 1.0]]], "view": [[0.0, -2.0, 100.0], [-2.0, 0.0, 100.0], [0.0, 0.0, 1.0]], "bev": "bev_de13a023e4eb45ca9db3d6e91a1295b6.png", "aux": "aux_de13a023e4eb45ca9db3d6e91a1295b6.npz", "visibility": "visibility_de13a023e4eb45ca9db3d6e91a1295b6.png", "pose": [[-0.8889561891555786, -0.45799222588539124, 0.0, 1722.45263671875], [0.45799222588539124, -0.8889561891555786, 0.0, 1248.970947265625], [0.0, 0.0, 1.0, 0.0], [0.0, 0.0, 0.0, 1.0]], "pose_inverse": [[-0.8889561891555786, 0.45799222588539124, 0.0, 959.1659545898438], [-0.45799222588539124, -0.8889561891555786, 0.0, 1899.150390625], [0.0, 0.0, 1.0, 0.0], [0.0, 0.0, 0.0, 1.0]], "cam_ids": [0, 1, 2, 3, 4, 5], "cam_channels": ["CAM_FRONT_LEFT", "CAM_FRONT", "CAM_FRONT_RIGHT", "CAM_BACK_LEFT", "CAM_BACK", "CAM_BACK_RIGHT"], "token": "de13a023e4eb45ca9db3d6e91a1295b6", "scene": "scene-0822"}, {"images": ["samples/CAM_FRONT_LEFT/n008-2018-09-18-15-26-58-0400__CAM_FRONT_LEFT__1537299527854799.jpg", "samples/CAM_FRONT/n008-2018-09-18-15-26-58-0400__CAM_FRONT__1537299527862404.jpg", "samples/CAM_FRONT_RIGHT/n008-2018-09-18-15-26-58-0400__CAM_FRONT_RIGHT__1537299527870482.jpg", "samples/CAM_BACK_LEFT/n008-2018-09-18-15-26-58-0400__CAM_BACK_LEFT__1537299527897405.jpg", "samples/CAM_BACK/n008-2018-09-18-15-26-58-0400__CAM_BACK__1537299527887558.jpg", "samples/CAM_BACK_RIGHT/n008-2018-09-18-15-26-58-0400__CAM_BACK_RIGHT__1537299527878113.jpg"], "intrinsics": [[[1257.8625342125129, 0.0, 827.2410631095686], [0.0, 1257.8625342125129, 450.915498205774], [0.0, 0.0, 1.0]], [[1252.8131021185304, 0.0, 826.588114781398], [0.0, 1252.8131021185304, 469.9846626224581], [0.0, 0.0, 1.0]], [[1256.7485116440405, 0.0, 817.7887570959712], [0.0, 1256.7485116440403, 451.9541780095127], [0.0, 0.0, 1.0]], [[1254.9860565800168, 0.0, 829.5769333630991], [0.0, 1254.9860565800168, 467.1680561863987], [0.0, 0.0, 1.0]], [[796.8910634503094, 0.0, 857.7774326863696], [0.0, 796.8910634503094, 476.8848988407415], [0.0, 0.0, 1.0]], [[1249.9629280788233, 0.0, 825.3768045375984], [0.0, 1249.9629280788233, 462.54816385708756], [0.0, 0.0, 1.0]]], "extrinsics": [[[0.8229155540466309, -0.5681411027908325, -0.005069002043455839, -0.698486328125], [0.013929679989814758, 0.029093680903315544, -0.9994795918464661, 1.493316650390625], [0.5679929256439209, 0.8224167227745056, 0.031855665147304535, -1.126708984375], [0.0, 0.0, 0.0, 1.0]], [[0.010798454284667969, -0.9996320605278015, -0.024885589256882668, 0.0120849609375], [0.015656055882573128, 0.025053009390830994, -0.9995635747909546, 1.4848594665527344], [0.9998191595077515, 0.01040414348244667, 0.01592082902789116, -1.42962646484375], [0.0, 0.0, 0.0, 1.0]], [[-0.8436993956565857, -0.5360520482063293, -0.028627783060073853, 0.89208984375], [0.023478347808122635, 0.016430042684078217, -0.9995893239974976, 1.49859619140625], [0.5363022685050964, -0.8440250754356384, -0.0012764009879902005, -1.148681640625], [0.0, 0.0, 0.0, 1.0]], [[0.9478762745857239, 0.3185444474220276, 0.007756784092634916, -1.1353759765625], [-0.002510019578039646, 0.031807251274585724, -0.9994908571243286, 1.5620155334472656], [-0.3186289966106415, 0.947374165058136, 0.030948886647820473, -0.1591796875], [0.0, 0.0, 0.0, 1.0]], [[0.00909733958542347, 0.9996654391288757, 0.024213852360844612, -0.0286865234375], [-0.00013444932119455189, 0.024216078221797943, -0.9997067451477051, 1.5680313110351562], [-0.9999586343765259, 0.009091431275010109, 0.00035470633883960545, -0.04815673828125], [0.0, 0.0, 0.0, 1.0]], [[-0.9237438440322876, 0.38299560546875, -0.0034134401939809322, 1.0009613037109375], [0.0042854188941419125, 0.0014235766138881445, -0.9999898076057434, 1.548546314239502], [-0.38298678398132324, -0.9237490892410278, -0.002956315176561475, -0.108642578125], [0.0, 0.0, 0.0, 1.0]]], "view": [[0.0, -2.0, 100.0], [-2.0, 0.0, 100.0], [0.0, 0.0, 1.0]], "bev": "bev_89b7b6b1f9d54878852cc9eb1d708fed.png", "aux": "aux_89b7b6b1f9d54878852cc9eb1d708fed.npz", "visibility": "visibility_89b7b6b1f9d54878852cc9eb1d708fed.png", "pose": [[-0.8860933780670166, -0.463506817817688, 0.0, 1718.626708984375], [0.463506817817688, -0.8860933780670166, 0.0, 1250.9940185546875], [0.0, 0.0, 1.0, 0.0], [0.0, 0.0, 0.0, 1.0]], "pose_inverse": [[-0.8860933780670166, 0.463506817817688, 0.0, 943.0194702148438], [-0.463506817817688, -0.8860933780670166, 0.0, 1905.0926513671875], [0.0, 0.0, 1.0, 0.0], [0.0, 0.0, 0.0, 1.0]], "cam_ids": [0, 1, 2, 3, 4, 5], "cam_channels": ["CAM_FRONT_LEFT", "CAM_FRONT", "CAM_FRONT_RIGHT", "CAM_BACK_LEFT", "CAM_BACK", "CAM_BACK_RIGHT"], "token": "89b7b6b1f9d54878852cc9eb1d708fed", "scene": "scene-0822"}, {"images": ["samples/CAM_FRONT_LEFT/n008-2018-09-18-15-26-58-0400__CAM_FRONT_LEFT__1537299528354799.jpg", "samples/CAM_FRONT/n008-2018-09-18-15-26-58-0400__CAM_FRONT__1537299528362404.jpg", "samples/CAM_FRONT_RIGHT/n008-2018-09-18-15-26-58-0400__CAM_FRONT_RIGHT__1537299528370482.jpg", "samples/CAM_BACK_LEFT/n008-2018-09-18-15-26-58-0400__CAM_BACK_LEFT__1537299528397406.jpg", "samples/CAM_BACK/n008-2018-09-18-15-26-58-0400__CAM_BACK__1537299528387558.jpg", "samples/CAM_BACK_RIGHT/n008-2018-09-18-15-26-58-0400__CAM_BACK_RIGHT__1537299528378113.jpg"], "intrinsics": [[[1257.8625342125129, 0.0, 827.2410631095686], [0.0, 1257.8625342125129, 450.915498205774], [0.0, 0.0, 1.0]], [[1252.8131021185304, 0.0, 826.588114781398], [0.0, 1252.8131021185304, 469.9846626224581], [0.0, 0.0, 1.0]], [[1256.7485116440405, 0.0, 817.7887570959712], [0.0, 1256.7485116440403, 451.9541780095127], [0.0, 0.0, 1.0]], [[1254.9860565800168, 0.0, 829.5769333630991], [0.0, 1254.9860565800168, 467.1680561863987], [0.0, 0.0, 1.0]], [[796.8910634503094, 0.0, 857.7774326863696], [0.0, 796.8910634503094, 476.8848988407415], [0.0, 0.0, 1.0]], [[1249.9629280788233, 0.0, 825.3768045375984], [0.0, 1249.9629280788233, 462.54816385708756], [0.0, 0.0, 1.0]]], "extrinsics": [[[0.8227945566177368, -0.568246066570282, -0.010275748558342457, -0.6961669921875], [0.008454699069261551, 0.030316337943077087, -0.999504566192627, 1.491485595703125], [0.5682759881019592, 0.8223000168800354, 0.02974846586585045, -1.119384765625], [0.0, 0.0, 0.0, 1.0]], [[0.010685236193239689, -0.9996024966239929, -0.02608685940504074, 0.0086669921875], [0.010267484001815319, 0.02619665488600731, -0.9996040463447571, 1.4833450317382812], [0.9998902082443237, 0.010413137264549732, 0.010543319396674633, -1.42425537109375], [0.0, 0.0, 0.0, 1.0]], [[-0.8437826633453369, -0.5361151695251465, -0.024724237620830536, 0.8875732421875], [0.018181893974542618, 0.017486542463302612, -0.9996817708015442, 1.4974479675292969], [0.536376953125, -0.8439636826515198, -0.005007252097129822, -1.1484375], [0.0, 0.0, 0.0, 1.0]], [[0.9478883743286133, 0.31858643889427185, 0.0032340246252715588, -1.13623046875], [-0.007528354413807392, 0.0325445681810379, -0.999441921710968, 1.561981201171875], [-0.3185139298439026, 0.9473350048065186, 0.033247046172618866, -0.15869140625], [0.0, 0.0, 0.0, 1.0]], [[0.009091295301914215, 0.9996446967124939, 0.025058062747120857, -0.028076171875], [-0.005353068001568317, 0.02510739117860794, -0.9996703863143921, 1.5675621032714844], [-0.9999443292617798, 0.008954164572060108, 0.0055794245563447475, -0.048828125], [0.0, 0.0, 0.0, 1.0]], [[-0.923819899559021, 0.38282299041748047, 0.0018144455971196294, 0.999267578125], [-0.0009684825781732798, 0.0024025090970098972, -0.9999966621398926, 1.5476429462432861], [-0.3828260004520416, -0.9238185286521912, -0.0018487281631678343, -0.110595703125], [0.0, 0.0, 0.0, 1.0]]], "view": [[0.0, -2.0, 100.0], [-2.0, 0.0, 100.0], [0.0, 0.0, 1.0]], "bev": "bev_5c3fb88a5b2244d29a3e8161dbdc443a.png", "aux": "aux_5c3fb88a5b2244d29a3e8161dbdc443a.npz", "visibility": "visibility_5c3fb88a5b2244d29a3e8161dbdc443a.png", "pose": [[-0.8848037719726562, -0.46596378087997437, 0.0, 1714.7681884765625], [0.46596378087997437, -0.8848037719726562, 0.0, 1253.0531005859375], [0.0, 0.0, 1.0, 0.0], [0.0, 0.0, 0.0, 1.0]], "pose_inverse": [[-0.8848037719726562, 0.46596378087997437, 0.0, 933.3560180664062], [-0.46596378087997437, -0.8848037719726562, 0.0, 1907.7259521484375], [0.0, 0.0, 1.0, 0.0], [0.0, 0.0, 0.0, 1.0]], "cam_ids": [0, 1, 2, 3, 4, 5], "cam_channels": ["CAM_FRONT_LEFT", "CAM_FRONT", "CAM_FRONT_RIGHT", "CAM_BACK_LEFT", "CAM_BACK", "CAM_BACK_RIGHT"], "token": "5c3fb88a5b2244d29a3e8161dbdc443a", "scene": "scene-0822"}, {"images": ["samples/CAM_FRONT_LEFT/n008-2018-09-18-15-26-58-0400__CAM_FRONT_LEFT__1537299528904799.jpg", "samples/CAM_FRONT/n008-2018-09-18-15-26-58-0400__CAM_FRONT__1537299528912404.jpg", "samples/CAM_FRONT_RIGHT/n008-2018-09-18-15-26-58-0400__CAM_FRONT_RIGHT__1537299528920482.jpg", "samples/CAM_BACK_LEFT/n008-2018-09-18-15-26-58-0400__CAM_BACK_LEFT__1537299528947405.jpg", "samples/CAM_BACK/n008-2018-09-18-15-26-58-0400__CAM_BACK__1537299528937558.jpg", "samples/CAM_BACK_RIGHT/n008-2018-09-18-15-26-58-0400__CAM_BACK_RIGHT__1537299528928113.jpg"], "intrinsics": [[[1257.8625342125129, 0.0, 827.2410631095686], [0.0, 1257.8625342125129, 450.915498205774], [0.0, 0.0, 1.0]], [[1252.8131021185304, 0.0, 826.588114781398], [0.0, 1252.8131021185304, 469.9846626224581], [0.0, 0.0, 1.0]], [[1256.7485116440405, 0.0, 817.7887570959712], [0.0, 1256.7485116440403, 451.9541780095127], [0.0, 0.0, 1.0]], [[1254.9860565800168, 0.0, 829.5769333630991], [0.0, 1254.9860565800168, 467.1680561863987], [0.0, 0.0, 1.0]], [[796.8910634503094, 0.0, 857.7774326863696], [0.0, 796.8910634503094, 476.8848988407415], [0.0, 0.0, 1.0]], [[1249.9629280788233, 0.0, 825.3768045375984], [0.0, 1249.9629280788233, 462.54816385708756], [0.0, 0.0, 1.0]]], "extrinsics": [[[0.8225931525230408, -0.5685648918151855, -0.008633436635136604, -0.68963623046875], [0.006617898587137461, 0.024754326790571213, -0.9996716380119324, 1.490753173828125], [0.5685919523239136, 0.8222659230232239, 0.024125443771481514, -1.118408203125], [0.0, 0.0, 0.0, 1.0]], [[0.010267343372106552, -0.9997389912605286, -0.020410621538758278, 0.0108642578125], [0.008398336358368397, 0.020497193560004234, -0.9997546076774597, 1.482757568359375], [0.9999120235443115, 0.010093416087329388, 0.008606594055891037, -1.42010498046875], [0.0, 0.0, 0.0, 1.0]], [[-0.844022274017334, -0.5359368920326233, -0.01995503343641758, 0.8857421875], [0.016238393262028694, 0.01165339257568121, -0.9998002052307129, 1.4970130920410156], [0.5360623598098755, -0.8441776633262634, -0.0011329683475196362, -1.1453857421875], [0.0, 0.0, 0.0, 1.0]], [[0.9480009078979492, 0.31826677918434143, -0.0006893757381476462, -1.134033203125], [-0.009607630781829357, 0.02645246312022209, -0.9996039271354675, 1.5619392395019531], [-0.3181224763393402, 0.9476320743560791, 0.028134748339653015, -0.159423828125], [0.0, 0.0, 0.0, 1.0]], [[0.009494919329881668, 0.999774694442749, 0.01898679882287979, -0.0286865234375], [-0.007302766665816307, 0.019056476652622223, -0.9997917413711548, 1.5673503875732422], [-0.9999282956123352, 0.009354304522275925, 0.007482061628252268, -0.05145263671875], [0.0, 0.0, 0.0, 1.0]], [[-0.923674464225769, 0.3831758201122284, 0.0013561557279899716, 0.9961471557617188], [-0.002932889387011528, -0.003530739573761821, -0.9999895095825195, 1.5472960472106934], [-0.38316693902015686, -0.9236686825752258, 0.004385066218674183, -0.110595703125], [0.0, 0.0, 0.0, 1.0]]], "view": [[0.0, -2.0, 100.0], [-2.0, 0.0, 100.0], [0.0, 0.0, 1.0]], "bev": "bev_1099f651859f4d2b982dbe0a5edb84f3.png", "aux": "aux_1099f651859f4d2b982dbe0a5edb84f3.npz", "visibility": "visibility_1099f651859f4d2b982dbe0a5edb84f3.png", "pose": [[-0.881621241569519, -0.47195765376091003, 0.0, 1710.551025390625], [0.47195765376091003, -0.881621241569519, 0.0, 1255.3310546875], [0.0, 0.0, 1.0, 0.0], [0.0, 0.0, 0.0, 1.0]], "pose_inverse": [[-0.881621241569519, 0.47195765376091003, 0.0, 915.594970703125], [-0.47195765376091003, -0.881621241569519, 0.0, 1914.0341796875], [0.0, 0.0, 1.0, 0.0], [0.0, 0.0, 0.0, 1.0]], "cam_ids": [0, 1, 2, 3, 4, 5], "cam_channels": ["CAM_FRONT_LEFT", "CAM_FRONT", "CAM_FRONT_RIGHT", "CAM_BACK_LEFT", "CAM_BACK", "CAM_BACK_RIGHT"], "token": "1099f651859f4d2b982dbe0a5edb84f3", "scene": "scene-0822"}, {"images": ["samples/CAM_FRONT_LEFT/n008-2018-09-18-15-26-58-0400__CAM_FRONT_LEFT__1537299529404799.jpg", "samples/CAM_FRONT/n008-2018-09-18-15-26-58-0400__CAM_FRONT__1537299529412404.jpg", "samples/CAM_FRONT_RIGHT/n008-2018-09-18-15-26-58-0400__CAM_FRONT_RIGHT__1537299529420482.jpg", "samples/CAM_BACK_LEFT/n008-2018-09-18-15-26-58-0400__CAM_BACK_LEFT__1537299529447491.jpg", "samples/CAM_BACK/n008-2018-09-18-15-26-58-0400__CAM_BACK__1537299529437558.jpg", "samples/CAM_BACK_RIGHT/n008-2018-09-18-15-26-58-0400__CAM_BACK_RIGHT__1537299529428113.jpg"], "intrinsics": [[[1257.8625342125129, 0.0, 827.2410631095686], [0.0, 1257.8625342125129, 450.915498205774], [0.0, 0.0, 1.0]], [[1252.8131021185304, 0.0, 826.588114781398], [0.0, 1252.8131021185304, 469.9846626224581], [0.0, 0.0, 1.0]], [[1256.7485116440405, 0.0, 817.7887570959712], [0.0, 1256.7485116440403, 451.9541780095127], [0.0, 0.0, 1.0]], [[1254.9860565800168, 0.0, 829.5769333630991], [0.0, 1254.9860565800168, 467.1680561863987], [0.0, 0.0, 1.0]], [[796.8910634503094, 0.0, 857.7774326863696], [0.0, 796.8910634503094, 476.8848988407415], [0.0, 0.0, 1.0]], [[1249.9629280788233, 0.0, 825.3768045375984], [0.0, 1249.9629280788233, 462.54816385708756], [0.0, 0.0, 1.0]]], "extrinsics": [[[0.8227811455726624, -0.5683301091194153, -0.0056675877422094345, -0.693572998046875], [0.008458709344267845, 0.0222153477370739, -0.9997174143791199, 1.4915122985839844], [0.5682954788208008, 0.8225007057189941, 0.023085707798600197, -1.11767578125], [0.0, 0.0, 0.0, 1.0]], [[0.01052234135568142, -0.999779999256134, -0.018140414729714394, 0.008056640625], [0.010274820029735565, 0.01824856549501419, -0.9997806549072266, 1.4833946228027344], [0.9998917579650879, 0.01033364050090313, 0.010464577935636044, -1.42138671875], [0.0, 0.0, 0.0, 1.0]], [[-0.8439081907272339, -0.5360947847366333, -0.020527800545096397, 0.884521484375], [0.018151994794607162, 0.009708791971206665, -0.9997881054878235, 1.4975013732910156], [0.5361804962158203, -0.8441020250320435, 0.001537859789095819, -1.147216796875], [0.0, 0.0, 0.0, 1.0]], [[0.9478880763053894, 0.3186030387878418, 0.0003989771648775786, -1.131591796875], [-0.008067368529736996, 0.02525336667895317, -0.9996485114097595, 1.5619354248046875], [-0.31850117444992065, 0.9475517272949219, 0.026507655158638954, -0.1602783203125], [0.0, 0.0, 0.0, 1.0]], [[0.00917409360408783, 0.9998036026954651, 0.017568735405802727, -0.02783203125], [-0.005630065221339464, 0.017620841041207314, -0.9998288750648499, 1.5675125122070312], [-0.9999420642852783, 0.009073602966964245, 0.005790614522993565, -0.053466796875], [0.0, 0.0, 0.0, 1.0]], [[-0.9237542152404785, 0.38298454880714417, -0.0009617111063562334, 0.9960250854492188], [-0.001123376190662384, -0.00522063160315156, -0.9999857544898987, 1.5476112365722656], [-0.3829840421676636, -0.9237399697303772, 0.005252816714346409, -0.1123046875], [0.0, 0.0, 0.0, 1.0]]], "view": [[0.0, -2.0, 100.0], [-2.0, 0.0, 100.0], [0.0, 0.0, 1.0]], "bev": "bev_a561719aa7bd46ad8ffd2934bbbf2c6e.png", "aux": "aux_a561719aa7bd46ad8ffd2934bbbf2c6e.npz", "visibility": "visibility_a561719aa7bd46ad8ffd2934bbbf2c6e.png", "pose": [[-0.8793015480041504, -0.47626543045043945, 0.0, 1706.7427978515625], [0.47626543045043945, -0.8793015480041504, 0.0, 1257.38671875], [0.0, 0.0, 1.0, 0.0], [0.0, 0.0, 0.0, 1.0]], "pose_inverse": [[-0.8793015480041504, 0.47626543045043945, 0.0, 901.8917846679688], [-0.47626543045043945, -0.8793015480041504, 0.0, 1918.4847412109375], [0.0, 0.0, 1.0, 0.0], [0.0, 0.0, 0.0, 1.0]], "cam_ids": [0, 1, 2, 3, 4, 5], "cam_channels": ["CAM_FRONT_LEFT", "CAM_FRONT", "CAM_FRONT_RIGHT", "CAM_BACK_LEFT", "CAM_BACK", "CAM_BACK_RIGHT"], "token": "a561719aa7bd46ad8ffd2934bbbf2c6e", "scene": "scene-0822"}, {"images": ["samples/CAM_FRONT_LEFT/n008-2018-09-18-15-26-58-0400__CAM_FRONT_LEFT__1537299529904799.jpg", "samples/CAM_FRONT/n008-2018-09-18-15-26-58-0400__CAM_FRONT__1537299529912404.jpg", "samples/CAM_FRONT_RIGHT/n008-2018-09-18-15-26-58-0400__CAM_FRONT_RIGHT__1537299529920482.jpg", "samples/CAM_BACK_LEFT/n008-2018-09-18-15-26-58-0400__CAM_BACK_LEFT__1537299529947405.jpg", "samples/CAM_BACK/n008-2018-09-18-15-26-58-0400__CAM_BACK__1537299529937558.jpg", "samples/CAM_BACK_RIGHT/n008-2018-09-18-15-26-58-0400__CAM_BACK_RIGHT__1537299529928113.jpg"], "intrinsics": [[[1257.8625342125129, 0.0, 827.2410631095686], [0.0, 1257.8625342125129, 450.915498205774], [0.0, 0.0, 1.0]], [[1252.8131021185304, 0.0, 826.588114781398], [0.0, 1252.8131021185304, 469.9846626224581], [0.0, 0.0, 1.0]], [[1256.7485116440405, 0.0, 817.7887570959712], [0.0, 1256.7485116440403, 451.9541780095127], [0.0, 0.0, 1.0]], [[1254.9860565800168, 0.0, 829.5769333630991], [0.0, 1254.9860565800168, 467.1680561863987], [0.0, 0.0, 1.0]], [[796.8910634503094, 0.0, 857.7774326863696], [0.0, 796.8910634503094, 476.8848988407415], [0.0, 0.0, 1.0]], [[1249.9629280788233, 0.0, 825.3768045375984], [0.0, 1249.9629280788233, 462.54816385708756], [0.0, 0.0, 1.0]]], "extrinsics": [[[0.8227813839912415, -0.5682065486907959, -0.013119850307703018, -0.6715087890625], [0.003201862797141075, 0.027717340737581253, -0.9996106624603271, 1.4895668029785156], [0.5683490633964539, 0.8224189877510071, 0.02462463080883026, -1.103759765625], [0.0, 0.0, 0.0, 1.0]], [[0.01073656976222992, -0.9996637105941772, -0.023603664711117744, 0.0096435546875], [0.005355197936296463, 0.023662172257900238, -0.9997056722640991, 1.4819450378417969], [0.9999279379844666, 0.010607047937810421, 0.005607448518276215, -1.398681640625], [0.0, 0.0, 0.0, 1.0]], [[-0.8437268733978271, -0.5364173054695129, -0.01952945627272129, 0.8692626953125], [0.013585483655333519, 0.015031225048005581, -0.9997946619987488, 1.4966316223144531], [0.5366007089614868, -0.8438190817832947, -0.005394761450588703, -1.135986328125], [0.0, 0.0, 0.0, 1.0]], [[0.947867751121521, 0.318661630153656, -0.0012266860576346517, -1.1309814453125], [-0.011475290171802044, 0.030286088585853577, -0.9994754195213318, 1.5618858337402344], [-0.31845739483833313, 0.9473845362663269, 0.03236394375562668, -0.1605224609375], [0.0, 0.0, 0.0, 1.0]], [[0.009046639315783978, 0.9997034072875977, 0.02261040359735489, -0.028076171875], [-0.009474297985434532, 0.022696005180478096, -0.9996974468231201, 1.5670661926269531], [-0.9999141693115234, 0.00882967934012413, 0.00967681035399437, -0.06024169921875], [0.0, 0.0, 0.0, 1.0]], [[-0.9238885641098022, 0.3826298713684082, 0.004930747672915459, 0.983154296875], [-0.00535120815038681, -3.460890366113745e-05, -0.9999856948852539, 1.546785831451416], [-0.3826242685317993, -0.9239016771316528, 0.0020795073360204697, -0.11669921875], [0.0, 0.0, 0.0, 1.0]]], "view": [[0.0, -2.0, 100.0], [-2.0, 0.0, 100.0], [0.0, 0.0, 1.0]], "bev": "bev_2be0eff635b64f799e1e153f1b6eac95.png", "aux": "aux_2be0eff635b64f799e1e153f1b6eac95.npz", "visibility": "visibility_2be0eff635b64f799e1e153f1b6eac95.png", "pose": [[-0.87594074010849, -0.4824187159538269, 0.0, 1702.879638671875], [0.4824187159538269, -0.87594074010849, 0.0, 1259.534912109375], [0.0, 0.0, 1.0, 0.0], [0.0, 0.0, 0.0, 1.0]], "pose_inverse": [[-0.87594074010849, 0.4824187159538269, 0.0, 883.9984741210938], [-0.4824187159538269, -0.87594074010849, 0.0, 1924.7789306640625], [0.0, 0.0, 1.0, 0.0], [0.0, 0.0, 0.0, 1.0]], "cam_ids": [0, 1, 2, 3, 4, 5], "cam_channels": ["CAM_FRONT_LEFT", "CAM_FRONT", "CAM_FRONT_RIGHT", "CAM_BACK_LEFT", "CAM_BACK", "CAM_BACK_RIGHT"], "token": "2be0eff635b64f799e1e153f1b6eac95", "scene": "scene-0822"}, {"images": ["samples/CAM_FRONT_LEFT/n008-2018-09-18-15-26-58-0400__CAM_FRONT_LEFT__1537299530404799.jpg", "samples/CAM_FRONT/n008-2018-09-18-15-26-58-0400__CAM_FRONT__1537299530412404.jpg", "samples/CAM_FRONT_RIGHT/n008-2018-09-18-15-26-58-0400__CAM_FRONT_RIGHT__1537299530420482.jpg", "samples/CAM_BACK_LEFT/n008-2018-09-18-15-26-58-0400__CAM_BACK_LEFT__1537299530447405.jpg", "samples/CAM_BACK/n008-2018-09-18-15-26-58-0400__CAM_BACK__1537299530437558.jpg", "samples/CAM_BACK_RIGHT/n008-2018-09-18-15-26-58-0400__CAM_BACK_RIGHT__1537299530428113.jpg"], "intrinsics": [[[1257.8625342125129, 0.0, 827.2410631095686], [0.0, 1257.8625342125129, 450.915498205774], [0.0, 0.0, 1.0]], [[1252.8131021185304, 0.0, 826.588114781398], [0.0, 1252.8131021185304, 469.9846626224581], [0.0, 0.0, 1.0]], [[1256.7485116440405, 0.0, 817.7887570959712], [0.0, 1256.7485116440403, 451.9541780095127], [0.0, 0.0, 1.0]], [[1254.9860565800168, 0.0, 829.5769333630991], [0.0, 1254.9860565800168, 467.1680561863987], [0.0, 0.0, 1.0]], [[796.8910634503094, 0.0, 857.7774326863696], [0.0, 796.8910634503094, 476.8848988407415], [0.0, 0.0, 1.0]], [[1249.9629280788233, 0.0, 825.3768045375984], [0.0, 1249.9629280788233, 462.54816385708756], [0.0, 0.0, 1.0]]], "extrinsics": [[[0.8227988481521606, -0.5682046413421631, -0.012063980102539062, -0.689453125], [0.008716369979083538, 0.03384067863225937, -0.9993892312049866, 1.4914932250976562], [0.5682658553123474, 0.8221911787986755, 0.03279675543308258, -1.11962890625], [0.0, 0.0, 0.0, 1.0]], [[0.010619600303471088, -0.9995042681694031, -0.029637500643730164, 0.0115966796875], [0.010576125234365463, 0.029749786481261253, -0.9995014071464539, 1.4834136962890625], [0.9998877048492432, 0.010300918482244015, 0.010886813513934612, -1.41888427734375], [0.0, 0.0, 0.0, 1.0]], [[-0.8438220024108887, -0.5359476208686829, -0.02691756747663021, 0.8836669921875], [0.018496261909604073, 0.021083075553178787, -0.9996066093444824, 1.4975852966308594], [0.536304235458374, -0.8439880013465881, -0.007877337746322155, -1.143310546875], [0.0, 0.0, 0.0, 1.0]], [[0.9479547739028931, 0.31837496161460876, 0.0043766857124865055, -1.1280517578125], [-0.00753879314288497, 0.0361841581761837, -0.9993166923522949, 1.5619125366210938], [-0.3183158338069916, 0.9472740888595581, 0.036701105535030365, -0.16162109375], [0.0, 0.0, 0.0, 1.0]], [[0.0091368043795228, 0.9995481371879578, 0.02863592654466629, -0.0289306640625], [-0.005135898478329182, 0.028683651238679886, -0.9995753169059753, 1.5675163269042969], [-0.9999451637268066, 0.008985781110823154, 0.005395653657615185, -0.055908203125], [0.0, 0.0, 0.0, 1.0]], [[-0.9237898588180542, 0.38288822770118713, 0.0029550641775131226, 0.9926071166992188], [-0.000706842343788594, 0.006012292113155127, -0.999981701374054, 1.5476741790771484], [-0.38289889693260193, -0.9237751364707947, -0.005283453036099672, -0.111572265625], [0.0, 0.0, 0.0, 1.0]]], "view": [[0.0, -2.0, 100.0], [-2.0, 0.0, 100.0], [0.0, 0.0, 1.0]], "bev": "bev_a5e86251f9db4f63a7624fa927c136ab.png", "aux": "aux_a5e86251f9db4f63a7624fa927c136ab.npz", "visibility": "visibility_a5e86251f9db4f63a7624fa927c136ab.png", "pose": [[-0.8729405403137207, -0.4878266453742981, 0.0, 1699.0601806640625], [0.4878266453742981, -0.8729405403137207, 0.0, 1261.68359375], [0.0, 0.0, 1.0, 0.0], [0.0, 0.0, 0.0, 1.0]], "pose_inverse": [[-0.8729405403137207, 0.4878266453742981, 0.0, 867.6956176757812], [-0.4878266453742981, -0.8729405403137207, 0.0, 1930.2215576171875], [0.0, 0.0, 1.0, 0.0], [0.0, 0.0, 0.0, 1.0]], "cam_ids": [0, 1, 2, 3, 4, 5], "cam_channels": ["CAM_FRONT_LEFT", "CAM_FRONT", "CAM_FRONT_RIGHT", "CAM_BACK_LEFT", "CAM_BACK", "CAM_BACK_RIGHT"], "token": "a5e86251f9db4f63a7624fa927c136ab", "scene": "scene-0822"}, {"images": ["samples/CAM_FRONT_LEFT/n008-2018-09-18-15-26-58-0400__CAM_FRONT_LEFT__1537299530854799.jpg", "samples/CAM_FRONT/n008-2018-09-18-15-26-58-0400__CAM_FRONT__1537299530862404.jpg", "samples/CAM_FRONT_RIGHT/n008-2018-09-18-15-26-58-0400__CAM_FRONT_RIGHT__1537299530870482.jpg", "samples/CAM_BACK_LEFT/n008-2018-09-18-15-26-58-0400__CAM_BACK_LEFT__1537299530897405.jpg", "samples/CAM_BACK/n008-2018-09-18-15-26-58-0400__CAM_BACK__1537299530887558.jpg", "samples/CAM_BACK_RIGHT/n008-2018-09-18-15-26-58-0400__CAM_BACK_RIGHT__1537299530878113.jpg"], "intrinsics": [[[1257.8625342125129, 0.0, 827.2410631095686], [0.0, 1257.8625342125129, 450.915498205774], [0.0, 0.0, 1.0]], [[1252.8131021185304, 0.0, 826.588114781398], [0.0, 1252.8131021185304, 469.9846626224581], [0.0, 0.0, 1.0]], [[1256.7485116440405, 0.0, 817.7887570959712], [0.0, 1256.7485116440403, 451.9541780095127], [0.0, 0.0, 1.0]], [[1254.9860565800168, 0.0, 829.5769333630991], [0.0, 1254.9860565800168, 467.1680561863987], [0.0, 0.0, 1.0]], [[796.8910634503094, 0.0, 857.7774326863696], [0.0, 796.8910634503094, 476.8848988407415], [0.0, 0.0, 1.0]], [[1249.9629280788233, 0.0, 825.3768045375984], [0.0, 1249.9629280788233, 462.54816385708756], [0.0, 0.0, 1.0]]], "extrinsics": [[[0.8223965764045715, -0.5686823725700378, -0.016252880915999413, -0.699615478515625], [0.0032414463348686695, 0.03325153514742851, -0.9994417428970337, 1.489501953125], [0.5689053535461426, 0.8218848705291748, 0.029189303517341614, -1.121826171875], [0.0, 0.0, 0.0, 1.0]], [[0.009962647221982479, -0.9995288252830505, -0.02903207764029503, 0.0081787109375], [0.005238070152699947, 0.02908528596162796, -0.9995632171630859, 1.4817886352539062], [0.9999366998672485, 0.00980630423873663, 0.005525367800146341, -1.426513671875], [0.0, 0.0, 0.0, 1.0]], [[-0.8441455364227295, -0.5356576442718506, -0.022114554420113564, 0.886962890625], [0.013270726427435875, 0.02035926841199398, -0.9997046589851379, 1.4962730407714844], [0.53594970703125, -0.8441898226737976, -0.010077619925141335, -1.1484375], [0.0, 0.0, 0.0, 1.0]], [[0.9478921294212341, 0.31859132647514343, -0.00012481426529120654, -1.1282958984375], [-0.012041357345879078, 0.03543467819690704, -0.9992994070053101, 1.5618438720703125], [-0.3183637261390686, 0.9472296237945557, 0.03742452338337898, -0.161376953125], [0.0, 0.0, 0.0, 1.0]], [[0.009386876598000526, 0.999567985534668, 0.027852769941091537, -0.02783203125], [-0.009902771562337875, 0.02794555574655533, -0.9995603561401367, 1.5670928955078125], [-0.9999068975448608, 0.009106970392167568, 0.010160814970731735, -0.05426025390625], [0.0, 0.0, 0.0, 1.0]], [[-0.9236648082733154, 0.38313063979148865, 0.007359138689935207, 0.9970359802246094], [-0.0057788267731666565, 0.005275523290038109, -0.9999693632125854, 1.5467901229858398], [-0.3831577003002167, -0.9236791133880615, -0.0026587708853185177, -0.111572265625], [0.0, 0.0, 0.0, 1.0]]], "view": [[0.0, -2.0, 100.0], [-2.0, 0.0, 100.0], [0.0, 0.0, 1.0]], "bev": "bev_60875bd0acd64136b978b7013b5244e1.png", "aux": "aux_60875bd0acd64136b978b7013b5244e1.npz", "visibility": "visibility_60875bd0acd64136b978b7013b5244e1.png", "pose": [[-0.8711775541305542, -0.49096810817718506, 0.0, 1695.762451171875], [0.49096810817718506, -0.8711775541305542, 0.0, 1263.5631103515625], [0.0, 0.0, 1.0, 0.0], [0.0, 0.0, 0.0, 1.0]], "pose_inverse": [[-0.8711775541305542, 0.49096810817718506, 0.0, 856.9409790039062], [-0.49096810817718506, -0.8711775541305542, 0.0, 1933.3531494140625], [0.0, 0.0, 1.0, 0.0], [0.0, 0.0, 0.0, 1.0]], "cam_ids": [0, 1, 2, 3, 4, 5], "cam_channels": ["CAM_FRONT_LEFT", "CAM_FRONT", "CAM_FRONT_RIGHT", "CAM_BACK_LEFT", "CAM_BACK", "CAM_BACK_RIGHT"], "token": "60875bd0acd64136b978b7013b5244e1", "scene": "scene-0822"}, {"images": ["samples/CAM_FRONT_LEFT/n008-2018-09-18-15-26-58-0400__CAM_FRONT_LEFT__1537299531354799.jpg", "samples/CAM_FRONT/n008-2018-09-18-15-26-58-0400__CAM_FRONT__1537299531362404.jpg", "samples/CAM_FRONT_RIGHT/n008-2018-09-18-15-26-58-0400__CAM_FRONT_RIGHT__1537299531370482.jpg", "samples/CAM_BACK_LEFT/n008-2018-09-18-15-26-58-0400__CAM_BACK_LEFT__1537299531397405.jpg", "samples/CAM_BACK/n008-2018-09-18-15-26-58-0400__CAM_BACK__1537299531387558.jpg", "samples/CAM_BACK_RIGHT/n008-2018-09-18-15-26-58-0400__CAM_BACK_RIGHT__1537299531378113.jpg"], "intrinsics": [[[1257.8625342125129, 0.0, 827.2410631095686], [0.0, 1257.8625342125129, 450.915498205774], [0.0, 0.0, 1.0]], [[1252.8131021185304, 0.0, 826.588114781398], [0.0, 1252.8131021185304, 469.9846626224581], [0.0, 0.0, 1.0]], [[1256.7485116440405, 0.0, 817.7887570959712], [0.0, 1256.7485116440403, 451.9541780095127], [0.0, 0.0, 1.0]], [[1254.9860565800168, 0.0, 829.5769333630991], [0.0, 1254.9860565800168, 467.1680561863987], [0.0, 0.0, 1.0]], [[796.8910634503094, 0.0, 857.7774326863696], [0.0, 796.8910634503094, 476.8848988407415], [0.0, 0.0, 1.0]], [[1249.9629280788233, 0.0, 825.3768045375984], [0.0, 1249.9629280788233, 462.54816385708756], [0.0, 0.0, 1.0]]], "extrinsics": [[[0.8231339454650879, -0.5676698684692383, -0.014194019138813019, -0.68243408203125], [0.005972128827124834, 0.03364912047982216, -0.9994158148765564, 1.4903564453125], [0.567815899848938, 0.822568416595459, 0.031087927520275116, -1.119873046875], [0.0, 0.0, 0.0, 1.0]], [[0.011157755739986897, -0.9995039701461792, -0.029449209570884705, 0.015380859375], [0.00802457332611084, 0.029539600014686584, -0.9995313882827759, 1.4825592041015625], [0.999905526638031, 0.010916216298937798, 0.008350186981260777, -1.41302490234375], [0.0, 0.0, 0.0, 1.0]], [[-0.8436107635498047, -0.5363828539848328, -0.024783985689282417, 0.880615234375], [0.016113780438899994, 0.020846346393227577, -0.9996528029441833, 1.4970283508300781], [0.5367133021354675, -0.8437172770500183, -0.008943047374486923, -1.1376953125], [0.0, 0.0, 0.0, 1.0]], [[0.947878360748291, 0.31862032413482666, 0.0027646441012620926, -1.1243896484375], [-0.00916469469666481, 0.0359354242682457, -0.9993120431900024, 1.5618324279785156], [-0.3185005187988281, 0.9472008943557739, 0.036982472985982895, -0.1630859375], [0.0, 0.0, 0.0, 1.0]], [[0.008961841464042664, 0.9995566010475159, 0.02839440293610096, -0.0301513671875], [-0.007088194601237774, 0.028458330780267715, -0.999569833278656, 1.5672492980957031], [-0.999934732913971, 0.00875668600