[{"images": ["samples/CAM_FRONT_LEFT/n008-2018-08-06-15-06-32-0400__CAM_FRONT_LEFT__1533582597154799.jpg", "samples/CAM_FRONT/n008-2018-08-06-15-06-32-0400__CAM_FRONT__1533582597162404.jpg", "samples/CAM_FRONT_RIGHT/n008-2018-08-06-15-06-32-0400__CAM_FRONT_RIGHT__1533582597170482.jpg", "samples/CAM_BACK_LEFT/n008-2018-08-06-15-06-32-0400__CAM_BACK_LEFT__1533582597197427.jpg", "samples/CAM_BACK/n008-2018-08-06-15-06-32-0400__CAM_BACK__1533582597187558.jpg", "samples/CAM_BACK_RIGHT/n008-2018-08-06-15-06-32-0400__CAM_BACK_RIGHT__1533582597178113.jpg"], "intrinsics": [[[1257.8625342125129, 0.0, 827.2410631095686], [0.0, 1257.8625342125129, 450.915498205774], [0.0, 0.0, 1.0]], [[1252.8131021185304, 0.0, 826.588114781398], [0.0, 1252.8131021185304, 469.9846626224581], [0.0, 0.0, 1.0]], [[1256.7485116440405, 0.0, 817.7887570959712], [0.0, 1256.7485116440403, 451.9541780095127], [0.0, 0.0, 1.0]], [[1254.9860565800168, 0.0, 829.5769333630991], [0.0, 1254.9860565800168, 467.1680561863987], [0.0, 0.0, 1.0]], [[796.8910634503094, 0.0, 857.7774326863696], [0.0, 796.8910634503094, 476.8848988407415], [0.0, 0.0, 1.0]], [[1249.9629280788233, 0.0, 825.3768045375984], [0.0, 1249.9629280788233, 462.54816385708756], [0.0, 0.0, 1.0]]], "extrinsics": [[[0.8224630951881409, -0.568669319152832, -0.013029214926064014, -0.963287353515625], [0.013566914945840836, 0.04251068830490112, -0.9990038871765137, 1.4889907836914062], [0.5686567425727844, 0.8214670419692993, 0.042678557336330414, -1.30419921875], [0.0, 0.0, 0.0, 1.0]], [[0.010201483964920044, -0.999216616153717, -0.03823680803179741, 0.005615234375], [0.015510053373873234, 0.0383923202753067, -0.9991424083709717, 1.4808197021484375], [0.9998276233673096, 0.009599674493074417, 0.015889562666416168, -1.6929931640625], [0.0, 0.0, 0.0, 1.0]], [[-0.8439164757728577, -0.5352815389633179, -0.03575720265507698, 1.0635986328125], [0.023511283099651337, 0.029685305431485176, -0.999282717704773, 1.4938240051269531], [0.5359591245651245, -0.8441519141197205, -0.012466765940189362, -1.2606201171875], [0.0, 0.0, 0.0, 1.0]], [[0.94790118932724, 0.31832244992256165, 0.012415179051458836, -1.14349365234375], [-0.001963196322321892, 0.044808659702539444, -0.9989936351776123, 1.562042236328125], [-0.31855836510658264, 0.9469228982925415, 0.043099112808704376, -0.1563720703125], [0.0, 0.0, 0.0, 1.0]], [[0.009233765304088593, 0.999261200428009, 0.037306882441043854, -0.0286865234375], [0.00019712404173333198, 0.03730665519833565, -0.9993038177490234, 1.5680580139160156], [-0.9999573230743408, 0.009234653785824776, 0.0001475014869356528, 0.03277587890625], [0.0, 0.0, 0.0, 1.0]], [[-0.9236551523208618, 0.3832213580608368, 0.0015173368155956268, 1.1396636962890625], [0.004424033686518669, 0.014621943235397339, -0.9998832941055298, 1.5479202270507812], [-0.3831988275051117, -0.9235407114028931, -0.015201020054519176, -0.052490234375], [0.0, 0.0, 0.0, 1.0]]], "view": [[0.0, -2.0, 100.0], [-2.0, 0.0, 100.0], [0.0, 0.0, 1.0]], "bev": "bev_29ec28cbaae6418b809b4e9449487795.png", "aux": "aux_29ec28cbaae6418b809b4e9449487795.npz", "visibility": "visibility_29ec28cbaae6418b809b4e9449487795.png", "pose": [[-0.75649094581604, -0.6540041565895081, 0.0, 1468.8203125], [0.6540041565895081, -0.75649094581604, 0.0, 905.5304565429688], [0.0, 0.0, 1.0, 0.0], [0.0, 0.0, 0.0, 1.0]], "pose_inverse": [[-0.75649094581604, 0.6540041565895081, 0.0, 518.9286499023438], [-0.6540041565895081, -0.75649094581604, 0.0, 1645.64013671875], [0.0, 0.0, 1.0, 0.0], [0.0, 0.0, 0.0, 1.0]], "cam_ids": [0, 1, 2, 3, 4, 5], "cam_channels": ["CAM_FRONT_LEFT", "CAM_FRONT", "CAM_FRONT_RIGHT", "CAM_BACK_LEFT", "CAM_BACK", "CAM_BACK_RIGHT"], "token": "29ec28cbaae6418b809b4e9449487795", "scene": "scene-0257"}, {"images": ["samples/CAM_FRONT_LEFT/n008-2018-08-06-15-06-32-0400__CAM_FRONT_LEFT__1533582597654799.jpg", "samples/CAM_FRONT/n008-2018-08-06-15-06-32-0400__CAM_FRONT__1533582597662404.jpg", "samples/CAM_FRONT_RIGHT/n008-2018-08-06-15-06-32-0400__CAM_FRONT_RIGHT__1533582597670482.jpg", "samples/CAM_BACK_LEFT/n008-2018-08-06-15-06-32-0400__CAM_BACK_LEFT__1533582597697407.jpg", "samples/CAM_BACK/n008-2018-08-06-15-06-32-0400__CAM_BACK__1533582597687558.jpg", "samples/CAM_BACK_RIGHT/n008-2018-08-06-15-06-32-0400__CAM_BACK_RIGHT__1533582597678113.jpg"], "intrinsics": [[[1257.8625342125129, 0.0, 827.2410631095686], [0.0, 1257.8625342125129, 450.915498205774], [0.0, 0.0, 1.0]], [[1252.8131021185304, 0.0, 826.588114781398], [0.0, 1252.8131021185304, 469.9846626224581], [0.0, 0.0, 1.0]], [[1256.7485116440405, 0.0, 817.7887570959712], [0.0, 1256.7485116440403, 451.9541780095127], [0.0, 0.0, 1.0]], [[1254.9860565800168, 0.0, 829.5769333630991], [0.0, 1254.9860565800168, 467.1680561863987], [0.0, 0.0, 1.0]], [[796.8910634503094, 0.0, 857.7774326863696], [0.0, 796.8910634503094, 476.8848988407415], [0.0, 0.0, 1.0]], [[1249.9629280788233, 0.0, 825.3768045375984], [0.0, 1249.9629280788233, 462.54816385708756], [0.0, 0.0, 1.0]]], "extrinsics": [[[0.8224524855613708, -0.5686742663383484, -0.013474496081471443, -0.9796142578125], [0.013962279073894024, 0.043862588703632355, -0.9989399909973145, 1.48870849609375], [0.5686624646186829, 0.8213926553726196, 0.04401487857103348, -1.3162841796875], [0.0, 0.0, 0.0, 1.0]], [[0.01018255203962326, -0.9991637468338013, -0.03959903120994568, 0.005859375], [0.015924910083413124, 0.03975810110569, -0.9990824460983276, 1.4805526733398438], [0.9998213052749634, 0.009542669169604778, 0.016316432505846024, -1.70965576171875], [0.0, 0.0, 0.0, 1.0]], [[-0.8439231514930725, -0.5351952314376831, -0.03687494993209839, 1.074462890625], [0.02395796962082386, 0.031068801879882812, -0.9992300271987915, 1.4935150146484375], [0.5359287858009338, -0.8441568613052368, -0.013397490605711937, -1.2672119140625], [0.0, 0.0, 0.0, 1.0]], [[0.9478970766067505, 0.31829410791397095, 0.013416796922683716, -1.14349365234375], [-0.0013920572819188237, 0.04625266045331955, -0.9989287853240967, 1.562042236328125], [-0.3185737133026123, 0.9468629360198975, 0.044285841286182404, -0.1561279296875], [0.0, 0.0, 0.0, 1.0]], [[0.009244809858500957, 0.999207079410553, 0.038728050887584686, -0.0289306640625], [0.0007240846753120422, 0.03872300311923027, -0.9992496967315674, 1.5680618286132812], [-0.9999570250511169, 0.009265830740332603, -0.00036552714300341904, 0.0372314453125], [0.0, 0.0, 0.0, 1.0]], [[-0.9236409664154053, 0.3832554817199707, 0.0016082312213256955, 1.1480712890625], [0.004906610120087862, 0.016020517796278, -0.9998595714569092, 1.5478763580322266], [-0.38322749733924866, -0.9235033988952637, -0.016677692532539368, -0.048828125], [0.0, 0.0, 0.0, 1.0]]], "view": [[0.0, -2.0, 100.0], [-2.0, 0.0, 100.0], [0.0, 0.0, 1.0]], "bev": "bev_6f0479ffda6c4baf8fb9ba6a36dc1970.png", "aux": "aux_6f0479ffda6c4baf8fb9ba6a36dc1970.npz", "visibility": "visibility_6f0479ffda6c4baf8fb9ba6a36dc1970.png", "pose": [[-0.7564594149589539, -0.6540406346321106, 0.0, 1468.4923095703125], [0.6540406346321106, -0.7564594149589539, 0.0, 905.8200073242188], [0.0, 0.0, 1.0, 0.0], [0.0, 0.0, 0.0, 1.0]], "pose_inverse": [[-0.7564594149589539, 0.6540406346321106, 0.0, 518.4118041992188], [-0.6540406346321106, -0.7564594149589539, 0.0, 1645.669677734375], [0.0, 0.0, 1.0, 0.0], [0.0, 0.0, 0.0, 1.0]], "cam_ids": [0, 1, 2, 3, 4, 5], "cam_channels": ["CAM_FRONT_LEFT", "CAM_FRONT", "CAM_FRONT_RIGHT", "CAM_BACK_LEFT", "CAM_BACK", "CAM_BACK_RIGHT"], "token": "6f0479ffda6c4baf8fb9ba6a36dc1970", "scene": "scene-0257"}, {"images": ["samples/CAM_FRONT_LEFT/n008-2018-08-06-15-06-32-0400__CAM_FRONT_LEFT__1533582598254799.jpg", "samples/CAM_FRONT/n008-2018-08-06-15-06-32-0400__CAM_FRONT__1533582598262404.jpg", "samples/CAM_FRONT_RIGHT/n008-2018-08-06-15-06-32-0400__CAM_FRONT_RIGHT__1533582598270482.jpg", "samples/CAM_BACK_LEFT/n008-2018-08-06-15-06-32-0400__CAM_BACK_LEFT__1533582598297405.jpg", "samples/CAM_BACK/n008-2018-08-06-15-06-32-0400__CAM_BACK__1533582598287558.jpg", "samples/CAM_BACK_RIGHT/n008-2018-08-06-15-06-32-0400__CAM_BACK_RIGHT__1533582598278113.jpg"], "intrinsics": [[[1257.8625342125129, 0.0, 827.2410631095686], [0.0, 1257.8625342125129, 450.915498205774], [0.0, 0.0, 1.0]], [[1252.8131021185304, 0.0, 826.588114781398], [0.0, 1252.8131021185304, 469.9846626224581], [0.0, 0.0, 1.0]], [[1256.7485116440405, 0.0, 817.7887570959712], [0.0, 1256.7485116440403, 451.9541780095127], [0.0, 0.0, 1.0]], [[1254.9860565800168, 0.0, 829.5769333630991], [0.0, 1254.9860565800168, 467.1680561863987], [0.0, 0.0, 1.0]], [[796.8910634503094, 0.0, 857.7774326863696], [0.0, 796.8910634503094, 476.8848988407415], [0.0, 0.0, 1.0]], [[1249.9629280788233, 0.0, 825.3768045375984], [0.0, 1249.9629280788233, 462.54816385708756], [0.0, 0.0, 1.0]]], "extrinsics": [[[0.8225225210189819, -0.5685742497444153, -0.013418384827673435, -0.993408203125], [0.014279624447226524, 0.04423203691840172, -0.9989191889762878, 1.48846435546875], [0.5685532689094543, 0.8214419484138489, 0.04450087249279022, -1.325927734375], [0.0, 0.0, 0.0, 1.0]], [[0.01029190607368946, -0.9991487860679626, -0.03994880989193916, 0.0059814453125], [0.01622801460325718, 0.04011255502700806, -0.9990634322166443, 1.4803314208984375], [0.9998152852058411, 0.009634014219045639, 0.016627036035060883, -1.7235107421875], [0.0, 0.0, 0.0, 1.0]], [[-0.8438706994056702, -0.5352477431297302, -0.03731084242463112, 1.0836181640625], [0.02424703910946846, 0.03142483904957771, -0.9992119669914246, 1.4932632446289062], [0.5359984040260315, -0.844110369682312, -0.013540329411625862, -1.2728271484375], [0.0, 0.0, 0.0, 1.0]], [[0.9478952884674072, 0.31828442215919495, 0.013764424249529839, -1.1436767578125], [-0.0011405085679143667, 0.0465952605009079, -0.9989132285118103, 1.562042236328125], [-0.31857991218566895, 0.9468494653701782, 0.044530436396598816, -0.1561279296875], [0.0, 0.0, 0.0, 1.0]], [[0.009209303185343742, 0.999193549156189, 0.03908132389187813, -0.02880859375], [0.0009747219737619162, 0.039073992520570755, -0.9992358088493347, 1.5680618286132812], [-0.9999570846557617, 0.009240343235433102, -0.0006140912300907075, 0.04107666015625], [0.0, 0.0, 0.0, 1.0]], [[-0.923662543296814, 0.3832038938999176, 0.0014895466156303883, 1.154937744140625], [0.005181264132261276, 0.01637527160346508, -0.9998525381088257, 1.5478382110595703], [-0.3831717073917389, -0.9235185980796814, -0.017110705375671387, -0.0457763671875], [0.0, 0.0, 0.0, 1.0]]], "view": [[0.0, -2.0, 100.0], [-2.0, 0.0, 100.0], [0.0, 0.0, 1.0]], "bev": "bev_0af606d05387402c98d942f611b0cc40.png", "aux": "aux_0af606d05387402c98d942f611b0cc40.npz", "visibility": "visibility_0af606d05387402c98d942f611b0cc40.png", "pose": [[-0.7566283345222473, -0.6538451910018921, 0.0, 1468.29638671875], [0.6538451910018921, -0.7566283345222473, 0.0, 905.998779296875], [0.0, 0.0, 1.0, 0.0], [0.0, 0.0, 0.0, 1.0]], "pose_inverse": [[-0.7566283345222473, 0.6538451910018921, 0.0, 518.5717163085938], [-0.6538451910018921, -0.7566283345222473, 0.0, 1645.54296875], [0.0, 0.0, 1.0, 0.0], [0.0, 0.0, 0.0, 1.0]], "cam_ids": [0, 1, 2, 3, 4, 5], "cam_channels": ["CAM_FRONT_LEFT", "CAM_FRONT", "CAM_FRONT_RIGHT", "CAM_BACK_LEFT", "CAM_BACK", "CAM_BACK_RIGHT"], "token": "0af606d05387402c98d942f611b0cc40", "scene": "scene-0257"}, {"images": ["samples/CAM_FRONT_LEFT/n008-2018-08-06-15-06-32-0400__CAM_FRONT_LEFT__1533582598754799.jpg", "samples/CAM_FRONT/n008-2018-08-06-15-06-32-0400__CAM_FRONT__1533582598762404.jpg", "samples/CAM_FRONT_RIGHT/n008-2018-08-06-15-06-32-0400__CAM_FRONT_RIGHT__1533582598770482.jpg", "samples/CAM_BACK_LEFT/n008-2018-08-06-15-06-32-0400__CAM_BACK_LEFT__1533582598797405.jpg", "samples/CAM_BACK/n008-2018-08-06-15-06-32-0400__CAM_BACK__1533582598787558.jpg", "samples/CAM_BACK_RIGHT/n008-2018-08-06-15-06-32-0400__CAM_BACK_RIGHT__1533582598778113.jpg"], "intrinsics": [[[1257.8625342125129, 0.0, 827.2410631095686], [0.0, 1257.8625342125129, 450.915498205774], [0.0, 0.0, 1.0]], [[1252.8131021185304, 0.0, 826.588114781398], [0.0, 1252.8131021185304, 469.9846626224581], [0.0, 0.0, 1.0]], [[1256.7485116440405, 0.0, 817.7887570959712], [0.0, 1256.7485116440403, 451.9541780095127], [0.0, 0.0, 1.0]], [[1254.9860565800168, 0.0, 829.5769333630991], [0.0, 1254.9860565800168, 467.1680561863987], [0.0, 0.0, 1.0]], [[796.8910634503094, 0.0, 857.7774326863696], [0.0, 796.8910634503094, 476.8848988407415], [0.0, 0.0, 1.0]], [[1249.9629280788233, 0.0, 825.3768045375984], [0.0, 1249.9629280788233, 462.54816385708756], [0.0, 0.0, 1.0]]], "extrinsics": [[[0.8224850296974182, -0.5686308145523071, -0.013318018056452274, -0.999053955078125], [0.014594205655157566, 0.044505007565021515, -0.9989025592803955, 1.4884033203125], [0.5685994625091553, 0.8213880062103271, 0.04490341618657112, -1.329345703125], [0.0, 0.0, 0.0, 1.0]], [[0.010249046608805656, -0.9991379380226135, -0.04022718220949173, 0.0054931640625], [0.016559457406401634, 0.040393367409706116, -0.9990466833114624, 1.480255126953125], [0.9998102784156799, 0.0095731345936656, 0.01695917546749115, -1.72882080078125], [0.0, 0.0, 0.0, 1.0]], [[-0.8438788056373596, -0.5352054834365845, -0.03773162513971329, 1.0869140625], [0.024576226249337196, 0.03169233724474907, -0.9991954565048218, 1.4931869506835938], [0.5359706878662109, -0.8441271781921387, -0.01359116192907095, -1.2750244140625], [0.0, 0.0, 0.0, 1.0]], [[0.9478930830955505, 0.31827306747436523, 0.014173440635204315, -1.14385986328125], [-0.0007928842678666115, 0.046844836324453354, -0.9989018440246582, 1.562042236328125], [-0.3185875117778778, 0.9468409419059753, 0.04465625062584877, -0.1561279296875], [0.0, 0.0, 0.0, 1.0]], [[0.009213210083544254, 0.9991834759712219, 0.039338819682598114, -0.02880859375], [0.0013328607892617583, 0.039328183978796005, -0.9992254376411438, 1.5680618286132812], [-0.9999567270278931, 0.009258592501282692, -0.0009694343316368759, 0.042510986328125], [0.0, 0.0, 0.0, 1.0]], [[-0.9236522912979126, 0.38322940468788147, 0.0012737708166241646, 1.1576385498046875], [0.005522486753761768, 0.016633465886116028, -0.9998463988304138, 1.547830581665039], [-0.38319164514541626, -0.9235034584999084, -0.017479917034506798, -0.0447998046875], [0.0, 0.0, 0.0, 1.0]]], "view": [[0.0, -2.0, 100.0], [-2.0, 0.0, 100.0], [0.0, 0.0, 1.0]], "bev": "bev_6e24349d1a3f428ea4e85cee19f6d30b.png", "aux": "aux_6e24349d1a3f428ea4e85cee19f6d30b.npz", "visibility": "visibility_6e24349d1a3f428ea4e85cee19f6d30b.png", "pose": [[-0.7567129731178284, -0.6537472605705261, 0.0, 1468.206787109375], [0.6537472605705261, -0.7567129731178284, 0.0, 906.0806884765625], [0.0, 0.0, 1.0, 0.0], [0.0, 0.0, 0.0, 1.0]], "pose_inverse": [[-0.7567129731178284, 0.6537472605705261, 0.0, 518.663330078125], [-0.6537472605705261, -0.7567129731178284, 0.0, 1645.4791259765625], [0.0, 0.0, 1.0, 0.0], [0.0, 0.0, 0.0, 1.0]], "cam_ids": [0, 1, 2, 3, 4, 5], "cam_channels": ["CAM_FRONT_LEFT", "CAM_FRONT", "CAM_FRONT_RIGHT", "CAM_BACK_LEFT", "CAM_BACK", "CAM_BACK_RIGHT"], "token": "6e24349d1a3f428ea4e85cee19f6d30b", "scene": "scene-0257"}, {"images": ["samples/CAM_FRONT_LEFT/n008-2018-08-06-15-06-32-0400__CAM_FRONT_LEFT__1533582599254799.jpg", "samples/CAM_FRONT/n008-2018-08-06-15-06-32-0400__CAM_FRONT__1533582599262404.jpg", "samples/CAM_FRONT_RIGHT/n008-2018-08-06-15-06-32-0400__CAM_FRONT_RIGHT__1533582599270482.jpg", "samples/CAM_BACK_LEFT/n008-2018-08-06-15-06-32-0400__CAM_BACK_LEFT__1533582599297405.jpg", "samples/CAM_BACK/n008-2018-08-06-15-06-32-0400__CAM_BACK__1533582599287558.jpg", "samples/CAM_BACK_RIGHT/n008-2018-08-06-15-06-32-0400__CAM_BACK_RIGHT__1533582599278113.jpg"], "intrinsics": [[[1257.8625342125129, 0.0, 827.2410631095686], [0.0, 1257.8625342125129, 450.915498205774], [0.0, 0.0, 1.0]], [[1252.8131021185304, 0.0, 826.588114781398], [0.0, 1252.8131021185304, 469.9846626224581], [0.0, 0.0, 1.0]], [[1256.7485116440405, 0.0, 817.7887570959712], [0.0, 1256.7485116440403, 451.9541780095127], [0.0, 0.0, 1.0]], [[1254.9860565800168, 0.0, 829.5769333630991], [0.0, 1254.9860565800168, 467.1680561863987], [0.0, 0.0, 1.0]], [[796.8910634503094, 0.0, 857.7774326863696], [0.0, 796.8910634503094, 476.8848988407415], [0.0, 0.0, 1.0]], [[1249.9629280788233, 0.0, 825.3768045375984], [0.0, 1249.9629280788233, 462.54816385708756], [0.0, 0.0, 1.0]]], "extrinsics": [[[0.8225176334381104, -0.5686051249504089, -0.012369810603559017, -1.005767822265625], [0.01566251926124096, 0.044387221336364746, -0.9988915920257568, 1.4882736206054688], [0.5685239434242249, 0.8214122653007507, 0.045415058732032776, -1.3341064453125], [0.0, 0.0, 0.0, 1.0]], [[0.010315265506505966, -0.999143123626709, -0.04008253663778305, 0.0054931640625], [0.017630767077207565, 0.04026016965508461, -0.9990336298942566, 1.4801406860351562], [0.9997913837432861, 0.00959859136492014, 0.018030954524874687, -1.7354736328125], [0.0, 0.0, 0.0, 1.0]], [[-0.8438301682472229, -0.5352208614349365, -0.038592223078012466, 1.0911865234375], [0.025671131908893585, 0.031572356820106506, -0.9991717338562012, 1.4930572509765625], [0.5359960198402405, -0.8441219925880432, -0.012901981361210346, -1.27783203125], [0.0, 0.0, 0.0, 1.0]], [[0.9478809237480164, 0.3182627856731415, 0.015185901895165443, -1.1439208984375], [0.0003098487213719636, 0.046740010380744934, -0.9989070296287537, 1.562042236328125], [-0.3186247646808624, 0.9468496441841125, 0.04420534893870354, -0.1561279296875], [0.0, 0.0, 0.0, 1.0]], [[0.009173116646707058, 0.9991877675056458, 0.03923887759447098, -0.02880859375], [0.0024268070701509714, 0.03921816870570183, -0.9992277026176453, 1.5680618286132812], [-0.9999549984931946, 0.009261314757168293, -0.002065083011984825, 0.044403076171875], [0.0, 0.0, 0.0, 1.0]], [[-0.9236552119255066, 0.3832245171070099, 0.00021712984016630799, 1.161041259765625], [0.006618553306907415, 0.016518665477633476, -0.9998416304588318, 1.5478096008300781], [-0.3831673860549927, -0.9235074520111084, -0.017793945968151093, -0.0435791015625], [0.0, 0.0, 0.0, 1.0]]], "view": [[0.0, -2.0, 100.0], [-2.0, 0.0, 100.0], [0.0, 0.0, 1.0]], "bev": "bev_80a752ba411441d8831c25042ea2bdd2.png", "aux": "aux_80a752ba411441d8831c25042ea2bdd2.npz", "visibility": "visibility_80a752ba411441d8831c25042ea2bdd2.png", "pose": [[-0.756865382194519, -0.653570830821991, 0.0, 1468.189208984375], [0.653570830821991, -0.756865382194519, 0.0, 906.0985107421875], [0.0, 0.0, 1.0, 0.0], [0.0, 0.0, 0.0, 1.0]], "pose_inverse": [[-0.756865382194519, 0.653570830821991, 0.0, 519.0220336914062], [-0.653570830821991, -0.756865382194519, 0.0, 1645.3602294921875], [0.0, 0.0, 1.0, 0.0], [0.0, 0.0, 0.0, 1.0]], "cam_ids": [0, 1, 2, 3, 4, 5], "cam_channels": ["CAM_FRONT_LEFT", "CAM_FRONT", "CAM_FRONT_RIGHT", "CAM_BACK_LEFT", "CAM_BACK", "CAM_BACK_RIGHT"], "token": "80a752ba411441d8831c25042ea2bdd2", "scene": "scene-0257"}, {"images": ["samples/CAM_FRONT_LEFT/n008-2018-08-06-15-06-32-0400__CAM_FRONT_LEFT__1533582599754799.jpg", "samples/CAM_FRONT/n008-2018-08-06-15-06-32-0400__CAM_FRONT__1533582599762404.jpg", "samples/CAM_FRONT_RIGHT/n008-2018-08-06-15-06-32-0400__CAM_FRONT_RIGHT__1533582599770482.jpg", "samples/CAM_BACK_LEFT/n008-2018-08-06-15-06-32-0400__CAM_BACK_LEFT__1533582599797405.jpg", "samples/CAM_BACK/n008-2018-08-06-15-06-32-0400__CAM_BACK__1533582599787558.jpg", "samples/CAM_BACK_RIGHT/n008-2018-08-06-15-06-32-0400__CAM_BACK_RIGHT__1533582599778113.jpg"], "intrinsics": [[[1257.8625342125129, 0.0, 827.2410631095686], [0.0, 1257.8625342125129, 450.915498205774], [0.0, 0.0, 1.0]], [[1252.8131021185304, 0.0, 826.588114781398], [0.0, 1252.8131021185304, 469.9846626224581], [0.0, 0.0, 1.0]], [[1256.7485116440405, 0.0, 817.7887570959712], [0.0, 1256.7485116440403, 451.9541780095127], [0.0, 0.0, 1.0]], [[1254.9860565800168, 0.0, 829.5769333630991], [0.0, 1254.9860565800168, 467.1680561863987], [0.0, 0.0, 1.0]], [[796.8910634503094, 0.0, 857.7774326863696], [0.0, 796.8910634503094, 476.8848988407415], [0.0, 0.0, 1.0]], [[1249.9629280788233, 0.0, 825.3768045375984], [0.0, 1249.9629280788233, 462.54816385708756], [0.0, 0.0, 1.0]]], "extrinsics": [[[0.8224995732307434, -0.5686459541320801, -0.01167192030698061, -1.005126953125], [0.016359876841306686, 0.04416625201702118, -0.998890221118927, 1.48828125], [0.5685303807258606, 0.8213959336280823, 0.045629698783159256, -1.3336181640625], [0.0, 0.0, 0.0, 1.0]], [[0.010302775539457798, -0.999151885509491, -0.03986716270446777, 0.005615234375], [0.018322205170989037, 0.04005121812224388, -0.9990296363830566, 1.4801559448242188], [0.9997789859771729, 0.009562402963638306, 0.018719306215643883, -1.73480224609375], [0.0, 0.0, 0.0, 1.0]], [[-0.8438223600387573, -0.535200834274292, -0.03903679922223091, 1.0906982421875], [0.026332395151257515, 0.03136054798960686, -0.9991611838340759, 1.4930648803710938], [0.5359761118888855, -0.844142496585846, -0.012369615957140923, -1.277587890625], [0.0, 0.0, 0.0, 1.0]], [[0.9478718042373657, 0.3182610273361206, 0.015775686129927635, -1.143798828125], [0.0009948334190994501, 0.04655171558260918, -0.9989153742790222, 1.562042236328125], [-0.3186503052711487, 0.9468594789505005, 0.04380844160914421, -0.156005859375], [0.0, 0.0, 0.0, 1.0]], [[0.009163087233901024, 0.9991950392723083, 0.039055511355400085, -0.0286865234375], [0.0031010457314550877, 0.03902856633067131, -0.9992332458496094, 1.5680694580078125], [-0.9999532699584961, 0.00927715003490448, -0.0027409300673753023, 0.04437255859375], [0.0, 0.0, 0.0, 1.0]], [[-0.9236451387405396, 0.3832484483718872, -0.00047131613246165216, 1.1606903076171875], [0.0072782463394105434, 0.016311289742588997, -0.999840497970581, 1.5478096008300781], [-0.38317957520484924, -0.9235012531280518, -0.017855221405625343, -0.0435791015625], [0.0, 0.0, 0.0, 1.0]]], "view": [[0.0, -2.0, 100.0], [-2.0, 0.0, 100.0], [0.0, 0.0, 1.0]], "bev": "bev_f561e8dd2fcd452eb2e9e0ab87b38b0f.png", "aux": "aux_f561e8dd2fcd452eb2e9e0ab87b38b0f.npz", "visibility": "visibility_f561e8dd2fcd452eb2e9e0ab87b38b0f.png", "pose": [[-0.7568961977958679, -0.6535351276397705, 0.0, 1468.1951904296875], [0.6535351276397705, -0.7568961977958679, 0.0, 906.0955200195312], [0.0, 0.0, 1.0, 0.0], [0.0, 0.0, 0.0, 1.0]], "pose_inverse": [[-0.7568961977958679, 0.6535351276397705, 0.0, 519.1060791015625], [-0.6535351276397705, -0.7568961977958679, 0.0, 1645.33740234375], [0.0, 0.0, 1.0, 0.0], [0.0, 0.0, 0.0, 1.0]], "cam_ids": [0, 1, 2, 3, 4, 5], "cam_channels": ["CAM_FRONT_LEFT", "CAM_FRONT", "CAM_FRONT_RIGHT", "CAM_BACK_LEFT", "CAM_BACK", "CAM_BACK_RIGHT"], "token": "f561e8dd2fcd452eb2e9e0ab87b38b0f", "scene": "scene-0257"}, {"images": ["samples/CAM_FRONT_LEFT/n008-2018-08-06-15-06-32-0400__CAM_FRONT_LEFT__1533582600254799.jpg", "samples/CAM_FRONT/n008-2018-08-06-15-06-32-0400__CAM_FRONT__1533582600262404.jpg", "samples/CAM_FRONT_RIGHT/n008-2018-08-06-15-06-32-0400__CAM_FRONT_RIGHT__1533582600270482.jpg", "samples/CAM_BACK_LEFT/n008-2018-08-06-15-06-32-0400__CAM_BACK_LEFT__1533582600297405.jpg", "samples/CAM_BACK/n008-2018-08-06-15-06-32-0400__CAM_BACK__1533582600287558.jpg", "samples/CAM_BACK_RIGHT/n008-2018-08-06-15-06-32-0400__CAM_BACK_RIGHT__1533582600278113.jpg"], "intrinsics": [[[1257.8625342125129, 0.0, 827.2410631095686], [0.0, 1257.8625342125129, 450.915498205774], [0.0, 0.0, 1.0]], [[1252.8131021185304, 0.0, 826.588114781398], [0.0, 1252.8131021185304, 469.9846626224581], [0.0, 0.0, 1.0]], [[1256.7485116440405, 0.0, 817.7887570959712], [0.0, 1256.7485116440403, 451.9541780095127], [0.0, 0.0, 1.0]], [[1254.9860565800168, 0.0, 829.5769333630991], [0.0, 1254.9860565800168, 467.1680561863987], [0.0, 0.0, 1.0]], [[796.8910634503094, 0.0, 857.7774326863696], [0.0, 796.8910634503094, 476.8848988407415], [0.0, 0.0, 1.0]], [[1249.9629280788233, 0.0, 825.3768045375984], [0.0, 1249.9629280788233, 462.54816385708756], [0.0, 0.0, 1.0]]], "extrinsics": [[[0.8225468993186951, -0.5685779452323914, -0.0116538992151618, -1.004852294921875], [0.01653972454369068, 0.0444011427462101, -0.9988768696784973, 1.4882888793945312], [0.568456768989563, 0.8214303851127625, 0.04592613875865936, -1.3333740234375], [0.0, 0.0, 0.0, 1.0]], [[0.010377972386777401, -0.999141275882721, -0.040111392736434937, 0.0054931640625], [0.01849847473204136, 0.040298521518707275, -0.9990164637565613, 1.48016357421875], [0.9997749924659729, 0.009625758975744247, 0.018900806084275246, -1.734619140625], [0.0, 0.0, 0.0, 1.0]], [[-0.8437849283218384, -0.5352392196655273, -0.039320532232522964, 1.0906982421875], [0.026528095826506615, 0.03158039599657059, -0.9991491436958313, 1.4930801391601562], [0.5360254645347595, -0.8441100120544434, -0.012448188848793507, -1.277587890625], [0.0, 0.0, 0.0, 1.0]], [[0.9478702545166016, 0.3182559311389923, 0.015976114198565483, -1.1439208984375], [0.0011564478045329452, 0.04669986665248871, -0.9989083409309387, 1.562042236328125], [-0.3186545968055725, 0.9468539357185364, 0.0438973642885685, -0.1561279296875], [0.0, 0.0, 0.0, 1.0]], [[0.00913656409829855, 0.9991884827613831, 0.0392279289662838, -0.02880859375], [0.0032875423785299063, 0.0391993373632431, -0.9992259740829468, 1.56805419921875], [-0.9999529123306274, 0.009258421137928963, -0.002926727058365941, 0.044281005859375], [0.0, 0.0, 0.0, 1.0]], [[-0.923660397529602, 0.3832117021083832, -0.0005833188770338893, 1.1605682373046875], [0.007482233922928572, 0.016512593254446983, -0.9998356103897095, 1.5478076934814453], [-0.383139044046402, -0.923512876033783, -0.01811930723488331, -0.043701171875], [0.0, 0.0, 0.0, 1.0]]], "view": [[0.0, -2.0, 100.0], [-2.0, 0.0, 100.0], [0.0, 0.0, 1.0]], "bev": "bev_6c974e3ae7414a89aebe5c2362208f3d.png", "aux": "aux_6c974e3ae7414a89aebe5c2362208f3d.npz", "visibility": "visibility_6c974e3ae7414a89aebe5c2362208f3d.png", "pose": [[-0.7569301724433899, -0.6534957885742188, 0.0, 1468.1964111328125], [0.6534957885742188, -0.7569301724433899, 0.0, 906.0962524414062], [0.0, 0.0, 1.0, 0.0], [0.0, 0.0, 0.0, 1.0]], "pose_inverse": [[-0.7569301724433899, 0.6534957885742188, 0.0, 519.1920776367188], [-0.6534957885742188, -0.7569301724433899, 0.0, 1645.311767578125], [0.0, 0.0, 1.0, 0.0], [0.0, 0.0, 0.0, 1.0]], "cam_ids": [0, 1, 2, 3, 4, 5], "cam_channels": ["CAM_FRONT_LEFT", "CAM_FRONT", "CAM_FRONT_RIGHT", "CAM_BACK_LEFT", "CAM_BACK", "CAM_BACK_RIGHT"], "token": "6c974e3ae7414a89aebe5c2362208f3d", "scene": "scene-0257"}, {"images": ["samples/CAM_FRONT_LEFT/n008-2018-08-06-15-06-32-0400__CAM_FRONT_LEFT__1533582600754799.jpg", "samples/CAM_FRONT/n008-2018-08-06-15-06-32-0400__CAM_FRONT__1533582600762404.jpg", "samples/CAM_FRONT_RIGHT/n008-2018-08-06-15-06-32-0400__CAM_FRONT_RIGHT__1533582600770482.jpg", "samples/CAM_BACK_LEFT/n008-2018-08-06-15-06-32-0400__CAM_BACK_LEFT__1533582600797405.jpg", "samples/CAM_BACK/n008-2018-08-06-15-06-32-0400__CAM_BACK__1533582600787558.jpg", "samples/CAM_BACK_RIGHT/n008-2018-08-06-15-06-32-0400__CAM_BACK_RIGHT__1533582600778113.jpg"], "intrinsics": [[[1257.8625342125129, 0.0, 827.2410631095686], [0.0, 1257.8625342125129, 450.915498205774], [0.0, 0.0, 1.0]], [[1252.8131021185304, 0.0, 826.588114781398], [0.0, 1252.8131021185304, 469.9846626224581], [0.0, 0.0, 1.0]], [[1256.7485116440405, 0.0, 817.7887570959712], [0.0, 1256.7485116440403, 451.9541780095127], [0.0, 0.0, 1.0]], [[1254.9860565800168, 0.0, 829.5769333630991], [0.0, 1254.9860565800168, 467.1680561863987], [0.0, 0.0, 1.0]], [[796.8910634503094, 0.0, 857.7774326863696], [0.0, 796.8910634503094, 476.8848988407415], [0.0, 0.0, 1.0]], [[1249.9629280788233, 0.0, 825.3768045375984], [0.0, 1249.9629280788233, 462.54816385708756], [0.0, 0.0, 1.0]]], "extrinsics": [[[0.8225044012069702, -0.5686410069465637, -0.01157621294260025, -1.0050048828125], [0.016562124714255333, 0.04429100826382637, -0.9988813996315002, 1.4882965087890625], [0.5685176849365234, 0.8213925957679749, 0.04584744945168495, -1.3333740234375], [0.0, 0.0, 0.0, 1.0]], [[0.010319656692445278, -0.9991469383239746, -0.039984919130802155, 0.0052490234375], [0.018519314005970955, 0.04017116129398346, -0.9990211725234985, 1.48016357421875], [0.999775230884552, 0.009568990208208561, 0.018918069079518318, -1.73455810546875], [0.0, 0.0, 0.0, 1.0]], [[-0.8438065648078918, -0.535207986831665, -0.039279937744140625, 1.0904541015625], [0.026544975116848946, 0.03147897869348526, -0.9991518259048462, 1.493072509765625], [0.5359905958175659, -0.8441336154937744, -0.012355084531009197, -1.277587890625], [0.0, 0.0, 0.0, 1.0]], [[0.9478704929351807, 0.31825512647628784, 0.015976278111338615, -1.1439208984375], [0.0011802475200966, 0.046629782766103745, -0.9989114999771118, 1.5620346069335938], [-0.31865373253822327, 0.9468576908111572, 0.043823372572660446, -0.15625], [0.0, 0.0, 0.0, 1.0]], [[0.0091511569917202, 0.9991915225982666, 0.03914805129170418, -0.02880859375], [0.003297708695754409, 0.03911932185292244, -0.9992290735244751, 1.5680618286132812], [-0.9999527335166931, 0.009273255243897438, -0.002937055192887783, 0.04425048828125], [0.0, 0.0, 0.0, 1.0]], [[-0.923649251461029, 0.3832384943962097, -0.0006205983809195459, 1.160491943359375], [0.007486036978662014, 0.01642313040792942, -0.9998371005058289, 1.547811508178711], [-0.38316580653190613, -0.9235034584999084, -0.018038149923086166, -0.0435791015625], [0.0, 0.0, 0.0, 1.0]]], "view": [[0.0, -2.0, 100.0], [-2.0, 0.0, 100.0], [0.0, 0.0, 1.0]], "bev": "bev_a67b80ee782d4785bb0bc843937309e8.png", "aux": "aux_a67b80ee782d4785bb0bc843937309e8.npz", "visibility": "visibility_a67b80ee782d4785bb0bc843937309e8.png", "pose": [[-0.7569843530654907, -0.6534330248832703, 0.0, 1468.1971435546875], [0.6534330248832703, -0.7569843530654907, 0.0, 906.0971069335938], [0.0, 0.0, 1.0, 0.0], [0.0, 0.0, 0.0, 1.0]], "pose_inverse": [[-0.7569843530654907, 0.6534330248832703, 0.0, 519.3284912109375], [-0.6534330248832703, -0.7569843530654907, 0.0, 1645.269775390625], [0.0, 0.0, 1.0, 0.0], [0.0, 0.0, 0.0, 1.0]], "cam_ids": [0, 1, 2, 3, 4, 5], "cam_channels": ["CAM_FRONT_LEFT", "CAM_FRONT", "CAM_FRONT_RIGHT", "CAM_BACK_LEFT", "CAM_BACK", "CAM_BACK_RIGHT"], "token": "a67b80ee782d4785bb0bc843937309e8", "scene": "scene-0257"}, {"images": ["samples/CAM_FRONT_LEFT/n008-2018-08-06-15-06-32-0400__CAM_FRONT_LEFT__1533582601254799.jpg", "samples/CAM_FRONT/n008-2018-08-06-15-06-32-0400__CAM_FRONT__1533582601262404.jpg", "samples/CAM_FRONT_RIGHT/n008-2018-08-06-15-06-32-0400__CAM_FRONT_RIGHT__1533582601270482.jpg", "samples/CAM_BACK_LEFT/n008-2018-08-06-15-06-32-0400__CAM_BACK_LEFT__1533582601297405.jpg", "samples/CAM_BACK/n008-2018-08-06-15-06-32-0400__CAM_BACK__1533582601287558.jpg", "samples/CAM_BACK_RIGHT/n008-2018-08-06-15-06-32-0400__CAM_BACK_RIGHT__1533582601278113.jpg"], "intrinsics": [[[1257.8625342125129, 0.0, 827.2410631095686], [0.0, 1257.8625342125129, 450.915498205774], [0.0, 0.0, 1.0]], [[1252.8131021185304, 0.0, 826.588114781398], [0.0, 1252.8131021185304, 469.9846626224581], [0.0, 0.0, 1.0]], [[1256.7485116440405, 0.0, 817.7887570959712], [0.0, 1256.7485116440403, 451.9541780095127], [0.0, 0.0, 1.0]], [[1254.9860565800168, 0.0, 829.5769333630991], [0.0, 1254.9860565800168, 467.1680561863987], [0.0, 0.0, 1.0]], [[796.8910634503094, 0.0, 857.7774326863696], [0.0, 796.8910634503094, 476.8848988407415], [0.0, 0.0, 1.0]], [[1249.9629280788233, 0.0, 825.3768045375984], [0.0, 1249.9629280788233, 462.54816385708756], [0.0, 0.0, 1.0]]], "extrinsics": [[[0.8225083351135254, -0.5686352849006653, -0.011572145856916904, -1.004913330078125], [0.01654982753098011, 0.04426666349172592, -0.9988826513290405, 1.4882888793945312], [0.5685121417045593, 0.8213978409767151, 0.04582051560282707, -1.3333740234375], [0.0, 0.0, 0.0, 1.0]], [[0.010323804803192616, -0.9991475939750671, -0.039968427270650864, 0.0054931640625], [0.018507421016693115, 0.04015463590621948, -0.9990220665931702, 1.4801712036132812], [0.9997752904891968, 0.009574033319950104, 0.01890619657933712, -1.7347412109375], [0.0, 0.0, 0.0, 1.0]], [[-0.8438060879707336, -0.535209596157074, -0.039267655462026596, 1.090576171875], [0.026530487462878227, 0.03147883713245392, -0.9991521835327148, 1.493072509765625], [0.5359920263290405, -0.8441325426101685, -0.012362665496766567, -1.2774658203125], [0.0, 0.0, 0.0, 1.0]], [[0.9478706121444702, 0.31825557351112366, 0.01596033200621605, -1.14398193359375], [0.001159087521955371, 0.04664266109466553, -0.9989109635353088, 1.562042236328125], [-0.3186534345149994, 0.9468568563461304, 0.04384231939911842, -0.15625], [0.0, 0.0, 0.0, 1.0]], [[0.009151267819106579, 0.9991911053657532, 0.039158400148153305, -0.02880859375], [0.003277938347309828, 0.03912984952330589, -0.9992287158966064, 1.5680618286132812], [-0.9999527931213379, 0.0092725595459342, -0.0029171996284276247, 0.04425048828125], [0.0, 0.0, 0.0, 1.0]], [[-0.9236496090888977, 0.38323742151260376, -0.0006041681044735014, 1.16064453125], [0.007470990531146526, 0.016429783776402473, -0.9998371005058289, 1.547811508178711], [-0.3831651210784912, -0.9235036969184875, -0.01803852617740631, -0.04345703125], [0.0, 0.0, 0.0, 1.0]]], "view": [[0.0, -2.0, 100.0], [-2.0, 0.0, 100.0], [0.0, 0.0, 1.0]], "bev": "bev_2d685383bba440d4974b3c609ac7e02b.png", "aux": "aux_2d685383bba440d4974b3c609ac7e02b.npz", "visibility": "visibility_2d685383bba440d4974b3c609ac7e02b.png", "pose": [[-0.756919801235199, -0.6535077691078186, 0.0, 1468.19775390625], [0.6535077691078186, -0.756919801235199, 0.0, 906.0978393554688], [0.0, 0.0, 1.0, 0.0], [0.0, 0.0, 0.0, 1.0]], "pose_inverse": [[-0.756919801235199, 0.6535077691078186, 0.0, 519.1659545898438], [-0.6535077691078186, -0.756919801235199, 0.0, 1645.322021484375], [0.0, 0.0, 1.0, 0.0], [0.0, 0.0, 0.0, 1.0]], "cam_ids": [0, 1, 2, 3, 4, 5], "cam_channels": ["CAM_FRONT_LEFT", "CAM_FRONT", "CAM_FRONT_RIGHT", "CAM_BACK_LEFT", "CAM_BACK", "CAM_BACK_RIGHT"], "token": "2d685383bba440d4974b3c609ac7e02b", "scene": "scene-0257"}, {"images": ["samples/CAM_FRONT_LEFT/n008-2018-08-06-15-06-32-0400__CAM_FRONT_LEFT__1533582601754799.jpg", "samples/CAM_FRONT/n008-2018-08-06-15-06-32-0400__CAM_FRONT__1533582601762404.jpg", "samples/CAM_FRONT_RIGHT/n008-2018-08-06-15-06-32-0400__CAM_FRONT_RIGHT__1533582601770482.jpg", "samples/CAM_BACK_LEFT/n008-2018-08-06-15-06-32-0400__CAM_BACK_LEFT__1533582601797422.jpg", "samples/CAM_BACK/n008-2018-08-06-15-06-32-0400__CAM_BACK__1533582601787558.jpg", "samples/CAM_BACK_RIGHT/n008-2018-08-06-15-06-32-0400__CAM_BACK_RIGHT__1533582601778113.jpg"], "intrinsics": [[[1257.8625342125129, 0.0, 827.2410631095686], [0.0, 1257.8625342125129, 450.915498205774], [0.0, 0.0, 1.0]], [[1252.8131021185304, 0.0, 826.588114781398], [0.0, 1252.8131021185304, 469.9846626224581], [0.0, 0.0, 1.0]], [[1256.7485116440405, 0.0, 817.7887570959712], [0.0, 1256.7485116440403, 451.9541780095127], [0.0, 0.0, 1.0]], [[1254.9860565800168, 0.0, 829.5769333630991], [0.0, 1254.9860565800168, 467.1680561863987], [0.0, 0.0, 1.0]], [[796.8910634503094, 0.0, 857.7774326863696], [0.0, 796.8910634503094, 476.8848988407415], [0.0, 0.0, 1.0]], [[1249.9629280788233, 0.0, 825.3768045375984], [0.0, 1249.9629280788233, 462.54816385708756], [0.0, 0.0, 1.0]]], "extrinsics": [[[0.8225008249282837, -0.5686407089233398, -0.011839134618639946, -1.00518798828125], [0.016320109367370605, 0.04440269246697426, -0.9988803863525391, 1.4882888793945312], [0.5685297846794128, 0.8213866949081421, 0.04580152779817581, -1.33349609375], [0.0, 0.0, 0.0, 1.0]], [[0.010305959731340408, -0.9991421699523926, -0.040108226239681244, 0.00537109375], [0.01828484609723091, 0.04029195010662079, -0.9990206360816956, 1.48016357421875], [0.9997797012329102, 0.009562565945088863, 0.01868440769612789, -1.73468017578125], [0.0, 0.0, 0.0, 1.0]], [[-0.8438194990158081, -0.5351972579956055, -0.03914728760719299, 1.0906982421875], [0.02631804160773754, 0.03158930316567421, -0.9991543292999268, 1.493072509765625], [0.5359814167022705, -0.8441362380981445, -0.012570327147841454, -1.277587890625], [0.0, 0.0, 0.0, 1.0]], [[0.9478715658187866, 0.3182613253593445, 0.015792567282915115, -1.14398193359375], [0.0009527045185677707, 0.04672973230481148, -0.9989071488380432, 1.562042236328125], [-0.3186514377593994, 0.946850597858429, 0.043990571051836014, -0.1561279296875], [0.0, 0.0, 0.0, 1.0]], [[0.009161767549812794, 0.9991874098777771, 0.03925047069787979, -0.0286865234375], [0.0030707260593771935, 0.039223816245794296, -0.9992256760597229, 1.5680618286132812], [-0.9999533295631409, 0.009275222197175026, -0.0027088725473731756, 0.0443115234375], [0.0, 0.0, 0.0, 1.0]], [[-0.9236471056938171, 0.3832438290119171, -0.0003825099265668541, 1.1605987548828125], [0.007273702882230282, 0.016532262787222862, -0.9998368620872498, 1.5478096008300781], [-0.38317492604255676, -0.9234992265701294, -0.018057575449347496, -0.0439453125], [0.0, 0.0, 0.0, 1.0]]], "view": [[0.0, -2.0, 100.0], [-2.0, 0.0, 100.0], [0.0, 0.0, 1.0]], "bev": "bev_83ab7e07598d4a2a88f8acf5323c29a2.png", "aux": "aux_83ab7e07598d4a2a88f8acf5323c29a2.npz", "visibility": "visibility_83ab7e07598d4a2a88f8acf5323c29a2.png", "pose": [[-0.7568739652633667, -0.6535608768463135, 0.0, 1468.1982421875], [0.6535608768463135, -0.7568739652633667, 0.0, 906.098388671875], [0.0, 0.0, 1.0, 0.0], [0.0, 0.0, 0.0, 1.0]], "pose_inverse": [[-0.7568739652633667, 0.6535608768463135, 0.0, 519.050537109375], [-0.6535608768463135, -0.7568739652633667, 0.0, 1645.3592529296875], [0.0, 0.0, 1.0, 0.0], [0.0, 0.0, 0.0, 1.0]], "cam_ids": [0, 1, 2, 3, 4, 5], "cam_channels": ["CAM_FRONT_LEFT", "CAM_FRONT", "CAM_FRONT_RIGHT", "CAM_BACK_LEFT", "CAM_BACK", "CAM_BACK_RIGHT"], "token": "83ab7e07598d4a2a88f8acf5323c29a2", "scene": "scene-0257"}, {"images": ["samples/CAM_FRONT_LEFT/n008-2018-08-06-15-06-32-0400__CAM_FRONT_LEFT__1533582602254799.jpg", "samples/CAM_FRONT/n008-2018-08-06-15-06-32-0400__CAM_FRONT__1533582602262404.jpg", "samples/CAM_FRONT_RIGHT/n008-2018-08-06-15-06-32-0400__CAM_FRONT_RIGHT__1533582602270482.jpg", "samples/CAM_BACK_LEFT/n008-2018-08-06-15-06-32-0400__CAM_BACK_LEFT__1533582602297405.jpg", "samples/CAM_BACK/n008-2018-08-06-15-06-32-0400__CAM_BACK__1533582602287558.jpg", "samples/CAM_BACK_RIGHT/n008-2018-08-06-15-06-32-0400__CAM_BACK_RIGHT__1533582602278113.jpg"], "intrinsics": [[[1257.8625342125129, 0.0, 827.2410631095686], [0.0, 1257.8625342125129, 450.915498205774], [0.0, 0.0, 1.0]], [[1252.8131021185304, 0.0, 826.588114781398], [0.0, 1252.8131021185304, 469.9846626224581], [0.0, 0.0, 1.0]], [[1256.7485116440405, 0.0, 817.7887570959712], [0.0, 1256.7485116440403, 451.9541780095127], [0.0, 0.0, 1.0]], [[1254.9860565800168, 0.0, 829.5769333630991], [0.0, 1254.9860565800168, 467.1680561863987], [0.0, 0.0, 1.0]], [[796.8910634503094, 0.0, 857.7774326863696], [0.0, 796.8910634503094, 476.8848988407415], [0.0, 0.0, 1.0]], [[1249.9629280788233, 0.0, 825.3768045375984], [0.0, 1249.9629280788233, 462.54816385708756], [0.0, 0.0, 1.0]]], "extrinsics": [[[0.8225414156913757, -0.5685831904411316, -0.011779786087572575, -1.00494384765625], [0.01634838804602623, 0.04434504732489586, -0.9988824725151062, 1.4882965087890625], [0.5684702396392822, 0.8214296698570251, 0.04577105864882469, -1.33349609375], [0.0, 0.0, 0.0, 1.0]], [[0.010365057736635208, -0.9991448521614075, -0.04002858325839043, 0.0054931640625], [0.018293390050530434, 0.04021350294351578, -0.9990236163139343, 1.48016357421875], [0.9997788667678833, 0.009622636251151562, 0.01869456097483635, -1.7344970703125], [0.0, 0.0, 0.0, 1.0]], [[-0.8437954187393188, -0.5352396368980408, -0.03908539563417435, 1.0904541015625], [0.026303444057703018, 0.03149569779634476, -0.999157726764679, 1.493072509765625], [0.5360198616981506, -0.8441128134727478, -0.012497282586991787, -1.277587890625], [0.0, 0.0, 0.0, 1.0]], [[0.9478723406791687, 0.3182620704174042, 0.015722353011369705, -1.14385986328125], [0.0009211877477355301, 0.046603381633758545, -0.998913049697876, 1.562042236328125], [-0.31864896416664124, 0.9468565583229065, 0.0438808798789978, -0.1561279296875], [0.0, 0.0, 0.0, 1.0]], [[0.009146248921751976, 0.9991921782493591, 0.039133213460445404, -0.02880859375], [0.003042041789740324, 0.039106860756874084, -0.9992303848266602, 1.5680618286132812], [-0.99995356798172, 0.00925830751657486, -0.002681900979951024, 0.044281005859375], [0.0, 0.0, 0.0