[{"images": ["samples/CAM_FRONT_LEFT/n015-2018-07-11-11-54-16+0800__CAM_FRONT_LEFT__1531281906754844.jpg", "samples/CAM_FRONT/n015-2018-07-11-11-54-16+0800__CAM_FRONT__1531281906762460.jpg", "samples/CAM_FRONT_RIGHT/n015-2018-07-11-11-54-16+0800__CAM_FRONT_RIGHT__1531281906770339.jpg", "samples/CAM_BACK_LEFT/n015-2018-07-11-11-54-16+0800__CAM_BACK_LEFT__1531281906797423.jpg", "samples/CAM_BACK/n015-2018-07-11-11-54-16+0800__CAM_BACK__1531281906787525.jpg", "samples/CAM_BACK_RIGHT/n015-2018-07-11-11-54-16+0800__CAM_BACK_RIGHT__1531281906777893.jpg"], "intrinsics": [[[1272.5979470598488, 0.0, 826.6154927353808], [0.0, 1272.5979470598488, 479.75165386361925], [0.0, 0.0, 1.0]], [[1266.417203046554, 0.0, 816.2670197447984], [0.0, 1266.417203046554, 491.50706579294757], [0.0, 0.0, 1.0]], [[1260.8474446004698, 0.0, 807.968244525554], [0.0, 1260.8474446004698, 495.3344268742088], [0.0, 0.0, 1.0]], [[1256.7414812095406, 0.0, 792.1125740759628], [0.0, 1256.7414812095406, 492.7757465151356], [0.0, 0.0, 1.0]], [[809.2209905677063, 0.0, 829.2196003259838], [0.0, 809.2209905677063, 481.77842384512485], [0.0, 0.0, 1.0]], [[1259.5137405846733, 0.0, 807.2529053838625], [0.0, 1259.5137405846733, 501.19579884916527], [0.0, 0.0, 1.0]]], "extrinsics": [[[0.8209125995635986, -0.5695260763168335, 0.04174507409334183, -0.96514892578125], [0.009617754258215427, -0.059302523732185364, -0.9981937408447266, 1.5082472562789917], [0.5709729194641113, 0.8198313117027283, -0.04320462793111801, -1.28021240234375], [0.0, 0.0, 0.0, 1.0]], [[0.0059791323728859425, -0.9979709386825562, 0.06338828057050705, 0.00506591796875], [0.004323459696024656, -0.06336303055286407, -0.9979812502861023, 1.5205307006835938], [0.9999727606773376, 0.006241121329367161, 0.003935829736292362, -1.6922607421875], [0.0, 0.0, 0.0, 1.0]], [[-0.832631528377533, -0.5535568594932556, 0.01730571687221527, 1.032470703125], [0.009936783462762833, -0.046174269169569016, -0.9988839030265808, 1.5036449432373047], [0.5537381768226624, -0.8315304517745972, 0.04394672438502312, -1.248748779296875], [0.0, 0.0, 0.0, 1.0]], [[0.9475814700126648, 0.31944170594215393, -0.006806701421737671, -1.1422119140625], [0.018619639798998833, -0.07647469639778137, -0.9968976378440857, 1.5885543823242188], [-0.318971186876297, 0.9445149898529053, -0.07841389626264572, -0.103729248046875], [0.0, 0.0, 0.0, 1.0]], [[0.002163603436201811, 0.9977834820747375, -0.06650857627391815, 0.002777099609375], [-0.006800100207328796, -0.06649250537157059, -0.9977638125419617, 1.579355239868164], [-0.9999744892120361, 0.0026110007893294096, 0.0066411662846803665, 0.0018310546875], [0.0, 0.0, 0.0, 1.0]], [[-0.9347279071807861, 0.3528427481651306, -0.04225953668355942, 1.1363525390625], [0.02582447975873947, -0.05115940794348717, -0.9983565807342529, 1.5514507293701172], [-0.3544248938560486, -0.9342830181121826, 0.038708146661520004, -0.06365966796875], [0.0, 0.0, 0.0, 1.0]]], "view": [[0.0, -2.0, 100.0], [-2.0, 0.0, 100.0], [0.0, 0.0, 1.0]], "bev": "bev_3502d36d2c76428f9b79f2854e96b696.png", "aux": "aux_3502d36d2c76428f9b79f2854e96b696.npz", "visibility": "visibility_3502d36d2c76428f9b79f2854e96b696.png", "pose": [[-0.46377691626548767, 0.8859519958496094, 0.0, 389.3161315917969], [-0.8859519958496094, -0.46377691626548767, 0.0, 1133.2850341796875], [0.0, 0.0, 1.0, 0.0], [0.0, 0.0, 0.0, 1.0]], "pose_inverse": [[-0.46377691626548767, -0.8859519958496094, 0.0, 1184.592041015625], [0.8859519958496094, -0.46377691626548767, 0.0, 180.67604064941406], [0.0, 0.0, 1.0, 0.0], [0.0, 0.0, 0.0, 1.0]], "cam_ids": [0, 1, 2, 3, 4, 5], "cam_channels": ["CAM_FRONT_LEFT", "CAM_FRONT", "CAM_FRONT_RIGHT", "CAM_BACK_LEFT", "CAM_BACK", "CAM_BACK_RIGHT"], "token": "3502d36d2c76428f9b79f2854e96b696", "scene": "scene-0276"}, {"images": ["samples/CAM_FRONT_LEFT/n015-2018-07-11-11-54-16+0800__CAM_FRONT_LEFT__1531281907254844.jpg", "samples/CAM_FRONT/n015-2018-07-11-11-54-16+0800__CAM_FRONT__1531281907262460.jpg", "samples/CAM_FRONT_RIGHT/n015-2018-07-11-11-54-16+0800__CAM_FRONT_RIGHT__1531281907270339.jpg", "samples/CAM_BACK_LEFT/n015-2018-07-11-11-54-16+0800__CAM_BACK_LEFT__1531281907297439.jpg", "samples/CAM_BACK/n015-2018-07-11-11-54-16+0800__CAM_BACK__1531281907287525.jpg", "samples/CAM_BACK_RIGHT/n015-2018-07-11-11-54-16+0800__CAM_BACK_RIGHT__1531281907277893.jpg"], "intrinsics": [[[1272.5979470598488, 0.0, 826.6154927353808], [0.0, 1272.5979470598488, 479.75165386361925], [0.0, 0.0, 1.0]], [[1266.417203046554, 0.0, 816.2670197447984], [0.0, 1266.417203046554, 491.50706579294757], [0.0, 0.0, 1.0]], [[1260.8474446004698, 0.0, 807.968244525554], [0.0, 1260.8474446004698, 495.3344268742088], [0.0, 0.0, 1.0]], [[1256.7414812095406, 0.0, 792.1125740759628], [0.0, 1256.7414812095406, 492.7757465151356], [0.0, 0.0, 1.0]], [[809.2209905677063, 0.0, 829.2196003259838], [0.0, 809.2209905677063, 481.77842384512485], [0.0, 0.0, 1.0]], [[1259.5137405846733, 0.0, 807.2529053838625], [0.0, 1259.5137405846733, 501.19579884916527], [0.0, 0.0, 1.0]]], "extrinsics": [[[0.8209268450737, -0.5695045590400696, 0.04175780341029167, -0.9649658203125], [0.009697399102151394, -0.059212371706962585, -0.9981983304023743, 1.508249282836914], [0.570950984954834, 0.8198527693748474, -0.04308631271123886, -1.2801513671875], [0.0, 0.0, 0.0, 1.0]], [[0.005999724846333265, -0.9979764819145203, 0.06330054998397827, 0.005035400390625], [0.004402026534080505, -0.06327472627162933, -0.9979864358901978, 1.5205321311950684], [0.9999723434448242, 0.006266274023801088, 0.004013489466160536, -1.6922607421875], [0.0, 0.0, 0.0, 1.0]], [[-0.832621693611145, -0.5535751581192017, 0.01719520427286625, 1.0323486328125], [0.010013976134359837, -0.046089351177215576, -0.9988871216773987, 1.503643274307251], [0.5537516474723816, -0.8315228819847107, 0.04391847923398018, -1.248748779296875], [0.0, 0.0, 0.0, 1.0]], [[0.9475816488265991, 0.31944331526756287, -0.006711315829306841, -1.142333984375], [0.018691224977374077, -0.07638911157846451, -0.9969028234481812, 1.588552474975586], [-0.3189665973186493, 0.944521427154541, -0.07835570722818375, -0.103668212890625], [0.0, 0.0, 0.0, 1.0]], [[0.0021600876934826374, 0.9977893829345703, -0.06642179936170578, 0.002777099609375], [-0.006728936918079853, -0.06640594452619553, -0.9977700114250183, 1.5793571472167969], [-0.9999750256538391, 0.002602233784273267, 0.006570618599653244, 0.001953125], [0.0, 0.0, 0.0, 1.0]], [[-0.9347301125526428, 0.35283222794532776, -0.0422980822622776, 1.13623046875], [0.025898801162838936, -0.05107325688004494, -0.9983590841293335, 1.5514507293701172], [-0.3544134795665741, -0.9342917203903198, 0.03860177844762802, -0.06378173828125], [0.0, 0.0, 0.0, 1.0]]], "view": [[0.0, -2.0, 100.0], [-2.0, 0.0, 100.0], [0.0, 0.0, 1.0]], "bev": "bev_152db7f344954b7196402b92caa57e1c.png", "aux": "aux_152db7f344954b7196402b92caa57e1c.npz", "visibility": "visibility_152db7f344954b7196402b92caa57e1c.png", "pose": [[-0.46385565400123596, 0.8859108090400696, 0.0, 389.3161315917969], [-0.8859108090400696, -0.46385565400123596, 0.0, 1133.2850341796875], [0.0, 0.0, 1.0, 0.0], [0.0, 0.0, 0.0, 1.0]], "pose_inverse": [[-0.46385565400123596, -0.8859108090400696, 0.0, 1184.575927734375], [0.8859108090400696, -0.46385565400123596, 0.0, 180.7812957763672], [0.0, 0.0, 1.0, 0.0], [0.0, 0.0, 0.0, 1.0]], "cam_ids": [0, 1, 2, 3, 4, 5], "cam_channels": ["CAM_FRONT_LEFT", "CAM_FRONT", "CAM_FRONT_RIGHT", "CAM_BACK_LEFT", "CAM_BACK", "CAM_BACK_RIGHT"], "token": "152db7f344954b7196402b92caa57e1c", "scene": "scene-0276"}, {"images": ["samples/CAM_FRONT_LEFT/n015-2018-07-11-11-54-16+0800__CAM_FRONT_LEFT__1531281907754844.jpg", "samples/CAM_FRONT/n015-2018-07-11-11-54-16+0800__CAM_FRONT__1531281907762460.jpg", "samples/CAM_FRONT_RIGHT/n015-2018-07-11-11-54-16+0800__CAM_FRONT_RIGHT__1531281907770339.jpg", "samples/CAM_BACK_LEFT/n015-2018-07-11-11-54-16+0800__CAM_BACK_LEFT__1531281907797423.jpg", "samples/CAM_BACK/n015-2018-07-11-11-54-16+0800__CAM_BACK__1531281907787525.jpg", "samples/CAM_BACK_RIGHT/n015-2018-07-11-11-54-16+0800__CAM_BACK_RIGHT__1531281907777893.jpg"], "intrinsics": [[[1272.5979470598488, 0.0, 826.6154927353808], [0.0, 1272.5979470598488, 479.75165386361925], [0.0, 0.0, 1.0]], [[1266.417203046554, 0.0, 816.2670197447984], [0.0, 1266.417203046554, 491.50706579294757], [0.0, 0.0, 1.0]], [[1260.8474446004698, 0.0, 807.968244525554], [0.0, 1260.8474446004698, 495.3344268742088], [0.0, 0.0, 1.0]], [[1256.7414812095406, 0.0, 792.1125740759628], [0.0, 1256.7414812095406, 492.7757465151356], [0.0, 0.0, 1.0]], [[809.2209905677063, 0.0, 829.2196003259838], [0.0, 809.2209905677063, 481.77842384512485], [0.0, 0.0, 1.0]], [[1259.5137405846733, 0.0, 807.2529053838625], [0.0, 1259.5137405846733, 501.19579884916527], [0.0, 0.0, 1.0]]], "extrinsics": [[[0.8209028244018555, -0.5695298910140991, 0.041883330792188644, -0.96502685546875], [0.009810540825128555, -0.05926675349473953, -0.9981939792633057, 1.508249044418335], [0.5709835886955261, 0.8198311924934387, -0.04306485131382942, -1.2802734375], [0.0, 0.0, 0.0, 1.0]], [[0.005964172072708607, -0.9979739189147949, 0.06334352493286133, 0.0050506591796875], [0.004522101953625679, -0.06331709027290344, -0.9979832172393799, 1.5205326080322266], [0.9999719858169556, 0.006238548085093498, 0.004135307855904102, -1.6922607421875], [0.0, 0.0, 0.0, 1.0]], [[-0.8326358199119568, -0.5535569787025452, 0.01709628850221634, 1.0323486328125], [0.010146101005375385, -0.04611129313707352, -0.9988847374916077, 1.5036449432373047], [0.5537279844284058, -0.8315337896347046, 0.04401036351919174, -1.248809814453125], [0.0, 0.0, 0.0, 1.0]], [[0.9475829601287842, 0.31944459676742554, -0.006462395656853914, -1.142333984375], [0.01896524988114834, -0.07642477005720139, -0.9968949556350708, 1.5885581970214844], [-0.3189465403556824, 0.9445180296897888, -0.0784771591424942, -0.10369873046875], [0.0, 0.0, 0.0, 1.0]], [[0.0021815719082951546, 0.9977865815162659, -0.06646187603473663, 0.00274658203125], [-0.006514843553304672, -0.06644643843173981, -0.997768759727478, 1.579355239868164], [-0.999976396560669, 0.002609657123684883, 0.006355468183755875, 0.0018310546875], [0.0, 0.0, 0.0, 1.0]], [[-0.9347179532051086, 0.35284537076950073, -0.04245481640100479, 1.13623046875], [0.026054246351122856, -0.051103249192237854, -0.9983534812927246, 1.5514469146728516], [-0.3544340431690216, -0.934285044670105, 0.03857400640845299, -0.0635986328125], [0.0, 0.0, 0.0, 1.0]]], "view": [[0.0, -2.0, 100.0], [-2.0, 0.0, 100.0], [0.0, 0.0, 1.0]], "bev": "bev_ff771831a0b243169b037f4659e23a9d.png", "aux": "aux_ff771831a0b243169b037f4659e23a9d.npz", "visibility": "visibility_ff771831a0b243169b037f4659e23a9d.png", "pose": [[-0.46387508511543274, 0.885900616645813, 0.0, 389.3161315917969], [-0.885900616645813, -0.46387508511543274, 0.0, 1133.2850341796875], [0.0, 0.0, 1.0, 0.0], [0.0, 0.0, 0.0, 1.0]], "pose_inverse": [[-0.46387508511543274, -0.885900616645813, 0.0, 1184.572021484375], [0.885900616645813, -0.46387508511543274, 0.0, 180.8072967529297], [0.0, 0.0, 1.0, 0.0], [0.0, 0.0, 0.0, 1.0]], "cam_ids": [0, 1, 2, 3, 4, 5], "cam_channels": ["CAM_FRONT_LEFT", "CAM_FRONT", "CAM_FRONT_RIGHT", "CAM_BACK_LEFT", "CAM_BACK", "CAM_BACK_RIGHT"], "token": "ff771831a0b243169b037f4659e23a9d", "scene": "scene-0276"}, {"images": ["samples/CAM_FRONT_LEFT/n015-2018-07-11-11-54-16+0800__CAM_FRONT_LEFT__1531281908254844.jpg", "samples/CAM_FRONT/n015-2018-07-11-11-54-16+0800__CAM_FRONT__1531281908262460.jpg", "samples/CAM_FRONT_RIGHT/n015-2018-07-11-11-54-16+0800__CAM_FRONT_RIGHT__1531281908270339.jpg", "samples/CAM_BACK_LEFT/n015-2018-07-11-11-54-16+0800__CAM_BACK_LEFT__1531281908297423.jpg", "samples/CAM_BACK/n015-2018-07-11-11-54-16+0800__CAM_BACK__1531281908287525.jpg", "samples/CAM_BACK_RIGHT/n015-2018-07-11-11-54-16+0800__CAM_BACK_RIGHT__1531281908277893.jpg"], "intrinsics": [[[1272.5979470598488, 0.0, 826.6154927353808], [0.0, 1272.5979470598488, 479.75165386361925], [0.0, 0.0, 1.0]], [[1266.417203046554, 0.0, 816.2670197447984], [0.0, 1266.417203046554, 491.50706579294757], [0.0, 0.0, 1.0]], [[1260.8474446004698, 0.0, 807.968244525554], [0.0, 1260.8474446004698, 495.3344268742088], [0.0, 0.0, 1.0]], [[1256.7414812095406, 0.0, 792.1125740759628], [0.0, 1256.7414812095406, 492.7757465151356], [0.0, 0.0, 1.0]], [[809.2209905677063, 0.0, 829.2196003259838], [0.0, 809.2209905677063, 481.77842384512485], [0.0, 0.0, 1.0]], [[1259.5137405846733, 0.0, 807.2529053838625], [0.0, 1259.5137405846733, 501.19579884916527], [0.0, 0.0, 1.0]]], "extrinsics": [[[0.8204004168510437, -0.5699313879013062, 0.046056874096393585, -0.952880859375], [0.015411771833896637, -0.058478523045778275, -0.9981697201728821, 1.5084753036499023], [0.5715816617012024, 0.8196086883544922, -0.03919215500354767, -1.2718505859375], [0.0, 0.0, 0.0, 1.0]], [[0.0052408273331820965, -0.9980300664901733, 0.06251784414052963, 0.0051116943359375], [0.010095658712089062, -0.062462713569402695, -0.9979962110519409, 1.520656943321228], [0.9999352097511292, 0.005861487239599228, 0.009748416021466255, -1.6798095703125], [0.0, 0.0, 0.0, 1.0]], [[-0.8328776955604553, -0.553328275680542, 0.011933907866477966, 1.0240478515625], [0.01571369171142578, -0.045195262879133224, -0.9988545179367065, 1.503798484802246], [0.5532338619232178, -0.831736147403717, 0.046336960047483444, -1.24322509765625], [0.0, 0.0, 0.0, 1.0]], [[0.9476033449172974, 0.31944769620895386, -0.0009204634698107839, -1.1414794921875], [0.024377359077334404, -0.0751849114894867, -0.9968715906143188, 1.5885705947875977], [-0.3185175955295563, 0.9446164965629578, -0.0790327787399292, -0.1038818359375], [0.0, 0.0, 0.0, 1.0]], [[0.0026513433549553156, 0.9978606700897217, -0.06532306224107742, 0.0027923583984375], [-0.0010453067952767015, -0.06532048434019089, -0.9978638291358948, 1.5793533325195312], [-0.9999959468841553, 0.0027139580342918634, 0.0008698827004991472, -0.0023193359375], [0.0, 0.0, 0.0, 1.0]], [[-0.9343937039375305, 0.3530891239643097, -0.04729074239730835, 1.1292724609375], [0.03158917278051376, -0.050103459507226944, -0.9982443451881409, 1.5516853332519531], [-0.35483866930007935, -0.9342470765113831, 0.03566256910562515, -0.06640625], [0.0, 0.0, 0.0, 1.0]]], "view": [[0.0, -2.0, 100.0], [-2.0, 0.0, 100.0], [0.0, 0.0, 1.0]], "bev": "bev_b22ec0c7883143c6a201e71ab917da7a.png", "aux": "aux_b22ec0c7883143c6a201e71ab917da7a.npz", "visibility": "visibility_b22ec0c7883143c6a201e71ab917da7a.png", "pose": [[-0.4623757302761078, 0.8866840600967407, 0.0, 389.296875], [-0.8866840600967407, -0.4623757302761078, 0.0, 1133.248046875], [0.0, 0.0, 1.0, 0.0], [0.0, 0.0, 0.0, 1.0]], "pose_inverse": [[-0.4623757302761078, -0.8866840600967407, 0.0, 1184.83447265625], [0.8866840600967407, -0.4623757302761078, 0.0, 178.80307006835938], [0.0, 0.0, 1.0, 0.0], [0.0, 0.0, 0.0, 1.0]], "cam_ids": [0, 1, 2, 3, 4, 5], "cam_channels": ["CAM_FRONT_LEFT", "CAM_FRONT", "CAM_FRONT_RIGHT", "CAM_BACK_LEFT", "CAM_BACK", "CAM_BACK_RIGHT"], "token": "b22ec0c7883143c6a201e71ab917da7a", "scene": "scene-0276"}, {"images": ["samples/CAM_FRONT_LEFT/n015-2018-07-11-11-54-16+0800__CAM_FRONT_LEFT__1531281908754844.jpg", "samples/CAM_FRONT/n015-2018-07-11-11-54-16+0800__CAM_FRONT__1531281908762460.jpg", "samples/CAM_FRONT_RIGHT/n015-2018-07-11-11-54-16+0800__CAM_FRONT_RIGHT__1531281908770339.jpg", "samples/CAM_BACK_LEFT/n015-2018-07-11-11-54-16+0800__CAM_BACK_LEFT__1531281908797423.jpg", "samples/CAM_BACK/n015-2018-07-11-11-54-16+0800__CAM_BACK__1531281908787525.jpg", "samples/CAM_BACK_RIGHT/n015-2018-07-11-11-54-16+0800__CAM_BACK_RIGHT__1531281908777893.jpg"], "intrinsics": [[[1272.5979470598488, 0.0, 826.6154927353808], [0.0, 1272.5979470598488, 479.75165386361925], [0.0, 0.0, 1.0]], [[1266.417203046554, 0.0, 816.2670197447984], [0.0, 1266.417203046554, 491.50706579294757], [0.0, 0.0, 1.0]], [[1260.8474446004698, 0.0, 807.968244525554], [0.0, 1260.8474446004698, 495.3344268742088], [0.0, 0.0, 1.0]], [[1256.7414812095406, 0.0, 792.1125740759628], [0.0, 1256.7414812095406, 492.7757465151356], [0.0, 0.0, 1.0]], [[809.2209905677063, 0.0, 829.2196003259838], [0.0, 809.2209905677063, 481.77842384512485], [0.0, 0.0, 1.0]], [[1259.5137405846733, 0.0, 807.2529053838625], [0.0, 1259.5137405846733, 501.19579884916527], [0.0, 0.0, 1.0]]], "extrinsics": [[[0.8174691200256348, -0.5744050145149231, 0.04246201738715172, -0.91937255859375], [0.015000357292592525, -0.05246545746922493, -0.9985100626945496, 1.5090999603271484], [0.575776994228363, 0.816888153553009, -0.03427261486649513, -1.24871826171875], [0.0, 0.0, 0.0, 1.0]], [[0.0009652335429564118, -0.9984042644500732, 0.05646141991019249, 0.0054779052734375], [0.009722544811666012, -0.05644941329956055, -0.9983581304550171, 1.5210015773773193], [0.9999522566795349, 0.0015126378275454044, 0.009652542881667614, -1.6461181640625], [0.0, 0.0, 0.0, 1.0]], [[-0.8347616791725159, -0.5505424737930298, 0.008716793730854988, 1.0020751953125], [0.015444926917552948, -0.039237428456544876, -0.9991105198860168, 1.5042152404785156], [0.5503948330879211, -0.8338844776153564, 0.04125699773430824, -1.228515625], [0.0, 0.0, 0.0, 1.0]], [[0.9477072954177856, 0.3191398084163666, 0.0007739607826806605, -1.139892578125], [0.024199441075325012, -0.06944329291582108, -0.9972923398017883, 1.5886154174804688], [-0.31822192668914795, 0.9451600909233093, -0.07353492826223373, -0.1044769287109375], [0.0, 0.0, 0.0, 1.0]], [[0.004105976317077875, 0.9982223510742188, -0.05945818871259689, 0.002777099609375], [-0.001276805647648871, -0.05945340916514397, -0.9982302784919739, 1.5793428421020508], [-0.999990701675415, 0.004174681846052408, 0.0010304206516593695, -0.012939453125], [0.0, 0.0, 0.0, 1.0]], [[-0.9334883689880371, 0.3557661771774292, -0.04505453631281853, 1.1112060546875], [0.031336210668087006, -0.04423215612769127, -0.9985297322273254, 1.5523033142089844], [-0.35723596811294556, -0.9335277080535889, 0.030141834169626236, -0.0731201171875], [0.0, 0.0, 0.0, 1.0]]], "view": [[0.0, -2.0, 100.0], [-2.0, 0.0, 100.0], [0.0, 0.0, 1.0]], "bev": "bev_f38ef51177c84c2a9fa32584b79e601e.png", "aux": "aux_f38ef51177c84c2a9fa32584b79e601e.npz", "visibility": "visibility_f38ef51177c84c2a9fa32584b79e601e.png", "pose": [[-0.4366225302219391, 0.8996447920799255, 0.0, 389.1195983886719], [-0.8996447920799255, -0.4366225302219391, 0.0, 1132.8995361328125], [0.0, 0.0, 1.0, 0.0], [0.0, 0.0, 0.0, 1.0]], "pose_inverse": [[-0.4366225302219391, -0.8996447920799255, 0.0, 1189.1055908203125], [0.8996447920799255, -0.4366225302219391, 0.0, 144.5800323486328], [0.0, 0.0, 1.0, 0.0], [0.0, 0.0, 0.0, 1.0]], "cam_ids": [0, 1, 2, 3, 4, 5], "cam_channels": ["CAM_FRONT_LEFT", "CAM_FRONT", "CAM_FRONT_RIGHT", "CAM_BACK_LEFT", "CAM_BACK", "CAM_BACK_RIGHT"], "token": "f38ef51177c84c2a9fa32584b79e601e", "scene": "scene-0276"}, {"images": ["samples/CAM_FRONT_LEFT/n015-2018-07-11-11-54-16+0800__CAM_FRONT_LEFT__1531281909254844.jpg", "samples/CAM_FRONT/n015-2018-07-11-11-54-16+0800__CAM_FRONT__1531281909262460.jpg", "samples/CAM_FRONT_RIGHT/n015-2018-07-11-11-54-16+0800__CAM_FRONT_RIGHT__1531281909270339.jpg", "samples/CAM_BACK_LEFT/n015-2018-07-11-11-54-16+0800__CAM_BACK_LEFT__1531281909297423.jpg", "samples/CAM_BACK/n015-2018-07-11-11-54-16+0800__CAM_BACK__1531281909287525.jpg", "samples/CAM_BACK_RIGHT/n015-2018-07-11-11-54-16+0800__CAM_BACK_RIGHT__1531281909277893.jpg"], "intrinsics": [[[1272.5979470598488, 0.0, 826.6154927353808], [0.0, 1272.5979470598488, 479.75165386361925], [0.0, 0.0, 1.0]], [[1266.417203046554, 0.0, 816.2670197447984], [0.0, 1266.417203046554, 491.50706579294757], [0.0, 0.0, 1.0]], [[1260.8474446004698, 0.0, 807.968244525554], [0.0, 1260.8474446004698, 495.3344268742088], [0.0, 0.0, 1.0]], [[1256.7414812095406, 0.0, 792.1125740759628], [0.0, 1256.7414812095406, 492.7757465151356], [0.0, 0.0, 1.0]], [[809.2209905677063, 0.0, 829.2196003259838], [0.0, 809.2209905677063, 481.77842384512485], [0.0, 0.0, 1.0]], [[1259.5137405846733, 0.0, 807.2529053838625], [0.0, 1259.5137405846733, 501.19579884916527], [0.0, 0.0, 1.0]]], "extrinsics": [[[0.8170682787895203, -0.5749406814575195, 0.042927730828523636, -0.890380859375], [0.016021260991692543, -0.051786474883556366, -0.9985296130180359, 1.5097217559814453], [0.5763183236122131, 0.816554605960846, -0.03310180827975273, -1.22796630859375], [0.0, 0.0, 0.0, 1.0]], [[0.0004220079572405666, -0.9984411001205444, 0.0558125264942646, 0.005420684814453125], [0.010714346542954445, -0.05580481141805649, -0.9983842372894287, 1.5213680267333984], [0.9999424815177917, 0.0010193092748522758, 0.010674094781279564, -1.6162109375], [0.0, 0.0, 0.0, 1.0]], [[-0.8349859118461609, -0.5502195358276367, 0.0075554074719548225, 0.9818115234375], [0.016407735645771027, -0.03861909732222557, -0.9991192817687988, 1.5046520233154297], [0.5500267148017883, -0.8341265320777893, 0.04127425700426102, -1.21502685546875], [0.0, 0.0, 0.0, 1.0]], [[0.9477728605270386, 0.3189409077167511, 0.0018179917242377996, -1.1375732421875], [0.025098050013184547, -0.06889726221561432, -0.9973080158233643, 1.58868408203125], [-0.3179570138454437, 0.9452670812606812, -0.07330374419689178, -0.105316162109375], [0.0, 0.0, 0.0, 1.0]], [[0.004415954928845167, 0.9982551336288452, -0.0588834211230278, 0.002780914306640625], [-0.0003561984049156308, -0.058882419019937515, -0.9982648491859436, 1.5793594121932983], [-0.9999901652336121, 0.004429299850016832, 9.555247379466891e-05, -0.02392578125], [0.0, 0.0, 0.0, 1.0]], [[-0.9333341717720032, 0.3560834527015686, -0.04573719576001167, 1.09326171875], [0.032283246517181396, -0.043637845665216446, -0.9985256791114807, 1.5529403686523438], [-0.3575543165206909, -0.9334347248077393, 0.029233163222670555, -0.079833984375], [0.0, 0.0, 0.0, 1.0]]], "view": [[0.0, -2.0, 100.0], [-2.0, 0.0, 100.0], [0.0, 0.0, 1.0]], "bev": "bev_291e7331922541cea98122b607d24831.png", "aux": "aux_291e7331922541cea98122b607d24831.npz", "visibility": "visibility_291e7331922541cea98122b607d24831.png", "pose": [[-0.3638751208782196, 0.9314477443695068, 0.0, 388.7817077636719], [-0.9314477443695068, -0.3638751208782196, 0.0, 1132.119140625], [0.0, 0.0, 1.0, 0.0], [0.0, 0.0, 0.0, 1.0]], "pose_inverse": [[-0.3638751208782196, -0.9314477443695068, 0.0, 1195.977783203125], [0.9314477443695068, -0.3638751208782196, 0.0, 49.820152282714844], [0.0, 0.0, 1.0, 0.0], [0.0, 0.0, 0.0, 1.0]], "cam_ids": [0, 1, 2, 3, 4, 5], "cam_channels": ["CAM_FRONT_LEFT", "CAM_FRONT", "CAM_FRONT_RIGHT", "CAM_BACK_LEFT", "CAM_BACK", "CAM_BACK_RIGHT"], "token": "291e7331922541cea98122b607d24831", "scene": "scene-0276"}, {"images": ["samples/CAM_FRONT_LEFT/n015-2018-07-11-11-54-16+0800__CAM_FRONT_LEFT__1531281909754844.jpg", "samples/CAM_FRONT/n015-2018-07-11-11-54-16+0800__CAM_FRONT__1531281909762460.jpg", "samples/CAM_FRONT_RIGHT/n015-2018-07-11-11-54-16+0800__CAM_FRONT_RIGHT__1531281909770339.jpg", "samples/CAM_BACK_LEFT/n015-2018-07-11-11-54-16+0800__CAM_BACK_LEFT__1531281909797423.jpg", "samples/CAM_BACK/n015-2018-07-11-11-54-16+0800__CAM_BACK__1531281909787531.jpg", "samples/CAM_BACK_RIGHT/n015-2018-07-11-11-54-16+0800__CAM_BACK_RIGHT__1531281909777893.jpg"], "intrinsics": [[[1272.5979470598488, 0.0, 826.6154927353808], [0.0, 1272.5979470598488, 479.75165386361925], [0.0, 0.0, 1.0]], [[1266.417203046554, 0.0, 816.2670197447984], [0.0, 1266.417203046554, 491.50706579294757], [0.0, 0.0, 1.0]], [[1260.8474446004698, 0.0, 807.968244525554], [0.0, 1260.8474446004698, 495.3344268742088], [0.0, 0.0, 1.0]], [[1256.7414812095406, 0.0, 792.1125740759628], [0.0, 1256.7414812095406, 492.7757465151356], [0.0, 0.0, 1.0]], [[809.2209905677063, 0.0, 829.2196003259838], [0.0, 809.2209905677063, 481.77842384512485], [0.0, 0.0, 1.0]], [[1259.5137405846733, 0.0, 807.2529053838625], [0.0, 1259.5137405846733, 501.19579884916527], [0.0, 0.0, 1.0]]], "extrinsics": [[[0.8202731609344482, -0.5707433223724365, 0.03747131675481796, -0.8692626953125], [0.015208064578473568, -0.04372609406709671, -0.9989278316497803, 1.5100517272949219], [0.5717697739601135, 0.8199635744094849, -0.027187440544366837, -1.21478271484375], [0.0, 0.0, 0.0, 1.0]], [[0.005035602953284979, -0.9988499879837036, 0.04767870157957077, 0.006396293640136719], [0.009964360855519772, -0.04762682318687439, -0.9988155364990234, 1.5215320587158203], [0.9999376535415649, 0.005504753906279802, 0.009713070467114449, -1.5960693359375], [0.0, 0.0, 0.0, 1.0]], [[-0.832990825176239, -0.553274393081665, 0.003695448860526085, 0.96929931640625], [0.015661483630537987, -0.030254743993282318, -0.9994195103645325, 1.5048561096191406], [0.5530650615692139, -0.8324493765830994, 0.03386702761054039, -1.2061767578125], [0.0, 0.0, 0.0, 1.0]], [[0.9476964473724365, 0.3191462457180023, 0.00413554860278964, -1.13671875], [0.02460269071161747, -0.060126252472400665, -0.9978874921798706, 1.5887031555175781], [-0.31822335720062256, 0.9457961916923523, -0.06483329832553864, -0.105621337890625], [0.0, 0.0, 0.0, 1.0]], [[0.0029069753363728523, 0.9987313747406006, -0.050270628184080124, 0.0026073455810546875], [-0.0009170182165689766, -0.050268158316612244, -0.9987353086471558, 1.5793439149856567], [-0.9999953508377075, 0.002949416171759367, 0.0007697278051637113, -0.0296630859375], [0.0, 0.0, 0.0, 1.0]], [[-0.9343208074569702, 0.3539488911628723, -0.04200834408402443, 1.0833740234375], [0.031611911952495575, -0.035106126219034195, -0.9988834857940674, 1.5532493591308594], [-0.355028361082077, -0.9346057176589966, 0.02161138691008091, -0.083221435546875], [0.0, 0.0, 0.0, 1.0]]], "view": [[0.0, -2.0, 100.0], [-2.0, 0.0, 100.0], [0.0, 0.0, 1.0]], "bev": "bev_e4a61a01232041f596e72f03495234f2.png", "aux": "aux_e4a61a01232041f596e72f03495234f2.npz", "visibility": "visibility_e4a61a01232041f596e72f03495234f2.png", "pose": [[-0.33749184012413025, 0.9413284659385681, 0.0, 388.3309326171875], [-0.9413284659385681, -0.33749184012413025, 0.0, 1130.916015625], [0.0, 0.0, 1.0, 0.0], [0.0, 0.0, 0.0, 1.0]], "pose_inverse": [[-0.33749184012413025, -0.9413284659385681, 0.0, 1195.6219482421875], [0.9413284659385681, -0.33749184012413025, 0.0, 16.127975463867188], [0.0, 0.0, 1.0, 0.0], [0.0, 0.0, 0.0, 1.0]], "cam_ids": [0, 1, 2, 3, 4, 5], "cam_channels": ["CAM_FRONT_LEFT", "CAM_FRONT", "CAM_FRONT_RIGHT", "CAM_BACK_LEFT", "CAM_BACK", "CAM_BACK_RIGHT"], "token": "e4a61a01232041f596e72f03495234f2", "scene": "scene-0276"}, {"images": ["samples/CAM_FRONT_LEFT/n015-2018-07-11-11-54-16+0800__CAM_FRONT_LEFT__1531281910254844.jpg", "samples/CAM_FRONT/n015-2018-07-11-11-54-16+0800__CAM_FRONT__1531281910262460.jpg", "samples/CAM_FRONT_RIGHT/n015-2018-07-11-11-54-16+0800__CAM_FRONT_RIGHT__1531281910270339.jpg", "samples/CAM_BACK_LEFT/n015-2018-07-11-11-54-16+0800__CAM_BACK_LEFT__1531281910297427.jpg", "samples/CAM_BACK/n015-2018-07-11-11-54-16+0800__CAM_BACK__1531281910287525.jpg", "samples/CAM_BACK_RIGHT/n015-2018-07-11-11-54-16+0800__CAM_BACK_RIGHT__1531281910277893.jpg"], "intrinsics": [[[1272.5979470598488, 0.0, 826.6154927353808], [0.0, 1272.5979470598488, 479.75165386361925], [0.0, 0.0, 1.0]], [[1266.417203046554, 0.0, 816.2670197447984], [0.0, 1266.417203046554, 491.50706579294757], [0.0, 0.0, 1.0]], [[1260.8474446004698, 0.0, 807.968244525554], [0.0, 1260.8474446004698, 495.3344268742088], [0.0, 0.0, 1.0]], [[1256.7414812095406, 0.0, 792.1125740759628], [0.0, 1256.7414812095406, 492.7757465151356], [0.0, 0.0, 1.0]], [[809.2209905677063, 0.0, 829.2196003259838], [0.0, 809.2209905677063, 481.77842384512485], [0.0, 0.0, 1.0]], [[1259.5137405846733, 0.0, 807.2529053838625], [0.0, 1259.5137405846733, 501.19579884916527], [0.0, 0.0, 1.0]]], "extrinsics": [[[0.8215903043746948, -0.5693787336349487, 0.028234265744686127, -0.8388671875], [0.009246512316167355, -0.03621085733175278, -0.9993013739585876, 1.5096817016601562], [0.5700033903121948, 0.8212774395942688, -0.024485722184181213, -1.1934814453125], [0.0, 0.0, 0.0, 1.0]], [[0.006931941024959087, -0.9991611242294312, 0.04035796970129013, 0.0063953399658203125], [0.0039759124629199505, -0.04033108055591583, -0.9991784691810608, 1.5210576057434082], [0.9999679923057556, 0.007086780853569508, 0.00369300227612257, -1.5648193359375], [0.0, 0.0, 0.0, 1.0]], [[-0.8322541117668152, -0.5543730854988098, 0.004852595739066601, 0.94866943359375], [0.00960070826113224, -0.02316364087164402, -0.999685525894165, 1.5046195983886719], [0.5543111562728882, -0.8319458365440369, 0.024600408971309662, -1.19256591796875], [0.0, 0.0, 0.0, 1.0]], [[0.9476802349090576, 0.3192209005355835, 0.0001343078474747017, -1.134033203125], [0.018267542123794556, -0.053811319172382355, -0.9983839988708496, 1.5887165069580078], [-0.31869781017303467, 0.9461512565612793, -0.05682731047272682, -0.1065673828125], [0.0, 0.0, 0.0, 1.0]], [[0.002085779095068574, 0.9990406632423401, -0.04374239966273308, 0.0027484893798828125], [-0.00710891792550683, -0.04372657462954521, -0.9990182518959045, 1.579063892364502], [-0.9999725222587585, 0.002394723705947399, 0.00701089296489954, -0.040771484375], [0.0, 0.0, 0.0, 1.0]], [[-0.9348897337913513, 0.3533201515674591, -0.03385242447257042, 1.0657958984375], [0.025509225204586983, -0.02824515849351883, -0.9992755055427551, 1.5533771514892578], [-0.3540204167366028, -0.9350759983062744, 0.01739318296313286, -0.089996337890625], [0.0, 0.0, 0.0, 1.0]]], "view": [[0.0, -2.0, 100.0], [-2.0, 0.0, 100.0], [0.0, 0.0, 1.0]], "bev": "bev_d628f4a6b4a6405c8f4cfbb8d18c6fd8.png", "aux": "aux_d628f4a6b4a6405c8f4cfbb8d18c6fd8.npz", "visibility": "visibility_d628f4a6b4a6405c8f4cfbb8d18c6fd8.png", "pose": [[-0.3415754735469818, 0.9398543238639832, 0.0, 387.80389404296875], [-0.9398543238639832, -0.3415754735469818, 0.0, 1129.46337890625], [0.0, 0.0, 1.0, 0.0], [0.0, 0.0, 0.0, 1.0]], "pose_inverse": [[-0.3415754735469818, -0.9398543238639832, 0.0, 1193.995361328125], [0.9398543238639832, -0.3415754735469818, 0.0, 21.317813873291016], [0.0, 0.0, 1.0, 0.0], [0.0, 0.0, 0.0, 1.0]], "cam_ids": [0, 1, 2, 3, 4, 5], "cam_channels": ["CAM_FRONT_LEFT", "CAM_FRONT", "CAM_FRONT_RIGHT", "CAM_BACK_LEFT", "CAM_BACK", "CAM_BACK_RIGHT"], "token": "d628f4a6b4a6405c8f4cfbb8d18c6fd8", "scene": "scene-0276"}, {"images": ["samples/CAM_FRONT_LEFT/n015-2018-07-11-11-54-16+0800__CAM_FRONT_LEFT__1531281910654844.jpg", "samples/CAM_FRONT/n015-2018-07-11-11-54-16+0800__CAM_FRONT__1531281910662460.jpg", "samples/CAM_FRONT_RIGHT/n015-2018-07-11-11-54-16+0800__CAM_FRONT_RIGHT__1531281910670339.jpg", "samples/CAM_BACK_LEFT/n015-2018-07-11-11-54-16+0800__CAM_BACK_LEFT__1531281910697423.jpg", "samples/CAM_BACK/n015-2018-07-11-11-54-16+0800__CAM_BACK__1531281910687525.jpg", "samples/CAM_BACK_RIGHT/n015-2018-07-11-11-54-16+0800__CAM_BACK_RIGHT__1531281910677893.jpg"], "intrinsics": [[[1272.5979470598488, 0.0, 826.6154927353808], [0.0, 1272.5979470598488, 479.75165386361925], [0.0, 0.0, 1.0]], [[1266.417203046554, 0.0, 816.2670197447984], [0.0, 1266.417203046554, 491.50706579294757], [0.0, 0.0, 1.0]], [[1260.8474446004698, 0.0, 807.968244525554], [0.0, 1260.8474446004698, 495.3344268742088], [0.0, 0.0, 1.0]], [[1256.7414812095406, 0.0, 792.1125740759628], [0.0, 1256.7414812095406, 492.7757465151356], [0.0, 0.0, 1.0]], [[809.2209905677063, 0.0, 829.2196003259838], [0.0, 809.2209905677063, 481.77842384512485], [0.0, 0.0, 1.0]], [[1259.5137405846733, 0.0, 807.2529053838625], [0.0, 1259.5137405846733, 501.19579884916527], [0.0, 0.0, 1.0]]], "extrinsics": [[[0.8214754462242126, -0.5697354674339294, 0.024072300642728806, -0.82391357421875], [0.004795579239726067, -0.035310350358486176, -0.9993649125099182, 1.509070873260498], [0.5702236294746399, 0.8210691809654236, -0.02627437934279442, -1.182373046875], [0.0, 0.0, 0.0, 1.0]], [[0.006743934936821461, -0.9992169737815857, 0.038985684514045715, 0.006008148193359375], [-0.0004730059881694615, -0.038989756256341934, -0.9992395043373108, 1.5204659700393677], [0.9999771118164062, 0.006720357108861208, -0.0007355803390964866, -1.5504150390625], [0.0, 0.0, 0.0, 1.0]], [[-0.8323933482170105, -0.5541340708732605, 0.007538225501775742, 0.9400634765625], [0.00518067367374897, -0.021382475271821022, -0.9997579455375671, 1.504218578338623], [0.5541611313819885, -0.832152783870697, 0.020669417455792427, -1.187255859375], [0.0, 0.0, 0.0, 1.0]], [[0.9476962685585022, 0.31916213035583496, -0.0026830437127500772, -1.135498046875], [0.01421092264354229, -0.050591759383678436, -0.9986183047294617, 1.588658332824707], [-0.3188568949699402, 0.9463487267494202, -0.052481215447187424, -0.10601806640625], [0.0, 0.0, 0.0, 1.0]], [[0.0020570866763591766, 0.9991581439971924, -0.04097168520092964, 0.002849578857421875], [-0.011421183124184608, -0.0409456230700016, -0.9990960955619812, 1.5788507461547852], [-0.9999326467514038, 0.0025231202598661184, 0.011327340267598629, -0.042724609375], [0.0, 0.0, 0.0, 1.0]], [[-0.934943437576294, 0.35361286997795105, -0.028957687318325043, 1.0601806640625], [0.021109238266944885, -0.02603263035416603, -0.9994381666183472, 1.5531635284423828], [-0.3541681170463562, -0.9350295066833496, 0.016874536871910095, -0.09234619140625], [0.0, 0.0, 0.0, 1.0]]], "view": [[0.0, -2.0, 100.0], [-2.0, 0.0, 100.0], [0.0, 0.0, 1.0]], "bev": "bev_7b011306ccc34c94a341a54ba2552c52.png", "aux": "aux_7b011306ccc34c94a341a54ba2552c52.npz", "visibility": "visibility_7b011306ccc34c94a341a54ba2552c52.png", "pose": [[-0.3498038053512573, 0.9368229508399963, 0.0, 387.2786560058594], [-0.9368229508399963, -0.3498038053512573, 0.0, 1128.052001953125], [0.0, 0.0, 1.0, 0.0], [0.0, 0.0, 0.0, 1.0]], "pose_inverse": [[-0.3498038053512573, -0.9368229508399963, 0.0, 1192.256591796875], [0.9368229508399963, -0.3498038053512573, 0.0, 31.785343170166016], [0.0, 0.0, 1.0, 0.0], [0.0, 0.0, 0.0, 1.0]], "cam_ids": [0, 1, 2, 3, 4, 5], "cam_channels": ["CAM_FRONT_LEFT", "CAM_FRONT", "CAM_FRONT_RIGHT", "CAM_BACK_LEFT", "CAM_BACK", "CAM_BACK_RIGHT"], "token": "7b011306ccc34c94a341a54ba2552c52", "scene": "scene-0276"}, {"images": ["samples/CAM_FRONT_LEFT/n015-2018-07-11-11-54-16+0800__CAM_FRONT_LEFT__1531281911154844.jpg", "samples/CAM_FRONT/n015-2018-07-11-11-54-16+0800__CAM_FRONT__1531281911162460.jpg", "samples/CAM_FRONT_RIGHT/n015-2018-07-11-11-54-16+0800__CAM_FRONT_RIGHT__1531281911170339.jpg", "samples/CAM_BACK_LEFT/n015-2018-07-11-11-54-16+0800__CAM_BACK_LEFT__1531281911197423.jpg", "samples/CAM_BACK/n015-2018-07-11-11-54-16+0800__CAM_BACK__1531281911187525.jpg", "samples/CAM_BACK_RIGHT/n015-2018-07-11-11-54-16+0800__CAM_BACK_RIGHT__1531281911177893.jpg"], "intrinsics": [[[1272.5979470598488, 0.0, 826.6154927353808], [0.0, 1272.5979470598488, 479.75165386361925], [0.0, 0.0, 1.0]], [[1266.417203046554, 0.0, 816.2670197447984], [0.0, 1266.417203046554, 491.50706579294757], [0.0, 0.0, 1.0]], [[1260.8474446004698, 0.0, 807.968244525554], [0.0, 1260.8474446004698, 495.3344268742088], [0.0, 0.0, 1.0]], [[1256.7414812095406, 0.0, 792.1125740759628], [0.0, 1256.7414812095406, 492.7757465151356], [0.0, 0.0, 1.0]], [[809.2209905677063, 0.0, 829.2196003259838], [0.0, 809.2209905677063, 481.77842384512485], [0.0, 0.0, 1.0]], [[1259.5137405846733, 0.0, 807.2529053838625], [0.0, 1259.5137405846733, 501.19579884916527], [0.0, 0.0, 1.0]]], "extrinsics": [[[0.8213297128677368, -0.5695362091064453, 0.03234310820698738, -0.7890625], [0.014242223463952541, -0.03620675578713417, -0.9992428421974182, 1.511312484741211], [0.5702759623527527, 0.8211684226989746, -0.021626222878694534, -1.15863037109375], [0.0, 0.0, 0.0, 1.0]], [[0.006581845227628946, -0.9991641044616699, 0.04034574702382088, 0.006610870361328125], [0.009065578691661358, -0.040285345166921616, -0.9991471171379089, 1.5221586227416992], [0.9999372959136963, 0.006941989529877901, 0.008792847394943237, -1.514892578125], [0.0, 0.0, 0.0, 1.0]], [[-0.8323104977607727, -0.554309606552124, 0.00047337167779915035, 0.91632080078125], [0.014784218743443489, -0.023052556440234184, -0.9996249079704285, 1.5057144165039062], [0.5541125535964966, -0.8319912552833557, 0.02738191932439804, -1.1710205078125], [0.0, 0.0, 0.0, 1.0]], [[0.9476681351661682, 0.3192065358161926, 0.005688012577593327, -1.1341552734375], [0.023828988894820213, -0.05295493081212044, -0.9983125329017639, 1.5887622833251953], [-0.3183666169643402, 0.9462044835090637, -0.05779007077217102, -0.106475830078125], [0.0, 0.0, 0.0, 1.0]], [[0.00233934517018497, 0.9990654587745667, -0.043159905821084976, 0.0027923583984375], [-0.001685666968114674, -0.04315602406859398, -0.999066948890686, 1.579265832901001], [-0.9999958276748657, 0.002409891225397587, 0.0015831352211534977, -0.054931640625], [0.0, 0.0, 0.0, 1.0]], [[-0.9346903562545776, 0.3533504903316498, -0.03869722783565521, 1.03955078125], [0.03079858236014843, -0.027951309457421303, -0.9991347193717957, 1.5546379089355469], [-0.35412633419036865, -0.9350733757019043, 0.015243126079440117, -0.100006103515625], [0.0, 0.0, 0.0, 1.0]]], "view": [[0.0, -2.0, 100.0], [-2.0, 0.0, 100.0], [0.0, 0.0, 1.0]], "bev": "bev_333b8e10454e4be1b6ea0a57ed25e3d5.png", "aux": "aux_333b8e10454e4be1b6ea0a57ed25e3d5.npz", "visibility": "visibility_333b8e10454e4be1b6ea0a57ed25e3d5.png", "pose": [[-0.36005690693855286, 0.9329303503036499, 0.0, 386.4971008300781], [-0.9329303503036499, -0.36005690693855286, 0.0, 1125.997314453125], [0.0, 0.0, 1.0, 0.0], [0.0, 0.0, 0.0, 1.0]], "pose_inverse": [[-0.36005690693855286, -0.9329303503036499, 0.0, 1189.6380615234375], [0.9329303503036499, -0.36005690693855286, 0.0, 44.84822082519531], [0.0, 0.0, 1.0, 0.0], [0.0, 0.0, 0.0, 1.0]], "cam_ids": [0, 1, 2, 3, 4, 5], "cam_channels": ["CAM_FRONT_LEFT", "CAM_FRONT", "CAM_FRONT_RIGHT", "CAM_BACK_LEFT", "CAM_BACK", "CAM_BACK_RIGHT"], "token": "333b8e10454e4be1b6ea0a57ed25e3d5", "scene": "scene-0276"}, {"images": ["samples/CAM_FRONT_LEFT/n015-2018-07-11-11-54-16+0800__CAM_FRONT_LEFT__1531281911654844.jpg", "samples/CAM_FRONT/n015-2018-07-11-11-54-16+0800__CAM_FRONT__1531281911662460.jpg", "samples/CAM_FRONT_RIGHT/n015-2018-07-11-11-54-16+0800__CAM_FRONT_RIGHT__1531281911670339.jpg", "samples/CAM_BACK_LEFT/n015-2018-07-11-11-54-16+0800__CAM_BACK_LEFT__1531281911697423.jpg", "samples/CAM_BACK/n015-2018-07-11-11-54-16+0800__CAM_BACK__1531281911687525.jpg", "samples/CAM_BACK_RIGHT/n015-2018-07-11-11-54-16+0800__CAM_BACK_RIGHT__1531281911677893.jpg"], "intrinsics": [[[1272.5979470598488, 0.0, 826.6154927353808], [0.0, 1272.5979470598488, 479.75165386361925], [0.0, 0.0, 1.0]], [[1266.417203046554, 0.0, 816.2670197447984], [0.0, 1266.417203046554, 491.50706579294757], [0.0, 0.0, 1.0]], [[1260.8474446004698, 0.0, 807.968244525554], [0.0, 1260.8474446004698, 495.3344268742088], [0.0, 0.0, 1.0]], [[1256.7414812095406, 0.0, 792.1125740759628], [0.0, 1256.7414812095406, 492.7757465151356], [0.0, 0.0, 1.0]], [[809.2209905677063, 0.0, 829.2196003259838], [0.0, 809.2209905677063, 481.77842384512485], [0.0, 0.0, 1.0]], [[1259.5137405846733, 0.0, 807.2529053838625], [0.0, 1259.5137405846733, 501.19579884916527], [0.0, 0.0, 1.0]]], "extrinsics": [[[0.8208683133125305, -0.5704118013381958, 0.028382228687405586, -0.7591552734375], [0.008612439036369324, -0.03732692450284958, -0.9992659687995911, 1.5103979110717773], [0.5710524916648865, 0.8205102682113647, -0.025727851316332817, -1.1365966796875], [0.0, 0.0, 0.0, 1.0]], [[0.005880337208509445, -0.9991241097450256, 0.04142937436699867, 0.006084442138671875], [0.0032565982546657324, -0.041410740464925766, -0.9991369247436523, 1.5212041139602661], [0.9999774098396301, 0.006010183598846197, 0.0030102350283414125, -1.483642578125], [0.0, 0.0, 0.0, 1.0]], [[-0.8327112793922424, -0.5536742210388184, 0.006064149551093578, 0.89483642578125], [0.008831453509628773, -0.024231186136603355, -0.9996673464775085, 1.5050983428955078], [0.5536370277404785, -0.8323807120323181, 0.02506733126938343, -1.157470703125], [0.0, 0.0, 0.0, 1.0]], [[0.9476974010467529, 0.3191699683666229, -0.0005047920858487487, -1.1304931640625], [0.01767204888164997, -0.05405186489224434, -0.9983817338943481, 1.5887737274169922], [-0.31868070363998413, 0.9461548328399658, -0.05686519294977188, -0.107666015625], [0.0, 0.0, 0.0, 1.0]], [[0.002383679384365678, 0.9990115761756897, -0.0