[{"images": ["samples/CAM_FRONT_LEFT/n008-2018-09-18-13-41-50-0400__CAM_FRONT_LEFT__1537292871254799.jpg", "samples/CAM_FRONT/n008-2018-09-18-13-41-50-0400__CAM_FRONT__1537292871262404.jpg", "samples/CAM_FRONT_RIGHT/n008-2018-09-18-13-41-50-0400__CAM_FRONT_RIGHT__1537292871270482.jpg", "samples/CAM_BACK_LEFT/n008-2018-09-18-13-41-50-0400__CAM_BACK_LEFT__1537292871297405.jpg", "samples/CAM_BACK/n008-2018-09-18-13-41-50-0400__CAM_BACK__1537292871287558.jpg", "samples/CAM_BACK_RIGHT/n008-2018-09-18-13-41-50-0400__CAM_BACK_RIGHT__1537292871278113.jpg"], "intrinsics": [[[1257.8625342125129, 0.0, 827.2410631095686], [0.0, 1257.8625342125129, 450.915498205774], [0.0, 0.0, 1.0]], [[1252.8131021185304, 0.0, 826.588114781398], [0.0, 1252.8131021185304, 469.9846626224581], [0.0, 0.0, 1.0]], [[1256.7485116440405, 0.0, 817.7887570959712], [0.0, 1256.7485116440403, 451.9541780095127], [0.0, 0.0, 1.0]], [[1254.9860565800168, 0.0, 829.5769333630991], [0.0, 1254.9860565800168, 467.1680561863987], [0.0, 0.0, 1.0]], [[796.8910634503094, 0.0, 857.7774326863696], [0.0, 796.8910634503094, 476.8848988407415], [0.0, 0.0, 1.0]], [[1249.9629280788233, 0.0, 825.3768045375984], [0.0, 1249.9629280788233, 462.54816385708756], [0.0, 0.0, 1.0]]], "extrinsics": [[[0.8224979639053345, -0.568635880947113, -0.01226563286036253, -1.0050048828125], [0.002035710262134671, 0.024508286267518997, -0.9996975064277649, 1.4882969856262207], [0.5687645077705383, 0.8222241997718811, 0.021315591409802437, -1.333251953125], [0.0, 0.0, 0.0, 1.0]], [[0.010170172899961472, -0.9997411370277405, -0.020349090918898582, 0.00537109375], [0.00398107897490263, 0.0203904639929533, -0.9997842311859131, 1.4801654815673828], [0.9999403953552246, 0.010086938738822937, 0.00418742373585701, -1.734619140625], [0.0, 0.0, 0.0, 1.0]], [[-0.8440591096878052, -0.5359991192817688, -0.016410790383815765, 1.090576171875], [0.012014740146696568, 0.011692806147038937, -0.9998594522476196, 1.493072509765625], [0.5361156463623047, -0.8441375494003296, -0.003429529955610633, -1.277587890625], [0.0, 0.0, 0.0, 1.0]], [[0.9478620886802673, 0.31865498423576355, -0.004064055625349283, -1.1439208984375], [-0.01331392489373684, 0.02685517631471157, -0.9995506405830383, 1.562042236328125], [-0.3184026777744293, 0.9474902749061584, 0.02969755046069622, -0.15618896484375], [0.0, 0.0, 0.0, 1.0]], [[0.009284145198762417, 0.999771773815155, 0.019239816814661026, -0.028839111328125], [-0.011221098713576794, 0.019343599677085876, -0.9997498989105225, 1.5680599212646484], [-0.9998939037322998, 0.009065958671271801, 0.011398128233850002, 0.04443359375], [0.0, 0.0, 0.0, 1.0]], [[-0.9237250089645386, 0.38302090764045715, 0.005195696372538805, 1.1607666015625], [-0.007023744285106659, -0.003374412190169096, -0.9999696016311646, 1.5478124618530273], [-0.3829917311668396, -0.9237335324287415, 0.005807269364595413, -0.043701171875], [0.0, 0.0, 0.0, 1.0]]], "view": [[0.0, -2.0, 100.0], [-2.0, 0.0, 100.0], [0.0, 0.0, 1.0]], "bev": "bev_5a7f12a9bb904f86948a3f1ece0cf512.png", "aux": "aux_5a7f12a9bb904f86948a3f1ece0cf512.npz", "visibility": "visibility_5a7f12a9bb904f86948a3f1ece0cf512.png", "pose": [[0.6617231965065002, -0.7497482299804688, 0.0, 1443.7896728515625], [0.7497482299804688, 0.6617231965065002, 0.0, 1217.068359375], [0.0, 0.0, 1.0, 0.0], [0.0, 0.0, 0.0, 1.0]], "pose_inverse": [[0.6617231965065002, 0.7497482299804688, 0.0, -1867.884033203125], [-0.7497482299804688, 0.6617231965065002, 0.0, 277.1163330078125], [0.0, 0.0, 1.0, 0.0], [0.0, 0.0, 0.0, 1.0]], "cam_ids": [0, 1, 2, 3, 4, 5], "cam_channels": ["CAM_FRONT_LEFT", "CAM_FRONT", "CAM_FRONT_RIGHT", "CAM_BACK_LEFT", "CAM_BACK", "CAM_BACK_RIGHT"], "token": "5a7f12a9bb904f86948a3f1ece0cf512", "scene": "scene-0592"}, {"images": ["samples/CAM_FRONT_LEFT/n008-2018-09-18-13-41-50-0400__CAM_FRONT_LEFT__1537292871754799.jpg", "samples/CAM_FRONT/n008-2018-09-18-13-41-50-0400__CAM_FRONT__1537292871762404.jpg", "samples/CAM_FRONT_RIGHT/n008-2018-09-18-13-41-50-0400__CAM_FRONT_RIGHT__1537292871770482.jpg", "samples/CAM_BACK_LEFT/n008-2018-09-18-13-41-50-0400__CAM_BACK_LEFT__1537292871797405.jpg", "samples/CAM_BACK/n008-2018-09-18-13-41-50-0400__CAM_BACK__1537292871787558.jpg", "samples/CAM_BACK_RIGHT/n008-2018-09-18-13-41-50-0400__CAM_BACK_RIGHT__1537292871778113.jpg"], "intrinsics": [[[1257.8625342125129, 0.0, 827.2410631095686], [0.0, 1257.8625342125129, 450.915498205774], [0.0, 0.0, 1.0]], [[1252.8131021185304, 0.0, 826.588114781398], [0.0, 1252.8131021185304, 469.9846626224581], [0.0, 0.0, 1.0]], [[1256.7485116440405, 0.0, 817.7887570959712], [0.0, 1256.7485116440403, 451.9541780095127], [0.0, 0.0, 1.0]], [[1254.9860565800168, 0.0, 829.5769333630991], [0.0, 1254.9860565800168, 467.1680561863987], [0.0, 0.0, 1.0]], [[796.8910634503094, 0.0, 857.7774326863696], [0.0, 796.8910634503094, 476.8848988407415], [0.0, 0.0, 1.0]], [[1249.9629280788233, 0.0, 825.3768045375984], [0.0, 1249.9629280788233, 462.54816385708756], [0.0, 0.0, 1.0]]], "extrinsics": [[[0.8225817680358887, -0.5686010718345642, -0.007220983039587736, -1.0], [0.007692354265600443, 0.023823926225304604, -0.9996865391731262, 1.4883384704589844], [0.5685948133468628, 0.8222683668136597, 0.023971008136868477, -1.330078125], [0.0, 0.0, 0.0, 1.0]], [[0.010321374051272869, -0.9997546076774597, -0.01960158348083496, 0.005462646484375], [0.009684049524366856, 0.019701648503541946, -0.9997590184211731, 1.4802131652832031], [0.9998997449874878, 0.010129044763743877, 0.009885021485388279, -1.729736328125], [0.0, 0.0, 0.0, 1.0]], [[-0.8439393639564514, -0.5360321402549744, -0.020876901224255562, 1.0870361328125], [0.01773958094418049, 0.011009076610207558, -0.9997820258140564, 1.4931449890136719], [0.5361452102661133, -0.8441257476806641, 0.00021799170644953847, -1.2752685546875], [0.0, 0.0, 0.0, 1.0]], [[0.9478750824928284, 0.3186397850513458, 0.0012025332543998957, -1.143798828125], [-0.007539639715105295, 0.02620113454759121, -0.9996282458305359, 1.5620460510253906], [-0.3185528814792633, 0.9475136995315552, 0.02723783254623413, -0.15618896484375], [0.0, 0.0, 0.0, 1.0]], [[0.009176384657621384, 0.9997846484184265, 0.018614565953612328, -0.02886962890625], [-0.005458584986627102, 0.01866515539586544, -0.9998108148574829, 1.5680513381958008], [-0.9999430179595947, 0.009073032066226006, 0.005628687329590321, 0.0428466796875], [0.0, 0.0, 0.0, 1.0]], [[-0.9237435460090637, 0.3830113410949707, -0.00035865308018401265, 1.15771484375], [-0.0012914733961224556, -0.004051160998642445, -0.9999909400939941, 1.547808289527893], [-0.38300925493240356, -0.923734724521637, 0.004236883018165827, -0.044921875], [0.0, 0.0, 0.0, 1.0]]], "view": [[0.0, -2.0, 100.0], [-2.0, 0.0, 100.0], [0.0, 0.0, 1.0]], "bev": "bev_6df9d7a7ef5846df82e75c8661d4c08c.png", "aux": "aux_6df9d7a7ef5846df82e75c8661d4c08c.npz", "visibility": "visibility_6df9d7a7ef5846df82e75c8661d4c08c.png", "pose": [[0.6618284583091736, -0.7496553063392639, 0.0, 1443.79541015625], [0.7496553063392639, 0.6618284583091736, 0.0, 1217.0748291015625], [0.0, 0.0, 1.0, 0.0], [0.0, 0.0, 0.0, 1.0]], "pose_inverse": [[0.6618284583091736, 0.7496553063392639, 0.0, -1867.9315185546875], [-0.7496553063392639, 0.6618284583091736, 0.0, 276.8541564941406], [0.0, 0.0, 1.0, 0.0], [0.0, 0.0, 0.0, 1.0]], "cam_ids": [0, 1, 2, 3, 4, 5], "cam_channels": ["CAM_FRONT_LEFT", "CAM_FRONT", "CAM_FRONT_RIGHT", "CAM_BACK_LEFT", "CAM_BACK", "CAM_BACK_RIGHT"], "token": "6df9d7a7ef5846df82e75c8661d4c08c", "scene": "scene-0592"}, {"images": ["samples/CAM_FRONT_LEFT/n008-2018-09-18-13-41-50-0400__CAM_FRONT_LEFT__1537292872154799.jpg", "samples/CAM_FRONT/n008-2018-09-18-13-41-50-0400__CAM_FRONT__1537292872162404.jpg", "samples/CAM_FRONT_RIGHT/n008-2018-09-18-13-41-50-0400__CAM_FRONT_RIGHT__1537292872170482.jpg", "samples/CAM_BACK_LEFT/n008-2018-09-18-13-41-50-0400__CAM_BACK_LEFT__1537292872197405.jpg", "samples/CAM_BACK/n008-2018-09-18-13-41-50-0400__CAM_BACK__1537292872187558.jpg", "samples/CAM_BACK_RIGHT/n008-2018-09-18-13-41-50-0400__CAM_BACK_RIGHT__1537292872178113.jpg"], "intrinsics": [[[1257.8625342125129, 0.0, 827.2410631095686], [0.0, 1257.8625342125129, 450.915498205774], [0.0, 0.0, 1.0]], [[1252.8131021185304, 0.0, 826.588114781398], [0.0, 1252.8131021185304, 469.9846626224581], [0.0, 0.0, 1.0]], [[1256.7485116440405, 0.0, 817.7887570959712], [0.0, 1256.7485116440403, 451.9541780095127], [0.0, 0.0, 1.0]], [[1254.9860565800168, 0.0, 829.5769333630991], [0.0, 1254.9860565800168, 467.1680561863987], [0.0, 0.0, 1.0]], [[796.8910634503094, 0.0, 857.7774326863696], [0.0, 796.8910634503094, 476.8848988407415], [0.0, 0.0, 1.0]], [[1249.9629280788233, 0.0, 825.3768045375984], [0.0, 1249.9629280788233, 462.54816385708756], [0.0, 0.0, 1.0]]], "extrinsics": [[[0.8224773406982422, -0.5687512159347534, -0.007297792937606573, -0.9798583984375], [0.008105525746941566, 0.02454846166074276, -0.9996657371520996, 1.4885377883911133], [0.5687402486801147, 0.8221432566642761, 0.024800579994916916, -1.3160400390625], [0.0, 0.0, 0.0, 1.0]], [[0.010167412459850311, -0.9997420907020569, -0.02031134068965912, 0.005767822265625], [0.01004211138933897, 0.020413454622030258, -0.9997411966323853, 1.480417251586914], [0.9998978972434998, 0.009960846044123173, 0.010247072204947472, -1.70947265625], [0.0, 0.0, 0.0, 1.0]], [[-0.8440017104148865, -0.5359093546867371, -0.021503403782844543, 1.07373046875], [0.018050117418169975, 0.011688733473420143, -0.9997687339782715, 1.4934310913085938], [0.5360367894172668, -0.8441947102546692, -0.00019208353478461504, -1.266845703125], [0.0, 0.0, 0.0, 1.0]], [[0.9478755593299866, 0.31863704323768616, 0.0015570838004350662, -1.1429443359375], [-0.007336027920246124, 0.026707908138632774, -0.9996163845062256, 1.5620384216308594], [-0.31855639815330505, 0.9475005269050598, 0.027653304859995842, -0.15643310546875], [0.0, 0.0, 0.0, 1.0]], [[0.009223413653671741, 0.9997735023498535, 0.019183531403541565, -0.0289306640625], [-0.005218218080699444, 0.019232209771871567, -0.9998013973236084, 1.5680160522460938], [-0.9999439120292664, 0.009121526032686234, 0.005394422449171543, 0.0362548828125], [0.0, 0.0, 0.0, 1.0]], [[-0.9237067699432373, 0.3831000030040741, -0.0003704640839714557, 1.1470947265625], [-0.0010158090153709054, -0.0034162679221481085, -0.999993622303009, 1.54779851436615], [-0.3830987513065338, -0.9237005710601807, 0.003544786712154746, -0.049224853515625], [0.0, 0.0, 0.0, 1.0]]], "view": [[0.0, -2.0, 100.0], [-2.0, 0.0, 100.0], [0.0, 0.0, 1.0]], "bev": "bev_e64991d4fa4a4b678c0b98981011ad42.png", "aux": "aux_e64991d4fa4a4b678c0b98981011ad42.npz", "visibility": "visibility_e64991d4fa4a4b678c0b98981011ad42.png", "pose": [[0.6609687805175781, -0.7504134178161621, 0.0, 1443.91064453125], [0.7504134178161621, 0.6609687805175781, 0.0, 1217.204833984375], [0.0, 0.0, 1.0, 0.0], [0.0, 0.0, 0.0, 1.0]], "pose_inverse": [[0.6609687805175781, 0.7504134178161621, 0.0, -1867.78662109375], [-0.7504134178161621, 0.6609687805175781, 0.0, 278.9955749511719], [0.0, 0.0, 1.0, 0.0], [0.0, 0.0, 0.0, 1.0]], "cam_ids": [0, 1, 2, 3, 4, 5], "cam_channels": ["CAM_FRONT_LEFT", "CAM_FRONT", "CAM_FRONT_RIGHT", "CAM_BACK_LEFT", "CAM_BACK", "CAM_BACK_RIGHT"], "token": "e64991d4fa4a4b678c0b98981011ad42", "scene": "scene-0592"}, {"images": ["samples/CAM_FRONT_LEFT/n008-2018-09-18-13-41-50-0400__CAM_FRONT_LEFT__1537292872654799.jpg", "samples/CAM_FRONT/n008-2018-09-18-13-41-50-0400__CAM_FRONT__1537292872662404.jpg", "samples/CAM_FRONT_RIGHT/n008-2018-09-18-13-41-50-0400__CAM_FRONT_RIGHT__1537292872670482.jpg", "samples/CAM_BACK_LEFT/n008-2018-09-18-13-41-50-0400__CAM_BACK_LEFT__1537292872697405.jpg", "samples/CAM_BACK/n008-2018-09-18-13-41-50-0400__CAM_BACK__1537292872687558.jpg", "samples/CAM_BACK_RIGHT/n008-2018-09-18-13-41-50-0400__CAM_BACK_RIGHT__1537292872678113.jpg"], "intrinsics": [[[1257.8625342125129, 0.0, 827.2410631095686], [0.0, 1257.8625342125129, 450.915498205774], [0.0, 0.0, 1.0]], [[1252.8131021185304, 0.0, 826.588114781398], [0.0, 1252.8131021185304, 469.9846626224581], [0.0, 0.0, 1.0]], [[1256.7485116440405, 0.0, 817.7887570959712], [0.0, 1256.7485116440403, 451.9541780095127], [0.0, 0.0, 1.0]], [[1254.9860565800168, 0.0, 829.5769333630991], [0.0, 1254.9860565800168, 467.1680561863987], [0.0, 0.0, 1.0]], [[796.8910634503094, 0.0, 857.7774326863696], [0.0, 796.8910634503094, 476.8848988407415], [0.0, 0.0, 1.0]], [[1249.9629280788233, 0.0, 825.3768045375984], [0.0, 1249.9629280788233, 462.54816385708756], [0.0, 0.0, 1.0]]], "extrinsics": [[[0.8223138451576233, -0.5690311193466187, 0.0018875186797231436, -0.9342041015625], [0.014605551026761532, 0.01779046654701233, -0.9997350573539734, 1.4895343780517578], [0.5688467025756836, 0.8221235275268555, 0.022940360009670258, -1.2850341796875], [0.0, 0.0, 0.0, 1.0]], [[0.010038629174232483, -0.9998593330383301, -0.013439314439892769, 0.00665283203125], [0.016550879925489426, 0.013604292646050453, -0.9997705221176147, 1.4813423156738281], [0.9998126029968262, 0.009813956916332245, 0.016685117036104202, -1.6632080078125], [0.0, 0.0, 0.0, 1.0]], [[-0.8439420461654663, -0.5359271764755249, -0.023321280255913734, 1.04296875], [0.024563824757933617, 0.00482066860422492, -0.999686598777771, 1.4944648742675781], [0.5358717441558838, -0.8442504405975342, 0.009096057154238224, -1.2467041015625], [0.0, 0.0, 0.0, 1.0]], [[0.9478768706321716, 0.3185912072658539, 0.005403084214776754, -1.14111328125], [-0.0009472877718508244, 0.01977435313165188, -0.9998040199279785, 1.562035083770752], [-0.3186356723308563, 0.947685956954956, 0.019045446068048477, -0.1572265625], [0.0, 0.0, 0.0, 1.0]], [[0.009205390699207783, 0.9998822212219238, 0.01228072214871645, -0.0289306640625], [0.0012699037324637175, 0.01226954348385334, -0.9999238848686218, 1.5680867433547974], [-0.9999568462371826, 0.009220312349498272, -0.0011568085756152868, 0.0213623046875], [0.0, 0.0, 0.0, 1.0]], [[-0.9236366152763367, 0.3831627666950226, -0.009037378244102001, 1.12158203125], [0.0054956842213869095, -0.01033697184175253, -0.9999314546585083, 1.5480461120605469], [-0.38322991132736206, -0.9236230254173279, 0.007441864814609289, -0.059661865234375], [0.0, 0.0, 0.0, 1.0]]], "view": [[0.0, -2.0, 100.0], [-2.0, 0.0, 100.0], [0.0, 0.0, 1.0]], "bev": "bev_03e308fe652b47088d258145f395a68a.png", "aux": "aux_03e308fe652b47088d258145f395a68a.npz", "visibility": "visibility_03e308fe652b47088d258145f395a68a.png", "pose": [[0.6577079892158508, -0.7532730102539062, 0.0, 1444.3482666015625], [0.7532730102539062, 0.6577079892158508, 0.0, 1217.69873046875], [0.0, 0.0, 1.0, 0.0], [0.0, 0.0, 0.0, 1.0]], "pose_inverse": [[0.6577079892158508, 0.7532730102539062, 0.0, -1867.218994140625], [-0.7532730102539062, 0.6577079892158508, 0.0, 287.0984191894531], [0.0, 0.0, 1.0, 0.0], [0.0, 0.0, 0.0, 1.0]], "cam_ids": [0, 1, 2, 3, 4, 5], "cam_channels": ["CAM_FRONT_LEFT", "CAM_FRONT", "CAM_FRONT_RIGHT", "CAM_BACK_LEFT", "CAM_BACK", "CAM_BACK_RIGHT"], "token": "03e308fe652b47088d258145f395a68a", "scene": "scene-0592"}, {"images": ["samples/CAM_FRONT_LEFT/n008-2018-09-18-13-41-50-0400__CAM_FRONT_LEFT__1537292873154799.jpg", "samples/CAM_FRONT/n008-2018-09-18-13-41-50-0400__CAM_FRONT__1537292873162412.jpg", "samples/CAM_FRONT_RIGHT/n008-2018-09-18-13-41-50-0400__CAM_FRONT_RIGHT__1537292873170482.jpg", "samples/CAM_BACK_LEFT/n008-2018-09-18-13-41-50-0400__CAM_BACK_LEFT__1537292873197405.jpg", "samples/CAM_BACK/n008-2018-09-18-13-41-50-0400__CAM_BACK__1537292873187558.jpg", "samples/CAM_BACK_RIGHT/n008-2018-09-18-13-41-50-0400__CAM_BACK_RIGHT__1537292873178113.jpg"], "intrinsics": [[[1257.8625342125129, 0.0, 827.2410631095686], [0.0, 1257.8625342125129, 450.915498205774], [0.0, 0.0, 1.0]], [[1252.8131021185304, 0.0, 826.588114781398], [0.0, 1252.8131021185304, 469.9846626224581], [0.0, 0.0, 1.0]], [[1256.7485116440405, 0.0, 817.7887570959712], [0.0, 1256.7485116440403, 451.9541780095127], [0.0, 0.0, 1.0]], [[1254.9860565800168, 0.0, 829.5769333630991], [0.0, 1254.9860565800168, 467.1680561863987], [0.0, 0.0, 1.0]], [[796.8910634503094, 0.0, 857.7774326863696], [0.0, 796.8910634503094, 476.8848988407415], [0.0, 0.0, 1.0]], [[1249.9629280788233, 0.0, 825.3768045375984], [0.0, 1249.9629280788233, 462.54816385708756], [0.0, 0.0, 1.0]]], "extrinsics": [[[0.8220410346984863, -0.5694172382354736, 0.0035509259905666113, -0.8927001953125], [0.019136924296617508, 0.021393582224845886, -0.9995879530906677, 1.4908905029296875], [0.5691066384315491, 0.8217702507972717, 0.028483295813202858, -1.2562255859375], [0.0, 0.0, 0.0, 1.0]], [[0.00968434102833271, -0.9998051524162292, -0.017200764268636703, 0.00689697265625], [0.02131667360663414, 0.01740407943725586, -0.9996212720870972, 1.482574462890625], [0.999725878238678, 0.009314022958278656, 0.021481066942214966, -1.6212158203125], [0.0, 0.0, 0.0, 1.0]], [[-0.8440183997154236, -0.535492479801178, -0.029677225276827812, 1.015380859375], [0.029517831280827522, 0.008869466371834278, -0.9995248913764954, 1.4957008361816406], [0.53550124168396, -0.8444933891296387, 0.0083205820992589, -1.2294921875], [0.0, 0.0, 0.0, 1.0]], [[0.9478325247764587, 0.31852346658706665, 0.012500709854066372, -1.1383056640625], [0.0048836818896234035, 0.02470095455646515, -0.9996829628944397, 1.562072515487671], [-0.3187312185764313, 0.9475930333137512, 0.021856797859072685, -0.1578369140625], [0.0, 0.0, 0.0, 1.0]], [[0.009306786581873894, 0.9998108148574829, 0.017080998048186302, -0.02862548828125], [0.00679761590436101, 0.017018085345625877, -0.999832034111023, 1.5683083534240723], [-0.9999335408210754, 0.009421336464583874, -0.006637947633862495, 0.0078125], [0.0, 0.0, 0.0, 1.0]], [[-0.923455536365509, 0.38351356983184814, -0.012132683768868446, 1.099365234375], [0.010652787052094936, -0.0059825885109603405, -0.9999253153800964, 1.5485172271728516], [-0.3835574984550476, -0.9235158562660217, 0.0014391661388799548, -0.06884765625], [0.0, 0.0, 0.0, 1.0]]], "view": [[0.0, -2.0, 100.0], [-2.0, 0.0, 100.0], [0.0, 0.0, 1.0]], "bev": "bev_c5fb7fe66f6d4a249e6cd38d8bf69b8e.png", "aux": "aux_c5fb7fe66f6d4a249e6cd38d8bf69b8e.npz", "visibility": "visibility_c5fb7fe66f6d4a249e6cd38d8bf69b8e.png", "pose": [[0.655032217502594, -0.7556009292602539, 0.0, 1445.1982421875], [0.7556009292602539, 0.655032217502594, 0.0, 1218.664794921875], [0.0, 0.0, 1.0, 0.0], [0.0, 0.0, 0.0, 1.0]], "pose_inverse": [[0.655032217502594, 0.7556009292602539, 0.0, -1867.4757080078125], [-0.7556009292602539, 0.655032217502594, 0.0, 293.72845458984375], [0.0, 0.0, 1.0, 0.0], [0.0, 0.0, 0.0, 1.0]], "cam_ids": [0, 1, 2, 3, 4, 5], "cam_channels": ["CAM_FRONT_LEFT", "CAM_FRONT", "CAM_FRONT_RIGHT", "CAM_BACK_LEFT", "CAM_BACK", "CAM_BACK_RIGHT"], "token": "c5fb7fe66f6d4a249e6cd38d8bf69b8e", "scene": "scene-0592"}, {"images": ["samples/CAM_FRONT_LEFT/n008-2018-09-18-13-41-50-0400__CAM_FRONT_LEFT__1537292873654799.jpg", "samples/CAM_FRONT/n008-2018-09-18-13-41-50-0400__CAM_FRONT__1537292873662404.jpg", "samples/CAM_FRONT_RIGHT/n008-2018-09-18-13-41-50-0400__CAM_FRONT_RIGHT__1537292873670482.jpg", "samples/CAM_BACK_LEFT/n008-2018-09-18-13-41-50-0400__CAM_BACK_LEFT__1537292873697405.jpg", "samples/CAM_BACK/n008-2018-09-18-13-41-50-0400__CAM_BACK__1537292873687558.jpg", "samples/CAM_BACK_RIGHT/n008-2018-09-18-13-41-50-0400__CAM_BACK_RIGHT__1537292873678113.jpg"], "intrinsics": [[[1257.8625342125129, 0.0, 827.2410631095686], [0.0, 1257.8625342125129, 450.915498205774], [0.0, 0.0, 1.0]], [[1252.8131021185304, 0.0, 826.588114781398], [0.0, 1252.8131021185304, 469.9846626224581], [0.0, 0.0, 1.0]], [[1256.7485116440405, 0.0, 817.7887570959712], [0.0, 1256.7485116440403, 451.9541780095127], [0.0, 0.0, 1.0]], [[1254.9860565800168, 0.0, 829.5769333630991], [0.0, 1254.9860565800168, 467.1680561863987], [0.0, 0.0, 1.0]], [[796.8910634503094, 0.0, 857.7774326863696], [0.0, 796.8910634503094, 476.8848988407415], [0.0, 0.0, 1.0]], [[1249.9629280788233, 0.0, 825.3768045375984], [0.0, 1249.9629280788233, 462.54816385708756], [0.0, 0.0, 1.0]]], "extrinsics": [[[0.8217777013778687, -0.569803774356842, 0.0022376449778676033, -0.8746337890625], [0.014187526889145374, 0.016535306349396706, -0.9997625946998596, 1.490509033203125], [0.5696315765380859, 0.8216143846511841, 0.021672453731298447, -1.24462890625], [0.0, 0.0, 0.0, 1.0]], [[0.009238157421350479, -0.999884843826294, -0.012029053643345833, 0.007568359375], [0.01629910245537758, 0.012178538367152214, -0.9997930526733398, 1.4822864532470703], [0.9998244643211365, 0.009040161035954952, 0.01640973426401615, -1.60400390625], [0.0, 0.0, 0.0, 1.0]], [[-0.8442874550819397, -0.5354207158088684, -0.022434409707784653, 1.0045166015625], [0.024490924552083015, 0.0032687941566109657, -0.9996947050094604, 1.4955787658691406], [0.5353305339813232, -0.8445792198181152, 0.010353145189583302, -1.22216796875], [0.0, 0.0, 0.0, 1.0]], [[0.9478886127471924, 0.31855273246765137, 0.005609135143458843, -1.1380615234375], [-8.001247624633834e-05, 0.017843464389443398, -0.9998407363891602, 1.5620417594909668], [-0.3186020851135254, 0.9477370977401733, 0.016939105466008186, -0.15802001953125], [0.0, 0.0, 0.0, 1.0]], [[0.009475371800363064, 0.9998990297317505, 0.01059226505458355, -0.02880859375], [0.0017630693037062883, 0.010576019994914532, -0.9999424815177917, 1.568130612373352], [-0.99995356798172, 0.009493416175246239, -0.001662679947912693, 0.0029296875], [0.0, 0.0, 0.0, 1.0]], [[-0.923447847366333, 0.3835993707180023, -0.009771213866770267, 1.0908203125], [0.005620994605123997, -0.011938671581447124, -0.9999129772186279, 1.548243522644043], [-0.3836826682090759, -0.9234223961830139, 0.008868531323969364, -0.07208251953125], [0.0, 0.0, 0.0, 1.0]]], "view": [[0.0, -2.0, 100.0], [-2.0, 0.0, 100.0], [0.0, 0.0, 1.0]], "bev": "bev_d5930fc01785491196d958447c7acd3d.png", "aux": "aux_d5930fc01785491196d958447c7acd3d.npz", "visibility": "visibility_d5930fc01785491196d958447c7acd3d.png", "pose": [[0.6480404138565063, -0.7616059184074402, 0.0, 1446.266845703125], [0.7616059184074402, 0.6480404138565063, 0.0, 1219.8936767578125], [0.0, 0.0, 1.0, 0.0], [0.0, 0.0, 0.0, 1.0]], "pose_inverse": [[0.6480404138565063, 0.7616059184074402, 0.0, -1866.317626953125], [-0.7616059184074402, 0.6480404138565063, 0.0, 310.94500732421875], [0.0, 0.0, 1.0, 0.0], [0.0, 0.0, 0.0, 1.0]], "cam_ids": [0, 1, 2, 3, 4, 5], "cam_channels": ["CAM_FRONT_LEFT", "CAM_FRONT", "CAM_FRONT_RIGHT", "CAM_BACK_LEFT", "CAM_BACK", "CAM_BACK_RIGHT"], "token": "d5930fc01785491196d958447c7acd3d", "scene": "scene-0592"}, {"images": ["samples/CAM_FRONT_LEFT/n008-2018-09-18-13-41-50-0400__CAM_FRONT_LEFT__1537292874154799.jpg", "samples/CAM_FRONT/n008-2018-09-18-13-41-50-0400__CAM_FRONT__1537292874162404.jpg", "samples/CAM_FRONT_RIGHT/n008-2018-09-18-13-41-50-0400__CAM_FRONT_RIGHT__1537292874170482.jpg", "samples/CAM_BACK_LEFT/n008-2018-09-18-13-41-50-0400__CAM_BACK_LEFT__1537292874197405.jpg", "samples/CAM_BACK/n008-2018-09-18-13-41-50-0400__CAM_BACK__1537292874187558.jpg", "samples/CAM_BACK_RIGHT/n008-2018-09-18-13-41-50-0400__CAM_BACK_RIGHT__1537292874178113.jpg"], "intrinsics": [[[1257.8625342125129, 0.0, 827.2410631095686], [0.0, 1257.8625342125129, 450.915498205774], [0.0, 0.0, 1.0]], [[1252.8131021185304, 0.0, 826.588114781398], [0.0, 1252.8131021185304, 469.9846626224581], [0.0, 0.0, 1.0]], [[1256.7485116440405, 0.0, 817.7887570959712], [0.0, 1256.7485116440403, 451.9541780095127], [0.0, 0.0, 1.0]], [[1254.9860565800168, 0.0, 829.5769333630991], [0.0, 1254.9860565800168, 467.1680561863987], [0.0, 0.0, 1.0]], [[796.8910634503094, 0.0, 857.7774326863696], [0.0, 796.8910634503094, 476.8848988407415], [0.0, 0.0, 1.0]], [[1249.9629280788233, 0.0, 825.3768045375984], [0.0, 1249.9629280788233, 462.54816385708756], [0.0, 0.0, 1.0]]], "extrinsics": [[[0.8212031126022339, -0.5704968571662903, 0.012606183998286724, -0.8602294921875], [0.026033958420157433, 0.015387902967631817, -0.9995425939559937, 1.49285888671875], [0.5700419545173645, 0.8211556673049927, 0.027488883584737778, -1.23358154296875], [0.0, 0.0, 0.0, 1.0]], [[0.008629909716546535, -0.9999048709869385, -0.010762393474578857, 0.0072021484375], [0.028105195611715317, 0.011001081205904484, -0.9995444416999817, 1.4842796325683594], [0.9995677471160889, 0.008323497138917446, 0.028197459876537323, -1.588134765625], [0.0, 0.0, 0.0, 1.0]], [[-0.8443077802658081, -0.5349265336990356, -0.03159051388502121, 0.9932861328125], [0.03610219433903694, 0.00203484739176929, -0.9993460178375244, 1.4972457885742188], [0.5346410274505615, -0.8448961973190308, 0.017593981698155403, -1.21533203125], [0.0, 0.0, 0.0, 1.0]], [[0.9478157758712769, 0.31844377517700195, 0.015455342829227448, -1.1358642578125], [0.010753512382507324, 0.01651780679821968, -0.999805748462677, 1.5621328353881836], [-0.3186371922492981, 0.9477977752685547, 0.012231449596583843, -0.1588134765625], [0.0, 0.0, 0.0, 1.0]], [[0.009687446989119053, 0.999909520149231, 0.009328391402959824, -0.028656005859375], [0.012811698950827122, 0.009203949943184853, -0.999875545501709, 1.5686759948730469], [-0.9998710751533508, 0.009805741719901562, -0.012721379287540913, -0.0037841796875], [0.0, 0.0, 0.0, 1.0]], [[-0.9230827689170837, 0.38404345512390137, -0.02070487290620804, 1.0811767578125], [0.016918597742915154, -0.01323503628373146, -0.9997692704200745, 1.5492744445800781], [-0.38422891497612, -0.9232200980186462, 0.005719558801501989, -0.07647705078125], [0.0, 0.0, 0.0, 1.0]]], "view": [[0.0, -2.0, 100.0], [-2.0, 0.0, 100.0], [0.0, 0.0, 1.0]], "bev": "bev_6899e48523c9478a94f73bbeff51afbf.png", "aux": "aux_6899e48523c9478a94f73bbeff51afbf.npz", "visibility": "visibility_6899e48523c9478a94f73bbeff51afbf.png", "pose": [[0.6342622637748718, -0.7731179594993591, 0.0, 1447.4639892578125], [0.7731179594993591, 0.6342622637748718, 0.0, 1221.3095703125], [0.0, 0.0, 1.0, 0.0], [0.0, 0.0, 0.0, 1.0]], "pose_inverse": [[0.6342622637748718, 0.7731179594993591, 0.0, -1862.2880859375], [-0.7731179594993591, 0.6342622637748718, 0.0, 344.42987060546875], [0.0, 0.0, 1.0, 0.0], [0.0, 0.0, 0.0, 1.0]], "cam_ids": [0, 1, 2, 3, 4, 5], "cam_channels": ["CAM_FRONT_LEFT", "CAM_FRONT", "CAM_FRONT_RIGHT", "CAM_BACK_LEFT", "CAM_BACK", "CAM_BACK_RIGHT"], "token": "6899e48523c9478a94f73bbeff51afbf", "scene": "scene-0592"}, {"images": ["samples/CAM_FRONT_LEFT/n008-2018-09-18-13-41-50-0400__CAM_FRONT_LEFT__1537292874654799.jpg", "samples/CAM_FRONT/n008-2018-09-18-13-41-50-0400__CAM_FRONT__1537292874662404.jpg", "samples/CAM_FRONT_RIGHT/n008-2018-09-18-13-41-50-0400__CAM_FRONT_RIGHT__1537292874670482.jpg", "samples/CAM_BACK_LEFT/n008-2018-09-18-13-41-50-0400__CAM_BACK_LEFT__1537292874697410.jpg", "samples/CAM_BACK/n008-2018-09-18-13-41-50-0400__CAM_BACK__1537292874687558.jpg", "samples/CAM_BACK_RIGHT/n008-2018-09-18-13-41-50-0400__CAM_BACK_RIGHT__1537292874678113.jpg"], "intrinsics": [[[1257.8625342125129, 0.0, 827.2410631095686], [0.0, 1257.8625342125129, 450.915498205774], [0.0, 0.0, 1.0]], [[1252.8131021185304, 0.0, 826.588114781398], [0.0, 1252.8131021185304, 469.9846626224581], [0.0, 0.0, 1.0]], [[1256.7485116440405, 0.0, 817.7887570959712], [0.0, 1256.7485116440403, 451.9541780095127], [0.0, 0.0, 1.0]], [[1254.9860565800168, 0.0, 829.5769333630991], [0.0, 1254.9860565800168, 467.1680561863987], [0.0, 0.0, 1.0]], [[796.8910634503094, 0.0, 857.7774326863696], [0.0, 796.8910634503094, 476.8848988407415], [0.0, 0.0, 1.0]], [[1249.9629280788233, 0.0, 825.3768045375984], [0.0, 1249.9629280788233, 462.54816385708756], [0.0, 0.0, 1.0]]], "extrinsics": [[[0.8208192586898804, -0.5711517930030823, 0.0064306738786399364, -0.8494873046875], [0.01666906103491783, 0.012698938138782978, -0.9997804164886475, 1.4914169311523438], [0.5709448456764221, 0.8207462430000305, 0.019944097846746445, -1.22698974609375], [0.0, 0.0, 0.0, 1.0]], [[0.007825982756912708, -0.9999364018440247, -0.008119076490402222, 0.007904052734375], [0.018577465787529945, 0.008263311348855495, -0.9997932314872742, 1.4830646514892578], [0.9997968077659607, 0.007673467509448528, 0.018640952184796333, -1.5782470703125], [0.0, 0.0, 0.0, 1.0]], [[-0.8448827862739563, -0.5345001220703125, -0.021970951929688454, 0.987548828125], [0.02648444101214409, -0.000772705243434757, -0.999648928642273, 1.4963264465332031], [0.5342954993247986, -0.8451681137084961, 0.014808780513703823, -1.211181640625], [0.0, 0.0, 0.0, 1.0]], [[0.9479216933250427, 0.3184656500816345, 0.004926903173327446, -1.1356201171875], [0.0006955707794986665, 0.013398975133895874, -0.9999099969863892, 1.5620474815368652], [-0.31850293278694153, 0.9478397965431213, 0.012479663826525211, -0.1590576171875], [0.0, 0.0, 0.0, 1.0]], [[0.010005016811192036, 0.9999300241470337, 0.006317545659840107, -0.028778076171875], [0.002909906441345811, 0.006288721226155758, -0.9999759197235107, 1.5682045221328735], [-0.9999457597732544, 0.01002318412065506, -0.0028467844240367413, -0.006103515625], [0.0, 0.0, 0.0, 1.0]], [[-0.9230669140815735, 0.3844238519668579, -0.012874564155936241, 1.076904296875], [0.007246116176247597, -0.01608617603778839, -0.9998443126678467, 1.5484771728515625], [-0.3845711648464203, -0.9230165481567383, 0.012063036672770977, -0.077972412109375], [0.0, 0.0, 0.0, 1.0]]], "view": [[0.0, -2.0, 100.0], [-2.0, 0.0, 100.0], [0.0, 0.0, 1.0]], "bev": "bev_bc101535b29b4f26972297cb827d42de.png", "aux": "aux_bc101535b29b4f26972297cb827d42de.npz", "visibility": "visibility_bc101535b29b4f26972297cb827d42de.png", "pose": [[0.6117845773696899, -0.7910244464874268, 0.0, 1448.742919921875], [0.7910244464874268, 0.6117845773696899, 0.0, 1222.8870849609375], [0.0, 0.0, 1.0, 0.0], [0.0, 0.0, 0.0, 1.0]], "pose_inverse": [[0.6117845773696899, 0.7910244464874268, 0.0, -1853.652099609375], [-0.7910244464874268, 0.6117845773696899, 0.0, 397.8476257324219], [0.0, 0.0, 1.0, 0.0], [0.0, 0.0, 0.0, 1.0]], "cam_ids": [0, 1, 2, 3, 4, 5], "cam_channels": ["CAM_FRONT_LEFT", "CAM_FRONT", "CAM_FRONT_RIGHT", "CAM_BACK_LEFT", "CAM_BACK", "CAM_BACK_RIGHT"], "token": "bc101535b29b4f26972297cb827d42de", "scene": "scene-0592"}, {"images": ["samples/CAM_FRONT_LEFT/n008-2018-09-18-13-41-50-0400__CAM_FRONT_LEFT__1537292875154799.jpg", "samples/CAM_FRONT/n008-2018-09-18-13-41-50-0400__CAM_FRONT__1537292875162404.jpg", "samples/CAM_FRONT_RIGHT/n008-2018-09-18-13-41-50-0400__CAM_FRONT_RIGHT__1537292875170482.jpg", "samples/CAM_BACK_LEFT/n008-2018-09-18-13-41-50-0400__CAM_BACK_LEFT__1537292875197405.jpg", "samples/CAM_BACK/n008-2018-09-18-13-41-50-0400__CAM_BACK__1537292875187558.jpg", "samples/CAM_BACK_RIGHT/n008-2018-09-18-13-41-50-0400__CAM_BACK_RIGHT__1537292875178113.jpg"], "intrinsics": [[[1257.8625342125129, 0.0, 827.2410631095686], [0.0, 1257.8625342125129, 450.915498205774], [0.0, 0.0, 1.0]], [[1252.8131021185304, 0.0, 826.588114781398], [0.0, 1252.8131021185304, 469.9846626224581], [0.0, 0.0, 1.0]], [[1256.7485116440405, 0.0, 817.7887570959712], [0.0, 1256.7485116440403, 451.9541780095127], [0.0, 0.0, 1.0]], [[1254.9860565800168, 0.0, 829.5769333630991], [0.0, 1254.9860565800168, 467.1680561863987], [0.0, 0.0, 1.0]], [[796.8910634503094, 0.0, 857.7774326863696], [0.0, 796.8910634503094, 476.8848988407415], [0.0, 0.0, 1.0]], [[1249.9629280788233, 0.0, 825.3768045375984], [0.0, 1249.9629280788233, 462.54816385708756], [0.0, 0.0, 1.0]]], "extrinsics": [[[0.8206729888916016, -0.5713879466056824, 0.0034211340826004744, -0.844970703125], [0.013532633893191814, 0.013450328260660172, -0.999817967414856, 1.4909172058105469], [0.5712379217147827, 0.8205698728561401, 0.018770704045891762, -1.22265625], [0.0, 0.0, 0.0, 1.0]], [[0.00764036551117897, -0.9999290704727173, -0.00913503672927618, 0.00738525390625], [0.015402700752019882, 0.00925189908593893, -0.9998385906219482, 1.4826488494873047], [0.999852180480957, 0.00749834394082427, 0.015472296625375748, -1.572998046875], [0.0, 0.0, 0.0, 1.0]], [[-0.844962477684021, -0.5344547033309937, -0.019917869940400124, 0.983642578125], [0.02329217456281185, 0.00043306025327183306, -0.9997285604476929, 1.4960250854492188], [0.5343183279037476, -0.8451970815658569, 0.012082691304385662, -1.2093505859375], [0.0, 0.0, 0.0, 1.0]], [[0.9479230046272278, 0.31848978996276855, 0.0025056886952370405, -1.1361083984375], [-0.002405565930530429, 0.015026195906102657, -0.9998841881752014, 1.5620231628417969], [-0.31849053502082825, 0.9478071928024292, 0.015009826049208641, -0.1588134765625], [0.0, 0.0, 0.0, 1.0]], [[0.009976964443922043, 0.9999199509620667, 0.007792765274643898, -0.028564453125], [-4.416698720888235e-05, 0.0077935936860740185, -0.9999696016311646, 1.5680575370788574], [-0.9999502897262573, 0.009976455941796303, 0.00012191952555440366, -0.007568359375], [0.0, 0.0, 0.0, 1.0]], [[-0.9231285452842712, 0.3843747079372406, -0.009470203891396523, 1.0740966796875], [0.004126733168959618, -0.014724154025316238, -0.9998831152915955, 1.5482025146484375], [-0.3844691812992096, -0.9230597615242004, 0.012006075121462345, -0.07940673828125], [0.0, 0.0, 0.0, 1.0]]], "view": [[0.0, -2.0, 100.0], [-2.0, 0.0, 100.0], [0.0, 0.0, 1.0]], "bev": "bev_0b45920e24e0443b9c21e1162c5f0580.png", "aux": "aux_0b45920e24e0443b9c21e1162c5f0580.npz", "visibility": "visibility_0b45920e24e0443b9c21e1162c5f0580.png", "pose": [[0.5784790515899658, -0.8156972527503967, 0.0, 1450.025146484375], [0.8156972527503967, 0.5784790515899658, 0.0, 1224.61376953125], [0.0, 0.0, 1.0, 0.0], [0.0, 0.0, 0.0, 1.0]], "pose_inverse": [[0.5784790515899658, 0.8156972527503967, 0.0, -1837.7232666015625], [-0.8156972527503967, 0.5784790515899658, 0.0, 474.3680725097656], [0.0, 0.0, 1.0, 0.0], [0.0, 0.0, 0.0, 1.0]], "cam_ids": [0, 1, 2, 3, 4, 5], "cam_channels": ["CAM_FRONT_LEFT", "CAM_FRONT", "CAM_FRONT_RIGHT", "CAM_BACK_LEFT", "CAM_BACK", "CAM_BACK_RIGHT"], "token": "0b45920e24e0443b9c21e1162c5f0580", "scene": "scene-0592"}, {"images": ["samples/CAM_FRONT_LEFT/n008-2018-09-18-13-41-50-0400__CAM_FRONT_LEFT__1537292875654799.jpg", "samples/CAM_FRONT/n008-2018-09-18-13-41-50-0400__CAM_FRONT__1537292875662404.jpg", "samples/CAM_FRONT_RIGHT/n008-2018-09-18-13-41-50-0400__CAM_FRONT_RIGHT__1537292875670482.jpg", "samples/CAM_BACK_LEFT/n008-2018-09-18-13-41-50-0400__CAM_BACK_LEFT__1537292875697405.jpg", "samples/CAM_BACK/n008-2018-09-18-13-41-50-0400__CAM_BACK__1537292875687558.jpg", "samples/CAM_BACK_RIGHT/n008-2018-09-18-13-41-50-0400__CAM_BACK_RIGHT__1537292875678113.jpg"], "intrinsics": [[[1257.8625342125129, 0.0, 827.2410631095686], [0.0, 1257.8625342125129, 450.915498205774], [0.0, 0.0, 1.0]], [[1252.8131021185304, 0.0, 826.588114781398], [0.0, 1252.8131021185304, 469.9846626224581], [0.0, 0.0, 1.0]], [[1256.7485116440405, 0.0, 817.7887570959712], [0.0, 1256.7485116440403, 451.9541780095127], [0.0, 0.0, 1.0]], [[1254.9860565800168, 0.0, 829.5769333630991], [0.0, 1254.9860565800168, 467.1680561863987], [0.0, 0.0, 1.0]], [[796.8910634503094, 0.0, 857.7774326863696], [0.0, 796.8910634503094, 476.8848988407415], [0.0, 0.0, 1.0]], [[1249.9629280788233, 0.0, 825.3768045375984], [0.0, 1249.9629280788233, 462.54816385708756], [0.0, 0.0, 1.0]]], "extrinsics": [[[0.8203868269920349, -0.5718026161193848, 0.0027015970554202795, -0.837890625], [0.006734347436577082, 0.004937485791742802, -0.9999651312828064, 1.4896469116210938], [0.5717692971229553, 0.820376455783844, 0.00790136493742466, -1.219482421875], [0.0, 0.0, 0.0, 1.0]], [[0.007108950521796942, -0.9999744892120361, -0.0005907033337280154, 0.0084228515625], [0.008458325639367104, 0.0006508274236693978, -0.9999640583992004, 1.4815845489501953], [0.9999389052391052, 0.007103683426976204, 0.008462736383080482, -1.56689453125], [0.0, 0.0, 0.0, 1.0]], [[-0.845308780670166, -0.5341970324516296, -0.009312449023127556, 0.9803466796875], [0.01626048982143402, -0.008300752379000187, -0.9998332858085632, 1.4952201843261719], [0.5340306758880615, -0.8453193306922913, 0.015703001990914345, -1.2060546875], [0.0, 0.0, 0.0, 1.0]], [[0.9479097127914429, 0.31845179200172424, -0.00746149430051446, -1.1363525390625], [-0.009818353690207005, 0.005796488374471664, -0.99993497133255, 1.5619621276855469], [-0.31838786602020264, 0.9479213356971741, 0.008621219545602798, -0.158935546875], [0.0, 0.0, 0.0, 1.0]], [[0.010211382061243057, 0.9999470114707947, -0.0013275645906105638, -0.0289306640625], [-0.007397913374006748, -0.0012520517921075225, -0.9999718070030212, 1.5676679611206055], [-0.9999205470085144, 0.01022088248282671, 0.007384736090898514, -0.009033203125], [0.0, 0.0, 0.0, 1.0]], [[-0.9230332374572754, 0.384668231010437, -0.006333576049655676, 1.070556640625], [-0.002976013580337167, -0.02360149286687374, -0.9997169971466064, 1.5475540161132812], [-0.38470885157585144, -0.9227531552314758, 0.022929737344384193, -0.0798797607421875], [0.0, 0.0, 0.0, 1.0]]], "view": [[0.0, -2.0, 100.0], [-2.0, 0.0, 100.0], [0.0, 0.0, 1.0]], "bev": "bev_26dbaa8098524f9680b807be366e65f7.png", "aux": "aux_26dbaa8098524f9680b807be366e65f7.npz", "visibility": "visibility_26dbaa8098524f9680b807be366e65f7.png", "pose": [[0.5447726249694824, -0.8385838270187378, 0.0, 1451.30615234375], [0.8385838270187378, 0.5447726249694824, 0.0, 1226.4754638671875], [0.0, 0.0, 1.0, 0.0], [0.0, 0.0, 0.0, 1.0]], "pose_inverse": [[0.5447726249694824, 0.8385838270187378, 0.0, -1819.13427734375], [-0.8385838270187378, 0.5447726249694824, 0.0, 548.8916015625], [0.0, 0.0, 1.0, 0.0], [0.0, 0.0, 0.0, 1.0]], "cam_ids": [0, 1, 2, 3, 4, 5], "cam_channels": ["CAM_FRONT_LEFT", "CAM_FRONT", "CAM_FRONT_RIGHT", "CAM_BACK_LEFT", "CAM_BACK", "CAM_BACK_RIGHT"], "token": "26dbaa8098524f9680b807be366e65f7", "scene": "scene-0592"}, {"images": ["samples/CAM_FRONT_LEFT/n008-2018-09-18-13-41-50-0400__CAM_FRONT_LEFT__1537292876104799.jpg", "samples/CAM_FRONT/n008-2018-09-18-13-41-50-0400__CAM_FRONT__1537292876112404.jpg", "samples/CAM_FRONT_RIGHT/n008-2018-09-18-13-41-50-0400__CAM_FRONT_RIGHT__1537292876120482.jpg", "samples/CAM_BACK_LEFT/n008-2018-09-18-13-41-50-0400__CAM_BACK_LEFT__1537292876147405.jpg", "samples/CAM_BACK/n008-2018-09-18-13-41-50-0400__CAM_BACK__1537292876137558.jpg", "samples/CAM_BACK_RIGHT/n008-2018-09-18-13-41-50-0400__CAM_BACK_RIGHT__1537292876128113.jpg"], "intrinsics": [[[1257.8625342125129, 0.0, 827.2410631095686], [0.0, 1257.8625342125129, 450.915498205774], [0.0, 0.0, 1.0]], [[1252.8131021185304, 0.0, 826.588114781398], [0.0, 1252.8131021185304, 469.9846626224581], [0.0, 0.0, 1.0]], [[1256.7485116440405, 0.0, 817.7887570959712], [0.0, 1256.7485116440403, 451.9541780095127], [0.0, 0.0, 1.0]], [[1254.9860565800168, 0.0, 829.5769333630991], [0.0, 1254.9860565800168, 467.1680561863987], [0.0, 0.0, 1.0]], [[796.8910634503094, 0.0, 857.7774326863696], [0.0, 796.8910634503094, 476.8848988407415], [0.0, 0.0, 1.0]], [[1249.9629280788233, 0.0, 825.3768045375984], [0.0, 1249.9629280788233, 462.54816385708756], [0.0, 0.0, 1.0]]], "extrinsics": [[[0.8194389939308167, -0.5731145739555359, 0.007718066219240427, -0.8262939453125], [0.009144776500761509, -0.00039111878140829504, -0.9999580979347229, 1.4902667999267578], [0.5730934739112854, 0.8194752335548401, 0.00492050452157855, -1.21307373046875], [0.0, 0.0, 0.0, 1.0]], [[0.005868806038051844, -0.9999729990959167, 0.004425193648785353, 0.00982666015625], [0.011333848349750042, -0.004358467645943165, -0.9999262690544128, 1.4822101593017578], [0.999918520450592, 0.00591852655634284, 0.011307962238788605, -1.5557861328125], [0.0, 0.0, 0.0, 1.0]], [[-0.8457458019256592, -0.5334979891777039, -0.009691080078482628, 0.9742431640625], [0.019597766920924187, -0.012907860800623894, -0.9997246265411377, 1.495849609375], [0.5332260131835938, -0.8457028269767761, 0.02137213945388794, -1.2001953125], [0.0, 0.0, 0.0, 1.0]], [[0.9478567242622375, 0.31867748498916626, -0.0034947276581078768, -1.138671875], [-0.004637966398149729, 0.0028287286404520273, -0.9999852776527405, 1.5620079040527344], [-0.3186629116535187, 0.947858989238739, 0.004159245174378157, -0.160400390625], [0.0, 0.0, 0.0, 1.0]], [[0.01047670841217041, 0.9999331831932068, -0.004873280413448811, -0.03076171875], [-0.002983738435432315, -0.004842263646423817, -0.9999837875366211, 1.5679078102111816], [-0.9999406337738037, 0.010490992106497288, 0.002932809060439