[{"images": ["samples/CAM_FRONT_LEFT/n015-2018-11-21-19-21-35+0800__CAM_FRONT_LEFT__1542799402104844.jpg", "samples/CAM_FRONT/n015-2018-11-21-19-21-35+0800__CAM_FRONT__1542799402112460.jpg", "samples/CAM_FRONT_RIGHT/n015-2018-11-21-19-21-35+0800__CAM_FRONT_RIGHT__1542799402120339.jpg", "samples/CAM_BACK_LEFT/n015-2018-11-21-19-21-35+0800__CAM_BACK_LEFT__1542799402147423.jpg", "samples/CAM_BACK/n015-2018-11-21-19-21-35+0800__CAM_BACK__1542799402137525.jpg", "samples/CAM_BACK_RIGHT/n015-2018-11-21-19-21-35+0800__CAM_BACK_RIGHT__1542799402127893.jpg"], "intrinsics": [[[1272.5979470598488, 0.0, 826.6154927353808], [0.0, 1272.5979470598488, 479.75165386361925], [0.0, 0.0, 1.0]], [[1266.417203046554, 0.0, 816.2670197447984], [0.0, 1266.417203046554, 491.50706579294757], [0.0, 0.0, 1.0]], [[1260.8474446004698, 0.0, 807.968244525554], [0.0, 1260.8474446004698, 495.3344268742088], [0.0, 0.0, 1.0]], [[1256.7414812095406, 0.0, 792.1125740759628], [0.0, 1256.7414812095406, 492.7757465151356], [0.0, 0.0, 1.0]], [[809.2209905677063, 0.0, 829.2196003259838], [0.0, 809.2209905677063, 481.77842384512485], [0.0, 0.0, 1.0]], [[1259.5137405846733, 0.0, 807.2529053838625], [0.0, 1259.5137405846733, 501.19579884916527], [0.0, 0.0, 1.0]]], "extrinsics": [[[0.8232316970825195, -0.5674425959587097, -0.01727978326380253, -0.7678375244140625], [-0.01121385209262371, 0.014178285375237465, -0.9998365640640259, 1.5055484771728516], [0.5675948262214661, 0.8232908844947815, 0.005308796651661396, -1.146240234375], [0.0, 0.0, 0.0, 1.0]], [[0.009352138265967369, -0.9999021291732788, -0.010400738567113876, 0.00830078125], [-0.016670947894454002, 0.01024384144693613, -0.9998086094856262, 1.5172643661499023], [0.9998173117637634, 0.009523725137114525, -0.01657351292669773, -1.4969482421875], [0.0, 0.0, 0.0, 1.0]], [[-0.831414520740509, -0.555620551109314, -0.005975016392767429, 0.90771484375], [-0.011278316378593445, 0.02762553282082081, -0.9995546936988831, 1.5019111633300781], [0.5555381774902344, -0.8309769034385681, -0.029234731569886208, -1.1639404296875], [0.0, 0.0, 0.0, 1.0]], [[0.9477105736732483, 0.3191043734550476, -0.00414373679086566, -1.144775390625], [-0.0033701956272125244, -0.002976223360747099, -0.9999898672103882, 1.5885639190673828], [-0.31911346316337585, 0.9477149248123169, -0.0017451532185077667, -0.102783203125], [0.0, 0.0, 0.0, 1.0]], [[0.001372064813040197, 0.9999736547470093, 0.007135808002203703, 0.001953125], [-0.028446193784475327, 0.007171956822276115, -0.9995695948600769, 1.5778255462646484], [-0.9995943903923035, 0.0011685017962008715, 0.028455279767513275, -0.052001953125], [0.0, 0.0, 0.0, 1.0]], [[-0.9355537295341492, 0.3531637489795685, 0.003826881293207407, 1.03472900390625], [0.0044408319517970085, 0.0225971769541502, -0.9997348189353943, 1.5519027709960938], [-0.35315650701522827, -0.935288667678833, -0.022709213197231293, -0.100830078125], [0.0, 0.0, 0.0, 1.0]]], "view": [[0.0, -2.0, 100.0], [-2.0, 0.0, 100.0], [0.0, 0.0, 1.0]], "bev": "bev_79f6489272c24d3ebc5e225ce6ff2aea.png", "aux": "aux_79f6489272c24d3ebc5e225ce6ff2aea.npz", "visibility": "visibility_79f6489272c24d3ebc5e225ce6ff2aea.png", "pose": [[-0.9802111387252808, -0.1979549378156662, 0.0, 2264.660888671875], [0.1979549378156662, -0.9802111387252808, 0.0, 2381.22802734375], [0.0, 0.0, 1.0, 0.0], [0.0, 0.0, 0.0, 1.0]], "pose_inverse": [[-0.9802111387252808, 0.1979549378156662, 0.0, 1748.469970703125], [-0.1979549378156662, -0.9802111387252808, 0.0, 2782.406982421875], [0.0, 0.0, 1.0, 0.0], [0.0, 0.0, 0.0, 1.0]], "cam_ids": [0, 1, 2, 3, 4, 5], "cam_channels": ["CAM_FRONT_LEFT", "CAM_FRONT", "CAM_FRONT_RIGHT", "CAM_BACK_LEFT", "CAM_BACK", "CAM_BACK_RIGHT"], "token": "79f6489272c24d3ebc5e225ce6ff2aea", "scene": "scene-1061"}, {"images": ["samples/CAM_FRONT_LEFT/n015-2018-11-21-19-21-35+0800__CAM_FRONT_LEFT__1542799402504876.jpg", "samples/CAM_FRONT/n015-2018-11-21-19-21-35+0800__CAM_FRONT__1542799402512460.jpg", "samples/CAM_FRONT_RIGHT/n015-2018-11-21-19-21-35+0800__CAM_FRONT_RIGHT__1542799402520339.jpg", "samples/CAM_BACK_LEFT/n015-2018-11-21-19-21-35+0800__CAM_BACK_LEFT__1542799402547423.jpg", "samples/CAM_BACK/n015-2018-11-21-19-21-35+0800__CAM_BACK__1542799402537525.jpg", "samples/CAM_BACK_RIGHT/n015-2018-11-21-19-21-35+0800__CAM_BACK_RIGHT__1542799402527893.jpg"], "intrinsics": [[[1272.5979470598488, 0.0, 826.6154927353808], [0.0, 1272.5979470598488, 479.75165386361925], [0.0, 0.0, 1.0]], [[1266.417203046554, 0.0, 816.2670197447984], [0.0, 1266.417203046554, 491.50706579294757], [0.0, 0.0, 1.0]], [[1260.8474446004698, 0.0, 807.968244525554], [0.0, 1260.8474446004698, 495.3344268742088], [0.0, 0.0, 1.0]], [[1256.7414812095406, 0.0, 792.1125740759628], [0.0, 1256.7414812095406, 492.7757465151356], [0.0, 0.0, 1.0]], [[809.2209905677063, 0.0, 829.2196003259838], [0.0, 809.2209905677063, 481.77842384512485], [0.0, 0.0, 1.0]], [[1259.5137405846733, 0.0, 807.2529053838625], [0.0, 1259.5137405846733, 501.19579884916527], [0.0, 0.0, 1.0]]], "extrinsics": [[[0.8223010897636414, -0.5687732696533203, -0.017830336466431618, -0.76739501953125], [-0.022842157632112503, -0.0016833959380164742, -0.9997376799583435, 1.5027847290039062], [0.5685940384864807, 0.8224925994873047, -0.014376267790794373, -1.1455078125], [0.0, 0.0, 0.0, 1.0]], [[0.008307830430567265, -0.9999487400054932, 0.005784286186099052, 0.0078125], [-0.027960246428847313, -0.00601451750844717, -0.9995909929275513, 1.5150642395019531], [0.9995744824409485, 0.008142695762217045, -0.028008779510855675, -1.4964599609375], [0.0, 0.0, 0.0, 1.0]], [[-0.8317967653274536, -0.5549418926239014, 0.012395364232361317, 0.906982421875], [-0.022198623046278954, 0.010943806730210781, -0.9996936321258545, 1.5002856254577637], [0.5546361804008484, -0.8318171501159668, -0.021421968936920166, -1.1641845703125], [0.0, 0.0, 0.0, 1.0]], [[0.9476274847984314, 0.3188382089138031, -0.018561847507953644, -1.145751953125], [-0.01280241645872593, -0.02015015296638012, -0.9997149705886841, 1.5886077880859375], [-0.3191213607788086, 0.9475950002670288, -0.015012936666607857, -0.1025390625], [0.0, 0.0, 0.0, 1.0]], [[0.0015778465894982219, 0.9999486207962036, -0.01001614797860384, 0.00244140625], [-0.03850460797548294, -0.009947980754077435, -0.999208927154541, 1.5773239135742188], [-0.9992572665214539, 0.001962255919352174, 0.03848692774772644, -0.051025390625], [0.0, 0.0, 0.0, 1.0]], [[-0.9353116750717163, 0.3537398874759674, 0.007761860731989145, 1.03546142578125], [-0.006142040714621544, 0.005701554007828236, -0.9999648928642273, 1.5507864952087402], [-0.35377171635627747, -0.9353265166282654, -0.003160045715048909, -0.101318359375], [0.0, 0.0, 0.0, 1.0]]], "view": [[0.0, -2.0, 100.0], [-2.0, 0.0, 100.0], [0.0, 0.0, 1.0]], "bev": "bev_caa701c185b94d9f948883bd65be2cd3.png", "aux": "aux_caa701c185b94d9f948883bd65be2cd3.npz", "visibility": "visibility_caa701c185b94d9f948883bd65be2cd3.png", "pose": [[-0.9735835194587708, -0.2283312976360321, 0.0, 2262.411376953125], [0.2283312976360321, -0.9735835194587708, 0.0, 2381.73828125], [0.0, 0.0, 1.0, 0.0], [0.0, 0.0, 0.0, 1.0]], "pose_inverse": [[-0.9735835194587708, 0.2283312976360321, 0.0, 1658.821044921875], [-0.2283312976360321, -0.9735835194587708, 0.0, 2835.400390625], [0.0, 0.0, 1.0, 0.0], [0.0, 0.0, 0.0, 1.0]], "cam_ids": [0, 1, 2, 3, 4, 5], "cam_channels": ["CAM_FRONT_LEFT", "CAM_FRONT", "CAM_FRONT_RIGHT", "CAM_BACK_LEFT", "CAM_BACK", "CAM_BACK_RIGHT"], "token": "caa701c185b94d9f948883bd65be2cd3", "scene": "scene-1061"}, {"images": ["samples/CAM_FRONT_LEFT/n015-2018-11-21-19-21-35+0800__CAM_FRONT_LEFT__1542799403004844.jpg", "samples/CAM_FRONT/n015-2018-11-21-19-21-35+0800__CAM_FRONT__1542799403012460.jpg", "samples/CAM_FRONT_RIGHT/n015-2018-11-21-19-21-35+0800__CAM_FRONT_RIGHT__1542799403020339.jpg", "samples/CAM_BACK_LEFT/n015-2018-11-21-19-21-35+0800__CAM_BACK_LEFT__1542799403047423.jpg", "samples/CAM_BACK/n015-2018-11-21-19-21-35+0800__CAM_BACK__1542799403037525.jpg", "samples/CAM_BACK_RIGHT/n015-2018-11-21-19-21-35+0800__CAM_BACK_RIGHT__1542799403027893.jpg"], "intrinsics": [[[1272.5979470598488, 0.0, 826.6154927353808], [0.0, 1272.5979470598488, 479.75165386361925], [0.0, 0.0, 1.0]], [[1266.417203046554, 0.0, 816.2670197447984], [0.0, 1266.417203046554, 491.50706579294757], [0.0, 0.0, 1.0]], [[1260.8474446004698, 0.0, 807.968244525554], [0.0, 1260.8474446004698, 495.3344268742088], [0.0, 0.0, 1.0]], [[1256.7414812095406, 0.0, 792.1125740759628], [0.0, 1256.7414812095406, 492.7757465151356], [0.0, 0.0, 1.0]], [[809.2209905677063, 0.0, 829.2196003259838], [0.0, 809.2209905677063, 481.77842384512485], [0.0, 0.0, 1.0]], [[1259.5137405846733, 0.0, 807.2529053838625], [0.0, 1259.5137405846733, 501.19579884916527], [0.0, 0.0, 1.0]]], "extrinsics": [[[0.8215076327323914, -0.5701871514320374, -0.003443696303293109, -0.778717041015625], [-0.009139196947216988, -0.007128280121833086, -0.9999328255653381, 1.506195068359375], [0.5701243281364441, 0.821483850479126, -0.011066988110542297, -1.153076171875], [0.0, 0.0, 0.0, 1.0]], [[0.006764743942767382, -0.9999159574508667, 0.011058506555855274, 0.0078125], [-0.014118128456175327, -0.011153159663081169, -0.9998381733894348, 1.5179367065429688], [0.999877393245697, 0.006607540417462587, -0.014192392118275166, -1.5072021484375], [0.0, 0.0, 0.0, 1.0]], [[-0.8325691819190979, -0.5539104342460632, 0.003430171636864543, 0.913818359375], [-0.008182227611541748, 0.006106182467192411, -0.9999478459358215, 1.502467155456543], [0.5538605451583862, -0.8325539231300354, -0.00961603969335556, -1.1683349609375], [0.0, 0.0, 0.0, 1.0]], [[0.9477630853652954, 0.31891459226608276, -0.006201247684657574, -1.1455078125], [0.0016556591726839542, -0.024359408766031265, -0.9997018575668335, 1.5885467529296875], [-0.31897056102752686, 0.9474703073501587, -0.02361496537923813, -0.1025390625], [0.0, 0.0, 0.0, 1.0]], [[0.002161386888474226, 0.9998953342437744, -0.014308324083685875, 0.00244140625], [-0.02419765666127205, -0.014251871034502983, -0.9996055960655212, 1.578155517578125], [-0.9997048377990723, 0.0025067622773349285, 0.024164320901036263, -0.0484619140625], [0.0, 0.0, 0.0, 1.0]], [[-0.9349997043609619, 0.3545774519443512, -0.007096216548234224, 1.040313720703125], [0.008017478510737419, 0.0011291016126051545, -0.9999672174453735, 1.552267074584961], [-0.3545578420162201, -0.9350259304046631, -0.003898527007550001, -0.099365234375], [0.0, 0.0, 0.0, 1.0]]], "view": [[0.0, -2.0, 100.0], [-2.0, 0.0, 100.0], [0.0, 0.0, 1.0]], "bev": "bev_baf74406530343b3938586c496916614.png", "aux": "aux_baf74406530343b3938586c496916614.npz", "visibility": "visibility_baf74406530343b3938586c496916614.png", "pose": [[-0.9649020433425903, -0.2626100182533264, 0.0, 2259.645751953125], [0.2626100182533264, -0.9649020433425903, 0.0, 2382.45849609375], [0.0, 0.0, 1.0, 0.0], [0.0, 0.0, 0.0, 1.0]], "pose_inverse": [[-0.9649020433425903, 0.2626100182533264, 0.0, 1554.6793212890625], [-0.2626100182533264, -0.9649020433425903, 0.0, 2892.24462890625], [0.0, 0.0, 1.0, 0.0], [0.0, 0.0, 0.0, 1.0]], "cam_ids": [0, 1, 2, 3, 4, 5], "cam_channels": ["CAM_FRONT_LEFT", "CAM_FRONT", "CAM_FRONT_RIGHT", "CAM_BACK_LEFT", "CAM_BACK", "CAM_BACK_RIGHT"], "token": "baf74406530343b3938586c496916614", "scene": "scene-1061"}, {"images": ["samples/CAM_FRONT_LEFT/n015-2018-11-21-19-21-35+0800__CAM_FRONT_LEFT__1542799403504844.jpg", "samples/CAM_FRONT/n015-2018-11-21-19-21-35+0800__CAM_FRONT__1542799403512460.jpg", "samples/CAM_FRONT_RIGHT/n015-2018-11-21-19-21-35+0800__CAM_FRONT_RIGHT__1542799403520339.jpg", "samples/CAM_BACK_LEFT/n015-2018-11-21-19-21-35+0800__CAM_BACK_LEFT__1542799403547423.jpg", "samples/CAM_BACK/n015-2018-11-21-19-21-35+0800__CAM_BACK__1542799403537525.jpg", "samples/CAM_BACK_RIGHT/n015-2018-11-21-19-21-35+0800__CAM_BACK_RIGHT__1542799403527893.jpg"], "intrinsics": [[[1272.5979470598488, 0.0, 826.6154927353808], [0.0, 1272.5979470598488, 479.75165386361925], [0.0, 0.0, 1.0]], [[1266.417203046554, 0.0, 816.2670197447984], [0.0, 1266.417203046554, 491.50706579294757], [0.0, 0.0, 1.0]], [[1260.8474446004698, 0.0, 807.968244525554], [0.0, 1260.8474446004698, 495.3344268742088], [0.0, 0.0, 1.0]], [[1256.7414812095406, 0.0, 792.1125740759628], [0.0, 1256.7414812095406, 492.7757465151356], [0.0, 0.0, 1.0]], [[809.2209905677063, 0.0, 829.2196003259838], [0.0, 809.2209905677063, 481.77842384512485], [0.0, 0.0, 1.0]], [[1259.5137405846733, 0.0, 807.2529053838625], [0.0, 1259.5137405846733, 501.19579884916527], [0.0, 0.0, 1.0]]], "extrinsics": [[[0.8202610015869141, -0.5719262361526489, 0.008500785566866398, -0.771697998046875], [-0.0014806861290708184, -0.016984881833195686, -0.9998546242713928, 1.5079269409179688], [0.571987509727478, 0.8201291561126709, -0.014778878539800644, -1.147216796875], [0.0, 0.0, 0.0, 1.0]], [[0.005076612811535597, -0.9997667670249939, 0.02099003456532955, 0.00732421875], [-0.006792310159653425, -0.021024297922849655, -0.9997559189796448, 1.519256591796875], [0.9999639391899109, 0.004932792857289314, -0.006897458340972662, -1.5003662109375], [0.0, 0.0, 0.0, 1.0]], [[-0.8331301808357239, -0.5530684590339661, 0.0030786925926804543, 0.91015625], [-0.0011728790123015642, -0.003799723694100976, -0.9999920725822449, 1.5034751892089844], [0.5530757904052734, -0.8331270813941956, 0.0025169842410832644, -1.1663818359375], [0.0, 0.0, 0.0, 1.0]], [[0.9477794170379639, 0.3189040422439575, -0.0038039875216782093, -1.146484375], [0.0074310582131147385, -0.034006111323833466, -0.9993939995765686, 1.5885238647460938], [-0.3188401460647583, 0.9471767544746399, -0.03460008651018143, -0.10205078125], [0.0, 0.0, 0.0, 1.0]], [[0.0025423152837902308, 0.9997060298919678, -0.024115316569805145, 0.002197265625], [-0.0179609227925539, -0.024065854027867317, -0.9995490312576294, 1.578460693359375], [-0.9998354911804199, 0.002974296687170863, 0.017894458025693893, -0.048828125], [0.0, 0.0, 0.0, 1.0]], [[-0.9347144961357117, 0.3549998104572296, -0.016851020976901054, 1.038055419921875], [0.014684205874800682, -0.008797225542366505, -0.9998534917831421, 1.5529954433441162], [-0.3550959825515747, -0.9348250031471252, 0.003010005224496126, -0.099853515625], [0.0, 0.0, 0.0, 1.0]]], "view": [[0.0, -2.0, 100.0], [-2.0, 0.0, 100.0], [0.0, 0.0, 1.0]], "bev": "bev_b67e66fd6b5540c8aa73ed2129af12c4.png", "aux": "aux_b67e66fd6b5540c8aa73ed2129af12c4.npz", "visibility": "visibility_b67e66fd6b5540c8aa73ed2129af12c4.png", "pose": [[-0.9644218683242798, -0.26436811685562134, 0.0, 2256.943359375], [0.26436811685562134, -0.9644218683242798, 0.0, 2383.21240234375], [0.0, 0.0, 1.0, 0.0], [0.0, 0.0, 0.0, 1.0]], "pose_inverse": [[-0.9644218683242798, 0.26436811685562134, 0.0, 1546.60009765625], [-0.26436811685562134, -0.9644218683242798, 0.0, 2895.0859375], [0.0, 0.0, 1.0, 0.0], [0.0, 0.0, 0.0, 1.0]], "cam_ids": [0, 1, 2, 3, 4, 5], "cam_channels": ["CAM_FRONT_LEFT", "CAM_FRONT", "CAM_FRONT_RIGHT", "CAM_BACK_LEFT", "CAM_BACK", "CAM_BACK_RIGHT"], "token": "b67e66fd6b5540c8aa73ed2129af12c4", "scene": "scene-1061"}, {"images": ["samples/CAM_FRONT_LEFT/n015-2018-11-21-19-21-35+0800__CAM_FRONT_LEFT__1542799404004844.jpg", "samples/CAM_FRONT/n015-2018-11-21-19-21-35+0800__CAM_FRONT__1542799404012460.jpg", "samples/CAM_FRONT_RIGHT/n015-2018-11-21-19-21-35+0800__CAM_FRONT_RIGHT__1542799404020339.jpg", "samples/CAM_BACK_LEFT/n015-2018-11-21-19-21-35+0800__CAM_BACK_LEFT__1542799404047423.jpg", "samples/CAM_BACK/n015-2018-11-21-19-21-35+0800__CAM_BACK__1542799404037525.jpg", "samples/CAM_BACK_RIGHT/n015-2018-11-21-19-21-35+0800__CAM_BACK_RIGHT__1542799404027898.jpg"], "intrinsics": [[[1272.5979470598488, 0.0, 826.6154927353808], [0.0, 1272.5979470598488, 479.75165386361925], [0.0, 0.0, 1.0]], [[1266.417203046554, 0.0, 816.2670197447984], [0.0, 1266.417203046554, 491.50706579294757], [0.0, 0.0, 1.0]], [[1260.8474446004698, 0.0, 807.968244525554], [0.0, 1260.8474446004698, 495.3344268742088], [0.0, 0.0, 1.0]], [[1256.7414812095406, 0.0, 792.1125740759628], [0.0, 1256.7414812095406, 492.7757465151356], [0.0, 0.0, 1.0]], [[809.2209905677063, 0.0, 829.2196003259838], [0.0, 809.2209905677063, 481.77842384512485], [0.0, 0.0, 1.0]], [[1259.5137405846733, 0.0, 807.2529053838625], [0.0, 1259.5137405846733, 501.19579884916527], [0.0, 0.0, 1.0]]], "extrinsics": [[[0.8205885291099548, -0.5713661313056946, 0.013237678445875645, -0.745513916015625], [-0.001446955488063395, -0.025239164009690285, -0.9996803998947144, 1.5078964233398438], [0.5715176463127136, 0.8203070759773254, -0.02153770811855793, -1.12939453125], [0.0, 0.0, 0.0, 1.0]], [[0.0054076723754405975, -0.9995588064193726, 0.02920542284846306, 0.007568359375], [-0.006755402311682701, -0.02924169786274433, -0.9995495676994324, 1.5190963745117188], [0.9999625086784363, 0.005207940470427275, -0.006910551805049181, -1.4747314453125], [0.0, 0.0, 0.0, 1.0]], [[-0.8330848217010498, -0.5530932545661926, 0.0075727589428424835, 0.8935546875], [-0.0011364814126864076, -0.011978854425251484, -0.9999275207519531, 1.5034675598144531], [0.5531439781188965, -0.8330332040786743, 0.009350823238492012, -1.1553955078125], [0.0, 0.0, 0.0, 1.0]], [[0.9477918148040771, 0.3188277781009674, -0.00629076873883605, -1.148193359375], [0.00754666468128562, -0.04214710369706154, -0.9990828633308411, 1.5885162353515625], [-0.3188004791736603, 0.9468751549720764, -0.042352765798568726, -0.101806640625], [0.0, 0.0, 0.0, 1.0]], [[0.0025760072749108076, 0.9994770288467407, -0.03223462030291557, 0.002685546875], [-0.017877651378512383, -0.03218354657292366, -0.9993220567703247, 1.5783462524414062], [-0.9998368620872498, 0.0031505131628364325, 0.01778539828956127, -0.055419921875], [0.0, 0.0, 0.0, 1.0]], [[-0.9347074031829834, 0.35486701130867004, -0.019787870347499847, 1.025054931640625], [0.01473685260862112, -0.016930967569351196, -0.9997480511665344, 1.5532169342041016], [-0.35511261224746704, -0.9347635507583618, 0.010595876723527908, -0.105224609375], [0.0, 0.0, 0.0, 1.0]]], "view": [[0.0, -2.0, 100.0], [-2.0, 0.0, 100.0], [0.0, 0.0, 1.0]], "bev": "bev_331fa27d969c420597348566ae423e15.png", "aux": "aux_331fa27d969c420597348566ae423e15.npz", "visibility": "visibility_331fa27d969c420597348566ae423e15.png", "pose": [[-0.9657098650932312, -0.2596237063407898, 0.0, 2254.032958984375], [0.2596237063407898, -0.9657098650932312, 0.0, 2384.024169921875], [0.0, 0.0, 1.0, 0.0], [0.0, 0.0, 0.0, 1.0]], "pose_inverse": [[-0.9657098650932312, 0.2596237063407898, 0.0, 1557.7926025390625], [-0.2596237063407898, -0.9657098650932312, 0.0, 2887.47607421875], [0.0, 0.0, 1.0, 0.0], [0.0, 0.0, 0.0, 1.0]], "cam_ids": [0, 1, 2, 3, 4, 5], "cam_channels": ["CAM_FRONT_LEFT", "CAM_FRONT", "CAM_FRONT_RIGHT", "CAM_BACK_LEFT", "CAM_BACK", "CAM_BACK_RIGHT"], "token": "331fa27d969c420597348566ae423e15", "scene": "scene-1061"}, {"images": ["samples/CAM_FRONT_LEFT/n015-2018-11-21-19-21-35+0800__CAM_FRONT_LEFT__1542799404504844.jpg", "samples/CAM_FRONT/n015-2018-11-21-19-21-35+0800__CAM_FRONT__1542799404512460.jpg", "samples/CAM_FRONT_RIGHT/n015-2018-11-21-19-21-35+0800__CAM_FRONT_RIGHT__1542799404520339.jpg", "samples/CAM_BACK_LEFT/n015-2018-11-21-19-21-35+0800__CAM_BACK_LEFT__1542799404547423.jpg", "samples/CAM_BACK/n015-2018-11-21-19-21-35+0800__CAM_BACK__1542799404537525.jpg", "samples/CAM_BACK_RIGHT/n015-2018-11-21-19-21-35+0800__CAM_BACK_RIGHT__1542799404527893.jpg"], "intrinsics": [[[1272.5979470598488, 0.0, 826.6154927353808], [0.0, 1272.5979470598488, 479.75165386361925], [0.0, 0.0, 1.0]], [[1266.417203046554, 0.0, 816.2670197447984], [0.0, 1266.417203046554, 491.50706579294757], [0.0, 0.0, 1.0]], [[1260.8474446004698, 0.0, 807.968244525554], [0.0, 1260.8474446004698, 495.3344268742088], [0.0, 0.0, 1.0]], [[1256.7414812095406, 0.0, 792.1125740759628], [0.0, 1256.7414812095406, 492.7757465151356], [0.0, 0.0, 1.0]], [[809.2209905677063, 0.0, 829.2196003259838], [0.0, 809.2209905677063, 481.77842384512485], [0.0, 0.0, 1.0]], [[1259.5137405846733, 0.0, 807.2529053838625], [0.0, 1259.5137405846733, 501.19579884916527], [0.0, 0.0, 1.0]]], "extrinsics": [[[0.8207712173461914, -0.5710737109184265, 0.014474272727966309, -0.725128173828125], [-0.0019038802711293101, -0.028072020038962364, -0.9996040463447571, 1.5077667236328125], [0.5712538361549377, 0.820418655872345, -0.024127960205078125, -1.115966796875], [0.0, 0.0, 0.0, 1.0]], [[0.005655081011354923, -0.9994729161262512, 0.03196761757135391, 0.008544921875], [-0.007163936737924814, -0.03200780227780342, -0.9994619488716125, 1.5188827514648438], [0.999958336353302, 0.0054229856468737125, -0.00734116742387414, -1.453369140625], [0.0, 0.0, 0.0, 1.0]], [[-0.8329941034317017, -0.5532025098800659, 0.00936796609312296, 0.87841796875], [-0.0014991742791607976, -0.014674813486635685, -0.9998911619186401, 1.5033798217773438], [0.5532798767089844, -0.8329175710678101, 0.011394686996936798, -1.145263671875], [0.0, 0.0, 0.0, 1.0]], [[0.9478017687797546, 0.3187731206417084, -0.007449588738381863, -1.14599609375], [0.0071443822234869, -0.04458797350525856, -0.9989798665046692, 1.5885391235351562], [-0.3187800943851471, 0.9467816948890686, -0.044537995010614395, -0.102783203125], [0.0, 0.0, 0.0, 1.0]], [[0.002531936625018716, 0.9993925094604492, -0.034762077033519745, 0.00244140625], [-0.01822412759065628, -0.03471029922366142, -0.9992312788963318, 1.5781707763671875], [-0.9998306632041931, 0.00316352560184896, 0.018125170841813087, -0.063720703125], [0.0, 0.0, 0.0, 1.0]], [[-0.9347490668296814, 0.3547219932079315, -0.020406413823366165, 1.01141357421875], [0.014399254694581032, -0.019566595554351807, -0.9997048377990723, 1.553375244140625], [-0.3550165295600891, -0.9347670674324036, 0.013182125985622406, -0.1103515625], [0.0, 0.0, 0.0, 1.0]]], "view": [[0.0, -2.0, 100.0], [-2.0, 0.0, 100.0], [0.0, 0.0, 1.0]], "bev": "bev_3eada6f4b3e84f94866e87b8afabf26f.png", "aux": "aux_3eada6f4b3e84f94866e87b8afabf26f.npz", "visibility": "visibility_3eada6f4b3e84f94866e87b8afabf26f.png", "pose": [[-0.965770423412323, -0.25939837098121643, 0.0, 2250.84326171875], [0.25939837098121643, -0.965770423412323, 0.0, 2384.907958984375], [0.0, 0.0, 1.0, 0.0], [0.0, 0.0, 0.0, 1.0]], "pose_inverse": [[-0.965770423412323, 0.25939837098121643, 0.0, 1555.1566162109375], [-0.25939837098121643, -0.965770423412323, 0.0, 2887.138671875], [0.0, 0.0, 1.0, 0.0], [0.0, 0.0, 0.0, 1.0]], "cam_ids": [0, 1, 2, 3, 4, 5], "cam_channels": ["CAM_FRONT_LEFT", "CAM_FRONT", "CAM_FRONT_RIGHT", "CAM_BACK_LEFT", "CAM_BACK", "CAM_BACK_RIGHT"], "token": "3eada6f4b3e84f94866e87b8afabf26f", "scene": "scene-1061"}, {"images": ["samples/CAM_FRONT_LEFT/n015-2018-11-21-19-21-35+0800__CAM_FRONT_LEFT__1542799405004844.jpg", "samples/CAM_FRONT/n015-2018-11-21-19-21-35+0800__CAM_FRONT__1542799405012460.jpg", "samples/CAM_FRONT_RIGHT/n015-2018-11-21-19-21-35+0800__CAM_FRONT_RIGHT__1542799405020339.jpg", "samples/CAM_BACK_LEFT/n015-2018-11-21-19-21-35+0800__CAM_BACK_LEFT__1542799405047423.jpg", "samples/CAM_BACK/n015-2018-11-21-19-21-35+0800__CAM_BACK__1542799405037525.jpg", "samples/CAM_BACK_RIGHT/n015-2018-11-21-19-21-35+0800__CAM_BACK_RIGHT__1542799405027893.jpg"], "intrinsics": [[[1272.5979470598488, 0.0, 826.6154927353808], [0.0, 1272.5979470598488, 479.75165386361925], [0.0, 0.0, 1.0]], [[1266.417203046554, 0.0, 816.2670197447984], [0.0, 1266.417203046554, 491.50706579294757], [0.0, 0.0, 1.0]], [[1260.8474446004698, 0.0, 807.968244525554], [0.0, 1260.8474446004698, 495.3344268742088], [0.0, 0.0, 1.0]], [[1256.7414812095406, 0.0, 792.1125740759628], [0.0, 1256.7414812095406, 492.7757465151356], [0.0, 0.0, 1.0]], [[809.2209905677063, 0.0, 829.2196003259838], [0.0, 809.2209905677063, 481.77842384512485], [0.0, 0.0, 1.0]], [[1259.5137405846733, 0.0, 807.2529053838625], [0.0, 1259.5137405846733, 501.19579884916527], [0.0, 0.0, 1.0]]], "extrinsics": [[[0.8203303813934326, -0.5716849565505981, 0.015309056267142296, -0.706298828125], [-0.0011559780687093735, -0.028426749631762505, -0.9995952248573303, 1.507965087890625], [0.5718886852264404, 0.8199806213378906, -0.02398017793893814, -1.10302734375], [0.0, 0.0, 0.0, 1.0]], [[0.0050190519541502, -0.9994614720344543, 0.03242576867341995, 0.00830078125], [-0.006386247463524342, -0.03245755285024643, -0.9994527101516724, 1.518951416015625], [0.9999670386314392, 0.004809240810573101, -0.006545715034008026, -1.4344482421875], [0.0, 0.0, 0.0, 1.0]], [[-0.833258867263794, -0.5528099536895752, 0.00898610521107912, 0.866455078125], [-0.0006790661136619747, -0.015229868702590466, -0.999883770942688, 1.5035247802734375], [0.5528825521469116, -0.8331681489944458, 0.012315033003687859, -1.1363525390625], [0.0, 0.0, 0.0, 1.0]], [[0.9478059411048889, 0.31877705454826355, -0.006708146072924137, -1.13916015625], [0.008269356563687325, -0.04560767859220505, -0.9989251494407654, 1.5885848999023438], [-0.3187403380870819, 0.9467317461967468, -0.0458633117377758, -0.10498046875], [0.0, 0.0, 0.0, 1.0]], [[0.0027250817511230707, 0.9993624091148376, -0.03559967502951622, 0.00244140625], [-0.01727033033967018, -0.035547465085983276, -0.999218761920929, 1.578094482421875], [-0.9998471736907959, 0.00333774765022099, 0.017162447795271873, -0.0732421875], [0.0, 0.0, 0.0, 1.0]], [[-0.9346135854721069, 0.35501644015312195, -0.02146402932703495, 0.99993896484375], [0.015275465324521065, -0.020225765183568, -0.9996787309646606, 1.5536880493164062], [-0.3553365468978882, -0.9346412420272827, 0.013480234891176224, -0.1142578125], [0.0, 0.0, 0.0, 1.0]]], "view": [[0.0, -2.0, 100.0], [-2.0, 0.0, 100.0], [0.0, 0.0, 1.0]], "bev": "bev_5f221615ec684b2bb1ca2a16a4c64631.png", "aux": "aux_5f221615ec684b2bb1ca2a16a4c64631.npz", "visibility": "visibility_5f221615ec684b2bb1ca2a16a4c64631.png", "pose": [[-0.9652082920074463, -0.2614821493625641, 0.0, 2247.357421875], [0.2614821493625641, -0.9652082920074463, 0.0, 2385.887451171875], [0.0, 0.0, 1.0, 0.0], [0.0, 0.0, 0.0, 1.0]], "pose_inverse": [[-0.9652082920074463, 0.2614821493625641, 0.0, 1545.301025390625], [-0.2614821493625641, -0.9652082920074463, 0.0, 2890.522216796875], [0.0, 0.0, 1.0, 0.0], [0.0, 0.0, 0.0, 1.0]], "cam_ids": [0, 1, 2, 3, 4, 5], "cam_channels": ["CAM_FRONT_LEFT", "CAM_FRONT", "CAM_FRONT_RIGHT", "CAM_BACK_LEFT", "CAM_BACK", "CAM_BACK_RIGHT"], "token": "5f221615ec684b2bb1ca2a16a4c64631", "scene": "scene-1061"}, {"images": ["samples/CAM_FRONT_LEFT/n015-2018-11-21-19-21-35+0800__CAM_FRONT_LEFT__1542799405504844.jpg", "samples/CAM_FRONT/n015-2018-11-21-19-21-35+0800__CAM_FRONT__1542799405512460.jpg", "samples/CAM_FRONT_RIGHT/n015-2018-11-21-19-21-35+0800__CAM_FRONT_RIGHT__1542799405520339.jpg", "samples/CAM_BACK_LEFT/n015-2018-11-21-19-21-35+0800__CAM_BACK_LEFT__1542799405547423.jpg", "samples/CAM_BACK/n015-2018-11-21-19-21-35+0800__CAM_BACK__1542799405537525.jpg", "samples/CAM_BACK_RIGHT/n015-2018-11-21-19-21-35+0800__CAM_BACK_RIGHT__1542799405527893.jpg"], "intrinsics": [[[1272.5979470598488, 0.0, 826.6154927353808], [0.0, 1272.5979470598488, 479.75165386361925], [0.0, 0.0, 1.0]], [[1266.417203046554, 0.0, 816.2670197447984], [0.0, 1266.417203046554, 491.50706579294757], [0.0, 0.0, 1.0]], [[1260.8474446004698, 0.0, 807.968244525554], [0.0, 1260.8474446004698, 495.3344268742088], [0.0, 0.0, 1.0]], [[1256.7414812095406, 0.0, 792.1125740759628], [0.0, 1256.7414812095406, 492.7757465151356], [0.0, 0.0, 1.0]], [[809.2209905677063, 0.0, 829.2196003259838], [0.0, 809.2209905677063, 481.77842384512485], [0.0, 0.0, 1.0]], [[1259.5137405846733, 0.0, 807.2529053838625], [0.0, 1259.5137405846733, 501.19579884916527], [0.0, 0.0, 1.0]]], "extrinsics": [[[0.8206735253334045, -0.5712219476699829, 0.014157373458147049, -0.669342041015625], [-0.003590164938941598, -0.029931090772151947, -0.9995455145835876, 1.5070571899414062], [0.5713860988616943, 0.8202497363090515, -0.026614433154463768, -1.078369140625], [0.0, 0.0, 0.0, 1.0]], [[0.005425111390650272, -0.9994072318077087, 0.033995360136032104, 0.0087890625], [-0.008939080871641636, -0.03404296934604645, -0.9993804097175598, 1.5179672241210938], [0.9999452829360962, 0.005117887165397406, -0.009118469431996346, -1.3968505859375], [0.0, 0.0, 0.0, 1.0]], [[-0.8331767320632935, -0.5528734922409058, 0.012143148109316826, 0.841552734375], [-0.0033601808827370405, -0.016896668821573257, -0.9998515844345093, 1.502899169921875], [0.5529965758323669, -0.8330938816070557, 0.01222015731036663, -1.12060546875], [0.0, 0.0, 0.0, 1.0]], [[0.9478145837783813, 0.3186644911766052, -0.01001990120857954, -1.13525390625], [0.005348396021872759, -0.04731566831469536, -0.9988656044006348, 1.5886001586914062], [-0.31877708435058594, 0.9466858506202698, -0.046550825238227844, -0.10595703125], [0.0, 0.0, 0.0, 1.0]], [[0.002675467636436224, 0.9992980360984802, -0.03736776486039162, 0.00244140625], [-0.020138341933488846, -0.03730647638440132, -0.999100923538208, 1.5775909423828125], [-0.9997936487197876, 0.003425589529797435, 0.020024390891194344, -0.086669921875], [0.0, 0.0, 0.0, 1.0]], [[-0.9346676468849182, 0.3549887537956238, -0.01947513036429882, 0.97943115234375], [0.012491950765252113, -0.021953074261546135, -0.9996809363365173, 1.553558349609375], [-0.3553030788898468, -0.9346128106117249, 0.016084326431155205, -0.122314453125], [0.0, 0.0, 0.0, 1.0]]], "view": [[0.0, -2.0, 100.0], [-2.0, 0.0, 100.0], [0.0, 0.0, 1.0]], "bev": "bev_4a41494da2af427e88ddb85259806046.png", "aux": "aux_4a41494da2af427e88ddb85259806046.npz", "visibility": "visibility_4a41494da2af427e88ddb85259806046.png", "pose": [[-0.9656462669372559, -0.25986015796661377, 0.0, 2243.5576171875], [0.25986015796661377, -0.9656462669372559, 0.0, 2386.950927734375], [0.0, 0.0, 1.0, 0.0], [0.0, 0.0, 0.0, 1.0]], "pose_inverse": [[-0.9656462669372559, 0.25986015796661377, 0.0, 1546.2095947265625], [-0.25986015796661377, -0.9656462669372559, 0.0, 2887.96142578125], [0.0, 0.0, 1.0, 0.0], [0.0, 0.0, 0.0, 1.0]], "cam_ids": [0, 1, 2, 3, 4, 5], "cam_channels": ["CAM_FRONT_LEFT", "CAM_FRONT", "CAM_FRONT_RIGHT", "CAM_BACK_LEFT", "CAM_BACK", "CAM_BACK_RIGHT"], "token": "4a41494da2af427e88ddb85259806046", "scene": "scene-1061"}, {"images": ["samples/CAM_FRONT_LEFT/n015-2018-11-21-19-21-35+0800__CAM_FRONT_LEFT__1542799406004844.jpg", "samples/CAM_FRONT/n015-2018-11-21-19-21-35+0800__CAM_FRONT__1542799406012460.jpg", "samples/CAM_FRONT_RIGHT/n015-2018-11-21-19-21-35+0800__CAM_FRONT_RIGHT__1542799406020339.jpg", "samples/CAM_BACK_LEFT/n015-2018-11-21-19-21-35+0800__CAM_BACK_LEFT__1542799406047423.jpg", "samples/CAM_BACK/n015-2018-11-21-19-21-35+0800__CAM_BACK__1542799406037525.jpg", "samples/CAM_BACK_RIGHT/n015-2018-11-21-19-21-35+0800__CAM_BACK_RIGHT__1542799406027893.jpg"], "intrinsics": [[[1272.5979470598488, 0.0, 826.6154927353808], [0.0, 1272.5979470598488, 479.75165386361925], [0.0, 0.0, 1.0]], [[1266.417203046554, 0.0, 816.2670197447984], [0.0, 1266.417203046554, 491.50706579294757], [0.0, 0.0, 1.0]], [[1260.8474446004698, 0.0, 807.968244525554], [0.0, 1260.8474446004698, 495.3344268742088], [0.0, 0.0, 1.0]], [[1256.7414812095406, 0.0, 792.1125740759628], [0.0, 1256.7414812095406, 492.7757465151356], [0.0, 0.0, 1.0]], [[809.2209905677063, 0.0, 829.2196003259838], [0.0, 809.2209905677063, 481.77842384512485], [0.0, 0.0, 1.0]], [[1259.5137405846733, 0.0, 807.2529053838625], [0.0, 1259.5137405846733, 501.19579884916527], [0.0, 0.0, 1.0]]], "extrinsics": [[[0.8203634023666382, -0.5717077255249023, 0.012419295497238636, -0.64166259765625], [-0.0014892352046445012, -0.023853907361626625, -0.9997143745422363, 1.5077285766601562], [0.5718406438827515, 0.820110559463501, -0.02042027935385704, -1.05810546875], [0.0, 0.0, 0.0, 1.0]], [[0.005137702450156212, -0.9995964169502258, 0.02793930470943451, 0.00927734375], [-0.006778720300644636, -0.027973845601081848, -0.9995856881141663, 1.518402099609375], [0.9999638199806213, 0.0049461484886705875, -0.006919704843312502, -1.3680419921875], [0.0, 0.0, 0.0, 1.0]], [[-0.8331635594367981, -0.5529831051826477, 0.00693840766325593, 0.82177734375], [-0.0011360635980963707, -0.010834814049303532, -0.9999406337738037, 1.503377914428711], [0.553025484085083, -0.8331220149993896, 0.008398948237299919, -1.106201171875], [0.0, 0.0, 0.0, 1.0]], [[0.9477983117103577, 0.3188130557537079, -0.00604636874049902, -1.135498046875], [0.007582030259072781, -0.04148896783590317, -0.999110221862793, 1.5886077880859375], [-0.31878021359443665, 0.9469091296195984, -0.04174042493104935, -0.10595703125], [0.0, 0.0, 0.0, 1.0]], [[0.00261846580542624, 0.9995043873786926, -0.03137205168604851, 0.001708984375], [-0.017884759232401848, -0.03132033348083496, -0.9993494153022766, 1.5776443481445312], [-0.9998365640640259, 0.003177833277732134, 0.01779388263821602, -0.095947265625], [0.0, 0.0, 0.0, 1.0]], [[-0.9346807599067688, 0.354956716299057, -0.01943291164934635, 0.961944580078125], [0.014740757644176483, -0.015918664634227753, -0.999764621257782, 1.5542240142822266], [-0.3551825284957886, -0.9347472786903381, 0.009646536782383919, -0.128173828125], [0.0, 0.0, 0.0, 1.0]]], "view": [[0.0, -2.0, 100.0], [-2.0, 0.0, 100.0], [0.0, 0.0, 1.0]], "bev": "bev_5cf7c45953ca4a0e9a772faf5833edda.png", "aux": "aux_5cf7c45953ca4a0e9a772faf5833edda.npz", "visibility": "visibility_5cf7c45953ca4a0e9a772faf5833edda.png", "pose": [[-0.9654695987701416, -0.2605157792568207, 0.0, 2239.4033203125], [0.2605157792568207, -0.9654695987701416, 0.0, 2388.1201171875], [0.0, 0.0, 1.0, 0.0], [0.0, 0.0, 0.0, 1.0]], "pose_inverse": [[-0.9654695987701416, 0.2605157792568207, 0.0, 1539.932861328125], [-0.2605157792568207, -0.9654695987701416, 0.0, 2889.057373046875], [0.0, 0.0, 1.0, 0.0], [0.0, 0.0, 0.0, 1.0]], "cam_ids": [0, 1, 2, 3, 4, 5], "cam_channels": ["CAM_FRONT_LEFT", "CAM_FRONT", "CAM_FRONT_RIGHT", "CAM_BACK_LEFT", "CAM_BACK", "CAM_BACK_RIGHT"], "token": "5cf7c45953ca4a0e9a772faf5833edda", "scene": "scene-1061"}, {"images": ["samples/CAM_FRONT_LEFT/n015-2018-11-21-19-21-35+0800__CAM_FRONT_LEFT__1542799406504844.jpg", "samples/CAM_FRONT/n015-2018-11-21-19-21-35+0800__CAM_FRONT__1542799406512460.jpg", "samples/CAM_FRONT_RIGHT/n015-2018-11-21-19-21-35+0800__CAM_FRONT_RIGHT__1542799406520339.jpg", "samples/CAM_BACK_LEFT/n015-2018-11-21-19-21-35+0800__CAM_BACK_LEFT__1542799406547423.jpg", "samples/CAM_BACK/n015-2018-11-21-19-21-35+0800__CAM_BACK__1542799406537525.jpg", "samples/CAM_BACK_RIGHT/n015-2018-11-21-19-21-35+0800__CAM_BACK_RIGHT__1542799406527893.jpg"], "intrinsics": [[[1272.5979470598488, 0.0, 826.6154927353808], [0.0, 1272.5979470598488, 479.75165386361925], [0.0, 0.0, 1.0]], [[1266.417203046554, 0.0, 816.2670197447984], [0.0, 1266.417203046554, 491.50706579294757], [0.0, 0.0, 1.0]], [[1260.8474446004698, 0.0, 807.968244525554], [0.0, 1260.8474446004698, 495.3344268742088], [0.0, 0.0, 1.0]], [[1256.7414812095406, 0.0, 792.1125740759628], [0.0, 1256.7414812095406, 492.7757465151356], [0.0, 0.0, 1.0]], [[809.2209905677063, 0.0, 829.2196003259838], [0.0, 809.2209905677063, 481.77842384512485], [0.0, 0.0, 1.0]], [[1259.5137405846733, 0.0, 807.2529053838625], [0.0, 1259.5137405846733, 501.19579884916527], [0.0, 0.0, 1.0]]], "extrinsics": [[[0.8209534883499146, -0.5709704160690308, 0.005313306115567684, -0.626983642578125], [-0.01462158840149641, -0.030323702841997147, -0.9994332194328308, 1.5023345947265625], [0.5708078742027283, 0.8204103708267212, -0.0332428403198719, -1.048583984375], [0.0, 0.0, 0.0, 1.0]], [[0.006208453793078661, -0.999402642250061, 0.03399602323770523, 0.010009765625], [-0.01971392333507538, -0.03411239758133888, -0.9992235898971558, 1.5139541625976562], [0.9997863173484802, 0.005533417221158743, -0.0199139341711998, -1.3546142578125], [0.0, 0.0, 0.0, 1.0]], [[-0.8327072858810425, -0.5533238053321838, 0.02076924405992031, 0.814697265625], [-0.013887514360249043, -0.016627036035060883, -0.9997652769088745, 1.5000457763671875], [0.5535393357276917, -0.8328002095222473, 0.006161160301417112, -1.1015625], [0.0, 0.0, 0.0, 1.0]], [[0.9477404356002808, 0.3184940218925476, -0.018696991726756096, -1.13134765625], [-0.004366741981357336, -0.04564853385090828, -0.9989479780197144, 1.5885162353515625], [-0.31901243329048157, 0.9468250870704651, -0.04187218099832535, -0.107421875], [0.0, 0.0, 0.0, 1.0]], [[0.002205648459494114, 0.9993428587913513, -0.03618059679865837, 0.002197265625], [-0.030081717297434807, -0.03609800338745117, -0.9988954067230225, 1.5763092041015625], [-0.9995449781417847, 0.003291588043794036, 0.029982324689626694, -0.10107421875], [0.0, 0.0, 0.0, 1.0]], [[-0.934967577457428, 0.3546016812324524, -0.009662010706961155, 0.956146240234375], [0.0022517512552440166, -0.021304134279489517, -0.9997705221176147, 1.5519142150878906], [-0.35472607612609863, -0.9347747564315796, 0.019120197743177414, -0.13037109375], [0.0, 0.0, 0.0, 1.0]]], "view": [[0.0, -2.0, 100.0], [-2.0, 0.0, 100.0], [0.0, 0.0, 1.0]], "bev": "bev_9fa6e5f94026465cb1f2acdf414c304b.png", "aux": "aux_9fa6e5f94026465cb1f2acdf414c304b.npz", "visibility": "visibility_9fa6e5f94026465cb1f2acdf414c304b.png", "pose": [[-0.9661321640014648, -0.25804778933525085, 0.0, 2234.951904296875], [0.25804778933525085, -0.9661321640014648, 0.0, 2389.34716796875], [0.0, 0.0, 1.0, 0.0], [0.0, 0.0, 0.0, 1.0]], "pose_inverse": [[-0.9661321640014648, 0.25804778933525085, 0.0, 1542.693115234375], [-0.25804778933525085, -0.9661321640014648, 0.0, 2885.1494140625], [0.0, 0.0, 1.0, 0.0], [0.0, 0.0, 0.0, 1.0]], "cam_ids": [0, 1, 2, 3, 4, 5], "cam_channels": ["CAM_FRONT_LEFT", "CAM_FRONT", "CAM_FRONT_RIGHT", "CAM_BACK_LEFT", "CAM_BACK", "CAM_BACK_RIGHT"], "token": "9fa6e5f94026465cb1f2acdf414c304b", "scene": "scene-1061"}, {"images": ["samples/CAM_FRONT_LEFT/n015-2018-11-21-19-21-35+0800__CAM_FRONT_LEFT__1542799407004844.jpg", "samples/CAM_FRONT/n015-2018-11-21-19-21-35+0800__CAM_FRONT__1542799407012460.jpg", "samples/CAM_FRONT_RIGHT/n015-2018-11-21-19-21-35+0800__CAM_FRONT_RIGHT__1542799407020339.jpg", "samples/CAM_BACK_LEFT/n015-2018-11-21-19-21-35+0800__CAM_BACK_LEFT__1542799407047423.jpg", "samples/CAM_BACK/n015-2018-11-21-19-21-35+0800__CAM_BACK__1542799407037525.jpg", "samples/CAM_BACK_RIGHT/n015-2018-11-21-19-21-35+0800__CAM_BACK_RIGHT__1542799407027904.jpg"], "intrinsics": [[[1272.5979470598488, 0.0, 826.6154927353808], [0.0, 1272.5979470598488, 479.75165386361925], [0.0, 0.0, 1.0]], [[1266.417203046554, 0.0, 816.2670197447984], [0.0, 1266.417203046554, 491.50706579294757], [0.0, 0.0, 1.0]], [[1260.8474446004698, 0.0, 807.968244525554], [0.0, 1260.8474446004698, 495.3344268742088], [0.0, 0.0, 1.0]], [[1256.7414812095406, 0.0, 792.1125740759628], [0.0, 1256.7414812095406, 492.7757465151356], [0.0, 0.0, 1.0]], [[809.2209905677063, 0.0, 829.2196003259838], [0.0, 809.2209905677063, 481.77842384512485], [0.0, 0.0, 1.0]], [[1259.5137405846733, 0.0, 807.2529053838625], [0.0, 1259.5137405846733, 501.19579884916527], [0.0, 0.0, 1.0]]], "extrinsics": [[[0.8210112452507019, -0.5708261132240295, 0.009907769970595837, -0.613250732421875], [-0.010525175370275974, -0.0324849896132946, -0.9994168281555176, 1.503936767578125], [0.5708150267601013, 0.820428192615509, -0.03267858177423477, -1.041748046875], [0.0, 0.0, 0.0, 1.0]], [[0.006353198550641537, -0.999316930770874, 0.03640463948249817, 0.01123046875], [-0.01601523533463478, -0.03650238364934921, -0.9992052316665649, 1.515045166015625], [0.9998515844345093, 0.005765080917626619, -0.0162361990660429, -1.3408203125], [0.0, 0.0, 0.0, 1.0]], [[-0.8325529098510742, -0.5536024570465088, 0.019492248073220253, 0.8037109375], [-0.010605116374790668, -0.01925247721374035, -0.9997584223747253, 1.5007781982421875], [0.5538439750671387, -0.8325585126876831, 0.010157688520848751, -1.0926513671875], [0.0, 0.0, 0.0, 1.0]], [[0.9477578401565552, 0.3184768855571747, -0.01809699647128582, -1.127197265625], [-0.0024582501500844955, -0.04943839833140373, -0.9987741112709045, 1.5885467529296875], [-0.3189811706542969, 0.9466406106948853, -0.046072736382484436, -0.109130859375], [0.0, 0.0, 0.0, 1.0]], [[0.002084825886413455, 0.9992159605026245, -0.03953736275434494, 0.00146484375], [-0.027733491733670235, -0.03946446627378464, -0.9988360404968262, 1.5763397216796875], [-0.9996132254600525, 0.003178940620