[{"images": ["samples/CAM_FRONT_LEFT/n015-2018-10-08-15-52-24+0800__CAM_FRONT_LEFT__1538985440604844.jpg", "samples/CAM_FRONT/n015-2018-10-08-15-52-24+0800__CAM_FRONT__1538985440612460.jpg", "samples/CAM_FRONT_RIGHT/n015-2018-10-08-15-52-24+0800__CAM_FRONT_RIGHT__1538985440620339.jpg", "samples/CAM_BACK_LEFT/n015-2018-10-08-15-52-24+0800__CAM_BACK_LEFT__1538985440647423.jpg", "samples/CAM_BACK/n015-2018-10-08-15-52-24+0800__CAM_BACK__1538985440637525.jpg", "samples/CAM_BACK_RIGHT/n015-2018-10-08-15-52-24+0800__CAM_BACK_RIGHT__1538985440627893.jpg"], "intrinsics": [[[1272.5979470598488, 0.0, 826.6154927353808], [0.0, 1272.5979470598488, 479.75165386361925], [0.0, 0.0, 1.0]], [[1266.417203046554, 0.0, 816.2670197447984], [0.0, 1266.417203046554, 491.50706579294757], [0.0, 0.0, 1.0]], [[1260.8474446004698, 0.0, 807.968244525554], [0.0, 1260.8474446004698, 495.3344268742088], [0.0, 0.0, 1.0]], [[1256.7414812095406, 0.0, 792.1125740759628], [0.0, 1256.7414812095406, 492.7757465151356], [0.0, 0.0, 1.0]], [[809.2209905677063, 0.0, 829.2196003259838], [0.0, 809.2209905677063, 481.77842384512485], [0.0, 0.0, 1.0]], [[1259.5137405846733, 0.0, 807.2529053838625], [0.0, 1259.5137405846733, 501.19579884916527], [0.0, 0.0, 1.0]]], "extrinsics": [[[0.8182058930397034, -0.5734465718269348, 0.04120902344584465, -0.689483642578125], [0.0746304839849472, 0.0348665714263916, -0.9966015219688416, 1.5331878662109375], [0.5700609087944031, 0.8185006976127625, 0.07132462412118912, -1.09130859375], [0.0, 0.0, 0.0, 1.0]], [[0.005041931755840778, -0.999522864818573, -0.030472146347165108, 0.00830078125], [0.06952676177024841, 0.030749185010790825, -0.99710613489151, 1.5395584106445312], [0.9975672960281372, 0.0029087115544825792, 0.0696486234664917, -1.41864013671875], [0.0, 0.0, 0.0, 1.0]], [[-0.8301154375076294, -0.5504069328308105, -0.08922231942415237, 0.857421875], [0.07532244175672531, 0.04785555601119995, -0.9960102438926697, 1.5195159912109375], [0.5524806380271912, -0.8335238695144653, 0.0017323489300906658, -1.13043212890625], [0.0, 0.0, 0.0, 1.0]], [[0.9447448253631592, 0.3164166212081909, 0.08566039800643921, -1.1434326171875], [0.08454647660255432, 0.017274748533964157, -0.9962697625160217, 1.58843994140625], [-0.31671610474586487, 0.9484630227088928, -0.010431680828332901, -0.103271484375], [0.0, 0.0, 0.0, 1.0]], [[0.002861585933715105, 0.9996138215065002, 0.027639778330922127, 0.00244140625], [0.05898113176226616, 0.027423057705163956, -0.9978823661804199, 1.5838165283203125], [-0.9982549548149109, 0.004485750570893288, -0.058879878371953964, -0.0738525390625], [0.0, 0.0, 0.0, 1.0]], [[-0.9311895370483398, 0.357732355594635, -0.07009672373533249, 0.99468994140625], [0.0913095623254776, 0.042732808738946915, -0.9949052929878235, 1.56524658203125], [-0.35291439294815063, -0.9328458905220032, -0.0724567249417305, -0.1160888671875], [0.0, 0.0, 0.0, 1.0]]], "view": [[0.0, -2.0, 100.0], [-2.0, 0.0, 100.0], [0.0, 0.0, 1.0]], "bev": "bev_ad2620b1faf54ce0a5999f45c30c34fb.png", "aux": "aux_ad2620b1faf54ce0a5999f45c30c34fb.npz", "visibility": "visibility_ad2620b1faf54ce0a5999f45c30c34fb.png", "pose": [[0.999744713306427, 0.022594740614295006, 0.0, 967.1597900390625], [-0.022594740614295006, 0.999744713306427, 0.0, 1725.567138671875], [0.0, 0.0, 1.0, 0.0], [0.0, 0.0, 0.0, 1.0]], "pose_inverse": [[0.999744713306427, -0.022594740614295006, 0.0, -927.9241333007812], [0.022594740614295006, 0.999744713306427, 0.0, -1746.9793701171875], [0.0, 0.0, 1.0, 0.0], [0.0, 0.0, 0.0, 1.0]], "cam_ids": [0, 1, 2, 3, 4, 5], "cam_channels": ["CAM_FRONT_LEFT", "CAM_FRONT", "CAM_FRONT_RIGHT", "CAM_BACK_LEFT", "CAM_BACK", "CAM_BACK_RIGHT"], "token": "ad2620b1faf54ce0a5999f45c30c34fb", "scene": "scene-0429"}, {"images": ["samples/CAM_FRONT_LEFT/n015-2018-10-08-15-52-24+0800__CAM_FRONT_LEFT__1538985441104844.jpg", "samples/CAM_FRONT/n015-2018-10-08-15-52-24+0800__CAM_FRONT__1538985441112460.jpg", "samples/CAM_FRONT_RIGHT/n015-2018-10-08-15-52-24+0800__CAM_FRONT_RIGHT__1538985441120339.jpg", "samples/CAM_BACK_LEFT/n015-2018-10-08-15-52-24+0800__CAM_BACK_LEFT__1538985441147423.jpg", "samples/CAM_BACK/n015-2018-10-08-15-52-24+0800__CAM_BACK__1538985441137525.jpg", "samples/CAM_BACK_RIGHT/n015-2018-10-08-15-52-24+0800__CAM_BACK_RIGHT__1538985441127893.jpg"], "intrinsics": [[[1272.5979470598488, 0.0, 826.6154927353808], [0.0, 1272.5979470598488, 479.75165386361925], [0.0, 0.0, 1.0]], [[1266.417203046554, 0.0, 816.2670197447984], [0.0, 1266.417203046554, 491.50706579294757], [0.0, 0.0, 1.0]], [[1260.8474446004698, 0.0, 807.968244525554], [0.0, 1260.8474446004698, 495.3344268742088], [0.0, 0.0, 1.0]], [[1256.7414812095406, 0.0, 792.1125740759628], [0.0, 1256.7414812095406, 492.7757465151356], [0.0, 0.0, 1.0]], [[809.2209905677063, 0.0, 829.2196003259838], [0.0, 809.2209905677063, 481.77842384512485], [0.0, 0.0, 1.0]], [[1259.5137405846733, 0.0, 807.2529053838625], [0.0, 1259.5137405846733, 501.19579884916527], [0.0, 0.0, 1.0]]], "extrinsics": [[[0.8175457119941711, -0.5735453963279724, 0.05161944404244423, -0.68798828125], [0.08386821299791336, 0.02990468591451645, -0.9960280060768127, 1.536712646484375], [0.5697236061096191, 0.8186277151107788, 0.0725506842136383, -1.086669921875], [0.0, 0.0, 0.0, 1.0]], [[0.004936658311635256, -0.9996610283851624, -0.025561770424246788, 0.0059814453125], [0.07857333868741989, 0.02587081864476204, -0.9965726137161255, 1.5424041748046875], [0.9968960881233215, 0.0029112640768289566, 0.07867442816495895, -1.414794921875], [0.0, 0.0, 0.0, 1.0]], [[-0.8294897079467773, -0.5505644083023071, -0.0939449593424797, 0.853515625], [0.08416479080915451, 0.04306551069021225, -0.9955207705497742, 1.52178955078125], [0.5521441102027893, -0.8336811065673828, 0.010615737177431583, -1.12994384765625], [0.0, 0.0, 0.0, 1.0]], [[0.943952739238739, 0.31697386503219604, 0.09209074825048447, -1.1417236328125], [0.09284017980098724, 0.012773016467690468, -0.995599091053009, 1.5886077880859375], [-0.3167552053928375, 0.9483482837677002, -0.017370786517858505, -0.10400390625], [0.0, 0.0, 0.0, 1.0]], [[0.002779477508738637, 0.9997307658195496, 0.023034408688545227, 0.0030517578125], [0.06747405976057053, 0.022794507443904877, -0.997460663318634, 1.5846786499023438], [-0.9977172017097473, 0.004326642490923405, -0.06739253550767899, -0.07684326171875], [0.0, 0.0, 0.0, 1.0]], [[-0.9304231405258179, 0.3576752841472626, -0.07988244295120239, 0.99176025390625], [0.09997821599245071, 0.0380173996090889, -0.9942630529403687, 1.5669708251953125], [-0.35258644819259644, -0.9330717921257019, -0.07113201171159744, -0.118408203125], [0.0, 0.0, 0.0, 1.0]]], "view": [[0.0, -2.0, 100.0], [-2.0, 0.0, 100.0], [0.0, 0.0, 1.0]], "bev": "bev_1808437a0d9a45ea90ec86251bbfe899.png", "aux": "aux_1808437a0d9a45ea90ec86251bbfe899.npz", "visibility": "visibility_1808437a0d9a45ea90ec86251bbfe899.png", "pose": [[0.9999423027038574, 0.010741054080426693, 0.0, 971.1261596679688], [-0.010741054080426693, 0.9999423027038574, 0.0, 1725.4830322265625], [0.0, 0.0, 1.0, 0.0], [0.0, 0.0, 0.0, 1.0]], "pose_inverse": [[0.9999423027038574, -0.010741054080426693, 0.0, -952.53662109375], [0.010741054080426693, 0.9999423027038574, 0.0, -1735.814453125], [0.0, 0.0, 1.0, 0.0], [0.0, 0.0, 0.0, 1.0]], "cam_ids": [0, 1, 2, 3, 4, 5], "cam_channels": ["CAM_FRONT_LEFT", "CAM_FRONT", "CAM_FRONT_RIGHT", "CAM_BACK_LEFT", "CAM_BACK", "CAM_BACK_RIGHT"], "token": "1808437a0d9a45ea90ec86251bbfe899", "scene": "scene-0429"}, {"images": ["samples/CAM_FRONT_LEFT/n015-2018-10-08-15-52-24+0800__CAM_FRONT_LEFT__1538985441604844.jpg", "samples/CAM_FRONT/n015-2018-10-08-15-52-24+0800__CAM_FRONT__1538985441612460.jpg", "samples/CAM_FRONT_RIGHT/n015-2018-10-08-15-52-24+0800__CAM_FRONT_RIGHT__1538985441620339.jpg", "samples/CAM_BACK_LEFT/n015-2018-10-08-15-52-24+0800__CAM_BACK_LEFT__1538985441647423.jpg", "samples/CAM_BACK/n015-2018-10-08-15-52-24+0800__CAM_BACK__1538985441637525.jpg", "samples/CAM_BACK_RIGHT/n015-2018-10-08-15-52-24+0800__CAM_BACK_RIGHT__1538985441627893.jpg"], "intrinsics": [[[1272.5979470598488, 0.0, 826.6154927353808], [0.0, 1272.5979470598488, 479.75165386361925], [0.0, 0.0, 1.0]], [[1266.417203046554, 0.0, 816.2670197447984], [0.0, 1266.417203046554, 491.50706579294757], [0.0, 0.0, 1.0]], [[1260.8474446004698, 0.0, 807.968244525554], [0.0, 1260.8474446004698, 495.3344268742088], [0.0, 0.0, 1.0]], [[1256.7414812095406, 0.0, 792.1125740759628], [0.0, 1256.7414812095406, 492.7757465151356], [0.0, 0.0, 1.0]], [[809.2209905677063, 0.0, 829.2196003259838], [0.0, 809.2209905677063, 481.77842384512485], [0.0, 0.0, 1.0]], [[1259.5137405846733, 0.0, 807.2529053838625], [0.0, 1259.5137405846733, 501.19579884916527], [0.0, 0.0, 1.0]]], "extrinsics": [[[0.816312849521637, -0.5743028521537781, 0.061722446233034134, -0.6857147216796875], [0.09644864499568939, 0.03016839735209942, -0.9948806762695312, 1.5411529541015625], [0.569500744342804, 0.8180868625640869, 0.0800175815820694, -1.0865478515625], [0.0, 0.0, 0.0, 1.0]], [[0.00446211826056242, -0.9996569752693176, -0.025805149227380753, 0.0069580078125], [0.09124992787837982, 0.02610478363931179, -0.9954858422279358, 1.54608154296875], [0.9958180785179138, 0.0020872571039944887, 0.09133511036634445, -1.4134521484375], [0.0, 0.0, 0.0, 1.0]], [[-0.8286091089248657, -0.5499492883682251, -0.10470292717218399, 0.8531494140625], [0.09693577140569687, 0.04325765743851662, -0.9943501353263855, 1.524627685546875], [0.5513713359832764, -0.8340770602226257, 0.01746606081724167, -1.12884521484375], [0.0, 0.0, 0.0, 1.0]], [[0.9429287910461426, 0.31617245078086853, 0.10450009256601334, -1.14501953125], [0.10591573268175125, 0.012754888273775578, -0.9942933320999146, 1.5882568359375], [-0.3157010078430176, 0.9486160278320312, -0.021460680291056633, -0.102783203125], [0.0, 0.0, 0.0, 1.0]], [[0.003155086888000369, 0.9997251033782959, 0.023233570158481598, 0.0028076171875], [0.08046327531337738, 0.022904548794031143, -0.9964944124221802, 1.585601806640625], [-0.9967526197433472, 0.005013475194573402, -0.08036889135837555, -0.0755615234375], [0.0, 0.0, 0.0, 1.0]], [[-0.9290920495986938, 0.3582746386528015, -0.09179986268281937, 0.991424560546875], [0.1128205806016922, 0.03816699981689453, -0.9928820729255676, 1.569000244140625], [-0.35222071409225464, -0.9328358173370361, -0.07588140666484833, -0.1180419921875], [0.0, 0.0, 0.0, 1.0]]], "view": [[0.0, -2.0, 100.0], [-2.0, 0.0, 100.0], [0.0, 0.0, 1.0]], "bev": "bev_e01ff084395e44699e80a6650464d5bd.png", "aux": "aux_e01ff084395e44699e80a6650464d5bd.npz", "visibility": "visibility_e01ff084395e44699e80a6650464d5bd.png", "pose": [[0.9999895691871643, -0.004568321630358696, 0.0, 975.0925903320312], [0.004568321630358696, 0.9999895691871643, 0.0, 1725.4443359375], [0.0, 0.0, 1.0, 0.0], [0.0, 0.0, 0.0, 1.0]], "pose_inverse": [[0.9999895691871643, 0.004568321630358696, 0.0, -982.9647827148438], [-0.004568321630358696, 0.9999895691871643, 0.0, -1720.9718017578125], [0.0, 0.0, 1.0, 0.0], [0.0, 0.0, 0.0, 1.0]], "cam_ids": [0, 1, 2, 3, 4, 5], "cam_channels": ["CAM_FRONT_LEFT", "CAM_FRONT", "CAM_FRONT_RIGHT", "CAM_BACK_LEFT", "CAM_BACK", "CAM_BACK_RIGHT"], "token": "e01ff084395e44699e80a6650464d5bd", "scene": "scene-0429"}, {"images": ["samples/CAM_FRONT_LEFT/n015-2018-10-08-15-52-24+0800__CAM_FRONT_LEFT__1538985442104844.jpg", "samples/CAM_FRONT/n015-2018-10-08-15-52-24+0800__CAM_FRONT__1538985442112460.jpg", "samples/CAM_FRONT_RIGHT/n015-2018-10-08-15-52-24+0800__CAM_FRONT_RIGHT__1538985442120339.jpg", "samples/CAM_BACK_LEFT/n015-2018-10-08-15-52-24+0800__CAM_BACK_LEFT__1538985442147423.jpg", "samples/CAM_BACK/n015-2018-10-08-15-52-24+0800__CAM_BACK__1538985442137543.jpg", "samples/CAM_BACK_RIGHT/n015-2018-10-08-15-52-24+0800__CAM_BACK_RIGHT__1538985442127893.jpg"], "intrinsics": [[[1272.5979470598488, 0.0, 826.6154927353808], [0.0, 1272.5979470598488, 479.75165386361925], [0.0, 0.0, 1.0]], [[1266.417203046554, 0.0, 816.2670197447984], [0.0, 1266.417203046554, 491.50706579294757], [0.0, 0.0, 1.0]], [[1260.8474446004698, 0.0, 807.968244525554], [0.0, 1260.8474446004698, 495.3344268742088], [0.0, 0.0, 1.0]], [[1256.7414812095406, 0.0, 792.1125740759628], [0.0, 1256.7414812095406, 492.7757465151356], [0.0, 0.0, 1.0]], [[809.2209905677063, 0.0, 829.2196003259838], [0.0, 809.2209905677063, 481.77842384512485], [0.0, 0.0, 1.0]], [[1259.5137405846733, 0.0, 807.2529053838625], [0.0, 1259.5137405846733, 501.19579884916527], [0.0, 0.0, 1.0]]], "extrinsics": [[[0.8162399530410767, -0.5731735229492188, 0.07227926701307297, -0.6893310546875], [0.10613219439983368, 0.025790605694055557, -0.994017481803894, 1.5437164306640625], [0.5678803324699402, 0.8190280199050903, 0.0818834900856018, -1.0931396484375], [0.0, 0.0, 0.0, 1.0]], [[0.0054426067508757114, -0.9997597336769104, -0.0212313923984766, 0.0096435546875], [0.10100104659795761, 0.021672723814845085, -0.9946502447128296, 1.5482177734375], [0.9948713779449463, 0.0032690991647541523, 0.10109474509954453, -1.4189453125], [0.0, 0.0, 0.0, 1.0]], [[-0.827268123626709, -0.5508588552474976, -0.11037161946296692, 0.85791015625], [0.10672557353973389, 0.038788553327322006, -0.9935315847396851, 1.526214599609375], [0.5515769124031067, -0.8336965441703796, 0.026702191680669785, -1.12945556640625], [0.0, 0.0, 0.0, 1.0]], [[0.9419131875038147, 0.3164467215538025, 0.11252129822969437, -1.145263671875], [0.11592070758342743, 0.008126964792609215, -0.9932252168655396, 1.58819580078125], [-0.3152172863483429, 0.948575496673584, -0.029027830809354782, -0.1029052734375], [0.0, 0.0, 0.0, 1.0]], [[0.0029376980382949114, 0.9998217821121216, 0.01865207403898239, 0.002197265625], [0.09044073522090912, 0.018310070037841797, -0.9957334995269775, 1.586181640625], [-0.9958975315093994, 0.004612072370946407, -0.09037082642316818, -0.07354736328125], [0.0, 0.0, 0.0, 1.0]], [[-0.9282248616218567, 0.3575741946697235, -0.1026606485247612, 0.993988037109375], [0.12266658991575241, 0.03365860879421234, -0.991877019405365, 1.570098876953125], [-0.3512142300605774, -0.93327796459198, -0.07510516792535782, -0.1156005859375], [0.0, 0.0, 0.0, 1.0]]], "view": [[0.0, -2.0, 100.0], [-2.0, 0.0, 100.0], [0.0, 0.0, 1.0]], "bev": "bev_d5af2e9d99864ed49637154a516a4c13.png", "aux": "aux_d5af2e9d99864ed49637154a516a4c13.npz", "visibility": "visibility_d5af2e9d99864ed49637154a516a4c13.png", "pose": [[0.9998586177825928, -0.01681344583630562, 0.0, 979.0588989257812], [0.01681344583630562, 0.9998586177825928, 0.0, 1725.465576171875], [0.0, 0.0, 1.0, 0.0], [0.0, 0.0, 0.0, 1.0]], "pose_inverse": [[0.9998586177825928, 0.01681344583630562, 0.0, -1007.9315185546875], [-0.01681344583630562, 0.9998586177825928, 0.0, -1708.7603759765625], [0.0, 0.0, 1.0, 0.0], [0.0, 0.0, 0.0, 1.0]], "cam_ids": [0, 1, 2, 3, 4, 5], "cam_channels": ["CAM_FRONT_LEFT", "CAM_FRONT", "CAM_FRONT_RIGHT", "CAM_BACK_LEFT", "CAM_BACK", "CAM_BACK_RIGHT"], "token": "d5af2e9d99864ed49637154a516a4c13", "scene": "scene-0429"}, {"images": ["samples/CAM_FRONT_LEFT/n015-2018-10-08-15-52-24+0800__CAM_FRONT_LEFT__1538985442604844.jpg", "samples/CAM_FRONT/n015-2018-10-08-15-52-24+0800__CAM_FRONT__1538985442612460.jpg", "samples/CAM_FRONT_RIGHT/n015-2018-10-08-15-52-24+0800__CAM_FRONT_RIGHT__1538985442620339.jpg", "samples/CAM_BACK_LEFT/n015-2018-10-08-15-52-24+0800__CAM_BACK_LEFT__1538985442647423.jpg", "samples/CAM_BACK/n015-2018-10-08-15-52-24+0800__CAM_BACK__1538985442637525.jpg", "samples/CAM_BACK_RIGHT/n015-2018-10-08-15-52-24+0800__CAM_BACK_RIGHT__1538985442627893.jpg"], "intrinsics": [[[1272.5979470598488, 0.0, 826.6154927353808], [0.0, 1272.5979470598488, 479.75165386361925], [0.0, 0.0, 1.0]], [[1266.417203046554, 0.0, 816.2670197447984], [0.0, 1266.417203046554, 491.50706579294757], [0.0, 0.0, 1.0]], [[1260.8474446004698, 0.0, 807.968244525554], [0.0, 1260.8474446004698, 495.3344268742088], [0.0, 0.0, 1.0]], [[1256.7414812095406, 0.0, 792.1125740759628], [0.0, 1256.7414812095406, 492.7757465151356], [0.0, 0.0, 1.0]], [[809.2209905677063, 0.0, 829.2196003259838], [0.0, 809.2209905677063, 481.77842384512485], [0.0, 0.0, 1.0]], [[1259.5137405846733, 0.0, 807.2529053838625], [0.0, 1259.5137405846733, 501.19579884916527], [0.0, 0.0, 1.0]]], "extrinsics": [[[0.8160949349403381, -0.5729368925094604, 0.07571318000555038, -0.686004638671875], [0.10835535824298859, 0.02300606295466423, -0.9938459992408752, 1.5450897216796875], [0.5676690936088562, 0.8192766308784485, 0.08085590600967407, -1.0887451171875], [0.0, 0.0, 0.0, 1.0]], [[0.0054888054728507996, -0.9998144507408142, -0.018463240936398506, 0.00830078125], [0.10313163697719574, 0.01893104799091816, -0.9944875836372375, 1.5493621826171875], [0.994652509689331, 0.0035544077400118113, 0.10321639478206635, -1.41412353515625], [0.0, 0.0, 0.0, 1.0]], [[-0.8270506858825684, -0.5511455535888672, -0.1105705127120018, 0.8538818359375], [0.10875647515058517, 0.036097634583711624, -0.9934127926826477, 1.5271759033203125], [0.5515064001083374, -0.8336279988288879, 0.030086074024438858, -1.12799072265625], [0.0, 0.0, 0.0, 1.0]], [[0.9416536092758179, 0.3169911503791809, 0.11315913498401642, -1.14404296875], [0.11742149293422699, 0.005691282916814089, -0.9930658340454102, 1.58831787109375], [-0.31543707847595215, 0.9484114646911621, -0.031862352043390274, -0.1029052734375], [0.0, 0.0, 0.0, 1.0]], [[0.002828149124979973, 0.9998666048049927, 0.016090108081698418, 0.0025634765625], [0.09213826060295105, 0.015761177986860275, -0.9956214427947998, 1.5866012573242188], [-0.9957422614097595, 0.004298280458897352, -0.09208139032125473, -0.076416015625], [0.0, 0.0, 0.0, 1.0]], [[-0.9280156493186951, 0.35732805728912354, -0.10537363588809967, 0.990692138671875], [0.12455298006534576, 0.031022295355796814, -0.991727888584137, 1.5709075927734375], [-0.3511032462120056, -0.9334636330604553, -0.07329545170068741, -0.1175537109375], [0.0, 0.0, 0.0, 1.0]]], "view": [[0.0, -2.0, 100.0], [-2.0, 0.0, 100.0], [0.0, 0.0, 1.0]], "bev": "bev_1e13154bc0844b93b75b9b759a0ace90.png", "aux": "aux_1e13154bc0844b93b75b9b759a0ace90.npz", "visibility": "visibility_1e13154bc0844b93b75b9b759a0ace90.png", "pose": [[0.9997288584709167, -0.023286480456590652, 0.0, 983.0565185546875], [0.023286480456590652, 0.9997288584709167, 0.0, 1725.533203125], [0.0, 0.0, 1.0, 0.0], [0.0, 0.0, 0.0, 1.0]], "pose_inverse": [[0.9997288584709167, 0.023286480456590652, 0.0, -1022.9715576171875], [-0.023286480456590652, 0.9997288584709167, 0.0, -1702.17333984375], [0.0, 0.0, 1.0, 0.0], [0.0, 0.0, 0.0, 1.0]], "cam_ids": [0, 1, 2, 3, 4, 5], "cam_channels": ["CAM_FRONT_LEFT", "CAM_FRONT", "CAM_FRONT_RIGHT", "CAM_BACK_LEFT", "CAM_BACK", "CAM_BACK_RIGHT"], "token": "1e13154bc0844b93b75b9b759a0ace90", "scene": "scene-0429"}, {"images": ["samples/CAM_FRONT_LEFT/n015-2018-10-08-15-52-24+0800__CAM_FRONT_LEFT__1538985443104844.jpg", "samples/CAM_FRONT/n015-2018-10-08-15-52-24+0800__CAM_FRONT__1538985443112460.jpg", "samples/CAM_FRONT_RIGHT/n015-2018-10-08-15-52-24+0800__CAM_FRONT_RIGHT__1538985443120339.jpg", "samples/CAM_BACK_LEFT/n015-2018-10-08-15-52-24+0800__CAM_BACK_LEFT__1538985443147423.jpg", "samples/CAM_BACK/n015-2018-10-08-15-52-24+0800__CAM_BACK__1538985443137525.jpg", "samples/CAM_BACK_RIGHT/n015-2018-10-08-15-52-24+0800__CAM_BACK_RIGHT__1538985443127893.jpg"], "intrinsics": [[[1272.5979470598488, 0.0, 826.6154927353808], [0.0, 1272.5979470598488, 479.75165386361925], [0.0, 0.0, 1.0]], [[1266.417203046554, 0.0, 816.2670197447984], [0.0, 1266.417203046554, 491.50706579294757], [0.0, 0.0, 1.0]], [[1260.8474446004698, 0.0, 807.968244525554], [0.0, 1260.8474446004698, 495.3344268742088], [0.0, 0.0, 1.0]], [[1256.7414812095406, 0.0, 792.1125740759628], [0.0, 1256.7414812095406, 492.7757465151356], [0.0, 0.0, 1.0]], [[809.2209905677063, 0.0, 829.2196003259838], [0.0, 809.2209905677063, 481.77842384512485], [0.0, 0.0, 1.0]], [[1259.5137405846733, 0.0, 807.2529053838625], [0.0, 1259.5137405846733, 501.19579884916527], [0.0, 0.0, 1.0]]], "extrinsics": [[[0.8157781362533569, -0.5739558935165405, 0.07127875089645386, -0.6813812255859375], [0.10063425451517105, 0.01949969120323658, -0.9947323799133301, 1.542999267578125], [0.5695425868034363, 0.8186540603637695, 0.07366704195737839, -1.08544921875], [0.0, 0.0, 0.0, 1.0]], [[0.004126218147575855, -0.9998770952224731, -0.015124266967177391, 0.0084228515625], [0.09526603668928146, 0.015448655001819134, -0.9953320026397705, 1.5476226806640625], [0.9954432845115662, 0.0026661306619644165, 0.09531806409358978, -1.408935546875], [0.0, 0.0, 0.0, 1.0]], [[-0.8284204006195068, -0.5507354140281677, -0.10203002393245697, 0.8497314453125], [0.10077768564224243, 0.03262854367494583, -0.9943737983703613, 1.5258941650390625], [0.5509659647941589, -0.834041953086853, 0.028471676632761955, -1.1253662109375], [0.0, 0.0, 0.0, 1.0]], [[0.9427849650382996, 0.3167455494403839, 0.10406194627285004, -1.13916015625], [0.10902269929647446, 0.0020725822541862726, -0.9940370917320251, 1.5888900756835938], [-0.3150724768638611, 0.9485083222389221, -0.032578449696302414, -0.104248046875], [0.0, 0.0, 0.0, 1.0]], [[0.003511883085593581, 0.9999144673347473, 0.012605146504938602, 0.002685546875], [0.08386890590190887, 0.01226629689335823, -0.996401309967041, 1.5863265991210938], [-0.9964706301689148, 0.004556422121822834, -0.08381864428520203, -0.0809326171875], [0.0, 0.0, 0.0, 1.0]], [[-0.9286196827888489, 0.35757869482040405, -0.09901005774736404, 0.98638916015625], [0.11647097021341324, 0.02757132612168789, -0.9928113222122192, 1.570159912109375], [-0.35227835178375244, -0.9334759712219238, -0.0672508180141449, -0.119140625], [0.0, 0.0, 0.0, 1.0]]], "view": [[0.0, -2.0, 100.0], [-2.0, 0.0, 100.0], [0.0, 0.0, 1.0]], "bev": "bev_3aef3ef132c14fd78b68f7676ef8673b.png", "aux": "aux_3aef3ef132c14fd78b68f7676ef8673b.npz", "visibility": "visibility_3aef3ef132c14fd78b68f7676ef8673b.png", "pose": [[0.9993053078651428, -0.037268660962581635, 0.0, 987.10498046875], [0.037268660962581635, 0.9993053078651428, 0.0, 1725.6204833984375], [0.0, 0.0, 1.0, 0.0], [0.0, 0.0, 0.0, 1.0]], "pose_inverse": [[0.9993053078651428, 0.037268660962581635, 0.0, -1050.7308349609375], [-0.037268660962581635, 0.9993053078651428, 0.0, -1687.633544921875], [0.0, 0.0, 1.0, 0.0], [0.0, 0.0, 0.0, 1.0]], "cam_ids": [0, 1, 2, 3, 4, 5], "cam_channels": ["CAM_FRONT_LEFT", "CAM_FRONT", "CAM_FRONT_RIGHT", "CAM_BACK_LEFT", "CAM_BACK", "CAM_BACK_RIGHT"], "token": "3aef3ef132c14fd78b68f7676ef8673b", "scene": "scene-0429"}, {"images": ["samples/CAM_FRONT_LEFT/n015-2018-10-08-15-52-24+0800__CAM_FRONT_LEFT__1538985443604844.jpg", "samples/CAM_FRONT/n015-2018-10-08-15-52-24+0800__CAM_FRONT__1538985443612460.jpg", "samples/CAM_FRONT_RIGHT/n015-2018-10-08-15-52-24+0800__CAM_FRONT_RIGHT__1538985443620339.jpg", "samples/CAM_BACK_LEFT/n015-2018-10-08-15-52-24+0800__CAM_BACK_LEFT__1538985443647423.jpg", "samples/CAM_BACK/n015-2018-10-08-15-52-24+0800__CAM_BACK__1538985443637525.jpg", "samples/CAM_BACK_RIGHT/n015-2018-10-08-15-52-24+0800__CAM_BACK_RIGHT__1538985443627893.jpg"], "intrinsics": [[[1272.5979470598488, 0.0, 826.6154927353808], [0.0, 1272.5979470598488, 479.75165386361925], [0.0, 0.0, 1.0]], [[1266.417203046554, 0.0, 816.2670197447984], [0.0, 1266.417203046554, 491.50706579294757], [0.0, 0.0, 1.0]], [[1260.8474446004698, 0.0, 807.968244525554], [0.0, 1260.8474446004698, 495.3344268742088], [0.0, 0.0, 1.0]], [[1256.7414812095406, 0.0, 792.1125740759628], [0.0, 1256.7414812095406, 492.7757465151356], [0.0, 0.0, 1.0]], [[809.2209905677063, 0.0, 829.2196003259838], [0.0, 809.2209905677063, 481.77842384512485], [0.0, 0.0, 1.0]], [[1259.5137405846733, 0.0, 807.2529053838625], [0.0, 1259.5137405846733, 501.19579884916527], [0.0, 0.0, 1.0]]], "extrinsics": [[[0.8161089420318604, -0.5738896131515503, 0.06794814765453339, -0.6903305053710938], [0.09881990402936935, 0.022739367559552193, -0.9948455095291138, 1.5413360595703125], [0.5693864226341248, 0.8186169266700745, 0.07526951283216476, -1.0908203125], [0.0, 0.0, 0.0, 1.0]], [[0.004385943990200758, -0.9998167157173157, -0.018632065504789352, 0.0076904296875], [0.09342057257890701, 0.018960431218147278, -0.9954462051391602, 1.54620361328125], [0.9956170320510864, 0.0026253522373735905, 0.09348661452531815, -1.4185791015625], [0.0, 0.0, 0.0, 1.0]], [[-0.8284907341003418, -0.550531804561615, -0.10255689173936844, 0.8568115234375], [0.09889770299196243, 0.03641917556524277, -0.9944309592247009, 1.5246429443359375], [0.5512009263038635, -0.8340193629264832, 0.024273386225104332, -1.13043212890625], [0.0, 0.0, 0.0, 1.0]], [[0.9428082704544067, 0.3167645335197449, 0.10379176586866379, -1.1434326171875], [0.10706882923841476, 0.007093989755958319, -0.9942262768745422, 1.5884323120117188], [-0.3156718909740448, 0.9484776854515076, -0.027227330952882767, -0.1033935546875], [0.0, 0.0, 0.0, 1.0]], [[0.0032473341561853886, 0.999848484992981, 0.017104443162679672, 0.0025634765625], [0.08193544298410416, 0.01678098738193512, -0.9964963793754578, 1.5856552124023438], [-0.9966323375701904, 0.004637415986508131, -0.08186852931976318, -0.074951171875], [0.0, 0.0, 0.0, 1.0]], [[-0.9288617968559265, 0.3578297793865204, -0.09577912837266922, 0.993743896484375], [0.11457178741693497, 0.031638532876968384, -0.9929110407829285, 1.5689544677734375], [-0.35226279497146606, -0.9332507252693176, -0.07038502395153046, -0.11669921875], [0.0, 0.0, 0.0, 1.0]]], "view": [[0.0, -2.0, 100.0], [-2.0, 0.0, 100.0], [0.0, 0.0, 1.0]], "bev": "bev_cd1cfa903b1f4898a283b7b13ff20000.png", "aux": "aux_cd1cfa903b1f4898a283b7b13ff20000.npz", "visibility": "visibility_cd1cfa903b1f4898a283b7b13ff20000.png", "pose": [[0.9986207485198975, -0.052503518760204315, 0.0, 991.06787109375], [0.052503518760204315, 0.9986207485198975, 0.0, 1725.7772216796875], [0.0, 0.0, 1.0, 0.0], [0.0, 0.0, 0.0, 1.0]], "pose_inverse": [[0.9986207485198975, 0.052503518760204315, 0.0, -1080.310302734375], [-0.052503518760204315, 0.9986207485198975, 0.0, -1671.3624267578125], [0.0, 0.0, 1.0, 0.0], [0.0, 0.0, 0.0, 1.0]], "cam_ids": [0, 1, 2, 3, 4, 5], "cam_channels": ["CAM_FRONT_LEFT", "CAM_FRONT", "CAM_FRONT_RIGHT", "CAM_BACK_LEFT", "CAM_BACK", "CAM_BACK_RIGHT"], "token": "cd1cfa903b1f4898a283b7b13ff20000", "scene": "scene-0429"}, {"images": ["samples/CAM_FRONT_LEFT/n015-2018-10-08-15-52-24+0800__CAM_FRONT_LEFT__1538985444104844.jpg", "samples/CAM_FRONT/n015-2018-10-08-15-52-24+0800__CAM_FRONT__1538985444112460.jpg", "samples/CAM_FRONT_RIGHT/n015-2018-10-08-15-52-24+0800__CAM_FRONT_RIGHT__1538985444120339.jpg", "samples/CAM_BACK_LEFT/n015-2018-10-08-15-52-24+0800__CAM_BACK_LEFT__1538985444147423.jpg", "samples/CAM_BACK/n015-2018-10-08-15-52-24+0800__CAM_BACK__1538985444137525.jpg", "samples/CAM_BACK_RIGHT/n015-2018-10-08-15-52-24+0800__CAM_BACK_RIGHT__1538985444127893.jpg"], "intrinsics": [[[1272.5979470598488, 0.0, 826.6154927353808], [0.0, 1272.5979470598488, 479.75165386361925], [0.0, 0.0, 1.0]], [[1266.417203046554, 0.0, 816.2670197447984], [0.0, 1266.417203046554, 491.50706579294757], [0.0, 0.0, 1.0]], [[1260.8474446004698, 0.0, 807.968244525554], [0.0, 1260.8474446004698, 495.3344268742088], [0.0, 0.0, 1.0]], [[1256.7414812095406, 0.0, 792.1125740759628], [0.0, 1256.7414812095406, 492.7757465151356], [0.0, 0.0, 1.0]], [[809.2209905677063, 0.0, 829.2196003259838], [0.0, 809.2209905677063, 481.77842384512485], [0.0, 0.0, 1.0]], [[1259.5137405846733, 0.0, 807.2529053838625], [0.0, 1259.5137405846733, 501.19579884916527], [0.0, 0.0, 1.0]]], "extrinsics": [[[0.8172243237495422, -0.5742103457450867, 0.049263108521699905, -0.6985244750976562], [0.08171681314706802, 0.030835598707199097, -0.9961784482002258, 1.5346527099609375], [0.5704969763755798, 0.8181268572807312, 0.0721222385764122, -1.097412109375], [0.0, 0.0, 0.0, 1.0]], [[0.004228304605931044, -0.9996433258056641, -0.0263686403632164, 0.0081787109375], [0.07589641958475113, 0.026613624766469002, -0.9967604875564575, 1.5407180786132812], [0.9971067309379578, 0.0022133179008960724, 0.07598187029361725, -1.4266357421875], [0.0, 0.0, 0.0, 1.0]], [[-0.8300744295120239, -0.5500816106796265, -0.09157814830541611, 0.8614501953125], [0.08096078783273697, 0.04360561445355415, -0.9957629442214966, 1.52032470703125], [0.5517442226409912, -0.8339715600013733, 0.00833914428949356, -1.1331787109375], [0.0, 0.0, 0.0, 1.0]], [[0.9445255994796753, 0.31663575768470764, 0.0872529149055481, -1.1441650390625], [0.08778857439756393, 0.012602897360920906, -0.9960594177246094, 1.5883636474609375], [-0.3164876401424408, 0.9484634399414062, -0.01589324325323105, -0.1033935546875], [0.0, 0.0, 0.0, 1.0]], [[0.003235315904021263, 0.9997270703315735, 0.02313428372144699, 0.002197265625], [0.06308900564908981, 0.02288425900042057, -0.9977455139160156, 1.5841064453125], [-0.9980025887489319, 0.004687530919909477, -0.06299775838851929, -0.0733642578125], [0.0, 0.0, 0.0, 1.0]], [[-0.9305728673934937, 0.35807669162750244, -0.07625742256641388, 0.99639892578125], [0.09626218676567078, 0.038349490612745285, -0.9946169853210449, 1.5658416748046875], [-0.3532247245311737, -0.9329042434692383, -0.07015624642372131, -0.1153564453125], [0.0, 0.0, 0.0, 1.0]]], "view": [[0.0, -2.0, 100.0], [-2.0, 0.0, 100.0], [0.0, 0.0, 1.0]], "bev": "bev_23d95038bdec4a55a9a488a7710122f9.png", "aux": "aux_23d95038bdec4a55a9a488a7710122f9.npz", "visibility": "visibility_23d95038bdec4a55a9a488a7710122f9.png", "pose": [[0.9974898099899292, -0.07080987840890884, 0.0, 994.9440307617188], [0.07080987840890884, 0.9974898099899292, 0.0, 1725.99853515625], [0.0, 0.0, 1.0, 0.0], [0.0, 0.0, 0.0, 1.0]], "pose_inverse": [[0.9974898099899292, 0.07080987840890884, 0.0, -1114.664306640625], [-0.07080987840890884, 0.9974898099899292, 0.0, -1651.214111328125], [0.0, 0.0, 1.0, 0.0], [0.0, 0.0, 0.0, 1.0]], "cam_ids": [0, 1, 2, 3, 4, 5], "cam_channels": ["CAM_FRONT_LEFT", "CAM_FRONT", "CAM_FRONT_RIGHT", "CAM_BACK_LEFT", "CAM_BACK", "CAM_BACK_RIGHT"], "token": "23d95038bdec4a55a9a488a7710122f9", "scene": "scene-0429"}, {"images": ["samples/CAM_FRONT_LEFT/n015-2018-10-08-15-52-24+0800__CAM_FRONT_LEFT__1538985444604844.jpg", "samples/CAM_FRONT/n015-2018-10-08-15-52-24+0800__CAM_FRONT__1538985444612460.jpg", "samples/CAM_FRONT_RIGHT/n015-2018-10-08-15-52-24+0800__CAM_FRONT_RIGHT__1538985444620339.jpg", "samples/CAM_BACK_LEFT/n015-2018-10-08-15-52-24+0800__CAM_BACK_LEFT__1538985444647423.jpg", "samples/CAM_BACK/n015-2018-10-08-15-52-24+0800__CAM_BACK__1538985444637525.jpg", "samples/CAM_BACK_RIGHT/n015-2018-10-08-15-52-24+0800__CAM_BACK_RIGHT__1538985444627893.jpg"], "intrinsics": [[[1272.5979470598488, 0.0, 826.6154927353808], [0.0, 1272.5979470598488, 479.75165386361925], [0.0, 0.0, 1.0]], [[1266.417203046554, 0.0, 816.2670197447984], [0.0, 1266.417203046554, 491.50706579294757], [0.0, 0.0, 1.0]], [[1260.8474446004698, 0.0, 807.968244525554], [0.0, 1260.8474446004698, 495.3344268742088], [0.0, 0.0, 1.0]], [[1256.7414812095406, 0.0, 792.1125740759628], [0.0, 1256.7414812095406, 492.7757465151356], [0.0, 0.0, 1.0]], [[809.2209905677063, 0.0, 829.2196003259838], [0.0, 809.2209905677063, 481.77842384512485], [0.0, 0.0, 1.0]], [[1259.5137405846733, 0.0, 807.2529053838625], [0.0, 1259.5137405846733, 501.19579884916527], [0.0, 0.0, 1.0]]], "extrinsics": [[[0.8171178102493286, -0.573809802532196, 0.05532371997833252, -0.7096686363220215], [0.08684736490249634, 0.027659159153699875, -0.9958376288414001, 1.5352783203125], [0.5698911547660828, 0.8185213804244995, 0.0724346712231636, -1.103515625], [0.0, 0.0, 0.0, 1.0]], [[0.004548205528408289, -0.9997164607048035, -0.023368820548057556, 0.007080078125], [0.08141453564167023, 0.023661676794290543, -0.996399462223053, 1.5413055419921875], [0.9966700077056885, 0.0026292602997273207, 0.08149908483028412, -1.4376220703125], [0.0, 0.0, 0.0, 1.0]], [[-0.8294724822044373, -0.5504088997840881, -0.09500151127576828, 0.869384765625], [0.08686769753694534, 0.04089368134737015, -0.995380163192749, 1.5207672119140625], [0.5517511367797852, -0.8338930606842041, 0.013892577029764652, -1.13922119140625], [0.0, 0.0, 0.0, 1.0]], [[0.9439749121665955, 0.31657472252845764, 0.09322910755872726, -1.1441650390625], [0.09480170905590057, 0.01046719029545784, -0.9954410791397095, 1.58837890625], [-0.31610730290412903, 0.9485097527503967, -0.020131058990955353, -0.103515625], [0.0, 0.0, 0.0, 1.0]], [[0.003221268067136407, 0.9997775554656982, 0.020845670253038406, 0.002685546875], [0.06976361572742462, 0.020570309832692146, -0.9973514676094055, 1.5842742919921875], [-0.9975582957267761, 0.004666997119784355, -0.06968183070421219, -0.068603515625], [0.0, 0.0, 0.0, 1.0]], [[-0.9300687909126282, 0.3578813076019287, -0.08302327990531921, 1.004486083984375], [0.102523572742939, 0.035826921463012695, -0.9940851926803589, 1.5659332275390625], [-0.35279005765914917, -0.9330795407295227, -0.07001277804374695, -0.1131591796875], [0.0, 0.0, 0.0, 1.0]]], "view": [[0.0, -2.0, 100.0], [-2.0, 0.0, 100.0], [0.0, 0.0, 1.0]], "bev": "bev_1c4cdb4d25334ce0b4f579ff8eec499a.png", "aux": "aux_1c4cdb4d25334ce0b4f579ff8eec499a.npz", "visibility": "visibility_1c4cdb4d25334ce0b4f579ff8eec499a.png", "pose": [[0.9962573051452637, -0.08643699437379837, 0.0, 998.7603759765625], [0.08643699437379837, 0.9962573051452637, 0.0, 1726.2879638671875], [0.0, 0.0, 1.0, 0.0], [0.0, 0.0, 0.0, 1.0]], "pose_inverse": [[0.9962573051452637, 0.08643699437379837, 0.0, -1144.2374267578125], [-0.08643699437379837, 0.9962573051452637, 0.0, -1633.4971923828125], [0.0, 0.0, 1.0, 0.0], [0.0, 0.0, 0.0, 1.0]], "cam_ids": [0, 1, 2, 3, 4, 5], "cam_channels": ["CAM_FRONT_LEFT", "CAM_FRONT", "CAM_FRONT_RIGHT", "CAM_BACK_LEFT", "CAM_BACK", "CAM_BACK_RIGHT"], "token": "1c4cdb4d25334ce0b4f579ff8eec499a", "scene": "scene-0429"}, {"images": ["samples/CAM_FRONT_LEFT/n015-2018-10-08-15-52-24+0800__CAM_FRONT_LEFT__1538985445104844.jpg", "samples/CAM_FRONT/n015-2018-10-08-15-52-24+0800__CAM_FRONT__1538985445112460.jpg", "samples/CAM_FRONT_RIGHT/n015-2018-10-08-15-52-24+0800__CAM_FRONT_RIGHT__1538985445120339.jpg", "samples/CAM_BACK_LEFT/n015-2018-10-08-15-52-24+0800__CAM_BACK_LEFT__1538985445147423.jpg", "samples/CAM_BACK/n015-2018-10-08-15-52-24+0800__CAM_BACK__1538985445137525.jpg", "samples/CAM_BACK_RIGHT/n015-2018-10-08-15-52-24+0800__CAM_BACK_RIGHT__1538985445127893.jpg"], "intrinsics": [[[1272.5979470598488, 0.0, 826.6154927353808], [0.0, 1272.5979470598488, 479.75165386361925], [0.0, 0.0, 1.0]], [[1266.417203046554, 0.0, 816.2670197447984], [0.0, 1266.417203046554, 491.50706579294757], [0.0, 0.0, 1.0]], [[1260.8474446004698, 0.0, 807.968244525554], [0.0, 1260.8474446004698, 495.3344268742088], [0.0, 0.0, 1.0]], [[1256.7414812095406, 0.0, 792.1125740759628], [0.0, 1256.7414812095406, 492.7757465151356], [0.0, 0.0, 1.0]], [[809.2209905677063, 0.0, 829.2196003259838], [0.0, 809.2209905677063, 481.77842384512485], [0.0, 0.0, 1.0]], [[1259.5137405846733, 0.0, 807.2529053838625], [0.0, 1259.5137405846733, 501.19579884916527], [0.0, 0.0, 1.0]]], "extrinsics": [[[0.8181739449501038, -0.5728042721748352, 0.04986570402979851, -0.7021598815917969], [0.08081915974617004, 0.028704674914479256, -0.9963153600692749, 1.534149169921875], [0.5692623853683472, 0.8191894292831421, 0.06977897137403488, -1.098388671875], [0.0, 0.0, 0.0, 1.0]], [[0.005473516881465912, -0.9996865391731262, -0.024430252611637115, 0.007080078125], [0.07547609508037567, 0.024773932993412018, -0.9968398213386536, 1.5403289794921875], [0.9971325993537903, 0.0036123290192335844, 0.07558802515268326, -1.4305419921875], [0.0, 0.0, 0.0, 1.0]], [[-0.8295421600341797, -0.5510175228118896, -0.09077153354883194, 0.86474609375], [0.08101072162389755, 0.042087018489837646, -0.9958242177963257, 1.5200347900390625], [0.5525369048118591, -0.833431601524353, 0.009725376963615417, -1.136474609375], [0.0, 0.0, 0.0, 1.0]], [[0.94442218542099, 0.31655195355415344, 0.08866479247808456, -1.1458740234375], [0.0894639864563942, 0.012039169669151306, -0.9959173202514648, 1.5882186889648438], [-0.3163270056247711, 0.9484987854957581, -0.016949938610196114, -0.1025390625], [0.0, 0.0, 0.0, 1.0]], [[0.0029401478823274374, 0.9997488260269165, 0.022221354767680168, 0.0029296875], [0.06418606638908386, 0.021986957639455795, -0.9976956844329834, 1.5839385986328125], [-0.997933566570282, 0.004359649959951639, -0.06410530209541321, -0.0694580078125], [0.0, 0.0, 0.0, 1.0]], [[-0.9307673573493958, 0.35736408829689026, -0.07722048461437225, 1.001312255859375], [0.09677240997552872, 0.03712749853730202, -0.9946138262748718, 1.5654449462890625], [-0.3525722622871399, -0.9332268834114075, -0.06914004683494568, -0.1141357421875], [0.0, 0.0, 0.0, 1.0]]], "view": [[0.0, -2.0, 100.0], [-2.0, 0.0, 100.0], [0.0, 0.0, 1.0]], "bev": "bev_555e87fb91c54e1b8f20af9c7c6165c0.png", "aux": "aux_555e87fb91c54e1b8f20af9c7c6165c0.npz", "visibility": "visibility_555e87fb91c54e1b8f20af9c7c6165c0.png", "pose": [[0.9957737922668457, -0.09183971583843231, 0.0, 1002.5555419921875], [0.09183971583843231, 0.9957737922668457, 0.0, 1726.632080078125], [0.0, 0.0, 1.0, 0.0], [0.0, 0.0, 0.0, 1.0]], "pose_inverse": [[0.9957737922668457, 0.09183971583843231, 0.0, -1156.8919677734375], [-0.09183971583843231, 0.9957737922668457, 0.0, -1627.2606201171875], [0.0, 0.0, 1.0, 0.0], [0.0, 0.0, 0.0, 1.0]], "cam_ids": [0, 1, 2, 3, 4, 5], "cam_channels": ["CAM_FRONT_LEFT", "CAM_FRONT", "CAM_FRONT_RIGHT", "CAM_BACK_LEFT", "CAM_BACK", "CAM_BACK_RIGHT"], "token": "555e87fb91c54e1b8f20af9c7c6165c0", "scene": "scene-0429"}, {"images": ["samples/CAM_FRONT_LEFT/n015-2018-10-08-15-52-24+0800__CAM_FRONT_LEFT__1538985445604844.jpg", "samples/CAM_FRONT/n015-2018-10-08-15-52-24+0800__CAM_FRONT__1538985445612460.jpg", "samples/CAM_FRONT_RIGHT/n015-2018-10-08-15-52-24+0800__CAM_FRONT_RIGHT__1538985445620339.jpg", "samples/CAM_BACK_LEFT/n015-2018-10-08-15-52-24+0800__CAM_BACK_LEFT__1538985445647423.jpg", "samples/CAM_BACK/n015-2018-10-08-15-52-24+0800__CAM_BACK__1538985445637525.jpg", "samples/CAM_BACK_RIGHT/n015-2018-10-08-15-52-24+0800__CAM_BACK_RIGHT__1538985445627893.jpg"], "intrinsics": [[[1272.5979470598488, 0.0, 826.6154927353808], [0.0, 1272.5979470598488, 479.75165386361925], [0.0, 0.0, 1.0]], [[1266.417203046554, 0.0, 816.2670197447984], [0.0, 1266.417203046554, 491.50706579294757], [0.0, 0.0, 1.0]], [[1260.8474446004698, 0.0, 807.968244525554], [0.0, 1260.8474446004698, 495.3344268742088], [0.0, 0.0, 1.0]], [[1256.7414812095406, 0.0, 792.1125740759628], [0.0, 1256.7414812095406, 492.7757465151356], [0.0, 0.0, 1.0]], [[809.2209905677063, 0.0, 829.2196003259838], [0.0, 809.2209905677063, 481.77842384512485], [0.0, 0.0, 1.0]], [[1259.5137405846733, 0.0, 807.2529053838625], [0.0, 1259.5137405846733, 501.19579884916527], [0.0, 0.0, 1.0]]], "extrinsics": [[[0.8183915019035339, -0.5728609561920166, 0.04545082896947861, -0.706367015838623], [0.0771765410900116, 0.03118998557329178, -0.9965294599533081, 1.532470703125], [0.5694552063941956, 0.8190589547157288, 0.0697370395064354, -1.1026611328125], [0.0, 0.0, 0.0, 1.0]], [[0.005491915624588728, -0.9996247291564941, -0.02683667279779911, 0.008056640625], [0.07180356979370117, 0.027162007987499237, -0.9970489144325256, 1.5390701293945312], [0.9974036812782288, 0.0035487317945808172, 0.07192578166723251, -1.434326171875], [0.0, 0.0, 0.0, 1.0]], [[-0.8298099637031555, -0.5509112477302551, -0.08895159512758255, 0.86669921875], [0.07731148600578308, 0.044369518756866455, -0.996019184589386, 1.5190582275390625], [0.5526648163795471, -0.8333836197853088, 0.0057735019363462925, -1.13702392578125], [0.0, 0.0, 0.0, 1.0]], [[0.9447181224822998, 0.31647989153862, 0.08572264015674591, -1.142822265625], [0.08567805588245392, 0.01408395729959011, -0.9962233304977417, 1.5884933471679688], [-0.3164919912815094, 0.9484946727752686, -0.01381001528352499, -0.103515625], [0.0, 0.0, 0.0, 1.0]], [[0.002902115462347865, 0.9996992349624634, 0.02435174398124218, 0.00244140625], [0.06041655316948891, 0.024132078513503075, -0.9978815317153931, 1.5837554931640625], [-0.9981690645217896, 0.004367224872112274, -0.060328345745801926, -0.07080078125], [0.0, 0.0, 0.0, 1.0]], [[-0.9310934543609619, 0.35741174221038