[{"images": ["samples/CAM_FRONT_LEFT/n008-2018-07-27-12-07-38-0400__CAM_FRONT_LEFT__1532708580004799.jpg", "samples/CAM_FRONT/n008-2018-07-27-12-07-38-0400__CAM_FRONT__1532708580012404.jpg", "samples/CAM_FRONT_RIGHT/n008-2018-07-27-12-07-38-0400__CAM_FRONT_RIGHT__1532708580020482.jpg", "samples/CAM_BACK_LEFT/n008-2018-07-27-12-07-38-0400__CAM_BACK_LEFT__1532708580047415.jpg", "samples/CAM_BACK/n008-2018-07-27-12-07-38-0400__CAM_BACK__1532708580037558.jpg", "samples/CAM_BACK_RIGHT/n008-2018-07-27-12-07-38-0400__CAM_BACK_RIGHT__1532708580028113.jpg"], "intrinsics": [[[1257.8625342125129, 0.0, 827.2410631095686], [0.0, 1257.8625342125129, 450.915498205774], [0.0, 0.0, 1.0]], [[1252.8131021185304, 0.0, 826.588114781398], [0.0, 1252.8131021185304, 469.9846626224581], [0.0, 0.0, 1.0]], [[1256.7485116440405, 0.0, 817.7887570959712], [0.0, 1256.7485116440403, 451.9541780095127], [0.0, 0.0, 1.0]], [[1254.9860565800168, 0.0, 829.5769333630991], [0.0, 1254.9860565800168, 467.1680561863987], [0.0, 0.0, 1.0]], [[796.8910634503094, 0.0, 857.7774326863696], [0.0, 796.8910634503094, 476.8848988407415], [0.0, 0.0, 1.0]], [[1249.9629280788233, 0.0, 825.3768045375984], [0.0, 1249.9629280788233, 462.54816385708756], [0.0, 0.0, 1.0]]], "extrinsics": [[[0.8196808099746704, -0.5728120803833008, -0.0031156265176832676, -0.9771728515625], [0.013019606471061707, 0.024067889899015427, -0.999625563621521, 1.4887161254882812], [0.5726726651191711, 0.8193333148956299, 0.027185775339603424, -1.3145751953125], [0.0, 0.0, 0.0, 1.0]], [[0.006161567755043507, -0.9997847080230713, -0.01981518417596817, 0.0057373046875], [0.014945842325687408, 0.019905421882867813, -0.9996901750564575, 1.4805774688720703], [0.9998692870140076, 0.00586350355297327, 0.015065273270010948, -1.706878662109375], [0.0, 0.0, 0.0, 1.0]], [[-0.8456067442893982, -0.5332045555114746, -0.02534147910773754, 1.072265625], [0.022930273786187172, 0.01114628091454506, -0.999674916267395, 1.4935722351074219], [0.5333136916160583, -0.8459129333496094, 0.002801155671477318, -1.2657470703125], [0.0, 0.0, 0.0, 1.0]], [[0.9479250311851501, 0.3184356391429901, 0.006074317265301943, -1.142913818359375], [-0.002418946009129286, 0.026269616559147835, -0.9996519684791565, 1.5620384216308594], [-0.3184843957424164, 0.9475804567337036, 0.025671904906630516, -0.1566162109375], [0.0, 0.0, 0.0, 1.0]], [[0.010440665297210217, 0.9997691512107849, 0.01877698116004467, -0.02880859375], [-0.0003056290152017027, 0.01878119446337223, -0.9998235702514648, 1.5680561065673828], [-0.9999455213546753, 0.010433036834001541, 0.0005016457289457321, 0.03546142578125], [0.0, 0.0, 0.0, 1.0]], [[-0.9227852821350098, 0.3852815628051758, -0.005038177128881216, 1.14581298828125], [0.0038319877348840237, -0.0038984508719295263, -0.9999850988388062, 1.5478734970092773], [-0.38529539108276367, -0.9227908253669739, 0.0021210401318967342, -0.0496826171875], [0.0, 0.0, 0.0, 1.0]]], "view": [[0.0, -2.0, 100.0], [-2.0, 0.0, 100.0], [0.0, 0.0, 1.0]], "bev": "bev_784cc6562a444903b2cd56cd1d56352e.png", "aux": "aux_784cc6562a444903b2cd56cd1d56352e.npz", "visibility": "visibility_784cc6562a444903b2cd56cd1d56352e.png", "pose": [[0.8057355880737305, 0.5922754406929016, 0.0, 737.9154663085938], [-0.5922754406929016, 0.8057355880737305, 0.0, 1533.8023681640625], [0.0, 0.0, 1.0, 0.0], [0.0, 0.0, 0.0, 1.0]], "pose_inverse": [[0.8057355880737305, -0.5922754406929016, 0.0, 313.86871337890625], [0.5922754406929016, 0.8057355880737305, 0.0, -1672.8883056640625], [0.0, 0.0, 1.0, 0.0], [0.0, 0.0, 0.0, 1.0]], "cam_ids": [0, 1, 2, 3, 4, 5], "cam_channels": ["CAM_FRONT_LEFT", "CAM_FRONT", "CAM_FRONT_RIGHT", "CAM_BACK_LEFT", "CAM_BACK", "CAM_BACK_RIGHT"], "token": "784cc6562a444903b2cd56cd1d56352e", "scene": "scene-0237"}, {"images": ["samples/CAM_FRONT_LEFT/n008-2018-07-27-12-07-38-0400__CAM_FRONT_LEFT__1532708580504799.jpg", "samples/CAM_FRONT/n008-2018-07-27-12-07-38-0400__CAM_FRONT__1532708580512428.jpg", "samples/CAM_FRONT_RIGHT/n008-2018-07-27-12-07-38-0400__CAM_FRONT_RIGHT__1532708580520482.jpg", "samples/CAM_BACK_LEFT/n008-2018-07-27-12-07-38-0400__CAM_BACK_LEFT__1532708580547405.jpg", "samples/CAM_BACK/n008-2018-07-27-12-07-38-0400__CAM_BACK__1532708580537558.jpg", "samples/CAM_BACK_RIGHT/n008-2018-07-27-12-07-38-0400__CAM_BACK_RIGHT__1532708580528113.jpg"], "intrinsics": [[[1257.8625342125129, 0.0, 827.2410631095686], [0.0, 1257.8625342125129, 450.915498205774], [0.0, 0.0, 1.0]], [[1252.8131021185304, 0.0, 826.588114781398], [0.0, 1252.8131021185304, 469.9846626224581], [0.0, 0.0, 1.0]], [[1256.7485116440405, 0.0, 817.7887570959712], [0.0, 1256.7485116440403, 451.9541780095127], [0.0, 0.0, 1.0]], [[1254.9860565800168, 0.0, 829.5769333630991], [0.0, 1254.9860565800168, 467.1680561863987], [0.0, 0.0, 1.0]], [[796.8910634503094, 0.0, 857.7774326863696], [0.0, 796.8910634503094, 476.8848988407415], [0.0, 0.0, 1.0]], [[1249.9629280788233, 0.0, 825.3768045375984], [0.0, 1249.9629280788233, 462.54816385708756], [0.0, 0.0, 1.0]]], "extrinsics": [[[0.8185903429985046, -0.5743674635887146, -0.003454373450949788, -0.95068359375], [0.012103846296668053, 0.023262593895196915, -0.9996561408042908, 1.48907470703125], [0.5742502808570862, 0.8182669878005981, 0.025994591414928436, -1.296142578125], [0.0, 0.0, 0.0, 1.0]], [[0.0045899152755737305, -0.9998084902763367, -0.019021067768335342, 0.006103515625], [0.013967088423669338, 0.019083509221673012, -0.9997203350067139, 1.4809188842773438], [0.9998918175697327, 0.004322959575802088, 0.014052007347345352, -1.6800689697265625], [0.0, 0.0, 0.0, 1.0]], [[-0.8462696671485901, -0.5322133302688599, -0.024008478969335556, 1.0546875], [0.021883049979805946, 0.010301298461854458, -0.9997074007987976, 1.4940013885498047], [0.5323050022125244, -0.846547544002533, 0.002928772708401084, -1.254638671875], [0.0, 0.0, 0.0, 1.0]], [[0.9479538798332214, 0.3183750808238983, 0.004546335898339748, -1.141754150390625], [-0.003687004093080759, 0.025253120809793472, -0.9996743202209473, 1.5620307922363281], [-0.31838616728782654, 0.947628378868103, 0.02511264570057392, -0.156982421875], [0.0, 0.0, 0.0, 1.0]], [[0.010924424044787884, 0.99978107213974, 0.017843332141637802, -0.0286865234375], [-0.0014882554532960057, 0.01786063238978386, -0.9998393058776855, 1.568033218383789], [-0.9999392032623291, 0.010896079242229462, 0.0016830464592203498, 0.027008056640625], [0.0, 0.0, 0.0, 1.0]], [[-0.9224569797515869, 0.3860751986503601, -0.004346703644841909, 1.131591796875], [0.00272162351757288, -0.0047556995414197445, -0.9999849796295166, 1.5478992462158203], [-0.38609009981155396, -0.9224550127983093, 0.003336177906021476, -0.0556640625], [0.0, 0.0, 0.0, 1.0]]], "view": [[0.0, -2.0, 100.0], [-2.0, 0.0, 100.0], [0.0, 0.0, 1.0]], "bev": "bev_5e172affd82343e79af5aaadf1ca800a.png", "aux": "aux_5e172affd82343e79af5aaadf1ca800a.npz", "visibility": "visibility_5e172affd82343e79af5aaadf1ca800a.png", "pose": [[0.8461839556694031, 0.5328908562660217, 0.0, 738.3873901367188], [-0.5328908562660217, 0.8461839556694031, 0.0, 1533.478759765625], [0.0, 0.0, 1.0, 0.0], [0.0, 0.0, 0.0, 1.0]], "pose_inverse": [[0.8461839556694031, -0.5328908562660217, 0.0, 192.365234375], [0.5328908562660217, 0.8461839556694031, 0.0, -1691.0850830078125], [0.0, 0.0, 1.0, 0.0], [0.0, 0.0, 0.0, 1.0]], "cam_ids": [0, 1, 2, 3, 4, 5], "cam_channels": ["CAM_FRONT_LEFT", "CAM_FRONT", "CAM_FRONT_RIGHT", "CAM_BACK_LEFT", "CAM_BACK", "CAM_BACK_RIGHT"], "token": "5e172affd82343e79af5aaadf1ca800a", "scene": "scene-0237"}, {"images": ["samples/CAM_FRONT_LEFT/n008-2018-07-27-12-07-38-0400__CAM_FRONT_LEFT__1532708581004799.jpg", "samples/CAM_FRONT/n008-2018-07-27-12-07-38-0400__CAM_FRONT__1532708581012404.jpg", "samples/CAM_FRONT_RIGHT/n008-2018-07-27-12-07-38-0400__CAM_FRONT_RIGHT__1532708581020482.jpg", "samples/CAM_BACK_LEFT/n008-2018-07-27-12-07-38-0400__CAM_BACK_LEFT__1532708581047405.jpg", "samples/CAM_BACK/n008-2018-07-27-12-07-38-0400__CAM_BACK__1532708581037558.jpg", "samples/CAM_BACK_RIGHT/n008-2018-07-27-12-07-38-0400__CAM_BACK_RIGHT__1532708581028113.jpg"], "intrinsics": [[[1257.8625342125129, 0.0, 827.2410631095686], [0.0, 1257.8625342125129, 450.915498205774], [0.0, 0.0, 1.0]], [[1252.8131021185304, 0.0, 826.588114781398], [0.0, 1252.8131021185304, 469.9846626224581], [0.0, 0.0, 1.0]], [[1256.7485116440405, 0.0, 817.7887570959712], [0.0, 1256.7485116440403, 451.9541780095127], [0.0, 0.0, 1.0]], [[1254.9860565800168, 0.0, 829.5769333630991], [0.0, 1254.9860565800168, 467.1680561863987], [0.0, 0.0, 1.0]], [[796.8910634503094, 0.0, 857.7774326863696], [0.0, 796.8910634503094, 476.8848988407415], [0.0, 0.0, 1.0]], [[1249.9629280788233, 0.0, 825.3768045375984], [0.0, 1249.9629280788233, 462.54816385708756], [0.0, 0.0, 1.0]]], "extrinsics": [[[0.8194567561149597, -0.5731403231620789, 0.0009759874665178359, -0.9344482421875], [0.010076502338051796, 0.012704391032457352, -0.9998685121536255, 1.4891414642333984], [0.5730525851249695, 0.8193588256835938, 0.016185946762561798, -1.285400390625], [0.0, 0.0, 0.0, 1.0]], [[0.005812830291688442, -0.9999478459358215, -0.008397403173148632, 0.0068359375], [0.011909283697605133, 0.008466174826025963, -0.9998932480812073, 1.480997085571289], [0.9999122023582458, 0.005712222307920456, 0.011957874521613121, -1.6639823913574219], [0.0, 0.0, 0.0, 1.0]], [[-0.8457903861999512, -0.5332586169242859, -0.016546238213777542, 1.04461669921875], [0.01979467272758484, -0.0003734565107151866, -0.9998039603233337, 1.4941596984863281], [0.533147931098938, -0.8459522128105164, 0.010871545411646366, -1.2476806640625], [0.0, 0.0, 0.0, 1.0]], [[0.9479386210441589, 0.31845149397850037, -0.001030385377816856, -1.141632080078125], [-0.0059452299028635025, 0.014462023042142391, -0.9998776912689209, 1.5620288848876953], [-0.3183977007865906, 0.9478288292884827, 0.015602377243340015, -0.1568603515625], [0.0, 0.0, 0.0, 1.0]], [[0.010559014976024628, 0.9999194145202637, 0.007051354274153709, -0.02880859375], [-0.0036731644067913294, 0.007090486120432615, -0.9999681115150452, 1.567978858947754], [-0.9999375939369202, 0.010532745160162449, 0.003747736569494009, 0.02269744873046875], [0.0, 0.0, 0.0, 1.0]], [[-0.9227452874183655, 0.38535502552986145, -0.00652981735765934, 1.12353515625], [0.0006078473525121808, -0.015487395226955414, -0.9998798370361328, 1.547842025756836], [-0.3854098618030548, -0.9226384162902832, 0.014056683517992496, -0.0587158203125], [0.0, 0.0, 0.0, 1.0]]], "view": [[0.0, -2.0, 100.0], [-2.0, 0.0, 100.0], [0.0, 0.0, 1.0]], "bev": "bev_cd544221976545e2ba6fdab97c084e43.png", "aux": "aux_cd544221976545e2ba6fdab97c084e43.npz", "visibility": "visibility_cd544221976545e2ba6fdab97c084e43.png", "pose": [[0.8819975852966309, 0.4712539613246918, 0.0, 739.1484375], [-0.4712539613246918, 0.8819975852966309, 0.0, 1533.0279541015625], [0.0, 0.0, 1.0, 0.0], [0.0, 0.0, 0.0, 1.0]], "pose_inverse": [[0.8819975852966309, -0.4712539613246918, 0.0, 70.51834869384766], [0.4712539613246918, 0.8819975852966309, 0.0, -1700.45361328125], [0.0, 0.0, 1.0, 0.0], [0.0, 0.0, 0.0, 1.0]], "cam_ids": [0, 1, 2, 3, 4, 5], "cam_channels": ["CAM_FRONT_LEFT", "CAM_FRONT", "CAM_FRONT_RIGHT", "CAM_BACK_LEFT", "CAM_BACK", "CAM_BACK_RIGHT"], "token": "cd544221976545e2ba6fdab97c084e43", "scene": "scene-0237"}, {"images": ["samples/CAM_FRONT_LEFT/n008-2018-07-27-12-07-38-0400__CAM_FRONT_LEFT__1532708581504799.jpg", "samples/CAM_FRONT/n008-2018-07-27-12-07-38-0400__CAM_FRONT__1532708581512499.jpg", "samples/CAM_FRONT_RIGHT/n008-2018-07-27-12-07-38-0400__CAM_FRONT_RIGHT__1532708581520482.jpg", "samples/CAM_BACK_LEFT/n008-2018-07-27-12-07-38-0400__CAM_BACK_LEFT__1532708581547405.jpg", "samples/CAM_BACK/n008-2018-07-27-12-07-38-0400__CAM_BACK__1532708581537558.jpg", "samples/CAM_BACK_RIGHT/n008-2018-07-27-12-07-38-0400__CAM_BACK_RIGHT__1532708581528113.jpg"], "intrinsics": [[[1257.8625342125129, 0.0, 827.2410631095686], [0.0, 1257.8625342125129, 450.915498205774], [0.0, 0.0, 1.0]], [[1252.8131021185304, 0.0, 826.588114781398], [0.0, 1252.8131021185304, 469.9846626224581], [0.0, 0.0, 1.0]], [[1256.7485116440405, 0.0, 817.7887570959712], [0.0, 1256.7485116440403, 451.9541780095127], [0.0, 0.0, 1.0]], [[1254.9860565800168, 0.0, 829.5769333630991], [0.0, 1254.9860565800168, 467.1680561863987], [0.0, 0.0, 1.0]], [[796.8910634503094, 0.0, 857.7774326863696], [0.0, 796.8910634503094, 476.8848988407415], [0.0, 0.0, 1.0]], [[1249.9629280788233, 0.0, 825.3768045375984], [0.0, 1249.9629280788233, 462.54816385708756], [0.0, 0.0, 1.0]]], "extrinsics": [[[0.8223620653152466, -0.5689537525177002, 0.003508950350806117, -0.9176025390625], [0.007233869284391403, 0.00428863475099206, -0.9999645948410034, 1.489058494567871], [0.5689186453819275, 0.8223583698272705, 0.007642545271664858, -1.273681640625], [0.0, 0.0, 0.0, 1.0]], [[0.010011768899857998, -0.9999499320983887, 0.0001620039838599041, 0.006591796875], [0.00915272906422615, -7.036595343379304e-05, -0.9999580979347229, 1.4809627532958984], [0.9999079704284668, 0.010012802667915821, 0.009151564911007881, -1.6474075317382812], [0.0, 0.0, 0.0, 1.0]], [[-0.8440670967102051, -0.5361510515213013, -0.009633146226406097, 1.0333251953125], [0.01713697798550129, -0.009015034884214401, -0.9998124837875366, 1.4942407608032227], [0.5359637141227722, -0.8440738916397095, 0.016797304153442383, -1.24072265625], [0.0, 0.0, 0.0, 1.0]], [[0.9478932619094849, 0.31852880120277405, -0.00614209845662117, -1.1402587890625], [-0.0082651786506176, 0.005314135458320379, -0.9999517202377319, 1.5620126724243164], [-0.3184807598590851, 0.947898268699646, 0.007669930811971426, -0.1573486328125], [0.0, 0.0, 0.0, 1.0]], [[0.009300382807850838, 0.9999547600746155, -0.001973362173885107, -0.02880859375], [-0.006128741893917322, -0.0019164084224030375, -0.9999793767929077, 1.5678911209106445], [-0.9999379515647888, 0.009312269277870655, 0.006110642105340958, 0.016855239868164062], [0.0, 0.0, 0.0, 1.0]], [[-0.9236822128295898, 0.38308578729629517, -0.007512013893574476, 1.1143798828125], [-0.001957067521288991, -0.02432219684123993, -0.9997022151947021, 1.5477218627929688], [-0.38315442204475403, -0.9233925342559814, 0.023215703666210175, -0.0628662109375], [0.0, 0.0, 0.0, 1.0]]], "view": [[0.0, -2.0, 100.0], [-2.0, 0.0, 100.0], [0.0, 0.0, 1.0]], "bev": "bev_4c50182e8e7c499f8f0f2dd8c6b7882d.png", "aux": "aux_4c50182e8e7c499f8f0f2dd8c6b7882d.npz", "visibility": "visibility_4c50182e8e7c499f8f0f2dd8c6b7882d.png", "pose": [[0.898113489151001, 0.43976378440856934, 0.0, 740.1511840820312], [-0.43976378440856934, 0.898113489151001, 0.0, 1532.5179443359375], [0.0, 0.0, 1.0, 0.0], [0.0, 0.0, 0.0, 1.0]], "pose_inverse": [[0.898113489151001, -0.43976378440856934, 0.0, 9.206138610839844], [0.43976378440856934, 0.898113489151001, 0.0, -1701.86669921875], [0.0, 0.0, 1.0, 0.0], [0.0, 0.0, 0.0, 1.0]], "cam_ids": [0, 1, 2, 3, 4, 5], "cam_channels": ["CAM_FRONT_LEFT", "CAM_FRONT", "CAM_FRONT_RIGHT", "CAM_BACK_LEFT", "CAM_BACK", "CAM_BACK_RIGHT"], "token": "4c50182e8e7c499f8f0f2dd8c6b7882d", "scene": "scene-0237"}, {"images": ["samples/CAM_FRONT_LEFT/n008-2018-07-27-12-07-38-0400__CAM_FRONT_LEFT__1532708581904799.jpg", "samples/CAM_FRONT/n008-2018-07-27-12-07-38-0400__CAM_FRONT__1532708581912404.jpg", "samples/CAM_FRONT_RIGHT/n008-2018-07-27-12-07-38-0400__CAM_FRONT_RIGHT__1532708581920482.jpg", "samples/CAM_BACK_LEFT/n008-2018-07-27-12-07-38-0400__CAM_BACK_LEFT__1532708581947405.jpg", "samples/CAM_BACK/n008-2018-07-27-12-07-38-0400__CAM_BACK__1532708581937558.jpg", "samples/CAM_BACK_RIGHT/n008-2018-07-27-12-07-38-0400__CAM_BACK_RIGHT__1532708581928113.jpg"], "intrinsics": [[[1257.8625342125129, 0.0, 827.2410631095686], [0.0, 1257.8625342125129, 450.915498205774], [0.0, 0.0, 1.0]], [[1252.8131021185304, 0.0, 826.588114781398], [0.0, 1252.8131021185304, 469.9846626224581], [0.0, 0.0, 1.0]], [[1256.7485116440405, 0.0, 817.7887570959712], [0.0, 1256.7485116440403, 451.9541780095127], [0.0, 0.0, 1.0]], [[1254.9860565800168, 0.0, 829.5769333630991], [0.0, 1254.9860565800168, 467.1680561863987], [0.0, 0.0, 1.0]], [[796.8910634503094, 0.0, 857.7774326863696], [0.0, 796.8910634503094, 476.8848988407415], [0.0, 0.0, 1.0]], [[1249.9629280788233, 0.0, 825.3768045375984], [0.0, 1249.9629280788233, 462.54816385708756], [0.0, 0.0, 1.0]]], "extrinsics": [[[0.8252614140510559, -0.5647072792053223, 0.007022262550890446, -0.9158935546875], [0.007035162765532732, -0.00215372396633029, -0.9999728798866272, 1.4890565872192383], [0.5647071003913879, 0.8252884745597839, 0.002195419743657112, -1.2720947265625], [0.0, 0.0, 0.0, 1.0]], [[0.014234015718102455, -0.9998777508735657, 0.006463636178523302, 0.0064697265625], [0.009106305427849293, -0.006334394216537476, -0.9999384880065918, 1.4809770584106445], [0.9998571872711182, 0.014292009174823761, 0.009015027433633804, -1.645193099975586], [0.0, 0.0, 0.0, 1.0]], [[-0.8423043489456177, -0.5389641523361206, -0.00641041062772274, 1.03192138671875], [0.017257358878850937, -0.015079337172210217, -0.9997373223304749, 1.494272232055664], [0.5387259125709534, -0.8421937227249146, 0.022002488374710083, -1.2401123046875], [0.0, 0.0, 0.0, 1.0]], [[0.9478602409362793, 0.31859639286994934, -0.007565212436020374, -1.14093017578125], [-0.007918450981378555, -0.00018641083443071693, -0.9999686479568481, 1.5620163679122925], [-0.3185878098011017, 0.9478904008865356, 0.002346098655834794, -0.1571044921875], [0.0, 0.0, 0.0, 1.0]], [[0.008015822619199753, 0.9999383091926575, -0.007687055505812168, -0.028564453125], [-0.005891972221434116, -0.007639937102794647, -0.9999533891677856, 1.5678987503051758], [-0.9999505281448364, 0.008060719817876816, 0.005830368027091026, 0.016468048095703125], [0.0, 0.0, 0.0, 1.0]], [[-0.9245925545692444, 0.38082754611968994, -0.009944268502295017, 1.1134033203125], [-0.0017159600974991918, -0.030266348272562027, -0.999540388584137, 1.5477218627929688], [-0.3809535801410675, -0.9241505265235901, 0.02863752469420433, -0.063232421875], [0.0, 0.0, 0.0, 1.0]]], "view": [[0.0, -2.0, 100.0], [-2.0, 0.0, 100.0], [0.0, 0.0, 1.0]], "bev": "bev_b0be51dece914277895e5fab015552e1.png", "aux": "aux_b0be51dece914277895e5fab015552e1.npz", "visibility": "visibility_b0be51dece914277895e5fab015552e1.png", "pose": [[0.8872937560081482, 0.4612046778202057, 0.0, 741.0366821289062], [-0.4612046778202057, 0.8872937560081482, 0.0, 1532.0726318359375], [0.0, 0.0, 1.0, 0.0], [0.0, 0.0, 0.0, 1.0]], "pose_inverse": [[0.8872937560081482, -0.4612046778202057, 0.0, 49.08182907104492], [0.4612046778202057, 0.8872937560081482, 0.0, -1701.1680908203125], [0.0, 0.0, 1.0, 0.0], [0.0, 0.0, 0.0, 1.0]], "cam_ids": [0, 1, 2, 3, 4, 5], "cam_channels": ["CAM_FRONT_LEFT", "CAM_FRONT", "CAM_FRONT_RIGHT", "CAM_BACK_LEFT", "CAM_BACK", "CAM_BACK_RIGHT"], "token": "b0be51dece914277895e5fab015552e1", "scene": "scene-0237"}, {"images": ["samples/CAM_FRONT_LEFT/n008-2018-07-27-12-07-38-0400__CAM_FRONT_LEFT__1532708582404799.jpg", "samples/CAM_FRONT/n008-2018-07-27-12-07-38-0400__CAM_FRONT__1532708582412404.jpg", "samples/CAM_FRONT_RIGHT/n008-2018-07-27-12-07-38-0400__CAM_FRONT_RIGHT__1532708582420482.jpg", "samples/CAM_BACK_LEFT/n008-2018-07-27-12-07-38-0400__CAM_BACK_LEFT__1532708582447405.jpg", "samples/CAM_BACK/n008-2018-07-27-12-07-38-0400__CAM_BACK__1532708582437558.jpg", "samples/CAM_BACK_RIGHT/n008-2018-07-27-12-07-38-0400__CAM_BACK_RIGHT__1532708582428113.jpg"], "intrinsics": [[[1257.8625342125129, 0.0, 827.2410631095686], [0.0, 1257.8625342125129, 450.915498205774], [0.0, 0.0, 1.0]], [[1252.8131021185304, 0.0, 826.588114781398], [0.0, 1252.8131021185304, 469.9846626224581], [0.0, 0.0, 1.0]], [[1256.7485116440405, 0.0, 817.7887570959712], [0.0, 1256.7485116440403, 451.9541780095127], [0.0, 0.0, 1.0]], [[1254.9860565800168, 0.0, 829.5769333630991], [0.0, 1254.9860565800168, 467.1680561863987], [0.0, 0.0, 1.0]], [[796.8910634503094, 0.0, 857.7774326863696], [0.0, 796.8910634503094, 476.8848988407415], [0.0, 0.0, 1.0]], [[1249.9629280788233, 0.0, 825.3768045375984], [0.0, 1249.9629280788233, 462.54816385708756], [0.0, 0.0, 1.0]]], "extrinsics": [[[0.8270682096481323, -0.5620343089103699, 0.00869635958224535, -0.89892578125], [0.0067911287769675255, -0.00547884963452816, -0.9999619126319885, 1.4891653060913086], [0.562060534954071, 0.8270958662033081, -0.0007145345443859696, -1.260986328125], [0.0, 0.0, 0.0, 1.0]], [[0.01685880497097969, -0.9998104572296143, 0.009744289331138134, 0.0069580078125], [0.00875308271497488, -0.009597720578312874, -0.9999156594276428, 1.4810943603515625], [0.9998196363449097, 0.016942733898758888, 0.008589616045355797, -1.62847900390625], [0.0, 0.0, 0.0, 1.0]], [[-0.8412247896194458, -0.540668785572052, -0.004250625614076853, 1.02099609375], [0.016791732981801033, -0.018266834318637848, -0.9996921420097351, 1.4944610595703125], [0.5404247641563416, -0.8410372734069824, 0.02444528043270111, -1.2330322265625], [0.0, 0.0, 0.0, 1.0]], [[0.9478136301040649, 0.3186873495578766, -0.009366803802549839, -1.139251708984375], [-0.00880543515086174, -0.0032021370716392994, -0.9999561309814453, 1.562000036239624], [-0.31870338320732117, 0.9478545188903809, -0.00022884704230818897, -0.1575927734375], [0.0, 0.0, 0.0, 1.0]], [[0.00725974328815937, 0.999915599822998, -0.010775387287139893, -0.028564453125], [-0.006593771278858185, -0.01072756852954626, -0.999920666217804, 1.567840576171875], [-0.9999520182609558, 0.007330157794058323, 0.006515334825962782, 0.011322021484375], [0.0, 0.0, 0.0, 1.0]], [[-0.9251460433006287, 0.37946367263793945, -0.010584809817373753, 1.1046142578125], [-0.002274548402056098, -0.033423908054828644, -0.9994387030601501, 1.5476760864257812], [-0.3796043395996094, -0.9246026873588562, 0.03178510442376137, -0.0667724609375], [0.0, 0.0, 0.0, 1.0]]], "view": [[0.0, -2.0, 100.0], [-2.0, 0.0, 100.0], [0.0, 0.0, 1.0]], "bev": "bev_c0722a8bd1944a088c2f80ea2ec50ba7.png", "aux": "aux_c0722a8bd1944a088c2f80ea2ec50ba7.npz", "visibility": "visibility_c0722a8bd1944a088c2f80ea2ec50ba7.png", "pose": [[0.8501189351081848, 0.5265907645225525, 0.0, 742.197509765625], [-0.5265907645225525, 0.8501189351081848, 0.0, 1531.4141845703125], [0.0, 0.0, 1.0, 0.0], [0.0, 0.0, 0.0, 1.0]], "pose_inverse": [[0.8501189351081848, -0.5265907645225525, 0.0, 175.47239685058594], [0.5265907645225525, 0.8501189351081848, 0.0, -1692.718505859375], [0.0, 0.0, 1.0, 0.0], [0.0, 0.0, 0.0, 1.0]], "cam_ids": [0, 1, 2, 3, 4, 5], "cam_channels": ["CAM_FRONT_LEFT", "CAM_FRONT", "CAM_FRONT_RIGHT", "CAM_BACK_LEFT", "CAM_BACK", "CAM_BACK_RIGHT"], "token": "c0722a8bd1944a088c2f80ea2ec50ba7", "scene": "scene-0237"}, {"images": ["samples/CAM_FRONT_LEFT/n008-2018-07-27-12-07-38-0400__CAM_FRONT_LEFT__1532708583004799.jpg", "samples/CAM_FRONT/n008-2018-07-27-12-07-38-0400__CAM_FRONT__1532708583012404.jpg", "samples/CAM_FRONT_RIGHT/n008-2018-07-27-12-07-38-0400__CAM_FRONT_RIGHT__1532708583020482.jpg", "samples/CAM_BACK_LEFT/n008-2018-07-27-12-07-38-0400__CAM_BACK_LEFT__1532708583047405.jpg", "samples/CAM_BACK/n008-2018-07-27-12-07-38-0400__CAM_BACK__1532708583037558.jpg", "samples/CAM_BACK_RIGHT/n008-2018-07-27-12-07-38-0400__CAM_BACK_RIGHT__1532708583028113.jpg"], "intrinsics": [[[1257.8625342125129, 0.0, 827.2410631095686], [0.0, 1257.8625342125129, 450.915498205774], [0.0, 0.0, 1.0]], [[1252.8131021185304, 0.0, 826.588114781398], [0.0, 1252.8131021185304, 469.9846626224581], [0.0, 0.0, 1.0]], [[1256.7485116440405, 0.0, 817.7887570959712], [0.0, 1256.7485116440403, 451.9541780095127], [0.0, 0.0, 1.0]], [[1254.9860565800168, 0.0, 829.5769333630991], [0.0, 1254.9860565800168, 467.1680561863987], [0.0, 0.0, 1.0]], [[796.8910634503094, 0.0, 857.7774326863696], [0.0, 796.8910634503094, 476.8848988407415], [0.0, 0.0, 1.0]], [[1249.9629280788233, 0.0, 825.3768045375984], [0.0, 1249.9629280788233, 462.54816385708756], [0.0, 0.0, 1.0]]], "extrinsics": [[[0.8254272937774658, -0.5644563436508179, 0.007659873925149441, -0.89208984375], [0.006371983792632818, -0.00425194576382637, -0.9999706745147705, 1.4891653060913086], [0.5644724369049072, 0.8254519104957581, 8.703357161721215e-05, -1.2559814453125], [0.0, 0.0, 0.0, 1.0]], [[0.014449674636125565, -0.9998589158058167, 0.008558849804103374, 0.0069580078125], [0.00830632820725441, -0.008439416997134686, -0.9999299049377441, 1.4811038970947266], [0.9998610019683838, 0.014519703574478626, 0.008183211088180542, -1.621795654296875], [0.0, 0.0, 0.0, 1.0]], [[-0.8422397971153259, -0.5390845537185669, -0.004472797270864248, 1.016845703125], [0.016312098130583763, -0.017190542072057724, -0.9997191429138184, 1.4944992065429688], [0.5388563275337219, -0.8420762419700623, 0.023272158578038216, -1.230712890625], [0.0, 0.0, 0.0, 1.0]], [[0.947882354259491, 0.31848523020744324, -0.009278801269829273, -1.141632080078125], [-0.009018143638968468, -0.0022929133847355843, -0.9999567270278931, 1.5620173215866089], [-0.31849268078804016, 0.9479250311851501, 0.0006987330853007734, -0.1571044921875], [0.0, 0.0, 0.0, 1.0]], [[0.008037210442125797, 0.9999195337295532, -0.009810896590352058, -0.028564453125], [-0.006882061716169119, -0.009755666367709637, -0.9999287128448486, 1.5678300857543945], [-0.9999439716339111, 0.008104181848466396, 0.00680310046300292, 0.01092529296875], [0.0, 0.0, 0.0, 1.0]], [[-0.9246242046356201, 0.3807523250579834, -0.009885892271995544, 1.10198974609375], [-0.0026463493704795837, -0.03237682580947876, -0.9994722008705139, 1.5476455688476562], [-0.380871444940567, -0.9241099953651428, 0.03094400279223919, -0.0677490234375], [0.0, 0.0, 0.0, 1.0]]], "view": [[0.0, -2.0, 100.0], [-2.0, 0.0, 100.0], [0.0, 0.0, 1.0]], "bev": "bev_4236ad65a19a4f2381624b0f1e43591c.png", "aux": "aux_4236ad65a19a4f2381624b0f1e43591c.npz", "visibility": "visibility_4236ad65a19a4f2381624b0f1e43591c.png", "pose": [[0.8034693002700806, 0.5953461527824402, 0.0, 743.6951904296875], [-0.5953461527824402, 0.8034693002700806, 0.0, 1530.388916015625], [0.0, 0.0, 1.0, 0.0], [0.0, 0.0, 0.0, 1.0]], "pose_inverse": [[0.8034693002700806, -0.5953461527824402, 0.0, 313.5749206542969], [0.5953461527824402, 0.8034693002700806, 0.0, -1672.3765869140625], [0.0, 0.0, 1.0, 0.0], [0.0, 0.0, 0.0, 1.0]], "cam_ids": [0, 1, 2, 3, 4, 5], "cam_channels": ["CAM_FRONT_LEFT", "CAM_FRONT", "CAM_FRONT_RIGHT", "CAM_BACK_LEFT", "CAM_BACK", "CAM_BACK_RIGHT"], "token": "4236ad65a19a4f2381624b0f1e43591c", "scene": "scene-0237"}, {"images": ["samples/CAM_FRONT_LEFT/n008-2018-07-27-12-07-38-0400__CAM_FRONT_LEFT__1532708583504799.jpg", "samples/CAM_FRONT/n008-2018-07-27-12-07-38-0400__CAM_FRONT__1532708583512404.jpg", "samples/CAM_FRONT_RIGHT/n008-2018-07-27-12-07-38-0400__CAM_FRONT_RIGHT__1532708583520482.jpg", "samples/CAM_BACK_LEFT/n008-2018-07-27-12-07-38-0400__CAM_BACK_LEFT__1532708583547405.jpg", "samples/CAM_BACK/n008-2018-07-27-12-07-38-0400__CAM_BACK__1532708583537558.jpg", "samples/CAM_BACK_RIGHT/n008-2018-07-27-12-07-38-0400__CAM_BACK_RIGHT__1532708583528116.jpg"], "intrinsics": [[[1257.8625342125129, 0.0, 827.2410631095686], [0.0, 1257.8625342125129, 450.915498205774], [0.0, 0.0, 1.0]], [[1252.8131021185304, 0.0, 826.588114781398], [0.0, 1252.8131021185304, 469.9846626224581], [0.0, 0.0, 1.0]], [[1256.7485116440405, 0.0, 817.7887570959712], [0.0, 1256.7485116440403, 451.9541780095127], [0.0, 0.0, 1.0]], [[1254.9860565800168, 0.0, 829.5769333630991], [0.0, 1254.9860565800168, 467.1680561863987], [0.0, 0.0, 1.0]], [[796.8910634503094, 0.0, 857.7774326863696], [0.0, 796.8910634503094, 476.8848988407415], [0.0, 0.0, 1.0]], [[1249.9629280788233, 0.0, 825.3768045375984], [0.0, 1249.9629280788233, 462.54816385708756], [0.0, 0.0, 1.0]]], "extrinsics": [[[0.8245750069618225, -0.5657159090042114, 0.006449865642935038, -0.8819580078125], [0.006263286806643009, -0.002271764911711216, -0.9999777674674988, 1.4892268180847168], [0.5657179951667786, 0.8245971202850342, 0.0016700001433491707, -1.2491455078125], [0.0, 0.0, 0.0, 1.0]], [[0.013182411901652813, -0.9998926520347595, 0.006390298251062632, 0.00732421875], [0.008187300525605679, -0.006282703951001167, -0.9999467730522156, 1.481170654296875], [0.9998795986175537, 0.013234050013124943, 0.008103600703179836, -1.61181640625], [0.0, 0.0, 0.0, 1.0]], [[-0.8427854180335999, -0.5382201671600342, -0.005644337274134159, 1.01068115234375], [0.01618022657930851, -0.014851698651909828, -0.999758780002594, 1.4946117401123047], [0.5380064845085144, -0.8426734209060669, 0.02122531831264496, -1.226318359375], [0.0, 0.0, 0.0, 1.0]], [[0.9478898048400879, 0.31848248839378357, -0.008600863628089428, -1.141998291015625], [-0.009269680827856064, 0.0005844669067300856, -0.9999568462371826, 1.5620265007019043], [-0.31846365332603455, 0.9479285478591919, 0.003506240202113986, -0.15673828125], [0.0, 0.0, 0.0, 1.0]], [[0.008422564715147018, 0.9999391436576843, -0.007123071234673262, -0.028564453125], [-0.007116381078958511, -0.007063204422593117, -0.9999496936798096, 1.5678033828735352], [-0.9999393224716187, 0.008472799323499203, 0.0070564583875238895, 0.0081787109375], [0.0, 0.0, 0.0, 1.0]], [[-0.9243431687355042, 0.3814621865749359, -0.008732425048947334, 1.09710693359375], [-0.002881291089579463, -0.029863500967621803, -0.9995498061180115, 1.5476188659667969], [-0.38155117630958557, -0.9239019155502319, 0.028703227639198303, -0.06982421875], [0.0, 0.0, 0.0, 1.0]]], "view": [[0.0, -2.0, 100.0], [-2.0, 0.0, 100.0], [0.0, 0.0, 1.0]], "bev": "bev_5dc51eee293747778da21a4a3893ccb0.png", "aux": "aux_5dc51eee293747778da21a4a3893ccb0.npz", "visibility": "visibility_5dc51eee293747778da21a4a3893ccb0.png", "pose": [[0.7696194648742676, 0.638502836227417, 0.0, 744.996826171875], [-0.638502836227417, 0.7696194648742676, 0.0, 1529.3619384765625], [0.0, 0.0, 1.0, 0.0], [0.0, 0.0, 0.0, 1.0]], "pose_inverse": [[0.7696194648742676, -0.638502836227417, 0.0, 403.1379089355469], [0.638502836227417, 0.7696194648742676, 0.0, -1652.7093505859375], [0.0, 0.0, 1.0, 0.0], [0.0, 0.0, 0.0, 1.0]], "cam_ids": [0, 1, 2, 3, 4, 5], "cam_channels": ["CAM_FRONT_LEFT", "CAM_FRONT", "CAM_FRONT_RIGHT", "CAM_BACK_LEFT", "CAM_BACK", "CAM_BACK_RIGHT"], "token": "5dc51eee293747778da21a4a3893ccb0", "scene": "scene-0237"}, {"images": ["samples/CAM_FRONT_LEFT/n008-2018-07-27-12-07-38-0400__CAM_FRONT_LEFT__1532708584004799.jpg", "samples/CAM_FRONT/n008-2018-07-27-12-07-38-0400__CAM_FRONT__1532708584012404.jpg", "samples/CAM_FRONT_RIGHT/n008-2018-07-27-12-07-38-0400__CAM_FRONT_RIGHT__1532708584020482.jpg", "samples/CAM_BACK_LEFT/n008-2018-07-27-12-07-38-0400__CAM_BACK_LEFT__1532708584047405.jpg", "samples/CAM_BACK/n008-2018-07-27-12-07-38-0400__CAM_BACK__1532708584037558.jpg", "samples/CAM_BACK_RIGHT/n008-2018-07-27-12-07-38-0400__CAM_BACK_RIGHT__1532708584028113.jpg"], "intrinsics": [[[1257.8625342125129, 0.0, 827.2410631095686], [0.0, 1257.8625342125129, 450.915498205774], [0.0, 0.0, 1.0]], [[1252.8131021185304, 0.0, 826.588114781398], [0.0, 1252.8131021185304, 469.9846626224581], [0.0, 0.0, 1.0]], [[1256.7485116440405, 0.0, 817.7887570959712], [0.0, 1256.7485116440403, 451.9541780095127], [0.0, 0.0, 1.0]], [[1254.9860565800168, 0.0, 829.5769333630991], [0.0, 1254.9860565800168, 467.1680561863987], [0.0, 0.0, 1.0]], [[796.8910634503094, 0.0, 857.7774326863696], [0.0, 796.8910634503094, 476.8848988407415], [0.0, 0.0, 1.0]], [[1249.9629280788233, 0.0, 825.3768045375984], [0.0, 1249.9629280788233, 462.54816385708756], [0.0, 0.0, 1.0]]], "extrinsics": [[[0.8240370154380798, -0.5664795637130737, 0.007998857647180557, -0.8758544921875], [0.006714625749737024, -0.004352319985628128, -0.9999679923057556, 1.4893474578857422], [0.5664962530136108, 0.824064314365387, 0.00021722406381741166, -1.2459716796875], [0.0, 0.0, 0.0, 1.0]], [[0.01241847313940525, -0.999885618686676, 0.008622354827821255, 0.0079345703125], [0.00863680150359869, -0.008515438996255398, -0.9999265074729919, 1.4812870025634766], [0.9998854994773865, 0.012492015957832336, 0.008530066348612309, -1.605987548828125], [0.0, 0.0, 0.0, 1.0]], [[-0.8430870175361633, -0.5377561450004578, -0.004743778612464666, 1.006988525390625], [0.01662672497332096, -0.01724826730787754, -0.9997130036354065, 1.4947471618652344], [0.5375199317932129, -0.8429239988327026, 0.0234829168766737, -1.22314453125], [0.0, 0.0, 0.0, 1.0]], [[0.9479014873504639, 0.318429172039032, -0.009247998706996441, -1.1421737670898438], [-0.008985024876892567, -0.002294640988111496, -0.9999570250511169, 1.562028408050537], [-0.31843674182891846, 0.9479438662528992, 0.0006860006833449006, -0.1566162109375], [0.0, 0.0, 0.0, 1.0]], [[0.008655001409351826, 0.9999144673347473, -0.00980678666383028, -0.0286865234375], [-0.006788149010390043, -0.009748175740242004, -0.9999294281005859, 1.5678081512451172], [-0.999939501285553, 0.008720948360860348, 0.006703198421746492, 0.00665283203125], [0.0, 0.0, 0.0, 1.0]], [[-0.9241840839385986, 0.3818133771419525, -0.010106672532856464, 1.0936279296875], [-0.00245137931779027, -0.0323898084461689, -0.9994723200798035, 1.5476608276367188], [-0.3819392919540405, -0.9236716628074646, 0.030870117247104645, -0.070556640625], [0.0, 0.0, 0.0, 1.0]]], "view": [[0.0, -2.0, 100.0], [-2.0, 0.0, 100.0], [0.0, 0.0, 1.0]], "bev": "bev_70a14f53f3c6492286c6a61c22a302be.png", "aux": "aux_70a14f53f3c6492286c6a61c22a302be.npz", "visibility": "visibility_70a14f53f3c6492286c6a61c22a302be.png", "pose": [[0.7497774362564087, 0.6616900563240051, 0.0, 746.3251342773438], [-0.6616900563240051, 0.7497774362564087, 0.0, 1528.2200927734375], [0.0, 0.0, 1.0, 0.0], [0.0, 0.0, 0.0, 1.0]], "pose_inverse": [[0.7497774362564087, -0.6616900563240051, 0.0, 451.63031005859375], [0.6616900563240051, 0.7497774362564087, 0.0, -1639.660888671875], [0.0, 0.0, 1.0, 0.0], [0.0, 0.0, 0.0, 1.0]], "cam_ids": [0, 1, 2, 3, 4, 5], "cam_channels": ["CAM_FRONT_LEFT", "CAM_FRONT", "CAM_FRONT_RIGHT", "CAM_BACK_LEFT", "CAM_BACK", "CAM_BACK_RIGHT"], "token": "70a14f53f3c6492286c6a61c22a302be", "scene": "scene-0237"}, {"images": ["samples/CAM_FRONT_LEFT/n008-2018-07-27-12-07-38-0400__CAM_FRONT_LEFT__1532708584504799.jpg", "samples/CAM_FRONT/n008-2018-07-27-12-07-38-0400__CAM_FRONT__1532708584512404.jpg", "samples/CAM_FRONT_RIGHT/n008-2018-07-27-12-07-38-0400__CAM_FRONT_RIGHT__1532708584520482.jpg", "samples/CAM_BACK_LEFT/n008-2018-07-27-12-07-38-0400__CAM_BACK_LEFT__1532708584547405.jpg", "samples/CAM_BACK/n008-2018-07-27-12-07-38-0400__CAM_BACK__1532708584537562.jpg", "samples/CAM_BACK_RIGHT/n008-2018-07-27-12-07-38-0400__CAM_BACK_RIGHT__1532708584528113.jpg"], "intrinsics": [[[1257.8625342125129, 0.0, 827.2410631095686], [0.0, 1257.8625342125129, 450.915498205774], [0.0, 0.0, 1.0]], [[1252.8131021185304, 0.0, 826.588114781398], [0.0, 1252.8131021185304, 469.9846626224581], [0.0, 0.0, 1.0]], [[1256.7485116440405, 0.0, 817.7887570959712], [0.0, 1256.7485116440403, 451.9541780095127], [0.0, 0.0, 1.0]], [[1254.9860565800168, 0.0, 829.5769333630991], [0.0, 1254.9860565800168, 467.1680561863987], [0.0, 0.0, 1.0]], [[796.8910634503094, 0.0, 857.7774326863696], [0.0, 796.8910634503094, 476.8848988407415], [0.0, 0.0, 1.0]], [[1249.9629280788233, 0.0, 825.3768045375984], [0.0, 1249.9629280788233, 462.54816385708756], [0.0, 0.0, 1.0]]], "extrinsics": [[[0.8238924741744995, -0.566723108291626, 0.005118421278893948, -0.876708984375], [0.008802303113043308, 0.0037654440384358168, -0.9999541640281677, 1.4896485805511475], [0.5666779279708862, 0.8238997459411621, 0.008090787567198277, -1.2471923828125], [0.0, 0.0, 0.0, 1.0]], [[0.01221474725753069, -0.9999253153800964, 0.0004430124827194959, 0.0081787109375], [0.010672679170966148, -0.000312646443489939, -0.99994295835495, 1.4815244674682617], [0.9998685121536255, 0.012218747287988663, 0.010668061673641205, -1.6075439453125], [0.0, 0.0, 0.0, 1.0]], [[-0.8431553244590759, -0.5375600457191467, -0.010875897482037544, 1.0084228515625], [0.018607014790177345, -0.00895718764513731, -0.9997867345809937, 1.494913101196289], [0.5373479127883911, -0.8431779146194458, 0.017554687336087227, -1.2237548828125], [0.0, 0.0, 0.0, 1.0]], [[0.9478768110275269, 0.3185991048812866, -0.004911018069833517, -1.1435203552246094], [-0.0072135054506361485, 0.006047456059604883, -0.9999556541442871, 1.562037467956543], [-0.31855523586273193, 0.9478702545166016, 0.008030461147427559, -0.1563720703125], [0.0, 0.0, 0.0, 1.0]], [[0.008678024634718895, 0.9999613165855408, -0.0014244255144149065, -0.0289306640625], [-0.004944386426359415, -0.0013815518468618393, -0.9999867677688599, 1.5678796768188477], [-0.9999501705169678, 0.008684957399964333, 0.0049322061240673065, 0.00750732421875], [0.0, 0.0, 0.0, 1.0]], [[-0.9241282343864441, 0.38198336958885193, -0.008689148351550102, 1.094970703125], [-0.0005367405246943235, -0.02403940260410309, -0.9997108578681946, 1.5477943420410156], [-0.3820818066596985, -0.9238565564155579, 0.022420518100261688, -0.070068359375], [0.0, 0.0, 0.0, 1.0]]], "view": [[0.0, -2.0, 100.0], [-2.0, 0.0, 100.0], [0.0, 0.0, 1.0]], "bev": "bev_c986b40c82ec4503b2360860e433dfd7.png", "aux": "aux_c986b40c82ec4503b2360860e433dfd7.npz", "visibility": "visibility_c986b40c82ec4503b2360860e433dfd7.png", "pose": [[0.7287978529930115, 0.6847289204597473, 0.0, 747.6758422851562], [-0.6847289204597473, 0.7287978529930115, 0.0, 1526.972412109375], [0.0, 0.0, 1.0, 0.0], [0.0, 0.0, 0.0, 1.0]], "pose_inverse": [[0.7287978529930115, -0.6847289204597473, 0.0, 500.6575622558594], [0.6847289204597473, 0.7287978529930115, 0.0, -1624.8094482421875], [0.0, 0.0, 1.0, 0.0], [0.0, 0.0, 0.0, 1.0]], "cam_ids": [0, 1, 2, 3, 4, 5], "cam_channels": ["CAM_FRONT_LEFT", "CAM_FRONT", "CAM_FRONT_RIGHT", "CAM_BACK_LEFT", "CAM_BACK", "CAM_BACK_RIGHT"], "token": "c986b40c82ec4503b2360860e433dfd7", "scene": "scene-0237"}, {"images": ["samples/CAM_FRONT_LEFT/n008-2018-07-27-12-07-38-0400__CAM_FRONT_LEFT__1532708585104799.jpg", "samples/CAM_FRONT/n008-2018-07-27-12-07-38-0400__CAM_FRONT__1532708585112404.jpg", "samples/CAM_FRONT_RIGHT/n008-2018-07-27-12-07-38-0400__CAM_FRONT_RIGHT__1532708585120482.jpg", "samples/CAM_BACK_LEFT/n008-2018-07-27-12-07-38-0400__CAM_BACK_LEFT__1532708585147405.jpg", "samples/CAM_BACK/n008-2018-07-27-12-07-38-0400__CAM_BACK__1532708585137558.jpg", "samples/CAM_BACK_RIGHT/n008-2018-07-27-12-07-38-0400__CAM_BACK_RIGHT__1532708585128113.jpg"], "intrinsics": [[[1257.8625342125129, 0.0, 827.2410631095686], [0.0, 1257.8625342125129, 450.915498205774], [0.0, 0.0, 1.0]], [[1252.8131021185304, 0.0, 826.588114781398], [0.0, 1252.8131021185304, 469.9846626224581], [0.0, 0.0, 1.0]], [[1256.7485116440405, 0.0, 817.7887570959712], [0.0, 1256.7485116440403, 451.9541780095127], [0.0, 0.0, 1.0]], [[1254.9860565800168, 0.0, 829.5769333630991], [0.0, 1254.9860565800168, 467.1680561863987], [0.0, 0.0, 1.0]], [[796.8910634503094, 0.0, 857.7774326863696], [0.0, 796.8910634503094, 476.8848988407415], [0.0, 0.0, 1.0]], [[1249.9629280788233, 0.0, 825.3768045375984], [0.0, 1249.9629280788233, 462.54816385708756], [0.0, 0.0, 1.0]]], "extrinsics": [[[0.822791337966919, -0.5683435201644897, -0.0002756971516646445, -0.8699951171875], [0.0036958272103220224, 0.00583553034812212, -0.9999760985374451, 1.488893985748291], [0.5683315992355347, 0.8227707147598267, 0.006901923101395369, -1.2413330078125], [0.0, 0.0, 0.0, 1.0]], [[0.010604443959891796, -0.9999422430992126, -0.0017769110854715109, 0.007568359375], [0.005515907425433397, 0.0018354809144511819, -0.9999831318855286, 1.4809080362319946], [0.9999285936355591, 0.010594470426440239, 0.005535052623599768, -1.5999755859375], [0.0, 0.0, 0.0, 1.0]], [[-0.8438640832901001, -0.5365018844604492, -0.007692819461226463, 1.002655029296875], [0.013395341113209724, -0.006732299458235502, -0.9998875856399536, 1.494476318359375], [0.5363897681236267, -0.8438723683357239, 0.012867770157754421, -1.2210693359375], [0.0, 0.0, 0.0, 1.0]], [[0.947858989238739, 0.31856569647789, -0.008910244330763817, -1.137350082397461], [-0.012388575822114944, 0.00889428611844778, -0.9998837113380432, 1.5619564056396484], [-0.3184494078159332, 0.9478591084480286, 0.012377103790640831, -0.158447265625], [0.0, 0.0, 0.0, 1.0]], [[0.00913290400058031, 0.9999577403068542, 0.0010986541165038943, -0.0286865234375], [-0.010