[{"images": ["samples/CAM_FRONT_LEFT/n008-2018-09-18-14-54-39-0400__CAM_FRONT_LEFT__1537297533854799.jpg", "samples/CAM_FRONT/n008-2018-09-18-14-54-39-0400__CAM_FRONT__1537297533862404.jpg", "samples/CAM_FRONT_RIGHT/n008-2018-09-18-14-54-39-0400__CAM_FRONT_RIGHT__1537297533870482.jpg", "samples/CAM_BACK_LEFT/n008-2018-09-18-14-54-39-0400__CAM_BACK_LEFT__1537297533897405.jpg", "samples/CAM_BACK/n008-2018-09-18-14-54-39-0400__CAM_BACK__1537297533887558.jpg", "samples/CAM_BACK_RIGHT/n008-2018-09-18-14-54-39-0400__CAM_BACK_RIGHT__1537297533878113.jpg"], "intrinsics": [[[1257.8625342125129, 0.0, 827.2410631095686], [0.0, 1257.8625342125129, 450.915498205774], [0.0, 0.0, 1.0]], [[1252.8131021185304, 0.0, 826.588114781398], [0.0, 1252.8131021185304, 469.9846626224581], [0.0, 0.0, 1.0]], [[1256.7485116440405, 0.0, 817.7887570959712], [0.0, 1256.7485116440403, 451.9541780095127], [0.0, 0.0, 1.0]], [[1254.9860565800168, 0.0, 829.5769333630991], [0.0, 1254.9860565800168, 467.1680561863987], [0.0, 0.0, 1.0]], [[796.8910634503094, 0.0, 857.7774326863696], [0.0, 796.8910634503094, 476.8848988407415], [0.0, 0.0, 1.0]], [[1249.9629280788233, 0.0, 825.3768045375984], [0.0, 1249.9629280788233, 462.54816385708756], [0.0, 0.0, 1.0]]], "extrinsics": [[[0.8224722743034363, -0.568666398525238, -0.012570996768772602, -1.0048828125], [-0.00039390308666042984, 0.02153126709163189, -0.9997681379318237, 1.488293170928955], [0.5688052177429199, 0.8222864270210266, 0.017484869807958603, -1.33331298828125], [0.0, 0.0, 0.0, 1.0]], [[0.010131500661373138, -0.9997974634170532, -0.017392434179782867, 0.0054931640625], [0.0015668541891500354, 0.017409179359674454, -0.9998472332954407, 1.4801644086837769], [0.9999474287033081, 0.010102669708430767, 0.0017429187428206205, -1.7347412109375], [0.0, 0.0, 0.0, 1.0]], [[-0.8440914154052734, -0.5360473990440369, -0.012768922373652458, 1.0904541015625], [0.009591643698513508, 0.008714950643479824, -0.9999160170555115, 1.4930706024169922], [0.5361136198043823, -0.8441429734230042, -0.0022146396804600954, -1.277587890625], [0.0, 0.0, 0.0, 1.0]], [[0.9478516578674316, 0.31862735748291016, -0.007342126686125994, -1.1439208984375], [-0.01576763018965721, 0.02387193590402603, -0.9995906949043274, 1.562042236328125], [-0.3183216452598572, 0.9475793838500977, 0.027651051059365273, -0.15606689453125], [0.0, 0.0, 0.0, 1.0]], [[0.009331680834293365, 0.9998248219490051, 0.0162297822535038, -0.028961181640625], [-0.01365834753960371, 0.016356419771909714, -0.9997729063034058, 1.5680580139160156], [-0.9998632669448853, 0.009107859805226326, 0.01380858663469553, 0.044189453125], [0.0, 0.0, 0.0, 1.0]], [[-0.9237121343612671, 0.3830353319644928, 0.0063134534284472466, 1.1607666015625], [-0.00946684367954731, -0.006348226219415665, -0.9999350309371948, 1.547811508178711], [-0.38297033309936523, -0.9237119555473328, 0.009490068070590496, -0.0435791015625], [0.0, 0.0, 0.0, 1.0]]], "view": [[0.0, -2.0, 100.0], [-2.0, 0.0, 100.0], [0.0, 0.0, 1.0]], "bev": "bev_21782fcf6a384e4696ececa8152e1d3d.png", "aux": "aux_21782fcf6a384e4696ececa8152e1d3d.npz", "visibility": "visibility_21782fcf6a384e4696ececa8152e1d3d.png", "pose": [[0.45901113748550415, -0.8884305357933044, 0.0, 1182.445556640625], [0.8884305357933044, 0.45901113748550415, 0.0, 1650.9722900390625], [0.0, 0.0, 1.0, 0.0], [0.0, 0.0, 0.0, 1.0]], "pose_inverse": [[0.45901113748550415, 0.8884305357933044, 0.0, -2009.52978515625], [-0.8884305357933044, 0.45901113748550415, 0.0, 292.7060546875], [0.0, 0.0, 1.0, 0.0], [0.0, 0.0, 0.0, 1.0]], "cam_ids": [0, 1, 2, 3, 4, 5], "cam_channels": ["CAM_FRONT_LEFT", "CAM_FRONT", "CAM_FRONT_RIGHT", "CAM_BACK_LEFT", "CAM_BACK", "CAM_BACK_RIGHT"], "token": "21782fcf6a384e4696ececa8152e1d3d", "scene": "scene-0890"}, {"images": ["samples/CAM_FRONT_LEFT/n008-2018-09-18-14-54-39-0400__CAM_FRONT_LEFT__1537297534404799.jpg", "samples/CAM_FRONT/n008-2018-09-18-14-54-39-0400__CAM_FRONT__1537297534412404.jpg", "samples/CAM_FRONT_RIGHT/n008-2018-09-18-14-54-39-0400__CAM_FRONT_RIGHT__1537297534420482.jpg", "samples/CAM_BACK_LEFT/n008-2018-09-18-14-54-39-0400__CAM_BACK_LEFT__1537297534447405.jpg", "samples/CAM_BACK/n008-2018-09-18-14-54-39-0400__CAM_BACK__1537297534437558.jpg", "samples/CAM_BACK_RIGHT/n008-2018-09-18-14-54-39-0400__CAM_BACK_RIGHT__1537297534428113.jpg"], "intrinsics": [[[1257.8625342125129, 0.0, 827.2410631095686], [0.0, 1257.8625342125129, 450.915498205774], [0.0, 0.0, 1.0]], [[1252.8131021185304, 0.0, 826.588114781398], [0.0, 1252.8131021185304, 469.9846626224581], [0.0, 0.0, 1.0]], [[1256.7485116440405, 0.0, 817.7887570959712], [0.0, 1256.7485116440403, 451.9541780095127], [0.0, 0.0, 1.0]], [[1254.9860565800168, 0.0, 829.5769333630991], [0.0, 1254.9860565800168, 467.1680561863987], [0.0, 0.0, 1.0]], [[796.8910634503094, 0.0, 857.7774326863696], [0.0, 796.8910634503094, 476.8848988407415], [0.0, 0.0, 1.0]], [[1249.9629280788233, 0.0, 825.3768045375984], [0.0, 1249.9629280788233, 462.54816385708756], [0.0, 0.0, 1.0]]], "extrinsics": [[[0.8224744200706482, -0.5686659812927246, -0.012448485940694809, -1.0048828125], [-0.0003713377518579364, 0.0213486235588789, -0.9997720122337341, 1.4882922172546387], [0.568801999092102, 0.8222914934158325, 0.01734752766788006, -1.3333740234375], [0.0, 0.0, 0.0, 1.0]], [[0.010134748183190823, -0.9998005628585815, -0.01720541901886463, 0.005340576171875], [0.0015848423354327679, 0.017222341150045395, -0.9998503923416138, 1.4801688194274902], [0.9999473094940186, 0.010105973109602928, 0.0017590704374015331, -1.73486328125], [0.0, 0.0, 0.0, 1.0]], [[-0.8440890312194824, -0.5360531210899353, -0.012677599675953388, 1.0906982421875], [0.00960848294198513, 0.008518073707818985, -0.9999175071716309, 1.4930744171142578], [0.5361169576644897, -0.8441413044929504, -0.00203935569152236, -1.277587890625], [0.0, 0.0, 0.0, 1.0]], [[0.947849690914154, 0.3186318576335907, -0.007395872380584478, -1.14404296875], [-0.015761833637952805, 0.023685548454523087, -0.9995951652526855, 1.562042236328125], [-0.31832772493362427, 0.9475825428962708, 0.027472561225295067, -0.1561279296875], [0.0, 0.0, 0.0, 1.0]], [[0.009325784631073475, 0.9998279809951782, 0.016035674139857292, -0.02880859375], [-0.013641895726323128, 0.016162090003490448, -0.999776303768158, 1.5680618286132812], [-0.9998634457588196, 0.009104900993406773, 0.013790273107588291, 0.0443115234375], [0.0, 0.0, 0.0, 1.0]], [[-0.9237141609191895, 0.3830319941043854, 0.0062152245081961155, 1.1605224609375], [-0.00944508332759142, -0.006552306469529867, -0.9999338984489441, 1.5478096008300781], [-0.3829658329486847, -0.9237118363380432, 0.009670226834714413, -0.043670654296875], [0.0, 0.0, 0.0, 1.0]]], "view": [[0.0, -2.0, 100.0], [-2.0, 0.0, 100.0], [0.0, 0.0, 1.0]], "bev": "bev_de92f6ec5882418796ee8599e3ad9e16.png", "aux": "aux_de92f6ec5882418796ee8599e3ad9e16.npz", "visibility": "visibility_de92f6ec5882418796ee8599e3ad9e16.png", "pose": [[0.45908963680267334, -0.8883899450302124, 0.0, 1182.4456787109375], [0.8883899450302124, 0.45908963680267334, 0.0, 1650.9722900390625], [0.0, 0.0, 1.0, 0.0], [0.0, 0.0, 0.0, 1.0]], "pose_inverse": [[0.45908963680267334, 0.8883899450302124, 0.0, -2009.5557861328125], [-0.8883899450302124, 0.45908963680267334, 0.0, 292.5285949707031], [0.0, 0.0, 1.0, 0.0], [0.0, 0.0, 0.0, 1.0]], "cam_ids": [0, 1, 2, 3, 4, 5], "cam_channels": ["CAM_FRONT_LEFT", "CAM_FRONT", "CAM_FRONT_RIGHT", "CAM_BACK_LEFT", "CAM_BACK", "CAM_BACK_RIGHT"], "token": "de92f6ec5882418796ee8599e3ad9e16", "scene": "scene-0890"}, {"images": ["samples/CAM_FRONT_LEFT/n008-2018-09-18-14-54-39-0400__CAM_FRONT_LEFT__1537297534904799.jpg", "samples/CAM_FRONT/n008-2018-09-18-14-54-39-0400__CAM_FRONT__1537297534912404.jpg", "samples/CAM_FRONT_RIGHT/n008-2018-09-18-14-54-39-0400__CAM_FRONT_RIGHT__1537297534920482.jpg", "samples/CAM_BACK_LEFT/n008-2018-09-18-14-54-39-0400__CAM_BACK_LEFT__1537297534947405.jpg", "samples/CAM_BACK/n008-2018-09-18-14-54-39-0400__CAM_BACK__1537297534937561.jpg", "samples/CAM_BACK_RIGHT/n008-2018-09-18-14-54-39-0400__CAM_BACK_RIGHT__1537297534928113.jpg"], "intrinsics": [[[1257.8625342125129, 0.0, 827.2410631095686], [0.0, 1257.8625342125129, 450.915498205774], [0.0, 0.0, 1.0]], [[1252.8131021185304, 0.0, 826.588114781398], [0.0, 1252.8131021185304, 469.9846626224581], [0.0, 0.0, 1.0]], [[1256.7485116440405, 0.0, 817.7887570959712], [0.0, 1256.7485116440403, 451.9541780095127], [0.0, 0.0, 1.0]], [[1254.9860565800168, 0.0, 829.5769333630991], [0.0, 1254.9860565800168, 467.1680561863987], [0.0, 0.0, 1.0]], [[796.8910634503094, 0.0, 857.7774326863696], [0.0, 796.8910634503094, 476.8848988407415], [0.0, 0.0, 1.0]], [[1249.9629280788233, 0.0, 825.3768045375984], [0.0, 1249.9629280788233, 462.54816385708756], [0.0, 0.0, 1.0]]], "extrinsics": [[[0.8224700689315796, -0.568671703338623, -0.012469288893043995, -1.0050048828125], [-0.0004350373928900808, 0.021292876452207565, -0.9997732043266296, 1.488295078277588], [0.5688081979751587, 0.822288990020752, 0.017265360802412033, -1.33331298828125], [0.0, 0.0, 0.0, 1.0]], [[0.010127908550202847, -0.9998018145561218, -0.017139526084065437, 0.00543212890625], [0.001519927871413529, 0.017155777662992477, -0.999851644039154, 1.4801641702651978], [0.9999476075172424, 0.010100360959768295, 0.0016933795996010303, -1.7347412109375], [0.0, 0.0, 0.0, 1.0]], [[-0.8440929055213928, -0.5360493659973145, -0.012579432688653469, 1.0906982421875], [0.009541770443320274, 0.008440029807388783, -0.9999188184738159, 1.493072509765625], [0.5361120700836182, -0.8441444039344788, -0.00200931029394269, -1.277587890625], [0.0, 0.0, 0.0, 1.0]], [[0.9478498697280884, 0.31862935423851013, -0.007489536888897419, -1.1436767578125], [-0.01582915522158146, 0.023592134937644005, -0.999596357345581, 1.562042236328125], [-0.3183240592479706, 0.9475857019424438, 0.02740543521940708, -0.156005859375], [0.0, 0.0, 0.0, 1.0]], [[0.009329497814178467, 0.9998295307159424, 0.015933027490973473, -0.02886962890625], [-0.013716437853872776, 0.016060180962085724, -0.9997768998146057, 1.5680618286132812], [-0.9998623728752136, 0.009108861908316612, 0.013863932341337204, 0.04443359375], [0.0, 0.0, 0.0, 1.0]], [[-0.9237117767333984, 0.3830370008945465, 0.006252668332308531, 1.1607666015625], [-0.009521487168967724, -0.006638683844357729, -0.9999326467514038, 1.5478096008300781], [-0.3829697072505951, -0.9237090945243835, 0.009779312647879124, -0.04364013671875], [0.0, 0.0, 0.0, 1.0]]], "view": [[0.0, -2.0, 100.0], [-2.0, 0.0, 100.0], [0.0, 0.0, 1.0]], "bev": "bev_606e906e152a46369044940986a55476.png", "aux": "aux_606e906e152a46369044940986a55476.npz", "visibility": "visibility_606e906e152a46369044940986a55476.png", "pose": [[0.4591195285320282, -0.8883745074272156, 0.0, 1182.4456787109375], [0.8883745074272156, 0.4591195285320282, 0.0, 1650.9722900390625], [0.0, 0.0, 1.0, 0.0], [0.0, 0.0, 0.0, 1.0]], "pose_inverse": [[0.4591195285320282, 0.8883745074272156, 0.0, -2009.5655517578125], [-0.8883745074272156, 0.4591195285320282, 0.0, 292.4609680175781], [0.0, 0.0, 1.0, 0.0], [0.0, 0.0, 0.0, 1.0]], "cam_ids": [0, 1, 2, 3, 4, 5], "cam_channels": ["CAM_FRONT_LEFT", "CAM_FRONT", "CAM_FRONT_RIGHT", "CAM_BACK_LEFT", "CAM_BACK", "CAM_BACK_RIGHT"], "token": "606e906e152a46369044940986a55476", "scene": "scene-0890"}, {"images": ["samples/CAM_FRONT_LEFT/n008-2018-09-18-14-54-39-0400__CAM_FRONT_LEFT__1537297535354799.jpg", "samples/CAM_FRONT/n008-2018-09-18-14-54-39-0400__CAM_FRONT__1537297535362404.jpg", "samples/CAM_FRONT_RIGHT/n008-2018-09-18-14-54-39-0400__CAM_FRONT_RIGHT__1537297535370482.jpg", "samples/CAM_BACK_LEFT/n008-2018-09-18-14-54-39-0400__CAM_BACK_LEFT__1537297535397405.jpg", "samples/CAM_BACK/n008-2018-09-18-14-54-39-0400__CAM_BACK__1537297535387558.jpg", "samples/CAM_BACK_RIGHT/n008-2018-09-18-14-54-39-0400__CAM_BACK_RIGHT__1537297535378113.jpg"], "intrinsics": [[[1257.8625342125129, 0.0, 827.2410631095686], [0.0, 1257.8625342125129, 450.915498205774], [0.0, 0.0, 1.0]], [[1252.8131021185304, 0.0, 826.588114781398], [0.0, 1252.8131021185304, 469.9846626224581], [0.0, 0.0, 1.0]], [[1256.7485116440405, 0.0, 817.7887570959712], [0.0, 1256.7485116440403, 451.9541780095127], [0.0, 0.0, 1.0]], [[1254.9860565800168, 0.0, 829.5769333630991], [0.0, 1254.9860565800168, 467.1680561863987], [0.0, 0.0, 1.0]], [[796.8910634503094, 0.0, 857.7774326863696], [0.0, 796.8910634503094, 476.8848988407415], [0.0, 0.0, 1.0]], [[1249.9629280788233, 0.0, 825.3768045375984], [0.0, 1249.9629280788233, 462.54816385708756], [0.0, 0.0, 1.0]]], "extrinsics": [[[0.8224869966506958, -0.5686482787132263, -0.01242089830338955, -1.0050048828125], [-0.00047197387902997434, 0.021155299618840218, -0.9997761249542236, 1.488295078277588], [0.568783700466156, 0.8223087191581726, 0.01713157258927822, -1.33331298828125], [0.0, 0.0, 0.0, 1.0]], [[0.01015469804406166, -0.9998034834861755, -0.017020370811223984, 0.00531005859375], [0.00147932895924896, 0.017036249861121178, -0.999853789806366, 1.480165719985962], [0.9999473094940186, 0.010128042660653591, 0.0016520364442840219, -1.73486328125], [0.0, 0.0, 0.0, 1.0]], [[-0.8440811634063721, -0.5360698699951172, -0.01249231118708849, 1.090576171875], [0.009500532411038876, 0.008342369459569454, -0.9999200701713562, 1.493072509765625], [0.5361312627792358, -0.8441323637962341, -0.00194868806283921, -1.277587890625], [0.0, 0.0, 0.0, 1.0]], [[0.9478473663330078, 0.3186348080635071, -0.007559062447398901, -1.1439208984375], [-0.01587761752307415, 0.02351764217019081, -0.9995973110198975, 1.562042236328125], [-0.31832873821258545, 0.9475857019424438, 0.027350299060344696, -0.156005859375], [0.0, 0.0, 0.0, 1.0]], [[0.009319988079369068, 0.9998308420181274, 0.01586078479886055, -0.028900146484375], [-0.013748873956501484, 0.015988102182745934, -0.999777615070343, 1.5680618286132812], [-0.999862015247345, 0.009099895134568214, 0.013895557262003422, 0.04443359375], [0.0, 0.0, 0.0, 1.0]], [[-0.9237180948257446, 0.3830215632915497, 0.006251877639442682, 1.1607666015625], [-0.009555474855005741, -0.006723161321133375, -0.9999316930770874, 1.547811508178711], [-0.38295334577560425, -0.9237148761749268, 0.009870260022580624, -0.043731689453125], [0.0, 0.0, 0.0, 1.0]]], "view": [[0.0, -2.0, 100.0], [-2.0, 0.0, 100.0], [0.0, 0.0, 1.0]], "bev": "bev_94a0566e6fdb4e20b6e5724806198d22.png", "aux": "aux_94a0566e6fdb4e20b6e5724806198d22.npz", "visibility": "visibility_94a0566e6fdb4e20b6e5724806198d22.png", "pose": [[0.4591851234436035, -0.8883405923843384, 0.0, 1182.4456787109375], [0.8883405923843384, 0.4591851234436035, 0.0, 1650.9722900390625], [0.0, 0.0, 1.0, 0.0], [0.0, 0.0, 0.0, 1.0]], "pose_inverse": [[0.4591851234436035, 0.8883405923843384, 0.0, -2009.587158203125], [-0.8883405923843384, 0.4591851234436035, 0.0, 292.3125915527344], [0.0, 0.0, 1.0, 0.0], [0.0, 0.0, 0.0, 1.0]], "cam_ids": [0, 1, 2, 3, 4, 5], "cam_channels": ["CAM_FRONT_LEFT", "CAM_FRONT", "CAM_FRONT_RIGHT", "CAM_BACK_LEFT", "CAM_BACK", "CAM_BACK_RIGHT"], "token": "94a0566e6fdb4e20b6e5724806198d22", "scene": "scene-0890"}, {"images": ["samples/CAM_FRONT_LEFT/n008-2018-09-18-14-54-39-0400__CAM_FRONT_LEFT__1537297535854799.jpg", "samples/CAM_FRONT/n008-2018-09-18-14-54-39-0400__CAM_FRONT__1537297535862404.jpg", "samples/CAM_FRONT_RIGHT/n008-2018-09-18-14-54-39-0400__CAM_FRONT_RIGHT__1537297535870482.jpg", "samples/CAM_BACK_LEFT/n008-2018-09-18-14-54-39-0400__CAM_BACK_LEFT__1537297535897405.jpg", "samples/CAM_BACK/n008-2018-09-18-14-54-39-0400__CAM_BACK__1537297535887558.jpg", "samples/CAM_BACK_RIGHT/n008-2018-09-18-14-54-39-0400__CAM_BACK_RIGHT__1537297535878113.jpg"], "intrinsics": [[[1257.8625342125129, 0.0, 827.2410631095686], [0.0, 1257.8625342125129, 450.915498205774], [0.0, 0.0, 1.0]], [[1252.8131021185304, 0.0, 826.588114781398], [0.0, 1252.8131021185304, 469.9846626224581], [0.0, 0.0, 1.0]], [[1256.7485116440405, 0.0, 817.7887570959712], [0.0, 1256.7485116440403, 451.9541780095127], [0.0, 0.0, 1.0]], [[1254.9860565800168, 0.0, 829.5769333630991], [0.0, 1254.9860565800168, 467.1680561863987], [0.0, 0.0, 1.0]], [[796.8910634503094, 0.0, 857.7774326863696], [0.0, 796.8910634503094, 476.8848988407415], [0.0, 0.0, 1.0]], [[1249.9629280788233, 0.0, 825.3768045375984], [0.0, 1249.9629280788233, 462.54816385708756], [0.0, 0.0, 1.0]]], "extrinsics": [[[0.8224793672561646, -0.5686604976654053, -0.012370843440294266, -1.005126953125], [-0.00045882214908488095, 0.02108590118587017, -0.9997775554656982, 1.4882960319519043], [0.5687949061393738, 0.8223021030426025, 0.01708180457353592, -1.333251953125], [0.0, 0.0, 0.0, 1.0]], [[0.01014421321451664, -0.9998047351837158, -0.016955183818936348, 0.00537109375], [0.0014992246869951487, 0.016971243545413017, -0.9998548626899719, 1.480165958404541], [0.9999473690986633, 0.010117323137819767, 0.0016710921190679073, -1.73486328125], [0.0, 0.0, 0.0, 1.0]], [[-0.8440852165222168, -0.5360639691352844, -0.012472636997699738, 1.090576171875], [0.009520897641777992, 0.008273632265627384, -0.9999204277992249, 1.4930744171142578], [0.5361245274543762, -0.8441368341445923, -0.0018798409728333354, -1.277587890625], [0.0, 0.0, 0.0, 1.0]], [[0.947849452495575, 0.3186291456222534, -0.007551122922450304, -1.1439208984375], [-0.015845153480768204, 0.023446448147296906, -0.9995995163917542, 1.5620384216308594], [-0.318324476480484, 0.9475894570350647, 0.027272427454590797, -0.15606689453125], [0.0, 0.0, 0.0, 1.0]], [[0.009323722682893276, 0.9998318552970886, 0.015788905322551727, -0.02880859375], [-0.013729680329561234, 0.01591610349714756, -0.9997790455818176, 1.5680580139160156], [-0.9998623132705688, 0.009104838594794273, 0.013875768519937992, 0.044189453125], [0.0, 0.0, 0.0, 1.0]], [[-0.9237160682678223, 0.38302743434906006, 0.006210061255842447, 1.16064453125], [-0.009541274048388004, -0.00679793069139123, -0.9999313950538635, 1.5478134155273438], [-0.38295894861221313, -0.9237119555473328, 0.009933928027749062, -0.043731689453125], [0.0, 0.0, 0.0, 1.0]]], "view": [[0.0, -2.0, 100.0], [-2.0, 0.0, 100.0], [0.0, 0.0, 1.0]], "bev": "bev_0c7d12b74fa749cdaa42d9d0e65c0021.png", "aux": "aux_0c7d12b74fa749cdaa42d9d0e65c0021.npz", "visibility": "visibility_0c7d12b74fa749cdaa42d9d0e65c0021.png", "pose": [[0.4590723514556885, -0.8883988857269287, 0.0, 1182.4456787109375], [0.8883988857269287, 0.4590723514556885, 0.0, 1650.9722900390625], [0.0, 0.0, 1.0, 0.0], [0.0, 0.0, 0.0, 1.0]], "pose_inverse": [[0.4590723514556885, 0.8883988857269287, 0.0, -2009.550048828125], [-0.8883988857269287, 0.4590723514556885, 0.0, 292.56768798828125], [0.0, 0.0, 1.0, 0.0], [0.0, 0.0, 0.0, 1.0]], "cam_ids": [0, 1, 2, 3, 4, 5], "cam_channels": ["CAM_FRONT_LEFT", "CAM_FRONT", "CAM_FRONT_RIGHT", "CAM_BACK_LEFT", "CAM_BACK", "CAM_BACK_RIGHT"], "token": "0c7d12b74fa749cdaa42d9d0e65c0021", "scene": "scene-0890"}, {"images": ["samples/CAM_FRONT_LEFT/n008-2018-09-18-14-54-39-0400__CAM_FRONT_LEFT__1537297536404799.jpg", "samples/CAM_FRONT/n008-2018-09-18-14-54-39-0400__CAM_FRONT__1537297536412404.jpg", "samples/CAM_FRONT_RIGHT/n008-2018-09-18-14-54-39-0400__CAM_FRONT_RIGHT__1537297536422247.jpg", "samples/CAM_BACK_LEFT/n008-2018-09-18-14-54-39-0400__CAM_BACK_LEFT__1537297536447405.jpg", "samples/CAM_BACK/n008-2018-09-18-14-54-39-0400__CAM_BACK__1537297536437558.jpg", "samples/CAM_BACK_RIGHT/n008-2018-09-18-14-54-39-0400__CAM_BACK_RIGHT__1537297536428113.jpg"], "intrinsics": [[[1257.8625342125129, 0.0, 827.2410631095686], [0.0, 1257.8625342125129, 450.915498205774], [0.0, 0.0, 1.0]], [[1252.8131021185304, 0.0, 826.588114781398], [0.0, 1252.8131021185304, 469.9846626224581], [0.0, 0.0, 1.0]], [[1256.7485116440405, 0.0, 817.7887570959712], [0.0, 1256.7485116440403, 451.9541780095127], [0.0, 0.0, 1.0]], [[1254.9860565800168, 0.0, 829.5769333630991], [0.0, 1254.9860565800168, 467.1680561863987], [0.0, 0.0, 1.0]], [[796.8910634503094, 0.0, 857.7774326863696], [0.0, 796.8910634503094, 476.8848988407415], [0.0, 0.0, 1.0]], [[1249.9629280788233, 0.0, 825.3768045375984], [0.0, 1249.9629280788233, 462.54816385708756], [0.0, 0.0, 1.0]]], "extrinsics": [[[0.8224853873252869, -0.5686535239219666, -0.012289157137274742, -1.0048828125], [-0.00039730934076942503, 0.021031536161899567, -0.9997787475585938, 1.488295078277588], [0.5687862038612366, 0.8223082423210144, 0.017072197049856186, -1.33331298828125], [0.0, 0.0, 0.0, 1.0]], [[0.010148098692297935, -0.9998058676719666, -0.016893258318305016, 0.005523681640625], [0.0015663690865039825, 0.016910001635551453, -0.9998557567596436, 1.4801656007766724], [0.9999472498893738, 0.010120093822479248, 0.0017376687610521913, -1.7347412109375], [0.0, 0.0, 0.0, 1.0]], [[-0.8440862894058228, -0.5360615849494934, -0.012502720579504967, 1.090576171875], [0.0095978369936347, 0.00820861291140318, -0.9999202489852905, 1.4930744171142578], [0.5361214876174927, -0.8441389203071594, -0.0017837465275079012, -1.277587890625], [0.0, 0.0, 0.0, 1.0]], [[0.9478490948677063, 0.3186306655406952, -0.007518603000789881, -1.1439208984375], [-0.015782829374074936, 0.02336287312209606, -0.9996024370193481, 1.5620460510253906], [-0.3183283507823944, 0.9475910067558289, 0.027173371985554695, -0.15606689453125], [0.0, 0.0, 0.0, 1.0]], [[0.009324654936790466, 0.9998329281806946, 0.01572209969162941, -0.02899169921875], [-0.013657975941896439, 0.015848664566874504, -0.99978107213974, 1.5680618286132812], [-0.9998632669448853, 0.009107894264161587, 0.013803478330373764, 0.0443115234375], [0.0, 0.0, 0.0, 1.0]], [[-0.9237145781517029, 0.38303250074386597, 0.006113701034337282, 1.16064453125], [-0.009464068338274956, -0.0068631647154688835, -0.9999316334724426, 1.5478134155273438], [-0.38296428322792053, -0.9237093925476074, 0.009964651428163052, -0.04364013671875], [0.0, 0.0, 0.0, 1.0]]], "view": [[0.0, -2.0, 100.0], [-2.0, 0.0, 100.0], [0.0, 0.0, 1.0]], "bev": "bev_4cdec15eb4d04b1d9ec946673f0d717f.png", "aux": "aux_4cdec15eb4d04b1d9ec946673f0d717f.npz", "visibility": "visibility_4cdec15eb4d04b1d9ec946673f0d717f.png", "pose": [[0.4590241312980652, -0.8884238004684448, 0.0, 1182.4456787109375], [0.8884238004684448, 0.4590241312980652, 0.0, 1650.9722900390625], [0.0, 0.0, 1.0, 0.0], [0.0, 0.0, 0.0, 1.0]], "pose_inverse": [[0.4590241312980652, 0.8884238004684448, 0.0, -2009.5341796875], [-0.8884238004684448, 0.4590241312980652, 0.0, 292.6767578125], [0.0, 0.0, 1.0, 0.0], [0.0, 0.0, 0.0, 1.0]], "cam_ids": [0, 1, 2, 3, 4, 5], "cam_channels": ["CAM_FRONT_LEFT", "CAM_FRONT", "CAM_FRONT_RIGHT", "CAM_BACK_LEFT", "CAM_BACK", "CAM_BACK_RIGHT"], "token": "4cdec15eb4d04b1d9ec946673f0d717f", "scene": "scene-0890"}, {"images": ["samples/CAM_FRONT_LEFT/n008-2018-09-18-14-54-39-0400__CAM_FRONT_LEFT__1537297536904799.jpg", "samples/CAM_FRONT/n008-2018-09-18-14-54-39-0400__CAM_FRONT__1537297536912404.jpg", "samples/CAM_FRONT_RIGHT/n008-2018-09-18-14-54-39-0400__CAM_FRONT_RIGHT__1537297536920482.jpg", "samples/CAM_BACK_LEFT/n008-2018-09-18-14-54-39-0400__CAM_BACK_LEFT__1537297536947405.jpg", "samples/CAM_BACK/n008-2018-09-18-14-54-39-0400__CAM_BACK__1537297536937558.jpg", "samples/CAM_BACK_RIGHT/n008-2018-09-18-14-54-39-0400__CAM_BACK_RIGHT__1537297536928113.jpg"], "intrinsics": [[[1257.8625342125129, 0.0, 827.2410631095686], [0.0, 1257.8625342125129, 450.915498205774], [0.0, 0.0, 1.0]], [[1252.8131021185304, 0.0, 826.588114781398], [0.0, 1252.8131021185304, 469.9846626224581], [0.0, 0.0, 1.0]], [[1256.7485116440405, 0.0, 817.7887570959712], [0.0, 1256.7485116440403, 451.9541780095127], [0.0, 0.0, 1.0]], [[1254.9860565800168, 0.0, 829.5769333630991], [0.0, 1254.9860565800168, 467.1680561863987], [0.0, 0.0, 1.0]], [[796.8910634503094, 0.0, 857.7774326863696], [0.0, 796.8910634503094, 476.8848988407415], [0.0, 0.0, 1.0]], [[1249.9629280788233, 0.0, 825.3768045375984], [0.0, 1249.9629280788233, 462.54816385708756], [0.0, 0.0, 1.0]]], "extrinsics": [[[0.8224812150001526, -0.5686593055725098, -0.012300538830459118, -1.0050048828125], [-0.0004367194778751582, 0.02099435031414032, -0.999779462814331, 1.4882960319519043], [0.5687921643257141, 0.8223052024841309, 0.017019111663103104, -1.33331298828125], [0.0, 0.0, 0.0, 1.0]], [[0.010143455117940903, -0.9998064041137695, -0.016857577487826347, 0.005401611328125], [0.0015182035276666284, 0.01687382534146309, -0.9998564720153809, 1.4801661968231201], [0.9999474287033081, 0.010116412304341793, 0.001689068041741848, -1.734619140625], [0.0, 0.0, 0.0, 1.0]], [[-0.8440868258476257, -0.5360620617866516, -0.012436519376933575, 1.090576171875], [0.009540041908621788, 0.008176127448678017, -0.9999210834503174, 1.4930744171142578], [0.5361214876174927, -0.8441389203071594, -0.0017873074393719435, -1.2774658203125], [0.0, 0.0, 0.0, 1.0]], [[0.9478484392166138, 0.3186308443546295, -0.007594067137688398, -1.1439208984375], [-0.015861617401242256, 0.02336048148572445, -0.9996013045310974, 1.562042236328125], [-0.3183264136314392, 0.9475909471511841, 0.02719619870185852, -0.156005859375], [0.0, 0.0, 0.0, 1.0]], [[0.009325218386948109, 0.9998332262039185, 0.015697024762630463, -0.028778076171875], [-0.01372262928634882, 0.01582418382167816, -0.999780535697937, 1.5680618286132812], [-0.9998623132705688, 0.009107725694775581, 0.013867905363440514, 0.04443359375], [0.0, 0.0, 0.0, 1.0]], [[-0.9237146973609924, 0.3830316960811615, 0.006155051290988922, 1.1605224609375], [-0.009519592858850956, -0.006889144890010357, -0.9999309182167053, 1.5478096008300781], [-0.38296276330947876, -0.923709511756897, 0.01000990904867649, -0.043609619140625], [0.0, 0.0, 0.0, 1.0]]], "view": [[0.0, -2.0, 100.0], [-2.0, 0.0, 100.0], [0.0, 0.0, 1.0]], "bev": "bev_97d9abdad6e145258234cd3dcb246319.png", "aux": "aux_97d9abdad6e145258234cd3dcb246319.npz", "visibility": "visibility_97d9abdad6e145258234cd3dcb246319.png", "pose": [[0.4591076076030731, -0.8883806467056274, 0.0, 1182.4456787109375], [0.8883806467056274, 0.4591076076030731, 0.0, 1650.9722900390625], [0.0, 0.0, 1.0, 0.0], [0.0, 0.0, 0.0, 1.0]], "pose_inverse": [[0.4591076076030731, 0.8883806467056274, 0.0, -2009.5616455078125], [-0.8883806467056274, 0.4591076076030731, 0.0, 292.4879455566406], [0.0, 0.0, 1.0, 0.0], [0.0, 0.0, 0.0, 1.0]], "cam_ids": [0, 1, 2, 3, 4, 5], "cam_channels": ["CAM_FRONT_LEFT", "CAM_FRONT", "CAM_FRONT_RIGHT", "CAM_BACK_LEFT", "CAM_BACK", "CAM_BACK_RIGHT"], "token": "97d9abdad6e145258234cd3dcb246319", "scene": "scene-0890"}, {"images": ["samples/CAM_FRONT_LEFT/n008-2018-09-18-14-54-39-0400__CAM_FRONT_LEFT__1537297537404799.jpg", "samples/CAM_FRONT/n008-2018-09-18-14-54-39-0400__CAM_FRONT__1537297537412404.jpg", "samples/CAM_FRONT_RIGHT/n008-2018-09-18-14-54-39-0400__CAM_FRONT_RIGHT__1537297537420482.jpg", "samples/CAM_BACK_LEFT/n008-2018-09-18-14-54-39-0400__CAM_BACK_LEFT__1537297537447405.jpg", "samples/CAM_BACK/n008-2018-09-18-14-54-39-0400__CAM_BACK__1537297537437558.jpg", "samples/CAM_BACK_RIGHT/n008-2018-09-18-14-54-39-0400__CAM_BACK_RIGHT__1537297537428113.jpg"], "intrinsics": [[[1257.8625342125129, 0.0, 827.2410631095686], [0.0, 1257.8625342125129, 450.915498205774], [0.0, 0.0, 1.0]], [[1252.8131021185304, 0.0, 826.588114781398], [0.0, 1252.8131021185304, 469.9846626224581], [0.0, 0.0, 1.0]], [[1256.7485116440405, 0.0, 817.7887570959712], [0.0, 1256.7485116440403, 451.9541780095127], [0.0, 0.0, 1.0]], [[1254.9860565800168, 0.0, 829.5769333630991], [0.0, 1254.9860565800168, 467.1680561863987], [0.0, 0.0, 1.0]], [[796.8910634503094, 0.0, 857.7774326863696], [0.0, 796.8910634503094, 476.8848988407415], [0.0, 0.0, 1.0]], [[1249.9629280788233, 0.0, 825.3768045375984], [0.0, 1249.9629280788233, 462.54816385708756], [0.0, 0.0, 1.0]]], "extrinsics": [[[0.8224855065345764, -0.5686514973640442, -0.012373381294310093, -1.005126953125], [-0.0005441239336505532, 0.02096736989915371, -0.999779999256134, 1.488295555114746], [0.5687858462333679, 0.8223113417625427, 0.016935940831899643, -1.33331298828125], [0.0, 0.0, 0.0, 1.0]], [[0.01015323493629694, -0.999806821346283, -0.01682669296860695, 0.00537109375], [0.0014085780130699277, 0.016841843724250793, -0.9998571872711182, 1.480165719985962], [0.9999473690986633, 0.010128078982234001, 0.0015793060883879662, -1.73486328125], [0.0, 0.0, 0.0, 1.0]], [[-0.8440812230110168, -0.536073625087738, -0.012323773466050625, 1.0906982421875], [0.009429710917174816, 0.008139506913721561, -0.9999223947525024, 1.493072509765625], [0.5361323952674866, -0.8441320061683655, -0.0018153864657506347, -1.27734375], [0.0, 0.0, 0.0, 1.0]], [[0.9478474855422974, 0.31863144040107727, -0.00768155325204134, -1.1439208984375], [-0.01594199612736702, 0.02332504652440548, -0.9996008276939392, 1.562042236328125], [-0.3183251619338989, 0.9475916028022766, 0.027188211679458618, -0.15606689453125], [0.0, 0.0, 0.0, 1.0]], [[0.009319882839918137, 0.9998336434364319, 0.015678770840168, -0.028961181640625], [-0.013824818655848503, 0.015806786715984344, -0.999779462814331, 1.5680618286132812], [-0.9998610019683838, 0.00910104252398014, 0.013969836756587029, 0.044189453125], [0.0, 0.0, 0.0, 1.0]], [[-0.9237188696861267, 0.38302016258239746, 0.006236610468477011, 1.16064453125], [-0.009620516560971737, -0.0069199539721012115, -0.9999297857284546, 1.547811508178711], [-0.382950097322464, -0.9237141013145447, 0.010076943784952164, -0.043731689453125], [0.0, 0.0, 0.0, 1.0]]], "view": [[0.0, -2.0, 100.0], [-2.0, 0.0, 100.0], [0.0, 0.0, 1.0]], "bev": "bev_bf07b7b289cc4b6399716c0bf7840c03.png", "aux": "aux_bf07b7b289cc4b6399716c0bf7840c03.npz", "visibility": "visibility_bf07b7b289cc4b6399716c0bf7840c03.png", "pose": [[0.4589936435222626, -0.8884395360946655, 0.0, 1182.4456787109375], [0.8884395360946655, 0.4589936435222626, 0.0, 1650.9722900390625], [0.0, 0.0, 1.0, 0.0], [0.0, 0.0, 0.0, 1.0]], "pose_inverse": [[0.4589936435222626, 0.8884395360946655, 0.0, -2009.524169921875], [-0.8884395360946655, 0.4589936435222626, 0.0, 292.7457275390625], [0.0, 0.0, 1.0, 0.0], [0.0, 0.0, 0.0, 1.0]], "cam_ids": [0, 1, 2, 3, 4, 5], "cam_channels": ["CAM_FRONT_LEFT", "CAM_FRONT", "CAM_FRONT_RIGHT", "CAM_BACK_LEFT", "CAM_BACK", "CAM_BACK_RIGHT"], "token": "bf07b7b289cc4b6399716c0bf7840c03", "scene": "scene-0890"}, {"images": ["samples/CAM_FRONT_LEFT/n008-2018-09-18-14-54-39-0400__CAM_FRONT_LEFT__1537297537904799.jpg", "samples/CAM_FRONT/n008-2018-09-18-14-54-39-0400__CAM_FRONT__1537297537912404.jpg", "samples/CAM_FRONT_RIGHT/n008-2018-09-18-14-54-39-0400__CAM_FRONT_RIGHT__1537297537920482.jpg", "samples/CAM_BACK_LEFT/n008-2018-09-18-14-54-39-0400__CAM_BACK_LEFT__1537297537947405.jpg", "samples/CAM_BACK/n008-2018-09-18-14-54-39-0400__CAM_BACK__1537297537937558.jpg", "samples/CAM_BACK_RIGHT/n008-2018-09-18-14-54-39-0400__CAM_BACK_RIGHT__1537297537928113.jpg"], "intrinsics": [[[1257.8625342125129, 0.0, 827.2410631095686], [0.0, 1257.8625342125129, 450.915498205774], [0.0, 0.0, 1.0]], [[1252.8131021185304, 0.0, 826.588114781398], [0.0, 1252.8131021185304, 469.9846626224581], [0.0, 0.0, 1.0]], [[1256.7485116440405, 0.0, 817.7887570959712], [0.0, 1256.7485116440403, 451.9541780095127], [0.0, 0.0, 1.0]], [[1254.9860565800168, 0.0, 829.5769333630991], [0.0, 1254.9860565800168, 467.1680561863987], [0.0, 0.0, 1.0]], [[796.8910634503094, 0.0, 857.7774326863696], [0.0, 796.8910634503094, 476.8848988407415], [0.0, 0.0, 1.0]], [[1249.9629280788233, 0.0, 825.3768045375984], [0.0, 1249.9629280788233, 462.54816385708756], [0.0, 0.0, 1.0]]], "extrinsics": [[[0.8224783539772034, -0.5686618089675903, -0.012377713806927204, -1.0050048828125], [-0.0005969346384517848, 0.02089826390147209, -0.9997814297676086, 1.4882912635803223], [0.5687961578369141, 0.8223059177398682, 0.016848914325237274, -1.3333740234375], [0.0, 0.0, 0.0, 1.0]], [[0.010140394791960716, -0.9998078346252441, -0.01677572913467884, 0.00531005859375], [0.0013501564972102642, 0.016790267080068588, -0.9998581409454346, 1.4801645278930664], [0.9999476671218872, 0.010116320103406906, 0.0015201581409201026, -1.73486328125], [0.0, 0.0, 0.0, 1.0]], [[-0.8440884351730347, -0.5360639691352844, -0.012249959632754326, 1.0906982421875], [0.009364125318825245, 0.008105133660137653, -0.9999232888221741, 1.4930686950683594], [0.5361221432685852, -0.8441383838653564, -0.0018216796452179551, -1.2777099609375], [0.0, 0.0, 0.0, 1.0]], [[0.9478474855422974, 0.31863003969192505, -0.00775035098195076, -1.143798828125], [-0.015993710607290268, 0.023263145238161087, -0.999601423740387, 1.562042236328125], [-0.3183227777481079, 0.947593629360199, 0.027145991101861, -0.15606689453125], [0.0, 0.0, 0.0, 1.0]], [[0.009326525963842869, 0.9998345375061035, 0.015617870725691319, -0.028900146484375], [-0.01388291921466589, 0.01574651151895523, -0.9997796416282654, 1.5680618286132812], [-0.9998601078987122, 0.009107661433517933, 0.014027482829988003, 0.0443115234375], [0.0, 0.0, 0.0, 1.0]], [[-0.9237143397331238, 0.3830302059650421, 0.006286341696977615, 1.1607666015625], [-0.009690819308161736, -0.00695938803255558, -0.9999288320541382, 1.5478134155273438], [-0.382959246635437, -0.923709511756897, 0.010140364989638329, -0.043609619140625], [0.0, 0.0, 0.0, 1.0]]], "view": [[0.0, -2.0, 100.0], [-2.0, 0.0, 100.0], [0.0, 0.0, 1.0]], "bev": "bev_93684153a85045da9ef73d7f3c074487.png", "aux": "aux_93684153a85045da9ef73d7f3c074487.npz", "visibility": "visibility_93684153a85045da9ef73d7f3c074487.png", "pose": [[0.4589962959289551, -0.8884381651878357, 0.0, 1182.4456787109375], [0.8884381651878357, 0.4589962959289551, 0.0, 1650.9722900390625], [0.0, 0.0, 1.0, 0.0], [0.0, 0.0, 0.0, 1.0]], "pose_inverse": [[0.4589962959289551, 0.8884381651878357, 0.0, -2009.5250244140625], [-0.8884381651878357, 0.4589962959289551, 0.0, 292.73968505859375], [0.0, 0.0, 1.0, 0.0], [0.0, 0.0, 0.0, 1.0]], "cam_ids": [0, 1, 2, 3, 4, 5], "cam_channels": ["CAM_FRONT_LEFT", "CAM_FRONT", "CAM_FRONT_RIGHT", "CAM_BACK_LEFT", "CAM_BACK", "CAM_BACK_RIGHT"], "token": "93684153a85045da9ef73d7f3c074487", "scene": "scene-0890"}, {"images": ["samples/CAM_FRONT_LEFT/n008-2018-09-18-14-54-39-0400__CAM_FRONT_LEFT__1537297538404799.jpg", "samples/CAM_FRONT/n008-2018-09-18-14-54-39-0400__CAM_FRONT__1537297538412404.jpg", "samples/CAM_FRONT_RIGHT/n008-2018-09-18-14-54-39-0400__CAM_FRONT_RIGHT__1537297538420482.jpg", "samples/CAM_BACK_LEFT/n008-2018-09-18-14-54-39-0400__CAM_BACK_LEFT__1537297538447405.jpg", "samples/CAM_BACK/n008-2018-09-18-14-54-39-0400__CAM_BACK__1537297538437558.jpg", "samples/CAM_BACK_RIGHT/n008-2018-09-18-14-54-39-0400__CAM_BACK_RIGHT__1537297538428113.jpg"], "intrinsics": [[[1257.8625342125129, 0.0, 827.2410631095686], [0.0, 1257.8625342125129, 450.915498205774], [0.0, 0.0, 1.0]], [[1252.8131021185304, 0.0, 826.588114781398], [0.0, 1252.8131021185304, 469.9846626224581], [0.0, 0.0, 1.0]], [[1256.7485116440405, 0.0, 817.7887570959712], [0.0, 1256.7485116440403, 451.9541780095127], [0.0, 0.0, 1.0]], [[1254.9860565800168, 0.0, 829.5769333630991], [0.0, 1254.9860565800168, 467.1680561863987], [0.0, 0.0, 1.0]], [[796.8910634503094, 0.0, 857.7774326863696], [0.0, 796.8910634503094, 476.8848988407415], [0.0, 0.0, 1.0]], [[1249.9629280788233, 0.0, 825.3768045375984], [0.0, 1249.9629280788233, 462.54816385708756], [0.0, 0.0, 1.0]]], "extrinsics": [[[0.822479784488678, -0.5686615109443665, -0.01229282096028328, -1.0048828125], [-0.0005046165897510946, 0.02088254690170288, -0.9997817873954773, 1.488295555114746], [0.5687941312789917, 0.8223065137863159, 0.016888516023755074, -1.33331298828125], [0.0, 0.0, 0.0, 1.0]], [[0.010143369436264038, -0.9998082518577576, -0.016753824427723885, 0.00555419921875], [0.0014524960424751043, 0.016769399866461754, -0.9998583793640137, 1.4801661968231201], [0.9999474883079529, 0.010117528960108757, 0.0016223154962062836, -1.7347412109375], [0.0, 0.0, 0.0, 1.0]], [[-0.8440859317779541, -0.536065936088562, -0.01233102660626173, 1.090576171875], [0.009477085433900356, 0.008078474551439285, -0.9999224543571472, 1.493072509765625], [0.536124050617218, -0.84413743019104, -0.0017385852988809347, -1.2777099609375], [0.0, 0.0, 0.0, 1.0]], [[0.9478482604026794, 0.31863006949424744, -0.00765604292973876, -1.143798828125], [-0.015883322805166245, 0.023230602964758873, -0.9996039867401123, 1.562042236328125], [-0.31832602620124817, 0.9475944638252258, 0.02707999013364315, -0.156005859375], [0.0, 0.0, 0.0, 1.0]], [[0.009323534555733204, 0.9998350143432617, 0.015585485845804214, -0.028839111328125], [-0.013775605708360672, 0.01571311056613922, -0.999781608581543, 1.5680580139160156], [-0.9998616576194763, 0.009106757119297981, 0.013919835910201073, 0.044189453125], [0.0, 0.0, 0.0, 1.0]], [[-0.9237158894538879, 0.38302841782569885, 0.006170730106532574, 1.1607666015625], [-0.009579920209944248, -0.0069938115775585175, -0.9999296069145203, 1.547811508178711], [-0.382958322763443, -0.9237101078033447, 0.010129677131772041, -0.04376220703125], [0.0, 0.0, 0.0, 1.0]]], "view": [[0.0, -2.0, 100.0], [-2.0, 0.0, 100.0], [0.0, 0.0, 1.0]], "bev": "bev_422a3a43f196497f9ca7110ef5561ddd.png", "aux": "aux_422a3a43f196497f9ca7110ef5561ddd.npz", "visibility": "visibility_422a3a43f196497f9ca7110ef5561ddd.png", "pose": [[0.45906710624694824, -0.8884015679359436, 0.0, 1182.4456787109375], [0.8884015679359436, 0.45906710624694824, 0.0, 1650.9722900390625], [0.0, 0.0, 1.0, 0.0], [0.0, 0.0, 0.0, 1.0]], "pose_inverse": [[0.45906710624694824, 0.8884015679359436, 0.0, -2009.54833984375], [-0.8884015679359436, 0.45906710624694824, 0.0, 292.57952880859375], [0.0, 0.0, 1.0, 0.0], [0.0, 0.0, 0.0, 1.0]], "cam_ids": [0, 1, 2, 3, 4, 5], "cam_channels": ["CAM_FRONT_LEFT", "CAM_FRONT", "CAM_FRONT_RIGHT", "CAM_BACK_LEFT", "CAM_BACK", "CAM_BACK_RIGHT"], "token": "422a3a43f196497f9ca7110ef5561ddd", "scene": "scene-0890"}, {"images": ["samples/CAM_FRONT_LEFT/n008-2018-09-18-14-54-39-0400__CAM_FRONT_LEFT__1537297538904799.jpg", "samples/CAM_FRONT/n008-2018-09-18-14-54-39-0400__CAM_FRONT__1537297538912404.jpg", "samples/CAM_FRONT_RIGHT/n008-2018-09-18-14-54-39-0400__CAM_FRONT_RIGHT__1537297538920482.jpg", "samples/CAM_BACK_LEFT/n008-2018-09-18-14-54-39-0400__CAM_BACK_LEFT__1537297538947405.jpg", "samples/CAM_BACK/n008-2018-09-18-14-54-39-0400__CAM_BACK__1537297538937558.jpg", "samples/CAM_BACK_RIGHT/n008-2018-09-18-14-54-39-0400__CAM_BACK_RIGHT__1537297538928113.jpg"], "intrinsics": [[[1257.8625342125129, 0.0, 827.2410631095686], [0.0, 1257.8625342125129, 450.915498205774], [0.0, 0.0, 1.0]], [[1252.8131021185304, 0.0, 826.588114781398], [0.0, 1252.8131021185304, 469.9846626224581], [0.0, 0.0, 1.0]], [[1256.7485116440405, 0.0, 817.7887570959712], [0.0, 1256.7485116440403, 451.9541780095127], [0.0, 0.0, 1.0]], [[1254.9860565800168, 0.0, 829.5769333630991], [0.0, 1254.9860565800168, 467.1680561863987], [0.0, 0.0, 1.0]], [[796.8910634503094, 0.0, 857.7774326863696], [0.0, 796.8910634503094, 476.8848988407415], [0.0, 0.0, 1.0]], [[1249.9629280788233, 0.0, 825.3768045375984], [0.0, 1249.9629280788233, 462.54816385708756], [0.0, 0.0, 1.0]]], "extrinsics": [[[0.8225277066230774, -0.5686657428741455, -0.008211784064769745, -1.0048828125], [0.004305437672883272, 0.020664678886532784, -0.9997771978378296, 1.4882941246032715], [0.5687088370323181, 0.8223090767860413, 0.019445626065135002, -1.333251953125], [0.0, 0.0, 0.0, 1.0]], [[0.010227175429463387, -0.999812126159668, -0.016467340290546417, 0.00543212890625], [0.006617303472012281, 0.01653551124036312, -0.9998413920402527, 1.4801664352416992], [0.9999257922172546, 0.01011660136282444, 0.006785170640796423, -1.7347412109375], [0.0, 0.0, 0.0, 1.0]], [[-0.8440060019493103, -0.5360684394836426, -0.016872795298695564, 1.09033203125], [0.015016080811619759, 0.007828693836927414, -0.9998565912246704, 1.4930763244628906], [0.5361236929893494, -0.8441382646560669, 0.0014421821106225252, -1.277587890625], [0.0, 0.0, 0.0, 1.0]], [[0.9478776454925537, 0.31863194704055786, -0.0013387019280344248, -1.143798828125], [-0.009128380566835403, 0.022955304011702538, -0.99969482421875, 1.5620460510253906], [-0.3185040354728699, 0.9476005434989929, 0.024667412042617798, -0.1561279296875], [0.0, 0.0, 0.0, 1.0]], [[0.009224054403603077, 0.9998391270637512, 0.015383109450340271, -0.028778076171875], [-0.007444953545928001, 0.0154520059004426, -0.9998528361320496