[{"images": ["samples/CAM_FRONT_LEFT/n008-2018-09-18-13-41-50-0400__CAM_FRONT_LEFT__1537292771254799.jpg", "samples/CAM_FRONT/n008-2018-09-18-13-41-50-0400__CAM_FRONT__1537292771262404.jpg", "samples/CAM_FRONT_RIGHT/n008-2018-09-18-13-41-50-0400__CAM_FRONT_RIGHT__1537292771270482.jpg", "samples/CAM_BACK_LEFT/n008-2018-09-18-13-41-50-0400__CAM_BACK_LEFT__1537292771297405.jpg", "samples/CAM_BACK/n008-2018-09-18-13-41-50-0400__CAM_BACK__1537292771287558.jpg", "samples/CAM_BACK_RIGHT/n008-2018-09-18-13-41-50-0400__CAM_BACK_RIGHT__1537292771278113.jpg"], "intrinsics": [[[1257.8625342125129, 0.0, 827.2410631095686], [0.0, 1257.8625342125129, 450.915498205774], [0.0, 0.0, 1.0]], [[1252.8131021185304, 0.0, 826.588114781398], [0.0, 1252.8131021185304, 469.9846626224581], [0.0, 0.0, 1.0]], [[1256.7485116440405, 0.0, 817.7887570959712], [0.0, 1256.7485116440403, 451.9541780095127], [0.0, 0.0, 1.0]], [[1254.9860565800168, 0.0, 829.5769333630991], [0.0, 1254.9860565800168, 467.1680561863987], [0.0, 0.0, 1.0]], [[796.8910634503094, 0.0, 857.7774326863696], [0.0, 796.8910634503094, 476.8848988407415], [0.0, 0.0, 1.0]], [[1249.9629280788233, 0.0, 825.3768045375984], [0.0, 1249.9629280788233, 462.54816385708756], [0.0, 0.0, 1.0]]], "extrinsics": [[[0.8224974274635315, -0.5687112212181091, 0.008099108934402466, -0.7303466796875], [0.030549129471182823, 0.029953500255942345, -0.9990843534469604, 1.4983482360839844], [0.5679478645324707, 0.8219918012619019, 0.04201030731201172, -1.1473388671875], [0.0, 0.0, 0.0, 1.0]], [[0.01074185874313116, -0.999622106552124, -0.02530614472925663, 0.0108642578125], [0.03280056640505791, 0.025646230205893517, -0.9991328120231628, 1.4890975952148438], [0.9994041919708252, 0.00990240927785635, 0.03306365758180618, -1.46075439453125], [0.0, 0.0, 0.0, 1.0]], [[-0.8432255983352661, -0.5357853174209595, -0.0436430424451828, 0.9122314453125], [0.04105538874864578, 0.01676259934902191, -0.9990162253379822, 1.5017776489257812], [0.5359897613525391, -0.84418785572052, 0.007862220518290997, -1.1619873046875], [0.0, 0.0, 0.0, 1.0]], [[0.9475654363632202, 0.318558931350708, 0.025297462940216064, -1.13543701171875], [0.016115348786115646, 0.031426940113306046, -0.999376118183136, 1.5621833801269531], [-0.3191552758216858, 0.9473819732666016, 0.02464539185166359, -0.1590576171875], [0.0, 0.0, 0.0, 1.0]], [[0.008704767562448978, 0.9996681809425354, 0.024244608357548714, -0.02880859375], [0.017986750230193138, 0.02408507466316223, -0.999548077583313, 1.5695457458496094], [-0.999800443649292, 0.00913696177303791, -0.017771126702427864, -0.0391845703125], [0.0, 0.0, 0.0, 1.0]], [[-0.9234880805015564, 0.3831133544445038, -0.019851261749863625, 1.01690673828125], [0.02213093638420105, 0.0015433472581207752, -0.9997538924217224, 1.5512428283691406], [-0.38298845291137695, -0.9237000346183777, -0.00990392081439495, -0.1016845703125], [0.0, 0.0, 0.0, 1.0]]], "view": [[0.0, -2.0, 100.0], [-2.0, 0.0, 100.0], [0.0, 0.0, 1.0]], "bev": "bev_6fb0bb129056405e9f9d18c9ba0c4012.png", "aux": "aux_6fb0bb129056405e9f9d18c9ba0c4012.npz", "visibility": "visibility_6fb0bb129056405e9f9d18c9ba0c4012.png", "pose": [[-0.7675746083259583, -0.640959620475769, 0.0, 1338.6710205078125], [0.640959620475769, -0.7675746083259583, 0.0, 1023.1118774414062], [0.0, 0.0, 1.0, 0.0], [0.0, 0.0, 0.0, 1.0]], "pose_inverse": [[-0.7675746083259583, 0.640959620475769, 0.0, 371.75653076171875], [-0.640959620475769, -0.7675746083259583, 0.0, 1643.3487548828125], [0.0, 0.0, 1.0, 0.0], [0.0, 0.0, 0.0, 1.0]], "cam_ids": [0, 1, 2, 3, 4, 5], "cam_channels": ["CAM_FRONT_LEFT", "CAM_FRONT", "CAM_FRONT_RIGHT", "CAM_BACK_LEFT", "CAM_BACK", "CAM_BACK_RIGHT"], "token": "6fb0bb129056405e9f9d18c9ba0c4012", "scene": "scene-0589"}, {"images": ["samples/CAM_FRONT_LEFT/n008-2018-09-18-13-41-50-0400__CAM_FRONT_LEFT__1537292771755579.jpg", "samples/CAM_FRONT/n008-2018-09-18-13-41-50-0400__CAM_FRONT__1537292771762404.jpg", "samples/CAM_FRONT_RIGHT/n008-2018-09-18-13-41-50-0400__CAM_FRONT_RIGHT__1537292771770482.jpg", "samples/CAM_BACK_LEFT/n008-2018-09-18-13-41-50-0400__CAM_BACK_LEFT__1537292771797405.jpg", "samples/CAM_BACK/n008-2018-09-18-13-41-50-0400__CAM_BACK__1537292771787558.jpg", "samples/CAM_BACK_RIGHT/n008-2018-09-18-13-41-50-0400__CAM_BACK_RIGHT__1537292771778113.jpg"], "intrinsics": [[[1257.8625342125129, 0.0, 827.2410631095686], [0.0, 1257.8625342125129, 450.915498205774], [0.0, 0.0, 1.0]], [[1252.8131021185304, 0.0, 826.588114781398], [0.0, 1252.8131021185304, 469.9846626224581], [0.0, 0.0, 1.0]], [[1256.7485116440405, 0.0, 817.7887570959712], [0.0, 1256.7485116440403, 451.9541780095127], [0.0, 0.0, 1.0]], [[1254.9860565800168, 0.0, 829.5769333630991], [0.0, 1254.9860565800168, 467.1680561863987], [0.0, 0.0, 1.0]], [[796.8910634503094, 0.0, 857.7774326863696], [0.0, 796.8910634503094, 476.8848988407415], [0.0, 0.0, 1.0]], [[1249.9629280788233, 0.0, 825.3768045375984], [0.0, 1249.9629280788233, 462.54816385708756], [0.0, 0.0, 1.0]]], "extrinsics": [[[0.8228201866149902, -0.5681248903274536, 0.014181521721184254, -0.761474609375], [0.03388635069131851, 0.024137532338500023, -0.9991341233253479, 1.4981765747070312], [0.5672906637191772, 0.8225883841514587, 0.039112526923418045, -1.16943359375], [0.0, 0.0, 0.0, 1.0]], [[0.01133147906512022, -0.999746561050415, -0.01945391111075878, 0.0107421875], [0.035727083683013916, 0.019847529008984566, -0.9991644620895386, 1.4888648986816406], [0.9992973804473877, 0.0106269596144557, 0.0359429232776165, -1.489959716796875], [0.0, 0.0, 0.0, 1.0]], [[-0.842899739742279, -0.5363737344741821, -0.0426996611058712, 0.931884765625], [0.0436507984995842, 0.010931112803518772, -0.9989870190620422, 1.5013160705566406], [0.5362972021102905, -0.8439098596572876, 0.014199307188391685, -1.17431640625], [0.0, 0.0, 0.0, 1.0]], [[0.9475325345993042, 0.31866776943206787, 0.02515742927789688, -1.13897705078125], [0.018056519329547882, 0.025218062102794647, -0.999518871307373, 1.5621337890625], [-0.3191488981246948, 0.9475308656692505, 0.01814090646803379, -0.15771484375], [0.0, 0.0, 0.0, 1.0]], [[0.008535759523510933, 0.999797523021698, 0.01822368986904621, -0.02880859375], [0.02030200883746147, 0.018047327175736427, -0.9996309876441956, 1.5695114135742188], [-0.9997574687004089, 0.008902602829039097, -0.020143849775195122, -0.02789306640625], [0.0, 0.0, 0.0, 1.0]], [[-0.9235408306121826, 0.3827251195907593, -0.024370020255446434, 1.033843994140625], [0.024567170068621635, -0.004372978117316961, -0.9996886253356934, 1.5511751174926758], [-0.3827124238014221, -0.9238518476486206, -0.00536384480074048, -0.0947265625], [0.0, 0.0, 0.0, 1.0]]], "view": [[0.0, -2.0, 100.0], [-2.0, 0.0, 100.0], [0.0, 0.0, 1.0]], "bev": "bev_0047d1aff19a4c65abb74b8064eedfe4.png", "aux": "aux_0047d1aff19a4c65abb74b8064eedfe4.npz", "visibility": "visibility_0047d1aff19a4c65abb74b8064eedfe4.png", "pose": [[-0.7666051983833313, -0.6421187520027161, 0.0, 1335.8748779296875], [0.6421187520027161, -0.7666051983833313, 0.0, 1025.4830322265625], [0.0, 0.0, 1.0, 0.0], [0.0, 0.0, 0.0, 1.0]], "pose_inverse": [[-0.7666051983833313, 0.6421187520027161, 0.0, 365.606689453125], [-0.6421187520027161, -0.7666051983833313, 0.0, 1643.930908203125], [0.0, 0.0, 1.0, 0.0], [0.0, 0.0, 0.0, 1.0]], "cam_ids": [0, 1, 2, 3, 4, 5], "cam_channels": ["CAM_FRONT_LEFT", "CAM_FRONT", "CAM_FRONT_RIGHT", "CAM_BACK_LEFT", "CAM_BACK", "CAM_BACK_RIGHT"], "token": "0047d1aff19a4c65abb74b8064eedfe4", "scene": "scene-0589"}, {"images": ["samples/CAM_FRONT_LEFT/n008-2018-09-18-13-41-50-0400__CAM_FRONT_LEFT__1537292772254818.jpg", "samples/CAM_FRONT/n008-2018-09-18-13-41-50-0400__CAM_FRONT__1537292772262404.jpg", "samples/CAM_FRONT_RIGHT/n008-2018-09-18-13-41-50-0400__CAM_FRONT_RIGHT__1537292772270482.jpg", "samples/CAM_BACK_LEFT/n008-2018-09-18-13-41-50-0400__CAM_BACK_LEFT__1537292772297405.jpg", "samples/CAM_BACK/n008-2018-09-18-13-41-50-0400__CAM_BACK__1537292772287558.jpg", "samples/CAM_BACK_RIGHT/n008-2018-09-18-13-41-50-0400__CAM_BACK_RIGHT__1537292772278113.jpg"], "intrinsics": [[[1257.8625342125129, 0.0, 827.2410631095686], [0.0, 1257.8625342125129, 450.915498205774], [0.0, 0.0, 1.0]], [[1252.8131021185304, 0.0, 826.588114781398], [0.0, 1252.8131021185304, 469.9846626224581], [0.0, 0.0, 1.0]], [[1256.7485116440405, 0.0, 817.7887570959712], [0.0, 1256.7485116440403, 451.9541780095127], [0.0, 0.0, 1.0]], [[1254.9860565800168, 0.0, 829.5769333630991], [0.0, 1254.9860565800168, 467.1680561863987], [0.0, 0.0, 1.0]], [[796.8910634503094, 0.0, 857.7774326863696], [0.0, 796.8910634503094, 476.8848988407415], [0.0, 0.0, 1.0]], [[1249.9629280788233, 0.0, 825.3768045375984], [0.0, 1249.9629280788233, 462.54816385708756], [0.0, 0.0, 1.0]]], "extrinsics": [[[0.8239786624908447, -0.5662281513214111, 0.021090064197778702, -0.74945068359375], [0.03295447304844856, 0.010731345973908901, -0.9993992447853088, 1.4984474182128906], [0.5656617283821106, 0.8241786956787109, 0.0275021530687809, -1.16064453125], [0.0, 0.0, 0.0, 1.0]], [[0.012890445068478584, -0.9998987317085266, -0.006033821031451225, 0.0103759765625], [0.03465227782726288, 0.00647740950807929, -0.9993784427642822, 1.4889564514160156], [0.9993163347244263, 0.012673418037593365, 0.034732263535261154, -1.480987548828125], [0.0, 0.0, 0.0, 1.0]], [[-0.8423154950141907, -0.5378791093826294, -0.034506332129240036, 0.92626953125], [0.042428676038980484, -0.0023484218399971724, -0.9990967512130737, 1.501389503479004], [0.5373122692108154, -0.8430187702178955, 0.024799609556794167, -1.171142578125], [0.0, 0.0, 0.0, 1.0]], [[0.9476149678230286, 0.31882569193840027, 0.019394544884562492, -1.14093017578125], [0.016308307647705078, 0.012346845120191574, -0.9997907876968384, 1.5620956420898438], [-0.3189984858036041, 0.9477329254150391, 0.006500548217445612, -0.1571044921875], [0.0, 0.0, 0.0, 1.0]], [[0.00821478758007288, 0.9999531507492065, 0.005139803513884544, -0.02880859375], [0.018655847758054733, 0.004985824692994356, -0.9998134970664978, 1.5694332122802734], [-0.999792218208313, 0.008309212513267994, -0.018614018335938454, -0.029388427734375], [0.0, 0.0, 0.0, 1.0]], [[-0.9238830804824829, 0.38163885474205017, -0.028137031942605972, 1.0299072265625], [0.023179305717349052, -0.01758246123790741, -0.9995766878128052, 1.5510997772216797], [-0.3819720447063446, -0.9241442680358887, 0.007398016285151243, -0.096923828125], [0.0, 0.0, 0.0, 1.0]]], "view": [[0.0, -2.0, 100.0], [-2.0, 0.0, 100.0], [0.0, 0.0, 1.0]], "bev": "bev_d2170a4a449542fc8a79c03aca5b288d.png", "aux": "aux_d2170a4a449542fc8a79c03aca5b288d.npz", "visibility": "visibility_d2170a4a449542fc8a79c03aca5b288d.png", "pose": [[-0.752862274646759, -0.6581780910491943, 0.0, 1333.142333984375], [0.6581780910491943, -0.752862274646759, 0.0, 1027.854736328125], [0.0, 0.0, 1.0, 0.0], [0.0, 0.0, 0.0, 1.0]], "pose_inverse": [[-0.752862274646759, 0.6581780910491943, 0.0, 327.16107177734375], [-0.6581780910491943, -0.752862274646759, 0.0, 1651.278076171875], [0.0, 0.0, 1.0, 0.0], [0.0, 0.0, 0.0, 1.0]], "cam_ids": [0, 1, 2, 3, 4, 5], "cam_channels": ["CAM_FRONT_LEFT", "CAM_FRONT", "CAM_FRONT_RIGHT", "CAM_BACK_LEFT", "CAM_BACK", "CAM_BACK_RIGHT"], "token": "d2170a4a449542fc8a79c03aca5b288d", "scene": "scene-0589"}, {"images": ["samples/CAM_FRONT_LEFT/n008-2018-09-18-13-41-50-0400__CAM_FRONT_LEFT__1537292772654799.jpg", "samples/CAM_FRONT/n008-2018-09-18-13-41-50-0400__CAM_FRONT__1537292772662404.jpg", "samples/CAM_FRONT_RIGHT/n008-2018-09-18-13-41-50-0400__CAM_FRONT_RIGHT__1537292772670482.jpg", "samples/CAM_BACK_LEFT/n008-2018-09-18-13-41-50-0400__CAM_BACK_LEFT__1537292772697405.jpg", "samples/CAM_BACK/n008-2018-09-18-13-41-50-0400__CAM_BACK__1537292772687558.jpg", "samples/CAM_BACK_RIGHT/n008-2018-09-18-13-41-50-0400__CAM_BACK_RIGHT__1537292772678113.jpg"], "intrinsics": [[[1257.8625342125129, 0.0, 827.2410631095686], [0.0, 1257.8625342125129, 450.915498205774], [0.0, 0.0, 1.0]], [[1252.8131021185304, 0.0, 826.588114781398], [0.0, 1252.8131021185304, 469.9846626224581], [0.0, 0.0, 1.0]], [[1256.7485116440405, 0.0, 817.7887570959712], [0.0, 1256.7485116440403, 451.9541780095127], [0.0, 0.0, 1.0]], [[1254.9860565800168, 0.0, 829.5769333630991], [0.0, 1254.9860565800168, 467.1680561863987], [0.0, 0.0, 1.0]], [[796.8910634503094, 0.0, 857.7774326863696], [0.0, 796.8910634503094, 476.8848988407415], [0.0, 0.0, 1.0]], [[1249.9629280788233, 0.0, 825.3768045375984], [0.0, 1249.9629280788233, 462.54816385708756], [0.0, 0.0, 1.0]]], "extrinsics": [[[0.8240985870361328, -0.5659091472625732, 0.024665027856826782, -0.76251220703125], [0.03172077611088753, 0.002630310831591487, -0.9994933009147644, 1.4976091384887695], [0.5655575394630432, 0.824463427066803, 0.0201187115162611, -1.16796875], [0.0, 0.0, 0.0, 1.0]], [[0.012914926744997501, -0.9999145865440369, 0.0020334054715931416, 0.00927734375], [0.03377779945731163, -0.0015961393946781754, -0.9994280934333801, 1.4882965087890625], [0.9993458986282349, 0.012976257130503654, 0.03375430032610893, -1.494140625], [0.0, 0.0, 0.0, 1.0]], [[-0.8423390984535217, -0.538126528263092, -0.029743725433945656, 0.9345703125], [0.041927170008420944, -0.010408216156065464, -0.9990664720535278, 1.5008525848388672], [0.5373145937919617, -0.8427998423576355, 0.03132937103509903, -1.1776123046875], [0.0, 0.0, 0.0, 1.0]], [[0.9476637840270996, 0.3188133239746094, 0.01706884428858757, -1.14276123046875], [0.01661188341677189, 0.004152471199631691, -0.9998533725738525, 1.5620641708374023], [-0.318837434053421, 0.9478083848953247, -0.0013609420275315642, -0.1563720703125], [0.0, 0.0, 0.0, 1.0]], [[0.008323773741722107, 0.9999608397483826, -0.002994768787175417, -0.0283203125], [0.018742993474006653, -0.0031503625214099884, -0.9998193383216858, 1.569345235824585], [-0.9997897148132324, 0.008266130462288857, -0.018768485635519028, -0.024169921875], [0.0, 0.0, 0.0, 1.0]], [[-0.9238686561584473, 0.38144832849502563, -0.031046682968735695, 1.037506103515625], [0.0229906365275383, -0.02565988525748253, -0.9994062781333923, 1.5508842468261719], [-0.3820185363292694, -0.9240339398384094, 0.01493662316352129, -0.09423828125], [0.0, 0.0, 0.0, 1.0]]], "view": [[0.0, -2.0, 100.0], [-2.0, 0.0, 100.0], [0.0, 0.0, 1.0]], "bev": "bev_7e7f28d9797a472c818f24cab8fc837e.png", "aux": "aux_7e7f28d9797a472c818f24cab8fc837e.npz", "visibility": "visibility_7e7f28d9797a472c818f24cab8fc837e.png", "pose": [[-0.7318496108055115, -0.6814661622047424, 0.0, 1331.052001953125], [0.6814661622047424, -0.7318496108055115, 0.0, 1029.776611328125], [0.0, 0.0, 1.0, 0.0], [0.0, 0.0, 0.0, 1.0]], "pose_inverse": [[-0.7318496108055115, 0.6814661622047424, 0.0, 272.37200927734375], [-0.6814661622047424, -0.7318496108055115, 0.0, 1660.70849609375], [0.0, 0.0, 1.0, 0.0], [0.0, 0.0, 0.0, 1.0]], "cam_ids": [0, 1, 2, 3, 4, 5], "cam_channels": ["CAM_FRONT_LEFT", "CAM_FRONT", "CAM_FRONT_RIGHT", "CAM_BACK_LEFT", "CAM_BACK", "CAM_BACK_RIGHT"], "token": "7e7f28d9797a472c818f24cab8fc837e", "scene": "scene-0589"}, {"images": ["samples/CAM_FRONT_LEFT/n008-2018-09-18-13-41-50-0400__CAM_FRONT_LEFT__1537292773154799.jpg", "samples/CAM_FRONT/n008-2018-09-18-13-41-50-0400__CAM_FRONT__1537292773162404.jpg", "samples/CAM_FRONT_RIGHT/n008-2018-09-18-13-41-50-0400__CAM_FRONT_RIGHT__1537292773170482.jpg", "samples/CAM_BACK_LEFT/n008-2018-09-18-13-41-50-0400__CAM_BACK_LEFT__1537292773197405.jpg", "samples/CAM_BACK/n008-2018-09-18-13-41-50-0400__CAM_BACK__1537292773187558.jpg", "samples/CAM_BACK_RIGHT/n008-2018-09-18-13-41-50-0400__CAM_BACK_RIGHT__1537292773178113.jpg"], "intrinsics": [[[1257.8625342125129, 0.0, 827.2410631095686], [0.0, 1257.8625342125129, 450.915498205774], [0.0, 0.0, 1.0]], [[1252.8131021185304, 0.0, 826.588114781398], [0.0, 1252.8131021185304, 469.9846626224581], [0.0, 0.0, 1.0]], [[1256.7485116440405, 0.0, 817.7887570959712], [0.0, 1256.7485116440403, 451.9541780095127], [0.0, 0.0, 1.0]], [[1254.9860565800168, 0.0, 829.5769333630991], [0.0, 1254.9860565800168, 467.1680561863987], [0.0, 0.0, 1.0]], [[796.8910634503094, 0.0, 857.7774326863696], [0.0, 796.8910634503094, 476.8848988407415], [0.0, 0.0, 1.0]], [[1249.9629280788233, 0.0, 825.3768045375984], [0.0, 1249.9629280788233, 462.54816385708756], [0.0, 0.0, 1.0]]], "extrinsics": [[[0.8254731297492981, -0.5637543201446533, 0.027843721210956573, -0.75439453125], [0.032564084976911545, -0.001681826775893569, -0.9994682669639587, 1.4981763362884521], [0.5635014176368713, 0.8259408473968506, 0.016969839110970497, -1.16259765625], [0.0, 0.0, 0.0, 1.0]], [[0.015070649795234203, -0.999865710735321, 0.006435106508433819, 0.009765625], [0.03480129316449165, -0.005907411687076092, -0.9993768334388733, 1.488857626914978], [0.9992806315422058, 0.015285084955394268, 0.03470759093761444, -1.4849853515625], [0.0, 0.0, 0.0, 1.0]], [[-0.8414108157157898, -0.5396515130996704, -0.028355911374092102, 0.928466796875], [0.04311013221740723, -0.014725917018949986, -0.9989618062973022, 1.50140380859375], [0.5386736989021301, -0.8417597413063049, 0.03565499559044838, -1.1732177734375], [0.0, 0.0, 0.0, 1.0]], [[0.9476443529129028, 0.31884559988975525, 0.017542781308293343, -1.1395263671875], [0.018580593168735504, -0.00021339736122172326, -0.9998273849487305, 1.5621249675750732], [-0.31878677010536194, 0.9478066563606262, -0.006126565393060446, -0.1573486328125], [0.0, 0.0, 0.0, 1.0]], [[0.0077468520030379295, 0.9999428987503052, -0.007359428331255913, -0.0281982421875], [0.020446939393877983, -0.0075165098533034325, -0.9997626543045044, 1.5695652961730957], [-0.9997609257698059, 0.007594502996653318, -0.020504001528024673, -0.0290985107421875], [0.0, 0.0, 0.0, 1.0]], [[-0.9242780804634094, 0.38020843267440796, -0.03393330052495003, 1.0316162109375], [0.02433537319302559, -0.03002377785742283, -0.9992529153823853, 1.5512161254882812], [-0.3809431791305542, -0.9244133830070496, 0.018497809767723083, -0.0965576171875], [0.0, 0.0, 0.0, 1.0]]], "view": [[0.0, -2.0, 100.0], [-2.0, 0.0, 100.0], [0.0, 0.0, 1.0]], "bev": "bev_ca8fe81e15be4a3ea6f19ba7f3c24c81.png", "aux": "aux_ca8fe81e15be4a3ea6f19ba7f3c24c81.npz", "visibility": "visibility_ca8fe81e15be4a3ea6f19ba7f3c24c81.png", "pose": [[-0.6979677081108093, -0.7161292433738708, 0.0, 1328.5064697265625], [0.7161292433738708, -0.6979677081108093, 0.0, 1032.267333984375], [0.0, 0.0, 1.0, 0.0], [0.0, 0.0, 0.0, 1.0]], "pose_inverse": [[-0.6979677081108093, 0.7161292433738708, 0.0, 188.01779174804688], [-0.7161292433738708, -0.6979677081108093, 0.0, 1671.87158203125], [0.0, 0.0, 1.0, 0.0], [0.0, 0.0, 0.0, 1.0]], "cam_ids": [0, 1, 2, 3, 4, 5], "cam_channels": ["CAM_FRONT_LEFT", "CAM_FRONT", "CAM_FRONT_RIGHT", "CAM_BACK_LEFT", "CAM_BACK", "CAM_BACK_RIGHT"], "token": "ca8fe81e15be4a3ea6f19ba7f3c24c81", "scene": "scene-0589"}, {"images": ["samples/CAM_FRONT_LEFT/n008-2018-09-18-13-41-50-0400__CAM_FRONT_LEFT__1537292773654799.jpg", "samples/CAM_FRONT/n008-2018-09-18-13-41-50-0400__CAM_FRONT__1537292773662404.jpg", "samples/CAM_FRONT_RIGHT/n008-2018-09-18-13-41-50-0400__CAM_FRONT_RIGHT__1537292773670482.jpg", "samples/CAM_BACK_LEFT/n008-2018-09-18-13-41-50-0400__CAM_BACK_LEFT__1537292773697405.jpg", "samples/CAM_BACK/n008-2018-09-18-13-41-50-0400__CAM_BACK__1537292773687558.jpg", "samples/CAM_BACK_RIGHT/n008-2018-09-18-13-41-50-0400__CAM_BACK_RIGHT__1537292773678113.jpg"], "intrinsics": [[[1257.8625342125129, 0.0, 827.2410631095686], [0.0, 1257.8625342125129, 450.915498205774], [0.0, 0.0, 1.0]], [[1252.8131021185304, 0.0, 826.588114781398], [0.0, 1252.8131021185304, 469.9846626224581], [0.0, 0.0, 1.0]], [[1256.7485116440405, 0.0, 817.7887570959712], [0.0, 1256.7485116440403, 451.9541780095127], [0.0, 0.0, 1.0]], [[1254.9860565800168, 0.0, 829.5769333630991], [0.0, 1254.9860565800168, 467.1680561863987], [0.0, 0.0, 1.0]], [[796.8910634503094, 0.0, 857.7774326863696], [0.0, 796.8910634503094, 476.8848988407415], [0.0, 0.0, 1.0]], [[1249.9629280788233, 0.0, 825.3768045375984], [0.0, 1249.9629280788233, 462.54816385708756], [0.0, 0.0, 1.0]]], "extrinsics": [[[0.8264054656028748, -0.5619068741798401, 0.036259062588214874, -0.76519775390625], [0.03785116598010063, -0.008811529725790024, -0.9992445111274719, 1.499272346496582], [0.5618019104003906, 0.8271536231040955, 0.01398693397641182, -1.1707763671875], [0.0, 0.0, 0.0, 1.0]], [[0.01658855378627777, -0.999769389629364, 0.013635948300361633, 0.009765625], [0.039798468351364136, -0.012966787442564964, -0.9991235733032227, 1.489675521850586], [0.9990699887275696, 0.01711670495569706, 0.039574190974235535, -1.4960403442382812], [0.0, 0.0, 0.0, 1.0]], [[-0.8406252861022949, -0.5408612489700317, -0.02860133908689022, 0.9349365234375], [0.04796271398663521, -0.021737590432167053, -0.9986125826835632, 1.5019683837890625], [0.5394890904426575, -0.84083092212677, 0.04421434551477432, -1.1773681640625], [0.0, 0.0, 0.0, 1.0]], [[0.9475606679916382, 0.3189800977706909, 0.019505413249135017, -1.13677978515625], [0.023067984730005264, -0.007394272834062576, -0.999706506729126, 1.5622138977050781], [-0.31874221563339233, 0.9477326273918152, -0.014364749193191528, -0.158203125], [0.0, 0.0, 0.0, 1.0]], [[0.0073620290495455265, 0.9998693466186523, -0.014393515884876251, -0.0283203125], [0.024947810918092728, -0.01457307767122984, -0.9995824694633484, 1.5698680877685547], [-0.9996616244316101, 0.006999828852713108, -0.025051837787032127, -0.02801513671875], [0.0, 0.0, 0.0, 1.0]], [[-0.9244222044944763, 0.3791593611240387, -0.041007254272699356, 1.03607177734375], [0.02911539562046528, -0.03704717755317688, -0.9988892674446106, 1.5517463684082031], [-0.38025739789009094, -0.9245893955230713, 0.023207861930131912, -0.0948486328125], [0.0, 0.0, 0.0, 1.0]]], "view": [[0.0, -2.0, 100.0], [-2.0, 0.0, 100.0], [0.0, 0.0, 1.0]], "bev": "bev_2da016e4cc7645d2bf57948a2c32f324.png", "aux": "aux_2da016e4cc7645d2bf57948a2c32f324.npz", "visibility": "visibility_2da016e4cc7645d2bf57948a2c32f324.png", "pose": [[-0.6368834376335144, -0.7709600925445557, 0.0, 1326.20068359375], [0.7709600925445557, -0.6368834376335144, 0.0, 1034.85107421875], [0.0, 0.0, 1.0, 0.0], [0.0, 0.0, 0.0, 1.0]], "pose_inverse": [[-0.6368834376335144, 0.7709600925445557, 0.0, 46.80632019042969], [-0.7709600925445557, -0.6368834376335144, 0.0, 1681.52734375], [0.0, 0.0, 1.0, 0.0], [0.0, 0.0, 0.0, 1.0]], "cam_ids": [0, 1, 2, 3, 4, 5], "cam_channels": ["CAM_FRONT_LEFT", "CAM_FRONT", "CAM_FRONT_RIGHT", "CAM_BACK_LEFT", "CAM_BACK", "CAM_BACK_RIGHT"], "token": "2da016e4cc7645d2bf57948a2c32f324", "scene": "scene-0589"}, {"images": ["samples/CAM_FRONT_LEFT/n008-2018-09-18-13-41-50-0400__CAM_FRONT_LEFT__1537292774154799.jpg", "samples/CAM_FRONT/n008-2018-09-18-13-41-50-0400__CAM_FRONT__1537292774162404.jpg", "samples/CAM_FRONT_RIGHT/n008-2018-09-18-13-41-50-0400__CAM_FRONT_RIGHT__1537292774170482.jpg", "samples/CAM_BACK_LEFT/n008-2018-09-18-13-41-50-0400__CAM_BACK_LEFT__1537292774197405.jpg", "samples/CAM_BACK/n008-2018-09-18-13-41-50-0400__CAM_BACK__1537292774187558.jpg", "samples/CAM_BACK_RIGHT/n008-2018-09-18-13-41-50-0400__CAM_BACK_RIGHT__1537292774178113.jpg"], "intrinsics": [[[1257.8625342125129, 0.0, 827.2410631095686], [0.0, 1257.8625342125129, 450.915498205774], [0.0, 0.0, 1.0]], [[1252.8131021185304, 0.0, 826.588114781398], [0.0, 1252.8131021185304, 469.9846626224581], [0.0, 0.0, 1.0]], [[1256.7485116440405, 0.0, 817.7887570959712], [0.0, 1256.7485116440403, 451.9541780095127], [0.0, 0.0, 1.0]], [[1254.9860565800168, 0.0, 829.5769333630991], [0.0, 1254.9860565800168, 467.1680561863987], [0.0, 0.0, 1.0]], [[796.8910634503094, 0.0, 857.7774326863696], [0.0, 796.8910634503094, 476.8848988407415], [0.0, 0.0, 1.0]], [[1249.9629280788233, 0.0, 825.3768045375984], [0.0, 1249.9629280788233, 462.54816385708756], [0.0, 0.0, 1.0]]], "extrinsics": [[[0.8270661234855652, -0.5606881380081177, 0.03987870737910271, -0.7706298828125], [0.03401923552155495, -0.020886395126581192, -0.9992029070854187, 1.4979476928710938], [0.5610741972923279, 0.8277636170387268, 0.001799750723876059, -1.171875], [0.0, 0.0, 0.0, 1.0]], [[0.017291726544499397, -0.9995217323303223, 0.025636980310082436, 0.0079345703125], [0.036083709448575974, -0.02500027045607567, -0.9990360140800476, 1.4886474609375], [0.9991991519927979, 0.01820017211139202, 0.03563414886593819, -1.4984359741210938], [0.0, 0.0, 0.0, 1.0]], [[-0.8404986262321472, -0.541483461856842, -0.01890968345105648, 0.93450927734375], [0.044200602918863297, -0.03374086692929268, -0.9984527230262756, 1.5011940002441406], [0.5400076508522034, -0.840034008026123, 0.05229305475950241, -1.178955078125], [0.0, 0.0, 0.0, 1.0]], [[0.9477999806404114, 0.31864458322525024, 0.011868632398545742, -1.134063720703125], [0.01902487687766552, -0.019355475902557373, -0.9996316432952881, 1.5622062683105469], [-0.31829750537872314, 0.9476765990257263, -0.024407289922237396, -0.1580810546875], [0.0, 0.0, 0.0, 1.0]], [[0.0074568577110767365, 0.9996219873428345, -0.026462210342288017, -0.02734375], [0.021112050861120224, -0.026614423841238022, -0.9994227886199951, 1.5696067810058594], [-0.9997493028640747, 0.006893859710544348, -0.02130253240466118, -0.03008270263671875], [0.0, 0.0, 0.0, 1.0]], [[-0.9246523380279541, 0.3784920573234558, -0.041971590369939804, 1.0352783203125], [0.025237521156668663, -0.049067627638578415, -0.9984765648841858, 1.5512008666992188], [-0.37997499108314514, -0.9243029952049255, 0.035818297415971756, -0.0963134765625], [0.0, 0.0, 0.0, 1.0]]], "view": [[0.0, -2.0, 100.0], [-2.0, 0.0, 100.0], [0.0, 0.0, 1.0]], "bev": "bev_b27fd57db4a4419a8e689c1509e56326.png", "aux": "aux_b27fd57db4a4419a8e689c1509e56326.npz", "visibility": "visibility_b27fd57db4a4419a8e689c1509e56326.png", "pose": [[-0.5612753033638, -0.8276291489601135, 0.0, 1324.2208251953125], [0.8276291489601135, -0.5612753033638, 0.0, 1037.499267578125], [0.0, 0.0, 1.0, 0.0], [0.0, 0.0, 0.0, 1.0]], "pose_inverse": [[-0.5612753033638, 0.8276291489601135, 0.0, -115.41217041015625], [-0.8276291489601135, -0.5612753033638, 0.0, 1678.2864990234375], [0.0, 0.0, 1.0, 0.0], [0.0, 0.0, 0.0, 1.0]], "cam_ids": [0, 1, 2, 3, 4, 5], "cam_channels": ["CAM_FRONT_LEFT", "CAM_FRONT", "CAM_FRONT_RIGHT", "CAM_BACK_LEFT", "CAM_BACK", "CAM_BACK_RIGHT"], "token": "b27fd57db4a4419a8e689c1509e56326", "scene": "scene-0589"}, {"images": ["samples/CAM_FRONT_LEFT/n008-2018-09-18-13-41-50-0400__CAM_FRONT_LEFT__1537292774654799.jpg", "samples/CAM_FRONT/n008-2018-09-18-13-41-50-0400__CAM_FRONT__1537292774662404.jpg", "samples/CAM_FRONT_RIGHT/n008-2018-09-18-13-41-50-0400__CAM_FRONT_RIGHT__1537292774670482.jpg", "samples/CAM_BACK_LEFT/n008-2018-09-18-13-41-50-0400__CAM_BACK_LEFT__1537292774697405.jpg", "samples/CAM_BACK/n008-2018-09-18-13-41-50-0400__CAM_BACK__1537292774687558.jpg", "samples/CAM_BACK_RIGHT/n008-2018-09-18-13-41-50-0400__CAM_BACK_RIGHT__1537292774678113.jpg"], "intrinsics": [[[1257.8625342125129, 0.0, 827.2410631095686], [0.0, 1257.8625342125129, 450.915498205774], [0.0, 0.0, 1.0]], [[1252.8131021185304, 0.0, 826.588114781398], [0.0, 1252.8131021185304, 469.9846626224581], [0.0, 0.0, 1.0]], [[1256.7485116440405, 0.0, 817.7887570959712], [0.0, 1256.7485116440403, 451.9541780095127], [0.0, 0.0, 1.0]], [[1254.9860565800168, 0.0, 829.5769333630991], [0.0, 1254.9860565800168, 467.1680561863987], [0.0, 0.0, 1.0]], [[796.8910634503094, 0.0, 857.7774326863696], [0.0, 796.8910634503094, 476.8848988407415], [0.0, 0.0, 1.0]], [[1249.9629280788233, 0.0, 825.3768045375984], [0.0, 1249.9629280788233, 462.54816385708756], [0.0, 0.0, 1.0]]], "extrinsics": [[[0.827702522277832, -0.5591188073158264, 0.04790394380688667, -0.769287109375], [0.036123935133218765, -0.03210069239139557, -0.9988316297531128, 1.4985809326171875], [0.5600032806396484, 0.8284658789634705, -0.006372254807502031, -1.1741943359375], [0.0, 0.0, 0.0, 1.0]], [[0.018213480710983276, -0.9991505146026611, 0.03696584701538086, 0.0098876953125], [0.038100745528936386, -0.03625153377652168, -0.9986161589622498, 1.4891738891601562], [0.999107837677002, 0.01959669217467308, 0.03740811347961426, -1.498779296875], [0.0, 0.0, 0.0, 1.0]], [[-0.8401117920875549, -0.5422201752662659, -0.014469102956354618, 0.9354248046875], [0.04619075357913971, -0.04493814706802368, -0.997921347618103, 1.5016250610351562], [0.5404428839683533, -0.8390339016914368, 0.0627986341714859, -1.1773681640625], [0.0, 0.0, 0.0, 1.0]], [[0.9478038549423218, 0.3186838924884796, 0.010414132848381996, -1.1293182373046875], [0.021093105897307396, -0.030076902359724045, -0.9993250370025635, 1.5623664855957031], [-0.3181556463241577, 0.9473837018013, -0.03522903844714165, -0.1607666015625], [0.0, 0.0, 0.0, 1.0]], [[0.007401895709335804, 0.9992734789848328, -0.03738654404878616, -0.0281982421875], [0.02308170311152935, -0.03754834085702896, -0.999028205871582, 1.5698394775390625], [-0.9997062087059021, 0.006531728431582451, -0.023342860862612724, -0.0328369140625], [0.0, 0.0, 0.0, 1.0]], [[-0.9246920943260193, 0.3776750862598419, -0.0480215810239315, 1.03411865234375], [0.02724660187959671, -0.06016286462545395, -0.9978166818618774, 1.5515518188476562], [-0.37973958253860474, -0.9239815473556519, 0.04534176364541054, -0.0953369140625], [0.0, 0.0, 0.0, 1.0]]], "view": [[0.0, -2.0, 100.0], [-2.0, 0.0, 100.0], [0.0, 0.0, 1.0]], "bev": "bev_34ba081444894997a482978c6dd74273.png", "aux": "aux_34ba081444894997a482978c6dd74273.npz", "visibility": "visibility_34ba081444894997a482978c6dd74273.png", "pose": [[-0.4658186733722687, -0.8848801851272583, 0.0, 1322.5682373046875], [0.8848801851272583, -0.4658186733722687, 0.0, 1040.2733154296875], [0.0, 0.0, 1.0, 0.0], [0.0, 0.0, 0.0, 1.0]], "pose_inverse": [[-0.4658186733722687, 0.8848801851272583, 0.0, -304.4402770996094], [-0.8848801851272583, -0.4658186733722687, 0.0, 1654.8931884765625], [0.0, 0.0, 1.0, 0.0], [0.0, 0.0, 0.0, 1.0]], "cam_ids": [0, 1, 2, 3, 4, 5], "cam_channels": ["CAM_FRONT_LEFT", "CAM_FRONT", "CAM_FRONT_RIGHT", "CAM_BACK_LEFT", "CAM_BACK", "CAM_BACK_RIGHT"], "token": "34ba081444894997a482978c6dd74273", "scene": "scene-0589"}, {"images": ["samples/CAM_FRONT_LEFT/n008-2018-09-18-13-41-50-0400__CAM_FRONT_LEFT__1537292775154799.jpg", "samples/CAM_FRONT/n008-2018-09-18-13-41-50-0400__CAM_FRONT__1537292775162404.jpg", "samples/CAM_FRONT_RIGHT/n008-2018-09-18-13-41-50-0400__CAM_FRONT_RIGHT__1537292775170482.jpg", "samples/CAM_BACK_LEFT/n008-2018-09-18-13-41-50-0400__CAM_BACK_LEFT__1537292775197405.jpg", "samples/CAM_BACK/n008-2018-09-18-13-41-50-0400__CAM_BACK__1537292775187584.jpg", "samples/CAM_BACK_RIGHT/n008-2018-09-18-13-41-50-0400__CAM_BACK_RIGHT__1537292775178113.jpg"], "intrinsics": [[[1257.8625342125129, 0.0, 827.2410631095686], [0.0, 1257.8625342125129, 450.915498205774], [0.0, 0.0, 1.0]], [[1252.8131021185304, 0.0, 826.588114781398], [0.0, 1252.8131021185304, 469.9846626224581], [0.0, 0.0, 1.0]], [[1256.7485116440405, 0.0, 817.7887570959712], [0.0, 1256.7485116440403, 451.9541780095127], [0.0, 0.0, 1.0]], [[1254.9860565800168, 0.0, 829.5769333630991], [0.0, 1254.9860565800168, 467.1680561863987], [0.0, 0.0, 1.0]], [[796.8910634503094, 0.0, 857.7774326863696], [0.0, 796.8910634503094, 476.8848988407415], [0.0, 0.0, 1.0]], [[1249.9629280788233, 0.0, 825.3768045375984], [0.0, 1249.9629280788233, 462.54816385708756], [0.0, 0.0, 1.0]]], "extrinsics": [[[0.827194333076477, -0.5594475269317627, 0.0526123046875, -0.769287109375], [0.04416226968169212, -0.028615055605769157, -0.9986144304275513, 1.5008926391601562], [0.5601779222488403, 0.8283717036247253, 0.001036261674016714, -1.171630859375], [0.0, 0.0, 0.0, 1.0]], [[0.01787089928984642, -0.9992711544036865, 0.03372903913259506, 0.0081787109375], [0.04631903022527695, -0.032870784401893616, -0.9983857274055481, 1.4911727905273438], [0.9987667798995972, 0.019404327496886253, 0.04569784179329872, -1.49639892578125], [0.0, 0.0, 0.0, 1.0]], [[-0.8399167060852051, -0.5422187447547913, -0.02321416325867176, 0.932159423828125], [0.054474715143442154, -0.04167086258530617, -0.9976451992988586, 1.503265380859375], [0.5399746298789978, -0.839203417301178, 0.06453726440668106, -1.1768798828125], [0.0, 0.0, 0.0, 1.0]], [[0.9475871324539185, 0.3189183175563812, 0.01923016458749771, -1.1267776489257812], [0.02943441830575466, -0.027207493782043457, -0.9991963505744934, 1.5625724792480469], [-0.3181387484073639, 0.9473916292190552, -0.035168640315532684, -0.1617431640625], [0.0, 0.0, 0.0, 1.0]], [[0.007459776476025581, 0.9993831515312195, -0.03431770205497742, -0.02783203125], [0.03144918009638786, -0.034536149352788925, -0.9989084601402283, 1.5705718994140625], [-0.9994775652885437, 0.006372394971549511, -0.0316874161362648, -0.036163330078125], [0.0, 0.0, 0.0, 1.0]], [[-0.9243378639221191, 0.37766313552856445, -0.054497987031936646, 1.0311279296875], [0.035532787442207336, -0.05701001361012459, -0.9977411031723022, 1.5527572631835938], [-0.3799169063568115, -0.9241864085197449, 0.0392770916223526, -0.0977783203125], [0.0, 0.0, 0.0, 1.0]]], "view": [[0.0, -2.0, 100.0], [-2.0, 0.0, 100.0], [0.0, 0.0, 1.0]], "bev": "bev_9d75bc9ed31044a3a22be7d20c525a32.png", "aux": "aux_9d75bc9ed31044a3a22be7d20c525a32.npz", "visibility": "visibility_9d75bc9ed31044a3a22be7d20c525a32.png", "pose": [[-0.35960960388183594, -0.9331028461456299, 0.0, 1321.2762451171875], [0.9331028461456299, -0.35960960388183594, 0.0, 1043.154296875], [0.0, 0.0, 1.0, 0.0], [0.0, 0.0, 0.0, 1.0]], "pose_inverse": [[-0.35960960388183594, 0.9331028461456299, 0.0, -498.2266540527344], [-0.9331028461456299, -0.35960960388183594, 0.0, 1608.014892578125], [0.0, 0.0, 1.0, 0.0], [0.0, 0.0, 0.0, 1.0]], "cam_ids": [0, 1, 2, 3, 4, 5], "cam_channels": ["CAM_FRONT_LEFT", "CAM_FRONT", "CAM_FRONT_RIGHT", "CAM_BACK_LEFT", "CAM_BACK", "CAM_BACK_RIGHT"], "token": "9d75bc9ed31044a3a22be7d20c525a32", "scene": "scene-0589"}, {"images": ["samples/CAM_FRONT_LEFT/n008-2018-09-18-13-41-50-0400__CAM_FRONT_LEFT__1537292775654799.jpg", "samples/CAM_FRONT/n008-2018-09-18-13-41-50-0400__CAM_FRONT__1537292775662404.jpg", "samples/CAM_FRONT_RIGHT/n008-2018-09-18-13-41-50-0400__CAM_FRONT_RIGHT__1537292775670482.jpg", "samples/CAM_BACK_LEFT/n008-2018-09-18-13-41-50-0400__CAM_BACK_LEFT__1537292775697405.jpg", "samples/CAM_BACK/n008-2018-09-18-13-41-50-0400__CAM_BACK__1537292775687558.jpg", "samples/CAM_BACK_RIGHT/n008-2018-09-18-13-41-50-0400__CAM_BACK_RIGHT__1537292775678113.jpg"], "intrinsics": [[[1257.8625342125129, 0.0, 827.2410631095686], [0.0, 1257.8625342125129, 450.915498205774], [0.0, 0.0, 1.0]], [[1252.8131021185304, 0.0, 826.588114781398], [0.0, 1252.8131021185304, 469.9846626224581], [0.0, 0.0, 1.0]], [[1256.7485116440405, 0.0, 817.7887570959712], [0.0, 1256.7485116440403, 451.9541780095127], [0.0, 0.0, 1.0]], [[1254.9860565800168, 0.0, 829.5769333630991], [0.0, 1254.9860565800168, 467.1680561863987], [0.0, 0.0, 1.0]], [[796.8910634503094, 0.0, 857.7774326863696], [0.0, 796.8910634503094, 476.8848988407415], [0.0, 0.0, 1.0]], [[1249.9629280788233, 0.0, 825.3768045375984], [0.0, 1249.9629280788233, 462.54816385708756], [0.0, 0.0, 1.0]]], "extrinsics": [[[0.8262966871261597, -0.5611468553543091, 0.04845556244254112, -0.772705078125], [0.04448176920413971, -0.020746823400259018, -0.9987947344779968, 1.5008201599121094], [0.5614758729934692, 0.8274562358856201, 0.007817772217094898, -1.172607421875], [0.0, 0.0, 0.0, 1.0]], [[0.016643594950437546, -0.9995354413986206, 0.025531001389026642, 0.0074462890625], [0.046257972717285156, -0.024737440049648285, -0.9986231923103333, 1.491058349609375], [0.9987907409667969, 0.017801648005843163, 0.04582476615905762, -1.498291015625], [0.0, 0.0, 0.0, 1.0]], [[-0.8404264450073242, -0.5412273406982422, -0.027498267590999603, 0.932891845703125], [0.05410044267773628, -0.033303432166576385, -0.9979799389839172, 1.5031280517578125], [0.5392182469367981, -0.8402165174484253, 0.057269733399152756, -1.1781005859375], [0.0, 0.0, 0.0, 1.0]], [[0.9475368857383728, 0.3189844489097595, 0.020561790093779564, -1.1246337890625], [0.027656497433781624, -0.017727691680192947, -0.9994602799415588, 1.5626029968261719], [-0.3184477686882019, 0.947594165802002, -0.025619633495807648, -0.16259765625], [0.0, 0.0, 0.0, 1.0]], [[0.0076260496862232685, 0.9996491074562073, -0.02536453865468502, -0.027587890625], [0.030262375250458717, -0.025584371760487556, -0.9992144703865051, 1.5705146789550781], [-0.9995129108428955, 0.0068524121306836605, -0.030446864664554596, -0.03692626953125], [0.0, 0.0, 0.0, 1.0]], [[-0.9241284728050232, 0.37870848178863525, -0.05065881460905075, 1.0318603515625], [0.03488236293196678, -0.04840864986181259, -0.9982183575630188, 1.5526351928710938], [-0.38048601150512695, -0.9242491126060486, 0.031525567173957825, -0.09765625], [0.0, 0.0, 0.0, 1.0]]], "view": [[0.0, -2.0, 100.0], [-2.0, 0.0, 100.0], [0.0, 0.0, 1.0]], "bev": "bev_5f398cc04c3341e4b0757c7b8190e88f.png", "aux": "aux_5f398cc04c3341e4b0757c7b8190e88f.npz", "visibility": "visibility_5f398cc04c3341e4b0757c7b8190e88f.png", "pose": [[-0.2592181861400604, -0.9658187627792358, 0.0, 1320.306396484375], [0.9658187627792358, -0.2592181861400604, 0.0, 1046.1239013671875], [0.0, 0.0, 1.0, 0.0], [0.0, 0.0, 0.0, 1.0]], "pose_inverse": [[-0.2592181861400604, 0.9658187627792358, 0.0, -668.1187133789062], [-0.9658187627792358, -0.2592181861400604, 0.0, 1546.35107421875], [0.0, 0.0, 1.0, 0.0], [0.0, 0.0, 0.0, 1.0]], "cam_ids": [0, 1, 2, 3, 4, 5], "cam_channels": ["CAM_FRONT_LEFT", "CAM_FRONT", "CAM_FRONT_RIGHT", "CAM_BACK_LEFT", "CAM_BACK", "CAM_BACK_RIGHT"], "token": "5f398cc04c3341e4b0757c7b8190e88f", "scene": "scene-0589"}, {"images": ["samples/CAM_FRONT_LEFT/n008-2018-09-18-13-41-50-0400__CAM_FRONT_LEFT__1537292776154799.jpg", "samples/CAM_FRONT/n008-2018-09-18-13-41-50-0400__CAM_FRONT__1537292776162404.jpg", "samples/CAM_FRONT_RIGHT/n008-2018-09-18-13-41-50-0400__CAM_FRONT_RIGHT__1537292776170482.jpg", "samples/CAM_BACK_LEFT/n008-2018-09-18-13-41-50-0400__CAM_BACK_LEFT__1537292776197405.jpg", "samples/CAM_BACK/n008-2018-09-18-13-41-50-0400__CAM_BACK__1537292776187558.jpg", "samples/CAM_BACK_RIGHT/n008-2018-09-18-13-41-50-0400__CAM_BACK_RIGHT__1537292776178113.jpg"], "intrinsics": [[[1257.8625342125129, 0.0, 827.2410631095686], [0.0, 1257.8625342125129, 450.915498205774], [0.0, 0.0, 1.0]], [[1252.8131021185304, 0.0, 826.588114781398], [0.0, 1252.8131021185304, 469.9846626224581], [0.0, 0.0, 1.0]], [[1256.7485116440405, 0.0, 817.7887570959712], [0.0, 1256.7485116440403, 451.9541780095127], [0.0, 0.0, 1.0]], [[1254.9860565800168, 0.0, 829.5769333630991], [0.0, 1254.9860565800168, 467.1680561863987], [0.0, 0.0, 1.0]], [[796.8910634503094, 0.0, 857.7774326863696], [0.0, 796.8910634503094, 476.8848988407415], [0.0, 0.0, 1.0]], [[1249.9629280788233, 0.0, 825.3768045375984], [0.0, 1249.9629280788233, 462.54816385708756], [0.0, 0.0, 1.0]]], "extrinsics": [[[0.827312171459198, -0.5616862177848816, 0.007942663505673409, -0.763427734375], [0.007403156254440546, -0.0032361154444515705, -0.9999673962593079, 1.490462303161621], [0.561693549156189, 0.8273440599441528, 0.0014809729764238, -1.16741943359375], [0.0, 0.0, 0.0, 1.0]], [[0.017280200496315956, -0.9998219013214111, 0.0075815534219145775, 0.008544921875], [0.009544940665364265, -0.007417379878461361, -0.9999269247055054, 1.4825057983398438], [0.9998050928115845, 0.017351293936371803, 0.009415067732334137, -1.4886474609375], [0.0, 0.0, 0.0, 1.0]], [[-0.840990424156189, -0.5410130620002747, -0.006323782727122307, 0.9262466430664062], [0.017895719036459923, -0.016133027151226997, -0.9997096657752991, 1.4965476989746094], [0.5407540202140808, -0.8408594131469727, 0.023249540477991104, -1.1728515625], [0.0, 0.0, 0.0, 1.0]], [[0.9476945996284485, 0.3191169798374176, -0.00626674760133028, -1.12139892578125], [-0.006253008730709553, -0.0010675648227334023, -0.9999798536300659, 1.5618953704833984], [-0.3191172182559967, 0.9477146863937378, 0.0009837144752964377, -0.16357421875], [0.0, 0.0, 0.0, 1.0]], [[0.0068199108354747295, 0.9999396204948425, -0.008621902205049992, -0.0279541015625], [-0.004680076614022255, -0.00859009101986885, -0.9999521374702454, 1.5676541328430176], [-0.9999657869338989, 0.006859920918941498, 0.00462121004238724