[{"images": ["samples/CAM_FRONT_LEFT/n008-2018-08-01-15-16-36-0400__CAM_FRONT_LEFT__1533151709504799.jpg", "samples/CAM_FRONT/n008-2018-08-01-15-16-36-0400__CAM_FRONT__1533151709512404.jpg", "samples/CAM_FRONT_RIGHT/n008-2018-08-01-15-16-36-0400__CAM_FRONT_RIGHT__1533151709520482.jpg", "samples/CAM_BACK_LEFT/n008-2018-08-01-15-16-36-0400__CAM_BACK_LEFT__1533151709547405.jpg", "samples/CAM_BACK/n008-2018-08-01-15-16-36-0400__CAM_BACK__1533151709537558.jpg", "samples/CAM_BACK_RIGHT/n008-2018-08-01-15-16-36-0400__CAM_BACK_RIGHT__1533151709528113.jpg"], "intrinsics": [[[1257.8625342125129, 0.0, 827.2410631095686], [0.0, 1257.8625342125129, 450.915498205774], [0.0, 0.0, 1.0]], [[1252.8131021185304, 0.0, 826.588114781398], [0.0, 1252.8131021185304, 469.9846626224581], [0.0, 0.0, 1.0]], [[1256.7485116440405, 0.0, 817.7887570959712], [0.0, 1256.7485116440403, 451.9541780095127], [0.0, 0.0, 1.0]], [[1254.9860565800168, 0.0, 829.5769333630991], [0.0, 1254.9860565800168, 467.1680561863987], [0.0, 0.0, 1.0]], [[796.8910634503094, 0.0, 857.7774326863696], [0.0, 796.8910634503094, 476.8848988407415], [0.0, 0.0, 1.0]], [[1249.9629280788233, 0.0, 825.3768045375984], [0.0, 1249.9629280788233, 462.54816385708756], [0.0, 0.0, 1.0]]], "extrinsics": [[[0.821391761302948, -0.5703584551811218, -0.00262656481936574, -0.7828445434570312], [0.018939562141895294, 0.03187742084264755, -0.9993123412132263, 1.4932327270507812], [0.5700499415397644, 0.8207770586013794, 0.03698619082570076, -1.1842041015625], [0.0, 0.0, 0.0, 1.0]], [[0.008814091794192791, -0.999580442905426, -0.027591267600655556, 0.0106201171875], [0.020918404683470726, 0.027770616114139557, -0.999395489692688, 1.4846572875976562], [0.9997422695159912, 0.008231587707996368, 0.02115440182387829, -1.5155029296875], [0.0, 0.0, 0.0, 1.0]], [[-0.8443607091903687, -0.5346516370773315, -0.0346771664917469, 0.9501953125], [0.028963519260287285, 0.019079046323895454, -0.9993983507156372, 1.4978828430175781], [0.5349916219711304, -0.8448570966720581, -0.0006242032977752388, -1.185546875], [0.0, 0.0, 0.0, 1.0]], [[0.9477975964546204, 0.3185577988624573, 0.014161617495119572, -1.147705078125], [0.003415921702980995, 0.034265730530023575, -0.9994069337844849, 1.5620193481445312], [-0.31885412335395813, 0.9472838640213013, 0.03138881176710129, -0.1552734375], [0.0, 0.0, 0.0, 1.0]], [[0.0094770397990942, 0.9995954632759094, 0.026814959943294525, -0.029296875], [0.005654064938426018, 0.026762166991829872, -0.9996258020401001, 1.5683631896972656], [-0.9999391436576843, 0.009625101462006569, -0.005398152396082878, -0.01458740234375], [0.0, 0.0, 0.0, 1.0]], [[-0.9233114123344421, 0.38397735357284546, -0.00757359154522419, 1.0498046875], [0.009880299679934978, 0.004035219084471464, -0.9999430775642395, 1.5489826202392578], [-0.3839249014854431, -0.9233335852622986, -0.007519575301557779, -0.0875244140625], [0.0, 0.0, 0.0, 1.0]]], "view": [[0.0, -2.0, 100.0], [-2.0, 0.0, 100.0], [0.0, 0.0, 1.0]], "bev": "bev_04ebf63518914e0883bdffdb0b6c3f4c.png", "aux": "aux_04ebf63518914e0883bdffdb0b6c3f4c.npz", "visibility": "visibility_04ebf63518914e0883bdffdb0b6c3f4c.png", "pose": [[0.9979032874107361, 0.06472231447696686, 0.0, 995.0057983398438], [-0.06472231447696686, 0.9979032874107361, 0.0, 1375.5599365234375], [0.0, 0.0, 1.0, 0.0], [0.0, 0.0, 0.0, 1.0]], "pose_inverse": [[0.9979032874107361, -0.06472231447696686, 0.0, -903.89013671875], [0.06472231447696686, 0.9979032874107361, 0.0, -1437.074951171875], [0.0, 0.0, 1.0, 0.0], [0.0, 0.0, 0.0, 1.0]], "cam_ids": [0, 1, 2, 3, 4, 5], "cam_channels": ["CAM_FRONT_LEFT", "CAM_FRONT", "CAM_FRONT_RIGHT", "CAM_BACK_LEFT", "CAM_BACK", "CAM_BACK_RIGHT"], "token": "04ebf63518914e0883bdffdb0b6c3f4c", "scene": "scene-0106"}, {"images": ["samples/CAM_FRONT_LEFT/n008-2018-08-01-15-16-36-0400__CAM_FRONT_LEFT__1533151710004799.jpg", "samples/CAM_FRONT/n008-2018-08-01-15-16-36-0400__CAM_FRONT__1533151710012404.jpg", "samples/CAM_FRONT_RIGHT/n008-2018-08-01-15-16-36-0400__CAM_FRONT_RIGHT__1533151710020482.jpg", "samples/CAM_BACK_LEFT/n008-2018-08-01-15-16-36-0400__CAM_BACK_LEFT__1533151710047451.jpg", "samples/CAM_BACK/n008-2018-08-01-15-16-36-0400__CAM_BACK__1533151710037558.jpg", "samples/CAM_BACK_RIGHT/n008-2018-08-01-15-16-36-0400__CAM_BACK_RIGHT__1533151710028113.jpg"], "intrinsics": [[[1257.8625342125129, 0.0, 827.2410631095686], [0.0, 1257.8625342125129, 450.915498205774], [0.0, 0.0, 1.0]], [[1252.8131021185304, 0.0, 826.588114781398], [0.0, 1252.8131021185304, 469.9846626224581], [0.0, 0.0, 1.0]], [[1256.7485116440405, 0.0, 817.7887570959712], [0.0, 1256.7485116440403, 451.9541780095127], [0.0, 0.0, 1.0]], [[1254.9860565800168, 0.0, 829.5769333630991], [0.0, 1254.9860565800168, 467.1680561863987], [0.0, 0.0, 1.0]], [[796.8910634503094, 0.0, 857.7774326863696], [0.0, 796.8910634503094, 476.8848988407415], [0.0, 0.0, 1.0]], [[1249.9629280788233, 0.0, 825.3768045375984], [0.0, 1249.9629280788233, 462.54816385708756], [0.0, 0.0, 1.0]]], "extrinsics": [[[0.8212589621543884, -0.5705221891403198, -0.006178056355565786, -0.7780780792236328], [0.015757644549012184, 0.033504266291856766, -0.9993143677711487, 1.4925765991210938], [0.5703380107879639, 0.8205984830856323, 0.036505766212940216, -1.1778564453125], [0.0, 0.0, 0.0, 1.0]], [[0.008517381735146046, -0.9995402693748474, -0.029097093269228935, 0.008544921875], [0.01802673749625683, 0.029246902093291283, -0.9994096755981445, 1.4841804504394531], [0.9998012185096741, 0.007987827062606812, 0.01826755702495575, -1.51007080078125], [0.0, 0.0, 0.0, 1.0]], [[-0.8445432186126709, -0.5344573259353638, -0.03319687768816948, 0.9462890625], [0.026378655806183815, 0.020395459607243538, -0.9994439482688904, 1.4975776672363281], [0.5348371863365173, -0.8449493050575256, -0.0031265791039913893, -1.18511962890625], [0.0, 0.0, 0.0, 1.0]], [[0.9478026628494263, 0.3185974955558777, 0.012873008847236633, -1.148681640625], [0.0019275227095931768, 0.03464667871594429, -0.9993977546691895, 1.5620231628417969], [-0.31885161995887756, 0.9472567439079285, 0.03222411125898361, -0.154541015625], [0.0, 0.0, 0.0, 1.0]], [[0.009569238871335983, 0.9995747208595276, 0.027546163648366928, -0.0286865234375], [0.003751093288883567, 0.027511348947882652, -0.999614417552948, 1.5682754516601562], [-0.9999472498893738, 0.009668870829045773, -0.003486235626041889, -0.0152587890625], [0.0, 0.0, 0.0, 1.0]], [[-0.9232812523841858, 0.38409119844436646, -0.0050614322535693645, 1.0482177734375], [0.0076302420347929, 0.00516451196745038, -0.9999575614929199, 1.5487337112426758], [-0.384048730134964, -0.9232807159423828, -0.007699005305767059, -0.0897216796875], [0.0, 0.0, 0.0, 1.0]]], "view": [[0.0, -2.0, 100.0], [-2.0, 0.0, 100.0], [0.0, 0.0, 1.0]], "bev": "bev_99cd0464cb684d94970b3a01f53ece23.png", "aux": "aux_99cd0464cb684d94970b3a01f53ece23.npz", "visibility": "visibility_99cd0464cb684d94970b3a01f53ece23.png", "pose": [[0.9992755651473999, 0.03805685043334961, 0.0, 998.2876586914062], [-0.03805685043334961, 0.9992755651473999, 0.0, 1375.365478515625], [0.0, 0.0, 1.0, 0.0], [0.0, 0.0, 0.0, 1.0]], "pose_inverse": [[0.9992755651473999, -0.03805685043334961, 0.0, -945.222412109375], [0.03805685043334961, 0.9992755651473999, 0.0, -1412.36083984375], [0.0, 0.0, 1.0, 0.0], [0.0, 0.0, 0.0, 1.0]], "cam_ids": [0, 1, 2, 3, 4, 5], "cam_channels": ["CAM_FRONT_LEFT", "CAM_FRONT", "CAM_FRONT_RIGHT", "CAM_BACK_LEFT", "CAM_BACK", "CAM_BACK_RIGHT"], "token": "99cd0464cb684d94970b3a01f53ece23", "scene": "scene-0106"}, {"images": ["samples/CAM_FRONT_LEFT/n008-2018-08-01-15-16-36-0400__CAM_FRONT_LEFT__1533151710504799.jpg", "samples/CAM_FRONT/n008-2018-08-01-15-16-36-0400__CAM_FRONT__1533151710512404.jpg", "samples/CAM_FRONT_RIGHT/n008-2018-08-01-15-16-36-0400__CAM_FRONT_RIGHT__1533151710520482.jpg", "samples/CAM_BACK_LEFT/n008-2018-08-01-15-16-36-0400__CAM_BACK_LEFT__1533151710547405.jpg", "samples/CAM_BACK/n008-2018-08-01-15-16-36-0400__CAM_BACK__1533151710537558.jpg", "samples/CAM_BACK_RIGHT/n008-2018-08-01-15-16-36-0400__CAM_BACK_RIGHT__1533151710528113.jpg"], "intrinsics": [[[1257.8625342125129, 0.0, 827.2410631095686], [0.0, 1257.8625342125129, 450.915498205774], [0.0, 0.0, 1.0]], [[1252.8131021185304, 0.0, 826.588114781398], [0.0, 1252.8131021185304, 469.9846626224581], [0.0, 0.0, 1.0]], [[1256.7485116440405, 0.0, 817.7887570959712], [0.0, 1256.7485116440403, 451.9541780095127], [0.0, 0.0, 1.0]], [[1254.9860565800168, 0.0, 829.5769333630991], [0.0, 1254.9860565800168, 467.1680561863987], [0.0, 0.0, 1.0]], [[796.8910634503094, 0.0, 857.7774326863696], [0.0, 796.8910634503094, 476.8848988407415], [0.0, 0.0, 1.0]], [[1249.9629280788233, 0.0, 825.3768045375984], [0.0, 1249.9629280788233, 462.54816385708756], [0.0, 0.0, 1.0]]], "extrinsics": [[[0.8217908143997192, -0.5697856545448303, -0.0020493469201028347, -0.7672939300537109], [0.01945597305893898, 0.03165518864989281, -0.9993094801902771, 1.4936981201171875], [0.5694571137428284, 0.8211835026741028, 0.037099678069353104, -1.174560546875], [0.0, 0.0, 0.0, 1.0]], [[0.009320531971752644, -0.9995849132537842, -0.027259761467576027, 0.0115966796875], [0.021383143961429596, 0.02745394967496395, -0.9993943572044373, 1.4850845336914062], [0.9997277855873108, 0.00873198639601469, 0.02163015492260456, -1.49951171875], [0.0, 0.0, 0.0, 1.0]], [[-0.8441634774208069, -0.5349550843238831, -0.0348002091050148, 0.939697265625], [0.029371481388807297, 0.018664732575416565, -0.9993942975997925, 1.4983253479003906], [0.5352805852890015, -0.8446742296218872, -4.365850691101514e-05, -1.177734375], [0.0, 0.0, 0.0, 1.0]], [[0.9477882385253906, 0.31857815384864807, 0.014330851845443249, -1.1458740234375], [0.003785498207435012, 0.03369584307074547, -0.9994249939918518, 1.5620155334472656], [-0.3188778758049011, 0.9472975134849548, 0.030730552971363068, -0.15582275390625], [0.0, 0.0, 0.0, 1.0]], [[0.00934914592653513, 0.9996115565299988, 0.026253079995512962, -0.0296630859375], [0.005983011797070503, 0.02619783580303192, -0.9996388554573059, 1.5684165954589844], [-0.9999383091926575, 0.009502843022346497, -0.0057357619516551495, -0.02056884765625], [0.0, 0.0, 0.0, 1.0]], [[-0.923400342464447, 0.38375309109687805, -0.00808651652187109, 1.0404052734375], [0.010230005718767643, 0.0035448544658720493, -0.9999414086341858, 1.5491266250610352], [-0.3837019205093384, -0.9234288334846497, -0.007199115119874477, -0.0909423828125], [0.0, 0.0, 0.0, 1.0]]], "view": [[0.0, -2.0, 100.0], [-2.0, 0.0, 100.0], [0.0, 0.0, 1.0]], "bev": "bev_22dab782087e453c9281a752f2189c5a.png", "aux": "aux_22dab782087e453c9281a752f2189c5a.npz", "visibility": "visibility_22dab782087e453c9281a752f2189c5a.png", "pose": [[0.9999107122421265, 0.013361305929720402, 0.0, 1001.6014404296875], [-0.013361305929720402, 0.9999107122421265, 0.0, 1375.248291015625], [0.0, 0.0, 1.0, 0.0], [0.0, 0.0, 0.0, 1.0]], "pose_inverse": [[0.9999107122421265, -0.013361305929720402, 0.0, -983.1369018554688], [0.013361305929720402, 0.9999107122421265, 0.0, -1388.5081787109375], [0.0, 0.0, 1.0, 0.0], [0.0, 0.0, 0.0, 1.0]], "cam_ids": [0, 1, 2, 3, 4, 5], "cam_channels": ["CAM_FRONT_LEFT", "CAM_FRONT", "CAM_FRONT_RIGHT", "CAM_BACK_LEFT", "CAM_BACK", "CAM_BACK_RIGHT"], "token": "22dab782087e453c9281a752f2189c5a", "scene": "scene-0106"}, {"images": ["samples/CAM_FRONT_LEFT/n008-2018-08-01-15-16-36-0400__CAM_FRONT_LEFT__1533151711004799.jpg", "samples/CAM_FRONT/n008-2018-08-01-15-16-36-0400__CAM_FRONT__1533151711012404.jpg", "samples/CAM_FRONT_RIGHT/n008-2018-08-01-15-16-36-0400__CAM_FRONT_RIGHT__1533151711020482.jpg", "samples/CAM_BACK_LEFT/n008-2018-08-01-15-16-36-0400__CAM_BACK_LEFT__1533151711047405.jpg", "samples/CAM_BACK/n008-2018-08-01-15-16-36-0400__CAM_BACK__1533151711037558.jpg", "samples/CAM_BACK_RIGHT/n008-2018-08-01-15-16-36-0400__CAM_BACK_RIGHT__1533151711028113.jpg"], "intrinsics": [[[1257.8625342125129, 0.0, 827.2410631095686], [0.0, 1257.8625342125129, 450.915498205774], [0.0, 0.0, 1.0]], [[1252.8131021185304, 0.0, 826.588114781398], [0.0, 1252.8131021185304, 469.9846626224581], [0.0, 0.0, 1.0]], [[1256.7485116440405, 0.0, 817.7887570959712], [0.0, 1256.7485116440403, 451.9541780095127], [0.0, 0.0, 1.0]], [[1254.9860565800168, 0.0, 829.5769333630991], [0.0, 1254.9860565800168, 467.1680561863987], [0.0, 0.0, 1.0]], [[796.8910634503094, 0.0, 857.7774326863696], [0.0, 796.8910634503094, 476.8848988407415], [0.0, 0.0, 1.0]], [[1249.9629280788233, 0.0, 825.3768045375984], [0.0, 1249.9629280788233, 462.54816385708756], [0.0, 0.0, 1.0]]], "extrinsics": [[[0.820796549320221, -0.5711377263069153, -0.00973585993051529, -0.7585563659667969], [0.011897236108779907, 0.03413310647010803, -0.9993464350700378, 1.4917869567871094], [0.5710968375205994, 0.8201442360877991, 0.034811291843652725, -1.164306640625], [0.0, 0.0, 0.0, 1.0]], [[0.007819009944796562, -0.999516487121582, -0.030094780027866364, 0.0087890625], [0.013651703484356403, 0.030199594795703888, -0.9994506239891052, 1.4835014343261719], [0.9998762011528015, 0.007403868716210127, 0.013881231658160686, -1.487060546875], [0.0, 0.0, 0.0, 1.0]], [[-0.8449202179908752, -0.5340657234191895, -0.029727455228567123, 0.9287109375], [0.021457817405462265, 0.02168922685086727, -0.9995344281196594, 1.4971733093261719], [0.5344619750976562, -0.8451647162437439, -0.006865779869258404, -1.1737060546875], [0.0, 0.0, 0.0, 1.0]], [[0.9478455185890198, 0.3186376392841339, 0.007672616746276617, -1.1395263671875], [-0.004472102038562298, 0.03736546263098717, -0.9992916584014893, 1.5619964599609375], [-0.3186986744403839, 0.9471397399902344, 0.03684166818857193, -0.1583251953125], [0.0, 0.0, 0.0, 1.0]], [[0.009862340986728668, 0.9995118379592896, 0.029646016657352448, -0.0286865234375], [-0.0021761420648545027, 0.029668839648365974, -0.999557375907898, 1.5678825378417969], [-0.9999489188194275, 0.009793458506464958, 0.0024676842149347067, -0.0291748046875], [0.0, 0.0, 0.0, 1.0]], [[-0.9231820106506348, 0.3843626081943512, 0.0005810501170344651, 1.03179931640625], [0.0022016000002622604, 0.006799602415412664, -0.9999744892120361, 1.548111915588379], [-0.38435670733451843, -0.9231570959091187, -0.00712348148226738, -0.0960693359375], [0.0, 0.0, 0.0, 1.0]]], "view": [[0.0, -2.0, 100.0], [-2.0, 0.0, 100.0], [0.0, 0.0, 1.0]], "bev": "bev_5e10fe792690427ebf26e32eba6281dd.png", "aux": "aux_5e10fe792690427ebf26e32eba6281dd.npz", "visibility": "visibility_5e10fe792690427ebf26e32eba6281dd.png", "pose": [[0.9999061822891235, -0.013696958310902119, 0.0, 1005.0247192382812], [0.013696958310902119, 0.9999061822891235, 0.0, 1375.2122802734375], [0.0, 0.0, 1.0, 0.0], [0.0, 0.0, 0.0, 1.0]], "pose_inverse": [[0.9999061822891235, 0.013696958310902119, 0.0, -1023.7666625976562], [-0.013696958310902119, 0.9999061822891235, 0.0, -1361.3175048828125], [0.0, 0.0, 1.0, 0.0], [0.0, 0.0, 0.0, 1.0]], "cam_ids": [0, 1, 2, 3, 4, 5], "cam_channels": ["CAM_FRONT_LEFT", "CAM_FRONT", "CAM_FRONT_RIGHT", "CAM_BACK_LEFT", "CAM_BACK", "CAM_BACK_RIGHT"], "token": "5e10fe792690427ebf26e32eba6281dd", "scene": "scene-0106"}, {"images": ["samples/CAM_FRONT_LEFT/n008-2018-08-01-15-16-36-0400__CAM_FRONT_LEFT__1533151711404799.jpg", "samples/CAM_FRONT/n008-2018-08-01-15-16-36-0400__CAM_FRONT__1533151711412404.jpg", "samples/CAM_FRONT_RIGHT/n008-2018-08-01-15-16-36-0400__CAM_FRONT_RIGHT__1533151711420482.jpg", "samples/CAM_BACK_LEFT/n008-2018-08-01-15-16-36-0400__CAM_BACK_LEFT__1533151711447405.jpg", "samples/CAM_BACK/n008-2018-08-01-15-16-36-0400__CAM_BACK__1533151711437558.jpg", "samples/CAM_BACK_RIGHT/n008-2018-08-01-15-16-36-0400__CAM_BACK_RIGHT__1533151711428113.jpg"], "intrinsics": [[[1257.8625342125129, 0.0, 827.2410631095686], [0.0, 1257.8625342125129, 450.915498205774], [0.0, 0.0, 1.0]], [[1252.8131021185304, 0.0, 826.588114781398], [0.0, 1252.8131021185304, 469.9846626224581], [0.0, 0.0, 1.0]], [[1256.7485116440405, 0.0, 817.7887570959712], [0.0, 1256.7485116440403, 451.9541780095127], [0.0, 0.0, 1.0]], [[1254.9860565800168, 0.0, 829.5769333630991], [0.0, 1254.9860565800168, 467.1680561863987], [0.0, 0.0, 1.0]], [[796.8910634503094, 0.0, 857.7774326863696], [0.0, 796.8910634503094, 476.8848988407415], [0.0, 0.0, 1.0]], [[1249.9629280788233, 0.0, 825.3768045375984], [0.0, 1249.9629280788233, 462.54816385708756], [0.0, 0.0, 1.0]]], "extrinsics": [[[0.8200275301933289, -0.572311282157898, -0.003842228790745139, -0.7616958618164062], [0.016876384615898132, 0.030890442430973053, -0.9993802905082703, 1.493194580078125], [0.572075366973877, 0.8194544911384583, 0.034989554435014725, -1.1666259765625], [0.0, 0.0, 0.0, 1.0]], [[0.006602527108043432, -0.9996272325515747, -0.02649436704814434, 0.0086669921875], [0.018775396049022675, 0.026614198461174965, -0.9994694590568542, 1.4846534729003906], [0.9998019337654114, 0.006101584527641535, 0.018944118171930313, -1.492919921875], [0.0, 0.0, 0.0, 1.0]], [[-0.8454248309135437, -0.5331308841705322, -0.032068103551864624, 0.933837890625], [0.026728618890047073, 0.017734041437506676, -0.9994853734970093, 1.4980278015136719], [0.5334252119064331, -0.8458468914031982, -0.0007429483230225742, -1.17718505859375], [0.0, 0.0, 0.0, 1.0]], [[0.9480357766151428, 0.31796330213546753, 0.011295575648546219, -1.1412353515625], [0.0010481014614924788, 0.03238111734390259, -0.9994750618934631, 1.5620346069335938], [-0.3181621730327606, 0.9475498795509338, 0.030365198850631714, -0.15716552734375], [0.0, 0.0, 0.0, 1.0]], [[0.010658591985702515, 0.999627947807312, 0.02510896697640419, -0.0283203125], [0.003292534500360489, 0.025075173005461693, -0.9996801018714905, 1.5682868957519531], [-0.9999377727508545, 0.010737856850028038, -0.003024044446647167, -0.0255126953125], [0.0, 0.0, 0.0, 1.0]], [[-0.9227398037910461, 0.3853767514228821, -0.005999514367431402, 1.0364990234375], [0.007570665795356035, 0.002559657907113433, -0.9999680519104004, 1.548828125], [-0.3853490650653839, -0.9227557182312012, -0.00527945626527071, -0.0946044921875], [0.0, 0.0, 0.0, 1.0]]], "view": [[0.0, -2.0, 100.0], [-2.0, 0.0, 100.0], [0.0, 0.0, 1.0]], "bev": "bev_cd6b9c4674704ef6877790b0f0f95118.png", "aux": "aux_cd6b9c4674704ef6877790b0f0f95118.npz", "visibility": "visibility_cd6b9c4674704ef6877790b0f0f95118.png", "pose": [[0.9989849925041199, -0.04504451900720596, 0.0, 1007.8080444335938], [0.04504451900720596, 0.9989849925041199, 0.0, 1375.2777099609375], [0.0, 0.0, 1.0, 0.0], [0.0, 0.0, 0.0, 1.0]], "pose_inverse": [[0.9989849925041199, 0.04504451900720596, 0.0, -1068.7337646484375], [-0.04504451900720596, 0.9989849925041199, 0.0, -1328.485595703125], [0.0, 0.0, 1.0, 0.0], [0.0, 0.0, 0.0, 1.0]], "cam_ids": [0, 1, 2, 3, 4, 5], "cam_channels": ["CAM_FRONT_LEFT", "CAM_FRONT", "CAM_FRONT_RIGHT", "CAM_BACK_LEFT", "CAM_BACK", "CAM_BACK_RIGHT"], "token": "cd6b9c4674704ef6877790b0f0f95118", "scene": "scene-0106"}, {"images": ["samples/CAM_FRONT_LEFT/n008-2018-08-01-15-16-36-0400__CAM_FRONT_LEFT__1533151711904799.jpg", "samples/CAM_FRONT/n008-2018-08-01-15-16-36-0400__CAM_FRONT__1533151711912404.jpg", "samples/CAM_FRONT_RIGHT/n008-2018-08-01-15-16-36-0400__CAM_FRONT_RIGHT__1533151711920482.jpg", "samples/CAM_BACK_LEFT/n008-2018-08-01-15-16-36-0400__CAM_BACK_LEFT__1533151711947405.jpg", "samples/CAM_BACK/n008-2018-08-01-15-16-36-0400__CAM_BACK__1533151711937558.jpg", "samples/CAM_BACK_RIGHT/n008-2018-08-01-15-16-36-0400__CAM_BACK_RIGHT__1533151711928113.jpg"], "intrinsics": [[[1257.8625342125129, 0.0, 827.2410631095686], [0.0, 1257.8625342125129, 450.915498205774], [0.0, 0.0, 1.0]], [[1252.8131021185304, 0.0, 826.588114781398], [0.0, 1252.8131021185304, 469.9846626224581], [0.0, 0.0, 1.0]], [[1256.7485116440405, 0.0, 817.7887570959712], [0.0, 1256.7485116440403, 451.9541780095127], [0.0, 0.0, 1.0]], [[1254.9860565800168, 0.0, 829.5769333630991], [0.0, 1254.9860565800168, 467.1680561863987], [0.0, 0.0, 1.0]], [[796.8910634503094, 0.0, 857.7774326863696], [0.0, 796.8910634503094, 476.8848988407415], [0.0, 0.0, 1.0]], [[1249.9629280788233, 0.0, 825.3768045375984], [0.0, 1249.9629280788233, 462.54816385708756], [0.0, 0.0, 1.0]]], "extrinsics": [[[0.8216111063957214, -0.5700263381004333, -0.005019241012632847, -0.7537841796875], [0.01103071216493845, 0.02470124512910843, -0.9996340274810791, 1.4915428161621094], [0.5699416399002075, 0.8212550282478333, 0.026582615450024605, -1.1636962890625], [0.0, 0.0, 0.0, 1.0]], [[0.009089441038668156, -0.9997499585151672, -0.020430661737918854, 0.0108642578125], [0.01291575189679861, 0.020547177642583847, -0.9997054934501648, 1.4833106994628906], [0.9998752474784851, 0.00882288534194231, 0.01309928484261036, -1.4859619140625], [0.0, 0.0, 0.0, 1.0]], [[-0.844375491142273, -0.5352165102958679, -0.02394437976181507, 0.9302978515625], [0.020865019410848618, 0.01180753018707037, -0.9997125864028931, 1.4970359802246094], [0.5353454351425171, -0.8446323871612549, 0.0011973136570304632, -1.172698974609375], [0.0, 0.0, 0.0, 1.0]], [[0.9478635191917419, 0.3186504542827606, 0.004053236450999975, -1.1419677734375], [-0.004684863146394491, 0.02665102854371071, -0.9996337890625, 1.5620250701904297], [-0.31864187121391296, 0.947497546672821, 0.02675437554717064, -0.15716552734375], [0.0, 0.0, 0.0, 1.0]], [[0.009487881325185299, 0.9997701048851013, 0.01922786235809326, -0.029052734375], [-0.0024881092831492424, 0.019252270460128784, -0.9998115301132202, 1.5678634643554688], [-0.9999518990516663, 0.009438247419893742, 0.002670199843123555, -0.02734375], [0.0, 0.0, 0.0, 1.0]], [[-0.9234748482704163, 0.38364776968955994, -0.0028997345361858606, 1.03253173828125], [0.00175828009378165, -0.0033259326592087746, -0.9999929070472717, 1.5480616092681885], [-0.3836546540260315, -0.9234734773635864, 0.0023968564346432686, -0.0947265625], [0.0, 0.0, 0.0, 1.0]]], "view": [[0.0, -2.0, 100.0], [-2.0, 0.0, 100.0], [0.0, 0.0, 1.0]], "bev": "bev_3865cf60faba423283e6f9057eafbfac.png", "aux": "aux_3865cf60faba423283e6f9057eafbfac.npz", "visibility": "visibility_3865cf60faba423283e6f9057eafbfac.png", "pose": [[0.9970694780349731, -0.0765010416507721, 0.0, 1011.2998657226562], [0.0765010416507721, 0.9970694780349731, 0.0, 1375.468017578125], [0.0, 0.0, 1.0, 0.0], [0.0, 0.0, 0.0, 1.0]], "pose_inverse": [[0.9970694780349731, 0.0765010416507721, 0.0, -1113.56103515625], [-0.0765010416507721, 0.9970694780349731, 0.0, -1294.07177734375], [0.0, 0.0, 1.0, 0.0], [0.0, 0.0, 0.0, 1.0]], "cam_ids": [0, 1, 2, 3, 4, 5], "cam_channels": ["CAM_FRONT_LEFT", "CAM_FRONT", "CAM_FRONT_RIGHT", "CAM_BACK_LEFT", "CAM_BACK", "CAM_BACK_RIGHT"], "token": "3865cf60faba423283e6f9057eafbfac", "scene": "scene-0106"}, {"images": ["samples/CAM_FRONT_LEFT/n008-2018-08-01-15-16-36-0400__CAM_FRONT_LEFT__1533151712404799.jpg", "samples/CAM_FRONT/n008-2018-08-01-15-16-36-0400__CAM_FRONT__1533151712412404.jpg", "samples/CAM_FRONT_RIGHT/n008-2018-08-01-15-16-36-0400__CAM_FRONT_RIGHT__1533151712420482.jpg", "samples/CAM_BACK_LEFT/n008-2018-08-01-15-16-36-0400__CAM_BACK_LEFT__1533151712447405.jpg", "samples/CAM_BACK/n008-2018-08-01-15-16-36-0400__CAM_BACK__1533151712437558.jpg", "samples/CAM_BACK_RIGHT/n008-2018-08-01-15-16-36-0400__CAM_BACK_RIGHT__1533151712428113.jpg"], "intrinsics": [[[1257.8625342125129, 0.0, 827.2410631095686], [0.0, 1257.8625342125129, 450.915498205774], [0.0, 0.0, 1.0]], [[1252.8131021185304, 0.0, 826.588114781398], [0.0, 1252.8131021185304, 469.9846626224581], [0.0, 0.0, 1.0]], [[1256.7485116440405, 0.0, 817.7887570959712], [0.0, 1256.7485116440403, 451.9541780095127], [0.0, 0.0, 1.0]], [[1254.9860565800168, 0.0, 829.5769333630991], [0.0, 1254.9860565800168, 467.1680561863987], [0.0, 0.0, 1.0]], [[796.8910634503094, 0.0, 857.7774326863696], [0.0, 796.8910634503094, 476.8848988407415], [0.0, 0.0, 1.0]], [[1249.9629280788233, 0.0, 825.3768045375984], [0.0, 1249.9629280788233, 462.54816385708756], [0.0, 0.0, 1.0]]], "extrinsics": [[[0.8219534754753113, -0.5695417523384094, 0.00384153937920928, -0.740142822265625], [0.012786303646862507, 0.011709035374224186, -0.9998496770858765, 1.4923744201660156], [0.5694111585617065, 0.8218790292739868, 0.016906613484025, -1.15234375], [0.0, 0.0, 0.0, 1.0]], [[0.009498592466115952, -0.9999284148216248, -0.007279595825821161, 0.00927734375], [0.014962712302803993, 0.007421237416565418, -0.9998605251312256, 1.4841384887695312], [0.9998429417610168, 0.009388336911797523, 0.015032131224870682, -1.46875], [0.0, 0.0, 0.0, 1.0]], [[-0.8441964387893677, -0.5357033014297485, -0.018825504928827286, 0.9161376953125], [0.023218516260385513, -0.001457112724892795, -0.999729335308075, 1.497884750366211], [0.5355308055877686, -0.8444051146507263, 0.013668323867022991, -1.165740966796875], [0.0, 0.0, 0.0, 1.0]], [[0.9478722810745239, 0.31863975524902344, 0.0026264924090355635, -1.1351318359375], [-0.001522062928415835, 0.012769894674420357, -0.9999172687530518, 1.5620269775390625], [-0.31864696741104126, 0.9477899074554443, 0.012589219026267529, -0.15911865234375], [0.0, 0.0, 0.0, 1.0]], [[0.009383120574057102, 0.9999397993087769, 0.00569505337625742, -0.0284423828125], [0.000376989075448364, 0.005691767204552889, -0.9999836683273315, 1.5680904388427734], [-0.999955952167511, 0.00938511174172163, -0.0003235602634958923, -0.03759765625], [0.0, 0.0, 0.0, 1.0]], [[-0.9235208630561829, 0.38340622186660767, -0.010434011928737164, 1.02069091796875], [0.004365363158285618, -0.016694966703653336, -0.9998511075973511, 1.5484848022460938], [-0.3835233151912689, -0.9234288334846497, 0.013744443655014038, -0.1009521484375], [0.0, 0.0, 0.0, 1.0]]], "view": [[0.0, -2.0, 100.0], [-2.0, 0.0, 100.0], [0.0, 0.0, 1.0]], "bev": "bev_830cac6f99a749d0bf708f8db07e4808.png", "aux": "aux_830cac6f99a749d0bf708f8db07e4808.npz", "visibility": "visibility_830cac6f99a749d0bf708f8db07e4808.png", "pose": [[0.9959663152694702, -0.08972809463739395, 0.0, 1014.91455078125], [0.08972809463739395, 0.9959663152694702, 0.0, 1375.740234375], [0.0, 0.0, 1.0, 0.0], [0.0, 0.0, 0.0, 1.0]], "pose_inverse": [[0.9959663152694702, 0.08972809463739395, 0.0, -1134.26318359375], [-0.08972809463739395, 0.9959663152694702, 0.0, -1279.12451171875], [0.0, 0.0, 1.0, 0.0], [0.0, 0.0, 0.0, 1.0]], "cam_ids": [0, 1, 2, 3, 4, 5], "cam_channels": ["CAM_FRONT_LEFT", "CAM_FRONT", "CAM_FRONT_RIGHT", "CAM_BACK_LEFT", "CAM_BACK", "CAM_BACK_RIGHT"], "token": "830cac6f99a749d0bf708f8db07e4808", "scene": "scene-0106"}, {"images": ["samples/CAM_FRONT_LEFT/n008-2018-08-01-15-16-36-0400__CAM_FRONT_LEFT__1533151712854799.jpg", "samples/CAM_FRONT/n008-2018-08-01-15-16-36-0400__CAM_FRONT__1533151712862404.jpg", "samples/CAM_FRONT_RIGHT/n008-2018-08-01-15-16-36-0400__CAM_FRONT_RIGHT__1533151712870585.jpg", "samples/CAM_BACK_LEFT/n008-2018-08-01-15-16-36-0400__CAM_BACK_LEFT__1533151712897405.jpg", "samples/CAM_BACK/n008-2018-08-01-15-16-36-0400__CAM_BACK__1533151712887558.jpg", "samples/CAM_BACK_RIGHT/n008-2018-08-01-15-16-36-0400__CAM_BACK_RIGHT__1533151712878113.jpg"], "intrinsics": [[[1257.8625342125129, 0.0, 827.2410631095686], [0.0, 1257.8625342125129, 450.915498205774], [0.0, 0.0, 1.0]], [[1252.8131021185304, 0.0, 826.588114781398], [0.0, 1252.8131021185304, 469.9846626224581], [0.0, 0.0, 1.0]], [[1256.7485116440405, 0.0, 817.7887570959712], [0.0, 1256.7485116440403, 451.9541780095127], [0.0, 0.0, 1.0]], [[1254.9860565800168, 0.0, 829.5769333630991], [0.0, 1254.9860565800168, 467.1680561863987], [0.0, 0.0, 1.0]], [[796.8910634503094, 0.0, 857.7774326863696], [0.0, 796.8910634503094, 476.8848988407415], [0.0, 0.0, 1.0]], [[1249.9629280788233, 0.0, 825.3768045375984], [0.0, 1249.9629280788233, 462.54816385708756], [0.0, 0.0, 1.0]]], "extrinsics": [[[0.8221855163574219, -0.5691748261451721, 0.007144680712372065, -0.7242279052734375], [0.01052936539053917, 0.00265794200822711, -0.9999410510063171, 1.4918766021728516], [0.5691222548484802, 0.8222122192382812, 0.008178371004760265, -1.1409912109375], [0.0, 0.0, 0.0, 1.0]], [[0.009755196049809456, -0.9999510645866394, 0.0016045820666477084, 0.00927734375], [0.012582632713019848, -0.0014817806659266353, -0.9999197721481323, 1.4837150573730469], [0.9998732209205627, 0.009774591773748398, 0.012567562982439995, -1.4527587890625], [0.0, 0.0, 0.0, 1.0]], [[-0.8441479802131653, -0.5359743237495422, -0.012065653689205647, 0.9061279296875], [0.02073144167661667, -0.01014594454318285, -0.999733567237854, 1.4976177215576172], [0.5357092022895813, -0.8441733121871948, 0.019676201045513153, -1.15948486328125], [0.0, 0.0, 0.0, 1.0]], [[0.9478837847709656, 0.3186092972755432, -0.002090031048282981, -1.1336669921875], [-0.0039122262969613075, 0.005079410970211029, -0.9999794363975525, 1.5619990825653076], [-0.3185921609401703, 0.9478724598884583, 0.006061163265258074, -0.15966796875], [0.0, 0.0, 0.0, 1.0]], [[0.009348848834633827, 0.9999532699584961, -0.002446118276566267, -0.0284423828125], [-0.002064883941784501, -0.002426915103569627, -0.9999948740005493, 1.5678820610046387], [-0.9999541640281677, 0.009353842586278915, 0.0020420989021658897, -0.0430908203125], [0.0, 0.0, 0.0, 1.0]], [[-0.9235841035842896, 0.3832271099090576, -0.011370474472641945, 1.011962890625], [0.001865531550720334, -0.02516491524875164, -0.9996815919876099, 1.548126220703125], [-0.38339120149612427, -0.9233112931251526, 0.022526996210217476, -0.10498046875], [0.0, 0.0, 0.0, 1.0]]], "view": [[0.0, -2.0, 100.0], [-2.0, 0.0, 100.0], [0.0, 0.0, 1.0]], "bev": "bev_ff5533eda7bd4589882a70f15d3c0e0a.png", "aux": "aux_ff5533eda7bd4589882a70f15d3c0e0a.npz", "visibility": "visibility_ff5533eda7bd4589882a70f15d3c0e0a.png", "pose": [[0.9952417612075806, -0.09743615984916687, 0.0, 1018.3125], [0.09743615984916687, 0.9952417612075806, 0.0, 1376.0333251953125], [0.0, 0.0, 1.0, 0.0], [0.0, 0.0, 0.0, 1.0]], "pose_inverse": [[0.9952417612075806, 0.09743615984916687, 0.0, -1147.5426025390625], [-0.09743615984916687, 0.9952417612075806, 0.0, -1270.265380859375], [0.0, 0.0, 1.0, 0.0], [0.0, 0.0, 0.0, 1.0]], "cam_ids": [0, 1, 2, 3, 4, 5], "cam_channels": ["CAM_FRONT_LEFT", "CAM_FRONT", "CAM_FRONT_RIGHT", "CAM_BACK_LEFT", "CAM_BACK", "CAM_BACK_RIGHT"], "token": "ff5533eda7bd4589882a70f15d3c0e0a", "scene": "scene-0106"}, {"images": ["samples/CAM_FRONT_LEFT/n008-2018-08-01-15-16-36-0400__CAM_FRONT_LEFT__1533151713354799.jpg", "samples/CAM_FRONT/n008-2018-08-01-15-16-36-0400__CAM_FRONT__1533151713362404.jpg", "samples/CAM_FRONT_RIGHT/n008-2018-08-01-15-16-36-0400__CAM_FRONT_RIGHT__1533151713370482.jpg", "samples/CAM_BACK_LEFT/n008-2018-08-01-15-16-36-0400__CAM_BACK_LEFT__1533151713397405.jpg", "samples/CAM_BACK/n008-2018-08-01-15-16-36-0400__CAM_BACK__1533151713387558.jpg", "samples/CAM_BACK_RIGHT/n008-2018-08-01-15-16-36-0400__CAM_BACK_RIGHT__1533151713378113.jpg"], "intrinsics": [[[1257.8625342125129, 0.0, 827.2410631095686], [0.0, 1257.8625342125129, 450.915498205774], [0.0, 0.0, 1.0]], [[1252.8131021185304, 0.0, 826.588114781398], [0.0, 1252.8131021185304, 469.9846626224581], [0.0, 0.0, 1.0]], [[1256.7485116440405, 0.0, 817.7887570959712], [0.0, 1256.7485116440403, 451.9541780095127], [0.0, 0.0, 1.0]], [[1254.9860565800168, 0.0, 829.5769333630991], [0.0, 1254.9860565800168, 467.1680561863987], [0.0, 0.0, 1.0]], [[796.8910634503094, 0.0, 857.7774326863696], [0.0, 796.8910634503094, 476.8848988407415], [0.0, 0.0, 1.0]], [[1249.9629280788233, 0.0, 825.3768045375984], [0.0, 1249.9629280788233, 462.54816385708756], [0.0, 0.0, 1.0]]], "extrinsics": [[[0.8218876719474792, -0.569597601890564, 0.007691474165767431, -0.722564697265625], [0.007327101193368435, -0.002930455142632127, -0.9999688863754272, 1.4908137321472168], [0.5696024298667908, 0.8219185471534729, 0.0017649952787905931, -1.1373291015625], [0.0, 0.0, 0.0, 1.0]], [[0.009364450350403786, -0.9999299645423889, 0.007229444105178118, 0.0078125], [0.009378503076732159, -0.0071416194550693035, -0.9999305605888367, 1.4828344583511353], [0.9999120831489563, 0.009431596845388412, 0.009310970082879066, -1.4500732421875], [0.0, 0.0, 0.0, 1.0]], [[-0.8443046808242798, -0.5358272790908813, -0.006218504626303911, 0.903076171875], [0.017464762553572655, -0.015917092561721802, -0.9997207522392273, 1.4969435930252075], [0.535578727722168, -0.8441776037216187, 0.02279697358608246, -1.15899658203125], [0.0, 0.0, 0.0, 1.0]], [[0.9478855729103088, 0.3185211420059204, -0.007564731873571873, -1.130615234375], [-0.007625012658536434, -0.0010575976921245456, -0.9999703764915466, 1.561936378479004], [-0.3185197114944458, 0.9479151964187622, 0.001426246832124889, -0.1605224609375], [0.0, 0.0, 0.0, 1.0]], [[0.009423446841537952, 0.9999194741249084, -0.008498279377818108, -0.02783203125], [-0.0056027499958872795, -0.008445723913609982, -0.9999485611915588, 1.5675601959228516], [-0.9999399185180664, 0.009470569901168346, 0.005522711202502251, -0.0455322265625], [0.0, 0.0, 0.0, 1.0]], [[-0.92357337474823, 0.3832782506942749, -0.010486239567399025, 1.0103759765625], [-0.001536677242256701, -0.031049000099301338, -0.9995166659355164, 1.5475578308105469], [-0.3834185302257538, -0.9231109023094177, 0.02926500514149666, -0.1064453125], [0.0, 0.0, 0.0, 1.0]]], "view": [[0.0, -2.0, 100.0], [-2.0, 0.0, 100.0], [0.0, 0.0, 1.0]], "bev": "bev_06db60bb02bb407bae46b9279c300141.png", "aux": "aux_06db60bb02bb407bae46b9279c300141.npz", "visibility": "visibility_06db60bb02bb407bae46b9279c300141.png", "pose": [[0.9942433834075928, -0.1071450486779213, 0.0, 1022.2034912109375], [0.1071450486779213, 0.9942433834075928, 0.0, 1376.4178466796875], [0.0, 0.0, 1.0, 0.0], [0.0, 0.0, 0.0, 1.0]], "pose_inverse": [[0.9942433834075928, 0.1071450486779213, 0.0, -1163.79541015625], [-0.1071450486779213, 0.9942433834075928, 0.0, -1258.9703369140625], [0.0, 0.0, 1.0, 0.0], [0.0, 0.0, 0.0, 1.0]], "cam_ids": [0, 1, 2, 3, 4, 5], "cam_channels": ["CAM_FRONT_LEFT", "CAM_FRONT", "CAM_FRONT_RIGHT", "CAM_BACK_LEFT", "CAM_BACK", "CAM_BACK_RIGHT"], "token": "06db60bb02bb407bae46b9279c300141", "scene": "scene-0106"}, {"images": ["samples/CAM_FRONT_LEFT/n008-2018-08-01-15-16-36-0400__CAM_FRONT_LEFT__1533151713854799.jpg", "samples/CAM_FRONT/n008-2018-08-01-15-16-36-0400__CAM_FRONT__1533151713862404.jpg", "samples/CAM_FRONT_RIGHT/n008-2018-08-01-15-16-36-0400__CAM_FRONT_RIGHT__1533151713870482.jpg", "samples/CAM_BACK_LEFT/n008-2018-08-01-15-16-36-0400__CAM_BACK_LEFT__1533151713897405.jpg", "samples/CAM_BACK/n008-2018-08-01-15-16-36-0400__CAM_BACK__1533151713887558.jpg", "samples/CAM_BACK_RIGHT/n008-2018-08-01-15-16-36-0400__CAM_BACK_RIGHT__1533151713878113.jpg"], "intrinsics": [[[1257.8625342125129, 0.0, 827.2410631095686], [0.0, 1257.8625342125129, 450.915498205774], [0.0, 0.0, 1.0]], [[1252.8131021185304, 0.0, 826.588114781398], [0.0, 1252.8131021185304, 469.9846626224581], [0.0, 0.0, 1.0]], [[1256.7485116440405, 0.0, 817.7887570959712], [0.0, 1256.7485116440403, 451.9541780095127], [0.0, 0.0, 1.0]], [[1254.9860565800168, 0.0, 829.5769333630991], [0.0, 1254.9860565800168, 467.1680561863987], [0.0, 0.0, 1.0]], [[796.8910634503094, 0.0, 857.7774326863696], [0.0, 796.8910634503094, 476.8848988407415], [0.0, 0.0, 1.0]], [[1249.9629280788233, 0.0, 825.3768045375984], [0.0, 1249.9629280788233, 462.54816385708756], [0.0, 0.0, 1.0]]], "extrinsics": [[[0.8216505646705627, -0.5699191689491272, 0.009077325463294983, -0.730224609375], [0.006175761576741934, -0.007023117505013943, -0.9999562501907349, 1.4903494119644165], [0.5699580311775208, 0.8216707706451416, -0.0022508655674755573, -1.138671875], [0.0, 0.0, 0.0, 1.0]], [[0.009015983901917934, -0.9998963475227356, 0.011226477101445198, 0.0050048828125], [0.008009088225662708, -0.011154365725815296, -0.9999057054519653, 1.4823641777038574], [0.999927282333374, 0.009105050005018711, 0.007907691411674023, -1.456298828125], [0.0, 0.0, 0.0, 1.0]], [[-0.8444647192955017, -0.5356037616729736, -0.002832704922184348, 0.906494140625], [0.01594589836895466, -0.01985415443778038, -0.9996756911277771, 1.4964799880981445], [0.535373866558075, -0.8442359566688538, 0.025306817144155502, -1.163482666015625], [0.0, 0.0, 0.0, 1.0]], [[0.9478818774223328, 0.3184378147125244, -0.010829616338014603, -1.1317138671875], [-0.009879452176392078, -0.004598755855113268, -0.9999406337738037, 1.5619163513183594], [-0.31846871972084045, 0.9479325413703918, -0.00121308711823076, -0.16009521484375], [0.0, 0.0, 0.0, 1.0]], [[0.00953898299485445, 0.9998800158500671, -0.012204164639115334, -0.0269775390625], [-0.007517300546169281, -0.012132668867707253, -0.9998980760574341, 1.5673942565917969], [-0.9999262094497681, 0.009629752486944199, 0.007400665432214737, -0.042724609375], [0.0, 0.0, 0.0, 1.0]], [[-0.9235067963600159, 0.3834404945373535, -0.010416274890303612, 1.0150146484375], [-0.0032057217322289944, -0.034869540482759476, -0.999386727809906, 1.5472488403320312], [-0.38356849551200867, -0.9229070544242859, 0.033431462943553925, -0.1060791015625], [0.0, 0.0, 0.0, 1.0]]], "view": [[0.0, -2.0, 100.0], [-2.0, 0.0, 100.0], [0.0, 0.0, 1.0]], "bev": "bev_a7ef3c78cb2c44a99d7286763815dc2a.png", "aux": "aux_a7ef3c78cb2c44a99d7286763815dc2a.npz", "visibility": "visibility_a7ef3c78cb2c44a99d7286763815dc2a.png", "pose": [[0.9924266338348389, -0.122838594019413, 0.0, 1025.97412109375], [0.122838594019413, 0.9924266338348389, 0.0, 1376.86181640625], [0.0, 0.0, 1.0, 0.0], [0.0, 0.0, 0.0, 1.0]], "pose_inverse": [[0.9924266338348389, 0.122838594019413, 0.0, -1187.3358154296875], [-0.122838594019413, 0.9924266338348389, 0.0, -1240.4051513671875], [0.0, 0.0, 1.0, 0.0], [0.0, 0.0, 0.0, 1.0]], "cam_ids": [0, 1, 2, 3, 4, 5], "cam_channels": ["CAM_FRONT_LEFT", "CAM_FRONT", "CAM_FRONT_RIGHT", "CAM_BACK_LEFT", "CAM_BACK", "CAM_BACK_RIGHT"], "token": "a7ef3c78cb2c44a99d7286763815dc2a", "scene": "scene-0106"}, {"images": ["samples/CAM_FRONT_LEFT/n008-2018-08-01-15-16-36-0400__CAM_FRONT_LEFT__1533151714354799.jpg", "samples/CAM_FRONT/n008-2018-08-01-15-16-36-0400__CAM_FRONT__1533151714362404.jpg", "samples/CAM_FRONT_RIGHT/n008-2018-08-01-15-16-36-0400__CAM_FRONT_RIGHT__1533151714370482.jpg", "samples/CAM_BACK_LEFT/n008-2018-08-01-15-16-36-0400__CAM_BACK_LEFT__1533151714397405.jpg", "samples/CAM_BACK/n008-2018-08-01-15-16-36-0400__CAM_BACK__1533151714387558.jpg", "samples/CAM_BACK_RIGHT/n008-2018-08-01-15-16-36-0400__CAM_BACK_RIGHT__1533151714378113.jpg"], "intrinsics": [[[1257.8625342125129, 0.0, 827.2410631095686], [0.0, 1257.8625342125129, 450.915498205774], [0.0, 0.0, 1.0]], [[1252.8131021185304, 0.0, 826.588114781398], [0.0, 1252.8131021185304, 469.9846626224581], [0.0, 0.0, 1.0]], [[1256.7485116440405, 0.0, 817.7887570959712], [0.0, 1256.7485116440403, 451.9541780095127], [0.0, 0.0, 1.0]], [[1254.9860565800168, 0.0, 829.5769333630991], [0.0, 1254.9860565800168, 467.1680561863987], [0.0, 0.0, 1.0]], [[796.8910634503094, 0.0, 857.7774326863696], [0.0, 796.8910634503094, 476.8848988407415], [0.0, 0.0, 1.0]], [[1249.9629280788233, 0.0, 825.3768045375984], [0.0, 1249.9629280788233, 462.54816385708756], [0.0, 0.0, 1.0]]], "extrinsics": [[[0.822141170501709, -0.5692347288131714, 0.007460378110408783, -0.745819091796875], [0.0061690048314630985, -0.004195766989141703, -0.9999721646308899, 1.4902396202087402], [0.569250226020813, 0.8221643567085266, 6.209659477462992e-05, -1.1541748046875], [0.0, 0.0, 0.0, 1.0]], [[0.009675656445324421, -0.9999172687530518, 0.008479231037199497, 0.0081787109375], [0.008303197100758553, -0.0083989966660738, -0.9999303221702576, 1.482334017753601], [0.9999186992645264, 0.009745382703840733, 0.008221244439482689, -1.4739990234375], [0.0, 0.0, 0.0, 1.0]], [[-0.8442181348800659, -0.5359784364700317, -0.004786626435816288, 0.919189453125], [0.0165846087038517, -0.017194289714097977, -0.9997146129608154, 1.496445894241333], [0.5357431769371033, -0.8440566062927246, 0.023404721170663834, -1.168487548828125], [0.0, 0.0, 0.0, 1.0]], [[0.9478797912597656, 0.3185194134712219, -0.008327286690473557, -1.133056640625], [-0.00794918928295374, -0.002486889949068427, -0.9999653100967407, 1.5619544982910156], [-0.3185290992259979, 0.9479131102561951, 0.00017469855083618313, -0.15960693359375], [0.0, 0.0, 0.0, 1.0]], [[0.009370815940201283, 0.9999071955680847, -0.009894258342683315, -0.028076171875], [-0.006108955945819616, -0.009837261401116848, -0.9999329447746277, 1.567