[{"images": ["samples/CAM_FRONT_LEFT/n015-2018-07-18-11-41-49+0800__CAM_FRONT_LEFT__1531885765104844.jpg", "samples/CAM_FRONT/n015-2018-07-18-11-41-49+0800__CAM_FRONT__1531885765112466.jpg", "samples/CAM_FRONT_RIGHT/n015-2018-07-18-11-41-49+0800__CAM_FRONT_RIGHT__1531885765120339.jpg", "samples/CAM_BACK_LEFT/n015-2018-07-18-11-41-49+0800__CAM_BACK_LEFT__1531885765147423.jpg", "samples/CAM_BACK/n015-2018-07-18-11-41-49+0800__CAM_BACK__1531885765137525.jpg", "samples/CAM_BACK_RIGHT/n015-2018-07-18-11-41-49+0800__CAM_BACK_RIGHT__1531885765127893.jpg"], "intrinsics": [[[1272.5979470598488, 0.0, 826.6154927353808], [0.0, 1272.5979470598488, 479.75165386361925], [0.0, 0.0, 1.0]], [[1266.417203046554, 0.0, 816.2670197447984], [0.0, 1266.417203046554, 491.50706579294757], [0.0, 0.0, 1.0]], [[1260.8474446004698, 0.0, 807.968244525554], [0.0, 1260.8474446004698, 495.3344268742088], [0.0, 0.0, 1.0]], [[1256.7414812095406, 0.0, 792.1125740759628], [0.0, 1256.7414812095406, 492.7757465151356], [0.0, 0.0, 1.0]], [[809.2209905677063, 0.0, 829.2196003259838], [0.0, 809.2209905677063, 481.77842384512485], [0.0, 0.0, 1.0]], [[1259.5137405846733, 0.0, 807.2529053838625], [0.0, 1259.5137405846733, 501.19579884916527], [0.0, 0.0, 1.0]]], "extrinsics": [[[0.8205984830856323, -0.5712255835533142, 0.017871813848614693, -0.583984375], [-0.0015237897168844938, -0.033458247780799866, -0.9994389414787292, 1.507643222808838], [0.5715029835700989, 0.8201109170913696, -0.028326217085123062, -1.0185546875], [0.0, 0.0, 0.0, 1.0]], [[0.005505535751581192, -0.9992823600769043, 0.03747480735182762, 0.00963592529296875], [-0.0068854838609695435, -0.03751237317919731, -0.9992724657058716, 1.5179977416992188], [0.9999610781669617, 0.005243487656116486, -0.007087069563567638, -1.3106689453125], [0.0, 0.0, 0.0, 1.0]], [[-0.8329837918281555, -0.5531597137451172, 0.012339705601334572, 0.784423828125], [-0.001324283774010837, -0.020308855921030045, -0.9997928142547607, 1.503286361694336], [0.5532957315444946, -0.832827627658844, 0.016184408217668533, -1.081787109375], [0.0, 0.0, 0.0, 1.0]], [[0.9477239847183228, 0.31895482540130615, -0.0093325674533844, -1.127685546875], [0.0072904666885733604, -0.05088363215327263, -0.9986779689788818, 1.5886149406433105], [-0.3190080225467682, 0.9464029669761658, -0.0505489706993103, -0.107574462890625], [0.0, 0.0, 0.0, 1.0]], [[0.002313894685357809, 0.9991638660430908, -0.040819596499204636, 0.0026092529296875], [-0.018182633444666862, -0.040770918130874634, -0.9990030527114868, 1.5772247314453125], [-0.9998319745063782, 0.0030537715647369623, 0.01807309128344059, -0.116455078125], [0.0, 0.0, 0.0, 1.0]], [[-0.9347969889640808, 0.354465514421463, -0.02255425974726677, 0.9307861328125], [0.014500372111797333, -0.02536136284470558, -0.9995731711387634, 1.554666519165039], [-0.35488614439964294, -0.9347250461578369, 0.018567845225334167, -0.14019775390625], [0.0, 0.0, 0.0, 1.0]]], "view": [[0.0, -2.0, 100.0], [-2.0, 0.0, 100.0], [0.0, 0.0, 1.0]], "bev": "bev_134c7f63827c4b858a2a4ce0582d8f6e.png", "aux": "aux_134c7f63827c4b858a2a4ce0582d8f6e.npz", "visibility": "visibility_134c7f63827c4b858a2a4ce0582d8f6e.png", "pose": [[-0.3911559581756592, 0.9203243851661682, 0.0, 434.06829833984375], [-0.9203243851661682, -0.3911559581756592, 0.0, 1236.5367431640625], [0.0, 0.0, 1.0, 0.0], [0.0, 0.0, 0.0, 1.0]], "pose_inverse": [[-0.3911559581756592, -0.9203243851661682, 0.0, 1307.8033447265625], [0.9203243851661682, -0.3911559581756592, 0.0, 84.19507598876953], [0.0, 0.0, 1.0, 0.0], [0.0, 0.0, 0.0, 1.0]], "cam_ids": [0, 1, 2, 3, 4, 5], "cam_channels": ["CAM_FRONT_LEFT", "CAM_FRONT", "CAM_FRONT_RIGHT", "CAM_BACK_LEFT", "CAM_BACK", "CAM_BACK_RIGHT"], "token": "134c7f63827c4b858a2a4ce0582d8f6e", "scene": "scene-0017"}, {"images": ["samples/CAM_FRONT_LEFT/n015-2018-07-18-11-41-49+0800__CAM_FRONT_LEFT__1531885765654844.jpg", "samples/CAM_FRONT/n015-2018-07-18-11-41-49+0800__CAM_FRONT__1531885765662460.jpg", "samples/CAM_FRONT_RIGHT/n015-2018-07-18-11-41-49+0800__CAM_FRONT_RIGHT__1531885765670339.jpg", "samples/CAM_BACK_LEFT/n015-2018-07-18-11-41-49+0800__CAM_BACK_LEFT__1531885765697423.jpg", "samples/CAM_BACK/n015-2018-07-18-11-41-49+0800__CAM_BACK__1531885765687525.jpg", "samples/CAM_BACK_RIGHT/n015-2018-07-18-11-41-49+0800__CAM_BACK_RIGHT__1531885765677893.jpg"], "intrinsics": [[[1272.5979470598488, 0.0, 826.6154927353808], [0.0, 1272.5979470598488, 479.75165386361925], [0.0, 0.0, 1.0]], [[1266.417203046554, 0.0, 816.2670197447984], [0.0, 1266.417203046554, 491.50706579294757], [0.0, 0.0, 1.0]], [[1260.8474446004698, 0.0, 807.968244525554], [0.0, 1260.8474446004698, 495.3344268742088], [0.0, 0.0, 1.0]], [[1256.7414812095406, 0.0, 792.1125740759628], [0.0, 1256.7414812095406, 492.7757465151356], [0.0, 0.0, 1.0]], [[809.2209905677063, 0.0, 829.2196003259838], [0.0, 809.2209905677063, 481.77842384512485], [0.0, 0.0, 1.0]], [[1259.5137405846733, 0.0, 807.2529053838625], [0.0, 1259.5137405846733, 501.19579884916527], [0.0, 0.0, 1.0]]], "extrinsics": [[[0.8205627202987671, -0.5713801980018616, 0.014193779788911343, -0.59576416015625], [-0.008270330727100372, -0.03670069947838783, -0.9992920756340027, 1.5045185089111328], [0.5714966058731079, 0.8198644518852234, -0.03484073281288147, -1.02276611328125], [0.0, 0.0, 0.0, 1.0]], [[0.005571435205638409, -0.9991593956947327, 0.0406121164560318, 0.0069122314453125], [-0.01350596733391285, -0.040684234350919724, -0.9990807771682739, 1.515512466430664], [0.9998931884765625, 0.005017864517867565, -0.013721284456551075, -1.3211669921875], [0.0, 0.0, 0.0, 1.0]], [[-0.8329569697380066, -0.552997350692749, 0.01940775103867054, 0.7911376953125], [-0.0077855223789811134, -0.023357905447483063, -0.9996968507766724, 1.5013847351074219], [0.5532829761505127, -0.8328554630279541, 0.015150758437812328, -1.08868408203125], [0.0, 0.0, 0.0, 1.0]], [[0.9476211071014404, 0.3190092146396637, -0.01572735421359539, -1.13330078125], [0.0013135275803506374, -0.0531328022480011, -0.9985865354537964, 1.5885573625564575], [-0.31939396262168884, 0.9462610483169556, -0.05076879635453224, -0.106475830078125], [0.0, 0.0, 0.0, 1.0]], [[0.002063898602500558, 0.999055802822113, -0.043395739048719406, 0.0030975341796875], [-0.024267761036753654, -0.043333008885383606, -0.9987658858299255, 1.5766372680664062], [-0.9997032880783081, 0.003114460501819849, 0.02415541373193264, -0.1099853515625], [0.0, 0.0, 0.0, 1.0]], [[-0.9348899126052856, 0.35449689626693726, -0.017682569101452827, 0.938720703125], [0.008206162601709366, -0.028217660263180733, -0.9995681643486023, 1.553177833557129], [-0.35484275221824646, -0.9346312880516052, 0.023471351712942123, -0.13885498046875], [0.0, 0.0, 0.0, 1.0]]], "view": [[0.0, -2.0, 100.0], [-2.0, 0.0, 100.0], [0.0, 0.0, 1.0]], "bev": "bev_ead426cf94b849149ff45a314c4efe2b.png", "aux": "aux_ead426cf94b849149ff45a314c4efe2b.npz", "visibility": "visibility_ead426cf94b849149ff45a314c4efe2b.png", "pose": [[-0.38782042264938354, 0.9217349290847778, 0.0, 431.8081359863281], [-0.9217349290847778, -0.38782042264938354, 0.0, 1231.281005859375], [0.0, 0.0, 1.0, 0.0], [0.0, 0.0, 0.0, 1.0]], "pose_inverse": [[-0.38782042264938354, -0.9217349290847778, 0.0, 1302.3787841796875], [0.9217349290847778, -0.38782042264938354, 0.0, 79.5032730102539], [0.0, 0.0, 1.0, 0.0], [0.0, 0.0, 0.0, 1.0]], "cam_ids": [0, 1, 2, 3, 4, 5], "cam_channels": ["CAM_FRONT_LEFT", "CAM_FRONT", "CAM_FRONT_RIGHT", "CAM_BACK_LEFT", "CAM_BACK", "CAM_BACK_RIGHT"], "token": "ead426cf94b849149ff45a314c4efe2b", "scene": "scene-0017"}, {"images": ["samples/CAM_FRONT_LEFT/n015-2018-07-18-11-41-49+0800__CAM_FRONT_LEFT__1531885766154844.jpg", "samples/CAM_FRONT/n015-2018-07-18-11-41-49+0800__CAM_FRONT__1531885766162460.jpg", "samples/CAM_FRONT_RIGHT/n015-2018-07-18-11-41-49+0800__CAM_FRONT_RIGHT__1531885766170339.jpg", "samples/CAM_BACK_LEFT/n015-2018-07-18-11-41-49+0800__CAM_BACK_LEFT__1531885766197423.jpg", "samples/CAM_BACK/n015-2018-07-18-11-41-49+0800__CAM_BACK__1531885766187525.jpg", "samples/CAM_BACK_RIGHT/n015-2018-07-18-11-41-49+0800__CAM_BACK_RIGHT__1531885766177893.jpg"], "intrinsics": [[[1272.5979470598488, 0.0, 826.6154927353808], [0.0, 1272.5979470598488, 479.75165386361925], [0.0, 0.0, 1.0]], [[1266.417203046554, 0.0, 816.2670197447984], [0.0, 1266.417203046554, 491.50706579294757], [0.0, 0.0, 1.0]], [[1260.8474446004698, 0.0, 807.968244525554], [0.0, 1260.8474446004698, 495.3344268742088], [0.0, 0.0, 1.0]], [[1256.7414812095406, 0.0, 792.1125740759628], [0.0, 1256.7414812095406, 492.7757465151356], [0.0, 0.0, 1.0]], [[809.2209905677063, 0.0, 829.2196003259838], [0.0, 809.2209905677063, 481.77842384512485], [0.0, 0.0, 1.0]], [[1259.5137405846733, 0.0, 807.2529053838625], [0.0, 1259.5137405846733, 501.19579884916527], [0.0, 0.0, 1.0]]], "extrinsics": [[[0.8217911720275879, -0.5695785880088806, 0.015471838414669037, -0.60064697265625], [-0.0028544834349304438, -0.031268730759620667, -0.999506950378418, 1.5073609352111816], [0.5697815418243408, 0.821341872215271, -0.02732222154736519, -1.04150390625], [0.0, 0.0, 0.0, 1.0]], [[0.007202199660241604, -0.9993512034416199, 0.03528609126806259, 0.0170135498046875], [-0.008046221919357777, -0.035343777388334274, -0.9993428587913513, 1.5179691314697266], [0.9999416470527649, 0.006913520395755768, -0.008295555599033833, -1.3323974609375], [0.0, 0.0, 0.0, 1.0]], [[-0.8322856426239014, -0.5542163848876953, 0.012027489021420479, 0.8017578125], [-0.0023517776280641556, -0.018166404217481613, -0.9998322129249573, 1.5031139850616455], [0.5543419122695923, -0.8321743011474609, 0.013816246762871742, -1.0865478515625], [0.0, 0.0, 0.0, 1.0]], [[0.9476004242897034, 0.3193218410015106, -0.009325443767011166, -1.1300048828125], [0.006625906564295292, -0.04883106052875519, -0.9987850785255432, 1.5887022018432617], [-0.3193892538547516, 0.9463874101638794, -0.04838813468813896, -0.109039306640625], [0.0, 0.0, 0.0, 1.0]], [[0.0017812702571973205, 0.9992488026618958, -0.03871301934123039, 8.392333984375e-05], [-0.01888386532664299, -0.038672562688589096, -0.9990735054016113, 1.5773658752441406], [-0.9998201131820679, 0.002510720631107688, 0.01880079321563244, -0.1094970703125], [0.0, 0.0, 0.0, 1.0]], [[-0.9351291656494141, 0.3536863327026367, -0.02096107415854931, 0.9407958984375], [0.013625867664813995, -0.023216987028717995, -0.9996376037597656, 1.5543928146362305], [-0.3540448248386383, -0.9350759387016296, 0.01689159870147705, -0.13201904296875], [0.0, 0.0, 0.0, 1.0]]], "view": [[0.0, -2.0, 100.0], [-2.0, 0.0, 100.0], [0.0, 0.0, 1.0]], "bev": "bev_d2776ad57f7e47caa2001aea3f60b204.png", "aux": "aux_d2776ad57f7e47caa2001aea3f60b204.npz", "visibility": "visibility_d2776ad57f7e47caa2001aea3f60b204.png", "pose": [[-0.3901766240596771, 0.920740008354187, 0.0, 429.7939758300781], [-0.920740008354187, -0.3901766240596771, 0.0, 1226.6123046875], [0.0, 0.0, 1.0, 0.0], [0.0, 0.0, 0.0, 1.0]], "pose_inverse": [[-0.3901766240596771, -0.920740008354187, 0.0, 1297.086669921875], [0.920740008354187, -0.3901766240596771, 0.0, 82.86693572998047], [0.0, 0.0, 1.0, 0.0], [0.0, 0.0, 0.0, 1.0]], "cam_ids": [0, 1, 2, 3, 4, 5], "cam_channels": ["CAM_FRONT_LEFT", "CAM_FRONT", "CAM_FRONT_RIGHT", "CAM_BACK_LEFT", "CAM_BACK", "CAM_BACK_RIGHT"], "token": "d2776ad57f7e47caa2001aea3f60b204", "scene": "scene-0017"}, {"images": ["samples/CAM_FRONT_LEFT/n015-2018-07-18-11-41-49+0800__CAM_FRONT_LEFT__1531885766654844.jpg", "samples/CAM_FRONT/n015-2018-07-18-11-41-49+0800__CAM_FRONT__1531885766662460.jpg", "samples/CAM_FRONT_RIGHT/n015-2018-07-18-11-41-49+0800__CAM_FRONT_RIGHT__1531885766670339.jpg", "samples/CAM_BACK_LEFT/n015-2018-07-18-11-41-49+0800__CAM_BACK_LEFT__1531885766697423.jpg", "samples/CAM_BACK/n015-2018-07-18-11-41-49+0800__CAM_BACK__1531885766687525.jpg", "samples/CAM_BACK_RIGHT/n015-2018-07-18-11-41-49+0800__CAM_BACK_RIGHT__1531885766677893.jpg"], "intrinsics": [[[1272.5979470598488, 0.0, 826.6154927353808], [0.0, 1272.5979470598488, 479.75165386361925], [0.0, 0.0, 1.0]], [[1266.417203046554, 0.0, 816.2670197447984], [0.0, 1266.417203046554, 491.50706579294757], [0.0, 0.0, 1.0]], [[1260.8474446004698, 0.0, 807.968244525554], [0.0, 1260.8474446004698, 495.3344268742088], [0.0, 0.0, 1.0]], [[1256.7414812095406, 0.0, 792.1125740759628], [0.0, 1256.7414812095406, 492.7757465151356], [0.0, 0.0, 1.0]], [[809.2209905677063, 0.0, 829.2196003259838], [0.0, 809.2209905677063, 481.77842384512485], [0.0, 0.0, 1.0]], [[1259.5137405846733, 0.0, 807.2529053838625], [0.0, 1259.5137405846733, 501.19579884916527], [0.0, 0.0, 1.0]]], "extrinsics": [[[0.821038007736206, -0.570476770401001, 0.02128230594098568, -0.60943603515625], [-0.00548346946015954, -0.045159436762332916, -0.9989647269248962, 1.5059404373168945], [0.5708473324775696, 0.820071280002594, -0.04020580276846886, -1.03466796875], [0.0, 0.0, 0.0, 1.0]], [[0.006233282387256622, -0.9987639784812927, 0.0493120513856411, 0.00841522216796875], [-0.010687671601772308, -0.04937673732638359, -0.9987230896949768, 1.5167598724365234], [0.9999233484268188, 0.005698301829397678, -0.010982241481542587, -1.3341064453125], [0.0, 0.0, 0.0, 1.0]], [[-0.8326534628868103, -0.5533560514450073, 0.02202879823744297, 0.7984619140625], [-0.004970678128302097, -0.03230862691998482, -0.9994655847549438, 1.502272605895996], [0.5537720322608948, -0.8323179483413696, 0.024151334539055824, -1.0921630859375], [0.0, 0.0, 0.0, 1.0]], [[0.947881817817688, 0.3182101249694824, -0.01619509607553482, -1.1259765625], [0.004116053227335215, -0.06305349618196487, -0.9980016946792603, 1.5885238647460938], [-0.31859537959098816, 0.945921003818512, -0.06107703596353531, -0.10748291015625], [0.0, 0.0, 0.0, 1.0]], [[0.0023736413568258286, 0.9985947608947754, -0.0529419481754303, 0.00360870361328125], [-0.021474674344062805, -0.052878983318805695, -0.9983699917793274, 1.5768928527832031], [-0.9997665286064148, 0.003506659297272563, 0.021318983286619186, -0.1114501953125], [0.0, 0.0, 0.0, 1.0]], [[-0.9349605441093445, 0.3539685606956482, -0.02356107160449028, 0.9420166015625], [0.011014498770236969, -0.037418633699417114, -0.9992389678955078, 1.5537528991699219], [-0.35458073019981384, -0.9345085620880127, 0.031086159870028496, -0.13690185546875], [0.0, 0.0, 0.0, 1.0]]], "view": [[0.0, -2.0, 100.0], [-2.0, 0.0, 100.0], [0.0, 0.0, 1.0]], "bev": "bev_42c7b34a5f9e440baf4d8ce1cf75922c.png", "aux": "aux_42c7b34a5f9e440baf4d8ce1cf75922c.npz", "visibility": "visibility_42c7b34a5f9e440baf4d8ce1cf75922c.png", "pose": [[-0.39107269048690796, 0.9203597903251648, 0.0, 427.8466796875], [-0.9203597903251648, -0.39107269048690796, 0.0, 1222.078369140625], [0.0, 0.0, 1.0, 0.0], [0.0, 0.0, 0.0, 1.0]], "pose_inverse": [[-0.39107269048690796, -0.9203597903251648, 0.0, 1292.0709228515625], [0.9203597903251648, -0.39107269048690796, 0.0, 84.1485824584961], [0.0, 0.0, 1.0, 0.0], [0.0, 0.0, 0.0, 1.0]], "cam_ids": [0, 1, 2, 3, 4, 5], "cam_channels": ["CAM_FRONT_LEFT", "CAM_FRONT", "CAM_FRONT_RIGHT", "CAM_BACK_LEFT", "CAM_BACK", "CAM_BACK_RIGHT"], "token": "42c7b34a5f9e440baf4d8ce1cf75922c", "scene": "scene-0017"}, {"images": ["samples/CAM_FRONT_LEFT/n015-2018-07-18-11-41-49+0800__CAM_FRONT_LEFT__1531885767104844.jpg", "samples/CAM_FRONT/n015-2018-07-18-11-41-49+0800__CAM_FRONT__1531885767112464.jpg", "samples/CAM_FRONT_RIGHT/n015-2018-07-18-11-41-49+0800__CAM_FRONT_RIGHT__1531885767120339.jpg", "samples/CAM_BACK_LEFT/n015-2018-07-18-11-41-49+0800__CAM_BACK_LEFT__1531885767147423.jpg", "samples/CAM_BACK/n015-2018-07-18-11-41-49+0800__CAM_BACK__1531885767137525.jpg", "samples/CAM_BACK_RIGHT/n015-2018-07-18-11-41-49+0800__CAM_BACK_RIGHT__1531885767127893.jpg"], "intrinsics": [[[1272.5979470598488, 0.0, 826.6154927353808], [0.0, 1272.5979470598488, 479.75165386361925], [0.0, 0.0, 1.0]], [[1266.417203046554, 0.0, 816.2670197447984], [0.0, 1266.417203046554, 491.50706579294757], [0.0, 0.0, 1.0]], [[1260.8474446004698, 0.0, 807.968244525554], [0.0, 1260.8474446004698, 495.3344268742088], [0.0, 0.0, 1.0]], [[1256.7414812095406, 0.0, 792.1125740759628], [0.0, 1256.7414812095406, 492.7757465151356], [0.0, 0.0, 1.0]], [[809.2209905677063, 0.0, 829.2196003259838], [0.0, 809.2209905677063, 481.77842384512485], [0.0, 0.0, 1.0]], [[1259.5137405846733, 0.0, 807.2529053838625], [0.0, 1259.5137405846733, 501.19579884916527], [0.0, 0.0, 1.0]]], "extrinsics": [[[0.8209301233291626, -0.5706189870834351, 0.02162669412791729, -0.62615966796875], [-0.004490693099796772, -0.0443233847618103, -0.9990071654319763, 1.5064258575439453], [0.5710110664367676, 0.8200178742408752, -0.03894887492060661, -1.0452880859375], [0.0, 0.0, 0.0, 1.0]], [[0.006101774983108044, -0.9988155961036682, 0.0482710599899292, 0.00769805908203125], [-0.009800241328775883, -0.048329371958971024, -0.9987834095954895, 1.5172224044799805], [0.9999333620071411, 0.005621274001896381, -0.010083530098199844, -1.3514404296875], [0.0, 0.0, 0.0, 1.0]], [[-0.8326847553253174, -0.5533600449562073, 0.020703094080090523, 0.8101806640625], [-0.004198130220174789, -0.031077757477760315, -0.9995081424713135, 1.502537727355957], [0.5537313222885132, -0.8323622345924377, 0.023554900661110878, -1.1005859375], [0.0, 0.0, 0.0, 1.0]], [[0.9475855827331543, 0.3191400170326233, -0.015209784731268883, -1.13037109375], [0.004600193817168474, -0.06122755631804466, -0.998113214969635, 1.5886183977127075], [-0.3194691240787506, 0.9457277059555054, -0.059486452490091324, -0.1077880859375], [0.0, 0.0, 0.0, 1.0]], [[0.0017893948825076222, 0.9986792802810669, -0.05134652554988861, 0.002716064453125], [-0.020887620747089386, -0.051298078149557114, -0.9984649419784546, 1.5771617889404297], [-0.9997802376747131, 0.0028591847512871027, 0.020768241956830025, -0.10400390625], [0.0, 0.0, 0.0, 1.0]], [[-0.9350172877311707, 0.3538099527359009, -0.02369033358991146, 0.9527587890625], [0.01168606523424387, -0.03602686896920204, -0.9992825388908386, 1.553757667541504], [-0.35440951585769653, -0.9346233010292053, 0.029551098123192787, -0.1328125], [0.0, 0.0, 0.0, 1.0]]], "view": [[0.0, -2.0, 100.0], [-2.0, 0.0, 100.0], [0.0, 0.0, 1.0]], "bev": "bev_4b4c3bc538e64867a9712470e04d61cf.png", "aux": "aux_4b4c3bc538e64867a9712470e04d61cf.npz", "visibility": "visibility_4b4c3bc538e64867a9712470e04d61cf.png", "pose": [[-0.3945031464099884, 0.9188945889472961, 0.0, 426.1253356933594], [-0.9188945889472961, -0.3945031464099884, 0.0, 1218.1092529296875], [0.0, 0.0, 1.0, 0.0], [0.0, 0.0, 0.0, 1.0]], "pose_inverse": [[-0.3945031464099884, -0.9188945889472961, 0.0, 1287.4217529296875], [0.9188945889472961, -0.3945031464099884, 0.0, 88.98368072509766], [0.0, 0.0, 1.0, 0.0], [0.0, 0.0, 0.0, 1.0]], "cam_ids": [0, 1, 2, 3, 4, 5], "cam_channels": ["CAM_FRONT_LEFT", "CAM_FRONT", "CAM_FRONT_RIGHT", "CAM_BACK_LEFT", "CAM_BACK", "CAM_BACK_RIGHT"], "token": "4b4c3bc538e64867a9712470e04d61cf", "scene": "scene-0017"}, {"images": ["samples/CAM_FRONT_LEFT/n015-2018-07-18-11-41-49+0800__CAM_FRONT_LEFT__1531885767504862.jpg", "samples/CAM_FRONT/n015-2018-07-18-11-41-49+0800__CAM_FRONT__1531885767512464.jpg", "samples/CAM_FRONT_RIGHT/n015-2018-07-18-11-41-49+0800__CAM_FRONT_RIGHT__1531885767520364.jpg", "samples/CAM_BACK_LEFT/n015-2018-07-18-11-41-49+0800__CAM_BACK_LEFT__1531885767548040.jpg", "samples/CAM_BACK/n015-2018-07-18-11-41-49+0800__CAM_BACK__1531885767537525.jpg", "samples/CAM_BACK_RIGHT/n015-2018-07-18-11-41-49+0800__CAM_BACK_RIGHT__1531885767527893.jpg"], "intrinsics": [[[1272.5979470598488, 0.0, 826.6154927353808], [0.0, 1272.5979470598488, 479.75165386361925], [0.0, 0.0, 1.0]], [[1266.417203046554, 0.0, 816.2670197447984], [0.0, 1266.417203046554, 491.50706579294757], [0.0, 0.0, 1.0]], [[1260.8474446004698, 0.0, 807.968244525554], [0.0, 1260.8474446004698, 495.3344268742088], [0.0, 0.0, 1.0]], [[1256.7414812095406, 0.0, 792.1125740759628], [0.0, 1256.7414812095406, 492.7757465151356], [0.0, 0.0, 1.0]], [[809.2209905677063, 0.0, 829.2196003259838], [0.0, 809.2209905677063, 481.77842384512485], [0.0, 0.0, 1.0]], [[1259.5137405846733, 0.0, 807.2529053838625], [0.0, 1259.5137405846733, 501.19579884916527], [0.0, 0.0, 1.0]]], "extrinsics": [[[0.8203476667404175, -0.5715084671974182, 0.020194537937641144, -0.6265869140625], [-0.004344506189227104, -0.041540805250406265, -0.9991273283958435, 1.5064716339111328], [0.5718486309051514, 0.8195440769195557, -0.036560822278261185, -1.04473876953125], [0.0, 0.0, 0.0, 1.0]], [[0.005209736060351133, -0.9989473223686218, 0.04557565227150917, 0.00708770751953125], [-0.009663847275078297, -0.045624442398548126, -0.99891197681427, 1.5172548294067383], [0.9999396800994873, 0.004763622768223286, -0.009891366586089134, -1.3516845703125], [0.0, 0.0, 0.0, 1.0]], [[-0.8331026434898376, -0.5527878403663635, 0.01911846175789833, 0.8109130859375], [-0.004054589197039604, -0.02846059389412403, -0.9995867013931274, 1.5025720596313477], [0.553103506565094, -0.832835853099823, 0.021469268947839737, -1.10150146484375], [0.0, 0.0, 0.0, 1.0]], [[0.9475452899932861, 0.3192874491214752, -0.014614038169384003, -1.1343994140625], [0.0045244935899972916, -0.059117551892995834, -0.9982407689094543, 1.588611364364624], [-0.31958967447280884, 0.9458122253417969, -0.05746116861701012, -0.106689453125], [0.0, 0.0, 0.0, 1.0]], [[0.0021380847319960594, 0.9987967014312744, -0.048997268080711365, 0.00287628173828125], [-0.020857077091932297, -0.04894218221306801, -0.9985838532447815, 1.5771751403808594], [-0.9997801780700684, 0.003157024970278144, 0.020727334544062614, -0.10302734375], [0.0, 0.0, 0.0, 1.0]], [[-0.9347938299179077, 0.3544498682022095, -0.022927409037947655, 0.9541015625], [0.011807549744844437, -0.03350350633263588, -0.9993688464164734, 1.5537567138671875], [-0.3549943268299103, -0.9344746470451355, 0.02713368460536003, -0.13262939453125], [0.0, 0.0, 0.0, 1.0]]], "view": [[0.0, -2.0, 100.0], [-2.0, 0.0, 100.0], [0.0, 0.0, 1.0]], "bev": "bev_0966ed2dfcd744ef831f394b7933f747.png", "aux": "aux_0966ed2dfcd744ef831f394b7933f747.npz", "visibility": "visibility_0966ed2dfcd744ef831f394b7933f747.png", "pose": [[-0.3913698196411133, 0.9202334880828857, 0.0, 424.63458251953125], [-0.9202334880828857, -0.3913698196411133, 0.0, 1214.6390380859375], [0.0, 0.0, 1.0, 0.0], [0.0, 0.0, 0.0, 1.0]], "pose_inverse": [[-0.3913698196411133, -0.9202334880828857, 0.0, 1283.940673828125], [0.9202334880828857, -0.3913698196411133, 0.0, 84.610107421875], [0.0, 0.0, 1.0, 0.0], [0.0, 0.0, 0.0, 1.0]], "cam_ids": [0, 1, 2, 3, 4, 5], "cam_channels": ["CAM_FRONT_LEFT", "CAM_FRONT", "CAM_FRONT_RIGHT", "CAM_BACK_LEFT", "CAM_BACK", "CAM_BACK_RIGHT"], "token": "0966ed2dfcd744ef831f394b7933f747", "scene": "scene-0017"}, {"images": ["samples/CAM_FRONT_LEFT/n015-2018-07-18-11-41-49+0800__CAM_FRONT_LEFT__1531885767904844.jpg", "samples/CAM_FRONT/n015-2018-07-18-11-41-49+0800__CAM_FRONT__1531885767912467.jpg", "samples/CAM_FRONT_RIGHT/n015-2018-07-18-11-41-49+0800__CAM_FRONT_RIGHT__1531885767920339.jpg", "samples/CAM_BACK_LEFT/n015-2018-07-18-11-41-49+0800__CAM_BACK_LEFT__1531885767947423.jpg", "samples/CAM_BACK/n015-2018-07-18-11-41-49+0800__CAM_BACK__1531885767937525.jpg", "samples/CAM_BACK_RIGHT/n015-2018-07-18-11-41-49+0800__CAM_BACK_RIGHT__1531885767927893.jpg"], "intrinsics": [[[1272.5979470598488, 0.0, 826.6154927353808], [0.0, 1272.5979470598488, 479.75165386361925], [0.0, 0.0, 1.0]], [[1266.417203046554, 0.0, 816.2670197447984], [0.0, 1266.417203046554, 491.50706579294757], [0.0, 0.0, 1.0]], [[1260.8474446004698, 0.0, 807.968244525554], [0.0, 1260.8474446004698, 495.3344268742088], [0.0, 0.0, 1.0]], [[1256.7414812095406, 0.0, 792.1125740759628], [0.0, 1256.7414812095406, 492.7757465151356], [0.0, 0.0, 1.0]], [[809.2209905677063, 0.0, 829.2196003259838], [0.0, 809.2209905677063, 481.77842384512485], [0.0, 0.0, 1.0]], [[1259.5137405846733, 0.0, 807.2529053838625], [0.0, 1259.5137405846733, 501.19579884916527], [0.0, 0.0, 1.0]]], "extrinsics": [[[0.8204676508903503, -0.5714569091796875, 0.016428152099251747, -0.63214111328125], [-0.010013858787715435, -0.043097060173749924, -0.9990206956863403, 1.5042657852172852], [0.5716052055358887, 0.8194997310638428, -0.0410822294652462, -1.05023193359375], [0.0, 0.0, 0.0, 1.0]], [[0.005564078222960234, -0.9988783001899719, 0.047021765261888504, 0.00826263427734375], [-0.015288508497178555, -0.04710197448730469, -0.9987730979919434, 1.5154781341552734], [0.9998676180839539, 0.004838369321078062, -0.015533438883721828, -1.3577880859375], [0.0, 0.0, 0.0, 1.0]], [[-0.8329032063484192, -0.5528740286827087, 0.02454940229654312, 0.8145751953125], [-0.009641673415899277, -0.029856232926249504, -0.9995076656341553, 1.5011491775512695], [0.5533347725868225, -0.8327297568321228, 0.019536718726158142, -1.1025390625], [0.0, 0.0, 0.0, 1.0]], [[0.9475238919258118, 0.3190745711326599, -0.019744394347071648, -1.1290283203125], [-0.0006831302889622748, -0.05974102392792702, -0.9982136487960815, 1.588552474975586], [-0.31968414783477783, 0.9458448886871338, -0.05638808012008667, -0.108245849609375], [0.0, 0.0, 0.0, 1.0]], [[0.0017684226622805, 0.9987449049949646, -0.050055231899023056, 0.00225067138671875], [-0.026233410462737083, -0.04999174922704697, -0.9984050393104553, 1.5766372680664062], [-0.9996542930603027, 0.003078661859035492, 0.026112079620361328, -0.10302734375], [0.0, 0.0, 0.0, 1.0]], [[-0.9349727034568787, 0.35425180196762085, -0.0182133037596941, 0.9552001953125], [0.006281321868300438, -0.034803058952093124, -0.9993744492530823, 1.5526995658874512], [-0.354664146900177, -0.9345023036003113, 0.030314737930893898, -0.13116455078125], [0.0, 0.0, 0.0, 1.0]]], "view": [[0.0, -2.0, 100.0], [-2.0, 0.0, 100.0], [0.0, 0.0, 1.0]], "bev": "bev_5c561271e7f64c42bad8343eb42043e4.png", "aux": "aux_5c561271e7f64c42bad8343eb42043e4.npz", "visibility": "visibility_5c561271e7f64c42bad8343eb42043e4.png", "pose": [[-0.38399025797843933, 0.9233371615409851, 0.0, 423.2126770019531], [-0.9233371615409851, -0.38399025797843933, 0.0, 1211.273681640625], [0.0, 0.0, 1.0, 0.0], [0.0, 0.0, 0.0, 1.0]], "pose_inverse": [[-0.38399025797843933, -0.9233371615409851, 0.0, 1280.923583984375], [0.9233371615409851, -0.38399025797843933, 0.0, 74.34932708740234], [0.0, 0.0, 1.0, 0.0], [0.0, 0.0, 0.0, 1.0]], "cam_ids": [0, 1, 2, 3, 4, 5], "cam_channels": ["CAM_FRONT_LEFT", "CAM_FRONT", "CAM_FRONT_RIGHT", "CAM_BACK_LEFT", "CAM_BACK", "CAM_BACK_RIGHT"], "token": "5c561271e7f64c42bad8343eb42043e4", "scene": "scene-0017"}, {"images": ["samples/CAM_FRONT_LEFT/n015-2018-07-18-11-41-49+0800__CAM_FRONT_LEFT__1531885768404844.jpg", "samples/CAM_FRONT/n015-2018-07-18-11-41-49+0800__CAM_FRONT__1531885768412462.jpg", "samples/CAM_FRONT_RIGHT/n015-2018-07-18-11-41-49+0800__CAM_FRONT_RIGHT__1531885768420339.jpg", "samples/CAM_BACK_LEFT/n015-2018-07-18-11-41-49+0800__CAM_BACK_LEFT__1531885768447423.jpg", "samples/CAM_BACK/n015-2018-07-18-11-41-49+0800__CAM_BACK__1531885768437525.jpg", "samples/CAM_BACK_RIGHT/n015-2018-07-18-11-41-49+0800__CAM_BACK_RIGHT__1531885768427893.jpg"], "intrinsics": [[[1272.5979470598488, 0.0, 826.6154927353808], [0.0, 1272.5979470598488, 479.75165386361925], [0.0, 0.0, 1.0]], [[1266.417203046554, 0.0, 816.2670197447984], [0.0, 1266.417203046554, 491.50706579294757], [0.0, 0.0, 1.0]], [[1260.8474446004698, 0.0, 807.968244525554], [0.0, 1260.8474446004698, 495.3344268742088], [0.0, 0.0, 1.0]], [[1256.7414812095406, 0.0, 792.1125740759628], [0.0, 1256.7414812095406, 492.7757465151356], [0.0, 0.0, 1.0]], [[809.2209905677063, 0.0, 829.2196003259838], [0.0, 809.2209905677063, 481.77842384512485], [0.0, 0.0, 1.0]], [[1259.5137405846733, 0.0, 807.2529053838625], [0.0, 1259.5137405846733, 501.19579884916527], [0.0, 0.0, 1.0]]], "extrinsics": [[[0.8207591772079468, -0.5711132287979126, 0.013565780594944954, -0.65399169921875], [-0.00956782791763544, -0.037485577166080475, -0.9992513656616211, 1.5046558380126953], [0.5711941123008728, 0.8200149536132812, -0.036230944097042084, -1.06463623046875], [0.0, 0.0, 0.0, 1.0]], [[0.005942591931670904, -0.9991395473480225, 0.0410459078848362, 0.00751495361328125], [-0.014894240535795689, -0.041130516678094864, -0.999042809009552, 1.5158920288085938], [0.9998713135719299, 0.005325551610440016, -0.015125848352909088, -1.379150390625], [0.0, 0.0, 0.0, 1.0]], [[-0.8327626585960388, -0.5532407760620117, 0.0207607951015234, 0.8277587890625], [-0.009308431297540665, -0.023502331227064133, -0.9996804594993591, 1.5013675689697266], [0.5535518527030945, -0.8326898217201233, 0.014422059990465641, -1.112060546875], [0.0, 0.0, 0.0, 1.0]], [[0.9475746154785156, 0.31905603408813477, -0.01747698150575161, -1.1268310546875], [-0.0006819717236794531, -0.05267566815018654, -0.9986114501953125, 1.5885467529296875], [-0.3195336163043976, 0.9462708234786987, -0.04969654604792595, -0.10894775390625], [0.0, 0.0, 0.0, 1.0]], [[0.0017929264577105641, 0.9990717768669128, -0.04303916543722153, 0.00262451171875], [-0.026123419404029846, -0.04297775402665138, -0.9987344741821289, 1.5767593383789062], [-0.999657154083252, 0.002915016608312726, 0.02602211758494377, -0.097900390625], [0.0, 0.0, 0.0, 1.0]], [[-0.9350185394287109, 0.35423505306243896, -0.016060732305049896, 0.96630859375], [0.006527770310640335, -0.028090013191103935, -0.9995840787887573, 1.5526518821716309], [-0.3545389175415039, -0.9347343444824219, 0.023952314630150795, -0.12762451171875], [0.0, 0.0, 0.0, 1.0]]], "view": [[0.0, -2.0, 100.0], [-2.0, 0.0, 100.0], [0.0, 0.0, 1.0]], "bev": "bev_ddff867e8f5944869c55dfeca2151ba8.png", "aux": "aux_ddff867e8f5944869c55dfeca2151ba8.npz", "visibility": "visibility_ddff867e8f5944869c55dfeca2151ba8.png", "pose": [[-0.3773387372493744, 0.926075279712677, 0.0, 421.5288391113281], [-0.926075279712677, -0.3773387372493744, 0.0, 1207.219970703125], [0.0, 0.0, 1.0, 0.0], [0.0, 0.0, 0.0, 1.0]], "pose_inverse": [[-0.3773387372493744, -0.926075279712677, 0.0, 1277.0357666015625], [0.926075279712677, -0.3773387372493744, 0.0, 65.16340637207031], [0.0, 0.0, 1.0, 0.0], [0.0, 0.0, 0.0, 1.0]], "cam_ids": [0, 1, 2, 3, 4, 5], "cam_channels": ["CAM_FRONT_LEFT", "CAM_FRONT", "CAM_FRONT_RIGHT", "CAM_BACK_LEFT", "CAM_BACK", "CAM_BACK_RIGHT"], "token": "ddff867e8f5944869c55dfeca2151ba8", "scene": "scene-0017"}, {"images": ["samples/CAM_FRONT_LEFT/n015-2018-07-18-11-41-49+0800__CAM_FRONT_LEFT__1531885768904844.jpg", "samples/CAM_FRONT/n015-2018-07-18-11-41-49+0800__CAM_FRONT__1531885768912470.jpg", "samples/CAM_FRONT_RIGHT/n015-2018-07-18-11-41-49+0800__CAM_FRONT_RIGHT__1531885768920339.jpg", "samples/CAM_BACK_LEFT/n015-2018-07-18-11-41-49+0800__CAM_BACK_LEFT__1531885768947423.jpg", "samples/CAM_BACK/n015-2018-07-18-11-41-49+0800__CAM_BACK__1531885768937525.jpg", "samples/CAM_BACK_RIGHT/n015-2018-07-18-11-41-49+0800__CAM_BACK_RIGHT__1531885768927893.jpg"], "intrinsics": [[[1272.5979470598488, 0.0, 826.6154927353808], [0.0, 1272.5979470598488, 479.75165386361925], [0.0, 0.0, 1.0]], [[1266.417203046554, 0.0, 816.2670197447984], [0.0, 1266.417203046554, 491.50706579294757], [0.0, 0.0, 1.0]], [[1260.8474446004698, 0.0, 807.968244525554], [0.0, 1260.8474446004698, 495.3344268742088], [0.0, 0.0, 1.0]], [[1256.7414812095406, 0.0, 792.1125740759628], [0.0, 1256.7414812095406, 492.7757465151356], [0.0, 0.0, 1.0]], [[809.2209905677063, 0.0, 829.2196003259838], [0.0, 809.2209905677063, 481.77842384512485], [0.0, 0.0, 1.0]], [[1259.5137405846733, 0.0, 807.2529053838625], [0.0, 1259.5137405846733, 501.19579884916527], [0.0, 0.0, 1.0]]], "extrinsics": [[[0.8207803964614868, -0.5711291432380676, 0.011451072990894318, -0.67572021484375], [-0.006309016607701778, -0.029107796028256416, -0.9995563626289368, 1.5059823989868164], [0.5712091326713562, 0.8203440308570862, -0.027494370937347412, -1.07757568359375], [0.0, 0.0, 0.0, 1.0]], [[0.005821223370730877, -0.999430775642395, 0.03322959318757057, 0.005733489990234375], [-0.011432599276304245, -0.03329450637102127, -0.9993802309036255, 1.517155647277832], [0.9999176859855652, 0.005437704734504223, -0.011619907803833485, -1.400146484375], [0.0, 0.0, 0.0, 1.0]], [[-0.8328709602355957, -0.5532984137535095, 0.01366780698299408, 0.8406982421875], [-0.005631859414279461, -0.01622122898697853, -0.9998525381088257, 1.5023393630981445], [0.5534385442733765, -0.8328251242637634, 0.01039409264922142, -1.12225341796875], [0.0, 0.0, 0.0, 1.0]], [[0.9476569294929504, 0.3190844655036926, -0.01146485935896635, -1.128173828125], [0.003683221759274602, -0.046829719096422195, -0.998896062374115, 1.588579773902893], [-0.319269061088562, 0.9465686082839966, -0.04555376619100571, -0.10772705078125], [0.0, 0.0, 0.0, 1.0]], [[0.002127236919477582, 0.9993190169334412, -0.03683670237660408, 0.00350189208984375], [-0.021997489035129547, -0.03678110986948013, -0.9990812540054321, 1.5772933959960938], [-0.9997557401657104, 0.002935598371550441, 0.021904265508055687, -0.09130859375], [0.0, 0.0, 0.0, 1.0]], [[-0.9348964691162109, 0.35449784994125366, -0.017313649877905846, 0.9779052734375], [0.010417494922876358, -0.021352695301175117, -0.9997177720069885, 1.5532045364379883], [-0.35476750135421753, -0.9348130226135254, 0.016269579529762268, -0.12432861328125], [0.0, 0.0, 0.0, 1.0]]], "view": [[0.0, -2.0, 100.0], [-2.0, 0.0, 100.0], [0.0, 0.0, 1.0]], "bev": "bev_40847c1f1fd34cf2bdf278782dba841a.png", "aux": "aux_40847c1f1fd34cf2bdf278782dba841a.npz", "visibility": "visibility_40847c1f1fd34cf2bdf278782dba841a.png", "pose": [[-0.3739252984523773, 0.9274588227272034, 0.0, 419.9958801269531], [-0.9274588227272034, -0.3739252984523773, 0.0, 1203.4427490234375], [0.0, 0.0, 1.0, 0.0], [0.0, 0.0, 0.0, 1.0]], "pose_inverse": [[-0.3739252984523773, -0.9274588227272034, 0.0, 1273.190673828125], [0.9274588227272034, -0.3739252984523773, 0.0, 60.46879577636719], [0.0, 0.0, 1.0, 0.0], [0.0, 0.0, 0.0, 1.0]], "cam_ids": [0, 1, 2, 3, 4, 5], "cam_channels": ["CAM_FRONT_LEFT", "CAM_FRONT", "CAM_FRONT_RIGHT", "CAM_BACK_LEFT", "CAM_BACK", "CAM_BACK_RIGHT"], "token": "40847c1f1fd34cf2bdf278782dba841a", "scene": "scene-0017"}, {"images": ["samples/CAM_FRONT_LEFT/n015-2018-07-18-11-41-49+0800__CAM_FRONT_LEFT__1531885769404844.jpg", "samples/CAM_FRONT/n015-2018-07-18-11-41-49+0800__CAM_FRONT__1531885769412463.jpg", "samples/CAM_FRONT_RIGHT/n015-2018-07-18-11-41-49+0800__CAM_FRONT_RIGHT__1531885769420339.jpg", "samples/CAM_BACK_LEFT/n015-2018-07-18-11-41-49+0800__CAM_BACK_LEFT__1531885769447695.jpg", "samples/CAM_BACK/n015-2018-07-18-11-41-49+0800__CAM_BACK__1531885769437525.jpg", "samples/CAM_BACK_RIGHT/n015-2018-07-18-11-41-49+0800__CAM_BACK_RIGHT__1531885769427893.jpg"], "intrinsics": [[[1272.5979470598488, 0.0, 826.6154927353808], [0.0, 1272.5979470598488, 479.75165386361925], [0.0, 0.0, 1.0]], [[1266.417203046554, 0.0, 816.2670197447984], [0.0, 1266.417203046554, 491.50706579294757], [0.0, 0.0, 1.0]], [[1260.8474446004698, 0.0, 807.968244525554], [0.0, 1260.8474446004698, 495.3344268742088], [0.0, 0.0, 1.0]], [[1256.7414812095406, 0.0, 792.1125740759628], [0.0, 1256.7414812095406, 492.7757465151356], [0.0, 0.0, 1.0]], [[809.2209905677063, 0.0, 829.2196003259838], [0.0, 809.2209905677063, 481.77842384512485], [0.0, 0.0, 1.0]], [[1259.5137405846733, 0.0, 807.2529053838625], [0.0, 1259.5137405846733, 501.19579884916527], [0.0, 0.0, 1.0]]], "extrinsics": [[[0.8203120827674866, -0.571720540523529, 0.014954418875277042, -0.6917724609375], [-0.00014805987302679569, -0.02636021375656128, -0.9996525049209595, 1.5082546472549438], [0.5719161033630371, 0.820024847984314, -0.021708253771066666, -1.09234619140625], [0.0, 0.0, 0.0, 1.0]], [[0.0051261852495372295, -0.9995349645614624, 0.03006001189351082, 0.00824737548828125], [-0.005378611385822296, -0.030087534338235855, -0.9995328187942505, 1.5191140174865723], [0.9999723434448242, 0.004962083883583546, -0.0055303447879850864, -1.418701171875], [0.0, 0.0, 0.0, 1.0]], [[-0.8331131935119629, -0.5530624389648438, 0.006665333639830351, 0.85498046875], [0.00032770694815553725, -0.012544381432235241, -0.9999212622642517, 1.50373375415802], [0.553102433681488, -0.8330453038215637, 0.010632133111357689, -1.12908935546875], [0.0, 0.0, 0.0, 1.0]], [[0.9477201104164124, 0.3190596401691437, -0.005254922900348902, -1.132568359375], [0.008623963221907616, -0.042071063071489334, -0.9990774393081665, 1.5886478424072266], [-0.31898635625839233, 0.9468004107475281, -0.04262314736843109, -0.107025146484375], [0.0, 0.0, 0.0, 1.0]], [[0.0023735021241009235, 0.9994737505912781, -0.03235160559415817, 0.00225830078125], [-0.016576586291193962, -0.03230792284011841, -0.9993405342102051, 1.5779685974121094], [-0.9998597502708435, 0.0029082167893648148, 0.016491180285811424, -0.083251953125], [0.0, 0.0, 0.0, 1.0]], [[-0.9347290992736816, 0.3547273576259613, -0.021212313324213028, 0.9891357421875], [0.01613762229681015, -0.017258571460843086, -0.9997208118438721, 1.5539989471435547], [-0.3549945056438446, -0.9348105192184448, 0.010407633148133755, -0.1181640625], [0.0, 0.0, 0.0, 1.0]]], "view": [[0.0, -2.0, 100.0], [-2.0, 0.0, 100.0], [0.0, 0.0, 1.0]], "bev": "bev_3adeaa8b4f5f4b32a361534424ec6c71.png", "aux": "aux_3adeaa8b4f5f4b32a361534424ec6c71.npz", "visibility": "visibility_3adeaa8b4f5f4b32a361534424ec6c71.png", "pose": [[-0.37068504095077515, 0.9287586212158203, 0.0, 418.5311279296875], [-0.9287586212158203, -0.37068504095077515, 0.0, 1199.8486328125], [0.0, 0.0, 1.0, 0.0], [0.0, 0.0, 0.0, 1.0]], "pose_inverse": [[-0.37068504095077515, -0.9287586212158203, 0.0, 1269.5130615234375], [0.9287586212158203, -0.37068504095077515, 0.0, 56.05152130126953], [0.0, 0.0, 1.0, 0.0], [0.0, 0.0, 0.0, 1.0]], "cam_ids": [0, 1, 2, 3, 4, 5], "cam_channels": ["CAM_FRONT_LEFT", "CAM_FRONT", "CAM_FRONT_RIGHT", "CAM_BACK_LEFT", "CAM_BACK", "CAM_BACK_RIGHT"], "token": "3adeaa8b4f5f4b32a361534424ec6c71", "scene": "scene-0017"}, {"images": ["samples/CAM_FRONT_LEFT/n015-2018-07-18-11-41-49+0800__CAM_FRONT_LEFT__1531885769904844.jpg", "samples/CAM_FRONT/n015-2018-07-18-11-41-49+0800__CAM_FRONT__1531885769912469.jpg", "samples/CAM_FRONT_RIGHT/n015-2018-07-18-11-41-49+0800__CAM_FRONT_RIGHT__1531885769920339.jpg", "samples/CAM_BACK_LEFT/n015-2018-07-18-11-41-49+0800__CAM_BACK_LEFT__1531885769947423.jpg", "samples/CAM_BACK/n015-2018-07-18-11-41-49+0800__CAM_BACK__1531885769937525.jpg", "samples/CAM_BACK_RIGHT/n015-2018-07-18-11-41-49+0800__CAM_BACK_RIGHT__1531885769927893.jpg"], "intrinsics": [[[1272.5979470598488, 0.0, 826.6154927353808], [0.0, 1272.5979470598488, 479.75165386361925], [0.0, 0.0, 1.0]], [[1266.417203046554, 0.0, 816.2670197447984], [0.0, 1266.417203046554, 491.50706579294757], [0.0, 0.0, 1.0]], [[1260.8474446004698, 0.0, 807.968244525554], [0.0, 1260.8474446004698, 495.3344268742088], [0.0, 0.0, 1.0]], [[1256.7414812095406, 0.0, 792.1125740759628], [0.0, 1256.7414812095406, 492.7757465151356], [0.0, 0.0, 1.0]], [[809.2209905677063, 0.0, 829.2196003259838], [0.0, 809.2209905677063, 481.77842384512485], [0.0, 0.0, 1.0]], [[1259.5137405846733, 0.0, 807.2529053838625], [0.0, 1259.5137405846733, 501.19579884916527], [0.0, 0.0, 1.0]]], "extrinsics": [[[0.819961667060852, -0.5724132657051086, -0.002418819349259138, -0.699951171875], [-0.01763678342103958, -0.021040013059973717, -0.9996230602264404, 1.5025634765625], [0.5721465349197388, 0.8196953535079956, -0.027347533032298088, -1.095947265625], [0.0, 0.0, 0.0, 1.0]], [[0.004846334923058748, -0.9996787309646606, 0.02487841062247753, 0.006702423095703125], [-0.02262859418988228, -0.024981966242194176, -0.9994317889213562, 1.5145015716552734], [0.9997321963310242, 0.004280647728592157, -0.022742394357919693, -1.4254150390625], [0.0, 0.0, 0.0, 1.0]], [[-0.8332893252372742, -0.5525395274162292, 0.018133031204342842, 0.85791015625], [-0.01667405106127262, -0.007665813900530338, -0.9998315572738647, 1.500152587890625], [0.5525854825973511, -0.8334513902664185, -0.002825230360031128, -1.1326904296875], [0.0, 0.0, 0.0, 1.0]], [[0.9476243257522583, 0.31884706020355225, -0.018562041223049164, -1.130126953125], [-0.006901631131768227, -0.03766154870390892, -0.9992666840553284, 1.5884714126586914], [-0.31931236386299133, 0.9470576047897339, -0.0334884375333786, -0.10791015625], [0.0, 0.0, 0.0, 1.0]], [[0.0023910119