[{"images": ["samples/CAM_FRONT_LEFT/n015-2018-10-08-16-03-24+0800__CAM_FRONT_LEFT__1538985929754844.jpg", "samples/CAM_FRONT/n015-2018-10-08-16-03-24+0800__CAM_FRONT__1538985929762460.jpg", "samples/CAM_FRONT_RIGHT/n015-2018-10-08-16-03-24+0800__CAM_FRONT_RIGHT__1538985929770339.jpg", "samples/CAM_BACK_LEFT/n015-2018-10-08-16-03-24+0800__CAM_BACK_LEFT__1538985929797423.jpg", "samples/CAM_BACK/n015-2018-10-08-16-03-24+0800__CAM_BACK__1538985929787525.jpg", "samples/CAM_BACK_RIGHT/n015-2018-10-08-16-03-24+0800__CAM_BACK_RIGHT__1538985929777893.jpg"], "intrinsics": [[[1272.5979470598488, 0.0, 826.6154927353808], [0.0, 1272.5979470598488, 479.75165386361925], [0.0, 0.0, 1.0]], [[1266.417203046554, 0.0, 816.2670197447984], [0.0, 1266.417203046554, 491.50706579294757], [0.0, 0.0, 1.0]], [[1260.8474446004698, 0.0, 807.968244525554], [0.0, 1260.8474446004698, 495.3344268742088], [0.0, 0.0, 1.0]], [[1256.7414812095406, 0.0, 792.1125740759628], [0.0, 1256.7414812095406, 492.7757465151356], [0.0, 0.0, 1.0]], [[809.2209905677063, 0.0, 829.2196003259838], [0.0, 809.2209905677063, 481.77842384512485], [0.0, 0.0, 1.0]], [[1259.5137405846733, 0.0, 807.2529053838625], [0.0, 1259.5137405846733, 501.19579884916527], [0.0, 0.0, 1.0]]], "extrinsics": [[[0.8198391795158386, -0.5721410512924194, 0.02276742272078991, -0.72998046875], [0.011114731431007385, -0.023852936923503876, -0.999653697013855, 1.511505126953125], [0.5724859237670898, 0.819808304309845, -0.013196379877626896, -1.12158203125], [0.0, 0.0, 0.0, 1.0]], [[0.004479492083191872, -0.9995993971824646, 0.02794511243700981, 0.010009765625], [0.005910349544137716, -0.027918441221117973, -0.9995927810668945, 1.5220184326171875], [0.9999724626541138, 0.004642894025892019, 0.005782919470220804, -1.46026611328125], [0.0, 0.0, 0.0, 1.0]], [[-0.8332521915435791, -0.5528799891471863, -0.003790345974266529, 0.8843994140625], [0.011644052341580391, -0.010694111697375774, -0.9998749494552612, 1.5057659149169922], [0.5527703762054443, -0.8331922292709351, 0.015348657965660095, -1.146728515625], [0.0, 0.0, 0.0, 1.0]], [[0.9477256536483765, 0.31902092695236206, 0.006452291272580624, -1.142822265625], [0.020538263022899628, -0.0408095084130764, -0.9989558458328247, 1.5885391235351562], [-0.31842440366744995, 0.9468686580657959, -0.04522835835814476, -0.103759765625], [0.0, 0.0, 0.0, 1.0]], [[0.0029526478610932827, 0.999517023563385, -0.030934853479266167, 0.001708984375], [-0.004957801662385464, -0.03091997653245926, -0.9995095729827881, 1.579071044921875], [-0.9999833106994629, 0.0031046434305608273, 0.004864110145717859, -0.06329345703125], [0.0, 0.0, 0.0, 1.0]], [[-0.934334397315979, 0.3550143539905548, -0.031366977840662, 1.014678955078125], [0.027598746120929718, -0.015674619004130363, -0.9994961619377136, 1.5550518035888672], [-0.35532712936401367, -0.9347294569015503, 0.004847384989261627, -0.107666015625], [0.0, 0.0, 0.0, 1.0]]], "view": [[0.0, -2.0, 100.0], [-2.0, 0.0, 100.0], [0.0, 0.0, 1.0]], "bev": "bev_43750d002ae24b60b3b4e0e794553898.png", "aux": "aux_43750d002ae24b60b3b4e0e794553898.npz", "visibility": "visibility_43750d002ae24b60b3b4e0e794553898.png", "pose": [[-0.7908413410186768, -0.6120212078094482, 0.0, 1898.9031982421875], [0.6120212078094482, -0.7908413410186768, 0.0, 1515.70458984375], [0.0, 0.0, 1.0, 0.0], [0.0, 0.0, 0.0, 1.0]], "pose_inverse": [[-0.7908413410186768, 0.6120212078094482, 0.0, 574.0878295898438], [-0.6120212078094482, -0.7908413410186768, 0.0, 2360.850830078125], [0.0, 0.0, 1.0, 0.0], [0.0, 0.0, 0.0, 1.0]], "cam_ids": [0, 1, 2, 3, 4, 5], "cam_channels": ["CAM_FRONT_LEFT", "CAM_FRONT", "CAM_FRONT_RIGHT", "CAM_BACK_LEFT", "CAM_BACK", "CAM_BACK_RIGHT"], "token": "43750d002ae24b60b3b4e0e794553898", "scene": "scene-0853"}, {"images": ["samples/CAM_FRONT_LEFT/n015-2018-10-08-16-03-24+0800__CAM_FRONT_LEFT__1538985930254844.jpg", "samples/CAM_FRONT/n015-2018-10-08-16-03-24+0800__CAM_FRONT__1538985930262460.jpg", "samples/CAM_FRONT_RIGHT/n015-2018-10-08-16-03-24+0800__CAM_FRONT_RIGHT__1538985930270339.jpg", "samples/CAM_BACK_LEFT/n015-2018-10-08-16-03-24+0800__CAM_BACK_LEFT__1538985930297423.jpg", "samples/CAM_BACK/n015-2018-10-08-16-03-24+0800__CAM_BACK__1538985930287525.jpg", "samples/CAM_BACK_RIGHT/n015-2018-10-08-16-03-24+0800__CAM_BACK_RIGHT__1538985930277893.jpg"], "intrinsics": [[[1272.5979470598488, 0.0, 826.6154927353808], [0.0, 1272.5979470598488, 479.75165386361925], [0.0, 0.0, 1.0]], [[1266.417203046554, 0.0, 816.2670197447984], [0.0, 1266.417203046554, 491.50706579294757], [0.0, 0.0, 1.0]], [[1260.8474446004698, 0.0, 807.968244525554], [0.0, 1260.8474446004698, 495.3344268742088], [0.0, 0.0, 1.0]], [[1256.7414812095406, 0.0, 792.1125740759628], [0.0, 1256.7414812095406, 492.7757465151356], [0.0, 0.0, 1.0]], [[809.2209905677063, 0.0, 829.2196003259838], [0.0, 809.2209905677063, 481.77842384512485], [0.0, 0.0, 1.0]], [[1259.5137405846733, 0.0, 807.2529053838625], [0.0, 1259.5137405846733, 501.19579884916527], [0.0, 0.0, 1.0]]], "extrinsics": [[[0.818780779838562, -0.5734509825706482, 0.027425609529018402, -0.74285888671875], [0.020368052646517754, -0.018725477159023285, -0.9996171593666077, 1.5137920379638672], [0.5737448930740356, 0.8190258145332336, -0.0036519805435091257, -1.129638671875], [0.0, 0.0, 0.0, 1.0]], [[0.0029754205606877804, -0.9997341632843018, 0.022863658145070076, 0.00927734375], [0.015582943335175514, -0.022814631462097168, -0.9996182918548584, 1.5240478515625], [0.9998741745948792, 0.0033306542318314314, 0.015510915778577328, -1.471923828125], [0.0, 0.0, 0.0, 1.0]], [[-0.8337145447731018, -0.5519902110099792, -0.015061907470226288, 0.89111328125], [0.02179984748363495, -0.005646402481943369, -0.9997463822364807, 1.5073896646499634], [0.5517651438713074, -0.8338314294815063, 0.016740789636969566, -1.15234375], [0.0, 0.0, 0.0, 1.0]], [[0.9474990367889404, 0.31919756531715393, 0.018933800980448723, -1.1419677734375], [0.03214613348245621, -0.03617450222373009, -0.9988282918930054, 1.5885734558105469], [-0.3181386888027191, 0.9469975233078003, -0.044536273926496506, -0.104248046875], [0.0, 0.0, 0.0, 1.0]], [[0.0034115640446543694, 0.9996541142463684, -0.026077624410390854, 0.002197265625], [0.006127269007265568, -0.026098184287548065, -0.9996406435966492, 1.5797691345214844], [-0.9999753832817078, 0.003250529058277607, -0.00621418422088027, -0.061767578125], [0.0, 0.0, 0.0, 1.0]], [[-0.9337366223335266, 0.35577768087387085, -0.03947371244430542, 1.0198822021484375], [0.03815484791994095, -0.010726138018071651, -0.9992142915725708, 1.5561940670013428], [-0.35592159628868103, -0.9345090389251709, -0.0035592555068433285, -0.106201171875], [0.0, 0.0, 0.0, 1.0]]], "view": [[0.0, -2.0, 100.0], [-2.0, 0.0, 100.0], [0.0, 0.0, 1.0]], "bev": "bev_c44cd7e34af741cc8689678e57676f1d.png", "aux": "aux_c44cd7e34af741cc8689678e57676f1d.npz", "visibility": "visibility_c44cd7e34af741cc8689678e57676f1d.png", "pose": [[-0.8097761869430542, -0.5867389440536499, 0.0, 1896.3353271484375], [0.5867389440536499, -0.8097761869430542, 0.0, 1517.662109375], [0.0, 0.0, 1.0, 0.0], [0.0, 0.0, 0.0, 1.0]], "pose_inverse": [[-0.8097761869430542, 0.5867389440536499, 0.0, 645.1356811523438], [-0.5867389440536499, -0.8097761869430542, 0.0, 2341.620361328125], [0.0, 0.0, 1.0, 0.0], [0.0, 0.0, 0.0, 1.0]], "cam_ids": [0, 1, 2, 3, 4, 5], "cam_channels": ["CAM_FRONT_LEFT", "CAM_FRONT", "CAM_FRONT_RIGHT", "CAM_BACK_LEFT", "CAM_BACK", "CAM_BACK_RIGHT"], "token": "c44cd7e34af741cc8689678e57676f1d", "scene": "scene-0853"}, {"images": ["samples/CAM_FRONT_LEFT/n015-2018-10-08-16-03-24+0800__CAM_FRONT_LEFT__1538985930754844.jpg", "samples/CAM_FRONT/n015-2018-10-08-16-03-24+0800__CAM_FRONT__1538985930762460.jpg", "samples/CAM_FRONT_RIGHT/n015-2018-10-08-16-03-24+0800__CAM_FRONT_RIGHT__1538985930770339.jpg", "samples/CAM_BACK_LEFT/n015-2018-10-08-16-03-24+0800__CAM_BACK_LEFT__1538985930797423.jpg", "samples/CAM_BACK/n015-2018-10-08-16-03-24+0800__CAM_BACK__1538985930787525.jpg", "samples/CAM_BACK_RIGHT/n015-2018-10-08-16-03-24+0800__CAM_BACK_RIGHT__1538985930777893.jpg"], "intrinsics": [[[1272.5979470598488, 0.0, 826.6154927353808], [0.0, 1272.5979470598488, 479.75165386361925], [0.0, 0.0, 1.0]], [[1266.417203046554, 0.0, 816.2670197447984], [0.0, 1266.417203046554, 491.50706579294757], [0.0, 0.0, 1.0]], [[1260.8474446004698, 0.0, 807.968244525554], [0.0, 1260.8474446004698, 495.3344268742088], [0.0, 0.0, 1.0]], [[1256.7414812095406, 0.0, 792.1125740759628], [0.0, 1256.7414812095406, 492.7757465151356], [0.0, 0.0, 1.0]], [[809.2209905677063, 0.0, 829.2196003259838], [0.0, 809.2209905677063, 481.77842384512485], [0.0, 0.0, 1.0]], [[1259.5137405846733, 0.0, 807.2529053838625], [0.0, 1259.5137405846733, 501.19579884916527], [0.0, 0.0, 1.0]]], "extrinsics": [[[0.8187652826309204, -0.5732071995735168, 0.0325084812939167, -0.77130126953125], [0.02720155194401741, -0.017828796058893204, -0.9994709491729736, 1.5146751403808594], [0.5734835863113403, 0.8192164301872253, 0.0009945243364199996, -1.148681640625], [0.0, 0.0, 0.0, 1.0]], [[0.0030192777048796415, -0.9997552633285522, 0.02191503532230854, 0.008056640625], [0.021723708137869835, -0.021844390779733658, -0.9995253682136536, 1.5247726440429688], [0.9997593760490417, 0.0034939590841531754, 0.021652434021234512, -1.499755859375], [0.0, 0.0, 0.0, 1.0]], [[-0.8335796594619751, -0.5520310997962952, -0.020165445283055305, 0.90869140625], [0.02721957303583622, -0.004586552735418081, -0.9996189475059509, 1.5077190399169922], [0.5517283082008362, -0.8338109254837036, 0.018849307671189308, -1.16455078125], [0.0, 0.0, 0.0, 1.0]], [[0.9473588466644287, 0.31938448548316956, 0.02246681973338127, -1.14111328125], [0.03540222719311714, -0.034752652049064636, -0.99876868724823, 1.5886001586914062], [-0.3182103633880615, 0.9469877481460571, -0.044230155646800995, -0.1043701171875], [0.0, 0.0, 0.0, 1.0]], [[0.0034000976011157036, 0.9996876120567322, -0.024762025102972984, 0.00244140625], [0.010141478851437569, -0.02479536272585392, -0.9996411204338074, 1.5799293518066406], [-0.9999428391456604, 0.0031477457378059626, -0.010222617536783218, -0.0533447265625], [0.0, 0.0, 0.0, 1.0]], [[-0.9335697889328003, 0.35574209690093994, -0.04353168234229088, 1.035125732421875], [0.04294288530945778, -0.009555685333907604, -0.9990318417549133, 1.5561027526855469], [-0.35581380128860474, -0.9345353245735168, -0.006355698686093092, -0.100830078125], [0.0, 0.0, 0.0, 1.0]]], "view": [[0.0, -2.0, 100.0], [-2.0, 0.0, 100.0], [0.0, 0.0, 1.0]], "bev": "bev_e9c603782a2d4dc9be5c2bb2505d425c.png", "aux": "aux_e9c603782a2d4dc9be5c2bb2505d425c.npz", "visibility": "visibility_e9c603782a2d4dc9be5c2bb2505d425c.png", "pose": [[-0.8304507732391357, -0.557092010974884, 0.0, 1893.9639892578125], [0.557092010974884, -0.8304507732391357, 0.0, 1519.3582763671875], [0.0, 0.0, 1.0, 0.0], [0.0, 0.0, 0.0, 1.0]], "pose_inverse": [[-0.8304507732391357, 0.557092010974884, 0.0, 726.4215698242188], [-0.557092010974884, -0.8304507732391357, 0.0, 2316.864501953125], [0.0, 0.0, 1.0, 0.0], [0.0, 0.0, 0.0, 1.0]], "cam_ids": [0, 1, 2, 3, 4, 5], "cam_channels": ["CAM_FRONT_LEFT", "CAM_FRONT", "CAM_FRONT_RIGHT", "CAM_BACK_LEFT", "CAM_BACK", "CAM_BACK_RIGHT"], "token": "e9c603782a2d4dc9be5c2bb2505d425c", "scene": "scene-0853"}, {"images": ["samples/CAM_FRONT_LEFT/n015-2018-10-08-16-03-24+0800__CAM_FRONT_LEFT__1538985931254844.jpg", "samples/CAM_FRONT/n015-2018-10-08-16-03-24+0800__CAM_FRONT__1538985931262460.jpg", "samples/CAM_FRONT_RIGHT/n015-2018-10-08-16-03-24+0800__CAM_FRONT_RIGHT__1538985931270339.jpg", "samples/CAM_BACK_LEFT/n015-2018-10-08-16-03-24+0800__CAM_BACK_LEFT__1538985931297423.jpg", "samples/CAM_BACK/n015-2018-10-08-16-03-24+0800__CAM_BACK__1538985931287525.jpg", "samples/CAM_BACK_RIGHT/n015-2018-10-08-16-03-24+0800__CAM_BACK_RIGHT__1538985931277893.jpg"], "intrinsics": [[[1272.5979470598488, 0.0, 826.6154927353808], [0.0, 1272.5979470598488, 479.75165386361925], [0.0, 0.0, 1.0]], [[1266.417203046554, 0.0, 816.2670197447984], [0.0, 1266.417203046554, 491.50706579294757], [0.0, 0.0, 1.0]], [[1260.8474446004698, 0.0, 807.968244525554], [0.0, 1260.8474446004698, 495.3344268742088], [0.0, 0.0, 1.0]], [[1256.7414812095406, 0.0, 792.1125740759628], [0.0, 1256.7414812095406, 492.7757465151356], [0.0, 0.0, 1.0]], [[809.2209905677063, 0.0, 829.2196003259838], [0.0, 809.2209905677063, 481.77842384512485], [0.0, 0.0, 1.0]], [[1259.5137405846733, 0.0, 807.2529053838625], [0.0, 1259.5137405846733, 501.19579884916527], [0.0, 0.0, 1.0]]], "extrinsics": [[[0.818964958190918, -0.5728886127471924, 0.03309088200330734, -0.790771484375], [0.027133671566843987, -0.018941260874271393, -0.9994523525238037, 1.5140190124511719], [0.5732016563415527, 0.8194143772125244, 3.234114046790637e-05, -1.160888671875], [0.0, 0.0, 0.0, 1.0]], [[0.003408396616578102, -0.9997259974479675, 0.023155594244599342, 0.00732421875], [0.02182004787027836, -0.02307586744427681, -0.9994955658912659, 1.5243797302246094], [0.9997560977935791, 0.003911972511559725, 0.02173541858792305, -1.5181884765625], [0.0, 0.0, 0.0, 1.0]], [[-0.8333562612533569, -0.5523879528045654, -0.019619695842266083, 0.9200439453125], [0.02747601456940174, -0.00594757217913866, -0.9996047616004944, 1.5073881149291992], [0.5520528554916382, -0.8335659503936768, 0.020133867859840393, -1.17236328125], [0.0, 0.0, 0.0, 1.0]], [[0.9473482966423035, 0.31939831376075745, 0.02271125093102455, -1.1392822265625], [0.03621977940201759, -0.03641683980822563, -0.998680055141449, 1.5886573791503906], [-0.3181496560573578, 0.9469205737113953, -0.046067968010902405, -0.1048583984375], [0.0, 0.0, 0.0, 1.0]], [[0.0032815963495522738, 0.9996475577354431, -0.026344861835241318, 0.002197265625], [0.010746368207037449, -0.026378734037280083, -0.9995942711830139, 1.579925537109375], [-0.9999368786811829, 0.0029971229378134012, -0.010829146020114422, -0.0494384765625], [0.0, 0.0, 0.0, 1.0]], [[-0.9336515069007874, 0.3554157316684723, -0.04443546384572983, 1.0435409545898438], [0.043351005762815475, -0.011018812656402588, -0.9989991784095764, 1.5557451248168945], [-0.3555496335029602, -0.9346434473991394, -0.005119899287819862, -0.097900390625], [0.0, 0.0, 0.0, 1.0]]], "view": [[0.0, -2.0, 100.0], [-2.0, 0.0, 100.0], [0.0, 0.0, 1.0]], "bev": "bev_3d72fb53656d4c05bb7ec7564b66e476.png", "aux": "aux_3d72fb53656d4c05bb7ec7564b66e476.npz", "visibility": "visibility_3d72fb53656d4c05bb7ec7564b66e476.png", "pose": [[-0.8479011654853821, -0.5301543474197388, 0.0, 1891.861328125], [0.5301543474197388, -0.8479011654853821, 0.0, 1520.74609375], [0.0, 0.0, 1.0, 0.0], [0.0, 0.0, 0.0, 1.0]], "pose_inverse": [[-0.8479011654853821, 0.5301543474197388, 0.0, 797.8812255859375], [-0.5301543474197388, -0.8479011654853821, 0.0, 2292.4208984375], [0.0, 0.0, 1.0, 0.0], [0.0, 0.0, 0.0, 1.0]], "cam_ids": [0, 1, 2, 3, 4, 5], "cam_channels": ["CAM_FRONT_LEFT", "CAM_FRONT", "CAM_FRONT_RIGHT", "CAM_BACK_LEFT", "CAM_BACK", "CAM_BACK_RIGHT"], "token": "3d72fb53656d4c05bb7ec7564b66e476", "scene": "scene-0853"}, {"images": ["samples/CAM_FRONT_LEFT/n015-2018-10-08-16-03-24+0800__CAM_FRONT_LEFT__1538985931754844.jpg", "samples/CAM_FRONT/n015-2018-10-08-16-03-24+0800__CAM_FRONT__1538985931762460.jpg", "samples/CAM_FRONT_RIGHT/n015-2018-10-08-16-03-24+0800__CAM_FRONT_RIGHT__1538985931770381.jpg", "samples/CAM_BACK_LEFT/n015-2018-10-08-16-03-24+0800__CAM_BACK_LEFT__1538985931797423.jpg", "samples/CAM_BACK/n015-2018-10-08-16-03-24+0800__CAM_BACK__1538985931787525.jpg", "samples/CAM_BACK_RIGHT/n015-2018-10-08-16-03-24+0800__CAM_BACK_RIGHT__1538985931777893.jpg"], "intrinsics": [[[1272.5979470598488, 0.0, 826.6154927353808], [0.0, 1272.5979470598488, 479.75165386361925], [0.0, 0.0, 1.0]], [[1266.417203046554, 0.0, 816.2670197447984], [0.0, 1266.417203046554, 491.50706579294757], [0.0, 0.0, 1.0]], [[1260.8474446004698, 0.0, 807.968244525554], [0.0, 1260.8474446004698, 495.3344268742088], [0.0, 0.0, 1.0]], [[1256.7414812095406, 0.0, 792.1125740759628], [0.0, 1256.7414812095406, 492.7757465151356], [0.0, 0.0, 1.0]], [[809.2209905677063, 0.0, 829.2196003259838], [0.0, 809.2209905677063, 481.77842384512485], [0.0, 0.0, 1.0]], [[1259.5137405846733, 0.0, 807.2529053838625], [0.0, 1259.5137405846733, 501.19579884916527], [0.0, 0.0, 1.0]]], "extrinsics": [[[0.8191319704055786, -0.572533369064331, 0.03504738211631775, -0.81927490234375], [0.02915242686867714, -0.019468139857053757, -0.9993853569030762, 1.513427734375], [0.5728638172149658, 0.8196501731872559, 0.0007437597378157079, -1.1826171875], [0.0, 0.0, 0.0, 1.0]], [[0.0036045252345502377, -0.9997134804725647, 0.0236632339656353, 0.008056640625], [0.023977266624569893, -0.02357018180191517, -0.9994346499443054, 1.5240421295166016], [0.9997060298919678, 0.004169963300228119, 0.023885434493422508, -1.54901123046875], [0.0, 0.0, 0.0, 1.0]], [[-0.8332433104515076, -0.5524977445602417, -0.02125588245689869, 0.941162109375], [0.029755664989352226, -0.006421164143830538, -0.9995365142822266, 1.5069427490234375], [0.552105188369751, -0.8334895968437195, 0.021790334954857826, -1.18603515625], [0.0, 0.0, 0.0, 1.0]], [[0.9472410678863525, 0.31954193115234375, 0.025048620998859406, -1.1424560546875], [0.03888017311692238, -0.03697905316948891, -0.9985594153404236, 1.5885543823242188], [-0.31815534830093384, 0.9468502998352051, -0.0474519208073616, -0.103759765625], [0.0, 0.0, 0.0, 1.0]], [[0.003227544017136097, 0.999634325504303, -0.02684847265481949, 0.002197265625], [0.013297422789037228, -0.026889141649007797, -0.9995499849319458, 1.5799140930175781], [-0.9999064803123474, 0.0028691028710454702, -0.013379347510635853, -0.038330078125], [0.0, 0.0, 0.0, 1.0]], [[-0.9335843920707703, 0.3552819490432739, -0.04685050621628761, 1.0612709522247314], [0.04575385898351669, -0.011493011377751827, -0.9988866448402405, 1.5551128387451172], [-0.35542482137680054, -0.9346885681152344, -0.005525825545191765, -0.0908203125], [0.0, 0.0, 0.0, 1.0]]], "view": [[0.0, -2.0, 100.0], [-2.0, 0.0, 100.0], [0.0, 0.0, 1.0]], "bev": "bev_85f6c94e264c41668e0cad55c94a4938.png", "aux": "aux_85f6c94e264c41668e0cad55c94a4938.npz", "visibility": "visibility_85f6c94e264c41668e0cad55c94a4938.png", "pose": [[-0.8624527454376221, -0.5061376094818115, 0.0, 1889.9766845703125], [0.5061376094818115, -0.8624527454376221, 0.0, 1521.9251708984375], [0.0, 0.0, 1.0, 0.0], [0.0, 0.0, 0.0, 1.0]], "pose_inverse": [[-0.8624527454376221, 0.5061376094818115, 0.0, 859.7119750976562], [-0.5061376094818115, -0.8624527454376221, 0.0, 2269.1767578125], [0.0, 0.0, 1.0, 0.0], [0.0, 0.0, 0.0, 1.0]], "cam_ids": [0, 1, 2, 3, 4, 5], "cam_channels": ["CAM_FRONT_LEFT", "CAM_FRONT", "CAM_FRONT_RIGHT", "CAM_BACK_LEFT", "CAM_BACK", "CAM_BACK_RIGHT"], "token": "85f6c94e264c41668e0cad55c94a4938", "scene": "scene-0853"}, {"images": ["samples/CAM_FRONT_LEFT/n015-2018-10-08-16-03-24+0800__CAM_FRONT_LEFT__1538985932254844.jpg", "samples/CAM_FRONT/n015-2018-10-08-16-03-24+0800__CAM_FRONT__1538985932262460.jpg", "samples/CAM_FRONT_RIGHT/n015-2018-10-08-16-03-24+0800__CAM_FRONT_RIGHT__1538985932270339.jpg", "samples/CAM_BACK_LEFT/n015-2018-10-08-16-03-24+0800__CAM_BACK_LEFT__1538985932297427.jpg", "samples/CAM_BACK/n015-2018-10-08-16-03-24+0800__CAM_BACK__1538985932287525.jpg", "samples/CAM_BACK_RIGHT/n015-2018-10-08-16-03-24+0800__CAM_BACK_RIGHT__1538985932277893.jpg"], "intrinsics": [[[1272.5979470598488, 0.0, 826.6154927353808], [0.0, 1272.5979470598488, 479.75165386361925], [0.0, 0.0, 1.0]], [[1266.417203046554, 0.0, 816.2670197447984], [0.0, 1266.417203046554, 491.50706579294757], [0.0, 0.0, 1.0]], [[1260.8474446004698, 0.0, 807.968244525554], [0.0, 1260.8474446004698, 495.3344268742088], [0.0, 0.0, 1.0]], [[1256.7414812095406, 0.0, 792.1125740759628], [0.0, 1256.7414812095406, 492.7757465151356], [0.0, 0.0, 1.0]], [[809.2209905677063, 0.0, 829.2196003259838], [0.0, 809.2209905677063, 481.77842384512485], [0.0, 0.0, 1.0]], [[1259.5137405846733, 0.0, 807.2529053838625], [0.0, 1259.5137405846733, 501.19579884916527], [0.0, 0.0, 1.0]]], "extrinsics": [[[0.819258987903595, -0.5722459554672241, 0.03673354908823967, -0.83575439453125], [0.029560109600424767, -0.021828651428222656, -0.99932461977005, 1.5129108428955078], [0.572661280632019, 0.8197914958000183, -0.0009676669142208993, -1.192626953125], [0.0, 0.0, 0.0, 1.0]], [[0.0037936540320515633, -0.9996541738510132, 0.026020212098956108, 0.00732421875], [0.024294530972838402, -0.025920584797859192, -0.9993687272071838, 1.5237159729003906], [0.9996976256370544, 0.00442341947928071, 0.02418779395520687, -1.563232421875], [0.0, 0.0, 0.0, 1.0]], [[-0.8331645131111145, -0.5526585578918457, -0.020134782418608665, 0.94873046875], [0.02997327223420143, -0.008771609514951706, -0.9995121359825134, 1.506683349609375], [0.5522124171257019, -0.8333616256713867, 0.023873180150985718, -1.19189453125], [0.0, 0.0, 0.0, 1.0]], [[0.9472646117210388, 0.319543719291687, 0.024115344509482384, -1.140869140625], [0.03869420662522316, -0.03935319185256958, -0.9984758496284485, 1.5886077880859375], [-0.31810760498046875, 0.9467540383338928, -0.049642376601696014, -0.104248046875], [0.0, 0.0, 0.0, 1.0]], [[0.0032125685829669237, 0.999568521976471, -0.029197972267866135, 0.00244140625], [0.013255626894533634, -0.029238123446702957, -0.9994845986366272, 1.5798721313476562], [-0.9999069571495056, 0.0028238643426448107, -0.01334383524954319, -0.035888671875], [0.0, 0.0, 0.0, 1.0]], [[-0.9336087703704834, 0.35509321093559265, -0.04778780788183212, 1.0675392150878906], [0.04586275294423103, -0.013841679319739342, -0.9988518357276917, 1.5548210144042969], [-0.35534700751304626, -0.9347285032272339, -0.003362837014719844, -0.089111328125], [0.0, 0.0, 0.0, 1.0]]], "view": [[0.0, -2.0, 100.0], [-2.0, 0.0, 100.0], [0.0, 0.0, 1.0]], "bev": "bev_27ec52e7530d46f2ad6a9123ddea5538.png", "aux": "aux_27ec52e7530d46f2ad6a9123ddea5538.npz", "visibility": "visibility_27ec52e7530d46f2ad6a9123ddea5538.png", "pose": [[-0.876226544380188, -0.4818994700908661, 0.0, 1888.2999267578125], [0.4818994700908661, -0.876226544380188, 0.0, 1522.908203125], [0.0, 0.0, 1.0, 0.0], [0.0, 0.0, 0.0, 1.0]], "pose_inverse": [[-0.876226544380188, 0.4818994700908661, 0.0, 920.6898193359375], [-0.4818994700908661, -0.876226544380188, 0.0, 2244.38330078125], [0.0, 0.0, 1.0, 0.0], [0.0, 0.0, 0.0, 1.0]], "cam_ids": [0, 1, 2, 3, 4, 5], "cam_channels": ["CAM_FRONT_LEFT", "CAM_FRONT", "CAM_FRONT_RIGHT", "CAM_BACK_LEFT", "CAM_BACK", "CAM_BACK_RIGHT"], "token": "27ec52e7530d46f2ad6a9123ddea5538", "scene": "scene-0853"}, {"images": ["samples/CAM_FRONT_LEFT/n015-2018-10-08-16-03-24+0800__CAM_FRONT_LEFT__1538985932754844.jpg", "samples/CAM_FRONT/n015-2018-10-08-16-03-24+0800__CAM_FRONT__1538985932762460.jpg", "samples/CAM_FRONT_RIGHT/n015-2018-10-08-16-03-24+0800__CAM_FRONT_RIGHT__1538985932770339.jpg", "samples/CAM_BACK_LEFT/n015-2018-10-08-16-03-24+0800__CAM_BACK_LEFT__1538985932797438.jpg", "samples/CAM_BACK/n015-2018-10-08-16-03-24+0800__CAM_BACK__1538985932787525.jpg", "samples/CAM_BACK_RIGHT/n015-2018-10-08-16-03-24+0800__CAM_BACK_RIGHT__1538985932777893.jpg"], "intrinsics": [[[1272.5979470598488, 0.0, 826.6154927353808], [0.0, 1272.5979470598488, 479.75165386361925], [0.0, 0.0, 1.0]], [[1266.417203046554, 0.0, 816.2670197447984], [0.0, 1266.417203046554, 491.50706579294757], [0.0, 0.0, 1.0]], [[1260.8474446004698, 0.0, 807.968244525554], [0.0, 1260.8474446004698, 495.3344268742088], [0.0, 0.0, 1.0]], [[1256.7414812095406, 0.0, 792.1125740759628], [0.0, 1256.7414812095406, 492.7757465151356], [0.0, 0.0, 1.0]], [[809.2209905677063, 0.0, 829.2196003259838], [0.0, 809.2209905677063, 481.77842384512485], [0.0, 0.0, 1.0]], [[1259.5137405846733, 0.0, 807.2529053838625], [0.0, 1259.5137405846733, 501.19579884916527], [0.0, 0.0, 1.0]]], "extrinsics": [[[0.8189741969108582, -0.5722923874855042, 0.04198312759399414, -0.865081787109375], [0.031561773270368576, -0.028127772733569145, -0.9991059303283691, 1.5120906829833984], [0.5729616284370422, 0.8195670247077942, -0.004973358474671841, -1.209716796875], [0.0, 0.0, 0.0, 1.0]], [[0.0035544044803828, -0.9994699954986572, 0.032358769327402115, 0.005126953125], [0.02630380168557167, -0.032254330813884735, -0.9991335272789001, 1.5231666564941406], [0.9996476173400879, 0.00440245820209384, 0.02617521956562996, -1.591796875], [0.0, 0.0, 0.0, 1.0]], [[-0.8331430554389954, -0.5527542233467102, -0.018310148268938065, 0.967041015625], [0.03200323134660721, -0.015132582746446133, -0.9993731379508972, 1.5061368942260742], [0.5521306991577148, -0.833206832408905, 0.030297528952360153, -1.205810546875], [0.0, 0.0, 0.0, 1.0]], [[0.9472376704216003, 0.31962230801582336, 0.02413056418299675, -1.1429443359375], [0.0408613383769989, -0.045742325484752655, -0.998117208480835, 1.5885086059570312], [-0.3179166913032532, 0.9464402198791504, -0.05638905614614487, -0.103271484375], [0.0, 0.0, 0.0, 1.0]], [[0.0033047713804990053, 0.9993605613708496, -0.035603202879428864, 0.0029296875], [0.01537399087101221, -0.03564996272325516, -0.9992460608482361, 1.5797920227050781], [-0.9998763799667358, 0.0027549376245588064, -0.015481977723538876, -0.02691650390625], [0.0, 0.0, 0.0, 1.0]], [[-0.9334955215454102, 0.3548007905483246, -0.05198455974459648, 1.083709716796875], [0.04792431369423866, -0.020228374749422073, -0.9986461400985718, 1.5541462898254395], [-0.35537198185920715, -0.9347230792045593, 0.0018795125652104616, -0.084228515625], [0.0, 0.0, 0.0, 1.0]]], "view": [[0.0, -2.0, 100.0], [-2.0, 0.0, 100.0], [0.0, 0.0, 1.0]], "bev": "bev_af7c9f87b9b34d8ea7061dc7996d1ece.png", "aux": "aux_af7c9f87b9b34d8ea7061dc7996d1ece.npz", "visibility": "visibility_af7c9f87b9b34d8ea7061dc7996d1ece.png", "pose": [[-0.8880689740180969, -0.45971018075942993, 0.0, 1886.8619384765625], [0.45971018075942993, -0.8880689740180969, 0.0, 1523.6884765625], [0.0, 0.0, 1.0, 0.0], [0.0, 0.0, 0.0, 1.0]], "pose_inverse": [[-0.8880689740180969, 0.45971018075942993, 0.0, 975.20849609375], [-0.45971018075942993, -0.8880689740180969, 0.0, 2220.550048828125], [0.0, 0.0, 1.0, 0.0], [0.0, 0.0, 0.0, 1.0]], "cam_ids": [0, 1, 2, 3, 4, 5], "cam_channels": ["CAM_FRONT_LEFT", "CAM_FRONT", "CAM_FRONT_RIGHT", "CAM_BACK_LEFT", "CAM_BACK", "CAM_BACK_RIGHT"], "token": "af7c9f87b9b34d8ea7061dc7996d1ece", "scene": "scene-0853"}, {"images": ["samples/CAM_FRONT_LEFT/n015-2018-10-08-16-03-24+0800__CAM_FRONT_LEFT__1538985933254844.jpg", "samples/CAM_FRONT/n015-2018-10-08-16-03-24+0800__CAM_FRONT__1538985933262460.jpg", "samples/CAM_FRONT_RIGHT/n015-2018-10-08-16-03-24+0800__CAM_FRONT_RIGHT__1538985933270339.jpg", "samples/CAM_BACK_LEFT/n015-2018-10-08-16-03-24+0800__CAM_BACK_LEFT__1538985933297423.jpg", "samples/CAM_BACK/n015-2018-10-08-16-03-24+0800__CAM_BACK__1538985933287525.jpg", "samples/CAM_BACK_RIGHT/n015-2018-10-08-16-03-24+0800__CAM_BACK_RIGHT__1538985933277893.jpg"], "intrinsics": [[[1272.5979470598488, 0.0, 826.6154927353808], [0.0, 1272.5979470598488, 479.75165386361925], [0.0, 0.0, 1.0]], [[1266.417203046554, 0.0, 816.2670197447984], [0.0, 1266.417203046554, 491.50706579294757], [0.0, 0.0, 1.0]], [[1260.8474446004698, 0.0, 807.968244525554], [0.0, 1260.8474446004698, 495.3344268742088], [0.0, 0.0, 1.0]], [[1256.7414812095406, 0.0, 792.1125740759628], [0.0, 1256.7414812095406, 492.7757465151356], [0.0, 0.0, 1.0]], [[809.2209905677063, 0.0, 829.2196003259838], [0.0, 809.2209905677063, 481.77842384512485], [0.0, 0.0, 1.0]], [[1259.5137405846733, 0.0, 807.2529053838625], [0.0, 1259.5137405846733, 501.19579884916527], [0.0, 0.0, 1.0]]], "extrinsics": [[[0.8192809224128723, -0.5716018080711365, 0.04527869075536728, -0.880584716796875], [0.03505486622452736, -0.028887541964650154, -0.9989678263664246, 1.5118522644042969], [0.5723198056221008, 0.8200225234031677, -0.003629588056355715, -1.22216796875], [0.0, 0.0, 0.0, 1.0]], [[0.004133530426770449, -0.9994442462921143, 0.03307585418224335, 0.005859375], [0.02975780889391899, -0.032938551157712936, -0.9990143179893494, 1.5230560302734375], [0.9995485544204712, 0.005113688763231039, 0.029605116695165634, -1.6080322265625], [0.0, 0.0, 0.0, 1.0]], [[-0.8327598571777344, -0.5532438158988953, -0.02078847587108612, 0.97802734375], [0.03538930416107178, -0.01572166569530964, -0.9992499351501465, 1.5059562921524048], [0.5525019764900208, -0.8328709602355957, 0.03267129138112068, -1.212158203125], [0.0, 0.0, 0.0, 1.0]], [[0.9470986127853394, 0.3198050558567047, 0.027000555768609047, -1.1407470703125], [0.04399311915040016, -0.046028196811676025, -0.9979709386825562, 1.5886344909667969], [-0.31791335344314575, 0.94636470079422, -0.05766246095299721, -0.1044921875], [0.0, 0.0, 0.0, 1.0]], [[0.0031345845200121403, 0.9993470311164856, -0.035997018218040466, 0.00244140625], [0.018607277423143387, -0.0360492505133152, -0.9991768002510071, 1.5798301696777344], [-0.9998219609260559, 0.002462251577526331, -0.01870812475681305, -0.02301025390625], [0.0, 0.0, 0.0, 1.0]], [[-0.9334765076637268, 0.3543558120727539, -0.05525802820920944, 1.091827392578125], [0.051240865141153336, -0.020717639476060867, -0.9984714388847351, 1.5538926124572754], [-0.35495901107788086, -0.9348811507225037, 0.0011819287901744246, -0.080078125], [0.0, 0.0, 0.0, 1.0]]], "view": [[0.0, -2.0, 100.0], [-2.0, 0.0, 100.0], [0.0, 0.0, 1.0]], "bev": "bev_d21bfce5809c47d7998c8515e605637d.png", "aux": "aux_d21bfce5809c47d7998c8515e605637d.npz", "visibility": "visibility_d21bfce5809c47d7998c8515e605637d.png", "pose": [[-0.8971413373947144, -0.4417436122894287, 0.0, 1885.6357421875], [0.4417436122894287, -0.8971413373947144, 0.0, 1524.3179931640625], [0.0, 0.0, 1.0, 0.0], [0.0, 0.0, 0.0, 1.0]], "pose_inverse": [[-0.8971413373947144, 0.4417436122894287, 0.0, 1018.3240356445312], [-0.4417436122894287, -0.8971413373947144, 0.0, 2200.496337890625], [0.0, 0.0, 1.0, 0.0], [0.0, 0.0, 0.0, 1.0]], "cam_ids": [0, 1, 2, 3, 4, 5], "cam_channels": ["CAM_FRONT_LEFT", "CAM_FRONT", "CAM_FRONT_RIGHT", "CAM_BACK_LEFT", "CAM_BACK", "CAM_BACK_RIGHT"], "token": "d21bfce5809c47d7998c8515e605637d", "scene": "scene-0853"}, {"images": ["samples/CAM_FRONT_LEFT/n015-2018-10-08-16-03-24+0800__CAM_FRONT_LEFT__1538985933754844.jpg", "samples/CAM_FRONT/n015-2018-10-08-16-03-24+0800__CAM_FRONT__1538985933762460.jpg", "samples/CAM_FRONT_RIGHT/n015-2018-10-08-16-03-24+0800__CAM_FRONT_RIGHT__1538985933770339.jpg", "samples/CAM_BACK_LEFT/n015-2018-10-08-16-03-24+0800__CAM_BACK_LEFT__1538985933797423.jpg", "samples/CAM_BACK/n015-2018-10-08-16-03-24+0800__CAM_BACK__1538985933787525.jpg", "samples/CAM_BACK_RIGHT/n015-2018-10-08-16-03-24+0800__CAM_BACK_RIGHT__1538985933777893.jpg"], "intrinsics": [[[1272.5979470598488, 0.0, 826.6154927353808], [0.0, 1272.5979470598488, 479.75165386361925], [0.0, 0.0, 1.0]], [[1266.417203046554, 0.0, 816.2670197447984], [0.0, 1266.417203046554, 491.50706579294757], [0.0, 0.0, 1.0]], [[1260.8474446004698, 0.0, 807.968244525554], [0.0, 1260.8474446004698, 495.3344268742088], [0.0, 0.0, 1.0]], [[1256.7414812095406, 0.0, 792.1125740759628], [0.0, 1256.7414812095406, 492.7757465151356], [0.0, 0.0, 1.0]], [[809.2209905677063, 0.0, 829.2196003259838], [0.0, 809.2209905677063, 481.77842384512485], [0.0, 0.0, 1.0]], [[1259.5137405846733, 0.0, 807.2529053838625], [0.0, 1259.5137405846733, 501.19579884916527], [0.0, 0.0, 1.0]]], "extrinsics": [[[0.8193318247795105, -0.5712818503379822, 0.04829451069235802, -0.8909912109375], [0.03550003841519356, -0.03352215513586998, -0.9988073110580444, 1.5114631652832031], [0.5722194314002991, 0.8200690746307373, -0.007185238413512707, -1.229248046875], [0.0, 0.0, 0.0, 1.0]], [[0.004199795424938202, -0.9992757439613342, 0.03781876713037491, 0.005615234375], [0.03025081567466259, -0.037674836814403534, -0.998832106590271, 1.5227928161621094], [0.999533474445343, 0.005338981747627258, 0.030070677399635315, -1.6181640625], [0.0, 0.0, 0.0, 1.0]], [[-0.8327245712280273, -0.5533761382102966, -0.018565356731414795, 0.98388671875], [0.035947151482105255, -0.02057308331131935, -0.9991418719291687, 1.505730152130127], [0.5525193214416504, -0.8326773643493652, 0.03702400624752045, -1.216552734375], [0.0, 0.0, 0.0, 1.0]], [[0.9470969438552856, 0.31988319754600525, 0.026117172092199326, -1.139404296875], [0.04481794685125351, -0.05123855546116829, -0.9976803064346313, 1.58868408203125], [-0.31780296564102173, 0.9460704326629639, -0.06286438554525375, -0.1048583984375], [0.0, 0.0, 0.0, 1.0]], [[0.0031877350993454456, 0.9991509914398193, -0.04107530787587166, 0.002685546875], [0.019320586696267128, -0.04112939164042473, -0.9989670515060425, 1.5798110961914062], [-0.9998082518577576, 0.0023908293806016445, -0.019435293972492218, -0.0206298828125], [0.0, 0.0, 0.0, 1.0]], [[-0.9334457516670227, 0.3540635406970978, -0.05760248377919197, 1.096466064453125], [0.051869746297597885, -0.02566869929432869, -0.998323917388916, 1.553663969039917], [-0.35494861006736755, -0.934869110584259, 0.005595151335000992, -0.07861328125], [0.0, 0.0, 0.0, 1.0]]], "view": [[0.0, -2.0, 100.0], [-2.0, 0.0, 100.0], [0.0, 0.0, 1.0]], "bev": "bev_4f22035ca07e4974a8b3cb8f4d10b643.png", "aux": "aux_4f22035ca07e4974a8b3cb8f4d10b643.npz", "visibility": "visibility_4f22035ca07e4974a8b3cb8f4d10b643.png", "pose": [[-0.9045013785362244, -0.42647066712379456, 0.0, 1884.6226806640625], [0.42647066712379456, -0.9045013785362244, 0.0, 1524.816162109375], [0.0, 0.0, 1.0, 0.0], [0.0, 0.0, 0.0, 1.0]], "pose_inverse": [[-0.9045013785362244, 0.42647066712379456, 0.0, 1054.3544921875], [-0.42647066712379456, -0.9045013785362244, 0.0, 2182.9345703125], [0.0, 0.0, 1.0, 0.0], [0.0, 0.0, 0.0, 1.0]], "cam_ids": [0, 1, 2, 3, 4, 5], "cam_channels": ["CAM_FRONT_LEFT", "CAM_FRONT", "CAM_FRONT_RIGHT", "CAM_BACK_LEFT", "CAM_BACK", "CAM_BACK_RIGHT"], "token": "4f22035ca07e4974a8b3cb8f4d10b643", "scene": "scene-0853"}, {"images": ["samples/CAM_FRONT_LEFT/n015-2018-10-08-16-03-24+0800__CAM_FRONT_LEFT__1538985934254844.jpg", "samples/CAM_FRONT/n015-2018-10-08-16-03-24+0800__CAM_FRONT__1538985934262460.jpg", "samples/CAM_FRONT_RIGHT/n015-2018-10-08-16-03-24+0800__CAM_FRONT_RIGHT__1538985934270339.jpg", "samples/CAM_BACK_LEFT/n015-2018-10-08-16-03-24+0800__CAM_BACK_LEFT__1538985934297423.jpg", "samples/CAM_BACK/n015-2018-10-08-16-03-24+0800__CAM_BACK__1538985934287525.jpg", "samples/CAM_BACK_RIGHT/n015-2018-10-08-16-03-24+0800__CAM_BACK_RIGHT__1538985934277893.jpg"], "intrinsics": [[[1272.5979470598488, 0.0, 826.6154927353808], [0.0, 1272.5979470598488, 479.75165386361925], [0.0, 0.0, 1.0]], [[1266.417203046554, 0.0, 816.2670197447984], [0.0, 1266.417203046554, 491.50706579294757], [0.0, 0.0, 1.0]], [[1260.8474446004698, 0.0, 807.968244525554], [0.0, 1260.8474446004698, 495.3344268742088], [0.0, 0.0, 1.0]], [[1256.7414812095406, 0.0, 792.1125740759628], [0.0, 1256.7414812095406, 492.7757465151356], [0.0, 0.0, 1.0]], [[809.2209905677063, 0.0, 829.2196003259838], [0.0, 809.2209905677063, 481.77842384512485], [0.0, 0.0, 1.0]], [[1259.5137405846733, 0.0, 807.2529053838625], [0.0, 1259.5137405846733, 501.19579884916527], [0.0, 0.0, 1.0]]], "extrinsics": [[[0.8193608522415161, -0.5709784626960754, 0.05129680782556534, -0.901947021484375], [0.039144884794950485, -0.03354732692241669, -0.9986702799797058, 1.5112495422363281], [0.5719400644302368, 0.8202793002128601, -0.005136480089277029, -1.237060546875], [0.0, 0.0, 0.0, 1.0]], [[0.004410286899656057, -0.9992785453796387, 0.037721630185842514, 0.006103515625], [0.03386618196964264, -0.03755110502243042, -0.9987207055091858, 1.5226402282714844], [0.9994165897369385, 0.005682128015905619, 0.0336761400103569, -1.6304931640625], [0.0, 0.0, 0.0, 1.0]], [[-0.8324735760688782, -0.5536400079727173, -0.02169223129749298, 0.9931640625], [0.03952614590525627, -0.020290546119213104, -0.9990124702453613, 1.5055198669433594], [0.5526531338691711, -0.8325088024139404, 0.03877459838986397, -1.22216796875], [0.0, 0.0, 0.0, 1.0]], [[0.9469289779663086, 0.32007214426994324, 0.0296529158949852, -1.1424560546875], [0.04826253652572632, -0.05036524310708046, -0.9975640773773193, 1.5885467529296875], [-0.3177989721298218, 0.9460534453392029, -0.06313979625701904, -0.103759765625], [0.0, 0.0, 0.0, 1.0]], [[0.003067095298320055, 0.9991785287857056, -0.04040868207812309, 0.00244140625], [0.02283008024096489, -0.04046830162405968, -0.9989200234413147, 1.5797538757324219], [-0.99973464012146, 0.0021412400528788567, -0.022935448214411736, -0.0152587890625], [0.0, 0.0, 0.0, 1.0]], [[-0.9333412051200867, 0.3538120985031128, -0.060753460973501205, 1.1043701171875], [0.05541302636265755, -0.025215374305844307, -0.9981450438499451, 1.5533370971679688], [-0.35468772053718567, -0.9349765777587891, 0.003928747959434986, -0.075439453125], [0.0, 0.0, 0.0, 1.0]]], "view": [[0.0, -2.0, 100.0], [-2.0, 0.0, 100.0], [0.0, 0.0, 1.0]], "bev": "bev_393c9d5db9b7437998416919f1965088.png", "aux": "aux_393c9d5db9b7437998416919f1965088.npz", "visibility": "visibility_393c9d5db9b7437998416919f1965088.png", "pose": [[-0.9111095070838928, -0.4121643304824829, 0.0, 1883.74169921875], [0.4121643304824829, -0.9111095070838928, 0.0, 1525.2318115234375], [0.0, 0.0, 1.0, 0.0], [0.0, 0.0, 0.0, 1.0]], "pose_inverse": [[-0.9111095070838928, 0.4121643304824829, 0.0, 1087.6488037109375], [-0.4121643304824829, -0.9111095070838928, 0.0, 2166.064453125], [0.0, 0.0, 1.0, 0.0], [0.0, 0.0, 0.0, 1.0]], "cam_ids": [0, 1, 2, 3, 4, 5], "cam_channels": ["CAM_FRONT_LEFT", "CAM_FRONT", "CAM_FRONT_RIGHT", "CAM_BACK_LEFT", "CAM_BACK", "CAM_BACK_RIGHT"], "token": "393c9d5db9b7437998416919f1965088", "scene": "scene-0853"}, {"images": ["samples/CAM_FRONT_LEFT/n015-2018-10-08-16-03-24+0800__CAM_FRONT_LEFT__1538985934754844.jpg", "samples/CAM_FRONT/n015-2018-10-08-16-03-24+0800__CAM_FRONT__1538985934762460.jpg", "samples/CAM_FRONT_RIGHT/n015-2018-10-08-16-03-24+0800__CAM_FRONT_RIGHT__1538985934770339.jpg", "samples/CAM_BACK_LEFT/n015-2018-10-08-16-03-24+0800__CAM_BACK_LEFT__1538985934797423.jpg", "samples/CAM_BACK/n015-2018-10-08-16-03-24+0800__CAM_BACK__1538985934787525.jpg", "samples/CAM_BACK_RIGHT/n015-2018-10-08-16-03-24+0800__CAM_BACK_RIGHT__1538985934777893.jpg"], "intrinsics": [[[1272.5979470598488, 0.0, 826.6154927353808], [0.0, 1272.5979470598488, 479.75165386361925], [0.0, 0.0, 1.0]], [[1266.417203046554, 0.0, 816.2670197447984], [0.0, 1266.417203046554, 491.50706579294757], [0.0, 0.0, 1.0]], [[1260.8474446004698, 0.0, 807.968244525554], [0.0, 1260.8474446004698, 495.3344268742088], [0.0, 0.0, 1.0]], [[1256.7414812095406, 0.0, 792.1125740759628], [0.0, 1256.7414812095406, 492.7757465151356], [0.0, 0.0, 1.0]], [[809.2209905677063, 0.0, 829.2196003259838], [0.0, 809.2209905677063, 481.77842384512485], [0.0, 0.0, 1.0]], [[1259.5137405846733, 0.0, 807.2529053838625], [0.0, 1259.5137405846733, 501.19579884916527], [0.0, 0.0, 1.0]]], "extrinsics": [[[0.8193262815475464, -0.57110196352005, 0.05046715587377548, -0.909332275390625], [0.039906710386276245, -0.031003320589661598, -0.99872225522995, 1.510965347290039], [0.5719369649887085, 0.8202933669090271, -0.0026110345497727394, -1.241943359375], [0.0, 0.0, 0.0, 1.0]], [[0.004397050943225622, -0.9993728995323181, 0.03513418138027191, 0.005859375], [0.03466577082872391, -0.03496107459068298, -0.9987872838973999, 1.5224685668945312], [0.9993892908096313, 0.005609684623777866, 0.034490302205085754, -1.6368408203125], [0.0, 0.0, 0.0, 1.0]], [[-0.8324385285377502, -0.5536041259765625, -0.023841947317123413, 0.996826171875], [0.040356073528528214, -0.017657289281487465, -0.9990293383598328, 1.5053682327270508], [0.5526458024978638, -0.8325927257537842, 0.037039898335933685, -1.224853515625], [0.0, 0.0, 0.0, 1.0]], [[0.9468628764152527, 0.32010093331336975, 0.031401216983795166, -1.142822265625], [0.049209870398044586, -0.04769623279571533, -0.9976489543914795, 1.5885200500488281], [-0.31785064935684204, 0.9461820125579834, -0.060913920402526855, -0.1033935546875], [0.0, 0.0, 0.0, 1.0]], [[0.0030197822488844395, 0.999282956123352, -0.03774186596274376, 0.002685546875], [0.023734115064144135, -0.03780302777886391, -0.9990033507347107, 1.5797233581542969], [-0.9997137188911438, 0.002120977034792304, -0.023831253871