[{"images": ["samples/CAM_FRONT_LEFT/n008-2018-08-28-16-16-48-0400__CAM_FRONT_LEFT__1535487682754799.jpg", "samples/CAM_FRONT/n008-2018-08-28-16-16-48-0400__CAM_FRONT__1535487682762404.jpg", "samples/CAM_FRONT_RIGHT/n008-2018-08-28-16-16-48-0400__CAM_FRONT_RIGHT__1535487682770482.jpg", "samples/CAM_BACK_LEFT/n008-2018-08-28-16-16-48-0400__CAM_BACK_LEFT__1535487682797405.jpg", "samples/CAM_BACK/n008-2018-08-28-16-16-48-0400__CAM_BACK__1535487682787558.jpg", "samples/CAM_BACK_RIGHT/n008-2018-08-28-16-16-48-0400__CAM_BACK_RIGHT__1535487682778113.jpg"], "intrinsics": [[[1257.8625342125129, 0.0, 827.2410631095686], [0.0, 1257.8625342125129, 450.915498205774], [0.0, 0.0, 1.0]], [[1252.8131021185304, 0.0, 826.588114781398], [0.0, 1252.8131021185304, 469.9846626224581], [0.0, 0.0, 1.0]], [[1256.7485116440405, 0.0, 817.7887570959712], [0.0, 1256.7485116440403, 451.9541780095127], [0.0, 0.0, 1.0]], [[1254.9860565800168, 0.0, 829.5769333630991], [0.0, 1254.9860565800168, 467.1680561863987], [0.0, 0.0, 1.0]], [[796.8910634503094, 0.0, 857.7774326863696], [0.0, 796.8910634503094, 476.8848988407415], [0.0, 0.0, 1.0]], [[1249.9629280788233, 0.0, 825.3768045375984], [0.0, 1249.9629280788233, 462.54816385708756], [0.0, 0.0, 1.0]]], "extrinsics": [[[0.8225106596946716, -0.5685932636260986, -0.013339601457118988, -1.00506591796875], [0.014361495152115822, 0.044210273772478104, -0.9989190101623535, 1.4882965087890625], [0.5685684084892273, 0.821429967880249, 0.0445292703807354, -1.3333740234375], [0.0, 0.0, 0.0, 1.0]], [[0.0102830296382308, -0.9991496205329895, -0.03992747142910957, 0.00537109375], [0.016333438456058502, 0.04009208828210831, -0.9990624785423279, 1.48016357421875], [0.9998137354850769, 0.009621184319257736, 0.016731813549995422, -1.734771728515625], [0.0, 0.0, 0.0, 1.0]], [[-0.8438678979873657, -0.5352464914321899, -0.03739062324166298, 1.0904541015625], [0.02435789816081524, 0.031399063766002655, -0.9992100596427917, 1.4930648803710938], [0.535997748374939, -0.8441121578216553, -0.01345918420702219, -1.277587890625], [0.0, 0.0, 0.0, 1.0]], [[0.9478922486305237, 0.3182893693447113, 0.013870405964553356, -1.14398193359375], [-0.0010205678408965468, 0.04657001048326492, -0.9989145398139954, 1.562042236328125], [-0.31858983635902405, 0.9468491077423096, 0.04446818307042122, -0.1561279296875], [0.0, 0.0, 0.0, 1.0]], [[0.009200462140142918, 0.9991945624351501, 0.039059750735759735, -0.02880859375], [0.0011020087404176593, 0.03905124589800835, -0.9992365837097168, 1.5680618286132812], [-0.9999570846557617, 0.009236547164618969, -0.000741832482162863, 0.044342041015625], [0.0, 0.0, 0.0, 1.0]], [[-0.923663318157196, 0.38320258259773254, 0.0013803335605189204, 1.1607513427734375], [0.005289082415401936, 0.01635025627911091, -0.9998522996902466, 1.5478153228759766], [-0.38316860795021057, -0.9235195517539978, -0.017128922045230865, -0.043701171875], [0.0, 0.0, 0.0, 1.0]]], "view": [[0.0, -2.0, 100.0], [-2.0, 0.0, 100.0], [0.0, 0.0, 1.0]], "bev": "bev_b77c6c3c01fe4353a7798788daa0bbcd.png", "aux": "aux_b77c6c3c01fe4353a7798788daa0bbcd.npz", "visibility": "visibility_b77c6c3c01fe4353a7798788daa0bbcd.png", "pose": [[-0.7411777377128601, -0.6713088750839233, 0.0, 1458.909423828125], [0.6713088750839233, -0.7411777377128601, 0.0, 914.7780151367188], [0.0, 0.0, 1.0, 0.0], [0.0, 0.0, 0.0, 1.0]], "pose_inverse": [[-0.7411777377128601, 0.6713088750839233, 0.0, 467.21258544921875], [-0.6713088750839233, -0.7411777377128601, 0.0, 1657.391845703125], [0.0, 0.0, 1.0, 0.0], [0.0, 0.0, 0.0, 1.0]], "cam_ids": [0, 1, 2, 3, 4, 5], "cam_channels": ["CAM_FRONT_LEFT", "CAM_FRONT", "CAM_FRONT_RIGHT", "CAM_BACK_LEFT", "CAM_BACK", "CAM_BACK_RIGHT"], "token": "b77c6c3c01fe4353a7798788daa0bbcd", "scene": "scene-0670"}, {"images": ["samples/CAM_FRONT_LEFT/n008-2018-08-28-16-16-48-0400__CAM_FRONT_LEFT__1535487683254799.jpg", "samples/CAM_FRONT/n008-2018-08-28-16-16-48-0400__CAM_FRONT__1535487683262404.jpg", "samples/CAM_FRONT_RIGHT/n008-2018-08-28-16-16-48-0400__CAM_FRONT_RIGHT__1535487683270482.jpg", "samples/CAM_BACK_LEFT/n008-2018-08-28-16-16-48-0400__CAM_BACK_LEFT__1535487683297405.jpg", "samples/CAM_BACK/n008-2018-08-28-16-16-48-0400__CAM_BACK__1535487683287558.jpg", "samples/CAM_BACK_RIGHT/n008-2018-08-28-16-16-48-0400__CAM_BACK_RIGHT__1535487683278113.jpg"], "intrinsics": [[[1257.8625342125129, 0.0, 827.2410631095686], [0.0, 1257.8625342125129, 450.915498205774], [0.0, 0.0, 1.0]], [[1252.8131021185304, 0.0, 826.588114781398], [0.0, 1252.8131021185304, 469.9846626224581], [0.0, 0.0, 1.0]], [[1256.7485116440405, 0.0, 817.7887570959712], [0.0, 1256.7485116440403, 451.9541780095127], [0.0, 0.0, 1.0]], [[1254.9860565800168, 0.0, 829.5769333630991], [0.0, 1254.9860565800168, 467.1680561863987], [0.0, 0.0, 1.0]], [[796.8910634503094, 0.0, 857.7774326863696], [0.0, 796.8910634503094, 476.8848988407415], [0.0, 0.0, 1.0]], [[1249.9629280788233, 0.0, 825.3768045375984], [0.0, 1249.9629280788233, 462.54816385708756], [0.0, 0.0, 1.0]]], "extrinsics": [[[0.8225007057189941, -0.5686087608337402, -0.013294515199959278, -1.00494384765625], [0.014424576424062252, 0.044220827519893646, -0.9989176392555237, 1.4882965087890625], [0.568581223487854, 0.8214187026023865, 0.044573601335287094, -1.3333740234375], [0.0, 0.0, 0.0, 1.0]], [[0.010269252583384514, -0.9991493225097656, -0.03993866592645645, 0.00537109375], [0.01639079861342907, 0.04010360315442085, -0.9990610480308533, 1.48016357421875], [0.99981290102005, 0.00960494577884674, 0.01678868941962719, -1.73468017578125], [0.0, 0.0, 0.0, 1.0]], [[-0.8438727259635925, -0.5352349877357483, -0.03744850307703018, 1.090576171875], [0.024418333545327187, 0.03141215443611145, -0.9992082118988037, 1.493072509765625], [0.5359875559806824, -0.8441189527511597, -0.013438316993415356, -1.2774658203125], [0.0, 0.0, 0.0, 1.0]], [[0.9478944540023804, 0.3182799518108368, 0.013927115127444267, -1.1439208984375], [-0.0009673641179688275, 0.04659087210893631, -0.998913586139679, 1.5620498657226562], [-0.31858310103416443, 0.9468511343002319, 0.044471126049757004, -0.1561279296875], [0.0, 0.0, 0.0, 1.0]], [[0.00920599140226841, 0.9991936683654785, 0.03908229619264603, -0.0289306640625], [0.001160864601843059, 0.03907324746251106, -0.9992356896400452, 1.5680618286132812], [-0.9999569654464722, 0.00924427155405283, -0.0008002216927707195, 0.044342041015625], [0.0, 0.0, 0.0, 1.0]], [[-0.9236592650413513, 0.38321244716644287, 0.0013329389039427042, 1.16082763671875], [0.005347587168216705, 0.016367129981517792, -0.9998517036437988, 1.5478076934814453], [-0.3831774890422821, -0.9235152006149292, -0.01716691255569458, -0.0438232421875], [0.0, 0.0, 0.0, 1.0]]], "view": [[0.0, -2.0, 100.0], [-2.0, 0.0, 100.0], [0.0, 0.0, 1.0]], "bev": "bev_8d0056105aba403e80493a6d07b7e350.png", "aux": "aux_8d0056105aba403e80493a6d07b7e350.npz", "visibility": "visibility_8d0056105aba403e80493a6d07b7e350.png", "pose": [[-0.7411885857582092, -0.6712968945503235, 0.0, 1458.909423828125], [0.6712968945503235, -0.7411885857582092, 0.0, 914.7780151367188], [0.0, 0.0, 1.0, 0.0], [0.0, 0.0, 0.0, 1.0]], "pose_inverse": [[-0.7411885857582092, 0.6712968945503235, 0.0, 467.2393493652344], [-0.6712968945503235, -0.7411885857582092, 0.0, 1657.3843994140625], [0.0, 0.0, 1.0, 0.0], [0.0, 0.0, 0.0, 1.0]], "cam_ids": [0, 1, 2, 3, 4, 5], "cam_channels": ["CAM_FRONT_LEFT", "CAM_FRONT", "CAM_FRONT_RIGHT", "CAM_BACK_LEFT", "CAM_BACK", "CAM_BACK_RIGHT"], "token": "8d0056105aba403e80493a6d07b7e350", "scene": "scene-0670"}, {"images": ["samples/CAM_FRONT_LEFT/n008-2018-08-28-16-16-48-0400__CAM_FRONT_LEFT__1535487683754799.jpg", "samples/CAM_FRONT/n008-2018-08-28-16-16-48-0400__CAM_FRONT__1535487683762412.jpg", "samples/CAM_FRONT_RIGHT/n008-2018-08-28-16-16-48-0400__CAM_FRONT_RIGHT__1535487683770482.jpg", "samples/CAM_BACK_LEFT/n008-2018-08-28-16-16-48-0400__CAM_BACK_LEFT__1535487683797405.jpg", "samples/CAM_BACK/n008-2018-08-28-16-16-48-0400__CAM_BACK__1535487683787558.jpg", "samples/CAM_BACK_RIGHT/n008-2018-08-28-16-16-48-0400__CAM_BACK_RIGHT__1535487683778113.jpg"], "intrinsics": [[[1257.8625342125129, 0.0, 827.2410631095686], [0.0, 1257.8625342125129, 450.915498205774], [0.0, 0.0, 1.0]], [[1252.8131021185304, 0.0, 826.588114781398], [0.0, 1252.8131021185304, 469.9846626224581], [0.0, 0.0, 1.0]], [[1256.7485116440405, 0.0, 817.7887570959712], [0.0, 1256.7485116440403, 451.9541780095127], [0.0, 0.0, 1.0]], [[1254.9860565800168, 0.0, 829.5769333630991], [0.0, 1254.9860565800168, 467.1680561863987], [0.0, 0.0, 1.0]], [[796.8910634503094, 0.0, 857.7774326863696], [0.0, 796.8910634503094, 476.8848988407415], [0.0, 0.0, 1.0]], [[1249.9629280788233, 0.0, 825.3768045375984], [0.0, 1249.9629280788233, 462.54816385708756], [0.0, 0.0, 1.0]]], "extrinsics": [[[0.822515070438385, -0.5685909986495972, -0.013163539581000805, -1.0050048828125], [0.014544572681188583, 0.04416607320308685, -0.9989182949066162, 1.4882965087890625], [0.5685573220252991, 0.8214339017868042, 0.04459717497229576, -1.333251953125], [0.0, 0.0, 0.0, 1.0]], [[0.010290670208632946, -0.9991512298583984, -0.03988625109195709, 0.00537109375], [0.016484178602695465, 0.04005245119333267, -0.999061644077301, 1.4801712036132812], [0.9998111128807068, 0.009623445570468903, 0.016882356256246567, -1.734649658203125], [0.0, 0.0, 0.0, 1.0]], [[-0.8438627123832703, -0.5352479815483093, -0.037487469613552094, 1.090576171875], [0.024497946724295616, 0.03135905787348747, -0.9992079138755798, 1.4930648803710938], [0.535999596118927, -0.8441126942634583, -0.013350262306630611, -1.277587890625], [0.0, 0.0, 0.0, 1.0]], [[0.9478904604911804, 0.3182872235774994, 0.014034109190106392, -1.14398193359375], [-0.0008257119916379452, 0.04650392755866051, -0.9989177584648132, 1.5620346069335938], [-0.31859540939331055, 0.9468530416488647, 0.04434344172477722, -0.15625], [0.0, 0.0, 0.0, 1.0]], [[0.009197118692100048, 0.9991960525512695, 0.03902050107717514, -0.02880859375], [0.0012737360084429383, 0.039010412991046906, -0.9992379546165466, 1.5680618286132812], [-0.9999569654464722, 0.00923985242843628, -0.000913929077796638, 0.0443115234375], [0.0, 0.0, 0.0, 1.0]], [[-0.9236628413200378, 0.38320407271385193, 0.001206304063089192, 1.1607208251953125], [0.00545899011194706, 0.016305647790431976, -0.9998521208763123, 1.547811508178711], [-0.3831670582294464, -0.9235197901725769, -0.017152827233076096, -0.043701171875], [0.0, 0.0, 0.0, 1.0]]], "view": [[0.0, -2.0, 100.0], [-2.0, 0.0, 100.0], [0.0, 0.0, 1.0]], "bev": "bev_eef73e56905f434fbc6c4decfe46a9b3.png", "aux": "aux_eef73e56905f434fbc6c4decfe46a9b3.npz", "visibility": "visibility_eef73e56905f434fbc6c4decfe46a9b3.png", "pose": [[-0.7411412596702576, -0.6713491082191467, 0.0, 1458.909423828125], [0.6713491082191467, -0.7411412596702576, 0.0, 914.7780151367188], [0.0, 0.0, 1.0, 0.0], [0.0, 0.0, 0.0, 1.0]], "pose_inverse": [[-0.7411412596702576, 0.6713491082191467, 0.0, 467.12261962890625], [-0.6713491082191467, -0.7411412596702576, 0.0, 1657.417236328125], [0.0, 0.0, 1.0, 0.0], [0.0, 0.0, 0.0, 1.0]], "cam_ids": [0, 1, 2, 3, 4, 5], "cam_channels": ["CAM_FRONT_LEFT", "CAM_FRONT", "CAM_FRONT_RIGHT", "CAM_BACK_LEFT", "CAM_BACK", "CAM_BACK_RIGHT"], "token": "eef73e56905f434fbc6c4decfe46a9b3", "scene": "scene-0670"}, {"images": ["samples/CAM_FRONT_LEFT/n008-2018-08-28-16-16-48-0400__CAM_FRONT_LEFT__1535487684254799.jpg", "samples/CAM_FRONT/n008-2018-08-28-16-16-48-0400__CAM_FRONT__1535487684262425.jpg", "samples/CAM_FRONT_RIGHT/n008-2018-08-28-16-16-48-0400__CAM_FRONT_RIGHT__1535487684270482.jpg", "samples/CAM_BACK_LEFT/n008-2018-08-28-16-16-48-0400__CAM_BACK_LEFT__1535487684297405.jpg", "samples/CAM_BACK/n008-2018-08-28-16-16-48-0400__CAM_BACK__1535487684287558.jpg", "samples/CAM_BACK_RIGHT/n008-2018-08-28-16-16-48-0400__CAM_BACK_RIGHT__1535487684278113.jpg"], "intrinsics": [[[1257.8625342125129, 0.0, 827.2410631095686], [0.0, 1257.8625342125129, 450.915498205774], [0.0, 0.0, 1.0]], [[1252.8131021185304, 0.0, 826.588114781398], [0.0, 1252.8131021185304, 469.9846626224581], [0.0, 0.0, 1.0]], [[1256.7485116440405, 0.0, 817.7887570959712], [0.0, 1256.7485116440403, 451.9541780095127], [0.0, 0.0, 1.0]], [[1254.9860565800168, 0.0, 829.5769333630991], [0.0, 1254.9860565800168, 467.1680561863987], [0.0, 0.0, 1.0]], [[796.8910634503094, 0.0, 857.7774326863696], [0.0, 796.8910634503094, 476.8848988407415], [0.0, 0.0, 1.0]], [[1249.9629280788233, 0.0, 825.3768045375984], [0.0, 1249.9629280788233, 462.54816385708756], [0.0, 0.0, 1.0]]], "extrinsics": [[[0.822515070438385, -0.5685920119285583, -0.01312271784991026, -1.00494384765625], [0.01449147891253233, 0.044017646461725235, -0.9989256858825684, 1.4882965087890625], [0.5685588121414185, 0.8214412331581116, 0.044444914907217026, -1.33349609375], [0.0, 0.0, 0.0, 1.0]], [[0.010290601290762424, -0.9991575479507446, -0.03972950205206871, 0.0054931640625], [0.016463659703731537, 0.03989551588892937, -0.9990682005882263, 1.48016357421875], [0.9998115301132202, 0.009626941755414009, 0.016860337927937508, -1.7347412109375], [0.0, 0.0, 0.0, 1.0]], [[-0.8438624739646912, -0.5352544784545898, -0.03739979490637779, 1.0906982421875], [0.02449505589902401, 0.031199928373098373, -0.999212920665741, 1.493072509765625], [0.5360000729560852, -0.8441144824028015, -0.013217363506555557, -1.277587890625], [0.0, 0.0, 0.0, 1.0]], [[0.9478919506072998, 0.31828659772872925, 0.013945523649454117, -1.14385986328125], [-0.0008778360206633806, 0.04638146981596947, -0.9989233613014221, 1.562042236328125], [-0.31859081983566284, 0.9468592405319214, 0.04424402117729187, -0.1561279296875], [0.0, 0.0, 0.0, 1.0]], [[0.009196752682328224, 0.9992018342018127, 0.038872797042131424, -0.0286865234375], [0.0012527862563729286, 0.03886289522051811, -0.9992437362670898, 1.5680618286132812], [-0.9999569654464722, 0.00923840794712305, -0.0008943746797740459, 0.04443359375], [0.0, 0.0, 0.0, 1.0]], [[-0.9236632585525513, 0.38320350646972656, 0.001168056158348918, 1.1606292724609375], [0.0054369536228477955, 0.016152776777744293, -0.9998547434806824, 1.5478134155273438], [-0.3831665813922882, -0.9235227108001709, -0.01700318418443203, -0.0435791015625], [0.0, 0.0, 0.0, 1.0]]], "view": [[0.0, -2.0, 100.0], [-2.0, 0.0, 100.0], [0.0, 0.0, 1.0]], "bev": "bev_19b73951e0e24e09a2a62562fb94b494.png", "aux": "aux_19b73951e0e24e09a2a62562fb94b494.npz", "visibility": "visibility_19b73951e0e24e09a2a62562fb94b494.png", "pose": [[-0.741161048412323, -0.6713272929191589, 0.0, 1458.909423828125], [0.6713272929191589, -0.741161048412323, 0.0, 914.7780151367188], [0.0, 0.0, 1.0, 0.0], [0.0, 0.0, 0.0, 1.0]], "pose_inverse": [[-0.741161048412323, 0.6713272929191589, 0.0, 467.1713562011719], [-0.6713272929191589, -0.741161048412323, 0.0, 1657.403564453125], [0.0, 0.0, 1.0, 0.0], [0.0, 0.0, 0.0, 1.0]], "cam_ids": [0, 1, 2, 3, 4, 5], "cam_channels": ["CAM_FRONT_LEFT", "CAM_FRONT", "CAM_FRONT_RIGHT", "CAM_BACK_LEFT", "CAM_BACK", "CAM_BACK_RIGHT"], "token": "19b73951e0e24e09a2a62562fb94b494", "scene": "scene-0670"}, {"images": ["samples/CAM_FRONT_LEFT/n008-2018-08-28-16-16-48-0400__CAM_FRONT_LEFT__1535487684754799.jpg", "samples/CAM_FRONT/n008-2018-08-28-16-16-48-0400__CAM_FRONT__1535487684762404.jpg", "samples/CAM_FRONT_RIGHT/n008-2018-08-28-16-16-48-0400__CAM_FRONT_RIGHT__1535487684770482.jpg", "samples/CAM_BACK_LEFT/n008-2018-08-28-16-16-48-0400__CAM_BACK_LEFT__1535487684797405.jpg", "samples/CAM_BACK/n008-2018-08-28-16-16-48-0400__CAM_BACK__1535487684787558.jpg", "samples/CAM_BACK_RIGHT/n008-2018-08-28-16-16-48-0400__CAM_BACK_RIGHT__1535487684778113.jpg"], "intrinsics": [[[1257.8625342125129, 0.0, 827.2410631095686], [0.0, 1257.8625342125129, 450.915498205774], [0.0, 0.0, 1.0]], [[1252.8131021185304, 0.0, 826.588114781398], [0.0, 1252.8131021185304, 469.9846626224581], [0.0, 0.0, 1.0]], [[1256.7485116440405, 0.0, 817.7887570959712], [0.0, 1256.7485116440403, 451.9541780095127], [0.0, 0.0, 1.0]], [[1254.9860565800168, 0.0, 829.5769333630991], [0.0, 1254.9860565800168, 467.1680561863987], [0.0, 0.0, 1.0]], [[796.8910634503094, 0.0, 857.7774326863696], [0.0, 796.8910634503094, 476.8848988407415], [0.0, 0.0, 1.0]], [[1249.9629280788233, 0.0, 825.3768045375984], [0.0, 1249.9629280788233, 462.54816385708756], [0.0, 0.0, 1.0]]], "extrinsics": [[[0.8225098252296448, -0.5686054825782776, -0.012857911176979542, -1.0048828125], [0.014710662886500359, 0.04386838525533676, -0.9989290237426758, 1.4882965087890625], [0.5685606002807617, 0.821439802646637, 0.04444674402475357, -1.3333740234375], [0.0, 0.0, 0.0, 1.0]], [[0.0102908406406641, -0.9991630911827087, -0.03958871588110924, 0.00537109375], [0.016662541776895523, 0.039756663143634796, -0.9990704655647278, 1.4801712036132812], [0.999808132648468, 0.009621620178222656, 0.017057722434401512, -1.734771728515625], [0.0, 0.0, 0.0, 1.0]], [[-0.8438576459884644, -0.5352563858032227, -0.03748077526688576, 1.090576171875], [0.024672307074069977, 0.031071733683347702, -0.9992125630378723, 1.493072509765625], [0.5359994769096375, -0.8441179394721985, -0.013014114461839199, -1.277587890625], [0.0, 0.0, 0.0, 1.0]], [[0.9478875398635864, 0.31829574704170227, 0.014036772772669792, -1.1439208984375], [-0.0007378484006039798, 0.04624989256262779, -0.9989296197891235, 1.562042236328125], [-0.31860432028770447, 0.946862518787384, 0.04407455399632454, -0.156005859375], [0.0, 0.0, 0.0, 1.0]], [[0.009192293509840965, 0.9992071390151978, 0.03873569890856743, -0.02880859375], [0.0014016206841915846, 0.038724422454833984, -0.9992489218711853, 1.5680618286132812], [-0.9999568462371826, 0.00923968106508255, -0.001044541597366333, 0.044403076171875], [0.0, 0.0, 0.0, 1.0]], [[-0.9236624240875244, 0.3832058310508728, 0.0009661801159381866, 1.160797119140625], [0.0056025926023721695, 0.016025183722376823, -0.9998558759689331, 1.5478096008300781], [-0.3831661343574524, -0.9235239028930664, -0.01694880612194538, -0.0438232421875], [0.0, 0.0, 0.0, 1.0]]], "view": [[0.0, -2.0, 100.0], [-2.0, 0.0, 100.0], [0.0, 0.0, 1.0]], "bev": "bev_0bb510fc1bc047928116158cd6ee115b.png", "aux": "aux_0bb510fc1bc047928116158cd6ee115b.npz", "visibility": "visibility_0bb510fc1bc047928116158cd6ee115b.png", "pose": [[-0.7411565184593201, -0.6713322401046753, 0.0, 1458.909423828125], [0.6713322401046753, -0.7411565184593201, 0.0, 914.7780151367188], [0.0, 0.0, 1.0, 0.0], [0.0, 0.0, 0.0, 1.0]], "pose_inverse": [[-0.7411565184593201, 0.6713322401046753, 0.0, 467.1602478027344], [-0.6713322401046753, -0.7411565184593201, 0.0, 1657.4066162109375], [0.0, 0.0, 1.0, 0.0], [0.0, 0.0, 0.0, 1.0]], "cam_ids": [0, 1, 2, 3, 4, 5], "cam_channels": ["CAM_FRONT_LEFT", "CAM_FRONT", "CAM_FRONT_RIGHT", "CAM_BACK_LEFT", "CAM_BACK", "CAM_BACK_RIGHT"], "token": "0bb510fc1bc047928116158cd6ee115b", "scene": "scene-0670"}, {"images": ["samples/CAM_FRONT_LEFT/n008-2018-08-28-16-16-48-0400__CAM_FRONT_LEFT__1535487685257237.jpg", "samples/CAM_FRONT/n008-2018-08-28-16-16-48-0400__CAM_FRONT__1535487685262404.jpg", "samples/CAM_FRONT_RIGHT/n008-2018-08-28-16-16-48-0400__CAM_FRONT_RIGHT__1535487685270482.jpg", "samples/CAM_BACK_LEFT/n008-2018-08-28-16-16-48-0400__CAM_BACK_LEFT__1535487685297405.jpg", "samples/CAM_BACK/n008-2018-08-28-16-16-48-0400__CAM_BACK__1535487685287558.jpg", "samples/CAM_BACK_RIGHT/n008-2018-08-28-16-16-48-0400__CAM_BACK_RIGHT__1535487685278113.jpg"], "intrinsics": [[[1257.8625342125129, 0.0, 827.2410631095686], [0.0, 1257.8625342125129, 450.915498205774], [0.0, 0.0, 1.0]], [[1252.8131021185304, 0.0, 826.588114781398], [0.0, 1252.8131021185304, 469.9846626224581], [0.0, 0.0, 1.0]], [[1256.7485116440405, 0.0, 817.7887570959712], [0.0, 1256.7485116440403, 451.9541780095127], [0.0, 0.0, 1.0]], [[1254.9860565800168, 0.0, 829.5769333630991], [0.0, 1254.9860565800168, 467.1680561863987], [0.0, 0.0, 1.0]], [[796.8910634503094, 0.0, 857.7774326863696], [0.0, 796.8910634503094, 476.8848988407415], [0.0, 0.0, 1.0]], [[1249.9629280788233, 0.0, 825.3768045375984], [0.0, 1249.9629280788233, 462.54816385708756], [0.0, 0.0, 1.0]]], "extrinsics": [[[0.8225190043449402, -0.5685949921607971, -0.012739944271743298, -1.00494384765625], [0.014885841868817806, 0.04391549527645111, -0.9989243149757385, 1.4882888793945312], [0.5685428977012634, 0.8214446306228638, 0.04458533972501755, -1.3333740234375], [0.0, 0.0, 0.0, 1.0]], [[0.01030678115785122, -0.9991612434387207, -0.03962990269064903, 0.00537109375], [0.016853610053658485, 0.03979996219277382, -0.9990655779838562, 1.4801559448242188], [0.9998048543930054, 0.009629201143980026, 0.017249682918190956, -1.734588623046875], [0.0, 0.0, 0.0, 1.0]], [[-0.8438466191291809, -0.535259485244751, -0.03768516331911087, 1.0904541015625], [0.024894727393984795, 0.031102517619729042, -0.9992061257362366, 1.4930686950683594], [0.5360066890716553, -0.8441148996353149, -0.012920618057250977, -1.2777099609375], [0.0, 0.0, 0.0, 1.0]], [[0.9478877782821655, 0.3182833194732666, 0.01430040504783392, -1.1439208984375], [-0.0004569936136249453, 0.04624272510409355, -0.9989300966262817, 1.562042236328125], [-0.31860408186912537, 0.9468671679496765, 0.043978363275527954, -0.1561279296875], [0.0, 0.0, 0.0, 1.0]], [[0.009182040579617023, 0.9992069602012634, 0.03874426707625389, -0.0286865234375], [0.0016687563620507717, 0.03873053565621376, -0.9992482662200928, 1.5680618286132812], [-0.9999564290046692, 0.009239720180630684, -0.001311808591708541, 0.0443115234375], [0.0, 0.0, 0.0, 1.0]], [[-0.9236637353897095, 0.38320332765579224, 0.0007404310745187104, 1.1607666015625], [0.005853177513927221, 0.016040286049246788, -0.9998542070388794, 1.547811508178711], [-0.3831593096256256, -0.9235246777534485, -0.017058786004781723, -0.0438232421875], [0.0, 0.0, 0.0, 1.0]]], "view": [[0.0, -2.0, 100.0], [-2.0, 0.0, 100.0], [0.0, 0.0, 1.0]], "bev": "bev_5216ede5706d401b96fd03ec156b4b66.png", "aux": "aux_5216ede5706d401b96fd03ec156b4b66.npz", "visibility": "visibility_5216ede5706d401b96fd03ec156b4b66.png", "pose": [[-0.7411468029022217, -0.6713430285453796, 0.0, 1458.909423828125], [0.6713430285453796, -0.7411468029022217, 0.0, 914.7780151367188], [0.0, 0.0, 1.0, 0.0], [0.0, 0.0, 0.0, 1.0]], "pose_inverse": [[-0.7411468029022217, 0.6713430285453796, 0.0, 467.1361999511719], [-0.6713430285453796, -0.7411468029022217, 0.0, 1657.4134521484375], [0.0, 0.0, 1.0, 0.0], [0.0, 0.0, 0.0, 1.0]], "cam_ids": [0, 1, 2, 3, 4, 5], "cam_channels": ["CAM_FRONT_LEFT", "CAM_FRONT", "CAM_FRONT_RIGHT", "CAM_BACK_LEFT", "CAM_BACK", "CAM_BACK_RIGHT"], "token": "5216ede5706d401b96fd03ec156b4b66", "scene": "scene-0670"}, {"images": ["samples/CAM_FRONT_LEFT/n008-2018-08-28-16-16-48-0400__CAM_FRONT_LEFT__1535487685754799.jpg", "samples/CAM_FRONT/n008-2018-08-28-16-16-48-0400__CAM_FRONT__1535487685762404.jpg", "samples/CAM_FRONT_RIGHT/n008-2018-08-28-16-16-48-0400__CAM_FRONT_RIGHT__1535487685770482.jpg", "samples/CAM_BACK_LEFT/n008-2018-08-28-16-16-48-0400__CAM_BACK_LEFT__1535487685797405.jpg", "samples/CAM_BACK/n008-2018-08-28-16-16-48-0400__CAM_BACK__1535487685787558.jpg", "samples/CAM_BACK_RIGHT/n008-2018-08-28-16-16-48-0400__CAM_BACK_RIGHT__1535487685778113.jpg"], "intrinsics": [[[1257.8625342125129, 0.0, 827.2410631095686], [0.0, 1257.8625342125129, 450.915498205774], [0.0, 0.0, 1.0]], [[1252.8131021185304, 0.0, 826.588114781398], [0.0, 1252.8131021185304, 469.9846626224581], [0.0, 0.0, 1.0]], [[1256.7485116440405, 0.0, 817.7887570959712], [0.0, 1256.7485116440403, 451.9541780095127], [0.0, 0.0, 1.0]], [[1254.9860565800168, 0.0, 829.5769333630991], [0.0, 1254.9860565800168, 467.1680561863987], [0.0, 0.0, 1.0]], [[796.8910634503094, 0.0, 857.7774326863696], [0.0, 796.8910634503094, 476.8848988407415], [0.0, 0.0, 1.0]], [[1249.9629280788233, 0.0, 825.3768045375984], [0.0, 1249.9629280788233, 462.54816385708756], [0.0, 0.0, 1.0]]], "extrinsics": [[[0.8225122094154358, -0.5686053037643433, -0.012717805802822113, -1.0050048828125], [0.01486774068325758, 0.04384951293468475, -0.9989274740219116, 1.4882965087890625], [0.5685531497001648, 0.8214409351348877, 0.04452063515782356, -1.3333740234375], [0.0, 0.0, 0.0, 1.0]], [[0.010297727771103382, -0.9991642832756042, -0.039556484669446945, 0.00537109375], [0.01682206615805626, 0.03972608596086502, -0.9990689754486084, 1.4801712036132812], [0.9998054504394531, 0.009622723795473576, 0.01721709594130516, -1.734649658203125], [0.0, 0.0, 0.0, 1.0]], [[-0.8438511490821838, -0.5352590680122375, -0.03759084641933441, 1.090576171875], [0.024834293872117996, 0.03102181851863861, -0.9992101192474365, 1.4930686950683594], [0.5360023379325867, -0.8441181182861328, -0.012885020114481449, -1.277587890625], [0.0, 0.0, 0.0, 1.0]], [[0.9478880763053894, 0.31829020380973816, 0.014121984131634235, -1.1439208984375], [-0.0006114250863902271, 0.0461418516933918, -0.9989346861839294, 1.562042236328125], [-0.3186027705669403, 0.9468697309494019, 0.04393192008137703, -0.1561279296875], [0.0, 0.0, 0.0, 1.0]], [[0.009186726063489914, 0.9992102384567261, 0.038658760488033295, -0.02880859375], [0.0015412376960739493, 0.03864619880914688, -0.9992517828941345, 1.56805419921875], [-0.9999566078186035, 0.009239435195922852, -0.001184989232569933, 0.04437255859375], [0.0, 0.0, 0.0, 1.0]], [[-0.9236627221107483, 0.38320547342300415, 0.0007945769466459751, 1.1606903076171875], [0.005759903695434332, 0.015956638380885124, -0.9998560547828674, 1.5478134155273438], [-0.3831630349159241, -0.9235252737998962, -0.01694577932357788, -0.043701171875], [0.0, 0.0, 0.0, 1.0]]], "view": [[0.0, -2.0, 100.0], [-2.0, 0.0, 100.0], [0.0, 0.0, 1.0]], "bev": "bev_9efa24c425ac4124ad9b6035fa1420f5.png", "aux": "aux_9efa24c425ac4124ad9b6035fa1420f5.npz", "visibility": "visibility_9efa24c425ac4124ad9b6035fa1420f5.png", "pose": [[-0.7412174940109253, -0.6712649464607239, 0.0, 1458.909423828125], [0.6712649464607239, -0.7412174940109253, 0.0, 914.7780151367188], [0.0, 0.0, 1.0, 0.0], [0.0, 0.0, 0.0, 1.0]], "pose_inverse": [[-0.7412174940109253, 0.6712649464607239, 0.0, 467.3107604980469], [-0.6712649464607239, -0.7412174940109253, 0.0, 1657.3642578125], [0.0, 0.0, 1.0, 0.0], [0.0, 0.0, 0.0, 1.0]], "cam_ids": [0, 1, 2, 3, 4, 5], "cam_channels": ["CAM_FRONT_LEFT", "CAM_FRONT", "CAM_FRONT_RIGHT", "CAM_BACK_LEFT", "CAM_BACK", "CAM_BACK_RIGHT"], "token": "9efa24c425ac4124ad9b6035fa1420f5", "scene": "scene-0670"}, {"images": ["samples/CAM_FRONT_LEFT/n008-2018-08-28-16-16-48-0400__CAM_FRONT_LEFT__1535487686254799.jpg", "samples/CAM_FRONT/n008-2018-08-28-16-16-48-0400__CAM_FRONT__1535487686262404.jpg", "samples/CAM_FRONT_RIGHT/n008-2018-08-28-16-16-48-0400__CAM_FRONT_RIGHT__1535487686270482.jpg", "samples/CAM_BACK_LEFT/n008-2018-08-28-16-16-48-0400__CAM_BACK_LEFT__1535487686297405.jpg", "samples/CAM_BACK/n008-2018-08-28-16-16-48-0400__CAM_BACK__1535487686287568.jpg", "samples/CAM_BACK_RIGHT/n008-2018-08-28-16-16-48-0400__CAM_BACK_RIGHT__1535487686278113.jpg"], "intrinsics": [[[1257.8625342125129, 0.0, 827.2410631095686], [0.0, 1257.8625342125129, 450.915498205774], [0.0, 0.0, 1.0]], [[1252.8131021185304, 0.0, 826.588114781398], [0.0, 1252.8131021185304, 469.9846626224581], [0.0, 0.0, 1.0]], [[1256.7485116440405, 0.0, 817.7887570959712], [0.0, 1256.7485116440403, 451.9541780095127], [0.0, 0.0, 1.0]], [[1254.9860565800168, 0.0, 829.5769333630991], [0.0, 1254.9860565800168, 467.1680561863987], [0.0, 0.0, 1.0]], [[796.8910634503094, 0.0, 857.7774326863696], [0.0, 796.8910634503094, 476.8848988407415], [0.0, 0.0, 1.0]], [[1249.9629280788233, 0.0, 825.3768045375984], [0.0, 1249.9629280788233, 462.54816385708756], [0.0, 0.0, 1.0]]], "extrinsics": [[[0.8225186467170715, -0.5685956478118896, -0.012729490175843239, -1.005126953125], [0.014711882919073105, 0.04364573583006859, -0.9989387392997742, 1.4882965087890625], [0.5685478448867798, 0.8214585185050964, 0.044264547526836395, -1.3333740234375], [0.0, 0.0, 0.0, 1.0]], [[0.010303527116775513, -0.9991711974143982, -0.039379291236400604, 0.00537109375], [0.01665944792330265, 0.03954744338989258, -0.9990788102149963, 1.4801559448242188], [0.9998080730438232, 0.009638012386858463, 0.017053117975592613, -1.7347412109375], [0.0, 0.0, 0.0, 1.0]], [[-0.8438516855239868, -0.5352728962898254, -0.03737926110625267, 1.0904541015625], [0.024682113900780678, 0.03086652047932148, -0.9992187023162842, 1.4930686950683594], [0.5360084176063538, -0.8441150784492493, -0.01283510122448206, -1.277587890625], [0.0, 0.0, 0.0, 1.0]], [[0.9478871822357178, 0.31829920411109924, 0.013981657102704048, -1.1439208984375], [-0.000722980301361531, 0.046032585203647614, -0.9989396929740906, 1.5620346069335938], [-0.3186053931713104, 0.9468719363212585, 0.043863821774721146, -0.1561279296875], [0.0, 0.0, 0.0, 1.0]], [[0.009186758659780025, 0.9992154836654663, 0.038522519171237946, -0.02880859375], [0.0014175653923302889, 0.038511086255311966, -0.9992571473121643, 1.5680618286132812], [-0.9999567866325378, 0.009234408847987652, -0.0010626647854223847, 0.04437255859375], [0.0, 0.0, 0.0, 1.0]], [[-0.9236655235290527, 0.38319867849349976, 0.0008603043970651925, 1.1606292724609375], [0.0056295935064554214, 0.015814365819096565, -0.999859094619751, 1.547811508178711], [-0.38315826654434204, -0.9235304594039917, -0.016764435917139053, -0.0439453125], [0.0, 0.0, 0.0, 1.0]]], "view": [[0.0, -2.0, 100.0], [-2.0, 0.0, 100.0], [0.0, 0.0, 1.0]], "bev": "bev_48875674ecda48568f4f461bc1bafb92.png", "aux": "aux_48875674ecda48568f4f461bc1bafb92.npz", "visibility": "visibility_48875674ecda48568f4f461bc1bafb92.png", "pose": [[-0.7412498593330383, -0.6712291836738586, 0.0, 1458.909423828125], [0.6712291836738586, -0.7412498593330383, 0.0, 914.7780151367188], [0.0, 0.0, 1.0, 0.0], [0.0, 0.0, 0.0, 1.0]], "pose_inverse": [[-0.7412498593330383, 0.6712291836738586, 0.0, 467.3907470703125], [-0.6712291836738586, -0.7412498593330383, 0.0, 1657.3416748046875], [0.0, 0.0, 1.0, 0.0], [0.0, 0.0, 0.0, 1.0]], "cam_ids": [0, 1, 2, 3, 4, 5], "cam_channels": ["CAM_FRONT_LEFT", "CAM_FRONT", "CAM_FRONT_RIGHT", "CAM_BACK_LEFT", "CAM_BACK", "CAM_BACK_RIGHT"], "token": "48875674ecda48568f4f461bc1bafb92", "scene": "scene-0670"}, {"images": ["samples/CAM_FRONT_LEFT/n008-2018-08-28-16-16-48-0400__CAM_FRONT_LEFT__1535487686754799.jpg", "samples/CAM_FRONT/n008-2018-08-28-16-16-48-0400__CAM_FRONT__1535487686762404.jpg", "samples/CAM_FRONT_RIGHT/n008-2018-08-28-16-16-48-0400__CAM_FRONT_RIGHT__1535487686770482.jpg", "samples/CAM_BACK_LEFT/n008-2018-08-28-16-16-48-0400__CAM_BACK_LEFT__1535487686797405.jpg", "samples/CAM_BACK/n008-2018-08-28-16-16-48-0400__CAM_BACK__1535487686787558.jpg", "samples/CAM_BACK_RIGHT/n008-2018-08-28-16-16-48-0400__CAM_BACK_RIGHT__1535487686778113.jpg"], "intrinsics": [[[1257.8625342125129, 0.0, 827.2410631095686], [0.0, 1257.8625342125129, 450.915498205774], [0.0, 0.0, 1.0]], [[1252.8131021185304, 0.0, 826.588114781398], [0.0, 1252.8131021185304, 469.9846626224581], [0.0, 0.0, 1.0]], [[1256.7485116440405, 0.0, 817.7887570959712], [0.0, 1256.7485116440403, 451.9541780095127], [0.0, 0.0, 1.0]], [[1254.9860565800168, 0.0, 829.5769333630991], [0.0, 1254.9860565800168, 467.1680561863987], [0.0, 0.0, 1.0]], [[796.8910634503094, 0.0, 857.7774326863696], [0.0, 796.8910634503094, 476.8848988407415], [0.0, 0.0, 1.0]], [[1249.9629280788233, 0.0, 825.3768045375984], [0.0, 1249.9629280788233, 462.54816385708756], [0.0, 0.0, 1.0]]], "extrinsics": [[[0.8225201368331909, -0.5685907602310181, -0.012859368696808815, -1.0050048828125], [0.014541486278176308, 0.043627914041280746, -0.9989420175552368, 1.4882965087890625], [0.5685502886772156, 0.821462869644165, 0.044152989983558655, -1.33349609375], [0.0, 0.0, 0.0, 1.0]], [[0.010298630222678185, -0.9991729855537415, -0.039337001740932465, 0.00537109375], [0.016497397795319557, 0.03950351104140282, -0.9990832209587097, 1.48016357421875], [0.9998108148574829, 0.009640202857553959, 0.01689058728516102, -1.734619140625], [0.0, 0.0, 0.0, 1.0]], [[-0.8438584208488464, -0.5352744460105896, -0.037205856293439865, 1.090576171875], [0.024520473554730415, 0.030797673389315605, -0.999224841594696, 1.493072509765625], [0.536005437374115, -0.8441166281700134, -0.012863692827522755, -1.277587890625], [0.0, 0.0, 0.0, 1.0]], [[0.9478908181190491, 0.31829696893692017, 0.013791713863611221, -1.1439208984375], [-0.0008955287630669773, 0.045950811356306076, -0.9989433288574219, 1.562042236328125], [-0.31859439611434937, 0.9468768239021301, 0.043841391801834106, -0.1561279296875], [0.0, 0.0, 0.0, 1.0]], [[0.00919185671955347, 0.9992184638977051, 0.03844489902257919, -0.02880859375], [0.0012521719327196479, 0.03843499347567558, -0.9992603063583374, 1.5680618286132812], [-0.9999569654464722, 0.009233166463673115, -0.0008979057311080396, 0.04437255859375], [0.0, 0.0, 0.0, 1.0]], [[-0.9236653447151184, 0.3831988573074341, 0.000981522025540471, 1.16070556640625], [0.005465362686663866, 0.015734782442450523, -0.9998612403869629, 1.5478172302246094], [-0.38316118717193604, -0.9235318303108215, -0.016627991572022438, -0.0435791015625], [0.0, 0.0, 0.0, 1.0]]], "view": [[0.0, -2.0, 100.0], [-2.0, 0.0, 100.0], [0.0, 0.0, 1.0]], "bev": "bev_a2418deb3ca3413198cb02d60fd08ad1.png", "aux": "aux_a2418deb3ca3413198cb02d60fd08ad1.npz", "visibility": "visibility_a2418deb3ca3413198cb02d60fd08ad1.png", "pose": [[-0.7411823868751526, -0.6713037490844727, 0.0, 1458.909423828125], [0.6713037490844727, -0.7411823868751526, 0.0, 914.7780151367188], [0.0, 0.0, 1.0, 0.0], [0.0, 0.0, 0.0, 1.0]], "pose_inverse": [[-0.7411823868751526, 0.6713037490844727, 0.0, 467.22406005859375], [-0.6713037490844727, -0.7411823868751526, 0.0, 1657.388671875], [0.0, 0.0, 1.0, 0.0], [0.0, 0.0, 0.0, 1.0]], "cam_ids": [0, 1, 2, 3, 4, 5], "cam_channels": ["CAM_FRONT_LEFT", "CAM_FRONT", "CAM_FRONT_RIGHT", "CAM_BACK_LEFT", "CAM_BACK", "CAM_BACK_RIGHT"], "token": "a2418deb3ca3413198cb02d60fd08ad1", "scene": "scene-0670"}, {"images": ["samples/CAM_FRONT_LEFT/n008-2018-08-28-16-16-48-0400__CAM_FRONT_LEFT__1535487687254799.jpg", "samples/CAM_FRONT/n008-2018-08-28-16-16-48-0400__CAM_FRONT__1535487687262404.jpg", "samples/CAM_FRONT_RIGHT/n008-2018-08-28-16-16-48-0400__CAM_FRONT_RIGHT__1535487687270482.jpg", "samples/CAM_BACK_LEFT/n008-2018-08-28-16-16-48-0400__CAM_BACK_LEFT__1535487687297405.jpg", "samples/CAM_BACK/n008-2018-08-28-16-16-48-0400__CAM_BACK__1535487687287558.jpg", "samples/CAM_BACK_RIGHT/n008-2018-08-28-16-16-48-0400__CAM_BACK_RIGHT__1535487687278113.jpg"], "intrinsics": [[[1257.8625342125129, 0.0, 827.2410631095686], [0.0, 1257.8625342125129, 450.915498205774], [0.0, 0.0, 1.0]], [[1252.8131021185304, 0.0, 826.588114781398], [0.0, 1252.8131021185304, 469.9846626224581], [0.0, 0.0, 1.0]], [[1256.7485116440405, 0.0, 817.7887570959712], [0.0, 1256.7485116440403, 451.9541780095127], [0.0, 0.0, 1.0]], [[1254.9860565800168, 0.0, 829.5769333630991], [0.0, 1254.9860565800168, 467.1680561863987], [0.0, 0.0, 1.0]], [[796.8910634503094, 0.0, 857.7774326863696], [0.0, 796.8910634503094, 476.8848988407415], [0.0, 0.0, 1.0]], [[1249.9629280788233, 0.0, 825.3768045375984], [0.0, 1249.9629280788233, 462.54816385708756], [0.0, 0.0, 1.0]]], "extrinsics": [[[0.8225163817405701, -0.5685976147651672, -0.012790806591510773, -1.0050048828125], [0.014471832662820816, 0.04340631887316704, -0.9989526271820068, 1.4882965087890625], [0.5685572624206543, 0.821469783782959, 0.043931055814027786, -1.3333740234375], [0.0, 0.0, 0.0, 1.0]], [[0.010294804349541664, -0.9991811513900757, -0.03912800922989845, 0.0052490234375], [0.016431521624326706, 0.039293836802244186, -0.9990925788879395, 1.48016357421875], [0.9998118877410889, 0.009642550721764565, 0.016822589561343193, -1.73468017578125], [0.0, 0.0, 0.0, 1.0]], [[-0.8438603281974792, -0.5352829098701477, -0.037040725350379944, 1.0908203125], [0.0244511216878891, 0.0305987149477005, -0.9992326498031616, 1.4930763244628906], [0.5360054969787598, -0.8441184759140015, -0.012732777744531631, -1.2774658203125], [0.0, 0.0, 0.0, 1.0]], [[0.9478898048400879, 0.3183048963546753, 0.013669297099113464, -1.14404296875], [-0.0009634558809921145, 0.0457681268453598, -0.9989516139030457, 1.562042236328125], [-0.31859681010246277, 0.9468829035758972, 0.04368981719017029, -0.1561279296875], [0.0, 0.0, 0.0, 1.0]], [[0.009192531928420067, 0.9992260336875916, 0.03824777528643608, -0.0289306640625], [0.0011799086350947618, 0.0382385216653347, -0.9992679357528687, 1.5680656433105469], [-0.9999570250511169, 0.00923090148717165, -0.0008274881984107196, 0.044281005859375], [0.0, 0.0, 0.0, 1.0]], [[-0.9236657619476318, 0.3831976056098938, 0.0009813026990741491, 1.16070556640625], [0.005383373703807592, 0.015536651946604252, -0.9998647570610046, 1.5478153228759766], [-0.3831610381603241, -0.9235357046127319, -0.016413571313023567, -0.043701171875], [0.0, 0.0, 0.0, 1.0]]], "view": [[0.0, -2.0, 100.0], [-2.0, 0.0, 100.0], [0.0, 0.0, 1.0]], "bev": "bev_2595232f11dc4b4a8b5dfbc361a67b77.png", "aux": "aux_2595232f11dc4b4a8b5dfbc361a67b77.npz", "visibility": "visibility_2595232f11dc4b4a8b5dfbc361a67b77.png", "pose": [[-0.7411483526229858, -0.6713412404060364, 0.0, 1458.909423828125], [0.6713412404060364, -0.7411483526229858, 0.0, 914.7780151367188], [0.0, 0.0, 1.0, 0.0], [0.0, 0.0, 0.0, 1.0]], "pose_inverse": [[-0.7411483526229858, 0.6713412404060364, 0.0, 467.1401062011719], [-0.6713412404060364, -0.7411483526229858, 0.0, 1657.412353515625], [0.0, 0.0, 1.0, 0.0], [0.0, 0.0, 0.0, 1.0]], "cam_ids": [0, 1, 2, 3, 4, 5], "cam_channels": ["CAM_FRONT_LEFT", "CAM_FRONT", "CAM_FRONT_RIGHT", "CAM_BACK_LEFT", "CAM_BACK", "CAM_BACK_RIGHT"], "token": "2595232f11dc4b4a8b5dfbc361a67b77", "scene": "scene-0670"}, {"images": ["samples/CAM_FRONT_LEFT/n008-2018-08-28-16-16-48-0400__CAM_FRONT_LEFT__1535487687754799.jpg", "samples/CAM_FRONT/n008-2018-08-28-16-16-48-0400__CAM_FRONT__1535487687762404.jpg", "samples/CAM_FRONT_RIGHT/n008-2018-08-28-16-16-48-0400__CAM_FRONT_RIGHT__1535487687770482.jpg", "samples/CAM_BACK_LEFT/n008-2018-08-28-16-16-48-0400__CAM_BACK_LEFT__1535487687797405.jpg", "samples/CAM_BACK/n008-2018-08-28-16-16-48-0400__CAM_BACK__1535487687787558.jpg", "samples/CAM_BACK_RIGHT/n008-2018-08-28-16-16-48-0400__CAM_BACK_RIGHT__1535487687778113.jpg"], "intrinsics": [[[1257.8625342125129, 0.0, 827.2410631095686], [0.0, 1257.8625342125129, 450.915498205774], [0.0, 0.0, 1.0]], [[1252.8131021185304, 0.0, 826.588114781398], [0.0, 1252.8131021185304, 469.9846626224581], [0.0, 0.0, 1.0]], [[1256.7485116440405, 0.0, 817.7887570959712], [0.0, 1256.7485116440403, 451.9541780095127], [0.0, 0.0, 1.0]], [[1254.9860565800168, 0.0, 829.5769333630991], [0.0, 1254.9860565800168, 467.1680561863987], [0.0, 0.0, 1.0]], [[796.8910634503094, 0.0, 857.7774326863696], [0.0, 796.8910634503094, 476.8848988407415], [0.0, 0.0, 1.0]], [[1249.9629280788233, 0.0, 825.3768045375984], [0.0, 1249.9629280788233, 462.54816385708756], [0.0, 0.0, 1.0]]], "extrinsics": [[[0.8225106596946716, -0.568606972694397, -0.012740935198962688, -1.0050048828125], [0.014488879591226578, 0.04334256052970886, -0.9989551901817322, 1.4882965087890625], [0.5685651898384094, 0.8214667439460754, 0.04388819634914398, -1.33349609375], [0.0, 0.0, 0.0, 1.0]], [[0.010288811288774014, -0.9991837739944458, -0.039061881601810455, 0.00537109375], [0.016436729580163956, 0.039227668195962906, -0.9990951418876648, 1.48016357421875], [0.9998118877410889, 0.009637461043894291, 0.016826920211315155, -1.734649658203125], [0.0, 0.0, 0.0, 1.0]], [[-0.8438616394996643, -0.535282552242279, -0.03701307997107506, 1.090576171875], [0.024458451196551323, 0.030535627156496048, -0.9992343783378601, 1.493072509765625], [0.5360029935836792, -0.8441209197044373, -0.012675663456320763, -1.277587890625], [0.0, 0.0, 0.0, 1.0]], [[0.9478896856307983, 0.31830331683158875, 0.013718890957534313, -1.14398193359375], [-0.0008914151694625616, 0.04570958390831947, -0.9989543557167053, 1.562042236328125], [-0.31859755516052246, 0.9468863010406494, 0.04361138120293617, -0.1561279296875], [0.0, 0.0, 0.0, 1.0]], [[0.009192254394292831, 0.9992280602455139, 0.03819405660033226, -0.02880859375], [0.001219038967974484, 0.03818444162607193, -0.9992699027061462, 1.5680580139160156], [-0.9999570250511169, 0.00923206284642219