[{"images": ["samples/CAM_FRONT_LEFT/n015-2018-11-14-18-57-54+0800__CAM_FRONT_LEFT__1542193241504844.jpg", "samples/CAM_FRONT/n015-2018-11-14-18-57-54+0800__CAM_FRONT__1542193241512460.jpg", "samples/CAM_FRONT_RIGHT/n015-2018-11-14-18-57-54+0800__CAM_FRONT_RIGHT__1542193241520339.jpg", "samples/CAM_BACK_LEFT/n015-2018-11-14-18-57-54+0800__CAM_BACK_LEFT__1542193241547435.jpg", "samples/CAM_BACK/n015-2018-11-14-18-57-54+0800__CAM_BACK__1542193241537525.jpg", "samples/CAM_BACK_RIGHT/n015-2018-11-14-18-57-54+0800__CAM_BACK_RIGHT__1542193241527893.jpg"], "intrinsics": [[[1272.5979470598488, 0.0, 826.6154927353808], [0.0, 1272.5979470598488, 479.75165386361925], [0.0, 0.0, 1.0]], [[1266.417203046554, 0.0, 816.2670197447984], [0.0, 1266.417203046554, 491.50706579294757], [0.0, 0.0, 1.0]], [[1260.8474446004698, 0.0, 807.968244525554], [0.0, 1260.8474446004698, 495.3344268742088], [0.0, 0.0, 1.0]], [[1256.7414812095406, 0.0, 792.1125740759628], [0.0, 1256.7414812095406, 492.7757465151356], [0.0, 0.0, 1.0]], [[809.2209905677063, 0.0, 829.2196003259838], [0.0, 809.2209905677063, 481.77842384512485], [0.0, 0.0, 1.0]], [[1259.5137405846733, 0.0, 807.2529053838625], [0.0, 1259.5137405846733, 501.19579884916527], [0.0, 0.0, 1.0]]], "extrinsics": [[[0.8208110332489014, -0.5704039335250854, -0.03014046885073185, -0.66845703125], [-0.014503918588161469, 0.03193691745400429, -0.9993846416473389, 1.5029525756835938], [0.5710155367851257, 0.820743203163147, 0.017941083759069443, -1.076995849609375], [0.0, 0.0, 0.0, 1.0]], [[0.005851879250258207, -0.9995899200439453, -0.028029542416334152, 0.0089111328125], [-0.02014719694852829, 0.027906479313969612, -0.9994075298309326, 1.5145187377929688], [0.9997798800468445, 0.0064131165854632854, -0.019975630566477776, -1.396728515625], [0.0, 0.0, 0.0, 1.0]], [[-0.8329615592956543, -0.5531875491142273, -0.012591457925736904, 0.84149169921875], [-0.014881663955748081, 0.0451439693570137, -0.9988695979118347, 1.500152587890625], [0.5531306266784668, -0.8318327069282532, -0.045835547149181366, -1.120361328125], [0.0, 0.0, 0.0, 1.0]], [[0.9478426575660706, 0.3187313377857208, -0.0021478321868926287, -1.138671875], [-0.007281861733645201, 0.014917023479938507, -0.9998621940612793, 1.588531494140625], [-0.3186553716659546, 0.947727620601654, 0.01645994931459427, -0.10498046875], [0.0, 0.0, 0.0, 1.0]], [[0.002653384581208229, 0.9996892809867859, 0.024786969646811485, 0.00244140625], [-0.03232208639383316, 0.024859841912984848, -0.9991682767868042, 1.5765533447265625], [-0.9994739890098572, 0.0018500627484172583, 0.03237800672650337, -0.08447265625], [0.0, 0.0, 0.0, 1.0]], [[-0.9347914457321167, 0.3549361824989319, 0.013611963018774986, 0.97998046875], [0.0006995401345193386, 0.040161874145269394, -0.9991929531097412, 1.5515289306640625], [-0.35519641637802124, -0.9340274930000305, -0.03779127076268196, -0.12188720703125], [0.0, 0.0, 0.0, 1.0]]], "view": [[0.0, -2.0, 100.0], [-2.0, 0.0, 100.0], [0.0, 0.0, 1.0]], "bev": "bev_ceb305d93c7a46baba06a4b9e3cf163f.png", "aux": "aux_ceb305d93c7a46baba06a4b9e3cf163f.npz", "visibility": "visibility_ceb305d93c7a46baba06a4b9e3cf163f.png", "pose": [[0.43251121044158936, 0.9016285538673401, 0.0, 782.0185546875], [-0.9016285538673401, 0.43251121044158936, 0.0, 2591.91015625], [0.0, 0.0, 1.0, 0.0], [0.0, 0.0, 0.0, 1.0]], "pose_inverse": [[0.43251121044158936, -0.9016285538673401, 0.0, 1998.7083740234375], [0.9016285538673401, 0.43251121044158936, 0.0, -1826.1204833984375], [0.0, 0.0, 1.0, 0.0], [0.0, 0.0, 0.0, 1.0]], "cam_ids": [0, 1, 2, 3, 4, 5], "cam_channels": ["CAM_FRONT_LEFT", "CAM_FRONT", "CAM_FRONT_RIGHT", "CAM_BACK_LEFT", "CAM_BACK", "CAM_BACK_RIGHT"], "token": "ceb305d93c7a46baba06a4b9e3cf163f", "scene": "scene-0997"}, {"images": ["samples/CAM_FRONT_LEFT/n015-2018-11-14-18-57-54+0800__CAM_FRONT_LEFT__1542193242104844.jpg", "samples/CAM_FRONT/n015-2018-11-14-18-57-54+0800__CAM_FRONT__1542193242112460.jpg", "samples/CAM_FRONT_RIGHT/n015-2018-11-14-18-57-54+0800__CAM_FRONT_RIGHT__1542193242120339.jpg", "samples/CAM_BACK_LEFT/n015-2018-11-14-18-57-54+0800__CAM_BACK_LEFT__1542193242147423.jpg", "samples/CAM_BACK/n015-2018-11-14-18-57-54+0800__CAM_BACK__1542193242137525.jpg", "samples/CAM_BACK_RIGHT/n015-2018-11-14-18-57-54+0800__CAM_BACK_RIGHT__1542193242127893.jpg"], "intrinsics": [[[1272.5979470598488, 0.0, 826.6154927353808], [0.0, 1272.5979470598488, 479.75165386361925], [0.0, 0.0, 1.0]], [[1266.417203046554, 0.0, 816.2670197447984], [0.0, 1266.417203046554, 491.50706579294757], [0.0, 0.0, 1.0]], [[1260.8474446004698, 0.0, 807.968244525554], [0.0, 1260.8474446004698, 495.3344268742088], [0.0, 0.0, 1.0]], [[1256.7414812095406, 0.0, 792.1125740759628], [0.0, 1256.7414812095406, 492.7757465151356], [0.0, 0.0, 1.0]], [[809.2209905677063, 0.0, 829.2196003259838], [0.0, 809.2209905677063, 481.77842384512485], [0.0, 0.0, 1.0]], [[1259.5137405846733, 0.0, 807.2529053838625], [0.0, 1259.5137405846733, 501.19579884916527], [0.0, 0.0, 1.0]]], "extrinsics": [[[0.8213486671447754, -0.5696558952331543, -0.029640886932611465, -0.6689453125], [-0.01487769465893507, 0.030551763251423836, -0.9994224309921265, 1.5028076171875], [0.5702324509620667, 0.8213152289390564, 0.016618482768535614, -1.078399658203125], [0.0, 0.0, 0.0, 1.0]], [[0.006658278405666351, -0.9996211528778076, -0.02670542150735855, 0.009765625], [-0.02019529975950718, 0.026566147804260254, -0.9994430541992188, 1.5144577026367188], [0.9997738599777222, 0.00719383405521512, -0.02001076377928257, -1.395263671875], [0.0, 0.0, 0.0, 1.0]], [[-0.8325989842414856, -0.5537431240081787, -0.012137163430452347, 0.839111328125], [-0.014608152210712433, 0.04385954514145851, -0.9989308714866638, 1.5001373291015625], [0.5536834597587585, -0.8315315842628479, -0.04460657760500908, -1.117431640625], [0.0, 0.0, 0.0, 1.0]], [[0.9478387832641602, 0.3187478482723236, -0.00118867342825979, -1.1341552734375], [-0.005839056335389614, 0.013634422793984413, -0.9998899698257446, 1.5885047912597656], [-0.318696528673172, 0.9477414488792419, 0.01478442084044218, -0.106689453125], [0.0, 0.0, 0.0, 1.0]], [[0.002360409125685692, 0.9997197389602661, 0.02355780079960823, 0.001953125], [-0.03131299093365669, 0.023620206862688065, -0.9992305040359497, 1.57647705078125], [-0.9995068311691284, 0.001620920142158866, 0.0313599668443203, -0.0894775390625], [0.0, 0.0, 0.0, 1.0]], [[-0.9349722862243652, 0.3544962704181671, 0.012616901658475399, 0.97509765625], [0.0012682670494541526, 0.038909099996089935, -0.9992420077323914, 1.551605224609375], [-0.3547184467315674, -0.9342475533485413, -0.03682853281497955, -0.1229248046875], [0.0, 0.0, 0.0, 1.0]]], "view": [[0.0, -2.0, 100.0], [-2.0, 0.0, 100.0], [0.0, 0.0, 1.0]], "bev": "bev_6c17db55983e4f50ac458bd8e753dcd3.png", "aux": "aux_6c17db55983e4f50ac458bd8e753dcd3.npz", "visibility": "visibility_6c17db55983e4f50ac458bd8e753dcd3.png", "pose": [[0.4188387393951416, 0.908060610294342, 0.0, 784.0520629882812], [-0.908060610294342, 0.4188387393951416, 0.0, 2587.5263671875], [0.0, 0.0, 1.0, 0.0], [0.0, 0.0, 0.0, 1.0]], "pose_inverse": [[0.4188387393951416, -0.908060610294342, 0.0, 2021.2393798828125], [0.908060610294342, 0.4188387393951416, 0.0, -1795.72314453125], [0.0, 0.0, 1.0, 0.0], [0.0, 0.0, 0.0, 1.0]], "cam_ids": [0, 1, 2, 3, 4, 5], "cam_channels": ["CAM_FRONT_LEFT", "CAM_FRONT", "CAM_FRONT_RIGHT", "CAM_BACK_LEFT", "CAM_BACK", "CAM_BACK_RIGHT"], "token": "6c17db55983e4f50ac458bd8e753dcd3", "scene": "scene-0997"}, {"images": ["samples/CAM_FRONT_LEFT/n015-2018-11-14-18-57-54+0800__CAM_FRONT_LEFT__1542193242604844.jpg", "samples/CAM_FRONT/n015-2018-11-14-18-57-54+0800__CAM_FRONT__1542193242612460.jpg", "samples/CAM_FRONT_RIGHT/n015-2018-11-14-18-57-54+0800__CAM_FRONT_RIGHT__1542193242620339.jpg", "samples/CAM_BACK_LEFT/n015-2018-11-14-18-57-54+0800__CAM_BACK_LEFT__1542193242647423.jpg", "samples/CAM_BACK/n015-2018-11-14-18-57-54+0800__CAM_BACK__1542193242637525.jpg", "samples/CAM_BACK_RIGHT/n015-2018-11-14-18-57-54+0800__CAM_BACK_RIGHT__1542193242627893.jpg"], "intrinsics": [[[1272.5979470598488, 0.0, 826.6154927353808], [0.0, 1272.5979470598488, 479.75165386361925], [0.0, 0.0, 1.0]], [[1266.417203046554, 0.0, 816.2670197447984], [0.0, 1266.417203046554, 491.50706579294757], [0.0, 0.0, 1.0]], [[1260.8474446004698, 0.0, 807.968244525554], [0.0, 1260.8474446004698, 495.3344268742088], [0.0, 0.0, 1.0]], [[1256.7414812095406, 0.0, 792.1125740759628], [0.0, 1256.7414812095406, 492.7757465151356], [0.0, 0.0, 1.0]], [[809.2209905677063, 0.0, 829.2196003259838], [0.0, 809.2209905677063, 481.77842384512485], [0.0, 0.0, 1.0]], [[1259.5137405846733, 0.0, 807.2529053838625], [0.0, 1259.5137405846733, 501.19579884916527], [0.0, 0.0, 1.0]]], "extrinsics": [[[0.8216855525970459, -0.5690462589263916, -0.031924132257699966, -0.6826171875], [-0.019543452188372612, 0.027848482131958008, -0.9994211196899414, 1.5014877319335938], [0.5696059465408325, 0.8218338489532471, 0.011761567555367947, -1.087921142578125], [0.0, 0.0, 0.0, 1.0]], [[0.007288135588169098, -0.9996861815452576, -0.023967726156115532, 0.00927734375], [-0.024633532389998436, 0.023781605064868927, -0.9994136691093445, 1.51348876953125], [0.9996699690818787, 0.007874228991568089, -0.02445247583091259, -1.4088134765625], [0.0, 0.0, 0.0, 1.0]], [[-0.8322866559028625, -0.5543004274368286, -0.0070671504363417625, 0.84747314453125], [-0.01882350444793701, 0.04100033640861511, -0.998981773853302, 1.499359130859375], [0.5540257692337036, -0.8313060998916626, -0.04455791041254997, -1.123291015625], [0.0, 0.0, 0.0, 1.0]], [[0.9477777481079102, 0.31888532638549805, -0.005421959329396486, -1.1318359375], [-0.009320764802396297, 0.010701652616262436, -0.9998993277549744, 1.5884437561035156], [-0.31879523396492004, 0.9477329254150391, 0.013115045614540577, -0.107177734375], [0.0, 0.0, 0.0, 1.0]], [[0.002104236278682947, 0.9997861385345459, 0.020575780421495438, 0.002197265625], [-0.0350533202290535, 0.020636925473809242, -0.9991723299026489, 1.576202392578125], [-0.999383270740509, 0.0013812643010169268, 0.03508925065398216, -0.087158203125], [0.0, 0.0, 0.0, 1.0]], [[-0.9351032376289368, 0.35404500365257263, 0.015298936516046524, 0.981201171875], [-0.0027292899321764708, 0.03597510606050491, -0.9993489980697632, 1.5509567260742188], [-0.3543648421764374, -0.9345362186431885, -0.0326741524040699, -0.1209716796875], [0.0, 0.0, 0.0, 1.0]]], "view": [[0.0, -2.0, 100.0], [-2.0, 0.0, 100.0], [0.0, 0.0, 1.0]], "bev": "bev_c12880d7bea74ac9b1e783823ff76e7e.png", "aux": "aux_c12880d7bea74ac9b1e783823ff76e7e.npz", "visibility": "visibility_c12880d7bea74ac9b1e783823ff76e7e.png", "pose": [[0.39792966842651367, 0.9174159169197083, 0.0, 785.6718139648438], [-0.9174159169197083, 0.39792966842651367, 0.0, 2583.821533203125], [0.0, 0.0, 1.0, 0.0], [0.0, 0.0, 0.0, 1.0]], "pose_inverse": [[0.39792966842651367, -0.9174159169197083, 0.0, 2057.796875], [0.9174159169197083, 0.39792966842651367, 0.0, -1748.967041015625], [0.0, 0.0, 1.0, 0.0], [0.0, 0.0, 0.0, 1.0]], "cam_ids": [0, 1, 2, 3, 4, 5], "cam_channels": ["CAM_FRONT_LEFT", "CAM_FRONT", "CAM_FRONT_RIGHT", "CAM_BACK_LEFT", "CAM_BACK", "CAM_BACK_RIGHT"], "token": "c12880d7bea74ac9b1e783823ff76e7e", "scene": "scene-0997"}, {"images": ["samples/CAM_FRONT_LEFT/n015-2018-11-14-18-57-54+0800__CAM_FRONT_LEFT__1542193243104844.jpg", "samples/CAM_FRONT/n015-2018-11-14-18-57-54+0800__CAM_FRONT__1542193243112460.jpg", "samples/CAM_FRONT_RIGHT/n015-2018-11-14-18-57-54+0800__CAM_FRONT_RIGHT__1542193243120339.jpg", "samples/CAM_BACK_LEFT/n015-2018-11-14-18-57-54+0800__CAM_BACK_LEFT__1542193243147423.jpg", "samples/CAM_BACK/n015-2018-11-14-18-57-54+0800__CAM_BACK__1542193243137525.jpg", "samples/CAM_BACK_RIGHT/n015-2018-11-14-18-57-54+0800__CAM_BACK_RIGHT__1542193243127893.jpg"], "intrinsics": [[[1272.5979470598488, 0.0, 826.6154927353808], [0.0, 1272.5979470598488, 479.75165386361925], [0.0, 0.0, 1.0]], [[1266.417203046554, 0.0, 816.2670197447984], [0.0, 1266.417203046554, 491.50706579294757], [0.0, 0.0, 1.0]], [[1260.8474446004698, 0.0, 807.968244525554], [0.0, 1260.8474446004698, 495.3344268742088], [0.0, 0.0, 1.0]], [[1256.7414812095406, 0.0, 792.1125740759628], [0.0, 1256.7414812095406, 492.7757465151356], [0.0, 0.0, 1.0]], [[809.2209905677063, 0.0, 829.2196003259838], [0.0, 809.2209905677063, 481.77842384512485], [0.0, 0.0, 1.0]], [[1259.5137405846733, 0.0, 807.2529053838625], [0.0, 1259.5137405846733, 501.19579884916527], [0.0, 0.0, 1.0]]], "extrinsics": [[[0.822823166847229, -0.5676431059837341, -0.027263667434453964, -0.67333984375], [-0.013978183269500732, 0.027744431048631668, -0.9995173215866089, 1.5032577514648438], [0.5681255459785461, 0.8228071331977844, 0.01489414181560278, -1.081512451171875], [0.0, 0.0, 0.0, 1.0]], [[0.008804649114608765, -0.9996793270111084, -0.023743366822600365, 0.0093994140625], [-0.019200913608074188, 0.023570893332362175, -0.9995377659797668, 1.5148773193359375], [0.9997768402099609, 0.00925653986632824, -0.018987221643328667, -1.39990234375], [0.0, 0.0, 0.0, 1.0]], [[-0.8316531181335449, -0.5551799535751343, -0.011329380795359612, 0.842041015625], [-0.013556051068007946, 0.040694709867239, -0.9990796446800232, 1.5004653930664062], [0.5551300048828125, -0.8307340741157532, -0.041369929909706116, -1.1201171875], [0.0, 0.0, 0.0, 1.0]], [[0.947773814201355, 0.3189411759376526, -0.0011447430588304996, -1.1280517578125], [-0.004668127745389938, 0.010282959789037704, -0.9999362230300903, 1.5884857177734375], [-0.3189091384410858, 0.9477186799049377, 0.011234775185585022, -0.10888671875], [0.0, 0.0, 0.0, 1.0]], [[0.0015982426702976227, 0.9997950196266174, 0.020185276865959167, 0.0023193359375], [-0.030137309804558754, 0.02022429369390011, -0.9993411302566528, 1.5765380859375], [-0.9995445013046265, 0.0009888987988233566, 0.03016345389187336, -0.09130859375], [0.0, 0.0, 0.0, 1.0]], [[-0.9354332089424133, 0.35335198044776917, 0.010346485301852226, 0.977294921875], [0.0024044134188443422, 0.03562752157449722, -0.9993622303009033, 1.55181884765625], [-0.3534952700138092, -0.9348118305206299, -0.034176770597696304, -0.12255859375], [0.0, 0.0, 0.0, 1.0]]], "view": [[0.0, -2.0, 100.0], [-2.0, 0.0, 100.0], [0.0, 0.0, 1.0]], "bev": "bev_79f341e4ca094bc0adf6f8fa14a31307.png", "aux": "aux_79f341e4ca094bc0adf6f8fa14a31307.npz", "visibility": "visibility_79f341e4ca094bc0adf6f8fa14a31307.png", "pose": [[0.3639691472053528, 0.9314110279083252, 0.0, 787.1420288085938], [-0.9314110279083252, 0.3639691472053528, 0.0, 2580.190673828125], [0.0, 0.0, 1.0, 0.0], [0.0, 0.0, 0.0, 1.0]], "pose_inverse": [[0.3639691472053528, -0.9314110279083252, 0.0, 2116.72265625], [0.9314110279083252, 0.3639691472053528, 0.0, -1672.2625732421875], [0.0, 0.0, 1.0, 0.0], [0.0, 0.0, 0.0, 1.0]], "cam_ids": [0, 1, 2, 3, 4, 5], "cam_channels": ["CAM_FRONT_LEFT", "CAM_FRONT", "CAM_FRONT_RIGHT", "CAM_BACK_LEFT", "CAM_BACK", "CAM_BACK_RIGHT"], "token": "79f341e4ca094bc0adf6f8fa14a31307", "scene": "scene-0997"}, {"images": ["samples/CAM_FRONT_LEFT/n015-2018-11-14-18-57-54+0800__CAM_FRONT_LEFT__1542193243604844.jpg", "samples/CAM_FRONT/n015-2018-11-14-18-57-54+0800__CAM_FRONT__1542193243612460.jpg", "samples/CAM_FRONT_RIGHT/n015-2018-11-14-18-57-54+0800__CAM_FRONT_RIGHT__1542193243620339.jpg", "samples/CAM_BACK_LEFT/n015-2018-11-14-18-57-54+0800__CAM_BACK_LEFT__1542193243647423.jpg", "samples/CAM_BACK/n015-2018-11-14-18-57-54+0800__CAM_BACK__1542193243637525.jpg", "samples/CAM_BACK_RIGHT/n015-2018-11-14-18-57-54+0800__CAM_BACK_RIGHT__1542193243627893.jpg"], "intrinsics": [[[1272.5979470598488, 0.0, 826.6154927353808], [0.0, 1272.5979470598488, 479.75165386361925], [0.0, 0.0, 1.0]], [[1266.417203046554, 0.0, 816.2670197447984], [0.0, 1266.417203046554, 491.50706579294757], [0.0, 0.0, 1.0]], [[1260.8474446004698, 0.0, 807.968244525554], [0.0, 1260.8474446004698, 495.3344268742088], [0.0, 0.0, 1.0]], [[1256.7414812095406, 0.0, 792.1125740759628], [0.0, 1256.7414812095406, 492.7757465151356], [0.0, 0.0, 1.0]], [[809.2209905677063, 0.0, 829.2196003259838], [0.0, 809.2209905677063, 481.77842384512485], [0.0, 0.0, 1.0]], [[1259.5137405846733, 0.0, 807.2529053838625], [0.0, 1259.5137405846733, 501.19579884916527], [0.0, 0.0, 1.0]]], "extrinsics": [[[0.8232625722885132, -0.5671164393424988, -0.02485283836722374, -0.68603515625], [-0.010034475475549698, 0.029235538095235825, -0.9995221495628357, 1.5047988891601562], [0.5675720572471619, 0.8231186270713806, 0.01837780885398388, -1.090423583984375], [0.0, 0.0, 0.0, 1.0]], [[0.0093842139467597, -0.9996320009231567, -0.02545122243463993, 0.0093994140625], [-0.01537350844591856, 0.025305109098553658, -0.9995615482330322, 1.5161972045898438], [0.9998376965522766, 0.009771361947059631, -0.015130382962524891, -1.413818359375], [0.0, 0.0, 0.0, 1.0]], [[-0.8313955664634705, -0.5554639101028442, -0.015527754090726376, 0.851806640625], [-0.009859435260295868, 0.04268493130803108, -0.999039888381958, 1.5014266967773438], [0.5555934309959412, -0.8304443359375, -0.040964625775814056, -1.126220703125], [0.0, 0.0, 0.0, 1.0]], [[0.9478070139884949, 0.3188333809375763, 0.0026751484256237745, -1.1337890625], [-0.0013779698638245463, 0.012486103922128677, -0.9999210238456726, 1.5885448455810547], [-0.3188416361808777, 0.9477285146713257, 0.012273759581148624, -0.1064453125], [0.0, 0.0, 0.0, 1.0]], [[0.0014449943555518985, 0.9997456669807434, 0.02250717580318451, 0.0023193359375], [-0.026700738817453384, 0.022537747398018837, -0.9993894100189209, 1.5770645141601562], [-0.9996423721313477, 0.0008431219612248242, 0.026726512238383293, -0.08349609375], [0.0, 0.0, 0.0, 1.0]], [[-0.9355591535568237, 0.3530842661857605, 0.007777458522468805, 0.986328125], [0.0059648798778653145, 0.03781605511903763, -0.9992669224739075, 1.5523452758789062], [-0.35311955213546753, -0.9348269701004028, -0.0374852679669857, -0.118896484375], [0.0, 0.0, 0.0, 1.0]]], "view": [[0.0, -2.0, 100.0], [-2.0, 0.0, 100.0], [0.0, 0.0, 1.0]], "bev": "bev_4d56fa32afa644428447668a2d8d8d96.png", "aux": "aux_4d56fa32afa644428447668a2d8d8d96.npz", "visibility": "visibility_4d56fa32afa644428447668a2d8d8d96.png", "pose": [[0.3207147717475891, 0.9471758008003235, 0.0, 788.4520874023438], [-0.9471758008003235, 0.3207147717475891, 0.0, 2576.53466796875], [0.0, 0.0, 1.0, 0.0], [0.0, 0.0, 0.0, 1.0]], "pose_inverse": [[0.3207147717475891, -0.9471758008003235, 0.0, 2187.563232421875], [0.9471758008003235, 0.3207147717475891, 0.0, -1573.135498046875], [0.0, 0.0, 1.0, 0.0], [0.0, 0.0, 0.0, 1.0]], "cam_ids": [0, 1, 2, 3, 4, 5], "cam_channels": ["CAM_FRONT_LEFT", "CAM_FRONT", "CAM_FRONT_RIGHT", "CAM_BACK_LEFT", "CAM_BACK", "CAM_BACK_RIGHT"], "token": "4d56fa32afa644428447668a2d8d8d96", "scene": "scene-0997"}, {"images": ["samples/CAM_FRONT_LEFT/n015-2018-11-14-18-57-54+0800__CAM_FRONT_LEFT__1542193244104844.jpg", "samples/CAM_FRONT/n015-2018-11-14-18-57-54+0800__CAM_FRONT__1542193244112460.jpg", "samples/CAM_FRONT_RIGHT/n015-2018-11-14-18-57-54+0800__CAM_FRONT_RIGHT__1542193244120339.jpg", "samples/CAM_BACK_LEFT/n015-2018-11-14-18-57-54+0800__CAM_BACK_LEFT__1542193244147423.jpg", "samples/CAM_BACK/n015-2018-11-14-18-57-54+0800__CAM_BACK__1542193244137525.jpg", "samples/CAM_BACK_RIGHT/n015-2018-11-14-18-57-54+0800__CAM_BACK_RIGHT__1542193244127893.jpg"], "intrinsics": [[[1272.5979470598488, 0.0, 826.6154927353808], [0.0, 1272.5979470598488, 479.75165386361925], [0.0, 0.0, 1.0]], [[1266.417203046554, 0.0, 816.2670197447984], [0.0, 1266.417203046554, 491.50706579294757], [0.0, 0.0, 1.0]], [[1260.8474446004698, 0.0, 807.968244525554], [0.0, 1260.8474446004698, 495.3344268742088], [0.0, 0.0, 1.0]], [[1256.7414812095406, 0.0, 792.1125740759628], [0.0, 1256.7414812095406, 492.7757465151356], [0.0, 0.0, 1.0]], [[809.2209905677063, 0.0, 829.2196003259838], [0.0, 809.2209905677063, 481.77842384512485], [0.0, 0.0, 1.0]], [[1259.5137405846733, 0.0, 807.2529053838625], [0.0, 1259.5137405846733, 501.19579884916527], [0.0, 0.0, 1.0]]], "extrinsics": [[[0.8226827383041382, -0.5679513216018677, -0.024990137666463852, -0.688232421875], [-0.007184956222772598, 0.03356708586215973, -0.9994106292724609, 1.5058517456054688], [0.5684553980827332, 0.8223773837089539, 0.02353435568511486, -1.0876922607421875], [0.0, 0.0, 0.0, 1.0]], [[0.008719125762581825, -0.9995248317718506, -0.029565302655100822, 0.0068359375], [-0.01261213794350624, 0.029454154893755913, -0.9994865655899048, 1.51702880859375], [0.9998824000358582, 0.009087544865906239, -0.012349329888820648, -1.41259765625], [0.0, 0.0, 0.0, 1.0]], [[-0.8315196633338928, -0.5551373362541199, -0.019939258694648743, 0.8492431640625], [-0.0071814642287790775, 0.04663454368710518, -0.9988861680030823, 1.5020751953125], [0.5554489493370056, -0.8304502964019775, -0.04276423528790474, -1.126953125], [0.0, 0.0, 0.0, 1.0]], [[0.9478021264076233, 0.31880196928977966, 0.006039132364094257, -1.1304931640625], [0.0009714365005493164, 0.016052665188908577, -0.9998706579208374, 1.588571548461914], [-0.31885772943496704, 0.9476854205131531, 0.014905054122209549, -0.107421875], [0.0, 0.0, 0.0, 1.0]], [[0.001397739048115909, 0.9996593594551086, 0.02606390230357647, 0.0028076171875], [-0.024243414402008057, 0.026090139523148537, -0.9993656277656555, 1.57720947265625], [-0.9997051358222961, 0.0007649470353499055, 0.02427162043750286, -0.086669921875], [0.0, 0.0, 0.0, 1.0]], [[-0.9355728626251221, 0.3530711531639099, 0.006653706543147564, 0.984130859375], [0.008586487732827663, 0.041580818593502045, -0.9990982413291931, 1.5528335571289062], [-0.3530294895172119, -0.9346721172332764, -0.04193352907896042, -0.120849609375], [0.0, 0.0, 0.0, 1.0]]], "view": [[0.0, -2.0, 100.0], [-2.0, 0.0, 100.0], [0.0, 0.0, 1.0]], "bev": "bev_2ad748de364f480c88afa97c16163cd7.png", "aux": "aux_2ad748de364f480c88afa97c16163cd7.npz", "visibility": "visibility_2ad748de364f480c88afa97c16163cd7.png", "pose": [[0.2731363773345947, 0.9619753360748291, 0.0, 789.5590209960938], [-0.9619753360748291, 0.2731363773345947, 0.0, 2572.884765625], [0.0, 0.0, 1.0, 0.0], [0.0, 0.0, 0.0, 1.0]], "pose_inverse": [[0.2731363773345947, -0.9619753360748291, 0.0, 2259.394287109375], [0.9619753360748291, 0.2731363773345947, 0.0, -1462.2847900390625], [0.0, 0.0, 1.0, 0.0], [0.0, 0.0, 0.0, 1.0]], "cam_ids": [0, 1, 2, 3, 4, 5], "cam_channels": ["CAM_FRONT_LEFT", "CAM_FRONT", "CAM_FRONT_RIGHT", "CAM_BACK_LEFT", "CAM_BACK", "CAM_BACK_RIGHT"], "token": "2ad748de364f480c88afa97c16163cd7", "scene": "scene-0997"}, {"images": ["samples/CAM_FRONT_LEFT/n015-2018-11-14-18-57-54+0800__CAM_FRONT_LEFT__1542193244654844.jpg", "samples/CAM_FRONT/n015-2018-11-14-18-57-54+0800__CAM_FRONT__1542193244662460.jpg", "samples/CAM_FRONT_RIGHT/n015-2018-11-14-18-57-54+0800__CAM_FRONT_RIGHT__1542193244670339.jpg", "samples/CAM_BACK_LEFT/n015-2018-11-14-18-57-54+0800__CAM_BACK_LEFT__1542193244697423.jpg", "samples/CAM_BACK/n015-2018-11-14-18-57-54+0800__CAM_BACK__1542193244687525.jpg", "samples/CAM_BACK_RIGHT/n015-2018-11-14-18-57-54+0800__CAM_BACK_RIGHT__1542193244677893.jpg"], "intrinsics": [[[1272.5979470598488, 0.0, 826.6154927353808], [0.0, 1272.5979470598488, 479.75165386361925], [0.0, 0.0, 1.0]], [[1266.417203046554, 0.0, 816.2670197447984], [0.0, 1266.417203046554, 491.50706579294757], [0.0, 0.0, 1.0]], [[1260.8474446004698, 0.0, 807.968244525554], [0.0, 1260.8474446004698, 495.3344268742088], [0.0, 0.0, 1.0]], [[1256.7414812095406, 0.0, 792.1125740759628], [0.0, 1256.7414812095406, 492.7757465151356], [0.0, 0.0, 1.0]], [[809.2209905677063, 0.0, 829.2196003259838], [0.0, 809.2209905677063, 481.77842384512485], [0.0, 0.0, 1.0]], [[1259.5137405846733, 0.0, 807.2529053838625], [0.0, 1259.5137405846733, 501.19579884916527], [0.0, 0.0, 1.0]]], "extrinsics": [[[0.8231174349784851, -0.5672950148582458, -0.02557472325861454, -0.6923828125], [-0.006095085758715868, 0.03620780259370804, -0.999325692653656, 1.5061683654785156], [0.5678384900093079, 0.8227182030677795, 0.02634556032717228, -1.0944366455078125], [0.0, 0.0, 0.0, 1.0]], [[0.009087259881198406, -0.9994418621063232, -0.03214592486619949, 0.0087890625], [-0.011425508186221123, 0.03204137459397316, -0.9994212985038757, 1.5173797607421875], [0.9998934864997864, 0.009449251927435398, -0.011127963662147522, -1.4208984375], [0.0, 0.0, 0.0, 1.0]], [[-0.8315576314926147, -0.5549860000610352, -0.022411687299609184, 0.8575439453125], [-0.005891021806746721, 0.04915965348482132, -0.9987735748291016, 1.502349853515625], [0.5554071664810181, -0.8304057121276855, -0.0441485233604908, -1.130859375], [0.0, 0.0, 0.0, 1.0]], [[0.9479119777679443, 0.31841811537742615, 0.008536214008927345, -1.141845703125], [0.0027755305636674166, 0.018540890887379646, -0.9998242855072021, 1.5885639190673828], [-0.3185203969478607, 0.947769045829773, 0.01669135130941868, -0.103515625], [0.0, 0.0, 0.0, 1.0]], [[0.001759078586474061, 0.9995893239974976, 0.028603432700037956, 0.0028076171875], [-0.022630278021097183, 0.028635941445827484, -0.9993337392807007, 1.577606201171875], [-0.999742329120636, 0.0011105840094387531, 0.022671356797218323, -0.075439453125], [0.0, 0.0, 0.0, 1.0]], [[-0.9354274272918701, 0.35346341133117676, 0.006254465319216251, 0.99365234375], [0.009981831535696983, 0.04409324377775192, -0.998977541923523, 1.5529327392578125], [-0.3533778190612793, -0.9344086050987244, -0.04477424547076225, -0.116729736328125], [0.0, 0.0, 0.0, 1.0]]], "view": [[0.0, -2.0, 100.0], [-2.0, 0.0, 100.0], [0.0, 0.0, 1.0]], "bev": "bev_056112e9ce584222a403c40d0c3b289d.png", "aux": "aux_056112e9ce584222a403c40d0c3b289d.npz", "visibility": "visibility_056112e9ce584222a403c40d0c3b289d.png", "pose": [[0.22071027755737305, 0.975339412689209, 0.0, 790.5938110351562], [-0.975339412689209, 0.22071027755737305, 0.0, 2568.771240234375], [0.0, 0.0, 1.0, 0.0], [0.0, 0.0, 0.0, 1.0]], "pose_inverse": [[0.22071027755737305, -0.975339412689209, 0.0, 2330.931640625], [0.975339412689209, 0.22071027755737305, 0.0, -1338.051513671875], [0.0, 0.0, 1.0, 0.0], [0.0, 0.0, 0.0, 1.0]], "cam_ids": [0, 1, 2, 3, 4, 5], "cam_channels": ["CAM_FRONT_LEFT", "CAM_FRONT", "CAM_FRONT_RIGHT", "CAM_BACK_LEFT", "CAM_BACK", "CAM_BACK_RIGHT"], "token": "056112e9ce584222a403c40d0c3b289d", "scene": "scene-0997"}, {"images": ["samples/CAM_FRONT_LEFT/n015-2018-11-14-18-57-54+0800__CAM_FRONT_LEFT__1542193245154844.jpg", "samples/CAM_FRONT/n015-2018-11-14-18-57-54+0800__CAM_FRONT__1542193245162460.jpg", "samples/CAM_FRONT_RIGHT/n015-2018-11-14-18-57-54+0800__CAM_FRONT_RIGHT__1542193245170339.jpg", "samples/CAM_BACK_LEFT/n015-2018-11-14-18-57-54+0800__CAM_BACK_LEFT__1542193245197423.jpg", "samples/CAM_BACK/n015-2018-11-14-18-57-54+0800__CAM_BACK__1542193245187525.jpg", "samples/CAM_BACK_RIGHT/n015-2018-11-14-18-57-54+0800__CAM_BACK_RIGHT__1542193245177904.jpg"], "intrinsics": [[[1272.5979470598488, 0.0, 826.6154927353808], [0.0, 1272.5979470598488, 479.75165386361925], [0.0, 0.0, 1.0]], [[1266.417203046554, 0.0, 816.2670197447984], [0.0, 1266.417203046554, 491.50706579294757], [0.0, 0.0, 1.0]], [[1260.8474446004698, 0.0, 807.968244525554], [0.0, 1260.8474446004698, 495.3344268742088], [0.0, 0.0, 1.0]], [[1256.7414812095406, 0.0, 792.1125740759628], [0.0, 1256.7414812095406, 492.7757465151356], [0.0, 0.0, 1.0]], [[809.2209905677063, 0.0, 829.2196003259838], [0.0, 809.2209905677063, 481.77842384512485], [0.0, 0.0, 1.0]], [[1259.5137405846733, 0.0, 807.2529053838625], [0.0, 1259.5137405846733, 501.19579884916527], [0.0, 0.0, 1.0]]], "extrinsics": [[[0.8232606053352356, -0.567136824131012, -0.024451155215501785, -0.7001953125], [-0.0031401794403791428, 0.03852280229330063, -0.9992527961730957, 1.507171630859375], [0.5676549673080444, 0.8227221965789795, 0.029933391138911247, -1.099700927734375], [0.0, 0.0, 0.0, 1.0]], [[0.009311522357165813, -0.9993593692779541, -0.03455658257007599, 0.009033203125], [-0.008382569998502731, 0.03447885811328888, -0.999370276927948, 1.5182647705078125], [0.9999215006828308, 0.00959533080458641, -0.008056147955358028, -1.427978515625], [0.0, 0.0, 0.0, 1.0]], [[-0.8313988447189331, -0.5550456047058105, -0.02646607905626297, 0.8612060546875], [-0.0027468891348689795, 0.05173322930932045, -0.9986571669578552, 1.5030136108398438], [0.5556694269180298, -0.8302096128463745, -0.04453558847308159, -1.1328125], [0.0, 0.0, 0.0, 1.0]], [[0.9477390646934509, 0.3187928795814514, 0.012720269151031971, -1.1358642578125], [0.006178021430969238, 0.021524718031287193, -0.9997492432594299, 1.5885896682739258], [-0.3189867436885834, 0.9475799798965454, 0.018430303782224655, -0.1064453125], [0.0, 0.0, 0.0, 1.0]], [[0.0014027172001078725, 0.9995050430297852, 0.031428657472133636, 0.00244140625], [-0.019301626831293106, 0.03144989535212517, -0.9993189573287964, 1.577789306640625], [-0.9998127222061157, 0.0007951244479045272, 0.019336188212037086, -0.078857421875], [0.0, 0.0, 0.0, 1.0]], [[-0.935508131980896, 0.35328081250190735, 0.004160976968705654, 0.994140625], [0.013223333284258842, 0.04678032547235489, -0.9988176822662354, 1.5534076690673828], [-0.3530578017234802, -0.9343469738960266, -0.048434920608997345, -0.11627197265625], [0.0, 0.0, 0.0, 1.0]]], "view": [[0.0, -2.0, 100.0], [-2.0, 0.0, 100.0], [0.0, 0.0, 1.0]], "bev": "bev_7a3636f438784f9f92e53ce9a57088fb.png", "aux": "aux_7a3636f438784f9f92e53ce9a57088fb.npz", "visibility": "visibility_7a3636f438784f9f92e53ce9a57088fb.png", "pose": [[0.16909021139144897, 0.9856005907058716, 0.0, 791.3255615234375], [-0.9856005907058716, 0.16909021139144897, 0.0, 2564.962646484375], [0.0, 0.0, 1.0, 0.0], [0.0, 0.0, 0.0, 1.0]], "pose_inverse": [[0.16909021139144897, -0.9856005907058716, 0.0, 2394.22314453125], [0.9856005907058716, 0.16909021139144897, 0.0, -1213.6409912109375], [0.0, 0.0, 1.0, 0.0], [0.0, 0.0, 0.0, 1.0]], "cam_ids": [0, 1, 2, 3, 4, 5], "cam_channels": ["CAM_FRONT_LEFT", "CAM_FRONT", "CAM_FRONT_RIGHT", "CAM_BACK_LEFT", "CAM_BACK", "CAM_BACK_RIGHT"], "token": "7a3636f438784f9f92e53ce9a57088fb", "scene": "scene-0997"}, {"images": ["samples/CAM_FRONT_LEFT/n015-2018-11-14-18-57-54+0800__CAM_FRONT_LEFT__1542193245654844.jpg", "samples/CAM_FRONT/n015-2018-11-14-18-57-54+0800__CAM_FRONT__1542193245662460.jpg", "samples/CAM_FRONT_RIGHT/n015-2018-11-14-18-57-54+0800__CAM_FRONT_RIGHT__1542193245670339.jpg", "samples/CAM_BACK_LEFT/n015-2018-11-14-18-57-54+0800__CAM_BACK_LEFT__1542193245697423.jpg", "samples/CAM_BACK/n015-2018-11-14-18-57-54+0800__CAM_BACK__1542193245687674.jpg", "samples/CAM_BACK_RIGHT/n015-2018-11-14-18-57-54+0800__CAM_BACK_RIGHT__1542193245677893.jpg"], "intrinsics": [[[1272.5979470598488, 0.0, 826.6154927353808], [0.0, 1272.5979470598488, 479.75165386361925], [0.0, 0.0, 1.0]], [[1266.417203046554, 0.0, 816.2670197447984], [0.0, 1266.417203046554, 491.50706579294757], [0.0, 0.0, 1.0]], [[1260.8474446004698, 0.0, 807.968244525554], [0.0, 1260.8474446004698, 495.3344268742088], [0.0, 0.0, 1.0]], [[1256.7414812095406, 0.0, 792.1125740759628], [0.0, 1256.7414812095406, 492.7757465151356], [0.0, 0.0, 1.0]], [[809.2209905677063, 0.0, 829.2196003259838], [0.0, 809.2209905677063, 481.77842384512485], [0.0, 0.0, 1.0]], [[1259.5137405846733, 0.0, 807.2529053838625], [0.0, 1259.5137405846733, 501.19579884916527], [0.0, 0.0, 1.0]]], "extrinsics": [[[0.8229569792747498, -0.5675709843635559, -0.024598414078354836, -0.69873046875], [-0.0016289298655465245, 0.040941525250673294, -0.9991602301597595, 1.5076942443847656], [0.5681014060974121, 0.8223059773445129, 0.032768577337265015, -1.097015380859375], [0.0, 0.0, 0.0, 1.0]], [[0.008844100870192051, -0.9992803335189819, -0.03688647970557213, 0.008056640625], [-0.0070603531785309315, 0.036824602633714676, -0.9992968440055847, 1.5186309814453125], [0.9999359250068665, 0.009098313748836517, -0.00672959117218852, -1.426025390625], [0.0, 0.0, 0.0, 1.0]], [[-0.8315998315811157, -0.5546366572380066, -0.028634650632739067, 0.86083984375], [-0.0016199322417378426, 0.05398127809166908, -0.9985406398773193, 1.5032768249511719], [0.5553728938102722, -0.8303398489952087, -0.04578929767012596, -1.13330078125], [0.0, 0.0, 0.0, 1.0]], [[0.9477823376655579, 0.3186216950416565, 0.013745976611971855, -1.1357421875], [0.006668890826404095, 0.02329184114933014, -0.9997064471244812, 1.588606357574463], [-0.3188483417034149, 0.9475957751274109, 0.0199507437646389, -0.1055908203125], [0.0, 0.0, 0.0, 1.0]], [[0.0016036308370530605, 0.9994398355484009, 0.03342878073453903, 0.002685546875], [-0.01861225813627243, 0.03345286473631859, -0.9992669820785522, 1.5779190063476562], [-0.9998254776000977, 0.0009802751010283828, 0.018655477091670036, -0.0751953125], [0.0, 0.0, 0.0, 1.0]], [[-0.9353998899459839, 0.353568434715271, 0.004052929580211639, 0.995849609375], [0.014165626838803291, 0.04892459884285927, -0.9987019896507263, 1.5535564422607422], [-0.3533078134059906, -0.9341283440589905, -0.05077257752418518, -0.1162261962890625], [0.0, 0.0, 0.0, 1.0]]], "view": [[0.0, -2.0, 100.0], [-2.0, 0.0, 100.0], [0.0, 0.0, 1.0]], "bev": "bev_1f7b3a2487094f6eaee946a0e3e061f4.png", "aux": "aux_1f7b3a2487094f6eaee946a0e3e061f4.npz", "visibility": "visibility_1f7b3a2487094f6eaee946a0e3e061f4.png", "pose": [[0.12034180760383606, 0.9927325248718262, 0.0, 791.8556518554688], [-0.9927325248718262, 0.12034180760383606, 0.0, 2561.263671875], [0.0, 0.0, 1.0, 0.0], [0.0, 0.0, 0.0, 1.0]], "pose_inverse": [[0.12034180760383606, -0.9927325248718262, 0.0, 2447.3564453125], [0.9927325248718262, 0.12034180760383606, 0.0, -1094.3280029296875], [0.0, 0.0, 1.0, 0.0], [0.0, 0.0, 0.0, 1.0]], "cam_ids": [0, 1, 2, 3, 4, 5], "cam_channels": ["CAM_FRONT_LEFT", "CAM_FRONT", "CAM_FRONT_RIGHT", "CAM_BACK_LEFT", "CAM_BACK", "CAM_BACK_RIGHT"], "token": "1f7b3a2487094f6eaee946a0e3e061f4", "scene": "scene-0997"}, {"images": ["samples/CAM_FRONT_LEFT/n015-2018-11-14-18-57-54+0800__CAM_FRONT_LEFT__1542193246104844.jpg", "samples/CAM_FRONT/n015-2018-11-14-18-57-54+0800__CAM_FRONT__1542193246112460.jpg", "samples/CAM_FRONT_RIGHT/n015-2018-11-14-18-57-54+0800__CAM_FRONT_RIGHT__1542193246120339.jpg", "samples/CAM_BACK_LEFT/n015-2018-11-14-18-57-54+0800__CAM_BACK_LEFT__1542193246147423.jpg", "samples/CAM_BACK/n015-2018-11-14-18-57-54+0800__CAM_BACK__1542193246137525.jpg", "samples/CAM_BACK_RIGHT/n015-2018-11-14-18-57-54+0800__CAM_BACK_RIGHT__1542193246127893.jpg"], "intrinsics": [[[1272.5979470598488, 0.0, 826.6154927353808], [0.0, 1272.5979470598488, 479.75165386361925], [0.0, 0.0, 1.0]], [[1266.417203046554, 0.0, 816.2670197447984], [0.0, 1266.417203046554, 491.50706579294757], [0.0, 0.0, 1.0]], [[1260.8474446004698, 0.0, 807.968244525554], [0.0, 1260.8474446004698, 495.3344268742088], [0.0, 0.0, 1.0]], [[1256.7414812095406, 0.0, 792.1125740759628], [0.0, 1256.7414812095406, 492.7757465151356], [0.0, 0.0, 1.0]], [[809.2209905677063, 0.0, 829.2196003259838], [0.0, 809.2209905677063, 481.77842384512485], [0.0, 0.0, 1.0]], [[1259.5137405846733, 0.0, 807.2529053838625], [0.0, 1259.5137405846733, 501.19579884916527], [0.0, 0.0, 1.0]]], "extrinsics": [[[0.8227871656417847, -0.567924439907074, -0.021980013698339462, -0.718505859375], [-0.00026008105487562716, 0.038297176361083984, -0.9992663264274597, 1.5081367492675781], [0.5683494806289673, 0.8221892714500427, 0.031362712383270264, -1.11090087890625], [0.0, 0.0, 0.0, 1.0]], [[0.008666684851050377, -0.999373733997345, -0.03430771082639694, 0.0079345703125], [-0.005413868464529514, 0.03426160290837288, -0.9993982315063477, 1.5191726684570312], [0.9999477863311768, 0.008847213350236416, -0.005113543476909399, -1.446533203125], [0.0, 0.0, 0.0, 1.0]], [[-0.8316051959991455, -0.5546167492866516, -0.028861498460173607, 0.8739013671875], [0.0003031878441106528, 0.05151493102312088, -0.9986721873283386, 1.5036582946777344], [0.555367112159729, -0.8305097818374634, -0.04267193004488945, -1.14208984375], [0.0, 0.0, 0.0, 1.0]], [[0.9477502107620239, 0.3186534345149994, 0.015154900960624218, -1.138671875], [0.008805706165730953, 0.02135627157986164, -0.9997331500053406, 1.5885891914367676], [-0.3188920021057129, 0.9476307034492493, 0.017434442415833473, -0.10498046875], [0.0, 0.0, 0.0, 1.0]], [[0.0015341559192165732, 0.9995104670524597, 0.03125028312206268, 0.0025634765625], [-0.016832992434501648, 0.03127170726656914, -0.9993691444396973, 1.5781326293945312], [-0.9998571872711182, 0.0010071569122374058, 0.016872726380825043, -0.0703125], [0.0, 0.0, 0.0, 1.0]], [[-0.935397207736969, 0.3535933792591095, 0.0019264071015641093, 1.006103515625], [0.015539323911070824, 0.04654930159449577, -0.9987951517105103, 1.553572654724121], [-0.35325706005096436, -0.9342402815818787, -0.04903669282793999, -0.11195755004882812], [0.0, 0.0, 0.0, 1.0]]], "view": [[0.0, -2.0, 100.0], [-2.0, 0.0, 100.0], [0.0, 0.0, 1.0]], "bev": "bev_86abc0810cd349148b3a1b35a5b109e4.png", "aux": "aux_86abc0810cd349148b3a1b35a5b109e4.npz", "visibility": "visibility_86abc0810cd349148b3a1b35a5b109e4.png", "pose": [[0.07979623228311539, 0.9968112111091614, 0.0, 792.1551513671875], [-0.9968112111091614, 0.07979623228311539, 0.0, 2558.085205078125], [0.0, 0.0, 1.0, 0.0], [0.0, 0.0, 0.0, 1.0]], "pose_inverse": [[0.07979623228311539, -0.9968112111091614, 0.0, 2486.717041015625], [0.9968112111091614, 0.07979623228311539, 0.0, -993.7546997070312], [0.0, 0.0, 1.0, 0.0], [0.0, 0.0, 0.0, 1.0]], "cam_ids": [0, 1, 2, 3, 4, 5], "cam_channels": ["CAM_FRONT_LEFT", "CAM_FRONT", "CAM_FRONT_RIGHT", "CAM_BACK_LEFT", "CAM_BACK", "CAM_BACK_RIGHT"], "token": "86abc0810cd349148b3a1b35a5b109e4", "scene": "scene-0997"}, {"images": ["samples/CAM_FRONT_LEFT/n015-2018-11-14-18-57-54+0800__CAM_FRONT_LEFT__1542193246604844.jpg", "samples/CAM_FRONT/n015-2018-11-14-18-57-54+0800__CAM_FRONT__1542193246612460.jpg", "samples/CAM_FRONT_RIGHT/n015-2018-11-14-18-57-54+0800__CAM_FRONT_RIGHT__1542193246620339.jpg", "samples/CAM_BACK_LEFT/n015-2018-11-14-18-57-54+0800__CAM_BACK_LEFT__1542193246647423.jpg", "samples/CAM_BACK/n015-2018-11-14-18-57-54+0800__CAM_BACK__1542193246637525.jpg", "samples/CAM_BACK_RIGHT/n015-2018-11-14-18-57-54+0800__CAM_BACK_RIGHT__1542193246627893.jpg"], "intrinsics": [[[1272.5979470598488, 0.0, 826.6154927353808], [0.0, 1272.5979470598488, 479.75165386361925], [0.0, 0.0, 1.0]], [[1266.417203046554, 0.0, 816.2670197447984], [0.0, 1266.417203046554, 491.50706579294757], [0.0, 0.0, 1.0]], [[1260.8474446004698, 0.0, 807.968244525554], [0.0, 1260.8474446004698, 495.3344268742088], [0.0, 0.0, 1.0]], [[1256.7414812095406, 0.0, 792.1125740759628], [0.0, 1256.7414812095406, 492.7757465151356], [0.0, 0.0, 1.0]], [[809.2209905677063, 0.0, 829.2196003259838], [0.0, 809.2209905677063, 481.77842384512485], [0.0, 0.0, 1.0]], [[1259.5137405846733, 0.0, 807.2529053838625], [0.0, 1259.5137405846733, 501.19579884916527], [0.0, 0.0, 1.0]]], "extrinsics": [[[0.8230088949203491, -0.5674694180488586, -0.0251944437623024, -0.705810546875], [-0.004204237833619118, 0.03826751187443733, -0.9992586970329285, 1.5068702697753906], [0.5680128335952759, 0.8225046992301941, 0.029108725488185883, -1.103271484375], [0.0, 0.0, 0.0, 1.0]], [[0.00902065634727478, -0.9993767738342285, -0.03412691876292229, 0.0089111328125], [-0.009285309351980686, 0.03404312580823898, -0.9993772506713867, 1.5180702209472656], [0.9999161958694458, 0.009331919252872467, -0.008972431533038616, -1.432861328125], [0.0, 0.0, 0.0, 1.0]], [[-0.8314788937568665, -0.5549713373184204, -0.025486499071121216, 0.863525390625], [-0.0034994168672710657, 0.051106661558151245, -0.9986870288848877, 1.5028610229492188], [0.5555450916290283, -0.8302980661392212, -0.04443618655204773, -1.134033203125], [0.0, 0.0, 0.0, 1.0]], [[0.9477680325508118, 0.3187347650527954, 0.01199794840067625, -1.13525390625], [0.005774123128503561, 0.020464370027184486, -0.9997738599777222, 1.588599443435669], [-0.3189082145690918, 0.9476230144500732, 0.01755506359040737, -0.106201171875], [0.0, 0.0, 0.0, 1.0]], [[0.0014033174375072122, 0.9995328783988953, 0.03053075075149536, 0.0023193359375], [-0.019779488444328308, 0.03055255115032196, -0.9993374347686768, 1.5777587890625], [-0.999803364276886, 0.0007985091069713235, 0.01981312409043312, -0.07763671875], [0.0, 0.0, 0.0, 1.0]], [[-0.9355147480964661, 0.353259533643722