[{"images": ["samples/CAM_FRONT_LEFT/n015-2018-08-01-17-13-57+0800__CAM_FRONT_LEFT__1533115024004844.jpg", "samples/CAM_FRONT/n015-2018-08-01-17-13-57+0800__CAM_FRONT__1533115024012460.jpg", "samples/CAM_FRONT_RIGHT/n015-2018-08-01-17-13-57+0800__CAM_FRONT_RIGHT__1533115024020339.jpg", "samples/CAM_BACK_LEFT/n015-2018-08-01-17-13-57+0800__CAM_BACK_LEFT__1533115024047423.jpg", "samples/CAM_BACK/n015-2018-08-01-17-13-57+0800__CAM_BACK__1533115024037525.jpg", "samples/CAM_BACK_RIGHT/n015-2018-08-01-17-13-57+0800__CAM_BACK_RIGHT__1533115024027893.jpg"], "intrinsics": [[[1272.5979470598488, 0.0, 826.6154927353808], [0.0, 1272.5979470598488, 479.75165386361925], [0.0, 0.0, 1.0]], [[1266.417203046554, 0.0, 816.2670197447984], [0.0, 1266.417203046554, 491.50706579294757], [0.0, 0.0, 1.0]], [[1260.8474446004698, 0.0, 807.968244525554], [0.0, 1260.8474446004698, 495.3344268742088], [0.0, 0.0, 1.0]], [[1256.7414812095406, 0.0, 792.1125740759628], [0.0, 1256.7414812095406, 492.7757465151356], [0.0, 0.0, 1.0]], [[809.2209905677063, 0.0, 829.2196003259838], [0.0, 809.2209905677063, 481.77842384512485], [0.0, 0.0, 1.0]], [[1259.5137405846733, 0.0, 807.2529053838625], [0.0, 1259.5137405846733, 501.19579884916527], [0.0, 0.0, 1.0]]], "extrinsics": [[[0.8216168284416199, -0.5700401663780212, 0.00019578091450966895, -0.8831787109375], [-0.014844536781311035, -0.021739227697253227, -0.9996534585952759, 1.5067710876464844], [0.5698469281196594, 0.8213291764259338, -0.02632329799234867, -1.2237548828125], [0.0, 0.0, 0.0, 1.0]], [[0.00712151313200593, -0.9996459484100342, 0.025639064610004425, 0.005859375], [-0.020100926980376244, -0.02577764354646206, -0.9994655847549438, 1.5188980102539062], [0.9997726082801819, 0.006602362729609013, -0.02027738280594349, -1.6107177734375], [0.0, 0.0, 0.0, 1.0]], [[-0.8323465585708618, -0.5540018677711487, 0.016766851767897606, 0.979736328125], [-0.014460304751992226, -0.008535177446901798, -0.9998589754104614, 1.5027313232421875], [0.5540668368339539, -0.8324717283248901, -0.0009068083600141108, -1.21356201171875], [0.0, 0.0, 0.0, 1.0]], [[0.9476232528686523, 0.31889939308166504, -0.017704099416732788, -1.1431884765625], [-0.0056247166357934475, -0.03875957801938057, -0.9992327094078064, 1.5885658264160156], [-0.31934088468551636, 0.946995735168457, -0.034935757517814636, -0.1034088134765625], [0.0, 0.0, 0.0, 1.0]], [[0.0017740734620019794, 0.9995814561843872, -0.028877172619104385, 0.002838134765625], [-0.031088937073946, -0.028808128088712692, -0.9991014003753662, 1.5786628723144531], [-0.9995150566101074, 0.002670211950317025, 0.031024813652038574, -0.0206298828125], [0.0, 0.0, 0.0, 1.0]], [[-0.935145378112793, 0.3542107045650482, -0.006157875061035156, 1.0938720703125], [0.0014689033851027489, -0.013505158014595509, -0.9999077320098877, 1.551516056060791], [-0.3542611598968506, -0.9350681304931641, 0.012108984403312206, -0.07965087890625], [0.0, 0.0, 0.0, 1.0]]], "view": [[0.0, -2.0, 100.0], [-2.0, 0.0, 100.0], [0.0, 0.0, 1.0]], "bev": "bev_37ca0461e1b04dc6b43278e827d117c0.png", "aux": "aux_37ca0461e1b04dc6b43278e827d117c0.npz", "visibility": "visibility_37ca0461e1b04dc6b43278e827d117c0.png", "pose": [[-0.6447069048881531, 0.7644298672676086, 0.0, 750.3621215820312], [-0.7644298672676086, -0.6447069048881531, 0.0, 1326.5076904296875], [0.0, 0.0, 1.0, 0.0], [0.0, 0.0, 0.0, 1.0]], "pose_inverse": [[-0.6447069048881531, -0.7644298672676086, 0.0, 1497.7857666015625], [0.7644298672676086, -0.6447069048881531, 0.0, 281.6094970703125], [0.0, 0.0, 1.0, 0.0], [0.0, 0.0, 0.0, 1.0]], "cam_ids": [0, 1, 2, 3, 4, 5], "cam_channels": ["CAM_FRONT_LEFT", "CAM_FRONT", "CAM_FRONT_RIGHT", "CAM_BACK_LEFT", "CAM_BACK", "CAM_BACK_RIGHT"], "token": "37ca0461e1b04dc6b43278e827d117c0", "scene": "scene-0157"}, {"images": ["samples/CAM_FRONT_LEFT/n015-2018-08-01-17-13-57+0800__CAM_FRONT_LEFT__1533115024504844.jpg", "samples/CAM_FRONT/n015-2018-08-01-17-13-57+0800__CAM_FRONT__1533115024512460.jpg", "samples/CAM_FRONT_RIGHT/n015-2018-08-01-17-13-57+0800__CAM_FRONT_RIGHT__1533115024520339.jpg", "samples/CAM_BACK_LEFT/n015-2018-08-01-17-13-57+0800__CAM_BACK_LEFT__1533115024547423.jpg", "samples/CAM_BACK/n015-2018-08-01-17-13-57+0800__CAM_BACK__1533115024537525.jpg", "samples/CAM_BACK_RIGHT/n015-2018-08-01-17-13-57+0800__CAM_BACK_RIGHT__1533115024527900.jpg"], "intrinsics": [[[1272.5979470598488, 0.0, 826.6154927353808], [0.0, 1272.5979470598488, 479.75165386361925], [0.0, 0.0, 1.0]], [[1266.417203046554, 0.0, 816.2670197447984], [0.0, 1266.417203046554, 491.50706579294757], [0.0, 0.0, 1.0]], [[1260.8474446004698, 0.0, 807.968244525554], [0.0, 1260.8474446004698, 495.3344268742088], [0.0, 0.0, 1.0]], [[1256.7414812095406, 0.0, 792.1125740759628], [0.0, 1256.7414812095406, 492.7757465151356], [0.0, 0.0, 1.0]], [[809.2209905677063, 0.0, 829.2196003259838], [0.0, 809.2209905677063, 481.77842384512485], [0.0, 0.0, 1.0]], [[1259.5137405846733, 0.0, 807.2529053838625], [0.0, 1259.5137405846733, 501.19579884916527], [0.0, 0.0, 1.0]]], "extrinsics": [[[0.8214680552482605, -0.5702523589134216, -0.001559766591526568, -0.9017333984375], [-0.013785462826490402, -0.0171238724142313, -0.9997583627700806, 1.5071887969970703], [0.5700878500938416, 0.8212910294532776, -0.021927908062934875, -1.2364501953125], [0.0, 0.0, 0.0, 1.0]], [[0.006900160573422909, -0.9997541308403015, 0.021073102951049805, 0.005523681640625], [-0.019088024273514748, -0.021201446652412415, -0.9995930194854736, 1.5193367004394531], [0.9997939467430115, 0.006495111156255007, -0.019229624420404434, -1.62939453125], [0.0, 0.0, 0.0, 1.0]], [[-0.8324337601661682, -0.5539612174034119, 0.013447352685034275, 0.991943359375], [-0.01349130179733038, -0.0039992062374949455, -0.9999009966850281, 1.5029945373535156], [0.5539602041244507, -0.8325328230857849, -0.004144583363085985, -1.221923828125], [0.0, 0.0, 0.0, 1.0]], [[0.9476605653762817, 0.31889888644218445, -0.015585307963192463, -1.1431884765625], [-0.004864608868956566, -0.03438679128885269, -0.9993967413902283, 1.5885639190673828], [-0.319242388010025, 0.9471647143363953, -0.031035689637064934, -0.1033477783203125], [0.0, 0.0, 0.0, 1.0]], [[0.0018838525284081697, 0.9996998906135559, -0.024426965042948723, 0.00286865234375], [-0.030256148427724838, -0.0243588425219059, -0.9992453455924988, 1.5788421630859375], [-0.999540388584137, 0.002621517749503255, 0.030201176181435585, -0.0152587890625], [0.0, 0.0, 0.0, 1.0]], [[-0.9351063370704651, 0.35432547330856323, -0.005427574273198843, 1.10400390625], [0.0023879832588136196, -0.009015217423439026, -0.9999565482139587, 1.5515320301055908], [-0.35435909032821655, -0.9350787401199341, 0.007584062870591879, -0.07574462890625], [0.0, 0.0, 0.0, 1.0]]], "view": [[0.0, -2.0, 100.0], [-2.0, 0.0, 100.0], [0.0, 0.0, 1.0]], "bev": "bev_c44476bfef8944b5bf9386a5abc4a77a.png", "aux": "aux_c44476bfef8944b5bf9386a5abc4a77a.npz", "visibility": "visibility_c44476bfef8944b5bf9386a5abc4a77a.png", "pose": [[-0.656688928604126, 0.754161536693573, 0.0, 749.6771850585938], [-0.754161536693573, -0.656688928604126, 0.0, 1325.7115478515625], [0.0, 0.0, 1.0, 0.0], [0.0, 0.0, 0.0, 1.0]], "pose_inverse": [[-0.656688928604126, -0.754161536693573, 0.0, 1492.1053466796875], [0.754161536693573, -0.656688928604126, 0.0, 305.202392578125], [0.0, 0.0, 1.0, 0.0], [0.0, 0.0, 0.0, 1.0]], "cam_ids": [0, 1, 2, 3, 4, 5], "cam_channels": ["CAM_FRONT_LEFT", "CAM_FRONT", "CAM_FRONT_RIGHT", "CAM_BACK_LEFT", "CAM_BACK", "CAM_BACK_RIGHT"], "token": "c44476bfef8944b5bf9386a5abc4a77a", "scene": "scene-0157"}, {"images": ["samples/CAM_FRONT_LEFT/n015-2018-08-01-17-13-57+0800__CAM_FRONT_LEFT__1533115025004844.jpg", "samples/CAM_FRONT/n015-2018-08-01-17-13-57+0800__CAM_FRONT__1533115025012460.jpg", "samples/CAM_FRONT_RIGHT/n015-2018-08-01-17-13-57+0800__CAM_FRONT_RIGHT__1533115025020339.jpg", "samples/CAM_BACK_LEFT/n015-2018-08-01-17-13-57+0800__CAM_BACK_LEFT__1533115025047423.jpg", "samples/CAM_BACK/n015-2018-08-01-17-13-57+0800__CAM_BACK__1533115025037525.jpg", "samples/CAM_BACK_RIGHT/n015-2018-08-01-17-13-57+0800__CAM_BACK_RIGHT__1533115025027893.jpg"], "intrinsics": [[[1272.5979470598488, 0.0, 826.6154927353808], [0.0, 1272.5979470598488, 479.75165386361925], [0.0, 0.0, 1.0]], [[1266.417203046554, 0.0, 816.2670197447984], [0.0, 1266.417203046554, 491.50706579294757], [0.0, 0.0, 1.0]], [[1260.8474446004698, 0.0, 807.968244525554], [0.0, 1260.8474446004698, 495.3344268742088], [0.0, 0.0, 1.0]], [[1256.7414812095406, 0.0, 792.1125740759628], [0.0, 1256.7414812095406, 492.7757465151356], [0.0, 0.0, 1.0]], [[809.2209905677063, 0.0, 829.2196003259838], [0.0, 809.2209905677063, 481.77842384512485], [0.0, 0.0, 1.0]], [[1259.5137405846733, 0.0, 807.2529053838625], [0.0, 1259.5137405846733, 501.19579884916527], [0.0, 0.0, 1.0]]], "extrinsics": [[[0.8213128447532654, -0.5704677700996399, -0.003418943379074335, -0.9102783203125], [-0.014203698374330997, -0.01445732545107603, -0.999794602394104, 1.5073204040527344], [0.5703011155128479, 0.821192741394043, -0.019976738840341568, -1.2432861328125], [0.0, 0.0, 0.0, 1.0]], [[0.006675275042653084, -0.999809205532074, 0.018353605642914772, 0.0059814453125], [-0.019515974447131157, -0.018480775877833366, -0.9996387362480164, 1.5194931030273438], [0.9997872114181519, 0.0063146622851490974, -0.01963561587035656, -1.638427734375], [0.0, 0.0, 0.0, 1.0]], [[-0.8325362801551819, -0.5538346171379089, 0.012272074818611145, 0.9981689453125], [-0.013924980536103249, -0.0012238752096891403, -0.9999023079872131, 1.5030651092529297], [0.5537954568862915, -0.8326257467269897, -0.00669321371242404, -1.22528076171875], [0.0, 0.0, 0.0, 1.0]], [[0.9476675987243652, 0.31890028715133667, -0.015119525603950024, -1.142333984375], [-0.005347542464733124, -0.03149610012769699, -0.9994895458221436, 1.5885562896728516], [-0.3192136585712433, 0.9472647905349731, -0.028142504394054413, -0.1035919189453125], [0.0, 0.0, 0.0, 1.0]], [[0.0019750555511564016, 0.9997652769088745, -0.02157922461628914, 0.002593994140625], [-0.030713243409991264, -0.021508440375328064, -0.9992968440055847, 1.5788993835449219], [-0.99952632188797, 0.002636360703036189, 0.03066355176270008, -0.01318359375], [0.0, 0.0, 0.0, 1.0]], [[-0.9350534081459045, 0.35448405146598816, -0.004012260120362043, 1.10791015625], [0.0019422901095822453, -0.006195009686052799, -0.9999789595603943, 1.551510214805603], [-0.35450148582458496, -0.9350415468215942, 0.005104151554405689, -0.07391357421875], [0.0, 0.0, 0.0, 1.0]]], "view": [[0.0, -2.0, 100.0], [-2.0, 0.0, 100.0], [0.0, 0.0, 1.0]], "bev": "bev_053b364eab4b4969975860786ac7086d.png", "aux": "aux_053b364eab4b4969975860786ac7086d.npz", "visibility": "visibility_053b364eab4b4969975860786ac7086d.png", "pose": [[-0.6657310724258423, 0.7461917400360107, 0.0, 749.1456909179688], [-0.7461917400360107, -0.6657310724258423, 0.0, 1325.117919921875], [0.0, 0.0, 1.0, 0.0], [0.0, 0.0, 0.0, 1.0]], "pose_inverse": [[-0.6657310724258423, -0.7461917400360107, 0.0, 1487.5216064453125], [0.7461917400360107, -0.6657310724258423, 0.0, 323.1658935546875], [0.0, 0.0, 1.0, 0.0], [0.0, 0.0, 0.0, 1.0]], "cam_ids": [0, 1, 2, 3, 4, 5], "cam_channels": ["CAM_FRONT_LEFT", "CAM_FRONT", "CAM_FRONT_RIGHT", "CAM_BACK_LEFT", "CAM_BACK", "CAM_BACK_RIGHT"], "token": "053b364eab4b4969975860786ac7086d", "scene": "scene-0157"}, {"images": ["samples/CAM_FRONT_LEFT/n015-2018-08-01-17-13-57+0800__CAM_FRONT_LEFT__1533115025504844.jpg", "samples/CAM_FRONT/n015-2018-08-01-17-13-57+0800__CAM_FRONT__1533115025512460.jpg", "samples/CAM_FRONT_RIGHT/n015-2018-08-01-17-13-57+0800__CAM_FRONT_RIGHT__1533115025520339.jpg", "samples/CAM_BACK_LEFT/n015-2018-08-01-17-13-57+0800__CAM_BACK_LEFT__1533115025547423.jpg", "samples/CAM_BACK/n015-2018-08-01-17-13-57+0800__CAM_BACK__1533115025537525.jpg", "samples/CAM_BACK_RIGHT/n015-2018-08-01-17-13-57+0800__CAM_BACK_RIGHT__1533115025527893.jpg"], "intrinsics": [[[1272.5979470598488, 0.0, 826.6154927353808], [0.0, 1272.5979470598488, 479.75165386361925], [0.0, 0.0, 1.0]], [[1266.417203046554, 0.0, 816.2670197447984], [0.0, 1266.417203046554, 491.50706579294757], [0.0, 0.0, 1.0]], [[1260.8474446004698, 0.0, 807.968244525554], [0.0, 1260.8474446004698, 495.3344268742088], [0.0, 0.0, 1.0]], [[1256.7414812095406, 0.0, 792.1125740759628], [0.0, 1256.7414812095406, 492.7757465151356], [0.0, 0.0, 1.0]], [[809.2209905677063, 0.0, 829.2196003259838], [0.0, 809.2209905677063, 481.77842384512485], [0.0, 0.0, 1.0]], [[1259.5137405846733, 0.0, 807.2529053838625], [0.0, 1259.5137405846733, 501.19579884916527], [0.0, 0.0, 1.0]]], "extrinsics": [[[0.8211731314659119, -0.5706791281700134, -0.0002545527822803706, -0.94091796875], [-0.01174178533256054, -0.016449766233563423, -0.9997957944869995, 1.5079078674316406], [0.5705583691596985, 0.8210083842277527, -0.020208897069096565, -1.263916015625], [0.0, 0.0, 0.0, 1.0]], [[0.006432577036321163, -0.9997711181640625, 0.020403407514095306, 0.00518798828125], [-0.01695551536977291, -0.02050994522869587, -0.9996458888053894, 1.520132064819336], [0.9998356103897095, 0.006084243766963482, -0.017083564773201942, -1.6685791015625], [0.0, 0.0, 0.0, 1.0]], [[-0.8326401114463806, -0.5537011623382568, 0.011198684573173523, 1.0169677734375], [-0.011258143000304699, -0.003294073510915041, -0.9999311566352844, 1.503438949584961], [0.5536999106407166, -0.832709014415741, -0.003490867093205452, -1.23858642578125], [0.0, 0.0, 0.0, 1.0]], [[0.947685956954956, 0.31894227862358093, -0.012927347794175148, -1.142333984375], [-0.0023051665630191565, -0.0336594320833683, -0.9994307160377502, 1.5885553359985352], [-0.31919580698013306, 0.9471762180328369, -0.031163359060883522, -0.1036224365234375], [0.0, 0.0, 0.0, 1.0]], [[0.002039826475083828, 0.999717116355896, -0.023699218407273293, 0.0028076171875], [-0.02782292477786541, -0.023633355274796486, -0.9993334412574768, 1.5791740417480469], [-0.9996107816696167, 0.0026978503447026014, 0.027766842395067215, -0.004638671875], [0.0, 0.0, 0.0, 1.0]], [[-0.9350119233131409, 0.3545401096343994, -0.007342402823269367, 1.1239013671875], [0.004706248175352812, -0.008297145366668701, -0.9999545216560364, 1.5515127182006836], [-0.3545849323272705, -0.9350039958953857, 0.006089377216994762, -0.0682373046875], [0.0, 0.0, 0.0, 1.0]]], "view": [[0.0, -2.0, 100.0], [-2.0, 0.0, 100.0], [0.0, 0.0, 1.0]], "bev": "bev_15a742d5f64e462e95393fc98bc06a5c.png", "aux": "aux_15a742d5f64e462e95393fc98bc06a5c.npz", "visibility": "visibility_15a742d5f64e462e95393fc98bc06a5c.png", "pose": [[-0.6712774634361267, 0.741206169128418, 0.0, 748.7673950195312], [-0.741206169128418, -0.6712774634361267, 0.0, 1324.703369140625], [0.0, 0.0, 1.0, 0.0], [0.0, 0.0, 0.0, 1.0]], "pose_inverse": [[-0.6712774634361267, -0.741206169128418, 0.0, 1484.509033203125], [0.741206169128418, -0.6712774634361267, 0.0, 334.25250244140625], [0.0, 0.0, 1.0, 0.0], [0.0, 0.0, 0.0, 1.0]], "cam_ids": [0, 1, 2, 3, 4, 5], "cam_channels": ["CAM_FRONT_LEFT", "CAM_FRONT", "CAM_FRONT_RIGHT", "CAM_BACK_LEFT", "CAM_BACK", "CAM_BACK_RIGHT"], "token": "15a742d5f64e462e95393fc98bc06a5c", "scene": "scene-0157"}, {"images": ["samples/CAM_FRONT_LEFT/n015-2018-08-01-17-13-57+0800__CAM_FRONT_LEFT__1533115026004844.jpg", "samples/CAM_FRONT/n015-2018-08-01-17-13-57+0800__CAM_FRONT__1533115026012460.jpg", "samples/CAM_FRONT_RIGHT/n015-2018-08-01-17-13-57+0800__CAM_FRONT_RIGHT__1533115026020339.jpg", "samples/CAM_BACK_LEFT/n015-2018-08-01-17-13-57+0800__CAM_BACK_LEFT__1533115026047423.jpg", "samples/CAM_BACK/n015-2018-08-01-17-13-57+0800__CAM_BACK__1533115026037525.jpg", "samples/CAM_BACK_RIGHT/n015-2018-08-01-17-13-57+0800__CAM_BACK_RIGHT__1533115026027893.jpg"], "intrinsics": [[[1272.5979470598488, 0.0, 826.6154927353808], [0.0, 1272.5979470598488, 479.75165386361925], [0.0, 0.0, 1.0]], [[1266.417203046554, 0.0, 816.2670197447984], [0.0, 1266.417203046554, 491.50706579294757], [0.0, 0.0, 1.0]], [[1260.8474446004698, 0.0, 807.968244525554], [0.0, 1260.8474446004698, 495.3344268742088], [0.0, 0.0, 1.0]], [[1256.7414812095406, 0.0, 792.1125740759628], [0.0, 1256.7414812095406, 492.7757465151356], [0.0, 0.0, 1.0]], [[809.2209905677063, 0.0, 829.2196003259838], [0.0, 809.2209905677063, 481.77842384512485], [0.0, 0.0, 1.0]], [[1259.5137405846733, 0.0, 807.2529053838625], [0.0, 1259.5137405846733, 501.19579884916527], [0.0, 0.0, 1.0]]], "extrinsics": [[[0.8208521008491516, -0.5711336135864258, 0.0028605423867702484, -0.95458984375], [-0.007967662066221237, -0.016459083184599876, -0.999832808971405, 1.508162498474121], [0.5710852742195129, 0.8206920027732849, -0.018061071634292603, -1.27392578125], [0.0, 0.0, 0.0, 1.0]], [[0.005909469909965992, -0.9997738599777222, 0.020429514348506927, 0.00567626953125], [-0.01321038044989109, -0.02050614170730114, -0.9997024536132812, 1.5204143524169922], [0.9998952746391296, 0.0056378645822405815, -0.013328571803867817, -1.682373046875], [0.0, 0.0, 0.0, 1.0]], [[-0.8328619003295898, -0.553421676158905, 0.00809059850871563, 1.026123046875], [-0.007533323485404253, -0.0032815970480442047, -0.9999662041664124, 1.503586769104004], [0.5534295439720154, -0.8328947424888611, -0.0014359870692715049, -1.24407958984375], [0.0, 0.0, 0.0, 1.0]], [[0.9477109313011169, 0.31899091601371765, -0.009422269649803638, -1.1422119140625], [0.001376388012431562, -0.03361022099852562, -0.9994340538978577, 1.5885529518127441], [-0.31912702322006226, 0.9471616148948669, -0.03229183331131935, -0.1037139892578125], [0.0, 0.0, 0.0, 1.0]], [[0.0022170632146298885, 0.9997175335884094, -0.02366347424685955, 0.002716064453125], [-0.024131426587700844, -0.023603154346346855, -0.9994301795959473, 1.5792922973632812], [-0.9997062683105469, 0.002786865923553705, 0.024072280153632164, -0.0009765625], [0.0, 0.0, 0.0, 1.0]], [[-0.9348973035812378, 0.35475367307662964, -0.010809767059981823, 1.1309814453125], [0.008419402875006199, -0.008281066082417965, -0.9999302625656128, 1.5514984130859375], [-0.3548184931278229, -0.9349231123924255, 0.004755132831633091, -0.065185546875], [0.0, 0.0, 0.0, 1.0]]], "view": [[0.0, -2.0, 100.0], [-2.0, 0.0, 100.0], [0.0, 0.0, 1.0]], "bev": "bev_f1999ab870cc478db4a5bba7787564e7.png", "aux": "aux_f1999ab870cc478db4a5bba7787564e7.npz", "visibility": "visibility_f1999ab870cc478db4a5bba7787564e7.png", "pose": [[-0.674129068851471, 0.7386135458946228, 0.0, 748.591796875], [-0.7386135458946228, -0.674129068851471, 0.0, 1324.5126953125], [0.0, 0.0, 1.0, 0.0], [0.0, 0.0, 0.0, 1.0]], "pose_inverse": [[-0.674129068851471, -0.7386135458946228, 0.0, 1482.9505615234375], [0.7386135458946228, -0.674129068851471, 0.0, 339.9724426269531], [0.0, 0.0, 1.0, 0.0], [0.0, 0.0, 0.0, 1.0]], "cam_ids": [0, 1, 2, 3, 4, 5], "cam_channels": ["CAM_FRONT_LEFT", "CAM_FRONT", "CAM_FRONT_RIGHT", "CAM_BACK_LEFT", "CAM_BACK", "CAM_BACK_RIGHT"], "token": "f1999ab870cc478db4a5bba7787564e7", "scene": "scene-0157"}, {"images": ["samples/CAM_FRONT_LEFT/n015-2018-08-01-17-13-57+0800__CAM_FRONT_LEFT__1533115026404844.jpg", "samples/CAM_FRONT/n015-2018-08-01-17-13-57+0800__CAM_FRONT__1533115026412467.jpg", "samples/CAM_FRONT_RIGHT/n015-2018-08-01-17-13-57+0800__CAM_FRONT_RIGHT__1533115026420339.jpg", "samples/CAM_BACK_LEFT/n015-2018-08-01-17-13-57+0800__CAM_BACK_LEFT__1533115026447423.jpg", "samples/CAM_BACK/n015-2018-08-01-17-13-57+0800__CAM_BACK__1533115026437525.jpg", "samples/CAM_BACK_RIGHT/n015-2018-08-01-17-13-57+0800__CAM_BACK_RIGHT__1533115026427893.jpg"], "intrinsics": [[[1272.5979470598488, 0.0, 826.6154927353808], [0.0, 1272.5979470598488, 479.75165386361925], [0.0, 0.0, 1.0]], [[1266.417203046554, 0.0, 816.2670197447984], [0.0, 1266.417203046554, 491.50706579294757], [0.0, 0.0, 1.0]], [[1260.8474446004698, 0.0, 807.968244525554], [0.0, 1260.8474446004698, 495.3344268742088], [0.0, 0.0, 1.0]], [[1256.7414812095406, 0.0, 792.1125740759628], [0.0, 1256.7414812095406, 492.7757465151356], [0.0, 0.0, 1.0]], [[809.2209905677063, 0.0, 829.2196003259838], [0.0, 809.2209905677063, 481.77842384512485], [0.0, 0.0, 1.0]], [[1259.5137405846733, 0.0, 807.2529053838625], [0.0, 1259.5137405846733, 501.19579884916527], [0.0, 0.0, 1.0]]], "extrinsics": [[[0.8208152055740356, -0.5711767077445984, 0.004438305273652077, -0.957763671875], [-0.005870501045137644, -0.016205567866563797, -0.9998514652252197, 1.508204460144043], [0.5711637139320374, 0.8206672072410583, -0.01665486954152584, -1.2757568359375], [0.0, 0.0, 0.0, 1.0]], [[0.005831596907228231, -0.9997795224189758, 0.02017168328166008, 0.0054931640625], [-0.011153602972626686, -0.020235804840922356, -0.9997330904006958, 1.5204620361328125], [0.9999207854270935, 0.005605042912065983, -0.011269151233136654, -1.68505859375], [0.0, 0.0, 0.0, 1.0]], [[-0.8328876495361328, -0.553406834602356, 0.0062521668151021, 1.028076171875], [-0.0055169942788779736, -0.002994192996993661, -0.9999802708625793, 1.5036144256591797], [0.5534146428108215, -0.8329058289527893, -0.0005593147361651063, -1.24554443359375], [0.0, 0.0, 0.0, 1.0]], [[0.9477219581604004, 0.319009393453598, -0.007502430118620396, -1.142578125], [0.0032821500208228827, -0.03325546905398369, -0.9994415044784546, 1.5885553359985352], [-0.3190806806087494, 0.9471679329872131, -0.03256397321820259, -0.1036834716796875], [0.0, 0.0, 0.0, 1.0]], [[0.0022575422190129757, 0.999725341796875, -0.023326989263296127, 0.002777099609375], [-0.022180669009685516, -0.02327125146985054, -0.9994831085205078, 1.5793190002441406], [-0.9997513890266418, 0.0027738017961382866, 0.022122040390968323, -0.0001220703125], [0.0, 0.0, 0.0, 1.0]], [[-0.9348714351654053, 0.35476455092430115, -0.012553858570754528, 1.1326904296875], [0.010403119027614594, -0.007969236001372337, -0.9999141097068787, 1.5514936447143555], [-0.3548341393470764, -0.9349217414855957, 0.0037595508620142937, -0.0648193359375], [0.0, 0.0, 0.0, 1.0]]], "view": [[0.0, -2.0, 100.0], [-2.0, 0.0, 100.0], [0.0, 0.0, 1.0]], "bev": "bev_9d0ec9bed84e4a56aaa7882c3d296c3f.png", "aux": "aux_9d0ec9bed84e4a56aaa7882c3d296c3f.npz", "visibility": "visibility_9d0ec9bed84e4a56aaa7882c3d296c3f.png", "pose": [[-0.6750576496124268, 0.7377650141716003, 0.0, 748.5238647460938], [-0.7377650141716003, -0.6750576496124268, 0.0, 1324.4468994140625], [0.0, 0.0, 1.0, 0.0], [0.0, 0.0, 0.0, 1.0]], "pose_inverse": [[-0.6750576496124268, -0.7377650141716003, 0.0, 1482.4273681640625], [0.7377650141716003, -0.6750576496124268, 0.0, 341.84326171875], [0.0, 0.0, 1.0, 0.0], [0.0, 0.0, 0.0, 1.0]], "cam_ids": [0, 1, 2, 3, 4, 5], "cam_channels": ["CAM_FRONT_LEFT", "CAM_FRONT", "CAM_FRONT_RIGHT", "CAM_BACK_LEFT", "CAM_BACK", "CAM_BACK_RIGHT"], "token": "9d0ec9bed84e4a56aaa7882c3d296c3f", "scene": "scene-0157"}, {"images": ["samples/CAM_FRONT_LEFT/n015-2018-08-01-17-13-57+0800__CAM_FRONT_LEFT__1533115026904844.jpg", "samples/CAM_FRONT/n015-2018-08-01-17-13-57+0800__CAM_FRONT__1533115026912461.jpg", "samples/CAM_FRONT_RIGHT/n015-2018-08-01-17-13-57+0800__CAM_FRONT_RIGHT__1533115026920339.jpg", "samples/CAM_BACK_LEFT/n015-2018-08-01-17-13-57+0800__CAM_BACK_LEFT__1533115026947423.jpg", "samples/CAM_BACK/n015-2018-08-01-17-13-57+0800__CAM_BACK__1533115026937525.jpg", "samples/CAM_BACK_RIGHT/n015-2018-08-01-17-13-57+0800__CAM_BACK_RIGHT__1533115026927893.jpg"], "intrinsics": [[[1272.5979470598488, 0.0, 826.6154927353808], [0.0, 1272.5979470598488, 479.75165386361925], [0.0, 0.0, 1.0]], [[1266.417203046554, 0.0, 816.2670197447984], [0.0, 1266.417203046554, 491.50706579294757], [0.0, 0.0, 1.0]], [[1260.8474446004698, 0.0, 807.968244525554], [0.0, 1260.8474446004698, 495.3344268742088], [0.0, 0.0, 1.0]], [[1256.7414812095406, 0.0, 792.1125740759628], [0.0, 1256.7414812095406, 492.7757465151356], [0.0, 0.0, 1.0]], [[809.2209905677063, 0.0, 829.2196003259838], [0.0, 809.2209905677063, 481.77842384512485], [0.0, 0.0, 1.0]], [[1259.5137405846733, 0.0, 807.2529053838625], [0.0, 1259.5137405846733, 501.19579884916527], [0.0, 0.0, 1.0]]], "extrinsics": [[[0.8208983540534973, -0.571050763130188, 0.005182693246752024, -0.9619140625], [-0.004755313042551279, -0.015910333022475243, -0.9998621344566345, 1.50823974609375], [0.5710545182228088, 0.8207605481147766, -0.015776291489601135, -1.27880859375], [0.0, 0.0, 0.0, 1.0]], [[0.005939838942140341, -0.9997843503952026, 0.01989724487066269, 0.00555419921875], [-0.010035503655672073, -0.01995619386434555, -0.9997504949569702, 1.5205154418945312], [0.9999319911003113, 0.005738639272749424, -0.01015187706798315, -1.6893310546875], [0.0, 0.0, 0.0, 1.0]], [[-0.8328357338905334, -0.5534960031509399, 0.00517340237274766, 1.0308837890625], [-0.004397927783429623, -0.002729163970798254, -0.9999865889549255, 1.5036358833312988], [0.5535027980804443, -0.8328473567962646, -0.00016129012510646135, -1.24725341796875], [0.0, 0.0, 0.0, 1.0]], [[0.947725772857666, 0.31902074813842773, -0.006436749827116728, -1.14208984375], [0.004336480516940355, -0.03304790332913399, -0.999444305896759, 1.5885567665100098], [-0.3190562129020691, 0.9471713304519653, -0.03270377963781357, -0.103729248046875], [0.0, 0.0, 0.0, 1.0]], [[0.002237912965938449, 0.9997308254241943, -0.023097345605492592, 0.002777099609375], [-0.02110251970589161, -0.023045046254992485, -0.9995116591453552, 1.5793418884277344], [-0.9997748136520386, 0.0027243178337812424, 0.02104526199400425, 0.0010986328125], [0.0, 0.0, 0.0, 1.0]], [[-0.9348852634429932, 0.35469332337379456, -0.013496659696102142, 1.1346435546875], [0.01150535698980093, -0.007722661830484867, -0.9999039769172668, 1.551468849182129], [-0.3547634780406952, -0.9349508285522461, 0.003138929605484009, -0.06402587890625], [0.0, 0.0, 0.0, 1.0]]], "view": [[0.0, -2.0, 100.0], [-2.0, 0.0, 100.0], [0.0, 0.0, 1.0]], "bev": "bev_a0f3892789994cf592f138bb94b503f5.png", "aux": "aux_a0f3892789994cf592f138bb94b503f5.npz", "visibility": "visibility_a0f3892789994cf592f138bb94b503f5.png", "pose": [[-0.6756494045257568, 0.7372230887413025, 0.0, 748.4766235351562], [-0.7372230887413025, -0.6756494045257568, 0.0, 1324.4044189453125], [0.0, 0.0, 1.0, 0.0], [0.0, 0.0, 0.0, 1.0]], "pose_inverse": [[-0.6756494045257568, -0.7372230887413025, 0.0, 1482.08935546875], [0.7372230887413025, -0.6756494045257568, 0.0, 343.0387878417969], [0.0, 0.0, 1.0, 0.0], [0.0, 0.0, 0.0, 1.0]], "cam_ids": [0, 1, 2, 3, 4, 5], "cam_channels": ["CAM_FRONT_LEFT", "CAM_FRONT", "CAM_FRONT_RIGHT", "CAM_BACK_LEFT", "CAM_BACK", "CAM_BACK_RIGHT"], "token": "a0f3892789994cf592f138bb94b503f5", "scene": "scene-0157"}, {"images": ["samples/CAM_FRONT_LEFT/n015-2018-08-01-17-13-57+0800__CAM_FRONT_LEFT__1533115027404844.jpg", "samples/CAM_FRONT/n015-2018-08-01-17-13-57+0800__CAM_FRONT__1533115027412460.jpg", "samples/CAM_FRONT_RIGHT/n015-2018-08-01-17-13-57+0800__CAM_FRONT_RIGHT__1533115027420339.jpg", "samples/CAM_BACK_LEFT/n015-2018-08-01-17-13-57+0800__CAM_BACK_LEFT__1533115027447423.jpg", "samples/CAM_BACK/n015-2018-08-01-17-13-57+0800__CAM_BACK__1533115027437525.jpg", "samples/CAM_BACK_RIGHT/n015-2018-08-01-17-13-57+0800__CAM_BACK_RIGHT__1533115027427893.jpg"], "intrinsics": [[[1272.5979470598488, 0.0, 826.6154927353808], [0.0, 1272.5979470598488, 479.75165386361925], [0.0, 0.0, 1.0]], [[1266.417203046554, 0.0, 816.2670197447984], [0.0, 1266.417203046554, 491.50706579294757], [0.0, 0.0, 1.0]], [[1260.8474446004698, 0.0, 807.968244525554], [0.0, 1260.8474446004698, 495.3344268742088], [0.0, 0.0, 1.0]], [[1256.7414812095406, 0.0, 792.1125740759628], [0.0, 1256.7414812095406, 492.7757465151356], [0.0, 0.0, 1.0]], [[809.2209905677063, 0.0, 829.2196003259838], [0.0, 809.2209905677063, 481.77842384512485], [0.0, 0.0, 1.0]], [[1259.5137405846733, 0.0, 807.2529053838625], [0.0, 1259.5137405846733, 501.19579884916527], [0.0, 0.0, 1.0]]], "extrinsics": [[[0.8207723498344421, -0.5712314248085022, 0.005232406314462423, -0.965087890625], [-0.0046269576996564865, -0.015806861221790314, -0.9998643398284912, 1.5082578659057617], [0.5712366104125977, 0.8206368684768677, -0.015616899356245995, -1.281005859375], [0.0, 0.0, 0.0, 1.0]], [[0.005753967445343733, -0.9997870326042175, 0.019814111292362213, 0.00531005859375], [-0.009939240291714668, -0.019870638847351074, -0.9997531771659851, 1.5205402374267578], [0.9999339580535889, 0.0055555240251123905, -0.01005146000534296, -1.6925048828125], [0.0, 0.0, 0.0, 1.0]], [[-0.8329176306724548, -0.5533735156059265, 0.005082014016807079, 1.0325927734375], [-0.004331375937908888, -0.002664147410541773, -0.999987006187439, 1.5036473274230957], [0.553380012512207, -0.8329288959503174, -0.00017785353702493012, -1.24853515625], [0.0, 0.0, 0.0, 1.0]], [[0.9477255344390869, 0.31902095675468445, -0.006475657690316439, -1.1422119140625], [0.004287618678063154, -0.03302463889122009, -0.9994453191757202, 1.5885558128356934], [-0.31905776262283325, 0.9471721649169922, -0.03266613557934761, -0.1038055419921875], [0.0, 0.0, 0.0, 1.0]], [[0.002292521297931671, 0.9997314810752869, -0.023059234023094177, 0.00274658203125], [-0.021117737516760826, -0.02300575003027916, -0.9995123147964478, 1.5793609619140625], [-0.9997743964195251, 0.0027783948462456465, 0.021059324964880943, 0.001953125], [0.0, 0.0, 0.0, 1.0]], [[-0.9348463416099548, 0.3547956347465515, -0.013505630195140839, 1.136474609375], [0.011533853597939014, -0.007671894505620003, -0.9999040365219116, 1.551447868347168], [-0.3548651933670044, -0.934912383556366, 0.0030798802617937326, -0.06341552734375], [0.0, 0.0, 0.0, 1.0]]], "view": [[0.0, -2.0, 100.0], [-2.0, 0.0, 100.0], [0.0, 0.0, 1.0]], "bev": "bev_7de058e50c0747dc8bc378d3ea2b52cf.png", "aux": "aux_7de058e50c0747dc8bc378d3ea2b52cf.npz", "visibility": "visibility_7de058e50c0747dc8bc378d3ea2b52cf.png", "pose": [[-0.6757224798202515, 0.737156093120575, 0.0, 748.45068359375], [-0.737156093120575, -0.6757224798202515, 0.0, 1324.384765625], [0.0, 0.0, 1.0, 0.0], [0.0, 0.0, 0.0, 1.0]], "pose_inverse": [[-0.6757224798202515, -0.737156093120575, 0.0, 1482.0233154296875], [0.737156093120575, -0.6757224798202515, 0.0, 343.1915588378906], [0.0, 0.0, 1.0, 0.0], [0.0, 0.0, 0.0, 1.0]], "cam_ids": [0, 1, 2, 3, 4, 5], "cam_channels": ["CAM_FRONT_LEFT", "CAM_FRONT", "CAM_FRONT_RIGHT", "CAM_BACK_LEFT", "CAM_BACK", "CAM_BACK_RIGHT"], "token": "7de058e50c0747dc8bc378d3ea2b52cf", "scene": "scene-0157"}, {"images": ["samples/CAM_FRONT_LEFT/n015-2018-08-01-17-13-57+0800__CAM_FRONT_LEFT__1533115027904844.jpg", "samples/CAM_FRONT/n015-2018-08-01-17-13-57+0800__CAM_FRONT__1533115027912460.jpg", "samples/CAM_FRONT_RIGHT/n015-2018-08-01-17-13-57+0800__CAM_FRONT_RIGHT__1533115027920339.jpg", "samples/CAM_BACK_LEFT/n015-2018-08-01-17-13-57+0800__CAM_BACK_LEFT__1533115027947423.jpg", "samples/CAM_BACK/n015-2018-08-01-17-13-57+0800__CAM_BACK__1533115027937525.jpg", "samples/CAM_BACK_RIGHT/n015-2018-08-01-17-13-57+0800__CAM_BACK_RIGHT__1533115027927893.jpg"], "intrinsics": [[[1272.5979470598488, 0.0, 826.6154927353808], [0.0, 1272.5979470598488, 479.75165386361925], [0.0, 0.0, 1.0]], [[1266.417203046554, 0.0, 816.2670197447984], [0.0, 1266.417203046554, 491.50706579294757], [0.0, 0.0, 1.0]], [[1260.8474446004698, 0.0, 807.968244525554], [0.0, 1260.8474446004698, 495.3344268742088], [0.0, 0.0, 1.0]], [[1256.7414812095406, 0.0, 792.1125740759628], [0.0, 1256.7414812095406, 492.7757465151356], [0.0, 0.0, 1.0]], [[809.2209905677063, 0.0, 829.2196003259838], [0.0, 809.2209905677063, 481.77842384512485], [0.0, 0.0, 1.0]], [[1259.5137405846733, 0.0, 807.2529053838625], [0.0, 1259.5137405846733, 501.19579884916527], [0.0, 0.0, 1.0]]], "extrinsics": [[[0.8208316564559937, -0.5711303353309631, 0.006744637154042721, -0.96502685546875], [-0.002844942035153508, -0.015896504744887352, -0.9998695850372314, 1.5082530975341797], [0.5711630582809448, 0.8207054734230042, -0.014673188328742981, -1.28076171875], [0.0, 0.0, 0.0, 1.0]], [[0.0058223288506269455, -0.9997847676277161, 0.019910557195544243, 0.005340576171875], [-0.008168155327439308, -0.019957780838012695, -0.9997674822807312, 1.5205402374267578], [0.9999496340751648, 0.005658267065882683, -0.008282598108053207, -1.6923828125], [0.0, 0.0, 0.0, 1.0]], [[-0.832878828048706, -0.5534432530403137, 0.0036636157892644405, 1.0325927734375], [-0.0025729553308337927, -0.0027475813403725624, -0.9999929070472717, 1.5036466121673584], [0.5534493327140808, -0.8328823447227478, 0.0008644188637845218, -1.24859619140625], [0.0, 0.0, 0.0, 1.0]], [[0.9477298855781555, 0.31903722882270813, -0.004820749629288912, -1.14208984375], [0.006056657526642084, -0.033093616366386414, -0.9994338750839233, 1.5885573625564575], [-0.31901612877845764, 0.9471642374992371, -0.03329611197113991, -0.10369873046875], [0.0, 0.0, 0.0, 1.0]], [[0.002290950156748295, 0.9997298121452332, -0.023128297179937363, 0.002777099609375], [-0.019354280084371567, -0.02307969518005848, -0.9995462894439697, 1.5793609619140625], [-0.9998100996017456, 0.0027375328354537487, 0.019296176731586456, 0.0020751953125], [0.0, 0.0, 0.0, 1.0]], [[-0.9348443746566772, 0.35473307967185974, -0.01518013421446085, 1.13623046875], [0.013294373638927937, -0.007752779871225357, -0.9998815655708313, 1.5514469146728516], [-0.3548087775707245, -0.934935450553894, 0.0025316898245364428, -0.0635986328125], [0.0, 0.0, 0.0, 1.0]]], "view": [[0.0, -2.0, 100.0], [-2.0, 0.0, 100.0], [0.0, 0.0, 1.0]], "bev": "bev_13dc8c0238c345df9f04de8959e3420e.png", "aux": "aux_13dc8c0238c345df9f04de8959e3420e.npz", "visibility": "visibility_13dc8c0238c345df9f04de8959e3420e.png", "pose": [[-0.6754412651062012, 0.737413763999939, 0.0, 748.451171875], [-0.737413763999939, -0.6754412651062012, 0.0, 1324.3922119140625], [0.0, 0.0, 1.0, 0.0], [0.0, 0.0, 0.0, 1.0]], "pose_inverse": [[-0.6754412651062012, -0.737413763999939, 0.0, 1482.159912109375], [0.737413763999939, -0.6754412651062012, 0.0, 342.63092041015625], [0.0, 0.0, 1.0, 0.0], [0.0, 0.0, 0.0, 1.0]], "cam_ids": [0, 1, 2, 3, 4, 5], "cam_channels": ["CAM_FRONT_LEFT", "CAM_FRONT", "CAM_FRONT_RIGHT", "CAM_BACK_LEFT", "CAM_BACK", "CAM_BACK_RIGHT"], "token": "13dc8c0238c345df9f04de8959e3420e", "scene": "scene-0157"}, {"images": ["samples/CAM_FRONT_LEFT/n015-2018-08-01-17-13-57+0800__CAM_FRONT_LEFT__1533115028404844.jpg", "samples/CAM_FRONT/n015-2018-08-01-17-13-57+0800__CAM_FRONT__1533115028412460.jpg", "samples/CAM_FRONT_RIGHT/n015-2018-08-01-17-13-57+0800__CAM_FRONT_RIGHT__1533115028420344.jpg", "samples/CAM_BACK_LEFT/n015-2018-08-01-17-13-57+0800__CAM_BACK_LEFT__1533115028447423.jpg", "samples/CAM_BACK/n015-2018-08-01-17-13-57+0800__CAM_BACK__1533115028437525.jpg", "samples/CAM_BACK_RIGHT/n015-2018-08-01-17-13-57+0800__CAM_BACK_RIGHT__1533115028427893.jpg"], "intrinsics": [[[1272.5979470598488, 0.0, 826.6154927353808], [0.0, 1272.5979470598488, 479.75165386361925], [0.0, 0.0, 1.0]], [[1266.417203046554, 0.0, 816.2670197447984], [0.0, 1266.417203046554, 491.50706579294757], [0.0, 0.0, 1.0]], [[1260.8474446004698, 0.0, 807.968244525554], [0.0, 1260.8474446004698, 495.3344268742088], [0.0, 0.0, 1.0]], [[1256.7414812095406, 0.0, 792.1125740759628], [0.0, 1256.7414812095406, 492.7757465151356], [0.0, 0.0, 1.0]], [[809.2209905677063, 0.0, 829.2196003259838], [0.0, 809.2209905677063, 481.77842384512485], [0.0, 0.0, 1.0]], [[1259.5137405846733, 0.0, 807.2529053838625], [0.0, 1259.5137405846733, 501.19579884916527], [0.0, 0.0, 1.0]]], "extrinsics": [[[0.8207910060882568, -0.571186900138855, 0.006905609276145697, -0.96484375], [-0.0026438094209879637, -0.015887495130300522, -0.9998703002929688, 1.5082511901855469], [0.5712226033210754, 0.8206662535667419, -0.01455041952431202, -1.2803955078125], [0.0, 0.0, 0.0, 1.0]], [[0.005762814544141293, -0.9997852444648743, 0.01990281417965889, 0.0052490234375], [-0.007917041890323162, -0.019948139786720276, -0.9997696876525879, 1.520538330078125], [0.9999520182609558, 0.0056039332412183285, -0.008030299097299576, -1.6922607421875], [0.0, 0.0, 0.0, 1.0]], [[-0.8329017162322998, -0.5534102916717529, 0.003405101364478469, 1.0323486328125], [-0.0022690603509545326, -0.002737886505201459, -0.999993622303009, 1.5036451816558838], [0.5534161329269409, -0.8329043388366699, 0.0010246714809909463, -1.24853515625], [0.0, 0.0, 0.0, 1.0]], [[0.9477301836013794, 0.3190416097640991, -0.0044530704617500305, -1.1419677734375], [0.006449234671890736, -0.03310750424861908, -0.9994309544563293, 1.5885558128356934], [-0.3190074563026428, 0.9471622705459595, -0.033434558659791946, -0.103729248046875], [0.0, 0.0, 0.0, 1.0]], [[0.0023104806896299124, 0.9997298121452332, -0.02313120849430561, 0.002899169921875], [-0.018987201154232025, -0.023083239793777466, -0.9995532631874084, 1.5793571472167969], [-0.9998170137405396, 0.002748664002865553, 0.018928734585642815, 0.0018310546875], [0.0, 0.0, 0.0, 1.0]], [[-0.934829831123352, 0.3547581732273102, -0.015493307262659073, 1.13623046875], [0.013632038608193398, -0.0077454699203372, -0.9998770356178284, 1.5514488220214844], [-0.35483449697494507, -0.9349260330200195, 0.002404619473963976, -0.0635986328125], [0.0, 0.0, 0.0, 1.0]]], "view": [[0.0, -2.0, 100.0], [-2.0, 0.0, 100.0], [0.0, 0.0, 1.0]], "bev": "bev_69dee5f6c71b47ed86725b48acd30454.png", "aux": "aux_69dee5f6c71b47ed86725b48acd30454.npz", "visibility": "visibility_69dee5f6c71b47ed86725b48acd30454.png", "pose": [[-0.6754034161567688, 0.7374484539031982, 0.0, 748.4488525390625], [-0.7374484539031982, -0.6754034161567688, 0.0, 1324.3953857421875], [0.0, 0.0, 1.0, 0.0], [0.0, 0.0, 0.0, 1.0]], "pose_inverse": [[-0.6754034161567688, -0.7374484539031982, 0.0, 1482.17822265625], [0.7374484539031982, -0.6754034161567688, 0.0, 342.55877685546875], [0.0, 0.0, 1.0, 0.0], [0.0, 0.0, 0.0, 1.0]], "cam_ids": [0, 1, 2, 3, 4, 5], "cam_channels": ["CAM_FRONT_LEFT", "CAM_FRONT", "CAM_FRONT_RIGHT", "CAM_BACK_LEFT", "CAM_BACK", "CAM_BACK_RIGHT"], "token": "69dee5f6c71b47ed86725b48acd30454", "scene": "scene-0157"}, {"images": ["samples/CAM_FRONT_LEFT/n015-2018-08-01-17-13-57+0800__CAM_FRONT_LEFT__1533115028904844.jpg", "samples/CAM_FRONT/n015-2018-08-01-17-13-57+0800__CAM_FRONT__1533115028912460.jpg", "samples/CAM_FRONT_RIGHT/n015-2018-08-01-17-13-57+0800__CAM_FRONT_RIGHT__1533115028920339.jpg", "samples/CAM_BACK_LEFT/n015-2018-08-01-17-13-57+0800__CAM_BACK_LEFT__1533115028947423.jpg", "samples/CAM_BACK/n015-2018-08-01-17-13-57+0800__CAM_BACK__1533115028937525.jpg", "samples/CAM_BACK_RIGHT/n015-2018-08-01-17-13-57+0800__CAM_BACK_RIGHT__1533115028928120.jpg"], "intrinsics": [[[1272.5979470598488, 0.0, 826.6154927353808], [0.0, 1272.5979470598488, 479.75165386361925], [0.0, 0.0, 1.0]], [[1266.417203046554, 0.0, 816.2670197447984], [0.0, 1266.417203046554, 491.50706579294757], [0.0, 0.0, 1.0]], [[1260.8474446004698, 0.0, 807.968244525554], [0.0, 1260.8474446004698, 495.3344268742088], [0.0, 0.0, 1.0]], [[1256.7414812095406, 0.0, 792.1125740759628], [0.0, 1256.7414812095406, 492.7757465151356], [0.0, 0.0, 1.0]], [[809.2209905677063, 0.0, 829.2196003259838], [0.0, 809.2209905677063, 481.77842384512485], [0.0, 0.0, 1.0]], [[1259.5137405846733, 0.0, 807.2529053838625], [0.0, 1259.5137405846733, 501.19579884916527], [0.0, 0.0, 1.0]]], "extrinsics": [[[0.8208122253417969, -0.571155846118927, 0.006954559125006199, -0.96484375], [-0.00259664305485785, -0.01590636558830738, -0.9998701214790344, 1.5082530975341797], [0.5711922645568848, 0.8206875324249268, -0.014539225958287716, -1.2806396484375], [0.0, 0.0, 0.0, 1.0]], [[0.005791347473859787, -0.9997848868370056, 0.019916443154215813, 0.0052490234375], [-0.007905806414783001, -0.01996193453669548, -0.9997695088386536, 1.520538330078125], [0.999951958656311, 0.005632494576275349, -0.008019709959626198, -1.692138671875], [0.0, 0.0, 0.0, 1.0]], [[-0.832891047000885, -0.5534263849258423, 0.003431695979088545, 1.032470703125], [-0.0022955003660172224, -0.002746112644672394, -0.9999935626983643, 1.5036442279815674], [0.5534321665763855, -0.8328935503959656, 0.0010168238077312708, -1.24859619140625], [0.0, 0.0, 0.0, 1.0]], [[0.9477306008338928, 0.3190390467643738, -0.004543551709502935, -1.14208984375], [0.00634865602478385, -0.03309246525168419, -0.9994320869445801, 1.5885562896728516], [-0.3190081715583801, 0.9471637010574341, -0.03338821232318878, -0.1037445068359375], [0.0, 0.0, 0.0, 1.0]], [[0.002303303685039282, 0.99972