[{"images": ["samples/CAM_FRONT_LEFT/n008-2018-09-18-14-43-59-0400__CAM_FRONT_LEFT__1537296685254799.jpg", "samples/CAM_FRONT/n008-2018-09-18-14-43-59-0400__CAM_FRONT__1537296685262404.jpg", "samples/CAM_FRONT_RIGHT/n008-2018-09-18-14-43-59-0400__CAM_FRONT_RIGHT__1537296685270482.jpg", "samples/CAM_BACK_LEFT/n008-2018-09-18-14-43-59-0400__CAM_BACK_LEFT__1537296685297528.jpg", "samples/CAM_BACK/n008-2018-09-18-14-43-59-0400__CAM_BACK__1537296685287558.jpg", "samples/CAM_BACK_RIGHT/n008-2018-09-18-14-43-59-0400__CAM_BACK_RIGHT__1537296685278113.jpg"], "intrinsics": [[[1257.8625342125129, 0.0, 827.2410631095686], [0.0, 1257.8625342125129, 450.915498205774], [0.0, 0.0, 1.0]], [[1252.8131021185304, 0.0, 826.588114781398], [0.0, 1252.8131021185304, 469.9846626224581], [0.0, 0.0, 1.0]], [[1256.7485116440405, 0.0, 817.7887570959712], [0.0, 1256.7485116440403, 451.9541780095127], [0.0, 0.0, 1.0]], [[1254.9860565800168, 0.0, 829.5769333630991], [0.0, 1254.9860565800168, 467.1680561863987], [0.0, 0.0, 1.0]], [[796.8910634503094, 0.0, 857.7774326863696], [0.0, 796.8910634503094, 476.8848988407415], [0.0, 0.0, 1.0]], [[1249.9629280788233, 0.0, 825.3768045375984], [0.0, 1249.9629280788233, 462.54816385708756], [0.0, 0.0, 1.0]]], "extrinsics": [[[0.8235912322998047, -0.5671817064285278, 0.0015454479726031423, -0.9710693359375], [0.010644973255693913, 0.012732905335724354, -0.9998623132705688, 1.488694190979004], [0.5670838952064514, 0.8234941959381104, 0.01652434468269348, -1.3125], [0.0, 0.0, 0.0, 1.0]], [[0.011799532920122147, -0.9998946785926819, -0.008449014276266098, 0.0074462890625], [0.012573561631143093, 0.008597301319241524, -0.9998840093612671, 1.4805545806884766], [0.9998512864112854, 0.011691918596625328, 0.012673681601881981, -1.7027587890625], [0.0, 0.0, 0.0, 1.0]], [[-0.8432989716529846, -0.5371662378311157, -0.0172991044819355, 1.0709228515625], [0.02058243192732334, -0.00011486354924272746, -0.9997881054878235, 1.4935646057128906], [0.5370504856109619, -0.8434763550758362, 0.011153051629662514, -1.2635498046875], [0.0, 0.0, 0.0, 1.0]], [[0.9478657245635986, 0.3186698257923126, 0.0001845407678047195, -1.1427001953125], [-0.004817068576812744, 0.014907130040228367, -0.9998772740364075, 1.562037467956543], [-0.31863346695899963, 0.9477484822273254, 0.01566501334309578, -0.15655517578125], [0.0, 0.0, 0.0, 1.0]], [[0.008728465996682644, 0.9999344944953918, 0.00740741565823555, -0.0293426513671875], [-0.0027178891468793154, 0.007431392557919025, -0.9999687075614929, 1.5680317878723145], [-0.9999582171440125, 0.008708071894943714, 0.0027825760189443827, 0.0347900390625], [0.0, 0.0, 0.0, 1.0]], [[-0.9240326881408691, 0.3822450637817383, -0.007226906251162291, 1.1444091796875], [0.0015190507983788848, -0.015232130885124207, -0.9998828172683716, 1.547853946685791], [-0.38231033086776733, -0.9239354133605957, 0.0134943388402462, -0.04937744140625], [0.0, 0.0, 0.0, 1.0]]], "view": [[0.0, -2.0, 100.0], [-2.0, 0.0, 100.0], [0.0, 0.0, 1.0]], "bev": "bev_dbc349739cf9469983ba4a30b4f94558.png", "aux": "aux_dbc349739cf9469983ba4a30b4f94558.npz", "visibility": "visibility_dbc349739cf9469983ba4a30b4f94558.png", "pose": [[0.19820129871368408, -0.9801613092422485, 0.0, 557.7896118164062], [0.9801613092422485, 0.19820129871368408, 0.0, 1503.2650146484375], [0.0, 0.0, 1.0, 0.0], [0.0, 0.0, 0.0, 1.0]], "pose_inverse": [[0.19820129871368408, 0.9801613092422485, 0.0, -1583.996826171875], [-0.9801613092422485, 0.19820129871368408, 0.0, 248.7747344970703], [0.0, 0.0, 1.0, 0.0], [0.0, 0.0, 0.0, 1.0]], "cam_ids": [0, 1, 2, 3, 4, 5], "cam_channels": ["CAM_FRONT_LEFT", "CAM_FRONT", "CAM_FRONT_RIGHT", "CAM_BACK_LEFT", "CAM_BACK", "CAM_BACK_RIGHT"], "token": "dbc349739cf9469983ba4a30b4f94558", "scene": "scene-0652"}, {"images": ["samples/CAM_FRONT_LEFT/n008-2018-09-18-14-43-59-0400__CAM_FRONT_LEFT__1537296685754799.jpg", "samples/CAM_FRONT/n008-2018-09-18-14-43-59-0400__CAM_FRONT__1537296685762404.jpg", "samples/CAM_FRONT_RIGHT/n008-2018-09-18-14-43-59-0400__CAM_FRONT_RIGHT__1537296685770482.jpg", "samples/CAM_BACK_LEFT/n008-2018-09-18-14-43-59-0400__CAM_BACK_LEFT__1537296685797412.jpg", "samples/CAM_BACK/n008-2018-09-18-14-43-59-0400__CAM_BACK__1537296685787558.jpg", "samples/CAM_BACK_RIGHT/n008-2018-09-18-14-43-59-0400__CAM_BACK_RIGHT__1537296685778113.jpg"], "intrinsics": [[[1257.8625342125129, 0.0, 827.2410631095686], [0.0, 1257.8625342125129, 450.915498205774], [0.0, 0.0, 1.0]], [[1252.8131021185304, 0.0, 826.588114781398], [0.0, 1252.8131021185304, 469.9846626224581], [0.0, 0.0, 1.0]], [[1256.7485116440405, 0.0, 817.7887570959712], [0.0, 1256.7485116440403, 451.9541780095127], [0.0, 0.0, 1.0]], [[1254.9860565800168, 0.0, 829.5769333630991], [0.0, 1254.9860565800168, 467.1680561863987], [0.0, 0.0, 1.0]], [[796.8910634503094, 0.0, 857.7774326863696], [0.0, 796.8910634503094, 476.8848988407415], [0.0, 0.0, 1.0]], [[1249.9629280788233, 0.0, 825.3768045375984], [0.0, 1249.9629280788233, 462.54816385708756], [0.0, 0.0, 1.0]]], "extrinsics": [[[0.8228034377098083, -0.5683218836784363, 0.002202799543738365, -0.99462890625], [0.010883466340601444, 0.011881365440785885, -0.9998701214790344, 1.4884023666381836], [0.568221926689148, 0.8227205872535706, 0.015961337834596634, -1.328125], [0.0, 0.0, 0.0, 1.0]], [[0.010654198005795479, -0.9999143481254578, -0.007611132692545652, 0.006805419921875], [0.012831254862248898, 0.0077476492151618, -0.9998876452445984, 1.4802722930908203], [0.9998608827590942, 0.010555338114500046, 0.012912699021399021, -1.7257080078125], [0.0, 0.0, 0.0, 1.0]], [[-0.8437735438346863, -0.5364271998405457, -0.017090294510126114, 1.0855712890625], [0.020861182361841202, -0.0009610743727535009, -0.9997819066047668, 1.4932098388671875], [0.5362938046455383, -0.843946099281311, 0.012001434341073036, -1.273193359375], [0.0, 0.0, 0.0, 1.0]], [[0.9478796124458313, 0.31862857937812805, 0.00020430536824278533, -1.1434326171875], [-0.004552542697638273, 0.014184368774294853, -0.999889075756073, 1.5620412826538086], [-0.31859612464904785, 0.9477735161781311, 0.014895645901560783, -0.15631103515625], [0.0, 0.0, 0.0, 1.0]], [[0.009084333665668964, 0.9999367594718933, 0.006636316888034344, -0.02923583984375], [-0.00242879637517035, 0.006658636499196291, -0.9999748468399048, 1.5680537223815918], [-0.9999558329582214, 0.00906798243522644, 0.002489132108166814, 0.0418701171875], [0.0, 0.0, 0.0, 1.0]], [[-0.9237803220748901, 0.38284289836883545, -0.007822918705642223, 1.15625], [0.0018180549377575517, -0.016044223681092262, -0.9998696446418762, 1.5478315353393555], [-0.38291844725608826, -0.9236741065979004, 0.014125308953225613, -0.04486083984375], [0.0, 0.0, 0.0, 1.0]]], "view": [[0.0, -2.0, 100.0], [-2.0, 0.0, 100.0], [0.0, 0.0, 1.0]], "bev": "bev_fefac3b0664e4ab1a2f91e6e1c9e88b1.png", "aux": "aux_fefac3b0664e4ab1a2f91e6e1c9e88b1.npz", "visibility": "visibility_fefac3b0664e4ab1a2f91e6e1c9e88b1.png", "pose": [[0.20774772763252258, -0.9781824350357056, 0.0, 557.8615112304688], [0.9781824350357056, 0.20774772763252258, 0.0, 1503.496337890625], [0.0, 0.0, 1.0, 0.0], [0.0, 0.0, 0.0, 1.0]], "pose_inverse": [[0.20774772763252258, 0.9781824350357056, 0.0, -1586.588134765625], [-0.9781824350357056, 0.20774772763252258, 0.0, 233.34239196777344], [0.0, 0.0, 1.0, 0.0], [0.0, 0.0, 0.0, 1.0]], "cam_ids": [0, 1, 2, 3, 4, 5], "cam_channels": ["CAM_FRONT_LEFT", "CAM_FRONT", "CAM_FRONT_RIGHT", "CAM_BACK_LEFT", "CAM_BACK", "CAM_BACK_RIGHT"], "token": "fefac3b0664e4ab1a2f91e6e1c9e88b1", "scene": "scene-0652"}, {"images": ["samples/CAM_FRONT_LEFT/n008-2018-09-18-14-43-59-0400__CAM_FRONT_LEFT__1537296686254799.jpg", "samples/CAM_FRONT/n008-2018-09-18-14-43-59-0400__CAM_FRONT__1537296686262404.jpg", "samples/CAM_FRONT_RIGHT/n008-2018-09-18-14-43-59-0400__CAM_FRONT_RIGHT__1537296686270482.jpg", "samples/CAM_BACK_LEFT/n008-2018-09-18-14-43-59-0400__CAM_BACK_LEFT__1537296686297405.jpg", "samples/CAM_BACK/n008-2018-09-18-14-43-59-0400__CAM_BACK__1537296686287558.jpg", "samples/CAM_BACK_RIGHT/n008-2018-09-18-14-43-59-0400__CAM_BACK_RIGHT__1537296686278113.jpg"], "intrinsics": [[[1257.8625342125129, 0.0, 827.2410631095686], [0.0, 1257.8625342125129, 450.915498205774], [0.0, 0.0, 1.0]], [[1252.8131021185304, 0.0, 826.588114781398], [0.0, 1252.8131021185304, 469.9846626224581], [0.0, 0.0, 1.0]], [[1256.7485116440405, 0.0, 817.7887570959712], [0.0, 1256.7485116440403, 451.9541780095127], [0.0, 0.0, 1.0]], [[1254.9860565800168, 0.0, 829.5769333630991], [0.0, 1254.9860565800168, 467.1680561863987], [0.0, 0.0, 1.0]], [[796.8910634503094, 0.0, 857.7774326863696], [0.0, 796.8910634503094, 476.8848988407415], [0.0, 0.0, 1.0]], [[1249.9629280788233, 0.0, 825.3768045375984], [0.0, 1249.9629280788233, 462.54816385708756], [0.0, 0.0, 1.0]]], "extrinsics": [[[0.8225473761558533, -0.5686875581741333, 0.003207999747246504, -1.0079345703125], [0.012190040200948715, 0.011991391889750957, -0.999853789806366, 1.4882373809814453], [0.5685659646987915, 0.8224661350250244, 0.01679581217467785, -1.336181640625], [0.0, 0.0, 0.0, 1.0]], [[0.010317462496459484, -0.9999169111251831, -0.007724152412265539, 0.0058441162109375], [0.014256495051085949, 0.0078708715736866, -0.9998674392700195, 1.4801101684570312], [0.9998450875282288, 0.010205981321632862, 0.014336520805954933, -1.73828125], [0.0, 0.0, 0.0, 1.0]], [[-0.8438776731491089, -0.5362177491188049, -0.01846460811793804, 1.093017578125], [0.022400345653295517, -0.0008265010546892881, -0.999748706817627, 1.493011474609375], [0.5360677242279053, -0.8440792560577393, 0.012708928436040878, -1.278564453125], [0.0, 0.0, 0.0, 1.0]], [[0.9478844404220581, 0.3186073303222656, 0.0021148258820176125, -1.14404296875], [-0.002589522860944271, 0.014341067522764206, -0.9998937845230103, 1.5620450973510742], [-0.3186038136482239, 0.9477782845497131, 0.014418717473745346, -0.15594482421875], [0.0, 0.0, 0.0, 1.0]], [[0.009167476557195187, 0.9999347925186157, 0.006808720529079437, -0.0290679931640625], [-0.0006086145876906812, 0.0068145859986543655, -0.9999765753746033, 1.5680592060089111], [-0.999957799911499, 0.009163117036223412, 0.0006710466695949435, 0.0455322265625], [0.0, 0.0, 0.0, 1.0]], [[-0.9237010478973389, 0.3830014169216156, -0.009281926788389683, 1.162353515625], [0.0034564954694360495, -0.015895318239927292, -0.9998676776885986, 1.54780912399292], [-0.38309821486473083, -0.9236109256744385, 0.013358681462705135, -0.042633056640625], [0.0, 0.0, 0.0, 1.0]]], "view": [[0.0, -2.0, 100.0], [-2.0, 0.0, 100.0], [0.0, 0.0, 1.0]], "bev": "bev_f546e8bb876d4789ac0a64277eb879e4.png", "aux": "aux_f546e8bb876d4789ac0a64277eb879e4.npz", "visibility": "visibility_f546e8bb876d4789ac0a64277eb879e4.png", "pose": [[0.20810483396053314, -0.9781064987182617, 0.0, 557.8805541992188], [0.9781064987182617, 0.20810483396053314, 0.0, 1503.53125], [0.0, 0.0, 1.0, 0.0], [0.0, 0.0, 0.0, 1.0]], "pose_inverse": [[0.20810483396053314, 0.9781064987182617, 0.0, -1586.71142578125], [-0.9781064987182617, 0.20810483396053314, 0.0, 232.7744903564453], [0.0, 0.0, 1.0, 0.0], [0.0, 0.0, 0.0, 1.0]], "cam_ids": [0, 1, 2, 3, 4, 5], "cam_channels": ["CAM_FRONT_LEFT", "CAM_FRONT", "CAM_FRONT_RIGHT", "CAM_BACK_LEFT", "CAM_BACK", "CAM_BACK_RIGHT"], "token": "f546e8bb876d4789ac0a64277eb879e4", "scene": "scene-0652"}, {"images": ["samples/CAM_FRONT_LEFT/n008-2018-09-18-14-43-59-0400__CAM_FRONT_LEFT__1537296686754799.jpg", "samples/CAM_FRONT/n008-2018-09-18-14-43-59-0400__CAM_FRONT__1537296686762404.jpg", "samples/CAM_FRONT_RIGHT/n008-2018-09-18-14-43-59-0400__CAM_FRONT_RIGHT__1537296686770482.jpg", "samples/CAM_BACK_LEFT/n008-2018-09-18-14-43-59-0400__CAM_BACK_LEFT__1537296686797405.jpg", "samples/CAM_BACK/n008-2018-09-18-14-43-59-0400__CAM_BACK__1537296686787558.jpg", "samples/CAM_BACK_RIGHT/n008-2018-09-18-14-43-59-0400__CAM_BACK_RIGHT__1537296686778113.jpg"], "intrinsics": [[[1257.8625342125129, 0.0, 827.2410631095686], [0.0, 1257.8625342125129, 450.915498205774], [0.0, 0.0, 1.0]], [[1252.8131021185304, 0.0, 826.588114781398], [0.0, 1252.8131021185304, 469.9846626224581], [0.0, 0.0, 1.0]], [[1256.7485116440405, 0.0, 817.7887570959712], [0.0, 1256.7485116440403, 451.9541780095127], [0.0, 0.0, 1.0]], [[1254.9860565800168, 0.0, 829.5769333630991], [0.0, 1254.9860565800168, 467.1680561863987], [0.0, 0.0, 1.0]], [[796.8910634503094, 0.0, 857.7774326863696], [0.0, 796.8910634503094, 476.8848988407415], [0.0, 0.0, 1.0]], [[1249.9629280788233, 0.0, 825.3768045375984], [0.0, 1249.9629280788233, 462.54816385708756], [0.0, 0.0, 1.0]]], "extrinsics": [[[0.8225565552711487, -0.5686689615249634, 0.004042619373649359, -1.00537109375], [0.013803777284920216, 0.01285895612090826, -0.9998220205307007, 1.4882755279541016], [0.5685157775878906, 0.8224660158157349, 0.01842699758708477, -1.33416748046875], [0.0, 0.0, 0.0, 1.0]], [[0.010352369397878647, -0.9999096393585205, -0.00857205968350172, 0.0057830810546875], [0.015736564993858337, 0.008734370581805706, -0.9998380541801453, 1.4801521301269531], [0.9998224973678589, 0.010215765796601772, 0.015825564041733742, -1.7353515625], [0.0, 0.0, 0.0, 1.0]], [[-0.843842089176178, -0.5362171530723572, -0.020042860880494118, 1.0911865234375], [0.023724136874079704, 3.318757808301598e-05, -0.9997185468673706, 1.4930610656738281], [0.5360669493675232, -0.8440800309181213, 0.012693285010755062, -1.2777099609375], [0.0, 0.0, 0.0, 1.0]], [[0.9478803873062134, 0.31861039996147156, 0.003168685594573617, -1.14404296875], [-0.0017621546285226941, 0.015186656266450882, -0.9998831152915955, 1.5620441436767578], [-0.31862130761146545, 0.9477640390396118, 0.014956576749682426, -0.15606689453125], [0.0, 0.0, 0.0, 1.0]], [[0.009149961173534393, 0.9999287724494934, 0.007665147073566914, -0.029022216796875], [0.00040623615495860577, 0.007661750074476004, -0.9999704957008362, 1.5680609941482544], [-0.9999580979347229, 0.009152797050774097, -0.00033610296668484807, 0.04443359375], [0.0, 0.0, 0.0, 1.0]], [[-0.9236955046653748, 0.38299569487571716, -0.01004018634557724, 1.1610107421875], [0.004632086027413607, -0.015040130354464054, -0.9998761415481567, 1.5478124618530273], [-0.3830993175506592, -0.9236276745796204, 0.01211843267083168, -0.043365478515625], [0.0, 0.0, 0.0, 1.0]]], "view": [[0.0, -2.0, 100.0], [-2.0, 0.0, 100.0], [0.0, 0.0, 1.0]], "bev": "bev_ea2463a25d074d3093b1baaff5bf0160.png", "aux": "aux_ea2463a25d074d3093b1baaff5bf0160.npz", "visibility": "visibility_ea2463a25d074d3093b1baaff5bf0160.png", "pose": [[0.20809923112392426, -0.9781076908111572, 0.0, 557.881103515625], [0.9781076908111572, 0.20809923112392426, 0.0, 1503.5037841796875], [0.0, 0.0, 1.0, 0.0], [0.0, 0.0, 0.0, 1.0]], "pose_inverse": [[0.20809923112392426, 0.9781076908111572, 0.0, -1586.6832275390625], [-0.9781076908111572, 0.20809923112392426, 0.0, 232.7898406982422], [0.0, 0.0, 1.0, 0.0], [0.0, 0.0, 0.0, 1.0]], "cam_ids": [0, 1, 2, 3, 4, 5], "cam_channels": ["CAM_FRONT_LEFT", "CAM_FRONT", "CAM_FRONT_RIGHT", "CAM_BACK_LEFT", "CAM_BACK", "CAM_BACK_RIGHT"], "token": "ea2463a25d074d3093b1baaff5bf0160", "scene": "scene-0652"}, {"images": ["samples/CAM_FRONT_LEFT/n008-2018-09-18-14-43-59-0400__CAM_FRONT_LEFT__1537296687254799.jpg", "samples/CAM_FRONT/n008-2018-09-18-14-43-59-0400__CAM_FRONT__1537296687262404.jpg", "samples/CAM_FRONT_RIGHT/n008-2018-09-18-14-43-59-0400__CAM_FRONT_RIGHT__1537296687270482.jpg", "samples/CAM_BACK_LEFT/n008-2018-09-18-14-43-59-0400__CAM_BACK_LEFT__1537296687297405.jpg", "samples/CAM_BACK/n008-2018-09-18-14-43-59-0400__CAM_BACK__1537296687287558.jpg", "samples/CAM_BACK_RIGHT/n008-2018-09-18-14-43-59-0400__CAM_BACK_RIGHT__1537296687278113.jpg"], "intrinsics": [[[1257.8625342125129, 0.0, 827.2410631095686], [0.0, 1257.8625342125129, 450.915498205774], [0.0, 0.0, 1.0]], [[1252.8131021185304, 0.0, 826.588114781398], [0.0, 1252.8131021185304, 469.9846626224581], [0.0, 0.0, 1.0]], [[1256.7485116440405, 0.0, 817.7887570959712], [0.0, 1256.7485116440403, 451.9541780095127], [0.0, 0.0, 1.0]], [[1254.9860565800168, 0.0, 829.5769333630991], [0.0, 1254.9860565800168, 467.1680561863987], [0.0, 0.0, 1.0]], [[796.8910634503094, 0.0, 857.7774326863696], [0.0, 796.8910634503094, 476.8848988407415], [0.0, 0.0, 1.0]], [[1249.9629280788233, 0.0, 825.3768045375984], [0.0, 1249.9629280788233, 462.54816385708756], [0.0, 0.0, 1.0]]], "extrinsics": [[[0.8225372433662415, -0.5686975717544556, 0.003956873435527086, -1.004638671875], [0.013649031519889832, 0.012784747406840324, -0.999825119972229, 1.4882926940917969], [0.5685475468635559, 0.8224473595619202, 0.018278101459145546, -1.33355712890625], [0.0, 0.0, 0.0, 1.0]], [[0.01031537726521492, -0.9999105334281921, -0.008512234315276146, 0.005706787109375], [0.015612445771694183, 0.008672702126204967, -0.999840497970581, 1.48016357421875], [0.9998248815536499, 0.010180829092860222, 0.015700511634349823, -1.7347412109375], [0.0, 0.0, 0.0, 1.0]], [[-0.8438633680343628, -0.5361871719360352, -0.019949980080127716, 1.090576171875], [0.023643385618925095, -1.3769970792054664e-05, -0.9997204542160034, 1.493072509765625], [0.5360369682312012, -0.8440991044044495, 0.012688899412751198, -1.2774658203125], [0.0, 0.0, 0.0, 1.0]], [[0.9478815197944641, 0.3186068534851074, 0.0032194359228014946, -1.14404296875], [-0.0017070005415007472, 0.015182017348706722, -0.9998832941055298, 1.562042236328125], [-0.3186185657978058, 0.9477653503417969, 0.01493461336940527, -0.1561279296875], [0.0, 0.0, 0.0, 1.0]], [[0.009167409501969814, 0.9999287724494934, 0.007640348747372627, -0.0289306640625], [0.0004086075641680509, 0.007636922411620617, -0.9999707341194153, 1.568060278892517], [-0.9999579191207886, 0.009170244447886944, -0.000338567653670907, 0.0443115234375], [0.0, 0.0, 0.0, 1.0]], [[-0.9236841797828674, 0.38302361965179443, -0.01001636404544115, 1.16064453125], [0.004592461511492729, -0.015072536654770374, -0.9998758435249329, 1.5478153228759766], [-0.38312700390815735, -0.923615574836731, 0.012163243256509304, -0.04351806640625], [0.0, 0.0, 0.0, 1.0]]], "view": [[0.0, -2.0, 100.0], [-2.0, 0.0, 100.0], [0.0, 0.0, 1.0]], "bev": "bev_1afd55a5599445d1bf4a7f029b0b4f79.png", "aux": "aux_1afd55a5599445d1bf4a7f029b0b4f79.npz", "visibility": "visibility_1afd55a5599445d1bf4a7f029b0b4f79.png", "pose": [[0.20841819047927856, -0.9780398011207581, 0.0, 557.8853149414062], [0.9780398011207581, 0.20841819047927856, 0.0, 1503.5006103515625], [0.0, 0.0, 1.0, 0.0], [0.0, 0.0, 0.0, 1.0]], "pose_inverse": [[0.20841819047927856, 0.9780398011207581, 0.0, -1586.7568359375], [-0.9780398011207581, 0.20841819047927856, 0.0, 232.2771759033203], [0.0, 0.0, 1.0, 0.0], [0.0, 0.0, 0.0, 1.0]], "cam_ids": [0, 1, 2, 3, 4, 5], "cam_channels": ["CAM_FRONT_LEFT", "CAM_FRONT", "CAM_FRONT_RIGHT", "CAM_BACK_LEFT", "CAM_BACK", "CAM_BACK_RIGHT"], "token": "1afd55a5599445d1bf4a7f029b0b4f79", "scene": "scene-0652"}, {"images": ["samples/CAM_FRONT_LEFT/n008-2018-09-18-14-43-59-0400__CAM_FRONT_LEFT__1537296687754799.jpg", "samples/CAM_FRONT/n008-2018-09-18-14-43-59-0400__CAM_FRONT__1537296687762404.jpg", "samples/CAM_FRONT_RIGHT/n008-2018-09-18-14-43-59-0400__CAM_FRONT_RIGHT__1537296687770482.jpg", "samples/CAM_BACK_LEFT/n008-2018-09-18-14-43-59-0400__CAM_BACK_LEFT__1537296687797405.jpg", "samples/CAM_BACK/n008-2018-09-18-14-43-59-0400__CAM_BACK__1537296687787558.jpg", "samples/CAM_BACK_RIGHT/n008-2018-09-18-14-43-59-0400__CAM_BACK_RIGHT__1537296687778113.jpg"], "intrinsics": [[[1257.8625342125129, 0.0, 827.2410631095686], [0.0, 1257.8625342125129, 450.915498205774], [0.0, 0.0, 1.0]], [[1252.8131021185304, 0.0, 826.588114781398], [0.0, 1252.8131021185304, 469.9846626224581], [0.0, 0.0, 1.0]], [[1256.7485116440405, 0.0, 817.7887570959712], [0.0, 1256.7485116440403, 451.9541780095127], [0.0, 0.0, 1.0]], [[1254.9860565800168, 0.0, 829.5769333630991], [0.0, 1254.9860565800168, 467.1680561863987], [0.0, 0.0, 1.0]], [[796.8910634503094, 0.0, 857.7774326863696], [0.0, 796.8910634503094, 476.8848988407415], [0.0, 0.0, 1.0]], [[1249.9629280788233, 0.0, 825.3768045375984], [0.0, 1249.9629280788233, 462.54816385708756], [0.0, 0.0, 1.0]]], "extrinsics": [[[0.8225553631782532, -0.5686715245246887, 0.003936817403882742, -1.004638671875], [0.013668530620634556, 0.012849241495132446, -0.9998239874839783, 1.4882926940917969], [0.5685209035873413, 0.8224644064903259, 0.018342113122344017, -1.33343505859375], [0.0, 0.0, 0.0, 1.0]], [[0.01034535001963377, -0.9999096989631653, -0.008576604537665844, 0.005615234375], [0.015619293786585331, 0.008737606927752495, -0.9998398423194885, 1.4801654815673828], [0.9998245239257812, 0.010209734551608562, 0.015708277001976967, -1.7344970703125], [0.0, 0.0, 0.0, 1.0]], [[-0.8438485860824585, -0.5362094640731812, -0.019976461306214333, 1.0904541015625], [0.023639796301722527, 4.1909243009286e-05, -0.9997205138206482, 1.493072509765625], [0.5360604524612427, -0.8440849781036377, 0.012640516273677349, -1.2774658203125], [0.0, 0.0, 0.0, 1.0]], [[0.9478796124458313, 0.31861281394958496, 0.0031751401256769896, -1.14404296875], [-0.0017702371114864945, 0.015230833552777767, -0.9998824000358582, 1.5620427131652832], [-0.31862372159957886, 0.9477625489234924, 0.015001018531620502, -0.15606689453125], [0.0, 0.0, 0.0, 1.0]], [[0.009154618717730045, 0.9999285936355591, 0.007691517006605864, -0.02899169921875], [0.0003586511593312025, 0.007688554935157299, -0.9999703764915466, 1.5680603981018066], [-0.9999580979347229, 0.009157110936939716, -0.0002882399130612612, 0.044189453125], [0.0, 0.0, 0.0, 1.0]], [[-0.9236929416656494, 0.38300350308418274, -0.009986212477087975, 1.160400390625], [0.004577506333589554, -0.015030596405267715, -0.9998765587806702, 1.5478143692016602], [-0.3831062316894531, -0.9236246347427368, 0.012130455113947392, -0.043548583984375], [0.0, 0.0, 0.0, 1.0]]], "view": [[0.0, -2.0, 100.0], [-2.0, 0.0, 100.0], [0.0, 0.0, 1.0]], "bev": "bev_66c73eadc5874ebfbd05813b56f4e86c.png", "aux": "aux_66c73eadc5874ebfbd05813b56f4e86c.npz", "visibility": "visibility_66c73eadc5874ebfbd05813b56f4e86c.png", "pose": [[0.2084856927394867, -0.9780254364013672, 0.0, 557.8890380859375], [0.9780254364013672, 0.2084856927394867, 0.0, 1503.4998779296875], [0.0, 0.0, 1.0, 0.0], [0.0, 0.0, 0.0, 1.0]], "pose_inverse": [[0.2084856927394867, 0.9780254364013672, 0.0, -1586.77294921875], [-0.9780254364013672, 0.2084856927394867, 0.0, 232.17144775390625], [0.0, 0.0, 1.0, 0.0], [0.0, 0.0, 0.0, 1.0]], "cam_ids": [0, 1, 2, 3, 4, 5], "cam_channels": ["CAM_FRONT_LEFT", "CAM_FRONT", "CAM_FRONT_RIGHT", "CAM_BACK_LEFT", "CAM_BACK", "CAM_BACK_RIGHT"], "token": "66c73eadc5874ebfbd05813b56f4e86c", "scene": "scene-0652"}, {"images": ["samples/CAM_FRONT_LEFT/n008-2018-09-18-14-43-59-0400__CAM_FRONT_LEFT__1537296688254799.jpg", "samples/CAM_FRONT/n008-2018-09-18-14-43-59-0400__CAM_FRONT__1537296688262404.jpg", "samples/CAM_FRONT_RIGHT/n008-2018-09-18-14-43-59-0400__CAM_FRONT_RIGHT__1537296688270482.jpg", "samples/CAM_BACK_LEFT/n008-2018-09-18-14-43-59-0400__CAM_BACK_LEFT__1537296688297405.jpg", "samples/CAM_BACK/n008-2018-09-18-14-43-59-0400__CAM_BACK__1537296688287558.jpg", "samples/CAM_BACK_RIGHT/n008-2018-09-18-14-43-59-0400__CAM_BACK_RIGHT__1537296688278113.jpg"], "intrinsics": [[[1257.8625342125129, 0.0, 827.2410631095686], [0.0, 1257.8625342125129, 450.915498205774], [0.0, 0.0, 1.0]], [[1252.8131021185304, 0.0, 826.588114781398], [0.0, 1252.8131021185304, 469.9846626224581], [0.0, 0.0, 1.0]], [[1256.7485116440405, 0.0, 817.7887570959712], [0.0, 1256.7485116440403, 451.9541780095127], [0.0, 0.0, 1.0]], [[1254.9860565800168, 0.0, 829.5769333630991], [0.0, 1254.9860565800168, 467.1680561863987], [0.0, 0.0, 1.0]], [[796.8910634503094, 0.0, 857.7774326863696], [0.0, 796.8910634503094, 476.8848988407415], [0.0, 0.0, 1.0]], [[1249.9629280788233, 0.0, 825.3768045375984], [0.0, 1249.9629280788233, 462.54816385708756], [0.0, 0.0, 1.0]]], "extrinsics": [[[0.8225441575050354, -0.5686872005462646, 0.003998667001724243, -1.0050048828125], [0.013810504227876663, 0.01294525433331728, -0.9998208284378052, 1.488290786743164], [0.5685335397720337, 0.8224520087242126, 0.018501898273825645, -1.33349609375], [0.0, 0.0, 0.0, 1.0]], [[0.01033144723623991, -0.9999090433120728, -0.008672530762851238, 0.00555419921875], [0.01576470024883747, 0.00883479230105877, -0.9998366832733154, 1.4801654815673828], [0.9998223781585693, 0.010193032212555408, 0.01585453934967518, -1.7347412109375], [0.0, 0.0, 0.0, 1.0]], [[-0.8438518047332764, -0.5361976027488708, -0.02015959843993187, 1.0906982421875], [0.023789111524820328, 0.0001480972714489326, -0.9997169375419617, 1.493072509765625], [0.5360488295555115, -0.8440925478935242, 0.012630690820515156, -1.2774658203125], [0.0, 0.0, 0.0, 1.0]], [[0.9478796124458313, 0.3186112940311432, 0.003357828129082918, -1.1439208984375], [-0.00159813417121768, 0.015292207710444927, -0.9998818039894104, 1.5620431900024414], [-0.31862497329711914, 0.9477620720863342, 0.015004352666437626, -0.15606689453125], [0.0, 0.0, 0.0, 1.0]], [[0.009158064611256123, 0.9999277591705322, 0.00779039366170764, -0.0289154052734375], [0.0005288865650072694, 0.007785876281559467, -0.9999695420265198, 1.5680605173110962], [-0.9999579191207886, 0.009161904454231262, -0.00045754516031593084, 0.044189453125], [0.0, 0.0, 0.0, 1.0]], [[-0.9236881732940674, 0.3830122947692871, -0.010087518952786922, 1.1605224609375], [0.004735187627375126, -0.014914528466761112, -0.9998775124549866, 1.5478134155273438], [-0.38311588764190674, -0.9236227869987488, 0.011962737888097763, -0.043701171875], [0.0, 0.0, 0.0, 1.0]]], "view": [[0.0, -2.0, 100.0], [-2.0, 0.0, 100.0], [0.0, 0.0, 1.0]], "bev": "bev_541a8ba6edff403c8cb48776ffab7255.png", "aux": "aux_541a8ba6edff403c8cb48776ffab7255.npz", "visibility": "visibility_541a8ba6edff403c8cb48776ffab7255.png", "pose": [[0.20854134857654572, -0.9780135750770569, 0.0, 557.8920288085938], [0.9780135750770569, 0.20854134857654572, 0.0, 1503.499267578125], [0.0, 0.0, 1.0, 0.0], [0.0, 0.0, 0.0, 1.0]], "pose_inverse": [[0.20854134857654572, 0.9780135750770569, 0.0, -1586.7862548828125], [-0.9780135750770569, 0.20854134857654572, 0.0, 232.08421325683594], [0.0, 0.0, 1.0, 0.0], [0.0, 0.0, 0.0, 1.0]], "cam_ids": [0, 1, 2, 3, 4, 5], "cam_channels": ["CAM_FRONT_LEFT", "CAM_FRONT", "CAM_FRONT_RIGHT", "CAM_BACK_LEFT", "CAM_BACK", "CAM_BACK_RIGHT"], "token": "541a8ba6edff403c8cb48776ffab7255", "scene": "scene-0652"}, {"images": ["samples/CAM_FRONT_LEFT/n008-2018-09-18-14-43-59-0400__CAM_FRONT_LEFT__1537296688754799.jpg", "samples/CAM_FRONT/n008-2018-09-18-14-43-59-0400__CAM_FRONT__1537296688762404.jpg", "samples/CAM_FRONT_RIGHT/n008-2018-09-18-14-43-59-0400__CAM_FRONT_RIGHT__1537296688770482.jpg", "samples/CAM_BACK_LEFT/n008-2018-09-18-14-43-59-0400__CAM_BACK_LEFT__1537296688797405.jpg", "samples/CAM_BACK/n008-2018-09-18-14-43-59-0400__CAM_BACK__1537296688787558.jpg", "samples/CAM_BACK_RIGHT/n008-2018-09-18-14-43-59-0400__CAM_BACK_RIGHT__1537296688778113.jpg"], "intrinsics": [[[1257.8625342125129, 0.0, 827.2410631095686], [0.0, 1257.8625342125129, 450.915498205774], [0.0, 0.0, 1.0]], [[1252.8131021185304, 0.0, 826.588114781398], [0.0, 1252.8131021185304, 469.9846626224581], [0.0, 0.0, 1.0]], [[1256.7485116440405, 0.0, 817.7887570959712], [0.0, 1256.7485116440403, 451.9541780095127], [0.0, 0.0, 1.0]], [[1254.9860565800168, 0.0, 829.5769333630991], [0.0, 1254.9860565800168, 467.1680561863987], [0.0, 0.0, 1.0]], [[796.8910634503094, 0.0, 857.7774326863696], [0.0, 796.8910634503094, 476.8848988407415], [0.0, 0.0, 1.0]], [[1249.9629280788233, 0.0, 825.3768045375984], [0.0, 1249.9629280788233, 462.54816385708756], [0.0, 0.0, 1.0]]], "extrinsics": [[[0.8225334286689758, -0.5687040090560913, 0.0038282456807792187, -1.0048828125], [0.013767329975962639, 0.013181794434785843, -0.9998183250427246, 1.4882946014404297], [0.568550169467926, 0.8224366903305054, 0.018671998754143715, -1.3333740234375], [0.0, 0.0, 0.0, 1.0]], [[0.0103143947198987, -0.9999069571495056, -0.008924370631575584, 0.0055389404296875], [0.015727315098047256, 0.009085961617529392, -0.9998350143432617, 1.4801654815673828], [0.9998231530189514, 0.010172352194786072, 0.015819568186998367, -1.734619140625], [0.0, 0.0, 0.0, 1.0]], [[-0.8438602089881897, -0.536180317401886, -0.020265616476535797, 1.0904541015625], [0.02374371513724327, 0.0004168852756265551, -0.9997179508209229, 1.4930686950683594], [0.5360375642776489, -0.8441033959388733, 0.012379120104014874, -1.2774658203125], [0.0, 0.0, 0.0, 1.0]], [[0.9478805065155029, 0.3186076581478119, 0.0034289387986063957, -1.1439208984375], [-0.0016406531212851405, 0.015641987323760986, -0.9998763203620911, 1.5620431900024414], [-0.3186219036579132, 0.9477576017379761, 0.01534945983439684, -0.156005859375], [0.0, 0.0, 0.0, 1.0]], [[0.00916317105293274, 0.9999251365661621, 0.008111970499157906, -0.0289459228515625], [0.00048106233589351177, 0.008107902482151985, -0.9999670386314392, 1.568061113357544], [-0.9999579191207886, 0.009166796691715717, -0.00040673211333341897, 0.04443359375], [0.0, 0.0, 0.0, 1.0]], [[-0.9236848950386047, 0.3830246031284332, -0.009921805933117867, 1.160400390625], [0.004675901960581541, -0.014624588191509247, -0.999882161617279, 1.5478134155273438], [-0.3831245005130768, -0.9236223697662354, 0.01171752531081438, -0.043487548828125], [0.0, 0.0, 0.0, 1.0]]], "view": [[0.0, -2.0, 100.0], [-2.0, 0.0, 100.0], [0.0, 0.0, 1.0]], "bev": "bev_4721bd6b0f5946ea98365103dcf4b3e0.png", "aux": "aux_4721bd6b0f5946ea98365103dcf4b3e0.npz", "visibility": "visibility_4721bd6b0f5946ea98365103dcf4b3e0.png", "pose": [[0.20851926505565643, -0.9780182838439941, 0.0, 557.89453125], [0.9780182838439941, 0.20851926505565643, 0.0, 1503.4986572265625], [0.0, 0.0, 1.0, 0.0], [0.0, 0.0, 0.0, 1.0]], "pose_inverse": [[0.20851926505565643, 0.9780182838439941, 0.0, -1586.7808837890625], [-0.9780182838439941, 0.20851926505565643, 0.0, 232.1226043701172], [0.0, 0.0, 1.0, 0.0], [0.0, 0.0, 0.0, 1.0]], "cam_ids": [0, 1, 2, 3, 4, 5], "cam_channels": ["CAM_FRONT_LEFT", "CAM_FRONT", "CAM_FRONT_RIGHT", "CAM_BACK_LEFT", "CAM_BACK", "CAM_BACK_RIGHT"], "token": "4721bd6b0f5946ea98365103dcf4b3e0", "scene": "scene-0652"}, {"images": ["samples/CAM_FRONT_LEFT/n008-2018-09-18-14-43-59-0400__CAM_FRONT_LEFT__1537296689254799.jpg", "samples/CAM_FRONT/n008-2018-09-18-14-43-59-0400__CAM_FRONT__1537296689262404.jpg", "samples/CAM_FRONT_RIGHT/n008-2018-09-18-14-43-59-0400__CAM_FRONT_RIGHT__1537296689270482.jpg", "samples/CAM_BACK_LEFT/n008-2018-09-18-14-43-59-0400__CAM_BACK_LEFT__1537296689297405.jpg", "samples/CAM_BACK/n008-2018-09-18-14-43-59-0400__CAM_BACK__1537296689287558.jpg", "samples/CAM_BACK_RIGHT/n008-2018-09-18-14-43-59-0400__CAM_BACK_RIGHT__1537296689278113.jpg"], "intrinsics": [[[1257.8625342125129, 0.0, 827.2410631095686], [0.0, 1257.8625342125129, 450.915498205774], [0.0, 0.0, 1.0]], [[1252.8131021185304, 0.0, 826.588114781398], [0.0, 1252.8131021185304, 469.9846626224581], [0.0, 0.0, 1.0]], [[1256.7485116440405, 0.0, 817.7887570959712], [0.0, 1256.7485116440403, 451.9541780095127], [0.0, 0.0, 1.0]], [[1254.9860565800168, 0.0, 829.5769333630991], [0.0, 1254.9860565800168, 467.1680561863987], [0.0, 0.0, 1.0]], [[796.8910634503094, 0.0, 857.7774326863696], [0.0, 796.8910634503094, 476.8848988407415], [0.0, 0.0, 1.0]], [[1249.9629280788233, 0.0, 825.3768045375984], [0.0, 1249.9629280788233, 462.54816385708756], [0.0, 0.0, 1.0]]], "extrinsics": [[[0.8225287795066833, -0.5687099099159241, 0.003931646700948477, -1.0048828125], [0.01388211827725172, 0.0131657924503088, -0.99981689453125, 1.488290786743164], [0.5685540437698364, 0.8224327564239502, 0.018724139779806137, -1.33355712890625], [0.0, 0.0, 0.0, 1.0]], [[0.010306636802852154, -0.9999072551727295, -0.008894369006156921, 0.005523681640625], [0.015825310721993446, 0.009056834504008293, -0.9998337626457214, 1.48016357421875], [0.9998216032981873, 0.01016417145729065, 0.015917189419269562, -1.73486328125], [0.0, 0.0, 0.0, 1.0]], [[-0.8438636660575867, -0.5361728072166443, -0.020318124443292618, 1.090576171875], [0.02383676916360855, 0.0003680998052004725, -0.9997157454490662, 1.493072509765625], [0.5360279083251953, -0.8441081643104553, 0.012470001354813576, -1.2774658203125], [0.0, 0.0, 0.0, 1.0]], [[0.9478805065155029, 0.3186069130897522, 0.003483818843960762, -1.143798828125], [-0.0015465194592252374, 0.015534217469394207, -0.9998781085014343, 1.5620427131652832], [-0.3186222314834595, 0.9477596282958984, 0.015217315405607224, -0.15606689453125], [0.0, 0.0, 0.0, 1.0]], [[0.00916765071451664, 0.9999257922172546, 0.008016237057745457, -0.0289154052734375], [0.0005935971857979894, 0.00801113061606884, -0.9999677538871765, 1.5680614709854126], [-0.999957799911499, 0.009172125719487667, -0.000520109839271754, 0.04443359375], [0.0, 0.0, 0.0, 1.0]], [[-0.9236803650856018, 0.3830321729183197, -0.010043531656265259, 1.16064453125], [0.004777058027684689, -0.014698129147291183, -0.9998805522918701, 1.547811508178711], [-0.38313406705856323, -0.9236180782318115, 0.011746606789529324, -0.043609619140625], [0.0, 0.0, 0.0, 1.0]]], "view": [[0.0, -2.0, 100.0], [-2.0, 0.0, 100.0], [0.0, 0.0, 1.0]], "bev": "bev_6488971000fa41508e8e86130d6fc2ce.png", "aux": "aux_6488971000fa41508e8e86130d6fc2ce.npz", "visibility": "visibility_6488971000fa41508e8e86130d6fc2ce.png", "pose": [[0.20851010084152222, -0.978020191192627, 0.0, 557.8966064453125], [0.978020191192627, 0.20851010084152222, 0.0, 1503.4981689453125], [0.0, 0.0, 1.0, 0.0], [0.0, 0.0, 0.0, 1.0]], "pose_inverse": [[0.20851010084152222, 0.978020191192627, 0.0, -1586.7786865234375], [-0.978020191192627, 0.20851010084152222, 0.0, 232.1396026611328], [0.0, 0.0, 1.0, 0.0], [0.0, 0.0, 0.0, 1.0]], "cam_ids": [0, 1, 2, 3, 4, 5], "cam_channels": ["CAM_FRONT_LEFT", "CAM_FRONT", "CAM_FRONT_RIGHT", "CAM_BACK_LEFT", "CAM_BACK", "CAM_BACK_RIGHT"], "token": "6488971000fa41508e8e86130d6fc2ce", "scene": "scene-0652"}, {"images": ["samples/CAM_FRONT_LEFT/n008-2018-09-18-14-43-59-0400__CAM_FRONT_LEFT__1537296689754799.jpg", "samples/CAM_FRONT/n008-2018-09-18-14-43-59-0400__CAM_FRONT__1537296689762404.jpg", "samples/CAM_FRONT_RIGHT/n008-2018-09-18-14-43-59-0400__CAM_FRONT_RIGHT__1537296689770482.jpg", "samples/CAM_BACK_LEFT/n008-2018-09-18-14-43-59-0400__CAM_BACK_LEFT__1537296689797405.jpg", "samples/CAM_BACK/n008-2018-09-18-14-43-59-0400__CAM_BACK__1537296689787565.jpg", "samples/CAM_BACK_RIGHT/n008-2018-09-18-14-43-59-0400__CAM_BACK_RIGHT__1537296689778113.jpg"], "intrinsics": [[[1257.8625342125129, 0.0, 827.2410631095686], [0.0, 1257.8625342125129, 450.915498205774], [0.0, 0.0, 1.0]], [[1252.8131021185304, 0.0, 826.588114781398], [0.0, 1252.8131021185304, 469.9846626224581], [0.0, 0.0, 1.0]], [[1256.7485116440405, 0.0, 817.7887570959712], [0.0, 1256.7485116440403, 451.9541780095127], [0.0, 0.0, 1.0]], [[1254.9860565800168, 0.0, 829.5769333630991], [0.0, 1254.9860565800168, 467.1680561863987], [0.0, 0.0, 1.0]], [[796.8910634503094, 0.0, 857.7774326863696], [0.0, 796.8910634503094, 476.8848988407415], [0.0, 0.0, 1.0]], [[1249.9629280788233, 0.0, 825.3768045375984], [0.0, 1249.9629280788233, 462.54816385708756], [0.0, 0.0, 1.0]]], "extrinsics": [[[0.8225354552268982, -0.5687011480331421, 0.003831567708402872, -1.0047607421875], [0.013858594000339508, 0.01330808736383915, -0.9998154044151306, 1.4882926940917969], [0.5685450434684753, 0.8224367499351501, 0.01882776990532875, -1.33355712890625], [0.0, 0.0, 0.0, 1.0]], [[0.010318915359675884, -0.999906063079834, -0.009021049365401268, 0.0054931640625], [0.015811089426279068, 0.009183557704091072, -0.999832808971405, 1.48016357421875], [0.9998218417167664, 0.010174556635320187, 0.015904366970062256, -1.7344970703125], [0.0, 0.0, 0.0, 1.0]], [[-0.843856692314148, -0.5361818671226501, -0.020370880141854286, 1.0906982421875], [0.023825399577617645, 0.0004846744704991579, -0.99971604347229, 1.493072509765625], [0.536039412021637, -0.8441023826599121, 0.012365750037133694, -1.2774658203125], [0.0, 0.0, 0.0, 1.0]], [[0.947880208492279, 0.31860795617103577, 0.003469515824690461, -1.14404296875], [-0.0016012975247576833, 0.015652228146791458, -0.9998762607574463, 1.562042236328125], [-0.3186228275299072, 0.947757363319397, 0.015346623957157135, -0.15606689453125], [0.0, 0.0, 0.0, 1.0]], [[0.009161224588751793, 0.9999250173568726, 0.00813253317028284, -0.0289154052734375], [0.0005477215745486319, 0.008127856068313122, -0.9999667406082153, 1.5680596828460693], [-0.9999579191207886, 0.009165363386273384, -0.00047322019236162305, 0.0443115234375], [0.0, 0.0, 0.0, 1.0]], [[-0.9236849546432495, 0.38302263617515564, -0.009981466457247734, 1.16064453125], [0.004758046008646488, -0.014582314528524876, -0.9998823404312134, 1.5478134155273438], [-0.3831230700016022, -0.9236239194869995, 0.011647026054561138, -0.04364013671875], [0.0, 0.0, 0.0, 1.0]]], "view": [[0.0, -2.0, 100.0], [-2.0, 0.0, 100.0], [0.0, 0.0, 1.0]], "bev": "bev_b8793e97b26e49f08d6ac57cdb3610da.png", "aux": "aux_b8793e97b26e49f08d6ac57cdb3610da.npz", "visibility": "visibility_b8793e97b26e49f08d6ac57cdb3610da.png", "pose": [[0.20849792659282684, -0.9780228137969971, 0.0, 557.8983764648438], [0.9780228137969971, 0.20849792659282684, 0.0, 1503.4979248046875], [0.0, 0.0, 1.0, 0.0], [0.0, 0.0, 0.0, 1.0]], "pose_inverse": [[0.20849792659282684, 0.9780228137969971, 0.0, -1586.77587890625], [-0.9780228137969971, 0.20849792659282684, 0.0, 232.1611328125], [0.0, 0.0, 1.0, 0.0], [0.0, 0.0, 0.0, 1.0]], "cam_ids": [0, 1, 2, 3, 4, 5], "cam_channels": ["CAM_FRONT_LEFT", "CAM_FRONT", "CAM_FRONT_RIGHT", "CAM_BACK_LEFT", "CAM_BACK", "CAM_BACK_RIGHT"], "token": "b8793e97b26e49f08d6ac57cdb3610da", "scene": "scene-0652"}, {"images": ["samples/CAM_FRONT_LEFT/n008-2018-09-18-14-43-59-0400__CAM_FRONT_LEFT__1537296690254799.jpg", "samples/CAM_FRONT/n008-2018-09-18-14-43-59-0400__CAM_FRONT__1537296690262404.jpg", "samples/CAM_FRONT_RIGHT/n008-2018-09-18-14-43-59-0400__CAM_FRONT_RIGHT__1537296690270482.jpg", "samples/CAM_BACK_LEFT/n008-2018-09-18-14-43-59-0400__CAM_BACK_LEFT__1537296690297405.jpg", "samples/CAM_BACK/n008-2018-09-18-14-43-59-0400__CAM_BACK__1537296690287558.jpg", "samples/CAM_BACK_RIGHT/n008-2018-09-18-14-43-59-0400__CAM_BACK_RIGHT__1537296690278113.jpg"], "intrinsics": [[[1257.8625342125129, 0.0, 827.2410631095686], [0.0, 1257.8625342125129, 450.915498205774], [0.0, 0.0, 1.0]], [[1252.8131021185304, 0.0, 826.588114781398], [0.0, 1252.8131021185304, 469.9846626224581], [0.0, 0.0, 1.0]], [[1256.7485116440405, 0.0, 817.7887570959712], [0.0, 1256.7485116440403, 451.9541780095127], [0.0, 0.0, 1.0]], [[1254.9860565800168, 0.0, 829.5769333630991], [0.0, 1254.9860565800168, 467.1680561863987], [0.0, 0.0, 1.0]], [[796.8910634503094, 0.0, 857.7774326863696], [0.0, 796.8910634503094, 476.8848988407415], [0.0, 0.0, 1.0]], [[1249.9629280788233, 0.0, 825.3768045375984], [0.0, 1249.9629280788233, 462.54816385708756], [0.0, 0.0, 1.0]]], "extrinsics": [[[0.8225398063659668, -0.5686946511268616, 0.003821444232016802, -1.0048828125], [0.013947373256087303, 0.013454572297632694, -0.9998121857643127, 1.488290786743164], [0.5685365796089172, 0.8224385976791382, 0.01899871788918972, -1.33331298828125], [0.0, 0.0, 0.0, 1.0]], [[0.010327564552426338, -0.999904453754425, -0.009183130227029324, 0.0055084228515625], [0.01590091548860073, 0.009346677921712399, -0.999829888343811, 1.4801654815673828], [0.9998202323913574, 0.010179792530834675, 0.015995925292372704, -1.7347412109375], [0.0, 0.0, 0.0, 1.0]], [[-0.8438507914543152, -0.5361843705177307, -0.020547155290842056, 1.0906982421875], [0.023923004046082497, 0.0006598957115784287, -0.9997135400772095, 1.493072509765625], [0.5360443592071533, -0.8441005945205688, 0.012270285747945309, -1.277587890625], [0.0, 0.0, 0.0, 1.0]], [[0.9478789567947388, 0.3186090290546417, 0.003699722932651639, -1.1439208984375], [-0.0014237010618671775, 0.01584622636437416, -0.9998733997344971, 1.5620408058166504], [-0.31862735748291016, 0.9477537870407104, 0.015473907813429832, -0.15606689453125], [0.0, 0.0, 0.0, 1.0]], [[0.009156445972621441, 0.9999235272407532, 0.008315480314195156, -0.028839111328125], [0.0006900292355567217, 0.008309507742524147, -0.9999