[{"images": ["samples/CAM_FRONT_LEFT/n015-2018-11-21-19-21-35+0800__CAM_FRONT_LEFT__1542799662104844.jpg", "samples/CAM_FRONT/n015-2018-11-21-19-21-35+0800__CAM_FRONT__1542799662112564.jpg", "samples/CAM_FRONT_RIGHT/n015-2018-11-21-19-21-35+0800__CAM_FRONT_RIGHT__1542799662120339.jpg", "samples/CAM_BACK_LEFT/n015-2018-11-21-19-21-35+0800__CAM_BACK_LEFT__1542799662147423.jpg", "samples/CAM_BACK/n015-2018-11-21-19-21-35+0800__CAM_BACK__1542799662137525.jpg", "samples/CAM_BACK_RIGHT/n015-2018-11-21-19-21-35+0800__CAM_BACK_RIGHT__1542799662127893.jpg"], "intrinsics": [[[1272.5979470598488, 0.0, 826.6154927353808], [0.0, 1272.5979470598488, 479.75165386361925], [0.0, 0.0, 1.0]], [[1266.417203046554, 0.0, 816.2670197447984], [0.0, 1266.417203046554, 491.50706579294757], [0.0, 0.0, 1.0]], [[1260.8474446004698, 0.0, 807.968244525554], [0.0, 1260.8474446004698, 495.3344268742088], [0.0, 0.0, 1.0]], [[1256.7414812095406, 0.0, 792.1125740759628], [0.0, 1256.7414812095406, 492.7757465151356], [0.0, 0.0, 1.0]], [[809.2209905677063, 0.0, 829.2196003259838], [0.0, 809.2209905677063, 481.77842384512485], [0.0, 0.0, 1.0]], [[1259.5137405846733, 0.0, 807.2529053838625], [0.0, 1259.5137405846733, 501.19579884916527], [0.0, 0.0, 1.0]]], "extrinsics": [[[0.8207122683525085, -0.5712875127792358, -0.00787443108856678, -0.603271484375], [-0.019833296537399292, -0.014713079668581486, -0.9996950626373291, 1.4995574951171875], [0.570997416973114, 0.8206180930137634, -0.02340571954846382, -1.0308837890625], [0.0, 0.0, 0.0, 1.0]], [[0.005950247403234243, -0.9998089671134949, 0.01861952431499958, 0.00897216796875], [-0.02535996586084366, -0.018764739856123924, -0.9995023012161255, 1.51141357421875], [0.9996606707572937, 0.00547513784840703, -0.02546677552163601, -1.33203125], [0.0, 0.0, 0.0, 1.0]], [[-0.8328081369400024, -0.5532852411270142, 0.017491642385721207, 0.798828125], [-0.019971469417214394, -0.0015466356417164207, -0.9997993111610413, 1.4980316162109375], [0.5532013177871704, -0.8329904079437256, -0.009761868044734001, -1.09222412109375], [0.0, 0.0, 0.0, 1.0]], [[0.9474842548370361, 0.31907179951667786, -0.021605491638183594, -1.136474609375], [-0.012052086181938648, -0.0318855382502079, -0.9994187951087952, 1.5884971618652344], [-0.3195751905441284, 0.94719398021698, -0.02636556886136532, -0.1060333251953125], [0.0, 0.0, 0.0, 1.0]], [[0.002011459320783615, 0.9997565150260925, -0.02197464369237423, 0.00250244140625], [-0.03720226511359215, -0.02188466116786003, -0.9990681409835815, 1.5754165649414062], [-0.9993057250976562, 0.0028271826449781656, 0.037149183452129364, -0.1044921875], [0.0, 0.0, 0.0, 1.0]], [[-0.934889018535614, 0.35493627190589905, 0.0017068348824977875, 0.9453125], [-0.004313128534704447, -0.006551924627274275, -0.9999692440032959, 1.5505685806274414], [-0.35491418838500977, -0.9348675608634949, 0.007656206376850605, -0.13525390625], [0.0, 0.0, 0.0, 1.0]]], "view": [[0.0, -2.0, 100.0], [-2.0, 0.0, 100.0], [0.0, 0.0, 1.0]], "bev": "bev_7e351605549547f8af19432917f23b73.png", "aux": "aux_7e351605549547f8af19432917f23b73.npz", "visibility": "visibility_7e351605549547f8af19432917f23b73.png", "pose": [[-0.5619893074035645, 0.8271445035934448, 0.0, 931.7365112304688], [-0.8271445035934448, -0.5619893074035645, 0.0, 2491.2490234375], [0.0, 0.0, 1.0, 0.0], [0.0, 0.0, 0.0, 1.0]], "pose_inverse": [[-0.5619893074035645, -0.8271445035934448, 0.0, 2584.248779296875], [0.8271445035934448, -0.5619893074035645, 0.0, 629.3746337890625], [0.0, 0.0, 1.0, 0.0], [0.0, 0.0, 0.0, 1.0]], "cam_ids": [0, 1, 2, 3, 4, 5], "cam_channels": ["CAM_FRONT_LEFT", "CAM_FRONT", "CAM_FRONT_RIGHT", "CAM_BACK_LEFT", "CAM_BACK", "CAM_BACK_RIGHT"], "token": "7e351605549547f8af19432917f23b73", "scene": "scene-1071"}, {"images": ["samples/CAM_FRONT_LEFT/n015-2018-11-21-19-21-35+0800__CAM_FRONT_LEFT__1542799662604844.jpg", "samples/CAM_FRONT/n015-2018-11-21-19-21-35+0800__CAM_FRONT__1542799662612460.jpg", "samples/CAM_FRONT_RIGHT/n015-2018-11-21-19-21-35+0800__CAM_FRONT_RIGHT__1542799662620339.jpg", "samples/CAM_BACK_LEFT/n015-2018-11-21-19-21-35+0800__CAM_BACK_LEFT__1542799662647423.jpg", "samples/CAM_BACK/n015-2018-11-21-19-21-35+0800__CAM_BACK__1542799662637525.jpg", "samples/CAM_BACK_RIGHT/n015-2018-11-21-19-21-35+0800__CAM_BACK_RIGHT__1542799662627893.jpg"], "intrinsics": [[[1272.5979470598488, 0.0, 826.6154927353808], [0.0, 1272.5979470598488, 479.75165386361925], [0.0, 0.0, 1.0]], [[1266.417203046554, 0.0, 816.2670197447984], [0.0, 1266.417203046554, 491.50706579294757], [0.0, 0.0, 1.0]], [[1260.8474446004698, 0.0, 807.968244525554], [0.0, 1260.8474446004698, 495.3344268742088], [0.0, 0.0, 1.0]], [[1256.7414812095406, 0.0, 792.1125740759628], [0.0, 1256.7414812095406, 492.7757465151356], [0.0, 0.0, 1.0]], [[809.2209905677063, 0.0, 829.2196003259838], [0.0, 809.2209905677063, 481.77842384512485], [0.0, 0.0, 1.0]], [[1259.5137405846733, 0.0, 807.2529053838625], [0.0, 1259.5137405846733, 501.19579884916527], [0.0, 0.0, 1.0]]], "extrinsics": [[[0.8207445740699768, -0.5712442994117737, -0.00764045724645257, -0.6109619140625], [-0.02086019143462181, -0.01660086028277874, -0.9996445775032043, 1.4993438720703125], [0.5709143877029419, 0.8206122517585754, -0.025541329756379128, -1.0377197265625], [0.0, 0.0, 0.0, 1.0]], [[0.00603089015930891, -0.9997710585594177, 0.020531998947262764, 0.009765625], [-0.02620384283363819, -0.020683323964476585, -0.9994426369667053, 1.5113296508789062], [0.9996384382247925, 0.005489556584507227, -0.026322582736611366, -1.339599609375], [0.0, 0.0, 0.0, 1.0]], [[-0.8327623605728149, -0.5533002018928528, 0.019122576341032982, 0.8046875], [-0.020634079352021217, -0.003497377270832658, -0.9997808933258057, 1.4979896545410156], [0.5532458424568176, -0.8329745531082153, -0.008504354394972324, -1.09521484375], [0.0, 0.0, 0.0, 1.0]], [[0.9474314451217651, 0.3191898465156555, -0.022170143201947212, -1.140380859375], [-0.011924875900149345, -0.03401653468608856, -0.9993500709533691, 1.5885581970214844], [-0.3197365403175354, 0.947080135345459, -0.0284220352768898, -0.105072021484375], [0.0, 0.0, 0.0, 1.0]], [[0.00191373354755342, 0.9997097253799438, -0.024016665294766426, 0.001953125], [-0.03739330172538757, -0.02392837405204773, -0.999014139175415, 1.5755844116210938], [-0.9992987513542175, 0.0028098297771066427, 0.03733665496110916, -0.10009765625], [0.0, 0.0, 0.0, 1.0]], [[-0.9349086284637451, 0.354885458946228, 0.0014464417472481728, 0.949951171875], [-0.004786009434610605, -0.008532638661563396, -0.9999521374702454, 1.5505027770996094], [-0.3548561930656433, -0.9348708987236023, 0.009675724431872368, -0.1328125], [0.0, 0.0, 0.0, 1.0]]], "view": [[0.0, -2.0, 100.0], [-2.0, 0.0, 100.0], [0.0, 0.0, 1.0]], "bev": "bev_d53d5eb7458f490da0219ec844fb6795.png", "aux": "aux_d53d5eb7458f490da0219ec844fb6795.npz", "visibility": "visibility_d53d5eb7458f490da0219ec844fb6795.png", "pose": [[-0.5620673298835754, 0.8270915150642395, 0.0, 928.8448486328125], [-0.8270915150642395, -0.5620673298835754, 0.0, 2487.04833984375], [0.0, 0.0, 1.0, 0.0], [0.0, 0.0, 0.0, 1.0]], "pose_inverse": [[-0.5620673298835754, -0.8270915150642395, 0.0, 2579.08984375], [0.8270915150642395, -0.5620673298835754, 0.0, 629.64892578125], [0.0, 0.0, 1.0, 0.0], [0.0, 0.0, 0.0, 1.0]], "cam_ids": [0, 1, 2, 3, 4, 5], "cam_channels": ["CAM_FRONT_LEFT", "CAM_FRONT", "CAM_FRONT_RIGHT", "CAM_BACK_LEFT", "CAM_BACK", "CAM_BACK_RIGHT"], "token": "d53d5eb7458f490da0219ec844fb6795", "scene": "scene-1071"}, {"images": ["samples/CAM_FRONT_LEFT/n015-2018-11-21-19-21-35+0800__CAM_FRONT_LEFT__1542799663104844.jpg", "samples/CAM_FRONT/n015-2018-11-21-19-21-35+0800__CAM_FRONT__1542799663112460.jpg", "samples/CAM_FRONT_RIGHT/n015-2018-11-21-19-21-35+0800__CAM_FRONT_RIGHT__1542799663120339.jpg", "samples/CAM_BACK_LEFT/n015-2018-11-21-19-21-35+0800__CAM_BACK_LEFT__1542799663147423.jpg", "samples/CAM_BACK/n015-2018-11-21-19-21-35+0800__CAM_BACK__1542799663137525.jpg", "samples/CAM_BACK_RIGHT/n015-2018-11-21-19-21-35+0800__CAM_BACK_RIGHT__1542799663127893.jpg"], "intrinsics": [[[1272.5979470598488, 0.0, 826.6154927353808], [0.0, 1272.5979470598488, 479.75165386361925], [0.0, 0.0, 1.0]], [[1266.417203046554, 0.0, 816.2670197447984], [0.0, 1266.417203046554, 491.50706579294757], [0.0, 0.0, 1.0]], [[1260.8474446004698, 0.0, 807.968244525554], [0.0, 1260.8474446004698, 495.3344268742088], [0.0, 0.0, 1.0]], [[1256.7414812095406, 0.0, 792.1125740759628], [0.0, 1256.7414812095406, 492.7757465151356], [0.0, 0.0, 1.0]], [[809.2209905677063, 0.0, 829.2196003259838], [0.0, 809.2209905677063, 481.77842384512485], [0.0, 0.0, 1.0]], [[1259.5137405846733, 0.0, 807.2529053838625], [0.0, 1259.5137405846733, 501.19579884916527], [0.0, 0.0, 1.0]]], "extrinsics": [[[0.8204877972602844, -0.5716118216514587, -0.007735949940979481, -0.616943359375], [-0.021552832797169685, -0.01740841753780842, -0.9996161460876465, 1.4991989135742188], [0.5712577104568481, 0.820339560508728, -0.026603246107697487, -1.04150390625], [0.0, 0.0, 0.0, 1.0]], [[0.005694236606359482, -0.9997593760490417, 0.021184884011745453, 0.009521484375], [-0.026714876294136047, -0.02132975496351719, -0.9994155168533325, 1.5112838745117188], [0.9996269345283508, 0.005124887451529503, -0.026829902082681656, -1.3447265625], [0.0, 0.0, 0.0, 1.0]], [[-0.8329057097434998, -0.5530656576156616, 0.019656697288155556, 0.807373046875], [-0.020951401442289352, -0.003980871289968491, -0.9997725486755371, 1.4979667663574219], [0.5530180931091309, -0.8331281542778015, -0.008271810598671436, -1.09735107421875], [0.0, 0.0, 0.0, 1.0]], [[0.9476056694984436, 0.3186788856983185, -0.022073831409215927, -1.134765625], [-0.01180714275687933, -0.03411247953772545, -0.9993482232093811, 1.5884590148925781], [-0.31922417879104614, 0.9472486972808838, -0.02856248989701271, -0.1063079833984375], [0.0, 0.0, 0.0, 1.0]], [[0.002216148655861616, 0.9997051358222961, -0.024184713140130043, 0.002197265625], [-0.03740810975432396, -0.024084966629743576, -0.9990097880363464, 1.5754852294921875], [-0.9992976784706116, 0.0031186200212687254, 0.03734369948506355, -0.101806640625], [0.0, 0.0, 0.0, 1.0]], [[-0.9348390102386475, 0.3550690710544586, 0.001459735562093556, 0.951171875], [-0.004934629425406456, -0.008881158195436, -0.9999484419822693, 1.550485610961914], [-0.3550378084182739, -0.9347979426383972, 0.01005458552390337, -0.1324462890625], [0.0, 0.0, 0.0, 1.0]]], "view": [[0.0, -2.0, 100.0], [-2.0, 0.0, 100.0], [0.0, 0.0, 1.0]], "bev": "bev_57830375357c40ac897e5e023f5e575b.png", "aux": "aux_57830375357c40ac897e5e023f5e575b.npz", "visibility": "visibility_57830375357c40ac897e5e023f5e575b.png", "pose": [[-0.5597004890441895, 0.8286949992179871, 0.0, 926.04638671875], [-0.8286949992179871, -0.5597004890441895, 0.0, 2482.965087890625], [0.0, 0.0, 1.0, 0.0], [0.0, 0.0, 0.0, 1.0]], "pose_inverse": [[-0.5597004890441895, -0.8286949992179871, 0.0, 2575.92919921875], [0.8286949992179871, -0.5597004890441895, 0.0, 622.3067626953125], [0.0, 0.0, 1.0, 0.0], [0.0, 0.0, 0.0, 1.0]], "cam_ids": [0, 1, 2, 3, 4, 5], "cam_channels": ["CAM_FRONT_LEFT", "CAM_FRONT", "CAM_FRONT_RIGHT", "CAM_BACK_LEFT", "CAM_BACK", "CAM_BACK_RIGHT"], "token": "57830375357c40ac897e5e023f5e575b", "scene": "scene-1071"}, {"images": ["samples/CAM_FRONT_LEFT/n015-2018-11-21-19-21-35+0800__CAM_FRONT_LEFT__1542799663604844.jpg", "samples/CAM_FRONT/n015-2018-11-21-19-21-35+0800__CAM_FRONT__1542799663612460.jpg", "samples/CAM_FRONT_RIGHT/n015-2018-11-21-19-21-35+0800__CAM_FRONT_RIGHT__1542799663620339.jpg", "samples/CAM_BACK_LEFT/n015-2018-11-21-19-21-35+0800__CAM_BACK_LEFT__1542799663647423.jpg", "samples/CAM_BACK/n015-2018-11-21-19-21-35+0800__CAM_BACK__1542799663637525.jpg", "samples/CAM_BACK_RIGHT/n015-2018-11-21-19-21-35+0800__CAM_BACK_RIGHT__1542799663627893.jpg"], "intrinsics": [[[1272.5979470598488, 0.0, 826.6154927353808], [0.0, 1272.5979470598488, 479.75165386361925], [0.0, 0.0, 1.0]], [[1266.417203046554, 0.0, 816.2670197447984], [0.0, 1266.417203046554, 491.50706579294757], [0.0, 0.0, 1.0]], [[1260.8474446004698, 0.0, 807.968244525554], [0.0, 1260.8474446004698, 495.3344268742088], [0.0, 0.0, 1.0]], [[1256.7414812095406, 0.0, 792.1125740759628], [0.0, 1256.7414812095406, 492.7757465151356], [0.0, 0.0, 1.0]], [[809.2209905677063, 0.0, 829.2196003259838], [0.0, 809.2209905677063, 481.77842384512485], [0.0, 0.0, 1.0]], [[1259.5137405846733, 0.0, 807.2529053838625], [0.0, 1259.5137405846733, 501.19579884916527], [0.0, 0.0, 1.0]]], "extrinsics": [[[0.8201892375946045, -0.5720278024673462, -0.008594905957579613, -0.6123046875], [-0.021757973358035088, -0.016177376732230186, -0.9996323585510254, 1.4989471435546875], [0.5716784000396729, 0.8200746178627014, -0.025714676827192307, -1.03662109375], [0.0, 0.0, 0.0, 1.0]], [[0.0052952393889427185, -0.9997801780700684, 0.020287208259105682, 0.00860595703125], [-0.027266735211014748, -0.020424308255314827, -0.9994195103645325, 1.5109634399414062], [0.9996141791343689, 0.004739039111882448, -0.02736889384686947, -1.340576171875], [0.0, 0.0, 0.0, 1.0]], [[-0.8330652713775635, -0.5528092384338379, 0.020099904388189316, 0.805419921875], [-0.02185499668121338, -0.003415908431634307, -0.9997552633285522, 1.4976844787597656], [0.5527427196502686, -0.833300769329071, -0.009235969744622707, -1.09698486328125], [0.0, 0.0, 0.0, 1.0]], [[0.9475609660148621, 0.3186597526073456, -0.024169672280550003, -1.13671875], [-0.013894877396523952, -0.03447791934013367, -0.9993088841438293, 1.588470458984375], [-0.31927284598350525, 0.9472419023513794, -0.028242193162441254, -0.1053466796875], [0.0, 0.0, 0.0, 1.0]], [[0.002296952996402979, 0.999701976776123, -0.02430514618754387, 0.00262451171875], [-0.0390554703772068, -0.024196984246373177, -0.9989440441131592, 1.57537841796875], [-0.9992344379425049, 0.0032437085174024105, 0.038988251239061356, -0.099609375], [0.0, 0.0, 0.0, 1.0]], [[-0.9347526431083679, 0.3552888333797455, 0.002713227877393365, 0.951904296875], [-0.006184338591992855, -0.008634532801806927, -0.9999436140060425, 1.5502433776855469], [-0.355245441198349, -0.9347167015075684, 0.010268377140164375, -0.1326904296875], [0.0, 0.0, 0.0, 1.0]]], "view": [[0.0, -2.0, 100.0], [-2.0, 0.0, 100.0], [0.0, 0.0, 1.0]], "bev": "bev_348c385855904deaba5c478b0f93cfb7.png", "aux": "aux_348c385855904deaba5c478b0f93cfb7.npz", "visibility": "visibility_348c385855904deaba5c478b0f93cfb7.png", "pose": [[-0.5571158528327942, 0.8304347991943359, 0.0, 923.2335815429688], [-0.8304347991943359, -0.5571158528327942, 0.0, 2478.8427734375], [0.0, 0.0, 1.0, 0.0], [0.0, 0.0, 0.0, 1.0]], "pose_inverse": [[-0.5571158528327942, -0.8304347991943359, 0.0, 2572.865234375], [0.8304347991943359, -0.5571158528327942, 0.0, 614.3173217773438], [0.0, 0.0, 1.0, 0.0], [0.0, 0.0, 0.0, 1.0]], "cam_ids": [0, 1, 2, 3, 4, 5], "cam_channels": ["CAM_FRONT_LEFT", "CAM_FRONT", "CAM_FRONT_RIGHT", "CAM_BACK_LEFT", "CAM_BACK", "CAM_BACK_RIGHT"], "token": "348c385855904deaba5c478b0f93cfb7", "scene": "scene-1071"}, {"images": ["samples/CAM_FRONT_LEFT/n015-2018-11-21-19-21-35+0800__CAM_FRONT_LEFT__1542799664104844.jpg", "samples/CAM_FRONT/n015-2018-11-21-19-21-35+0800__CAM_FRONT__1542799664112460.jpg", "samples/CAM_FRONT_RIGHT/n015-2018-11-21-19-21-35+0800__CAM_FRONT_RIGHT__1542799664120339.jpg", "samples/CAM_BACK_LEFT/n015-2018-11-21-19-21-35+0800__CAM_BACK_LEFT__1542799664147423.jpg", "samples/CAM_BACK/n015-2018-11-21-19-21-35+0800__CAM_BACK__1542799664137525.jpg", "samples/CAM_BACK_RIGHT/n015-2018-11-21-19-21-35+0800__CAM_BACK_RIGHT__1542799664127893.jpg"], "intrinsics": [[[1272.5979470598488, 0.0, 826.6154927353808], [0.0, 1272.5979470598488, 479.75165386361925], [0.0, 0.0, 1.0]], [[1266.417203046554, 0.0, 816.2670197447984], [0.0, 1266.417203046554, 491.50706579294757], [0.0, 0.0, 1.0]], [[1260.8474446004698, 0.0, 807.968244525554], [0.0, 1260.8474446004698, 495.3344268742088], [0.0, 0.0, 1.0]], [[1256.7414812095406, 0.0, 792.1125740759628], [0.0, 1256.7414812095406, 492.7757465151356], [0.0, 0.0, 1.0]], [[809.2209905677063, 0.0, 829.2196003259838], [0.0, 809.2209905677063, 481.77842384512485], [0.0, 0.0, 1.0]], [[1259.5137405846733, 0.0, 807.2529053838625], [0.0, 1259.5137405846733, 501.19579884916527], [0.0, 0.0, 1.0]]], "extrinsics": [[[0.8203169107437134, -0.5718731880187988, -0.006436537019908428, -0.6077880859375], [-0.026021683588624, -0.02607896365225315, -0.9993211030960083, 1.4970855712890625], [0.5713171362876892, 0.8199275135993958, -0.03627410903573036, -1.0362548828125], [0.0, 0.0, 0.0, 1.0]], [[0.005649264436215162, -0.9995315074920654, 0.03008260391652584, 0.01031494140625], [-0.03151526674628258, -0.030246101319789886, -0.9990455508232117, 1.509429931640625], [0.9994873404502869, 0.004695944022387266, -0.03167136758565903, -1.337158203125], [0.0, 0.0, 0.0, 1.0]], [[-0.8328311443328857, -0.5527659058570862, 0.029019784182310104, 0.804443359375], [-0.02609560638666153, -0.013159549795091152, -0.99957275390625, 1.4964828491210938], [0.5529115796089172, -0.8332326412200928, -0.0034650778397917747, -1.09442138671875], [0.0, 0.0, 0.0, 1.0]], [[0.9473330974578857, 0.3187367916107178, -0.031095163896679878, -1.1416015625], [-0.018062623217701912, -0.043763305991888046, -0.9988786578178406, 1.5885467529296875], [-0.3197401463985443, 0.9468324184417725, -0.0357012040913105, -0.1041717529296875], [0.0, 0.0, 0.0, 1.0]], [[0.001904865144751966, 0.9994277954101562, -0.03377249464392662, 0.0020751953125], [-0.04325545206665993, -0.033658597618341446, -0.9984968900680542, 1.5750274658203125], [-0.9990622997283936, 0.0033628379460424185, 0.04316657781600952, -0.098388671875], [0.0, 0.0, 0.0, 1.0]], [[-0.9348194003105164, 0.35510897636413574, 0.003239120589569211, 0.9501953125], [-0.010406667366623878, -0.018275942653417587, -0.9997788667678833, 1.5494041442871094], [-0.3549712300300598, -0.9346462488174438, 0.020780203863978386, -0.1324462890625], [0.0, 0.0, 0.0, 1.0]]], "view": [[0.0, -2.0, 100.0], [-2.0, 0.0, 100.0], [0.0, 0.0, 1.0]], "bev": "bev_e4f3ba8655894853b8c387fc91f07cb7.png", "aux": "aux_e4f3ba8655894853b8c387fc91f07cb7.npz", "visibility": "visibility_e4f3ba8655894853b8c387fc91f07cb7.png", "pose": [[-0.5545302033424377, 0.8321636319160461, 0.0, 920.4488525390625], [-0.8321636319160461, -0.5545302033424377, 0.0, 2474.750244140625], [0.0, 0.0, 1.0, 0.0], [0.0, 0.0, 0.0, 1.0]], "pose_inverse": [[-0.5545302033424377, -0.8321636319160461, 0.0, 2569.813720703125], [0.8321636319160461, -0.5545302033424377, 0.0, 606.3596801757812], [0.0, 0.0, 1.0, 0.0], [0.0, 0.0, 0.0, 1.0]], "cam_ids": [0, 1, 2, 3, 4, 5], "cam_channels": ["CAM_FRONT_LEFT", "CAM_FRONT", "CAM_FRONT_RIGHT", "CAM_BACK_LEFT", "CAM_BACK", "CAM_BACK_RIGHT"], "token": "e4f3ba8655894853b8c387fc91f07cb7", "scene": "scene-1071"}, {"images": ["samples/CAM_FRONT_LEFT/n015-2018-11-21-19-21-35+0800__CAM_FRONT_LEFT__1542799664604844.jpg", "samples/CAM_FRONT/n015-2018-11-21-19-21-35+0800__CAM_FRONT__1542799664612460.jpg", "samples/CAM_FRONT_RIGHT/n015-2018-11-21-19-21-35+0800__CAM_FRONT_RIGHT__1542799664620339.jpg", "samples/CAM_BACK_LEFT/n015-2018-11-21-19-21-35+0800__CAM_BACK_LEFT__1542799664647423.jpg", "samples/CAM_BACK/n015-2018-11-21-19-21-35+0800__CAM_BACK__1542799664637525.jpg", "samples/CAM_BACK_RIGHT/n015-2018-11-21-19-21-35+0800__CAM_BACK_RIGHT__1542799664627893.jpg"], "intrinsics": [[[1272.5979470598488, 0.0, 826.6154927353808], [0.0, 1272.5979470598488, 479.75165386361925], [0.0, 0.0, 1.0]], [[1266.417203046554, 0.0, 816.2670197447984], [0.0, 1266.417203046554, 491.50706579294757], [0.0, 0.0, 1.0]], [[1260.8474446004698, 0.0, 807.968244525554], [0.0, 1260.8474446004698, 495.3344268742088], [0.0, 0.0, 1.0]], [[1256.7414812095406, 0.0, 792.1125740759628], [0.0, 1256.7414812095406, 492.7757465151356], [0.0, 0.0, 1.0]], [[809.2209905677063, 0.0, 829.2196003259838], [0.0, 809.2209905677063, 481.77842384512485], [0.0, 0.0, 1.0]], [[1259.5137405846733, 0.0, 807.2529053838625], [0.0, 1259.5137405846733, 501.19579884916527], [0.0, 0.0, 1.0]]], "extrinsics": [[[0.8206714391708374, -0.5713920593261719, -0.003085714764893055, -0.6104736328125], [-0.02075590193271637, -0.024413438513875008, -0.9994864463806152, 1.4994049072265625], [0.5710232853889465, 0.8203140497207642, -0.031895168125629425, -1.037353515625], [0.0, 0.0, 0.0, 1.0]], [[0.0059809451922774315, -0.9995872974395752, 0.028095340356230736, 0.009521484375], [-0.025832179933786392, -0.028240909799933434, -0.9992673397064209, 1.5114593505859375], [0.99964839220047, 0.005250776186585426, -0.025990426540374756, -1.3388671875], [0.0, 0.0, 0.0, 1.0]], [[-0.8327712416648865, -0.5531548857688904, 0.022621316835284233, 0.8046875], [-0.01998623088002205, -0.010795391164720058, -0.9997419118881226, 1.4981689453125], [0.5532563924789429, -0.8330085277557373, -0.0020653880201280117, -1.09503173828125], [0.0, 0.0, 0.0, 1.0]], [[0.9475178718566895, 0.31887784600257874, -0.02294846437871456, -1.137939453125], [-0.01067897118628025, -0.040172480046749115, -0.9991356730461121, 1.5885200500488281], [-0.3195241093635559, 0.9469441175460815, -0.03465886414051056, -0.105133056640625], [0.0, 0.0, 0.0, 1.0]], [[0.001959082670509815, 0.9995297789573669, -0.030601924285292625, 0.0023193359375], [-0.036266859620809555, -0.030510835349559784, -0.9988763332366943, 1.575653076171875], [-0.9993402361869812, 0.003066816832870245, 0.03619002923369408, -0.100830078125], [0.0, 0.0, 0.0, 1.0]], [[-0.9349281191825867, 0.35483211278915405, -0.00188478734344244, 0.94921875], [-0.003888049628585577, -0.015555500984191895, -0.9998714923858643, 1.5507087707519531], [-0.354815810918808, -0.9348006844520569, 0.015922877937555313, -0.133056640625], [0.0, 0.0, 0.0, 1.0]]], "view": [[0.0, -2.0, 100.0], [-2.0, 0.0, 100.0], [0.0, 0.0, 1.0]], "bev": "bev_4afe649e7e4344f79923264b7bc32c21.png", "aux": "aux_4afe649e7e4344f79923264b7bc32c21.npz", "visibility": "visibility_4afe649e7e4344f79923264b7bc32c21.png", "pose": [[-0.5508143305778503, 0.8346278071403503, 0.0, 917.6738891601562], [-0.8346278071403503, -0.5508143305778503, 0.0, 2470.6181640625], [0.0, 0.0, 1.0, 0.0], [0.0, 0.0, 0.0, 1.0]], "pose_inverse": [[-0.5508143305778503, -0.8346278071403503, 0.0, 2567.5146484375], [0.8346278071403503, -0.5508143305778503, 0.0, 594.9356689453125], [0.0, 0.0, 1.0, 0.0], [0.0, 0.0, 0.0, 1.0]], "cam_ids": [0, 1, 2, 3, 4, 5], "cam_channels": ["CAM_FRONT_LEFT", "CAM_FRONT", "CAM_FRONT_RIGHT", "CAM_BACK_LEFT", "CAM_BACK", "CAM_BACK_RIGHT"], "token": "4afe649e7e4344f79923264b7bc32c21", "scene": "scene-1071"}, {"images": ["samples/CAM_FRONT_LEFT/n015-2018-11-21-19-21-35+0800__CAM_FRONT_LEFT__1542799665104844.jpg", "samples/CAM_FRONT/n015-2018-11-21-19-21-35+0800__CAM_FRONT__1542799665112460.jpg", "samples/CAM_FRONT_RIGHT/n015-2018-11-21-19-21-35+0800__CAM_FRONT_RIGHT__1542799665120339.jpg", "samples/CAM_BACK_LEFT/n015-2018-11-21-19-21-35+0800__CAM_BACK_LEFT__1542799665147423.jpg", "samples/CAM_BACK/n015-2018-11-21-19-21-35+0800__CAM_BACK__1542799665137525.jpg", "samples/CAM_BACK_RIGHT/n015-2018-11-21-19-21-35+0800__CAM_BACK_RIGHT__1542799665127893.jpg"], "intrinsics": [[[1272.5979470598488, 0.0, 826.6154927353808], [0.0, 1272.5979470598488, 479.75165386361925], [0.0, 0.0, 1.0]], [[1266.417203046554, 0.0, 816.2670197447984], [0.0, 1266.417203046554, 491.50706579294757], [0.0, 0.0, 1.0]], [[1260.8474446004698, 0.0, 807.968244525554], [0.0, 1260.8474446004698, 495.3344268742088], [0.0, 0.0, 1.0]], [[1256.7414812095406, 0.0, 792.1125740759628], [0.0, 1256.7414812095406, 492.7757465151356], [0.0, 0.0, 1.0]], [[809.2209905677063, 0.0, 829.2196003259838], [0.0, 809.2209905677063, 481.77842384512485], [0.0, 0.0, 1.0]], [[1259.5137405846733, 0.0, 807.2529053838625], [0.0, 1259.5137405846733, 501.19579884916527], [0.0, 0.0, 1.0]]], "extrinsics": [[[0.8212774395942688, -0.5704942345619202, -0.006294514052569866, -0.618896484375], [-0.020823918282985687, -0.01894882321357727, -0.9996035695075989, 1.4995956420898438], [0.5701488256454468, 0.8210829496383667, -0.027442166581749916, -1.0445556640625], [0.0, 0.0, 0.0, 1.0]], [[0.0067687733098864555, -0.999710738658905, 0.023076187819242477, 0.0106201171875], [-0.025966253131628036, -0.023244651034474373, -0.999392569065094, 1.5116500854492188], [0.9996399283409119, 0.006165472790598869, -0.026116082444787025, -1.34716796875], [0.0, 0.0, 0.0, 1.0]], [[-0.8324384689331055, -0.5537457466125488, 0.020294880494475365, 0.810791015625], [-0.020201105624437332, -0.006273926701396704, -0.9997761845588684, 1.4982452392578125], [0.553749144077301, -0.8326621651649475, -0.005963616073131561, -1.09814453125], [0.0, 0.0, 0.0, 1.0]], [[0.947533369064331, 0.31888607144355774, -0.022185243666172028, -1.139892578125], [-0.010870575904846191, -0.03721808269619942, -0.9992480278015137, 1.5885353088378906], [-0.31947198510169983, 0.947062075138092, -0.03179890662431717, -0.1044921875], [0.0, 0.0, 0.0, 1.0]], [[0.0017739915056154132, 0.9996307492256165, -0.02711370587348938, 0.001953125], [-0.03654269874095917, -0.027030834928154945, -0.9989664554595947, 1.5757598876953125], [-0.999330461025238, 0.0027629262767732143, 0.03648125007748604, -0.09765625], [0.0, 0.0, 0.0, 1.0]], [[-0.9350733160972595, 0.35445436835289, -0.00017255939019378275, 0.9541015625], [-0.004160123411566019, -0.011461473070085049, -0.9999256730079651, 1.550663948059082], [-0.3544299900531769, -0.9350031018257141, 0.012191889807581902, -0.1304931640625], [0.0, 0.0, 0.0, 1.0]]], "view": [[0.0, -2.0, 100.0], [-2.0, 0.0, 100.0], [0.0, 0.0, 1.0]], "bev": "bev_905bc22f09f542c6ae0b6721c005c327.png", "aux": "aux_905bc22f09f542c6ae0b6721c005c327.npz", "visibility": "visibility_905bc22f09f542c6ae0b6721c005c327.png", "pose": [[-0.549915611743927, 0.835220217704773, 0.0, 914.9401245117188], [-0.835220217704773, -0.549915611743927, 0.0, 2466.515625], [0.0, 0.0, 1.0, 0.0], [0.0, 0.0, 0.0, 1.0]], "pose_inverse": [[-0.549915611743927, -0.835220217704773, 0.0, 2563.2236328125], [0.835220217704773, -0.549915611743927, 0.0, 592.198974609375], [0.0, 0.0, 1.0, 0.0], [0.0, 0.0, 0.0, 1.0]], "cam_ids": [0, 1, 2, 3, 4, 5], "cam_channels": ["CAM_FRONT_LEFT", "CAM_FRONT", "CAM_FRONT_RIGHT", "CAM_BACK_LEFT", "CAM_BACK", "CAM_BACK_RIGHT"], "token": "905bc22f09f542c6ae0b6721c005c327", "scene": "scene-1071"}, {"images": ["samples/CAM_FRONT_LEFT/n015-2018-11-21-19-21-35+0800__CAM_FRONT_LEFT__1542799665604844.jpg", "samples/CAM_FRONT/n015-2018-11-21-19-21-35+0800__CAM_FRONT__1542799665612460.jpg", "samples/CAM_FRONT_RIGHT/n015-2018-11-21-19-21-35+0800__CAM_FRONT_RIGHT__1542799665620339.jpg", "samples/CAM_BACK_LEFT/n015-2018-11-21-19-21-35+0800__CAM_BACK_LEFT__1542799665647423.jpg", "samples/CAM_BACK/n015-2018-11-21-19-21-35+0800__CAM_BACK__1542799665637525.jpg", "samples/CAM_BACK_RIGHT/n015-2018-11-21-19-21-35+0800__CAM_BACK_RIGHT__1542799665627893.jpg"], "intrinsics": [[[1272.5979470598488, 0.0, 826.6154927353808], [0.0, 1272.5979470598488, 479.75165386361925], [0.0, 0.0, 1.0]], [[1266.417203046554, 0.0, 816.2670197447984], [0.0, 1266.417203046554, 491.50706579294757], [0.0, 0.0, 1.0]], [[1260.8474446004698, 0.0, 807.968244525554], [0.0, 1260.8474446004698, 495.3344268742088], [0.0, 0.0, 1.0]], [[1256.7414812095406, 0.0, 792.1125740759628], [0.0, 1256.7414812095406, 492.7757465151356], [0.0, 0.0, 1.0]], [[809.2209905677063, 0.0, 829.2196003259838], [0.0, 809.2209905677063, 481.77842384512485], [0.0, 0.0, 1.0]], [[1259.5137405846733, 0.0, 807.2529053838625], [0.0, 1259.5137405846733, 501.19579884916527], [0.0, 0.0, 1.0]]], "extrinsics": [[[0.820900559425354, -0.5710599422454834, 0.0036042036954313517, -0.63232421875], [-0.013480344787240028, -0.02568681165575981, -0.999579131603241, 1.5028038024902344], [0.5709121227264404, 0.8205064535140991, -0.02878439798951149, -1.0496826171875], [0.0, 0.0, 0.0, 1.0]], [[0.006123611703515053, -0.9995405077934265, 0.02968578226864338, 0.0076904296875], [-0.018692778423428535, -0.0297955721616745, -0.9993812441825867, 1.5143165588378906], [0.9998064637184143, 0.00556498859077692, -0.01886664517223835, -1.358642578125], [0.0, 0.0, 0.0, 1.0]], [[-0.8327412009239197, -0.553375780582428, 0.01781371422111988, 0.816162109375], [-0.012989372946321964, -0.012638792395591736, -0.999835729598999, 1.500274658203125], [0.5535100698471069, -0.832835853099823, 0.0033368407748639584, -1.10479736328125], [0.0, 0.0, 0.0, 1.0]], [[0.947645902633667, 0.31883588433265686, -0.01763070560991764, -1.135498046875], [-0.004093878902494907, -0.043077465146780014, -0.9990633726119995, 1.5885658264160156], [-0.3192967474460602, 0.9468305110931396, -0.039516910910606384, -0.106842041015625], [0.0, 0.0, 0.0, 1.0]], [[0.002010724740102887, 0.9994484186172485, -0.03314933553338051, 0.00244140625], [-0.02958744391798973, -0.03307542949914932, -0.9990148544311523, 1.576446533203125], [-0.9995601773262024, 0.0029896062333136797, 0.02950461581349373, -0.09716796875], [0.0, 0.0, 0.0, 1.0]], [[-0.9349873661994934, 0.3545655906200409, -0.009044615551829338, 0.959228515625], [0.002963931066915393, -0.017689038068056107, -0.999839186668396, 1.5520117282867432], [-0.35466858744621277, -0.9348638653755188, 0.015488116070628166, -0.1302490234375], [0.0, 0.0, 0.0, 1.0]]], "view": [[0.0, -2.0, 100.0], [-2.0, 0.0, 100.0], [0.0, 0.0, 1.0]], "bev": "bev_20622852ae754f25bb55b8fa466b5455.png", "aux": "aux_20622852ae754f25bb55b8fa466b5455.npz", "visibility": "visibility_20622852ae754f25bb55b8fa466b5455.png", "pose": [[-0.5499707460403442, 0.8351839184761047, 0.0, 912.33056640625], [-0.8351839184761047, -0.5499707460403442, 0.0, 2462.598876953125], [0.0, 0.0, 1.0, 0.0], [0.0, 0.0, 0.0, 1.0]], "pose_inverse": [[-0.5499707460403442, -0.8351839184761047, 0.0, 2558.47802734375], [0.8351839184761047, -0.5499707460403442, 0.0, 592.3934936523438], [0.0, 0.0, 1.0, 0.0], [0.0, 0.0, 0.0, 1.0]], "cam_ids": [0, 1, 2, 3, 4, 5], "cam_channels": ["CAM_FRONT_LEFT", "CAM_FRONT", "CAM_FRONT_RIGHT", "CAM_BACK_LEFT", "CAM_BACK", "CAM_BACK_RIGHT"], "token": "20622852ae754f25bb55b8fa466b5455", "scene": "scene-1071"}, {"images": ["samples/CAM_FRONT_LEFT/n015-2018-11-21-19-21-35+0800__CAM_FRONT_LEFT__1542799666154844.jpg", "samples/CAM_FRONT/n015-2018-11-21-19-21-35+0800__CAM_FRONT__1542799666162460.jpg", "samples/CAM_FRONT_RIGHT/n015-2018-11-21-19-21-35+0800__CAM_FRONT_RIGHT__1542799666170345.jpg", "samples/CAM_BACK_LEFT/n015-2018-11-21-19-21-35+0800__CAM_BACK_LEFT__1542799666197423.jpg", "samples/CAM_BACK/n015-2018-11-21-19-21-35+0800__CAM_BACK__1542799666187525.jpg", "samples/CAM_BACK_RIGHT/n015-2018-11-21-19-21-35+0800__CAM_BACK_RIGHT__1542799666177893.jpg"], "intrinsics": [[[1272.5979470598488, 0.0, 826.6154927353808], [0.0, 1272.5979470598488, 479.75165386361925], [0.0, 0.0, 1.0]], [[1266.417203046554, 0.0, 816.2670197447984], [0.0, 1266.417203046554, 491.50706579294757], [0.0, 0.0, 1.0]], [[1260.8474446004698, 0.0, 807.968244525554], [0.0, 1260.8474446004698, 495.3344268742088], [0.0, 0.0, 1.0]], [[1256.7414812095406, 0.0, 792.1125740759628], [0.0, 1256.7414812095406, 492.7757465151356], [0.0, 0.0, 1.0]], [[809.2209905677063, 0.0, 829.2196003259838], [0.0, 809.2209905677063, 481.77842384512485], [0.0, 0.0, 1.0]], [[1259.5137405846733, 0.0, 807.2529053838625], [0.0, 1259.5137405846733, 501.19579884916527], [0.0, 0.0, 1.0]]], "extrinsics": [[[0.82054603099823, -0.5714842081069946, 0.010499879717826843, -0.6573486328125], [-0.004152106586843729, -0.02432907000184059, -0.999695360660553, 1.5067386627197266], [0.5715654492378235, 0.8202524781227112, -0.02233598195016384, -1.0679931640625], [0.0, 0.0, 0.0, 1.0]], [[0.005356834270060062, -0.9995943903923035, 0.02797091379761696, 0.008056640625], [-0.009376325644552708, -0.02802029624581337, -0.9995633959770203, 1.5176849365234375], [0.9999416470527649, 0.005092296749353409, -0.009522623382508755, -1.384765625], [0.0, 0.0, 0.0, 1.0]], [[-0.8331314325332642, -0.5530052781105042, 0.0087885782122612, 0.833740234375], [-0.003602555487304926, -0.01046398002654314, -0.9999387264251709, 1.5027875900268555], [0.5530633330345154, -0.8331120610237122, 0.006725639570504427, -1.11614990234375], [0.0, 0.0, 0.0, 1.0]], [[0.9477077126502991, 0.31906113028526306, -0.007085672579705715, -1.135009765625], [0.006034710444509983, -0.04011451452970505, -0.9991768598556519, 1.5886006355285645], [-0.31908276677131653, 0.9468848705291748, -0.03994227573275566, -0.1060028076171875], [0.0, 0.0, 0.0, 1.0]], [[0.002413407899439335, 0.999538242816925, -0.030289439484477043, 0.0029296875], [-0.01976557821035385, -0.030235929414629936, -0.9993473887443542, 1.577545166015625], [-0.9998016953468323, 0.0030105137266218662, 0.019683480262756348, -0.090087890625], [0.0, 0.0, 0.0, 1.0]], [[-0.9347394704818726, 0.3549218475818634, -0.017107972875237465, 0.973388671875], [0.012528626248240471, -0.015196741558611393, -0.9998059868812561, 1.5536346435546875], [-0.3551129996776581, -0.9347724914550781, 0.009758306667208672, -0.125244140625], [0.0, 0.0, 0.0, 1.0]]], "view": [[0.0, -2.0, 100.0], [-2.0, 0.0, 100.0], [0.0, 0.0, 1.0]], "bev": "bev_79e28a35e07b444c893111137aea81e7.png", "aux": "aux_79e28a35e07b444c893111137aea81e7.npz", "visibility": "visibility_79e28a35e07b444c893111137aea81e7.png", "pose": [[-0.5538249611854553, 0.8326331377029419, 0.0, 909.5706787109375], [-0.8326331377029419, -0.5538249611854553, 0.0, 2458.492431640625], [0.0, 0.0, 1.0, 0.0], [0.0, 0.0, 0.0, 1.0]], "pose_inverse": [[-0.5538249611854553, -0.8326331377029419, 0.0, 2550.76513671875], [0.8326331377029419, -0.5538249611854553, 0.0, 604.2357177734375], [0.0, 0.0, 1.0, 0.0], [0.0, 0.0, 0.0, 1.0]], "cam_ids": [0, 1, 2, 3, 4, 5], "cam_channels": ["CAM_FRONT_LEFT", "CAM_FRONT", "CAM_FRONT_RIGHT", "CAM_BACK_LEFT", "CAM_BACK", "CAM_BACK_RIGHT"], "token": "79e28a35e07b444c893111137aea81e7", "scene": "scene-1071"}, {"images": ["samples/CAM_FRONT_LEFT/n015-2018-11-21-19-21-35+0800__CAM_FRONT_LEFT__1542799666654844.jpg", "samples/CAM_FRONT/n015-2018-11-21-19-21-35+0800__CAM_FRONT__1542799666662460.jpg", "samples/CAM_FRONT_RIGHT/n015-2018-11-21-19-21-35+0800__CAM_FRONT_RIGHT__1542799666670339.jpg", "samples/CAM_BACK_LEFT/n015-2018-11-21-19-21-35+0800__CAM_BACK_LEFT__1542799666697423.jpg", "samples/CAM_BACK/n015-2018-11-21-19-21-35+0800__CAM_BACK__1542799666687525.jpg", "samples/CAM_BACK_RIGHT/n015-2018-11-21-19-21-35+0800__CAM_BACK_RIGHT__1542799666677893.jpg"], "intrinsics": [[[1272.5979470598488, 0.0, 826.6154927353808], [0.0, 1272.5979470598488, 479.75165386361925], [0.0, 0.0, 1.0]], [[1266.417203046554, 0.0, 816.2670197447984], [0.0, 1266.417203046554, 491.50706579294757], [0.0, 0.0, 1.0]], [[1260.8474446004698, 0.0, 807.968244525554], [0.0, 1260.8474446004698, 495.3344268742088], [0.0, 0.0, 1.0]], [[1256.7414812095406, 0.0, 792.1125740759628], [0.0, 1256.7414812095406, 492.7757465151356], [0.0, 0.0, 1.0]], [[809.2209905677063, 0.0, 829.2196003259838], [0.0, 809.2209905677063, 481.77842384512485], [0.0, 0.0, 1.0]], [[1259.5137405846733, 0.0, 807.2529053838625], [0.0, 1259.5137405846733, 501.19579884916527], [0.0, 0.0, 1.0]]], "extrinsics": [[[0.8212352991104126, -0.5704927444458008, 0.010522495955228806, -0.667724609375], [-0.0005791580188088119, -0.01927485503256321, -0.9998140931129456, 1.5080890655517578], [0.570589542388916, 0.8210764527320862, -0.01615959405899048, -1.076904296875], [0.0, 0.0, 0.0, 1.0]], [[0.006377983372658491, -0.9997111558914185, 0.023169981315732002, 0.00927734375], [-0.0056959050707519054, -0.023206397891044617, -0.9997144937515259, 1.5188922882080078], [0.9999634027481079, 0.006244187243282795, -0.005842271260917187, -1.3955078125], [0.0, 0.0, 0.0, 1.0]], [[-0.832626461982727, -0.553825855255127, 0.003173606237396598, 0.8408203125], [6.813661457272246e-05, -0.005832672119140625, -0.9999829530715942, 1.5036711692810059], [0.5538349747657776, -0.832612156867981, 0.0048941741697490215, -1.119384765625], [0.0, 0.0, 0.0, 1.0]], [[0.9477210640907288, 0.31908679008483887, -0.002897790865972638, -1.140380859375], [0.00905703566968441, -0.03597560524940491, -0.999311625957489, 1.5885751247406006], [-0.3189713954925537, 0.9470424652099609, -0.036984819918870926, -0.104339599609375], [0.0, 0.0, 0.0, 1.0]], [[0.0021556492429226637, 0.9996577501296997, -0.02607516571879387, 0.00225830078125], [-0.016438277438282967, -0.026036279276013374, -0.9995258450508118, 1.5779647827148438], [-0.999862551689148, 0.0025832292158156633, 0.016376523301005363, -0.08349609375], [0.0, 0.0, 0.0, 1.0]], [[-0.9349237084388733, 0.3543493449687958, -0.018816908821463585, 0.979736328125], [0.01604812778532505, -0.01075103972107172, -0.999813437461853, 1.5541419982910156], [-0.35448554158210754, -0.9350513815879822, 0.004364760126918554, -0.12158203125], [0.0, 0.0, 0.0, 1.0]]], "view": [[0.0, -2.0, 100.0], [-2.0, 0.0, 100.0], [0.0, 0.0, 1.0]], "bev": "bev_8ff61927c22e4103a3c4c24dc9f7f8d9.png", "aux": "aux_8ff61927c22e4103a3c4c24dc9f7f8d9.npz", "visibility": "visibility_8ff61927c22e4103a3c4c24dc9f7f8d9.png", "pose": [[-0.5516757369041443, 0.8340587019920349, 0.0, 907.1954956054688], [-0.8340587019920349, -0.5516757369041443, 0.0, 2454.954345703125], [0.0, 0.0, 1.0, 0.0], [0.0, 0.0, 0.0, 1.0]], "pose_inverse": [[-0.5516757369041443, -0.8340587019920349, 0.0, 2548.0537109375], [0.8340587019920349, -0.5516757369041443, 0.0, 597.6843872070312], [0.0, 0.0, 1.0, 0.0], [0.0, 0.0, 0.0, 1.0]], "cam_ids": [0, 1, 2, 3, 4, 5], "cam_channels": ["CAM_FRONT_LEFT", "CAM_FRONT", "CAM_FRONT_RIGHT", "CAM_BACK_LEFT", "CAM_BACK", "CAM_BACK_RIGHT"], "token": "8ff61927c22e4103a3c4c24dc9f7f8d9", "scene": "scene-1071"}, {"images": ["samples/CAM_FRONT_LEFT/n015-2018-11-21-19-21-35+0800__CAM_FRONT_LEFT__1542799667154950.jpg", "samples/CAM_FRONT/n015-2018-11-21-19-21-35+0800__CAM_FRONT__1542799667162460.jpg", "samples/CAM_FRONT_RIGHT/n015-2018-11-21-19-21-35+0800__CAM_FRONT_RIGHT__1542799667170339.jpg", "samples/CAM_BACK_LEFT/n015-2018-11-21-19-21-35+0800__CAM_BACK_LEFT__1542799667197423.jpg", "samples/CAM_BACK/n015-2018-11-21-19-21-35+0800__CAM_BACK__1542799667187525.jpg", "samples/CAM_BACK_RIGHT/n015-2018-11-21-19-21-35+0800__CAM_BACK_RIGHT__1542799667177893.jpg"], "intrinsics": [[[1272.5979470598488, 0.0, 826.6154927353808], [0.0, 1272.5979470598488, 479.75165386361925], [0.0, 0.0, 1.0]], [[1266.417203046554, 0.0, 816.2670197447984], [0.0, 1266.417203046554, 491.50706579294757], [0.0, 0.0, 1.0]], [[1260.8474446004698, 0.0, 807.968244525554], [0.0, 1260.8474446004698, 495.3344268742088], [0.0, 0.0, 1.0]], [[1256.7414812095406, 0.0, 792.1125740759628], [0.0, 1256.7414812095406, 492.7757465151356], [0.0, 0.0, 1.0]], [[809.2209905677063, 0.0, 829.2196003259838], [0.0, 809.2209905677063, 481.77842384512485], [0.0, 0.0, 1.0]], [[1259.5137405846733, 0.0, 807.2529053838625], [0.0, 1259.5137405846733, 501.19579884916527], [0.0, 0.0, 1.0]]], "extrinsics": [[[0.8208792209625244, -0.5710717439651489, 0.005856307223439217, -0.6611328125], [-0.002230842364951968, -0.013460679911077023, -0.9999068975448608, 1.5074405670166016], [0.5710973739624023, 0.8207897543907166, -0.012323564849793911, -1.0703125], [0.0, 0.0, 0.0, 1.0]], [[0.005730004515498877, -0.999830424785614, 0.017498325556516647, 0.0074462890625], [-0.007745461072772741, -0.017542464658617973, -0.9998161196708679, 1.518178939819336], [0.99995356798172, 0.005593344569206238, -0.007844665087759495, -1.38671875], [0.0, 0.0, 0.0, 1.0]], [[-0.8330276012420654, -0.5532273054122925, 0.0021561672911047935, 0.833251953125], [-0.0023674427065998316, -0.00033262340002693236, -0.999997079372406, 1.5030803680419922], [0.5532264113426208, -0.8330302834510803, -0.0010326480260118842, -1.11651611328125], [0.0, 0.0, 0.0, 1.0]], [[0.9477418065071106, 0.3190023601055145, -0.004780671559274197, -1.13671875], [0.005340376403182745, -0.030844997614622116, -0.9995099306106567, 1.5885882377624512], [-0.3189935088157654, 0.9472517967224121, -0.03093668818473816, -0.10546875], [0.0, 0.0, 0.0, 1.0]], [[0.002411056775599718, 0.9997814893722534, -0.02076365426182747, 0.0030517578125], [-0.01972450688481331, -0.020712126046419144, -0.9995908737182617, 1.5775604248046875], [-0.9998025894165039, 0.0028196312487125397, 0.019670257344841957, -0.089111328125], 