[{"images": ["samples/CAM_FRONT_LEFT/n008-2018-08-28-16-16-48-0400__CAM_FRONT_LEFT__1535487550754799.jpg", "samples/CAM_FRONT/n008-2018-08-28-16-16-48-0400__CAM_FRONT__1535487550762404.jpg", "samples/CAM_FRONT_RIGHT/n008-2018-08-28-16-16-48-0400__CAM_FRONT_RIGHT__1535487550770482.jpg", "samples/CAM_BACK_LEFT/n008-2018-08-28-16-16-48-0400__CAM_BACK_LEFT__1535487550797405.jpg", "samples/CAM_BACK/n008-2018-08-28-16-16-48-0400__CAM_BACK__1535487550787558.jpg", "samples/CAM_BACK_RIGHT/n008-2018-08-28-16-16-48-0400__CAM_BACK_RIGHT__1535487550778113.jpg"], "intrinsics": [[[1257.8625342125129, 0.0, 827.2410631095686], [0.0, 1257.8625342125129, 450.915498205774], [0.0, 0.0, 1.0]], [[1252.8131021185304, 0.0, 826.588114781398], [0.0, 1252.8131021185304, 469.9846626224581], [0.0, 0.0, 1.0]], [[1256.7485116440405, 0.0, 817.7887570959712], [0.0, 1256.7485116440403, 451.9541780095127], [0.0, 0.0, 1.0]], [[1254.9860565800168, 0.0, 829.5769333630991], [0.0, 1254.9860565800168, 467.1680561863987], [0.0, 0.0, 1.0]], [[796.8910634503094, 0.0, 857.7774326863696], [0.0, 796.8910634503094, 476.8848988407415], [0.0, 0.0, 1.0]], [[1249.9629280788233, 0.0, 825.3768045375984], [0.0, 1249.9629280788233, 462.54816385708756], [0.0, 0.0, 1.0]]], "extrinsics": [[[0.8229010701179504, -0.5681846141815186, 0.00048672620323486626, -0.7935791015625], [0.011908181011676788, 0.01639014668762684, -0.9997947812080383, 1.4913177490234375], [0.5680599808692932, 0.8227379322052002, 0.020253511145710945, -1.1893310546875], [0.0, 0.0, 0.0, 1.0]], [[0.010828277096152306, -0.9998672008514404, -0.012176373042166233, 0.00897216796875], [0.01385161466896534, 0.01232590526342392, -0.9998281002044678, 1.4830436706542969], [0.9998454451560974, 0.010657736100256443, 0.013983242213726044, -1.5255126953125], [0.0, 0.0, 0.0, 1.0]], [[-0.843673050403595, -0.5364681482315063, -0.02043745666742325, 0.956298828125], [0.021860601380467415, 0.003708015428856015, -0.9997541308403015, 1.4965667724609375], [0.5364120006561279, -0.8439124226570129, 0.00859916303306818, -1.19073486328125], [0.0, 0.0, 0.0, 1.0]], [[0.9478780031204224, 0.3186224699020386, 0.002647748915478587, -1.1458740234375], [-0.0036674889270216227, 0.01921890676021576, -0.9998086094856262, 1.5620503425598145], [-0.31861236691474915, 0.9476868510246277, 0.019385723397135735, -0.15538787841796875], [0.0, 0.0, 0.0, 1.0]], [[0.00901669543236494, 0.99989253282547, 0.011560877785086632, -0.0286865234375], [-0.00147052516695112, 0.011574594303965569, -0.9999319314956665, 1.5679717063903809], [-0.999958336353302, 0.008999079465866089, 0.0015747317811474204, -0.0128173828125], [0.0, 0.0, 0.0, 1.0]], [[-0.9238182306289673, 0.3827694356441498, -0.006899339612573385, 1.05517578125], [0.002798277884721756, -0.011269905604422092, -0.9999325275421143, 1.5481410026550293], [-0.38282138109207153, -0.9237751364707947, 0.009340248070657253, -0.0865478515625], [0.0, 0.0, 0.0, 1.0]]], "view": [[0.0, -2.0, 100.0], [-2.0, 0.0, 100.0], [0.0, 0.0, 1.0]], "bev": "bev_33a4de57265847d5888cc2cc1953a1be.png", "aux": "aux_33a4de57265847d5888cc2cc1953a1be.npz", "visibility": "visibility_33a4de57265847d5888cc2cc1953a1be.png", "pose": [[-0.9976864457130432, 0.06798386573791504, 0.0, 1821.9793701171875], [-0.06798386573791504, -0.9976864457130432, 0.0, 871.2821044921875], [0.0, 0.0, 1.0, 0.0], [0.0, 0.0, 0.0, 1.0]], "pose_inverse": [[-0.9976864457130432, -0.06798386573791504, 0.0, 1876.9971923828125], [0.06798386573791504, -0.9976864457130432, 0.0, 745.401123046875], [0.0, 0.0, 1.0, 0.0], [0.0, 0.0, 0.0, 1.0]], "cam_ids": [0, 1, 2, 3, 4, 5], "cam_channels": ["CAM_FRONT_LEFT", "CAM_FRONT", "CAM_FRONT_RIGHT", "CAM_BACK_LEFT", "CAM_BACK", "CAM_BACK_RIGHT"], "token": "33a4de57265847d5888cc2cc1953a1be", "scene": "scene-0668"}, {"images": ["samples/CAM_FRONT_LEFT/n008-2018-08-28-16-16-48-0400__CAM_FRONT_LEFT__1535487551254799.jpg", "samples/CAM_FRONT/n008-2018-08-28-16-16-48-0400__CAM_FRONT__1535487551262404.jpg", "samples/CAM_FRONT_RIGHT/n008-2018-08-28-16-16-48-0400__CAM_FRONT_RIGHT__1535487551270482.jpg", "samples/CAM_BACK_LEFT/n008-2018-08-28-16-16-48-0400__CAM_BACK_LEFT__1535487551297405.jpg", "samples/CAM_BACK/n008-2018-08-28-16-16-48-0400__CAM_BACK__1535487551287558.jpg", "samples/CAM_BACK_RIGHT/n008-2018-08-28-16-16-48-0400__CAM_BACK_RIGHT__1535487551278113.jpg"], "intrinsics": [[[1257.8625342125129, 0.0, 827.2410631095686], [0.0, 1257.8625342125129, 450.915498205774], [0.0, 0.0, 1.0]], [[1252.8131021185304, 0.0, 826.588114781398], [0.0, 1252.8131021185304, 469.9846626224581], [0.0, 0.0, 1.0]], [[1256.7485116440405, 0.0, 817.7887570959712], [0.0, 1256.7485116440403, 451.9541780095127], [0.0, 0.0, 1.0]], [[1254.9860565800168, 0.0, 829.5769333630991], [0.0, 1254.9860565800168, 467.1680561863987], [0.0, 0.0, 1.0]], [[796.8910634503094, 0.0, 857.7774326863696], [0.0, 796.8910634503094, 476.8848988407415], [0.0, 0.0, 1.0]], [[1249.9629280788233, 0.0, 825.3768045375984], [0.0, 1249.9629280788233, 462.54816385708756], [0.0, 0.0, 1.0]]], "extrinsics": [[[0.823415219783783, -0.5674341917037964, -0.002428114414215088, -0.7823486328125], [0.009631791152060032, 0.018255090340971947, -0.9997869729995728, 1.4908313751220703], [0.5673576593399048, 0.823216438293457, 0.020496925339102745, -1.1834716796875], [0.0, 0.0, 0.0, 1.0]], [[0.011591300368309021, -0.999836266040802, -0.013896225951611996, 0.0101318359375], [0.0116607416421175, 0.01403137482702732, -0.9998335242271423, 1.4826927185058594], [0.9998648166656494, 0.011427323333919048, 0.011821473017334938, -1.5155029296875], [0.0, 0.0, 0.0, 1.0]], [[-0.8433612585067749, -0.5369938611984253, -0.019473977386951447, 0.9498291015625], [0.01976185478270054, 0.005220775958150625, -0.9997910857200623, 1.4963722229003906], [0.5369833707809448, -0.8435699939727783, 0.006208993960171938, -1.1861572265625], [0.0, 0.0, 0.0, 1.0]], [[0.9478874206542969, 0.3186036944389343, 0.0010964967077597976, -1.1434326171875], [-0.0055078621953725815, 0.01982744224369526, -0.999788224697113, 1.562042236328125], [-0.3185579776763916, 0.9476805925369263, 0.02054900862276554, -0.156280517578125], [0.0, 0.0, 0.0, 1.0]], [[0.00879137683659792, 0.9998829960823059, 0.012517156079411507, -0.02886962890625], [-0.003351142629981041, 0.012547031044960022, -0.9999156594276428, 1.5678472518920898], [-0.9999557137489319, 0.008748683147132397, 0.003461055923253298, -0.0174560546875], [0.0, 0.0, 0.0, 1.0]], [[-0.9240114092826843, 0.38233762979507446, -0.004551118705421686, 1.049072265625], [0.0007904382073320448, -0.009992520324885845, -0.9999497532844543, 1.5479183197021484], [-0.38236385583877563, -0.9239686131477356, 0.008930989541113377, -0.088623046875], [0.0, 0.0, 0.0, 1.0]]], "view": [[0.0, -2.0, 100.0], [-2.0, 0.0, 100.0], [0.0, 0.0, 1.0]], "bev": "bev_aa0a8041bfb84568b7196befdd10d65a.png", "aux": "aux_aa0a8041bfb84568b7196befdd10d65a.npz", "visibility": "visibility_aa0a8041bfb84568b7196befdd10d65a.png", "pose": [[-0.9983851909637451, 0.05680675059556961, 0.0, 1818.87109375], [-0.05680675059556961, -0.9983851909637451, 0.0, 871.1092529296875], [0.0, 0.0, 1.0, 0.0], [0.0, 0.0, 0.0, 1.0]], "pose_inverse": [[-0.9983851909637451, -0.05680675059556961, 0.0, 1865.4188232421875], [0.05680675059556961, -0.9983851909637451, 0.0, 766.37841796875], [0.0, 0.0, 1.0, 0.0], [0.0, 0.0, 0.0, 1.0]], "cam_ids": [0, 1, 2, 3, 4, 5], "cam_channels": ["CAM_FRONT_LEFT", "CAM_FRONT", "CAM_FRONT_RIGHT", "CAM_BACK_LEFT", "CAM_BACK", "CAM_BACK_RIGHT"], "token": "aa0a8041bfb84568b7196befdd10d65a", "scene": "scene-0668"}, {"images": ["samples/CAM_FRONT_LEFT/n008-2018-08-28-16-16-48-0400__CAM_FRONT_LEFT__1535487551754799.jpg", "samples/CAM_FRONT/n008-2018-08-28-16-16-48-0400__CAM_FRONT__1535487551762404.jpg", "samples/CAM_FRONT_RIGHT/n008-2018-08-28-16-16-48-0400__CAM_FRONT_RIGHT__1535487551770498.jpg", "samples/CAM_BACK_LEFT/n008-2018-08-28-16-16-48-0400__CAM_BACK_LEFT__1535487551797405.jpg", "samples/CAM_BACK/n008-2018-08-28-16-16-48-0400__CAM_BACK__1535487551787558.jpg", "samples/CAM_BACK_RIGHT/n008-2018-08-28-16-16-48-0400__CAM_BACK_RIGHT__1535487551778113.jpg"], "intrinsics": [[[1257.8625342125129, 0.0, 827.2410631095686], [0.0, 1257.8625342125129, 450.915498205774], [0.0, 0.0, 1.0]], [[1252.8131021185304, 0.0, 826.588114781398], [0.0, 1252.8131021185304, 469.9846626224581], [0.0, 0.0, 1.0]], [[1256.7485116440405, 0.0, 817.7887570959712], [0.0, 1256.7485116440403, 451.9541780095127], [0.0, 0.0, 1.0]], [[1254.9860565800168, 0.0, 829.5769333630991], [0.0, 1254.9860565800168, 467.1680561863987], [0.0, 0.0, 1.0]], [[796.8910634503094, 0.0, 857.7774326863696], [0.0, 796.8910634503094, 476.8848988407415], [0.0, 0.0, 1.0]], [[1249.9629280788233, 0.0, 825.3768045375984], [0.0, 1249.9629280788233, 462.54816385708756], [0.0, 0.0, 1.0]]], "extrinsics": [[[0.8236452341079712, -0.5670959949493408, -0.0032574287615716457, -0.785400390625], [0.009331095032393932, 0.019295137375593185, -0.9997702836990356, 1.490692138671875], [0.5670285820960999, 0.8234257102012634, 0.02118397317826748, -1.1864013671875], [0.0, 0.0, 0.0, 1.0]], [[0.01189954299479723, -0.9998174905776978, -0.014944309368729591, 0.0108642578125], [0.011721143499016762, 0.015083810314536095, -0.9998175501823425, 1.4826545715332031], [0.999860405921936, 0.011722210794687271, 0.011898496188223362, -1.5186767578125], [0.0, 0.0, 0.0, 1.0]], [[-0.8432417511940002, -0.537147045135498, -0.0204046331346035, 0.95263671875], [0.020149923861026764, 0.006346159614622593, -0.9997768402099609, 1.4963798522949219], [0.5371567010879517, -0.843464732170105, 0.005472125019878149, -1.18695068359375], [0.0, 0.0, 0.0, 1.0]], [[0.9478597044944763, 0.31867676973342896, 0.002665888983756304, -1.140869140625], [-0.0043203518725931644, 0.021213816478848457, -0.9997656345367432, 1.5620298385620117], [-0.3186586797237396, 0.947625994682312, 0.02148451842367649, -0.157135009765625], [0.0, 0.0, 0.0, 1.0]], [[0.008693180978298187, 0.9998664855957031, 0.013830860145390034, -0.0291748046875], [-0.002546502510085702, 0.013853473588824272, -0.999900758266449, 1.56788969039917], [-0.9999589920043945, 0.008657103404402733, 0.0026665932964533567, -0.0179443359375], [0.0, 0.0, 0.0, 1.0]], [[-0.9240678548812866, 0.38220030069351196, -0.004630121402442455, 1.0496826171875], [0.0013853833079338074, -0.008764388039708138, -0.9999606609344482, 1.5479927062988281], [-0.38222581148147583, -0.9240379929542542, 0.00756939547136426, -0.0875244140625], [0.0, 0.0, 0.0, 1.0]]], "view": [[0.0, -2.0, 100.0], [-2.0, 0.0, 100.0], [0.0, 0.0, 1.0]], "bev": "bev_88f2242c046e4d4d89063966710cb6f3.png", "aux": "aux_88f2242c046e4d4d89063966710cb6f3.npz", "visibility": "visibility_88f2242c046e4d4d89063966710cb6f3.png", "pose": [[-0.9993500113487244, 0.03604891151189804, 0.0, 1815.734619140625], [-0.03604891151189804, -0.9993500113487244, 0.0, 871.0003051757812], [0.0, 0.0, 1.0, 0.0], [0.0, 0.0, 0.0, 1.0]], "pose_inverse": [[-0.9993500113487244, -0.03604891151189804, 0.0, 1845.9530029296875], [0.03604891151189804, -0.9993500113487244, 0.0, 804.9789428710938], [0.0, 0.0, 1.0, 0.0], [0.0, 0.0, 0.0, 1.0]], "cam_ids": [0, 1, 2, 3, 4, 5], "cam_channels": ["CAM_FRONT_LEFT", "CAM_FRONT", "CAM_FRONT_RIGHT", "CAM_BACK_LEFT", "CAM_BACK", "CAM_BACK_RIGHT"], "token": "88f2242c046e4d4d89063966710cb6f3", "scene": "scene-0668"}, {"images": ["samples/CAM_FRONT_LEFT/n008-2018-08-28-16-16-48-0400__CAM_FRONT_LEFT__1535487552254799.jpg", "samples/CAM_FRONT/n008-2018-08-28-16-16-48-0400__CAM_FRONT__1535487552262404.jpg", "samples/CAM_FRONT_RIGHT/n008-2018-08-28-16-16-48-0400__CAM_FRONT_RIGHT__1535487552270482.jpg", "samples/CAM_BACK_LEFT/n008-2018-08-28-16-16-48-0400__CAM_BACK_LEFT__1535487552297405.jpg", "samples/CAM_BACK/n008-2018-08-28-16-16-48-0400__CAM_BACK__1535487552287558.jpg", "samples/CAM_BACK_RIGHT/n008-2018-08-28-16-16-48-0400__CAM_BACK_RIGHT__1535487552278113.jpg"], "intrinsics": [[[1257.8625342125129, 0.0, 827.2410631095686], [0.0, 1257.8625342125129, 450.915498205774], [0.0, 0.0, 1.0]], [[1252.8131021185304, 0.0, 826.588114781398], [0.0, 1252.8131021185304, 469.9846626224581], [0.0, 0.0, 1.0]], [[1256.7485116440405, 0.0, 817.7887570959712], [0.0, 1256.7485116440403, 451.9541780095127], [0.0, 0.0, 1.0]], [[1254.9860565800168, 0.0, 829.5769333630991], [0.0, 1254.9860565800168, 467.1680561863987], [0.0, 0.0, 1.0]], [[796.8910634503094, 0.0, 857.7774326863696], [0.0, 796.8910634503094, 476.8848988407415], [0.0, 0.0, 1.0]], [[1249.9629280788233, 0.0, 825.3768045375984], [0.0, 1249.9629280788233, 462.54816385708756], [0.0, 0.0, 1.0]]], "extrinsics": [[[0.822823166847229, -0.5682307481765747, -0.0087051410228014, -0.779296875], [0.010203334502875805, 0.030086873099207878, -0.9994952082633972, 1.4909896850585938], [0.5682058334350586, 0.8223190307617188, 0.030554024502635002, -1.180908203125], [0.0, 0.0, 0.0, 1.0]], [[0.010748756118118763, -0.9996048212051392, -0.025975046679377556, 0.010009765625], [0.01254579983651638, 0.02610931731760502, -0.9995803833007812, 1.4829254150390625], [0.9998633861541748, 0.010418372228741646, 0.012821485288441181, -1.510498046875], [0.0, 0.0, 0.0, 1.0]], [[-0.8436890244483948, -0.5361427664756775, -0.027195824310183525, 0.9454345703125], [0.02105565369129181, 0.01757212169468403, -0.9996238350868225, 1.4966888427734375], [0.5364189743995667, -0.8439443111419678, -0.0035365698859095573, -1.183319091796875], [0.0, 0.0, 0.0, 1.0]], [[0.9478741884231567, 0.31853997707366943, 0.008166054263710976, -1.1429443359375], [-0.0026342361234128475, 0.0334600992500782, -0.9994365572929382, 1.5620346069335938], [-0.3186337351799011, 0.9473186731338501, 0.032555073499679565, -0.1566314697265625], [0.0, 0.0, 0.0, 1.0]], [[0.009004796855151653, 0.999630868434906, 0.025633415207266808, -0.02886962890625], [-0.0011316232848912477, 0.02564462274312973, -0.9996704459190369, 1.5679740905761719], [-0.9999587535858154, 0.00897281989455223, 0.00136213016230613, -0.020751953125], [0.0, 0.0, 0.0, 1.0]], [[-0.9238216280937195, 0.3828209936618805, -0.0013119892682880163, 1.0450439453125], [0.0025293047074228525, 0.0026765652000904083, -0.9999932050704956, 1.5481233596801758], [-0.382814884185791, -0.9238185882568359, -0.0034409393556416035, -0.09033203125], [0.0, 0.0, 0.0, 1.0]]], "view": [[0.0, -2.0, 100.0], [-2.0, 0.0, 100.0], [0.0, 0.0, 1.0]], "bev": "bev_58e93479e8bb470b80e1b0cc02b4a259.png", "aux": "aux_58e93479e8bb470b80e1b0cc02b4a259.npz", "visibility": "visibility_58e93479e8bb470b80e1b0cc02b4a259.png", "pose": [[-0.9997233748435974, 0.023518595844507217, 0.0, 1812.64501953125], [-0.023518595844507217, -0.9997233748435974, 0.0, 870.9395141601562], [0.0, 0.0, 1.0, 0.0], [0.0, 0.0, 0.0, 1.0]], "pose_inverse": [[-0.9997233748435974, -0.023518595844507217, 0.0, 1832.626953125], [0.023518595844507217, -0.9997233748435974, 0.0, 828.0677490234375], [0.0, 0.0, 1.0, 0.0], [0.0, 0.0, 0.0, 1.0]], "cam_ids": [0, 1, 2, 3, 4, 5], "cam_channels": ["CAM_FRONT_LEFT", "CAM_FRONT", "CAM_FRONT_RIGHT", "CAM_BACK_LEFT", "CAM_BACK", "CAM_BACK_RIGHT"], "token": "58e93479e8bb470b80e1b0cc02b4a259", "scene": "scene-0668"}, {"images": ["samples/CAM_FRONT_LEFT/n008-2018-08-28-16-16-48-0400__CAM_FRONT_LEFT__1535487552754799.jpg", "samples/CAM_FRONT/n008-2018-08-28-16-16-48-0400__CAM_FRONT__1535487552762404.jpg", "samples/CAM_FRONT_RIGHT/n008-2018-08-28-16-16-48-0400__CAM_FRONT_RIGHT__1535487552770482.jpg", "samples/CAM_BACK_LEFT/n008-2018-08-28-16-16-48-0400__CAM_BACK_LEFT__1535487552797405.jpg", "samples/CAM_BACK/n008-2018-08-28-16-16-48-0400__CAM_BACK__1535487552787558.jpg", "samples/CAM_BACK_RIGHT/n008-2018-08-28-16-16-48-0400__CAM_BACK_RIGHT__1535487552778113.jpg"], "intrinsics": [[[1257.8625342125129, 0.0, 827.2410631095686], [0.0, 1257.8625342125129, 450.915498205774], [0.0, 0.0, 1.0]], [[1252.8131021185304, 0.0, 826.588114781398], [0.0, 1252.8131021185304, 469.9846626224581], [0.0, 0.0, 1.0]], [[1256.7485116440405, 0.0, 817.7887570959712], [0.0, 1256.7485116440403, 451.9541780095127], [0.0, 0.0, 1.0]], [[1254.9860565800168, 0.0, 829.5769333630991], [0.0, 1254.9860565800168, 467.1680561863987], [0.0, 0.0, 1.0]], [[796.8910634503094, 0.0, 857.7774326863696], [0.0, 796.8910634503094, 476.8848988407415], [0.0, 0.0, 1.0]], [[1249.9629280788233, 0.0, 825.3768045375984], [0.0, 1249.9629280788233, 462.54816385708756], [0.0, 0.0, 1.0]]], "extrinsics": [[[0.8226568698883057, -0.5682957768440247, -0.016603752970695496, -0.7935791015625], [0.007928595878183842, 0.04066898301243782, -0.9991412162780762, 1.4902191162109375], [0.5684829354286194, 0.8218187689781189, 0.037962403148412704, -1.1903076171875], [0.0, 0.0, 0.0, 1.0]], [[0.010444603860378265, -0.999274730682373, -0.03661919757723808, 0.00958251953125], [0.010124117136001587, 0.0367249995470047, -0.9992741346359253, 1.4822158813476562], [0.9998941421508789, 0.010066288523375988, 0.010500352829694748, -1.5247802734375], [0.0, 0.0, 0.0, 1.0]], [[-0.8438729643821716, -0.5356695055961609, -0.03060341440141201, 0.9547119140625], [0.018417639657855034, 0.02808448113501072, -0.9994358420372009, 1.4960098266601562], [0.5362268686294556, -0.8439605832099915, -0.013833967037498951, -1.189361572265625], [0.0, 0.0, 0.0, 1.0]], [[0.9478767514228821, 0.3185476064682007, 0.0075599621050059795, -1.140625], [-0.006377915386110544, 0.04268873110413551, -0.9990680813789368, 1.562032699584961], [-0.3185735046863556, 0.9469451904296875, 0.042495325207710266, -0.1569671630859375], [0.0, 0.0, 0.0, 1.0]], [[0.009133664891123772, 0.9993308782577515, 0.03541843965649605, -0.0289306640625], [-0.004458877723664045, 0.03546026349067688, -0.9993610978126526, 1.567770004272461], [-0.9999483823776245, 0.00896990206092596, 0.004779776558279991, -0.0159912109375], [0.0, 0.0, 0.0, 1.0]], [[-0.9237689971923828, 0.38291335105895996, 0.005314347334206104, 1.0526123046875], [-0.0003950055979657918, 0.0129246199503541, -0.9999163746833801, 1.5477523803710938], [-0.3829500079154968, -0.923693835735321, -0.011788107454776764, -0.0872802734375], [0.0, 0.0, 0.0, 1.0]]], "view": [[0.0, -2.0, 100.0], [-2.0, 0.0, 100.0], [0.0, 0.0, 1.0]], "bev": "bev_d11202805470425b871e8983cf97c9d9.png", "aux": "aux_d11202805470425b871e8983cf97c9d9.npz", "visibility": "visibility_d11202805470425b871e8983cf97c9d9.png", "pose": [[-0.9998106360435486, 0.01946100778877735, 0.0, 1809.619873046875], [-0.01946100778877735, -0.9998106360435486, 0.0, 870.9073486328125], [0.0, 0.0, 1.0, 0.0], [0.0, 0.0, 0.0, 1.0]], "pose_inverse": [[-0.9998106360435486, -0.01946100778877735, 0.0, 1826.2259521484375], [0.01946100778877735, -0.9998106360435486, 0.0, 835.525390625], [0.0, 0.0, 1.0, 0.0], [0.0, 0.0, 0.0, 1.0]], "cam_ids": [0, 1, 2, 3, 4, 5], "cam_channels": ["CAM_FRONT_LEFT", "CAM_FRONT", "CAM_FRONT_RIGHT", "CAM_BACK_LEFT", "CAM_BACK", "CAM_BACK_RIGHT"], "token": "d11202805470425b871e8983cf97c9d9", "scene": "scene-0668"}, {"images": ["samples/CAM_FRONT_LEFT/n008-2018-08-28-16-16-48-0400__CAM_FRONT_LEFT__1535487553254799.jpg", "samples/CAM_FRONT/n008-2018-08-28-16-16-48-0400__CAM_FRONT__1535487553262404.jpg", "samples/CAM_FRONT_RIGHT/n008-2018-08-28-16-16-48-0400__CAM_FRONT_RIGHT__1535487553270482.jpg", "samples/CAM_BACK_LEFT/n008-2018-08-28-16-16-48-0400__CAM_BACK_LEFT__1535487553297405.jpg", "samples/CAM_BACK/n008-2018-08-28-16-16-48-0400__CAM_BACK__1535487553287573.jpg", "samples/CAM_BACK_RIGHT/n008-2018-08-28-16-16-48-0400__CAM_BACK_RIGHT__1535487553278113.jpg"], "intrinsics": [[[1257.8625342125129, 0.0, 827.2410631095686], [0.0, 1257.8625342125129, 450.915498205774], [0.0, 0.0, 1.0]], [[1252.8131021185304, 0.0, 826.588114781398], [0.0, 1252.8131021185304, 469.9846626224581], [0.0, 0.0, 1.0]], [[1256.7485116440405, 0.0, 817.7887570959712], [0.0, 1256.7485116440403, 451.9541780095127], [0.0, 0.0, 1.0]], [[1254.9860565800168, 0.0, 829.5769333630991], [0.0, 1254.9860565800168, 467.1680561863987], [0.0, 0.0, 1.0]], [[796.8910634503094, 0.0, 857.7774326863696], [0.0, 796.8910634503094, 476.8848988407415], [0.0, 0.0, 1.0]], [[1249.9629280788233, 0.0, 825.3768045375984], [0.0, 1249.9629280788233, 462.54816385708756], [0.0, 0.0, 1.0]]], "extrinsics": [[[0.822684109210968, -0.5683155655860901, -0.014432922005653381, -0.7998046875], [0.005597697105258703, 0.033484455198049545, -0.9994235634803772, 1.4896011352539062], [0.5684712529182434, 0.8221290707588196, 0.03072839044034481, -1.1944580078125], [0.0, 0.0, 0.0, 1.0]], [[0.010503885336220264, -0.999509871006012, -0.029489127919077873, 0.0096435546875], [0.007506861817091703, 0.02956874668598175, -0.999534547328949, 1.4816131591796875], [0.9999166131019592, 0.010277626104652882, 0.007813770323991776, -1.533447265625], [0.0, 0.0, 0.0, 1.0]], [[-0.843859076499939, -0.536011278629303, -0.02436722442507744, 0.963134765625], [0.01547704916447401, 0.021078741177916527, -0.9996580481529236, 1.4953880310058594], [0.5363416075706482, -0.8439476490020752, -0.009491614066064358, -1.194183349609375], [0.0, 0.0, 0.0, 1.0]], [[0.9478720426559448, 0.31864291429519653, 0.0022998962085694075, -1.142822265625], [-0.00993645004928112, 0.03677065670490265, -0.9992743134498596, 1.5620336532592773], [-0.3184962868690491, 0.9471613764762878, 0.0380200557410717, -0.156494140625], [0.0, 0.0, 0.0, 1.0]], [[0.00913093239068985, 0.9995378255844116, 0.028997259214520454, -0.029052734375], [-0.0077778249979019165, 0.029068581759929657, -0.9995471239089966, 1.5676021575927734], [-0.9999280571937561, 0.008901260793209076, 0.008039652369916439, -0.0120849609375], [0.0, 0.0, 0.0, 1.0]], [[-0.9238073229789734, 0.3828151524066925, 0.005704938434064388, 1.058837890625], [-0.003616189118474722, 0.006175643298774958, -0.9999743700027466, 1.547406554222107], [-0.3828405737876892, -0.9238042831420898, -0.004320772830396891, -0.08447265625], [0.0, 0.0, 0.0, 1.0]]], "view": [[0.0, -2.0, 100.0], [-2.0, 0.0, 100.0], [0.0, 0.0, 1.0]], "bev": "bev_9cf38f7517e9440e91aa694967d16347.png", "aux": "aux_9cf38f7517e9440e91aa694967d16347.npz", "visibility": "visibility_9cf38f7517e9440e91aa694967d16347.png", "pose": [[-0.9998666644096375, 0.01633046753704548, 0.0, 1806.66357421875], [-0.01633046753704548, -0.9998666644096375, 0.0, 870.8929443359375], [0.0, 0.0, 1.0, 0.0], [0.0, 0.0, 0.0, 1.0]], "pose_inverse": [[-0.9998666644096375, -0.01633046753704548, 0.0, 1820.644775390625], [0.01633046753704548, -0.9998666644096375, 0.0, 841.2731323242188], [0.0, 0.0, 1.0, 0.0], [0.0, 0.0, 0.0, 1.0]], "cam_ids": [0, 1, 2, 3, 4, 5], "cam_channels": ["CAM_FRONT_LEFT", "CAM_FRONT", "CAM_FRONT_RIGHT", "CAM_BACK_LEFT", "CAM_BACK", "CAM_BACK_RIGHT"], "token": "9cf38f7517e9440e91aa694967d16347", "scene": "scene-0668"}, {"images": ["samples/CAM_FRONT_LEFT/n008-2018-08-28-16-16-48-0400__CAM_FRONT_LEFT__1535487553754799.jpg", "samples/CAM_FRONT/n008-2018-08-28-16-16-48-0400__CAM_FRONT__1535487553762404.jpg", "samples/CAM_FRONT_RIGHT/n008-2018-08-28-16-16-48-0400__CAM_FRONT_RIGHT__1535487553770482.jpg", "samples/CAM_BACK_LEFT/n008-2018-08-28-16-16-48-0400__CAM_BACK_LEFT__1535487553797405.jpg", "samples/CAM_BACK/n008-2018-08-28-16-16-48-0400__CAM_BACK__1535487553787558.jpg", "samples/CAM_BACK_RIGHT/n008-2018-08-28-16-16-48-0400__CAM_BACK_RIGHT__1535487553778113.jpg"], "intrinsics": [[[1257.8625342125129, 0.0, 827.2410631095686], [0.0, 1257.8625342125129, 450.915498205774], [0.0, 0.0, 1.0]], [[1252.8131021185304, 0.0, 826.588114781398], [0.0, 1252.8131021185304, 469.9846626224581], [0.0, 0.0, 1.0]], [[1256.7485116440405, 0.0, 817.7887570959712], [0.0, 1256.7485116440403, 451.9541780095127], [0.0, 0.0, 1.0]], [[1254.9860565800168, 0.0, 829.5769333630991], [0.0, 1254.9860565800168, 467.1680561863987], [0.0, 0.0, 1.0]], [[796.8910634503094, 0.0, 857.7774326863696], [0.0, 796.8910634503094, 476.8848988407415], [0.0, 0.0, 1.0]], [[1249.9629280788233, 0.0, 825.3768045375984], [0.0, 1249.9629280788233, 462.54816385708756], [0.0, 0.0, 1.0]]], "extrinsics": [[[0.822390615940094, -0.5686551928520203, -0.01746400259435177, -0.81121826171875], [0.0031499990727752447, 0.03524735942482948, -0.9993736147880554, 1.488922119140625], [0.5689145922660828, 0.8218204975128174, 0.03077836148440838, -1.2032470703125], [0.0, 0.0, 0.0, 1.0]], [[0.009992020204663277, -0.9994681477546692, -0.031041396781802177, 0.0098876953125], [0.005046959035098553, 0.03109295666217804, -0.9995037913322449, 1.4810523986816406], [0.9999373555183411, 0.009830397553741932, 0.00535495625808835, -1.542236328125], [0.0, 0.0, 0.0, 1.0]], [[-0.8441391587257385, -0.5356317162513733, -0.022972209379076958, 0.9658203125], [0.013019480742514133, 0.02235540561378002, -0.9996653199195862, 1.4949684143066406], [0.5359659194946289, -0.8441557288169861, -0.011897428892552853, -1.195953369140625], [0.0, 0.0, 0.0, 1.0]], [[0.947866678237915, 0.3186671733856201, 0.0002017641963902861, -1.143798828125], [-0.012348027899861336, 0.037361521273851395, -0.9992255568504333, 1.5620403289794922], [-0.3184279203414917, 0.947130024433136, 0.03934865444898605, -0.1562042236328125], [0.0, 0.0, 0.0, 1.0]], [[0.009325521998107433, 0.9995129108428955, 0.029782012104988098, -0.02911376953125], [-0.010172765702009201, 0.029876593500375748, -0.9995017647743225, 1.5674843788146973], [-0.9999047517776489, 0.009017908945679665, 0.010446426458656788, -0.01025390625], [0.0, 0.0, 0.0, 1.0]], [[-0.9236812591552734, 0.3830703794956207, 0.008372148498892784, 1.0615234375], [-0.006058065686374903, 0.007246848661452532, -0.999955415725708, 1.5471539497375488], [-0.38311392068862915, -0.923690676689148, -0.004373112227767706, -0.0831298828125], [0.0, 0.0, 0.0, 1.0]]], "view": [[0.0, -2.0, 100.0], [-2.0, 0.0, 100.0], [0.0, 0.0, 1.0]], "bev": "bev_e13d423cc09345889f1ba53ca8628563.png", "aux": "aux_e13d423cc09345889f1ba53ca8628563.npz", "visibility": "visibility_e13d423cc09345889f1ba53ca8628563.png", "pose": [[-0.9998735189437866, 0.015903519466519356, 0.0, 1803.8033447265625], [-0.015903519466519356, -0.9998735189437866, 0.0, 870.878662109375], [0.0, 0.0, 1.0, 0.0], [0.0, 0.0, 0.0, 1.0]], "pose_inverse": [[-0.9998735189437866, -0.015903519466519356, 0.0, 1817.42529296875], [0.015903519466519356, -0.9998735189437866, 0.0, 842.0817260742188], [0.0, 0.0, 1.0, 0.0], [0.0, 0.0, 0.0, 1.0]], "cam_ids": [0, 1, 2, 3, 4, 5], "cam_channels": ["CAM_FRONT_LEFT", "CAM_FRONT", "CAM_FRONT_RIGHT", "CAM_BACK_LEFT", "CAM_BACK", "CAM_BACK_RIGHT"], "token": "e13d423cc09345889f1ba53ca8628563", "scene": "scene-0668"}, {"images": ["samples/CAM_FRONT_LEFT/n008-2018-08-28-16-16-48-0400__CAM_FRONT_LEFT__1535487554254799.jpg", "samples/CAM_FRONT/n008-2018-08-28-16-16-48-0400__CAM_FRONT__1535487554262404.jpg", "samples/CAM_FRONT_RIGHT/n008-2018-08-28-16-16-48-0400__CAM_FRONT_RIGHT__1535487554270482.jpg", "samples/CAM_BACK_LEFT/n008-2018-08-28-16-16-48-0400__CAM_BACK_LEFT__1535487554297405.jpg", "samples/CAM_BACK/n008-2018-08-28-16-16-48-0400__CAM_BACK__1535487554287558.jpg", "samples/CAM_BACK_RIGHT/n008-2018-08-28-16-16-48-0400__CAM_BACK_RIGHT__1535487554278113.jpg"], "intrinsics": [[[1257.8625342125129, 0.0, 827.2410631095686], [0.0, 1257.8625342125129, 450.915498205774], [0.0, 0.0, 1.0]], [[1252.8131021185304, 0.0, 826.588114781398], [0.0, 1252.8131021185304, 469.9846626224581], [0.0, 0.0, 1.0]], [[1256.7485116440405, 0.0, 817.7887570959712], [0.0, 1256.7485116440403, 451.9541780095127], [0.0, 0.0, 1.0]], [[1254.9860565800168, 0.0, 829.5769333630991], [0.0, 1254.9860565800168, 467.1680561863987], [0.0, 0.0, 1.0]], [[796.8910634503094, 0.0, 857.7774326863696], [0.0, 796.8910634503094, 476.8848988407415], [0.0, 0.0, 1.0]], [[1249.9629280788233, 0.0, 825.3768045375984], [0.0, 1249.9629280788233, 462.54816385708756], [0.0, 0.0, 1.0]]], "extrinsics": [[[0.8218175172805786, -0.5695475935935974, -0.015220622532069683, -0.818115234375], [0.0049845874309539795, 0.033900778740644455, -0.9994127154350281, 1.4893608093261719], [0.5697290301322937, 0.8212589621543884, 0.03069921024143696, -1.205810546875], [0.0, 0.0, 0.0, 1.0]], [[0.009205340407788754, -0.999516487121582, -0.029698925092816353, 0.00872802734375], [0.00699907960370183, 0.029763860628008842, -0.9995324611663818, 1.4814033508300781], [0.9999330639839172, 0.008993169292807579, 0.007269682828336954, -1.55078125], [0.0, 0.0, 0.0, 1.0]], [[-0.8444266319274902, -0.5351345539093018, -0.02397162839770317, 0.973876953125], [0.01503720786422491, 0.021052248775959015, -0.9996652603149414, 1.4951324462890625], [0.5354601144790649, -0.8445045351982117, -0.009730152785778046, -1.2017822265625], [0.0, 0.0, 0.0, 1.0]], [[0.9478678107261658, 0.3186594843864441, 0.0016943742521107197, -1.14404296875], [-0.01038405206054449, 0.03620127588510513, -0.9992905855178833, 1.562042236328125], [-0.3184948265552521, 0.9471776485443115, 0.037622999399900436, -0.1560211181640625], [0.0, 0.0, 0.0, 1.0]], [[0.009519025683403015, 0.9995447397232056, 0.028629794716835022, -0.0289306640625], [-0.008277409709990025, 0.02870887704193592, -0.9995535016059875, 1.567626953125], [-0.9999204277992249, 0.009277795441448689, 0.0085469214245677, -0.00634765625], [0.0, 0.0, 0.0, 1.0]], [[-0.9235205054283142, 0.38350117206573486, 0.006052320823073387, 1.068359375], [-0.004061542451381683, 0.006000617519021034, -0.999973714351654, 1.5474011898040771], [-0.38352739810943604, -0.9235208034515381, -0.003984087146818638, -0.0809326171875], [0.0, 0.0, 0.0, 1.0]]], "view": [[0.0, -2.0, 100.0], [-2.0, 0.0, 100.0], [0.0, 0.0, 1.0]], "bev": "bev_35cef5aa304743d6899f622fc9e536fc.png", "aux": "aux_35cef5aa304743d6899f622fc9e536fc.npz", "visibility": "visibility_35cef5aa304743d6899f622fc9e536fc.png", "pose": [[-0.9997027516365051, 0.02438041940331459, 0.0, 1801.0294189453125], [-0.02438041940331459, -0.9997027516365051, 0.0, 870.85498046875], [0.0, 0.0, 1.0, 0.0], [0.0, 0.0, 0.0, 1.0]], "pose_inverse": [[-0.9997027516365051, -0.02438041940331459, 0.0, 1821.725830078125], [0.02438041940331459, -0.9997027516365051, 0.0, 826.686279296875], [0.0, 0.0, 1.0, 0.0], [0.0, 0.0, 0.0, 1.0]], "cam_ids": [0, 1, 2, 3, 4, 5], "cam_channels": ["CAM_FRONT_LEFT", "CAM_FRONT", "CAM_FRONT_RIGHT", "CAM_BACK_LEFT", "CAM_BACK", "CAM_BACK_RIGHT"], "token": "35cef5aa304743d6899f622fc9e536fc", "scene": "scene-0668"}, {"images": ["samples/CAM_FRONT_LEFT/n008-2018-08-28-16-16-48-0400__CAM_FRONT_LEFT__1535487554754799.jpg", "samples/CAM_FRONT/n008-2018-08-28-16-16-48-0400__CAM_FRONT__1535487554762404.jpg", "samples/CAM_FRONT_RIGHT/n008-2018-08-28-16-16-48-0400__CAM_FRONT_RIGHT__1535487554770482.jpg", "samples/CAM_BACK_LEFT/n008-2018-08-28-16-16-48-0400__CAM_BACK_LEFT__1535487554797405.jpg", "samples/CAM_BACK/n008-2018-08-28-16-16-48-0400__CAM_BACK__1535487554787558.jpg", "samples/CAM_BACK_RIGHT/n008-2018-08-28-16-16-48-0400__CAM_BACK_RIGHT__1535487554778113.jpg"], "intrinsics": [[[1257.8625342125129, 0.0, 827.2410631095686], [0.0, 1257.8625342125129, 450.915498205774], [0.0, 0.0, 1.0]], [[1252.8131021185304, 0.0, 826.588114781398], [0.0, 1252.8131021185304, 469.9846626224581], [0.0, 0.0, 1.0]], [[1256.7485116440405, 0.0, 817.7887570959712], [0.0, 1256.7485116440403, 451.9541780095127], [0.0, 0.0, 1.0]], [[1254.9860565800168, 0.0, 829.5769333630991], [0.0, 1254.9860565800168, 467.1680561863987], [0.0, 0.0, 1.0]], [[796.8910634503094, 0.0, 857.7774326863696], [0.0, 796.8910634503094, 476.8848988407415], [0.0, 0.0, 1.0]], [[1249.9629280788233, 0.0, 825.3768045375984], [0.0, 1249.9629280788233, 462.54816385708756], [0.0, 0.0, 1.0]]], "extrinsics": [[[0.8216853141784668, -0.569783627986908, -0.013410748913884163, -0.823486328125], [0.005213429685682058, 0.031043190509080887, -0.9995044469833374, 1.4893646240234375], [0.5699175596237183, 0.8212082386016846, 0.028478261083364487, -1.2105712890625], [0.0, 0.0, 0.0, 1.0]], [[0.00897231511771679, -0.9996007084846497, -0.026795396581292152, 0.0087890625], [0.007132381666451693, 0.026859767735004425, -0.9996138215065002, 1.4813995361328125], [0.9999343156814575, 0.008777734823524952, 0.007370528299361467, -1.5548095703125], [0.0, 0.0, 0.0, 1.0]], [[-0.8445472717285156, -0.5350099802017212, -0.022455597296357155, 0.9744873046875], [0.015133392997086048, 0.01807161420583725, -0.9997221231460571, 1.4951400756835938], [0.5352671146392822, -0.8446524739265442, -0.0071658180095255375, -1.2025146484375], [0.0, 0.0, 0.0, 1.0]], [[0.9478711485862732, 0.3186529278755188, 0.0008221410680562258, -1.1448974609375], [-0.010227101854979992, 0.033000245690345764, -0.9994029998779297, 1.5620555877685547], [-0.31848981976509094, 0.9472968578338623, 0.0345388725399971, -0.155731201171875], [0.0, 0.0, 0.0, 1.0]], [[0.009594660252332687, 0.9996299147605896, 0.025455983355641365, -0.02880859375], [-0.008059185929596424, 0.025533631443977356, -0.999641478061676, 1.5676474571228027], [-0.9999215006828308, 0.009386071003973484, 0.008301190100610256, -0.0057373046875], [0.0, 0.0, 0.0, 1.0]], [[-0.9234588146209717, 0.38366857171058655, 0.004719921853393316, 1.0689697265625], [-0.0038961083628237247, 0.002924320288002491, -0.9999881386756897, 1.5474238395690918], [-0.38367778062820435, -0.9234662055969238, -0.0012056742561981082, -0.080810546875], [0.0, 0.0, 0.0, 1.0]]], "view": [[0.0, -2.0, 100.0], [-2.0, 0.0, 100.0], [0.0, 0.0, 1.0]], "bev": "bev_c5f896f83cb54ec48f975e52c06329c9.png", "aux": "aux_c5f896f83cb54ec48f975e52c06329c9.npz", "visibility": "visibility_c5f896f83cb54ec48f975e52c06329c9.png", "pose": [[-0.9991681575775146, 0.04077991098165512, 0.0, 1798.432373046875], [-0.04077991098165512, -0.9991681575775146, 0.0, 870.7905883789062], [0.0, 0.0, 1.0, 0.0], [0.0, 0.0, 0.0, 1.0]], "pose_inverse": [[-0.9991681575775146, -0.04077991098165512, 0.0, 1832.4471435546875], [0.04077991098165512, -0.9991681575775146, 0.0, 796.726318359375], [0.0, 0.0, 1.0, 0.0], [0.0, 0.0, 0.0, 1.0]], "cam_ids": [0, 1, 2, 3, 4, 5], "cam_channels": ["CAM_FRONT_LEFT", "CAM_FRONT", "CAM_FRONT_RIGHT", "CAM_BACK_LEFT", "CAM_BACK", "CAM_BACK_RIGHT"], "token": "c5f896f83cb54ec48f975e52c06329c9", "scene": "scene-0668"}, {"images": ["samples/CAM_FRONT_LEFT/n008-2018-08-28-16-16-48-0400__CAM_FRONT_LEFT__1535487555154799.jpg", "samples/CAM_FRONT/n008-2018-08-28-16-16-48-0400__CAM_FRONT__1535487555162404.jpg", "samples/CAM_FRONT_RIGHT/n008-2018-08-28-16-16-48-0400__CAM_FRONT_RIGHT__1535487555170494.jpg", "samples/CAM_BACK_LEFT/n008-2018-08-28-16-16-48-0400__CAM_BACK_LEFT__1535487555197405.jpg", "samples/CAM_BACK/n008-2018-08-28-16-16-48-0400__CAM_BACK__1535487555187558.jpg", "samples/CAM_BACK_RIGHT/n008-2018-08-28-16-16-48-0400__CAM_BACK_RIGHT__1535487555178113.jpg"], "intrinsics": [[[1257.8625342125129, 0.0, 827.2410631095686], [0.0, 1257.8625342125129, 450.915498205774], [0.0, 0.0, 1.0]], [[1252.8131021185304, 0.0, 826.588114781398], [0.0, 1252.8131021185304, 469.9846626224581], [0.0, 0.0, 1.0]], [[1256.7485116440405, 0.0, 817.7887570959712], [0.0, 1256.7485116440403, 451.9541780095127], [0.0, 0.0, 1.0]], [[1254.9860565800168, 0.0, 829.5769333630991], [0.0, 1254.9860565800168, 467.1680561863987], [0.0, 0.0, 1.0]], [[796.8910634503094, 0.0, 857.7774326863696], [0.0, 796.8910634503094, 476.8848988407415], [0.0, 0.0, 1.0]], [[1249.9629280788233, 0.0, 825.3768045375984], [0.0, 1249.9629280788233, 462.54816385708756], [0.0, 0.0, 1.0]]], "extrinsics": [[[0.821979820728302, -0.5693613886833191, -0.01329535711556673, -0.8359375], [0.00423806207254529, 0.02945944480597973, -0.9995569586753845, 1.4890670776367188], [0.5695008039474487, 0.8215594291687012, 0.026628058403730392, -1.2200927734375], [0.0, 0.0, 0.0, 1.0]], [[0.009487291797995567, -0.9996335506439209, -0.025354178622364998, 0.00946044921875], [0.006220224313437939, 0.02541382610797882, -0.9996576905250549, 1.4811420440673828], [0.9999356865882874, 0.009326338768005371, 0.006459053605794907, -1.5677490234375], [0.0, 0.0, 0.0, 1.0]], [[-0.8442872166633606, -0.535476803779602, -0.021063722670078278, 0.983642578125], [0.01428669597953558, 0.016800962388515472, -0.9997567534446716, 1.4948654174804688], [0.5357004404067993, -0.8443828225135803, -0.006534644402563572, -1.207366943359375], [0.0, 0.0, 0.0, 1.0]], [[0.9478674530982971, 0.3186650276184082, -5.533255898626521e-05, -1.145751953125], [-0.01089608296751976, 0.03223679959774017, -0.9994208216667175, 1.5620675086975098], [-0.31847870349884033, 0.9473190903663635, 0.03402841091156006, -0.1554718017578125], [0.0, 0.0, 0.0, 1.0]], [[0.009417112916707993, 0.9996545910835266, 0.02454148605465889, -0.0291748046875], [-0.008812341839075089, 0.02462458796799183, -0.9996578693389893, 1.5676445960998535], [-0.9999169707298279, 0.009197618812322617, 0.009041189216077328, -0.0010986328125], [0.0, 0.0, 0.0, 1.0]], [[-0.9235988259315491, 0.38332751393318176, 0.005034045781940222, 1.0760498046875], [-0.004692398477345705, 0.001826346735469997, -0.9999873042106628, 1.54738187789917], [-0.383331835269928, -0.9236106872558594, 0.00011191507655894384, -0.0772705078125], [0.0, 0.0, 0.0, 1.0]]], "view": [[0.0, -2.0, 100.0], [-2.0, 0.0, 100.0], [0.0, 0.0, 1.0]], "bev": "bev_e63b087d489f401b80db15cea6e20dbc.png", "aux": "aux_e63b087d489f401b80db15cea6e20dbc.npz", "visibility": "visibility_e63b087d489f401b80db15cea6e20dbc.png", "pose": [[-0.9985893368721008, 0.05309789255261421, 0.0, 1796.3592529296875], [-0.05309789255261421, -0.9985893368721008, 0.0, 870.7150268554688], [0.0, 0.0, 1.0, 0.0], [0.0, 0.0, 0.0, 1.0]], "pose_inverse": [[-0.9985893368721008, -0.05309789255261421, 0.0, 1840.0582275390625], [0.05309789255261421, -0.9985893368721008, 0.0, 774.1038208007812], [0.0, 0.0, 1.0, 0.0], [0.0, 0.0, 0.0, 1.0]], "cam_ids": [0, 1, 2, 3, 4, 5], "cam_channels": ["CAM_FRONT_LEFT", "CAM_FRONT", "CAM_FRONT_RIGHT", "CAM_BACK_LEFT", "CAM_BACK", "CAM_BACK_RIGHT"], "token": "e63b087d489f401b80db15cea6e20dbc", "scene": "scene-0668"}, {"images": ["samples/CAM_FRONT_LEFT/n008-2018-08-28-16-16-48-0400__CAM_FRONT_LEFT__1535487555654799.jpg", "samples/CAM_FRONT/n008-2018-08-28-16-16-48-0400__CAM_FRONT__1535487555662404.jpg", "samples/CAM_FRONT_RIGHT/n008-2018-08-28-16-16-48-0400__CAM_FRONT_RIGHT__1535487555670482.jpg", "samples/CAM_BACK_LEFT/n008-2018-08-28-16-16-48-0400__CAM_BACK_LEFT__1535487555697405.jpg", "samples/CAM_BACK/n008-2018-08-28-16-16-48-0400__CAM_BACK__1535487555687558.jpg", "samples/CAM_BACK_RIGHT/n008-2018-08-28-16-16-48-0400__CAM_BACK_RIGHT__1535487555678289.jpg"], "intrinsics": [[[1257.8625342125129, 0.0, 827.2410631095686], [0.0, 1257.8625342125129, 450.915498205774], [0.0, 0.0, 1.0]], [[1252.8131021185304, 0.0, 826.588114781398], [0.0, 1252.8131021185304, 469.9846626224581], [0.0, 0.0, 1.0]], [[1256.7485116440405, 0.0, 817.7887570959712], [0.0, 1256.7485116440403, 451.9541780095127], [0.0, 0.0, 1.0]], [[1254.9860565800168, 0.0, 829.5769333630991], [0.0, 1254.9860565800168, 467.1680561863987], [0.0, 0.0, 1.0]], [[796.8910634503094, 0.0, 857.7774326863696], [0.0, 796.8910634503094, 476.8848988407415], [0.0, 0.0, 1.0]], [[1249.9629280788233, 0.0, 825.3768045375984], [0.0, 1249.9629280788233, 462.54816385708756], [0.0, 0.0, 1.0]]], "extrinsics": [[[0.8219460248947144, -0.5694297552108765, -0.012432313524186611, -0.84814453125], [0.005522219929844141, 0.02979397214949131, -0.9995407462120056, 1.4892921447753906], [0.5695386528968811, 0.8215000033378601, 0.0276335496455431, -1.2266845703125], [0.0, 0.0, 0.0, 1.0]], [[0.009371377527713776, -0.9996277093887329, -0.02562401257455349, 0.00811767578125], [0.007563746999949217, 0.02569526806473732, -0.9996412396430969, 1.4813041687011719], [0.9999274611473083, 0.009174204431474209, 0.007801731117069721, -1.5794677734375], [0.0, 0.0, 0.0, 1.0]], [[-0.8443644642829895, -0.5353018641471863, -0.0223747156560421, 0.990966796875], [0.01569189317524433, 0.017035316675901413, -0.9997317790985107, 1.4949150085449219], [0.5355393886566162, -0.8444890379905701, -0.005984119139611721, -1.213134765625], [0.0, 0.0, 0.0, 1.0]], [[0.9478715062141418, 0.3186490833759308, 0.0015748823061585426, -1.1463623046875], [-0.00926245003938675, 0.032492153346538544, -0.9994291067123413, 1.5620646476745605], [-0.31851834058761597, 0.9473156929016113, 0.03374985605478287, -0.15531158447265625], [0.0, 0.0, 0.0, 1.0]], [[0.009462305344641209, 0.9996477961540222, 0.024793041869997978, -0.02874755859375], [-0.007302016485482454, 0.024862566962838173, -0.999664187431