[{"images": ["samples/CAM_FRONT_LEFT/n008-2018-07-27-12-07-38-0400__CAM_FRONT_LEFT__1532708686005279.jpg", "samples/CAM_FRONT/n008-2018-07-27-12-07-38-0400__CAM_FRONT__1532708686012404.jpg", "samples/CAM_FRONT_RIGHT/n008-2018-07-27-12-07-38-0400__CAM_FRONT_RIGHT__1532708686020482.jpg", "samples/CAM_BACK_LEFT/n008-2018-07-27-12-07-38-0400__CAM_BACK_LEFT__1532708686047405.jpg", "samples/CAM_BACK/n008-2018-07-27-12-07-38-0400__CAM_BACK__1532708686037558.jpg", "samples/CAM_BACK_RIGHT/n008-2018-07-27-12-07-38-0400__CAM_BACK_RIGHT__1532708686028113.jpg"], "intrinsics": [[[1257.8625342125129, 0.0, 827.2410631095686], [0.0, 1257.8625342125129, 450.915498205774], [0.0, 0.0, 1.0]], [[1252.8131021185304, 0.0, 826.588114781398], [0.0, 1252.8131021185304, 469.9846626224581], [0.0, 0.0, 1.0]], [[1256.7485116440405, 0.0, 817.7887570959712], [0.0, 1256.7485116440403, 451.9541780095127], [0.0, 0.0, 1.0]], [[1254.9860565800168, 0.0, 829.5769333630991], [0.0, 1254.9860565800168, 467.1680561863987], [0.0, 0.0, 1.0]], [[796.8910634503094, 0.0, 857.7774326863696], [0.0, 796.8910634503094, 476.8848988407415], [0.0, 0.0, 1.0]], [[1249.9629280788233, 0.0, 825.3768045375984], [0.0, 1249.9629280788233, 462.54816385708756], [0.0, 0.0, 1.0]]], "extrinsics": [[[0.8222582936286926, -0.5684440732002258, -0.02761714719235897, -1.0050048828125], [0.01819709688425064, 0.07476194947957993, -0.9970353841781616, 1.4883041381835938], [0.568823516368866, 0.8193180561065674, 0.07181766629219055, -1.333251953125], [0.0, 0.0, 0.0, 1.0]], [[0.009915969334542751, -0.9974653124809265, -0.0704604908823967, 0.0054931640625], [0.02015642076730728, 0.07064902037382126, -0.9972975850105286, 1.48016357421875], [0.9997475743293762, 0.00846898090094328, 0.020805884152650833, -1.734710693359375], [0.0, 0.0, 0.0, 1.0]], [[-0.8439954519271851, -0.5333174467086792, -0.05695738643407822, 1.0906982421875], [0.028179962188005447, 0.06195473298430443, -0.9976810216903687, 1.4930648803710938], [0.5356095433235168, -0.8436433672904968, -0.03726065158843994, -1.277587890625], [0.0, 0.0, 0.0, 1.0]], [[0.9479993581771851, 0.31710848212242126, 0.027195129543542862, -1.1439208984375], [0.002804658841341734, 0.07711941748857498, -0.9970179200172424, 1.562042236328125], [-0.318260133266449, 0.945248544216156, 0.07221977412700653, -0.1561279296875], [0.0, 0.0, 0.0, 1.0]], [[0.00957152433693409, 0.9975247383117676, 0.06966157257556915, -0.0286865234375], [0.004929519258439541, 0.06961685419082642, -0.9975616335868835, 1.5680618286132812], [-0.9999420046806335, 0.009891548193991184, -0.004250974860042334, 0.044219970703125], [0.0, 0.0, 0.0, 1.0]], [[-0.9234631061553955, 0.3835667371749878, 0.009608596563339233, 1.1605224609375], [0.009106241166591644, 0.04694588482379913, -0.9988558888435364, 1.5478134155273438], [-0.3835790455341339, -0.9223191738128662, -0.04684564098715782, -0.043701171875], [0.0, 0.0, 0.0, 1.0]]], "view": [[0.0, -2.0, 100.0], [-2.0, 0.0, 100.0], [0.0, 0.0, 1.0]], "bev": "bev_edc6ed72702c4ed6acbcc670ad00e0b3.png", "aux": "aux_edc6ed72702c4ed6acbcc670ad00e0b3.npz", "visibility": "visibility_edc6ed72702c4ed6acbcc670ad00e0b3.png", "pose": [[0.7229959964752197, 0.6908522248268127, 0.0, 782.4752807617188], [-0.6908522248268127, 0.7229959964752197, 0.0, 1489.1392822265625], [0.0, 0.0, 1.0, 0.0], [0.0, 0.0, 0.0, 1.0]], "pose_inverse": [[0.7229959964752197, -0.6908522248268127, 0.0, 463.0487060546875], [0.6908522248268127, 0.7229959964752197, 0.0, -1617.216552734375], [0.0, 0.0, 1.0, 0.0], [0.0, 0.0, 0.0, 1.0]], "cam_ids": [0, 1, 2, 3, 4, 5], "cam_channels": ["CAM_FRONT_LEFT", "CAM_FRONT", "CAM_FRONT_RIGHT", "CAM_BACK_LEFT", "CAM_BACK", "CAM_BACK_RIGHT"], "token": "edc6ed72702c4ed6acbcc670ad00e0b3", "scene": "scene-0240"}, {"images": ["samples/CAM_FRONT_LEFT/n008-2018-07-27-12-07-38-0400__CAM_FRONT_LEFT__1532708686504799.jpg", "samples/CAM_FRONT/n008-2018-07-27-12-07-38-0400__CAM_FRONT__1532708686512404.jpg", "samples/CAM_FRONT_RIGHT/n008-2018-07-27-12-07-38-0400__CAM_FRONT_RIGHT__1532708686520482.jpg", "samples/CAM_BACK_LEFT/n008-2018-07-27-12-07-38-0400__CAM_BACK_LEFT__1532708686547405.jpg", "samples/CAM_BACK/n008-2018-07-27-12-07-38-0400__CAM_BACK__1532708686537558.jpg", "samples/CAM_BACK_RIGHT/n008-2018-07-27-12-07-38-0400__CAM_BACK_RIGHT__1532708686528113.jpg"], "intrinsics": [[[1257.8625342125129, 0.0, 827.2410631095686], [0.0, 1257.8625342125129, 450.915498205774], [0.0, 0.0, 1.0]], [[1252.8131021185304, 0.0, 826.588114781398], [0.0, 1252.8131021185304, 469.9846626224581], [0.0, 0.0, 1.0]], [[1256.7485116440405, 0.0, 817.7887570959712], [0.0, 1256.7485116440403, 451.9541780095127], [0.0, 0.0, 1.0]], [[1254.9860565800168, 0.0, 829.5769333630991], [0.0, 1254.9860565800168, 467.1680561863987], [0.0, 0.0, 1.0]], [[796.8910634503094, 0.0, 857.7774326863696], [0.0, 796.8910634503094, 476.8848988407415], [0.0, 0.0, 1.0]], [[1249.9629280788233, 0.0, 825.3768045375984], [0.0, 1249.9629280788233, 462.54816385708756], [0.0, 0.0, 1.0]]], "extrinsics": [[[0.8222614526748657, -0.5684390068054199, -0.027624979615211487, -1.0048828125], [0.018195925280451775, 0.07477471232414246, -0.9970343708992004, 1.4882965087890625], [0.568818986415863, 0.8193203210830688, 0.07182764261960983, -1.33349609375], [0.0, 0.0, 0.0, 1.0]], [[0.009918257594108582, -0.9974645972251892, -0.0704706683754921, 0.00537109375], [0.02015490084886551, 0.07065923511981964, -0.9972968697547913, 1.48016357421875], [0.9997475743293762, 0.008471071720123291, 0.020804613828659058, -1.734710693359375], [0.0, 0.0, 0.0, 1.0]], [[-0.8439963459968567, -0.5333159565925598, -0.056959446519613266, 1.0906982421875], [0.028177620843052864, 0.061962392181158066, -0.9976806044578552, 1.4930648803710938], [0.5356082916259766, -0.8436437845230103, -0.03726845979690552, -1.2774658203125], [0.0, 0.0, 0.0, 1.0]], [[0.9480007886886597, 0.317105770111084, 0.02717547118663788, -1.1438674926757812], [0.002782464027404785, 0.07712457329034805, -0.9970175623893738, 1.5620346069335938], [-0.3182559609413147, 0.9452490210533142, 0.07223182171583176, -0.1561279296875], [0.0, 0.0, 0.0, 1.0]], [[0.009572458453476429, 0.9975243210792542, 0.0696689710021019, -0.0289306640625], [0.00491953082382679, 0.06962433457374573, -0.9975610971450806, 1.56805419921875], [-0.9999421238899231, 0.009891758672893047, -0.00424087792634964, 0.044219970703125], [0.0, 0.0, 0.0, 1.0]], [[-0.9234626889228821, 0.3835676908493042, 0.009610847570002079, 1.16064453125], [0.00910407304763794, 0.04694640636444092, -0.9988558888435364, 1.5478057861328125], [-0.3835800290107727, -0.9223187565803528, -0.04684528708457947, -0.043701171875], [0.0, 0.0, 0.0, 1.0]]], "view": [[0.0, -2.0, 100.0], [-2.0, 0.0, 100.0], [0.0, 0.0, 1.0]], "bev": "bev_e688bc7aad3a4bb78a9600f9d6a37a6a.png", "aux": "aux_e688bc7aad3a4bb78a9600f9d6a37a6a.npz", "visibility": "visibility_e688bc7aad3a4bb78a9600f9d6a37a6a.png", "pose": [[0.7229758501052856, 0.6908733248710632, 0.0, 782.4752807617188], [-0.6908733248710632, 0.7229758501052856, 0.0, 1489.1392822265625], [0.0, 0.0, 1.0, 0.0], [0.0, 0.0, 0.0, 1.0]], "pose_inverse": [[0.7229758501052856, -0.6908733248710632, 0.0, 463.0958557128906], [0.6908733248710632, 0.7229758501052856, 0.0, -1617.2030029296875], [0.0, 0.0, 1.0, 0.0], [0.0, 0.0, 0.0, 1.0]], "cam_ids": [0, 1, 2, 3, 4, 5], "cam_channels": ["CAM_FRONT_LEFT", "CAM_FRONT", "CAM_FRONT_RIGHT", "CAM_BACK_LEFT", "CAM_BACK", "CAM_BACK_RIGHT"], "token": "e688bc7aad3a4bb78a9600f9d6a37a6a", "scene": "scene-0240"}, {"images": ["samples/CAM_FRONT_LEFT/n008-2018-07-27-12-07-38-0400__CAM_FRONT_LEFT__1532708687004799.jpg", "samples/CAM_FRONT/n008-2018-07-27-12-07-38-0400__CAM_FRONT__1532708687012404.jpg", "samples/CAM_FRONT_RIGHT/n008-2018-07-27-12-07-38-0400__CAM_FRONT_RIGHT__1532708687020482.jpg", "samples/CAM_BACK_LEFT/n008-2018-07-27-12-07-38-0400__CAM_BACK_LEFT__1532708687047405.jpg", "samples/CAM_BACK/n008-2018-07-27-12-07-38-0400__CAM_BACK__1532708687037558.jpg", "samples/CAM_BACK_RIGHT/n008-2018-07-27-12-07-38-0400__CAM_BACK_RIGHT__1532708687028113.jpg"], "intrinsics": [[[1257.8625342125129, 0.0, 827.2410631095686], [0.0, 1257.8625342125129, 450.915498205774], [0.0, 0.0, 1.0]], [[1252.8131021185304, 0.0, 826.588114781398], [0.0, 1252.8131021185304, 469.9846626224581], [0.0, 0.0, 1.0]], [[1256.7485116440405, 0.0, 817.7887570959712], [0.0, 1256.7485116440403, 451.9541780095127], [0.0, 0.0, 1.0]], [[1254.9860565800168, 0.0, 829.5769333630991], [0.0, 1254.9860565800168, 467.1680561863987], [0.0, 0.0, 1.0]], [[796.8910634503094, 0.0, 857.7774326863696], [0.0, 796.8910634503094, 476.8848988407415], [0.0, 0.0, 1.0]], [[1249.9629280788233, 0.0, 825.3768045375984], [0.0, 1249.9629280788233, 462.54816385708756], [0.0, 0.0, 1.0]]], "extrinsics": [[[0.8222741484642029, -0.5684181451797485, -0.02767663449048996, -1.0048828125], [0.018175780773162842, 0.07483910024166107, -0.9970299601554871, 1.4882888793945312], [0.5688012838363647, 0.8193289041519165, 0.07186970114707947, -1.3333740234375], [0.0, 0.0, 0.0, 1.0]], [[0.009936205111443996, -0.9974591732025146, -0.07054366916418076, 0.0054931640625], [0.02014205791056156, 0.0707324892282486, -0.9972919821739197, 1.48016357421875], [0.9997477531433105, 0.008488419465720654, 0.020793695002794266, -1.7347412109375], [0.0, 0.0, 0.0, 1.0]], [[-0.8439890146255493, -0.5333231687545776, -0.05699994042515755, 1.09063720703125], [0.02817256562411785, 0.0620451420545578, -0.9976755976676941, 1.493072509765625], [0.5356201529502869, -0.8436330556869507, -0.03734033927321434, -1.277587890625], [0.0, 0.0, 0.0, 1.0]], [[0.9479990601539612, 0.317108690738678, 0.02719983644783497, -1.14385986328125], [0.002775120548903942, 0.07722179591655731, -0.9970100522041321, 1.562042236328125], [-0.3182610273361206, 0.9452400803565979, 0.0723261833190918, -0.15625], [0.0, 0.0, 0.0, 1.0]], [[0.009569377638399601, 0.9975183010101318, 0.06975439935922623, -0.0286865234375], [0.004903023596853018, 0.06970994919538498, -0.9975551962852478, 1.5680618286132812], [-0.9999422430992126, 0.00988797191530466, -0.004223776049911976, 0.04425048828125], [0.0, 0.0, 0.0, 1.0]], [[-0.9234663844108582, 0.3835577666759491, 0.009649397805333138, 1.16064453125], [0.009098495356738567, 0.04703456163406372, -0.9988518357276917, 1.5478134155273438], [-0.38357120752334595, -0.9223183393478394, -0.046924639493227005, -0.043701171875], [0.0, 0.0, 0.0, 1.0]]], "view": [[0.0, -2.0, 100.0], [-2.0, 0.0, 100.0], [0.0, 0.0, 1.0]], "bev": "bev_9846ee2bb4184e72aead3191d4d780d7.png", "aux": "aux_9846ee2bb4184e72aead3191d4d780d7.npz", "visibility": "visibility_9846ee2bb4184e72aead3191d4d780d7.png", "pose": [[0.7229652404785156, 0.6908844113349915, 0.0, 782.4752807617188], [-0.6908844113349915, 0.7229652404785156, 0.0, 1489.1392822265625], [0.0, 0.0, 1.0, 0.0], [0.0, 0.0, 0.0, 1.0]], "pose_inverse": [[0.7229652404785156, -0.6908844113349915, 0.0, 463.12066650390625], [0.6908844113349915, 0.7229652404785156, 0.0, -1617.1959228515625], [0.0, 0.0, 1.0, 0.0], [0.0, 0.0, 0.0, 1.0]], "cam_ids": [0, 1, 2, 3, 4, 5], "cam_channels": ["CAM_FRONT_LEFT", "CAM_FRONT", "CAM_FRONT_RIGHT", "CAM_BACK_LEFT", "CAM_BACK", "CAM_BACK_RIGHT"], "token": "9846ee2bb4184e72aead3191d4d780d7", "scene": "scene-0240"}, {"images": ["samples/CAM_FRONT_LEFT/n008-2018-07-27-12-07-38-0400__CAM_FRONT_LEFT__1532708687504799.jpg", "samples/CAM_FRONT/n008-2018-07-27-12-07-38-0400__CAM_FRONT__1532708687512404.jpg", "samples/CAM_FRONT_RIGHT/n008-2018-07-27-12-07-38-0400__CAM_FRONT_RIGHT__1532708687520482.jpg", "samples/CAM_BACK_LEFT/n008-2018-07-27-12-07-38-0400__CAM_BACK_LEFT__1532708687547405.jpg", "samples/CAM_BACK/n008-2018-07-27-12-07-38-0400__CAM_BACK__1532708687537558.jpg", "samples/CAM_BACK_RIGHT/n008-2018-07-27-12-07-38-0400__CAM_BACK_RIGHT__1532708687528113.jpg"], "intrinsics": [[[1257.8625342125129, 0.0, 827.2410631095686], [0.0, 1257.8625342125129, 450.915498205774], [0.0, 0.0, 1.0]], [[1252.8131021185304, 0.0, 826.588114781398], [0.0, 1252.8131021185304, 469.9846626224581], [0.0, 0.0, 1.0]], [[1256.7485116440405, 0.0, 817.7887570959712], [0.0, 1256.7485116440403, 451.9541780095127], [0.0, 0.0, 1.0]], [[1254.9860565800168, 0.0, 829.5769333630991], [0.0, 1254.9860565800168, 467.1680561863987], [0.0, 0.0, 1.0]], [[796.8910634503094, 0.0, 857.7774326863696], [0.0, 796.8910634503094, 476.8848988407415], [0.0, 0.0, 1.0]], [[1249.9629280788233, 0.0, 825.3768045375984], [0.0, 1249.9629280788233, 462.54816385708756], [0.0, 0.0, 1.0]]], "extrinsics": [[[0.8222364187240601, -0.5684674978256226, -0.027783211320638657, -1.0050048828125], [0.018078425899147987, 0.07487745583057404, -0.9970288276672363, 1.4883041381835938], [0.5688588619232178, 0.8192911744117737, 0.07184397429227829, -1.33349609375], [0.0, 0.0, 0.0, 1.0]], [[0.009876061230897903, -0.9974570274353027, -0.07058289647102356, 0.0052490234375], [0.020033331587910652, 0.0707695409655571, -0.9972915053367615, 1.4801712036132812], [0.9997504949569702, 0.008435308933258057, 0.020681310445070267, -1.734649658203125], [0.0, 0.0, 0.0, 1.0]], [[-0.8440188765525818, -0.5332849025726318, -0.05691497400403023, 1.09063720703125], [0.02805163711309433, 0.062080588191747665, -0.9976767897605896, 1.493072509765625], [0.5355793237686157, -0.8436546325683594, -0.03743767365813255, -1.2774658203125], [0.0, 0.0, 0.0, 1.0]], [[0.9480045437812805, 0.3171007037162781, 0.027102990075945854, -1.1438751220703125], [0.002659003948792815, 0.07726605981588364, -0.9970069527626038, 1.5620498657226562], [-0.3182457387447357, 0.9452391266822815, 0.07240540534257889, -0.1561279296875], [0.0, 0.0, 0.0, 1.0]], [[0.009593571536242962, 0.9975149631500244, 0.06979740411043167, -0.029052734375], [0.00478747533634305, 0.06975399702787399, -0.9975526928901672, 1.5680618286132812], [-0.9999424815177917, 0.00990423746407032, -0.004106390755623579, 0.044281005859375], [0.0, 0.0, 0.0, 1.0]], [[-0.9234533905982971, 0.38358595967292786, 0.009774230420589447, 1.16064453125], [0.008981033228337765, 0.047073062509298325, -0.9988510608673096, 1.547821044921875], [-0.38360539078712463, -0.922304630279541, -0.046914778649806976, -0.0435791015625], [0.0, 0.0, 0.0, 1.0]]], "view": [[0.0, -2.0, 100.0], [-2.0, 0.0, 100.0], [0.0, 0.0, 1.0]], "bev": "bev_deafb3d29d3c4094b2ee0862d8cbc73d.png", "aux": "aux_deafb3d29d3c4094b2ee0862d8cbc73d.npz", "visibility": "visibility_deafb3d29d3c4094b2ee0862d8cbc73d.png", "pose": [[0.7230079174041748, 0.6908397078514099, 0.0, 782.4752807617188], [-0.6908397078514099, 0.7230079174041748, 0.0, 1489.1392822265625], [0.0, 0.0, 1.0, 0.0], [0.0, 0.0, 0.0, 1.0]], "pose_inverse": [[0.7230079174041748, -0.6908397078514099, 0.0, 463.0207214355469], [0.6908397078514099, 0.7230079174041748, 0.0, -1617.2244873046875], [0.0, 0.0, 1.0, 0.0], [0.0, 0.0, 0.0, 1.0]], "cam_ids": [0, 1, 2, 3, 4, 5], "cam_channels": ["CAM_FRONT_LEFT", "CAM_FRONT", "CAM_FRONT_RIGHT", "CAM_BACK_LEFT", "CAM_BACK", "CAM_BACK_RIGHT"], "token": "deafb3d29d3c4094b2ee0862d8cbc73d", "scene": "scene-0240"}, {"images": ["samples/CAM_FRONT_LEFT/n008-2018-07-27-12-07-38-0400__CAM_FRONT_LEFT__1532708688004799.jpg", "samples/CAM_FRONT/n008-2018-07-27-12-07-38-0400__CAM_FRONT__1532708688012404.jpg", "samples/CAM_FRONT_RIGHT/n008-2018-07-27-12-07-38-0400__CAM_FRONT_RIGHT__1532708688020482.jpg", "samples/CAM_BACK_LEFT/n008-2018-07-27-12-07-38-0400__CAM_BACK_LEFT__1532708688047405.jpg", "samples/CAM_BACK/n008-2018-07-27-12-07-38-0400__CAM_BACK__1532708688037558.jpg", "samples/CAM_BACK_RIGHT/n008-2018-07-27-12-07-38-0400__CAM_BACK_RIGHT__1532708688028113.jpg"], "intrinsics": [[[1257.8625342125129, 0.0, 827.2410631095686], [0.0, 1257.8625342125129, 450.915498205774], [0.0, 0.0, 1.0]], [[1252.8131021185304, 0.0, 826.588114781398], [0.0, 1252.8131021185304, 469.9846626224581], [0.0, 0.0, 1.0]], [[1256.7485116440405, 0.0, 817.7887570959712], [0.0, 1256.7485116440403, 451.9541780095127], [0.0, 0.0, 1.0]], [[1254.9860565800168, 0.0, 829.5769333630991], [0.0, 1254.9860565800168, 467.1680561863987], [0.0, 0.0, 1.0]], [[796.8910634503094, 0.0, 857.7774326863696], [0.0, 796.8910634503094, 476.8848988407415], [0.0, 0.0, 1.0]], [[1249.9629280788233, 0.0, 825.3768045375984], [0.0, 1249.9629280788233, 462.54816385708756], [0.0, 0.0, 1.0]]], "extrinsics": [[[0.8222476243972778, -0.5684477686882019, -0.027858810499310493, -1.0050048828125], [0.01801285147666931, 0.07491806149482727, -0.9970269799232483, 1.4882888793945312], [0.5688448548316956, 0.819301187992096, 0.0718405619263649, -1.3333740234375], [0.0, 0.0, 0.0, 1.0]], [[0.009892851114273071, -0.9974535703659058, -0.07062928378582001, 0.00537109375], [0.01997252367436886, 0.07081574946641922, -0.9972894787788391, 1.48016357421875], [0.9997515678405762, 0.008455402217805386, 0.020622236654162407, -1.734710693359375], [0.0, 0.0, 0.0, 1.0]], [[-0.8440116047859192, -0.5332983136177063, -0.05689655616879463, 1.090667724609375], [0.027995964512228966, 0.06213287636637688, -0.9976751208305359, 1.493072509765625], [0.5355936884880066, -0.8436422944068909, -0.03751067444682121, -1.277587890625], [0.0, 0.0, 0.0, 1.0]], [[0.9480058550834656, 0.31709933280944824, 0.02707175351679325, -1.1439361572265625], [0.0026167347095906734, 0.07729435712099075, -0.9970049262046814, 1.562042236328125], [-0.3182421028614044, 0.9452373385429382, 0.07244573533535004, -0.1561279296875], [0.0, 0.0, 0.0, 1.0]], [[0.00958935171365738, 0.9975126385688782, 0.06983288377523422, -0.02880859375], [0.0047377911396324635, 0.06978998333215714, -0.9975504279136658, 1.5680618286132812], [-0.9999428391456604, 0.009896586649119854, -0.004056766629219055, 0.044189453125], [0.0, 0.0, 0.0, 1.0]], [[-0.9234582781791687, 0.38357242941856384, 0.009843157604336739, 1.16064453125], [0.008924232795834541, 0.04711753875017166, -0.9988494515419006, 1.5478057861328125], [-0.38359490036964417, -0.922308087348938, -0.04693417623639107, -0.0438232421875], [0.0, 0.0, 0.0, 1.0]]], "view": [[0.0, -2.0, 100.0], [-2.0, 0.0, 100.0], [0.0, 0.0, 1.0]], "bev": "bev_031c2b42eb564cae9a7610f5b21829aa.png", "aux": "aux_031c2b42eb564cae9a7610f5b21829aa.npz", "visibility": "visibility_031c2b42eb564cae9a7610f5b21829aa.png", "pose": [[0.7230672240257263, 0.6907776594161987, 0.0, 782.4752807617188], [-0.6907776594161987, 0.7230672240257263, 0.0, 1489.1392822265625], [0.0, 0.0, 1.0, 0.0], [0.0, 0.0, 0.0, 1.0]], "pose_inverse": [[0.7230672240257263, -0.6907776594161987, 0.0, 462.8819580078125], [0.6907776594161987, 0.7230672240257263, 0.0, -1617.2642822265625], [0.0, 0.0, 1.0, 0.0], [0.0, 0.0, 0.0, 1.0]], "cam_ids": [0, 1, 2, 3, 4, 5], "cam_channels": ["CAM_FRONT_LEFT", "CAM_FRONT", "CAM_FRONT_RIGHT", "CAM_BACK_LEFT", "CAM_BACK", "CAM_BACK_RIGHT"], "token": "031c2b42eb564cae9a7610f5b21829aa", "scene": "scene-0240"}, {"images": ["samples/CAM_FRONT_LEFT/n008-2018-07-27-12-07-38-0400__CAM_FRONT_LEFT__1532708688504799.jpg", "samples/CAM_FRONT/n008-2018-07-27-12-07-38-0400__CAM_FRONT__1532708688512404.jpg", "samples/CAM_FRONT_RIGHT/n008-2018-07-27-12-07-38-0400__CAM_FRONT_RIGHT__1532708688520482.jpg", "samples/CAM_BACK_LEFT/n008-2018-07-27-12-07-38-0400__CAM_BACK_LEFT__1532708688547405.jpg", "samples/CAM_BACK/n008-2018-07-27-12-07-38-0400__CAM_BACK__1532708688537558.jpg", "samples/CAM_BACK_RIGHT/n008-2018-07-27-12-07-38-0400__CAM_BACK_RIGHT__1532708688528113.jpg"], "intrinsics": [[[1257.8625342125129, 0.0, 827.2410631095686], [0.0, 1257.8625342125129, 450.915498205774], [0.0, 0.0, 1.0]], [[1252.8131021185304, 0.0, 826.588114781398], [0.0, 1252.8131021185304, 469.9846626224581], [0.0, 0.0, 1.0]], [[1256.7485116440405, 0.0, 817.7887570959712], [0.0, 1256.7485116440403, 451.9541780095127], [0.0, 0.0, 1.0]], [[1254.9860565800168, 0.0, 829.5769333630991], [0.0, 1254.9860565800168, 467.1680561863987], [0.0, 0.0, 1.0]], [[796.8910634503094, 0.0, 857.7774326863696], [0.0, 796.8910634503094, 476.8848988407415], [0.0, 0.0, 1.0]], [[1249.9629280788233, 0.0, 825.3768045375984], [0.0, 1249.9629280788233, 462.54816385708756], [0.0, 0.0, 1.0]]], "extrinsics": [[[0.8222561478614807, -0.5684348940849304, -0.027872655540704727, -1.005126953125], [0.017952892929315567, 0.07485787570476532, -0.9970325827598572, 1.4882888793945312], [0.5688346028327942, 0.8193157911300659, 0.07175739109516144, -1.3333740234375], [0.0, 0.0, 0.0, 1.0]], [[0.009904135949909687, -0.9974582195281982, -0.07056257128715515, 0.0054931640625], [0.019907020032405853, 0.07074873149394989, -0.9972955584526062, 1.48016357421875], [0.9997527599334717, 0.008472797460854053, 0.020557131618261337, -1.734619140625], [0.0, 0.0, 0.0, 1.0]], [[-0.844008207321167, -0.5333144068717957, -0.05679703503847122, 1.090484619140625], [0.02792459912598133, 0.06205866485834122, -0.997681736946106, 1.493072509765625], [0.5356028079986572, -0.8436377048492432, -0.03748543560504913, -1.2777099609375], [0.0, 0.0, 0.0, 1.0]], [[0.9480046033859253, 0.3171124756336212, 0.026965849101543427, -1.1438980102539062], [0.002521841088309884, 0.07724225521087646, -0.9970091581344604, 1.562042236328125], [-0.31824690103530884, 0.9452372193336487, 0.07242630422115326, -0.15625], [0.0, 0.0, 0.0, 1.0]], [[0.009587839245796204, 0.9975169897079468, 0.06977150589227676, -0.02880859375], [0.004644279833883047, 0.06972954422235489, -0.9975550770759583, 1.5680618286132812], [-0.9999432563781738, 0.009888418950140476, -0.003964193165302277, 0.04425048828125], [0.0, 0.0, 0.0, 1.0]], [[-0.9234619140625, 0.38356277346611023, 0.009886103682219982, 1.16064453125], [0.008847142569720745, 0.04704516381025314, -0.9988535642623901, 1.5478134155273438], [-0.38358810544013977, -0.922315776348114, -0.04683784767985344, -0.043701171875], [0.0, 0.0, 0.0, 1.0]]], "view": [[0.0, -2.0, 100.0], [-2.0, 0.0, 100.0], [0.0, 0.0, 1.0]], "bev": "bev_0992ab42a9f04431adbf3650cccc42ac.png", "aux": "aux_0992ab42a9f04431adbf3650cccc42ac.npz", "visibility": "visibility_0992ab42a9f04431adbf3650cccc42ac.png", "pose": [[0.7230018973350525, 0.6908460855484009, 0.0, 782.4752807617188], [-0.6908460855484009, 0.7230018973350525, 0.0, 1489.1392822265625], [0.0, 0.0, 1.0, 0.0], [0.0, 0.0, 0.0, 1.0]], "pose_inverse": [[0.7230018973350525, -0.6908460855484009, 0.0, 463.034912109375], [0.6908460855484009, 0.7230018973350525, 0.0, -1617.220458984375], [0.0, 0.0, 1.0, 0.0], [0.0, 0.0, 0.0, 1.0]], "cam_ids": [0, 1, 2, 3, 4, 5], "cam_channels": ["CAM_FRONT_LEFT", "CAM_FRONT", "CAM_FRONT_RIGHT", "CAM_BACK_LEFT", "CAM_BACK", "CAM_BACK_RIGHT"], "token": "0992ab42a9f04431adbf3650cccc42ac", "scene": "scene-0240"}, {"images": ["samples/CAM_FRONT_LEFT/n008-2018-07-27-12-07-38-0400__CAM_FRONT_LEFT__1532708689004799.jpg", "samples/CAM_FRONT/n008-2018-07-27-12-07-38-0400__CAM_FRONT__1532708689012404.jpg", "samples/CAM_FRONT_RIGHT/n008-2018-07-27-12-07-38-0400__CAM_FRONT_RIGHT__1532708689020482.jpg", "samples/CAM_BACK_LEFT/n008-2018-07-27-12-07-38-0400__CAM_BACK_LEFT__1532708689047405.jpg", "samples/CAM_BACK/n008-2018-07-27-12-07-38-0400__CAM_BACK__1532708689037558.jpg", "samples/CAM_BACK_RIGHT/n008-2018-07-27-12-07-38-0400__CAM_BACK_RIGHT__1532708689028113.jpg"], "intrinsics": [[[1257.8625342125129, 0.0, 827.2410631095686], [0.0, 1257.8625342125129, 450.915498205774], [0.0, 0.0, 1.0]], [[1252.8131021185304, 0.0, 826.588114781398], [0.0, 1252.8131021185304, 469.9846626224581], [0.0, 0.0, 1.0]], [[1256.7485116440405, 0.0, 817.7887570959712], [0.0, 1256.7485116440403, 451.9541780095127], [0.0, 0.0, 1.0]], [[1254.9860565800168, 0.0, 829.5769333630991], [0.0, 1254.9860565800168, 467.1680561863987], [0.0, 0.0, 1.0]], [[796.8910634503094, 0.0, 857.7774326863696], [0.0, 796.8910634503094, 476.8848988407415], [0.0, 0.0, 1.0]], [[1249.9629280788233, 0.0, 825.3768045375984], [0.0, 1249.9629280788233, 462.54816385708756], [0.0, 0.0, 1.0]]], "extrinsics": [[[0.8222615122795105, -0.5684248208999634, -0.027914922684431076, -1.0050048828125], [0.017894180491566658, 0.07484864443540573, -0.9970343112945557, 1.4882965087890625], [0.5688285231590271, 0.8193234205245972, 0.07171665877103806, -1.3333740234375], [0.0, 0.0, 0.0, 1.0]], [[0.009910124354064465, -0.997458815574646, -0.07055307924747467, 0.00537109375], [0.01984696462750435, 0.07073885202407837, -0.9972974061965942, 1.48016357421875], [0.9997538328170776, 0.00848312396556139, 0.020497562363743782, -1.734710693359375], [0.0, 0.0, 0.0, 1.0]], [[-0.8440075516700745, -0.5333215594291687, -0.0567396879196167, 1.090606689453125], [0.027863124385476112, 0.06204812228679657, -0.997684121131897, 1.4930648803710938], [0.5356070399284363, -0.8436339497566223, -0.03750908747315407, -1.277587890625], [0.0, 0.0, 0.0, 1.0]], [[0.9480042457580566, 0.3171168267726898, 0.026921236887574196, -1.1439285278320312], [0.002488472731783986, 0.07720094919204712, -0.9970124363899231, 1.5620346069335938], [-0.31824785470962524, 0.9452390074729919, 0.07239770144224167, -0.1561279296875], [0.0, 0.0, 0.0, 1.0]], [[0.009586102329194546, 0.9975190758705139, 0.06974095851182938, -0.02880859375], [0.004611948039382696, 0.06969930976629257, -0.9975573420524597, 1.5680618286132812], [-0.9999434351921082, 0.009884251281619072, -0.003932362888008356, 0.044219970703125], [0.0, 0.0, 0.0, 1.0]], [[-0.923463761806488, 0.3835570514202118, 0.009928773157298565, 1.16064453125], [0.008797181770205498, 0.047036752104759216, -0.998854398727417, 1.5478134155273438], [-0.3835846483707428, -0.9223184585571289, -0.04681096225976944, -0.0438232421875], [0.0, 0.0, 0.0, 1.0]]], "view": [[0.0, -2.0, 100.0], [-2.0, 0.0, 100.0], [0.0, 0.0, 1.0]], "bev": "bev_321554918f6d4df2bfe72640ad05879c.png", "aux": "aux_321554918f6d4df2bfe72640ad05879c.npz", "visibility": "visibility_321554918f6d4df2bfe72640ad05879c.png", "pose": [[0.7230055928230286, 0.6908421516418457, 0.0, 782.4752807617188], [-0.6908421516418457, 0.7230055928230286, 0.0, 1489.1392822265625], [0.0, 0.0, 1.0, 0.0], [0.0, 0.0, 0.0, 1.0]], "pose_inverse": [[0.7230055928230286, -0.6908421516418457, 0.0, 463.0262145996094], [0.6908421516418457, 0.7230055928230286, 0.0, -1617.222900390625], [0.0, 0.0, 1.0, 0.0], [0.0, 0.0, 0.0, 1.0]], "cam_ids": [0, 1, 2, 3, 4, 5], "cam_channels": ["CAM_FRONT_LEFT", "CAM_FRONT", "CAM_FRONT_RIGHT", "CAM_BACK_LEFT", "CAM_BACK", "CAM_BACK_RIGHT"], "token": "321554918f6d4df2bfe72640ad05879c", "scene": "scene-0240"}, {"images": ["samples/CAM_FRONT_LEFT/n008-2018-07-27-12-07-38-0400__CAM_FRONT_LEFT__1532708689505264.jpg", "samples/CAM_FRONT/n008-2018-07-27-12-07-38-0400__CAM_FRONT__1532708689512404.jpg", "samples/CAM_FRONT_RIGHT/n008-2018-07-27-12-07-38-0400__CAM_FRONT_RIGHT__1532708689520627.jpg", "samples/CAM_BACK_LEFT/n008-2018-07-27-12-07-38-0400__CAM_BACK_LEFT__1532708689547405.jpg", "samples/CAM_BACK/n008-2018-07-27-12-07-38-0400__CAM_BACK__1532708689537558.jpg", "samples/CAM_BACK_RIGHT/n008-2018-07-27-12-07-38-0400__CAM_BACK_RIGHT__1532708689528113.jpg"], "intrinsics": [[[1257.8625342125129, 0.0, 827.2410631095686], [0.0, 1257.8625342125129, 450.915498205774], [0.0, 0.0, 1.0]], [[1252.8131021185304, 0.0, 826.588114781398], [0.0, 1252.8131021185304, 469.9846626224581], [0.0, 0.0, 1.0]], [[1256.7485116440405, 0.0, 817.7887570959712], [0.0, 1256.7485116440403, 451.9541780095127], [0.0, 0.0, 1.0]], [[1254.9860565800168, 0.0, 829.5769333630991], [0.0, 1254.9860565800168, 467.1680561863987], [0.0, 0.0, 1.0]], [[796.8910634503094, 0.0, 857.7774326863696], [0.0, 796.8910634503094, 476.8848988407415], [0.0, 0.0, 1.0]], [[1249.9629280788233, 0.0, 825.3768045375984], [0.0, 1249.9629280788233, 462.54816385708756], [0.0, 0.0, 1.0]]], "extrinsics": [[[0.8222429752349854, -0.5684477090835571, -0.027994399890303612, -1.0050048828125], [0.017838412895798683, 0.07490363717079163, -0.9970312118530273, 1.4882965087890625], [0.5688570141792297, 0.8193025588989258, 0.07172919809818268, -1.3333740234375], [0.0, 0.0, 0.0, 1.0]], [[0.009881017729640007, -0.9974552392959595, -0.07060697674751282, 0.0054931640625], [0.019805317744612694, 0.07079179584980011, -0.9972944855690002, 1.4801559448242188], [0.9997550845146179, 0.008455903269350529, 0.020454414188861847, -1.73468017578125], [0.0, 0.0, 0.0, 1.0]], [[-0.8440209031105042, -0.5332998037338257, -0.0567442923784256, 1.090667724609375], [0.02783762477338314, 0.062098655849695206, -0.9976816773414612, 1.4930648803710938], [0.5355873703956604, -0.8436439037322998, -0.03756676986813545, -1.2777099609375], [0.0, 0.0, 0.0, 1.0]], [[0.9480074644088745, 0.3171083331108093, 0.02690916694700718, -1.143890380859375], [0.0024552985560148954, 0.07726382464170456, -0.9970076680183411, 1.562042236328125], [-0.3182385265827179, 0.9452368021011353, 0.0724680945277214, -0.1561279296875], [0.0, 0.0, 0.0, 1.0]], [[0.009596910327672958, 0.9975152611732483, 0.06979337334632874, -0.02880859375], [0.004581835120916367, 0.06975198537111282, -0.9975537657737732, 1.5680618286132812], [-0.9999434947967529, 0.009893160313367844, -0.0039010473992675543, 0.044281005859375], [0.0, 0.0, 0.0, 1.0]], [[-0.9234572649002075, 0.38357171416282654, 0.009968318045139313, 1.16064453125], [0.008772965520620346, 0.047079432755708694, -0.9988526105880737, 1.5478134155273438], [-0.3836008906364441, -0.9223102331161499, -0.046840909868478775, -0.0435791015625], [0.0, 0.0, 0.0, 1.0]]], "view": [[0.0, -2.0, 100.0], [-2.0, 0.0, 100.0], [0.0, 0.0, 1.0]], "bev": "bev_90cfa6d45db24e95a02cf28635348b8e.png", "aux": "aux_90cfa6d45db24e95a02cf28635348b8e.npz", "visibility": "visibility_90cfa6d45db24e95a02cf28635348b8e.png", "pose": [[0.7230491042137146, 0.6907966136932373, 0.0, 782.4752807617188], [-0.6907966136932373, 0.7230491042137146, 0.0, 1489.1392822265625], [0.0, 0.0, 1.0, 0.0], [0.0, 0.0, 0.0, 1.0]], "pose_inverse": [[0.7230491042137146, -0.6907966136932373, 0.0, 462.9243469238281], [0.6907966136932373, 0.7230491042137146, 0.0, -1617.2520751953125], [0.0, 0.0, 1.0, 0.0], [0.0, 0.0, 0.0, 1.0]], "cam_ids": [0, 1, 2, 3, 4, 5], "cam_channels": ["CAM_FRONT_LEFT", "CAM_FRONT", "CAM_FRONT_RIGHT", "CAM_BACK_LEFT", "CAM_BACK", "CAM_BACK_RIGHT"], "token": "90cfa6d45db24e95a02cf28635348b8e", "scene": "scene-0240"}, {"images": ["samples/CAM_FRONT_LEFT/n008-2018-07-27-12-07-38-0400__CAM_FRONT_LEFT__1532708690004799.jpg", "samples/CAM_FRONT/n008-2018-07-27-12-07-38-0400__CAM_FRONT__1532708690012404.jpg", "samples/CAM_FRONT_RIGHT/n008-2018-07-27-12-07-38-0400__CAM_FRONT_RIGHT__1532708690020482.jpg", "samples/CAM_BACK_LEFT/n008-2018-07-27-12-07-38-0400__CAM_BACK_LEFT__1532708690047405.jpg", "samples/CAM_BACK/n008-2018-07-27-12-07-38-0400__CAM_BACK__1532708690037558.jpg", "samples/CAM_BACK_RIGHT/n008-2018-07-27-12-07-38-0400__CAM_BACK_RIGHT__1532708690028113.jpg"], "intrinsics": [[[1257.8625342125129, 0.0, 827.2410631095686], [0.0, 1257.8625342125129, 450.915498205774], [0.0, 0.0, 1.0]], [[1252.8131021185304, 0.0, 826.588114781398], [0.0, 1252.8131021185304, 469.9846626224581], [0.0, 0.0, 1.0]], [[1256.7485116440405, 0.0, 817.7887570959712], [0.0, 1256.7485116440403, 451.9541780095127], [0.0, 0.0, 1.0]], [[1254.9860565800168, 0.0, 829.5769333630991], [0.0, 1254.9860565800168, 467.1680561863987], [0.0, 0.0, 1.0]], [[796.8910634503094, 0.0, 857.7774326863696], [0.0, 796.8910634503094, 476.8848988407415], [0.0, 0.0, 1.0]], [[1249.9629280788233, 0.0, 825.3768045375984], [0.0, 1249.9629280788233, 462.54816385708756], [0.0, 0.0, 1.0]]], "extrinsics": [[[0.822239875793457, -0.5684488415718079, -0.02806636318564415, -1.0050048828125], [0.017765667289495468, 0.07492437213659286, -0.9970309138298035, 1.4882965087890625], [0.5688638687133789, 0.8192999362945557, 0.0717046707868576, -1.33349609375], [0.0, 0.0, 0.0, 1.0]], [[0.00987242441624403, -0.997452974319458, -0.07064062356948853, 0.00537109375], [0.019723637029528618, 0.07082457095384598, -0.9972937703132629, 1.4801559448242188], [0.9997566938400269, 0.008452401496469975, 0.020372608676552773, -1.734710693359375], [0.0, 0.0, 0.0, 1.0]], [[-0.8440281748771667, -0.5332940816879272, -0.05669037625193596, 1.09063720703125], [0.027745207771658897, 0.06214433163404465, -0.9976814389228821, 1.4930648803710938], [0.5355806350708008, -0.8436442017555237, -0.037655219435691833, -1.2774658203125], [0.0, 0.0, 0.0, 1.0]], [[0.9480102062225342, 0.31710779666900635, 0.026822803542017937, -1.1438980102539062], [0.002342870691791177, 0.07732812315225601, -0.9970029592514038, 1.562042236328125], [-0.31823161244392395, 0.9452317953109741, 0.07256489247083664, -0.156005859375], [0.0, 0.0, 0.0, 1.0]], [[0.009605105035007, 0.9975110292434692, 0.0698537603020668, -0.02880859375], [0.004471105523407459, 0.06981343775987625, -0.9975500106811523, 1.56805419921875], [-0.9999439120292664, 0.009893926791846752, -0.003789406968280673, 0.044281005859375], [0.0, 0.0, 0.0, 1.0]], [[-0.9234554171562195, 0.3835733234882355, 0.010079401545226574, 1.16064453125], [0.008675181306898594, 0.04713299497961998, -0.99885094165802, 1.5478134155273438], [-0.3836076855659485, -0.9223068952560425, -0.04685278609395027, -0.043701171875], [0.0, 0.0, 0.0, 1.0]]], "view": [[0.0, -2.0, 100.0], [-2.0, 0.0, 100.0], [0.0, 0.0, 1.0]], "bev": "bev_e569f2f9b136493aba567cd682f130ce.png", "aux": "aux_e569f2f9b136493aba567cd682f130ce.npz", "visibility": "visibility_e569f2f9b136493aba567cd682f130ce.png", "pose": [[0.7230620980262756, 0.6907830834388733, 0.0, 782.4752807617188], [-0.6907830834388733, 0.7230620980262756, 0.0, 1489.1392822265625], [0.0, 0.0, 1.0, 0.0], [0.0, 0.0, 0.0, 1.0]], "pose_inverse": [[0.7230620980262756, -0.6907830834388733, 0.0, 462.89398193359375], [0.6907830834388733, 0.7230620980262756, 0.0, -1617.2608642578125], [0.0, 0.0, 1.0, 0.0], [0.0, 0.0, 0.0, 1.0]], "cam_ids": [0, 1, 2, 3, 4, 5], "cam_channels": ["CAM_FRONT_LEFT", "CAM_FRONT", "CAM_FRONT_RIGHT", "CAM_BACK_LEFT", "CAM_BACK", "CAM_BACK_RIGHT"], "token": "e569f2f9b136493aba567cd682f130ce", "scene": "scene-0240"}, {"images": ["samples/CAM_FRONT_LEFT/n008-2018-07-27-12-07-38-0400__CAM_FRONT_LEFT__1532708690504883.jpg", "samples/CAM_FRONT/n008-2018-07-27-12-07-38-0400__CAM_FRONT__1532708690512404.jpg", "samples/CAM_FRONT_RIGHT/n008-2018-07-27-12-07-38-0400__CAM_FRONT_RIGHT__1532708690520482.jpg", "samples/CAM_BACK_LEFT/n008-2018-07-27-12-07-38-0400__CAM_BACK_LEFT__1532708690547405.jpg", "samples/CAM_BACK/n008-2018-07-27-12-07-38-0400__CAM_BACK__1532708690537558.jpg", "samples/CAM_BACK_RIGHT/n008-2018-07-27-12-07-38-0400__CAM_BACK_RIGHT__1532708690528113.jpg"], "intrinsics": [[[1257.8625342125129, 0.0, 827.2410631095686], [0.0, 1257.8625342125129, 450.915498205774], [0.0, 0.0, 1.0]], [[1252.8131021185304, 0.0, 826.588114781398], [0.0, 1252.8131021185304, 469.9846626224581], [0.0, 0.0, 1.0]], [[1256.7485116440405, 0.0, 817.7887570959712], [0.0, 1256.7485116440403, 451.9541780095127], [0.0, 0.0, 1.0]], [[1254.9860565800168, 0.0, 829.5769333630991], [0.0, 1254.9860565800168, 467.1680561863987], [0.0, 0.0, 1.0]], [[796.8910634503094, 0.0, 857.7774326863696], [0.0, 796.8910634503094, 476.8848988407415], [0.0, 0.0, 1.0]], [[1249.9629280788233, 0.0, 825.3768045375984], [0.0, 1249.9629280788233, 462.54816385708756], [0.0, 0.0, 1.0]]], "extrinsics": [[[0.8222723007202148, -0.5683959722518921, -0.02818426303565502, -1.005126953125], [0.017661649733781815, 0.07498854398727417, -0.9970279932022095, 1.4882965087890625], [0.5688201785087585, 0.819330632686615, 0.07169982045888901, -1.3333740234375], [0.0, 0.0, 0.0, 1.0]], [[0.009917052462697029, -0.9974491000175476, -0.07068894803524017, 0.0052490234375], [0.01960037089884281, 0.07087275385856628, -0.9972927570343018, 1.4801712036132812], [0.9997587203979492, 0.008504766039550304, 0.020253226161003113, -1.734710693359375], [0.0, 0.0, 0.0, 1.0]], [[-0.8440128564834595, -0.5333294868469238, -0.05658712610602379, 1.090545654296875], [0.027601389214396477, 0.06217566877603531, -0.9976834654808044, 1.4930648803710938], [0.5356122255325317, -0.8436195850372314, -0.03775642812252045, -1.277587890625], [0.0, 0.0, 0.0, 1.0]], [[0.9480113983154297, 0.3171095550060272, 0.02675538696348667, -1.1439437866210938], [0.0022588151041418314, 0.07736676931381226, -0.9970000982284546, 1.5620346069335938], [-0.31822827458381653, 0.9452279210090637, 0.07262829691171646, -0.1561279296875], [0.0, 0.0, 0.0, 1.0]], [[0.009595639072358608, 0.9975089430809021, 0.06988340616226196, -0.0289306640625], [0.004374434240162373, 0.0698440819978714, -0.9975482821464539, 1.5680618286132812], [-0.9999444484710693, 0.009877788834273815, -0.0036933415103703737, 0.044281005859375], [0.0, 0.0, 0.0, 1.0]], [[-0.923466145992279, 0.3835439383983612, 0.01021118089556694, 1.1605224609375], [0.008542078547179699, 0.04715955629944801, -0.9988508224487305, 1.547821044921875], [-0.38358476758003235, -0.9223176836967468, -0.04682651534676552, -0.0438232421875], [0.0, 0.0, 0.0, 1.0]]], "view": [[0.0, -2.0, 100.0], [-2.0, 0.0, 100.0], [0.0, 0.0, 1.0]], "bev": "bev_01c134c8ddbe421c8e30cfe4b358e7ac.png", "aux": "aux_01c134c8ddbe421c8e30cfe4b358e7ac.npz", "visibility": "visibility_01c134c8ddbe421c8e30cfe4b358e7ac.png", "pose": [[0.7230110764503479, 0.6908364295959473, 0.0, 782.4752807617188], [-0.6908364295959473, 0.7230110764503479, 0.0, 1489.1392822265625], [0.0, 0.0, 1.0, 0.0], [0.0, 0.0, 0.0, 1.0]], "pose_inverse": [[0.7230110764503479, -0.6908364295959473, 0.0, 463.013427734375], [0.6908364295959473, 0.7230110764503479, 0.0, -1617.2265625], [0.0, 0.0, 1.0, 0.0], [0.0, 0.0, 0.0, 1.0]], "cam_ids": [0, 1, 2, 3, 4, 5], "cam_channels": ["CAM_FRONT_LEFT", "CAM_FRONT", "CAM_FRONT_RIGHT", "CAM_BACK_LEFT", "CAM_BACK", "CAM_BACK_RIGHT"], "token": "01c134c8ddbe421c8e30cfe4b358e7ac", "scene": "scene-0240"}, {"images": ["samples/CAM_FRONT_LEFT/n008-2018-07-27-12-07-38-0400__CAM_FRONT_LEFT__1532708691004799.jpg", "samples/CAM_FRONT/n008-2018-07-27-12-07-38-0400__CAM_FRONT__1532708691012404.jpg", "samples/CAM_FRONT_RIGHT/n008-2018-07-27-12-07-38-0400__CAM_FRONT_RIGHT__1532708691020482.jpg", "samples/CAM_BACK_LEFT/n008-2018-07-27-12-07-38-0400__CAM_BACK_LEFT__1532708691047405.jpg", "samples/CAM_BACK/n008-2018-07-27-12-07-38-0400__CAM_BACK__1532708691037558.jpg", "samples/CAM_BACK_RIGHT/n008-2018-07-27-12-07-38-0400__CAM_BACK_RIGHT__1532708691028113.jpg"], "intrinsics": [[[1257.8625342125129, 0.0, 827.2410631095686], [0.0, 1257.8625342125129, 450.915498205774], [0.0, 0.0, 1.0]], [[1252.8131021185304, 0.0, 826.588114781398], [0.0, 1252.8131021185304, 469.9846626224581], [0.0, 0.0, 1.0]], [[1256.7485116440405, 0.0, 817.7887570959712], [0.0, 1256.7485116440403, 451.9541780095127], [0.0, 0.0, 1.0]], [[1254.9860565800168, 0.0, 829.5769333630991], [0.0, 1254.9860565800168, 467.1680561863987], [0.0, 0.0, 1.0]], [[796.8910634503094, 0.0, 857.7774326863696], [0.0, 796.8910634503094, 476.8848988407415], [0.0, 0.0, 1.0]], [[1249.9629280788233, 0.0, 825.3768045375984], [0.0, 1249.9629280788233, 462.54816385708756], [0.0, 0.0, 1.0]]], "extrinsics": [[[0.8222322463989258, -0.5684459209442139, -0.028342200443148613, -1.0048828125], [0.017591584473848343, 0.07515580207109451, -0.9970166087150574, 1.4882888793945312], [0.5688800811767578, 0.8192806839942932, 0.07179539650678635, -1.3333740234375], [0.0, 0.0, 0.0, 1.0]], [[0.009858266450464725, -0.9974371790885925, -0.07086394727230072, 0.00537109375], [0.019540004432201385, 0.07104600965976715, -0.9972816109657288, 1.48016357421875], [0.9997604489326477, 0.008446771651506424, 0.020190313458442688, -1.734710693359375], [0.0, 0.0, 0.0, 1.0]], [[-0.8440378308296204, -0.5332841277122498, -0.05663926526904106, 1.090606689453125], [0.02755143493413925, 0.06235521286725998, -0.9976736307144165, 1.4930801391601562], [0.535575270652771, -0.8436349034309387, -0.03793742507696152, -1.2777099609375], [0.0, 0.0, 0.0, 1.0]], [[0.9480146169662476, 0.31710365414619446, 0.02671143226325512, -1.1439361572265625], [0.0021569898817688227, 0.07753334194421768, -0.9969874024391174, 1.562042236328125], [-0.318219393491745, 0.9452162384986877, 0.07281875610351562, -0.15625], [0.0, 0.0, 0.0, 1.0]], [[0.009617278352379799, 0.9974960684776306, 0.0700639858841896, -0.0289306640625], [0.004289774224162102, 0.07002542167901993, -0.9975359439849854, 1.5680618286132812], [-0.9999445080757141, 0.00989412423223257, -0.003605578327551484, 0.044281005859375], [0.0, 0.0, 0.0, 1.0]], [[-0.9234541654586792, 0.3835696280002594, 0.010328956879675