[{"images": ["samples/CAM_FRONT_LEFT/n008-2018-09-18-12-07-26-0400__CAM_FRONT_LEFT__1537286907504799.jpg", "samples/CAM_FRONT/n008-2018-09-18-12-07-26-0400__CAM_FRONT__1537286907512404.jpg", "samples/CAM_FRONT_RIGHT/n008-2018-09-18-12-07-26-0400__CAM_FRONT_RIGHT__1537286907520482.jpg", "samples/CAM_BACK_LEFT/n008-2018-09-18-12-07-26-0400__CAM_BACK_LEFT__1537286907547405.jpg", "samples/CAM_BACK/n008-2018-09-18-12-07-26-0400__CAM_BACK__1537286907537558.jpg", "samples/CAM_BACK_RIGHT/n008-2018-09-18-12-07-26-0400__CAM_BACK_RIGHT__1537286907528113.jpg"], "intrinsics": [[[1257.8625342125129, 0.0, 827.2410631095686], [0.0, 1257.8625342125129, 450.915498205774], [0.0, 0.0, 1.0]], [[1252.8131021185304, 0.0, 826.588114781398], [0.0, 1252.8131021185304, 469.9846626224581], [0.0, 0.0, 1.0]], [[1256.7485116440405, 0.0, 817.7887570959712], [0.0, 1256.7485116440403, 451.9541780095127], [0.0, 0.0, 1.0]], [[1254.9860565800168, 0.0, 829.5769333630991], [0.0, 1254.9860565800168, 467.1680561863987], [0.0, 0.0, 1.0]], [[796.8910634503094, 0.0, 857.7774326863696], [0.0, 796.8910634503094, 476.8848988407415], [0.0, 0.0, 1.0]], [[1249.9629280788233, 0.0, 825.3768045375984], [0.0, 1249.9629280788233, 462.54816385708756], [0.0, 0.0, 1.0]]], "extrinsics": [[[0.8225928544998169, -0.5683786273002625, 0.016937337815761566, -0.788818359375], [0.0052841296419501305, -0.022144148126244545, -0.9997408390045166, 1.4897170066833496], [0.5686063766479492, 0.8224690556526184, -0.015212230384349823, -1.1861572265625], [0.0, 0.0, 0.0, 1.0]], [[0.010337338782846928, -0.9995958209037781, 0.02648456208407879, 0.0091552734375], [0.007103282026946545, -0.02641190215945244, -0.9996259212493896, 1.4817485809326172], [0.9999213814735413, 0.010521592572331429, 0.00682738097384572, -1.517578125], [0.0, 0.0, 0.0, 1.0]], [[-0.843951404094696, -0.5363830327987671, 0.006273788399994373, 0.9482421875], [0.014981417916715145, -0.03525981679558754, -0.9992658495903015, 1.495652675628662], [0.5362104177474976, -0.8432378768920898, 0.037793345749378204, -1.185302734375], [0.0, 0.0, 0.0, 1.0]], [[0.9478608965873718, 0.31824153661727905, -0.01679917611181736, -1.133056640625], [-0.010711733251810074, -0.0208688136190176, -0.999724805355072, 1.5619239807128906], [-0.31850460171699524, 0.9477799534797668, -0.01637181267142296, -0.15981388092041016], [0.0, 0.0, 0.0, 1.0]], [[0.00918268971145153, 0.9995642304420471, -0.028055761009454727, -0.02880859375], [-0.008429436944425106, -0.027978569269180298, -0.9995729327201843, 1.5674896240234375], [-0.9999223351478577, 0.009415267035365105, 0.008168844506144524, -0.025146484375], [0.0, 0.0, 0.0, 1.0]], [[-0.9237670302391052, 0.3826415240764618, -0.015495971776545048, 1.044921875], [-0.004150482825934887, -0.05046543851494789, -0.998717188835144, 1.5473442077636719], [-0.3829326629638672, -0.9225176572799683, 0.048206448554992676, -0.0906982421875], [0.0, 0.0, 0.0, 1.0]]], "view": [[0.0, -2.0, 100.0], [-2.0, 0.0, 100.0], [0.0, 0.0, 1.0]], "bev": "bev_0dcd66cdeafb4978be2a580289336198.png", "aux": "aux_0dcd66cdeafb4978be2a580289336198.npz", "visibility": "visibility_0dcd66cdeafb4978be2a580289336198.png", "pose": [[-0.9995063543319702, 0.03141820803284645, 0.0, 2081.300537109375], [-0.03141820803284645, -0.9995063543319702, 0.0, 786.0125732421875], [0.0, 0.0, 1.0, 0.0], [0.0, 0.0, 0.0, 1.0]], "pose_inverse": [[-0.9995063543319702, -0.03141820803284645, 0.0, 2104.96826171875], [0.03141820803284645, -0.9995063543319702, 0.0, 720.2338256835938], [0.0, 0.0, 1.0, 0.0], [0.0, 0.0, 0.0, 1.0]], "cam_ids": [0, 1, 2, 3, 4, 5], "cam_channels": ["CAM_FRONT_LEFT", "CAM_FRONT", "CAM_FRONT_RIGHT", "CAM_BACK_LEFT", "CAM_BACK", "CAM_BACK_RIGHT"], "token": "0dcd66cdeafb4978be2a580289336198", "scene": "scene-0440"}, {"images": ["samples/CAM_FRONT_LEFT/n008-2018-09-18-12-07-26-0400__CAM_FRONT_LEFT__1537286907904799.jpg", "samples/CAM_FRONT/n008-2018-09-18-12-07-26-0400__CAM_FRONT__1537286907912404.jpg", "samples/CAM_FRONT_RIGHT/n008-2018-09-18-12-07-26-0400__CAM_FRONT_RIGHT__1537286907920482.jpg", "samples/CAM_BACK_LEFT/n008-2018-09-18-12-07-26-0400__CAM_BACK_LEFT__1537286907947405.jpg", "samples/CAM_BACK/n008-2018-09-18-12-07-26-0400__CAM_BACK__1537286907937558.jpg", "samples/CAM_BACK_RIGHT/n008-2018-09-18-12-07-26-0400__CAM_BACK_RIGHT__1537286907928113.jpg"], "intrinsics": [[[1257.8625342125129, 0.0, 827.2410631095686], [0.0, 1257.8625342125129, 450.915498205774], [0.0, 0.0, 1.0]], [[1252.8131021185304, 0.0, 826.588114781398], [0.0, 1252.8131021185304, 469.9846626224581], [0.0, 0.0, 1.0]], [[1256.7485116440405, 0.0, 817.7887570959712], [0.0, 1256.7485116440403, 451.9541780095127], [0.0, 0.0, 1.0]], [[1254.9860565800168, 0.0, 829.5769333630991], [0.0, 1254.9860565800168, 467.1680561863987], [0.0, 0.0, 1.0]], [[796.8910634503094, 0.0, 857.7774326863696], [0.0, 796.8910634503094, 476.8848988407415], [0.0, 0.0, 1.0]], [[1249.9629280788233, 0.0, 825.3768045375984], [0.0, 1249.9629280788233, 462.54816385708756], [0.0, 0.0, 1.0]]], "extrinsics": [[[0.822242796421051, -0.5691223740577698, -0.00405164947733283, -0.8016357421875], [-0.016328301280736923, -0.016473202034831047, -0.9997309446334839, 1.4842987060546875], [0.5689024329185486, 0.8220877647399902, -0.022837776690721512, -1.194580078125], [0.0, 0.0, 0.0, 1.0]], [[0.010025590658187866, -0.9997368454933167, 0.020633267238736153, 0.00885009765625], [-0.013986787758767605, -0.02077248878777027, -0.9996864199638367, 1.4773445129394531], [0.9998518228530884, 0.009733865037560463, -0.01419136207550764, -1.5302734375], [0.0, 0.0, 0.0, 1.0]], [[-0.8440814018249512, -0.5358196496963501, 0.020588725805282593, 0.957275390625], [-0.005553332157433033, -0.029659012332558632, -0.999544620513916, 1.4922256469726562], [0.5361863970756531, -0.8438113331794739, 0.022059034556150436, -1.1915283203125], [0.0, 0.0, 0.0, 1.0]], [[0.94762122631073, 0.31771883368492126, -0.0326925627887249, -1.135498046875], [-0.02932704985141754, -0.015371134504675865, -0.9994516968727112, 1.5617599487304688], [-0.3180471360683441, 0.9480602741241455, -0.0052482569590210915, -0.15919017791748047], [0.0, 0.0, 0.0, 1.0]], [[0.009406289085745811, 0.9996951818466187, -0.02282540500164032, -0.02880859375], [-0.02775322087109089, -0.022556623443961143, -0.9993602633476257, 1.5663070678710938], [-0.9995706081390381, 0.010033748112618923, 0.027532588690519333, -0.019287109375], [0.0, 0.0, 0.0, 1.0]], [[-0.9235877990722656, 0.3833524286746979, 0.0051312693394720554, 1.0526123046875], [-0.024193983525037766, -0.04492128640413284, -0.9986975193023682, 1.5450363159179688], [-0.3826225697994232, -0.9225090146064758, 0.050763580948114395, -0.08740234375], [0.0, 0.0, 0.0, 1.0]]], "view": [[0.0, -2.0, 100.0], [-2.0, 0.0, 100.0], [0.0, 0.0, 1.0]], "bev": "bev_39c1b3052b164ed189656086c0ec8063.png", "aux": "aux_39c1b3052b164ed189656086c0ec8063.npz", "visibility": "visibility_39c1b3052b164ed189656086c0ec8063.png", "pose": [[-0.9993913769721985, 0.034883126616477966, 0.0, 2078.985107421875], [-0.034883126616477966, -0.9993913769721985, 0.0, 785.9481201171875], [0.0, 0.0, 1.0, 0.0], [0.0, 0.0, 0.0, 1.0]], "pose_inverse": [[-0.9993913769721985, -0.034883126616477966, 0.0, 2105.13623046875], [0.034883126616477966, -0.9993913769721985, 0.0, 712.9483032226562], [0.0, 0.0, 1.0, 0.0], [0.0, 0.0, 0.0, 1.0]], "cam_ids": [0, 1, 2, 3, 4, 5], "cam_channels": ["CAM_FRONT_LEFT", "CAM_FRONT", "CAM_FRONT_RIGHT", "CAM_BACK_LEFT", "CAM_BACK", "CAM_BACK_RIGHT"], "token": "39c1b3052b164ed189656086c0ec8063", "scene": "scene-0440"}, {"images": ["samples/CAM_FRONT_LEFT/n008-2018-09-18-12-07-26-0400__CAM_FRONT_LEFT__1537286908404799.jpg", "samples/CAM_FRONT/n008-2018-09-18-12-07-26-0400__CAM_FRONT__1537286908412404.jpg", "samples/CAM_FRONT_RIGHT/n008-2018-09-18-12-07-26-0400__CAM_FRONT_RIGHT__1537286908420482.jpg", "samples/CAM_BACK_LEFT/n008-2018-09-18-12-07-26-0400__CAM_BACK_LEFT__1537286908447405.jpg", "samples/CAM_BACK/n008-2018-09-18-12-07-26-0400__CAM_BACK__1537286908437558.jpg", "samples/CAM_BACK_RIGHT/n008-2018-09-18-12-07-26-0400__CAM_BACK_RIGHT__1537286908428113.jpg"], "intrinsics": [[[1257.8625342125129, 0.0, 827.2410631095686], [0.0, 1257.8625342125129, 450.915498205774], [0.0, 0.0, 1.0]], [[1252.8131021185304, 0.0, 826.588114781398], [0.0, 1252.8131021185304, 469.9846626224581], [0.0, 0.0, 1.0]], [[1256.7485116440405, 0.0, 817.7887570959712], [0.0, 1256.7485116440403, 451.9541780095127], [0.0, 0.0, 1.0]], [[1254.9860565800168, 0.0, 829.5769333630991], [0.0, 1254.9860565800168, 467.1680561863987], [0.0, 0.0, 1.0]], [[796.8910634503094, 0.0, 857.7774326863696], [0.0, 796.8910634503094, 476.8848988407415], [0.0, 0.0, 1.0]], [[1249.9629280788233, 0.0, 825.3768045375984], [0.0, 1249.9629280788233, 462.54816385708756], [0.0, 0.0, 1.0]]], "extrinsics": [[[0.8227609992027283, -0.5672389268875122, 0.036117073148489, -0.8011474609375], [0.033137958496809006, -0.015563533641397953, -0.9993295669555664, 1.4964790344238281], [0.5674207210540771, 0.8234063386917114, 0.005992067512124777, -1.19580078125], [0.0, 0.0, 0.0, 1.0]], [[0.011181232519447803, -0.9997403025627136, 0.019858350977301598, 0.0096435546875], [0.035167329013347626, -0.019454147666692734, -0.9991920590400696, 1.4873580932617188], [0.9993188977241516, 0.011870560236275196, 0.03494067117571831, -1.531005859375], [0.0, 0.0, 0.0, 1.0]], [[-0.842991828918457, -0.5374963283538818, -0.021506724879145622, 0.95751953125], [0.0432652048766613, -0.027896011248230934, -0.9986740946769714, 1.4999771118164062], [0.5361836552619934, -0.8428046703338623, 0.04677099362015724, -1.19091796875], [0.0, 0.0, 0.0, 1.0]], [[0.9475751519203186, 0.31924158334732056, 0.013644223101437092, -1.134765625], [0.01841352880001068, -0.011925963684916496, -0.9997593760490417, 1.5622272491455078], [-0.31900203227996826, 0.947598397731781, -0.017179109156131744, -0.15934467315673828], [0.0, 0.0, 0.0, 1.0]], [[0.008707721717655659, 0.9997716546058655, -0.019513923674821854, -0.02880859375], [0.020261375233530998, -0.01968705840408802, -0.9996008276939392, 1.5693607330322266], [-0.9997568130493164, 0.00830886885523796, -0.020428180694580078, -0.01904296875], [0.0, 0.0, 0.0, 1.0]], [[-0.9234862923622131, 0.3816656470298767, -0.03878813609480858, 1.052978515625], [0.024295063689351082, -0.04272092506289482, -0.9987916350364685, 1.5506820678710938], [-0.382861465215683, -0.9233126044273376, 0.030179595574736595, -0.087158203125], [0.0, 0.0, 0.0, 1.0]]], "view": [[0.0, -2.0, 100.0], [-2.0, 0.0, 100.0], [0.0, 0.0, 1.0]], "bev": "bev_d2c961fcea4043b7b7a2185d1820c3b5.png", "aux": "aux_d2c961fcea4043b7b7a2185d1820c3b5.npz", "visibility": "visibility_d2c961fcea4043b7b7a2185d1820c3b5.png", "pose": [[-0.9994813799858093, 0.03220289573073387, 0.0, 2076.11767578125], [-0.03220289573073387, -0.9994813799858093, 0.0, 785.8768310546875], [0.0, 0.0, 1.0, 0.0], [0.0, 0.0, 0.0, 1.0]], "pose_inverse": [[-0.9994813799858093, -0.03220289573073387, 0.0, 2100.348388671875], [0.03220289573073387, -0.9994813799858093, 0.0, 718.6122436523438], [0.0, 0.0, 1.0, 0.0], [0.0, 0.0, 0.0, 1.0]], "cam_ids": [0, 1, 2, 3, 4, 5], "cam_channels": ["CAM_FRONT_LEFT", "CAM_FRONT", "CAM_FRONT_RIGHT", "CAM_BACK_LEFT", "CAM_BACK", "CAM_BACK_RIGHT"], "token": "d2c961fcea4043b7b7a2185d1820c3b5", "scene": "scene-0440"}, {"images": ["samples/CAM_FRONT_LEFT/n008-2018-09-18-12-07-26-0400__CAM_FRONT_LEFT__1537286908904799.jpg", "samples/CAM_FRONT/n008-2018-09-18-12-07-26-0400__CAM_FRONT__1537286908912404.jpg", "samples/CAM_FRONT_RIGHT/n008-2018-09-18-12-07-26-0400__CAM_FRONT_RIGHT__1537286908920482.jpg", "samples/CAM_BACK_LEFT/n008-2018-09-18-12-07-26-0400__CAM_BACK_LEFT__1537286908947405.jpg", "samples/CAM_BACK/n008-2018-09-18-12-07-26-0400__CAM_BACK__1537286908937558.jpg", "samples/CAM_BACK_RIGHT/n008-2018-09-18-12-07-26-0400__CAM_BACK_RIGHT__1537286908928113.jpg"], "intrinsics": [[[1257.8625342125129, 0.0, 827.2410631095686], [0.0, 1257.8625342125129, 450.915498205774], [0.0, 0.0, 1.0]], [[1252.8131021185304, 0.0, 826.588114781398], [0.0, 1252.8131021185304, 469.9846626224581], [0.0, 0.0, 1.0]], [[1256.7485116440405, 0.0, 817.7887570959712], [0.0, 1256.7485116440403, 451.9541780095127], [0.0, 0.0, 1.0]], [[1254.9860565800168, 0.0, 829.5769333630991], [0.0, 1254.9860565800168, 467.1680561863987], [0.0, 0.0, 1.0]], [[796.8910634503094, 0.0, 857.7774326863696], [0.0, 796.8910634503094, 476.8848988407415], [0.0, 0.0, 1.0]], [[1249.9629280788233, 0.0, 825.3768045375984], [0.0, 1249.9629280788233, 462.54816385708756], [0.0, 0.0, 1.0]]], "extrinsics": [[[0.8225184082984924, -0.5685188174247742, 0.015812920406460762, -0.78564453125], [0.013117357157170773, -0.008832911029458046, -0.9998749494552612, 1.491790771484375], [0.5685874223709106, 0.8226228952407837, 0.00019223068375140429, -1.18603515625], [0.0, 0.0, 0.0, 1.0]], [[0.010288681834936142, -0.9998630881309509, 0.012961321510374546, 0.010498046875], [0.01495324820280075, -0.01280671451240778, -0.9998061656951904, 1.4834785461425781], [0.9998352527618408, 0.01048049982637167, 0.014819434843957424, -1.515625], [0.0, 0.0, 0.0, 1.0]], [[-0.8438813090324402, -0.5364726781845093, -0.007833863608539104, 0.947265625], [0.022847983986139297, -0.021344894543290138, -0.9995110630989075, 1.4970283508300781], [0.5360431671142578, -0.8436477780342102, 0.03026987612247467, -1.1837158203125], [0.0, 0.0, 0.0, 1.0]], [[0.9478536248207092, 0.3186737895011902, -0.00453411228954792, -1.130859375], [-0.002855349564924836, -0.005734911188483238, -0.9999794960021973, 1.5620059967041016], [-0.3186933100223541, 0.9478471279144287, -0.004525928758084774, -0.16087818145751953], [0.0, 0.0, 0.0, 1.0]], [[0.009155883453786373, 0.9998680949211121, -0.013418368995189667, -0.02923583984375], [-0.0006189381238073111, -0.013413259759545326, -0.9999098181724548, 1.568028450012207], [-0.9999579787254333, 0.009163366630673409, 0.0004960464430041611, -0.02587890625], [0.0, 0.0, 0.0, 1.0]], [[-0.9236959218978882, 0.3827357292175293, -0.017296334728598595, 1.0435791015625], [0.003681252943351865, -0.036276925355196, -0.999334990978241, 1.5483360290527344], [-0.3831086754798889, -0.9231452941894531, 0.032099898904561996, -0.090576171875], [0.0, 0.0, 0.0, 1.0]]], "view": [[0.0, -2.0, 100.0], [-2.0, 0.0, 100.0], [0.0, 0.0, 1.0]], "bev": "bev_ae073c37f8234e1bb2d6e4d6d7f71e3b.png", "aux": "aux_ae073c37f8234e1bb2d6e4d6d7f71e3b.npz", "visibility": "visibility_ae073c37f8234e1bb2d6e4d6d7f71e3b.png", "pose": [[-0.9994921088218689, 0.031868208199739456, 0.0, 2073.226806640625], [-0.031868208199739456, -0.9994921088218689, 0.0, 785.8123168945312], [0.0, 0.0, 1.0, 0.0], [0.0, 0.0, 0.0, 1.0]], "pose_inverse": [[-0.9994921088218689, -0.031868208199739456, 0.0, 2097.21630859375], [0.031868208199739456, -0.9994921088218689, 0.0, 719.3431396484375], [0.0, 0.0, 1.0, 0.0], [0.0, 0.0, 0.0, 1.0]], "cam_ids": [0, 1, 2, 3, 4, 5], "cam_channels": ["CAM_FRONT_LEFT", "CAM_FRONT", "CAM_FRONT_RIGHT", "CAM_BACK_LEFT", "CAM_BACK", "CAM_BACK_RIGHT"], "token": "ae073c37f8234e1bb2d6e4d6d7f71e3b", "scene": "scene-0440"}, {"images": ["samples/CAM_FRONT_LEFT/n008-2018-09-18-12-07-26-0400__CAM_FRONT_LEFT__1537286909404799.jpg", "samples/CAM_FRONT/n008-2018-09-18-12-07-26-0400__CAM_FRONT__1537286909412404.jpg", "samples/CAM_FRONT_RIGHT/n008-2018-09-18-12-07-26-0400__CAM_FRONT_RIGHT__1537286909420482.jpg", "samples/CAM_BACK_LEFT/n008-2018-09-18-12-07-26-0400__CAM_BACK_LEFT__1537286909447405.jpg", "samples/CAM_BACK/n008-2018-09-18-12-07-26-0400__CAM_BACK__1537286909437558.jpg", "samples/CAM_BACK_RIGHT/n008-2018-09-18-12-07-26-0400__CAM_BACK_RIGHT__1537286909428113.jpg"], "intrinsics": [[[1257.8625342125129, 0.0, 827.2410631095686], [0.0, 1257.8625342125129, 450.915498205774], [0.0, 0.0, 1.0]], [[1252.8131021185304, 0.0, 826.588114781398], [0.0, 1252.8131021185304, 469.9846626224581], [0.0, 0.0, 1.0]], [[1256.7485116440405, 0.0, 817.7887570959712], [0.0, 1256.7485116440403, 451.9541780095127], [0.0, 0.0, 1.0]], [[1254.9860565800168, 0.0, 829.5769333630991], [0.0, 1254.9860565800168, 467.1680561863987], [0.0, 0.0, 1.0]], [[796.8910634503094, 0.0, 857.7774326863696], [0.0, 796.8910634503094, 476.8848988407415], [0.0, 0.0, 1.0]], [[1249.9629280788233, 0.0, 825.3768045375984], [0.0, 1249.9629280788233, 462.54816385708756], [0.0, 0.0, 1.0]]], "extrinsics": [[[0.8224948644638062, -0.5686030983924866, 0.01388582307845354, -0.79638671875], [0.011322689242661, -0.008040106855332851, -0.9999035596847534, 1.4911689758300781], [0.5686599016189575, 0.8225727081298828, -0.0001748306822264567, -1.19140625], [0.0, 0.0, 0.0, 1.0]], [[0.010236630216240883, -0.9998713135719299, 0.012350889854133129, 0.0091552734375], [0.013347724452614784, -0.012213803827762604, -0.9998363256454468, 1.4829845428466797], [0.999858558177948, 0.010399806313216686, 0.01322097796946764, -1.52490234375], [0.0, 0.0, 0.0, 1.0]], [[-0.8439217209815979, -0.5364225506782532, -0.006853853352367878, 0.9521484375], [0.02144354209303856, -0.02096462808549404, -0.9995501637458801, 1.496633529663086], [0.5360376238822937, -0.8436890840530396, 0.029195306822657585, -1.188232421875], [0.0, 0.0, 0.0, 1.0]], [[0.9479179382324219, 0.31846708059310913, -0.005494285840541124, -1.131103515625], [-0.0038173729553818703, -0.005889441817998886, -0.9999753832817078, 1.5619888305664062], [-0.3184916079044342, 0.9479156136512756, -0.0043669999577105045, -0.160247802734375], [0.0, 0.0, 0.0, 1.0]], [[0.009177492000162601, 0.9998680949211121, -0.013406222686171532, -0.02880859375], [-0.0017637183191254735, -0.013390579260885715, -0.9999087452888489, 1.567946434020996], [-0.9999563694000244, 0.009200300090014935, 0.001640593633055687, -0.024658203125], [0.0, 0.0, 0.0, 1.0]], [[-0.9236988425254822, 0.3827831447124481, -0.016042182222008705, 1.047607421875], [0.0024081305600702763, -0.03607083857059479, -0.9993463158607483, 1.5481395721435547], [-0.3831115663051605, -0.9231337308883667, 0.03239680081605911, -0.089599609375], [0.0, 0.0, 0.0, 1.0]]], "view": [[0.0, -2.0, 100.0], [-2.0, 0.0, 100.0], [0.0, 0.0, 1.0]], "bev": "bev_424ab42915a247ac85abfc240dd60d39.png", "aux": "aux_424ab42915a247ac85abfc240dd60d39.npz", "visibility": "visibility_424ab42915a247ac85abfc240dd60d39.png", "pose": [[-0.9995211362838745, 0.030943652614951134, 0.0, 2070.359130859375], [-0.030943652614951134, -0.9995211362838745, 0.0, 785.755859375], [0.0, 0.0, 1.0, 0.0], [0.0, 0.0, 0.0, 1.0]], "pose_inverse": [[-0.9995211362838745, -0.030943652614951134, 0.0, 2093.681884765625], [0.030943652614951134, -0.9995211362838745, 0.0, 721.3151245117188], [0.0, 0.0, 1.0, 0.0], [0.0, 0.0, 0.0, 1.0]], "cam_ids": [0, 1, 2, 3, 4, 5], "cam_channels": ["CAM_FRONT_LEFT", "CAM_FRONT", "CAM_FRONT_RIGHT", "CAM_BACK_LEFT", "CAM_BACK", "CAM_BACK_RIGHT"], "token": "424ab42915a247ac85abfc240dd60d39", "scene": "scene-0440"}, {"images": ["samples/CAM_FRONT_LEFT/n008-2018-09-18-12-07-26-0400__CAM_FRONT_LEFT__1537286910004799.jpg", "samples/CAM_FRONT/n008-2018-09-18-12-07-26-0400__CAM_FRONT__1537286910012404.jpg", "samples/CAM_FRONT_RIGHT/n008-2018-09-18-12-07-26-0400__CAM_FRONT_RIGHT__1537286910020482.jpg", "samples/CAM_BACK_LEFT/n008-2018-09-18-12-07-26-0400__CAM_BACK_LEFT__1537286910047405.jpg", "samples/CAM_BACK/n008-2018-09-18-12-07-26-0400__CAM_BACK__1537286910037558.jpg", "samples/CAM_BACK_RIGHT/n008-2018-09-18-12-07-26-0400__CAM_BACK_RIGHT__1537286910028113.jpg"], "intrinsics": [[[1257.8625342125129, 0.0, 827.2410631095686], [0.0, 1257.8625342125129, 450.915498205774], [0.0, 0.0, 1.0]], [[1252.8131021185304, 0.0, 826.588114781398], [0.0, 1252.8131021185304, 469.9846626224581], [0.0, 0.0, 1.0]], [[1256.7485116440405, 0.0, 817.7887570959712], [0.0, 1256.7485116440403, 451.9541780095127], [0.0, 0.0, 1.0]], [[1254.9860565800168, 0.0, 829.5769333630991], [0.0, 1254.9860565800168, 467.1680561863987], [0.0, 0.0, 1.0]], [[796.8910634503094, 0.0, 857.7774326863696], [0.0, 796.8910634503094, 476.8848988407415], [0.0, 0.0, 1.0]], [[1249.9629280788233, 0.0, 825.3768045375984], [0.0, 1249.9629280788233, 462.54816385708756], [0.0, 0.0, 1.0]]], "extrinsics": [[[0.8226219415664673, -0.5684362053871155, 0.01317199133336544, -0.775634765625], [0.011400770395994186, -0.006671489216387272, -0.9999127388000488, 1.4914722442626953], [0.5684745907783508, 0.8227002620697021, 0.000992495915852487, -1.1776123046875], [0.0, 0.0, 0.0, 1.0]], [[0.010404614731669426, -0.9998865127563477, 0.010892643593251705, 0.009765625], [0.013377181254327297, -0.010753074660897255, -0.9998526573181152, 1.4832496643066406], [0.9998564124107361, 0.010548792779445648, 0.013263781554996967, -1.505615234375], [0.0, 0.0, 0.0, 1.0]], [[-0.8438637256622314, -0.5365027785301208, -0.007668516132980585, 0.94140625], [0.02142132818698883, -0.019405996426939964, -0.9995821118354797, 1.4969196319580078], [0.5361297726631165, -0.8436754941940308, 0.027868617326021194, -1.180633544921875], [0.0, 0.0, 0.0, 1.0]], [[0.9478797316551208, 0.31858861446380615, -0.005030107218772173, -1.126953125], [-0.003896844806149602, -0.0041943928226828575, -0.9999836087226868, 1.5619754791259766], [-0.3186045289039612, 0.9478837847709656, -0.002734289038926363, -0.1618785858154297], [0.0, 0.0, 0.0, 1.0]], [[0.009132576175034046, 0.9998894333839417, -0.011734109371900558, -0.0289306640625], [-0.0018250398570671678, -0.011717911809682846, -0.9999296069145203, 1.5679302215576172], [-0.9999566674232483, 0.009153352119028568, 0.001717822509817779, -0.03173828125], [0.0, 0.0, 0.0, 1.0]], [[-0.9237300157546997, 0.3827350437641144, -0.015384597703814507, 1.0380859375], [0.002373995492234826, -0.034442875534296036, -0.9994038939476013, 1.5481681823730469], [-0.3830367624759674, -0.923215925693512, 0.03090730868279934, -0.0931396484375], [0.0, 0.0, 0.0, 1.0]]], "view": [[0.0, -2.0, 100.0], [-2.0, 0.0, 100.0], [0.0, 0.0, 1.0]], "bev": "bev_2c5712f3ac464594835383ff6d0c4eef.png", "aux": "aux_2c5712f3ac464594835383ff6d0c4eef.npz", "visibility": "visibility_2c5712f3ac464594835383ff6d0c4eef.png", "pose": [[-0.9995058178901672, 0.031435076147317886, 0.0, 2066.7421875], [-0.031435076147317886, -0.9995058178901672, 0.0, 785.6678466796875], [0.0, 0.0, 1.0, 0.0], [0.0, 0.0, 0.0, 1.0]], "pose_inverse": [[-0.9995058178901672, -0.031435076147317886, 0.0, 2090.418212890625], [0.031435076147317886, -0.9995058178901672, 0.0, 720.3113403320312], [0.0, 0.0, 1.0, 0.0], [0.0, 0.0, 0.0, 1.0]], "cam_ids": [0, 1, 2, 3, 4, 5], "cam_channels": ["CAM_FRONT_LEFT", "CAM_FRONT", "CAM_FRONT_RIGHT", "CAM_BACK_LEFT", "CAM_BACK", "CAM_BACK_RIGHT"], "token": "2c5712f3ac464594835383ff6d0c4eef", "scene": "scene-0440"}, {"images": ["samples/CAM_FRONT_LEFT/n008-2018-09-18-12-07-26-0400__CAM_FRONT_LEFT__1537286910504799.jpg", "samples/CAM_FRONT/n008-2018-09-18-12-07-26-0400__CAM_FRONT__1537286910512404.jpg", "samples/CAM_FRONT_RIGHT/n008-2018-09-18-12-07-26-0400__CAM_FRONT_RIGHT__1537286910520482.jpg", "samples/CAM_BACK_LEFT/n008-2018-09-18-12-07-26-0400__CAM_BACK_LEFT__1537286910547405.jpg", "samples/CAM_BACK/n008-2018-09-18-12-07-26-0400__CAM_BACK__1537286910537558.jpg", "samples/CAM_BACK_RIGHT/n008-2018-09-18-12-07-26-0400__CAM_BACK_RIGHT__1537286910528113.jpg"], "intrinsics": [[[1257.8625342125129, 0.0, 827.2410631095686], [0.0, 1257.8625342125129, 450.915498205774], [0.0, 0.0, 1.0]], [[1252.8131021185304, 0.0, 826.588114781398], [0.0, 1252.8131021185304, 469.9846626224581], [0.0, 0.0, 1.0]], [[1256.7485116440405, 0.0, 817.7887570959712], [0.0, 1256.7485116440403, 451.9541780095127], [0.0, 0.0, 1.0]], [[1254.9860565800168, 0.0, 829.5769333630991], [0.0, 1254.9860565800168, 467.1680561863987], [0.0, 0.0, 1.0]], [[796.8910634503094, 0.0, 857.7774326863696], [0.0, 796.8910634503094, 476.8848988407415], [0.0, 0.0, 1.0]], [[1249.9629280788233, 0.0, 825.3768045375984], [0.0, 1249.9629280788233, 462.54816385708756], [0.0, 0.0, 1.0]]], "extrinsics": [[[0.8224907517433167, -0.5686123967170715, 0.013753034174442291, -0.7725830078125], [0.011280208826065063, -0.007868043147027493, -0.9999054074287415, 1.4914836883544922], [0.5686668157577515, 0.8225679993629456, -5.7328066759509966e-05, -1.1763916015625], [0.0, 0.0, 0.0, 1.0]], [[0.010224214754998684, -0.999875009059906, 0.012061771005392075, 0.0103759765625], [0.013189608231186867, -0.011926504783332348, -0.9998419284820557, 1.4832820892333984], [0.9998608231544495, 0.010381684638559818, 0.013066020794212818, -1.5009765625], [0.0, 0.0, 0.0, 1.0]], [[-0.8439345955848694, -0.5364026427268982, -0.00683692516759038, 0.93701171875], [0.02116253972053528, -0.020555172115564346, -0.9995647072792053, 1.496999740600586], [0.5360286235809326, -0.8437118530273438, 0.028698861598968506, -1.177398681640625], [0.0, 0.0, 0.0, 1.0]], [[0.9478880763053894, 0.3185485601425171, -0.005922243464738131, -1.125], [-0.004406222142279148, -0.00547951553016901, -0.999975323677063, 1.5619564056396484], [-0.31857314705848694, 0.9478907585144043, -0.003790372284129262, -0.16302490234375], [0.0, 0.0, 0.0, 1.0]], [[0.00918929185718298, 0.9998738169670105, -0.012962041422724724, -0.029052734375], [-0.0022231065668165684, -0.012942127883434296, -0.99991375207901, 1.5678987503051758], [-0.999955415725708, 0.009217312559485435, 0.0021038970444351435, -0.03369140625], [0.0, 0.0, 0.0, 1.0]], [[-0.923697292804718, 0.3828081786632538, -0.015532074496150017, 1.03369140625], [0.0020527513697743416, -0.035595059394836426, -0.9993641376495361, 1.5481452941894531], [-0.3831176459789276, -0.9231418967247009, 0.032093245536088943, -0.0947265625], [0.0, 0.0, 0.0, 1.0]]], "view": [[0.0, -2.0, 100.0], [-2.0, 0.0, 100.0], [0.0, 0.0, 1.0]], "bev": "bev_3294028a71264b96a0a351844ead7ed7.png", "aux": "aux_3294028a71264b96a0a351844ead7ed7.npz", "visibility": "visibility_3294028a71264b96a0a351844ead7ed7.png", "pose": [[-0.9995071291923523, 0.0313933826982975, 0.0, 2063.7060546875], [-0.0313933826982975, -0.9995071291923523, 0.0, 785.5972900390625], [0.0, 0.0, 1.0, 0.0], [0.0, 0.0, 0.0, 1.0]], "pose_inverse": [[-0.9995071291923523, -0.0313933826982975, 0.0, 2087.351318359375], [0.0313933826982975, -0.9995071291923523, 0.0, 720.42333984375], [0.0, 0.0, 1.0, 0.0], [0.0, 0.0, 0.0, 1.0]], "cam_ids": [0, 1, 2, 3, 4, 5], "cam_channels": ["CAM_FRONT_LEFT", "CAM_FRONT", "CAM_FRONT_RIGHT", "CAM_BACK_LEFT", "CAM_BACK", "CAM_BACK_RIGHT"], "token": "3294028a71264b96a0a351844ead7ed7", "scene": "scene-0440"}, {"images": ["samples/CAM_FRONT_LEFT/n008-2018-09-18-12-07-26-0400__CAM_FRONT_LEFT__1537286911004799.jpg", "samples/CAM_FRONT/n008-2018-09-18-12-07-26-0400__CAM_FRONT__1537286911012404.jpg", "samples/CAM_FRONT_RIGHT/n008-2018-09-18-12-07-26-0400__CAM_FRONT_RIGHT__1537286911020482.jpg", "samples/CAM_BACK_LEFT/n008-2018-09-18-12-07-26-0400__CAM_BACK_LEFT__1537286911047405.jpg", "samples/CAM_BACK/n008-2018-09-18-12-07-26-0400__CAM_BACK__1537286911037558.jpg", "samples/CAM_BACK_RIGHT/n008-2018-09-18-12-07-26-0400__CAM_BACK_RIGHT__1537286911028925.jpg"], "intrinsics": [[[1257.8625342125129, 0.0, 827.2410631095686], [0.0, 1257.8625342125129, 450.915498205774], [0.0, 0.0, 1.0]], [[1252.8131021185304, 0.0, 826.588114781398], [0.0, 1252.8131021185304, 469.9846626224581], [0.0, 0.0, 1.0]], [[1256.7485116440405, 0.0, 817.7887570959712], [0.0, 1256.7485116440403, 451.9541780095127], [0.0, 0.0, 1.0]], [[1254.9860565800168, 0.0, 829.5769333630991], [0.0, 1254.9860565800168, 467.1680561863987], [0.0, 0.0, 1.0]], [[796.8910634503094, 0.0, 857.7774326863696], [0.0, 796.8910634503094, 476.8848988407415], [0.0, 0.0, 1.0]], [[1249.9629280788233, 0.0, 825.3768045375984], [0.0, 1249.9629280788233, 462.54816385708756], [0.0, 0.0, 1.0]]], "extrinsics": [[[0.8225556015968323, -0.5685413479804993, 0.012766564264893532, -0.7784423828125], [0.007004901301115751, -0.012318121269345284, -0.9998995661735535, 1.4902291297912598], [0.5686415433883667, 0.8225624561309814, -0.006149765104055405, -1.1778564453125], [0.0, 0.0, 0.0, 1.0]], [[0.010280800051987171, -0.999809205532074, 0.016609566286206245, 0.00836181640625], [0.009104561991989613, -0.01651616394519806, -0.9998221397399902, 1.4822592735290527], [0.9999057650566101, 0.010430192574858665, 0.008933025412261486, -1.50634765625], [0.0, 0.0, 0.0, 1.0]], [[-0.8439602851867676, -0.5364046692848206, -0.0010173387126997113, 0.939208984375], [0.017280137166380882, -0.02529226616024971, -0.9995307326316833, 1.4961910247802734], [0.5361272096633911, -0.8435818552970886, 0.030614817515015602, -1.18060302734375], [0.0, 0.0, 0.0, 1.0]], [[0.9479188323020935, 0.31834083795547485, -0.010445525869727135, -1.12890625], [-0.007525972556322813, -0.010399719700217247, -0.9999175667762756, 1.5619182586669922], [-0.31842324137687683, 0.9479192495346069, -0.007462264038622379, -0.16083717346191406], [0.0, 0.0, 0.0, 1.0]], [[0.009190401993691921, 0.9997979402542114, -0.017876429483294487, -0.0283203125], [-0.005593626759946346, -0.017825502902269363, -0.9998254776000977, 1.5676383972167969], [-0.9999421834945679, 0.009288793429732323, 0.005428673699498177, -0.031494140625], [0.0, 0.0, 0.0, 1.0]], [[-0.9237385988235474, 0.38276809453964233, -0.013981428928673267, 1.041748046875], [-0.0016355187399312854, -0.040444232523441315, -0.9991804361343384, 1.5476131439208984], [-0.3830198347568512, -0.9229587316513062, 0.03798592835664749, -0.092529296875], [0.0, 0.0, 0.0, 1.0]]], "view": [[0.0, -2.0, 100.0], [-2.0, 0.0, 100.0], [0.0, 0.0, 1.0]], "bev": "bev_824defc41239478086017dc090b71c9f.png", "aux": "aux_824defc41239478086017dc090b71c9f.npz", "visibility": "visibility_824defc41239478086017dc090b71c9f.png", "pose": [[-0.9995381236076355, 0.0303899347782135, 0.0, 2060.704833984375], [-0.0303899347782135, -0.9995381236076355, 0.0, 785.5274658203125], [0.0, 0.0, 1.0, 0.0], [0.0, 0.0, 0.0, 1.0]], "pose_inverse": [[-0.9995381236076355, -0.0303899347782135, 0.0, 2083.625244140625], [0.0303899347782135, -0.9995381236076355, 0.0, 722.5399780273438], [0.0, 0.0, 1.0, 0.0], [0.0, 0.0, 0.0, 1.0]], "cam_ids": [0, 1, 2, 3, 4, 5], "cam_channels": ["CAM_FRONT_LEFT", "CAM_FRONT", "CAM_FRONT_RIGHT", "CAM_BACK_LEFT", "CAM_BACK", "CAM_BACK_RIGHT"], "token": "824defc41239478086017dc090b71c9f", "scene": "scene-0440"}, {"images": ["samples/CAM_FRONT_LEFT/n008-2018-09-18-12-07-26-0400__CAM_FRONT_LEFT__1537286911504799.jpg", "samples/CAM_FRONT/n008-2018-09-18-12-07-26-0400__CAM_FRONT__1537286911512404.jpg", "samples/CAM_FRONT_RIGHT/n008-2018-09-18-12-07-26-0400__CAM_FRONT_RIGHT__1537286911520482.jpg", "samples/CAM_BACK_LEFT/n008-2018-09-18-12-07-26-0400__CAM_BACK_LEFT__1537286911547417.jpg", "samples/CAM_BACK/n008-2018-09-18-12-07-26-0400__CAM_BACK__1537286911537558.jpg", "samples/CAM_BACK_RIGHT/n008-2018-09-18-12-07-26-0400__CAM_BACK_RIGHT__1537286911528113.jpg"], "intrinsics": [[[1257.8625342125129, 0.0, 827.2410631095686], [0.0, 1257.8625342125129, 450.915498205774], [0.0, 0.0, 1.0]], [[1252.8131021185304, 0.0, 826.588114781398], [0.0, 1252.8131021185304, 469.9846626224581], [0.0, 0.0, 1.0]], [[1256.7485116440405, 0.0, 817.7887570959712], [0.0, 1256.7485116440403, 451.9541780095127], [0.0, 0.0, 1.0]], [[1254.9860565800168, 0.0, 829.5769333630991], [0.0, 1254.9860565800168, 467.1680561863987], [0.0, 0.0, 1.0]], [[796.8910634503094, 0.0, 857.7774326863696], [0.0, 796.8910634503094, 476.8848988407415], [0.0, 0.0, 1.0]], [[1249.9629280788233, 0.0, 825.3768045375984], [0.0, 1249.9629280788233, 462.54816385708756], [0.0, 0.0, 1.0]]], "extrinsics": [[[0.8219979405403137, -0.5693026781082153, 0.01462392695248127, -0.774169921875], [0.005327853374183178, -0.017990197986364365, -0.9998239278793335, 1.4898067712783813], [0.5694655179977417, 0.8219311833381653, -0.011754746548831463, -1.175048828125], [0.0, 0.0, 0.0, 1.0]], [[0.009357173927128315, -0.9997071623802185, 0.022319598123431206, 0.0087890625], [0.007229093927890062, -0.022252360358834267, -0.9997262954711914, 1.4818847179412842], [0.9999301433563232, 0.009515958838164806, 0.007018757984042168, -1.500732421875], [0.0, 0.0, 0.0, 1.0]], [[-0.8444377183914185, -0.5356400609016418, 0.0038329893723130226, 0.9345703125], [0.015191087499260902, -0.03110039234161377, -0.999400794506073, 1.4959239959716797], [0.5354384183883667, -0.8438735008239746, 0.03439929708838463, -1.17730712890625], [0.0, 0.0, 0.0, 1.0]], [[0.9479619264602661, 0.3180377781391144, -0.014832578599452972, -1.1279296875], [-0.010147066786885262, -0.0163841862231493, -0.9998142719268799, 1.5618762969970703], [-0.318221777677536, 0.947936475276947, -0.01230443362146616, -0.16176605224609375], [0.0, 0.0, 0.0, 1.0]], [[0.009562949649989605, 0.9996697902679443, -0.023850765079259872, -0.02862548828125], [-0.008076627738773823, -0.023773856461048126, -0.9996846914291382, 1.5674400329589844], [-0.9999216198921204, 0.009752564132213593, 0.00784661341458559, -0.03369140625], [0.0, 0.0, 0.0, 1.0]], [[-0.9235072135925293, 0.383319228887558, -0.014170398935675621, 1.0333251953125], [-0.0038875709287822247, -0.04629379138350487, -0.9989203214645386, 1.5473251342773438], [-0.38356131315231323, -0.9224550127983093, 0.04424282908439636, -0.0955810546875], [0.0, 0.0, 0.0, 1.0]]], "view": [[0.0, -2.0, 100.0], [-2.0, 0.0, 100.0], [0.0, 0.0, 1.0]], "bev": "bev_6ff6d4415f0f447fa4d11a98c0d0828b.png", "aux": "aux_6ff6d4415f0f447fa4d11a98c0d0828b.npz", "visibility": "visibility_6ff6d4415f0f447fa4d11a98c0d0828b.png", "pose": [[-0.9995587468147278, 0.029704395681619644, 0.0, 2057.614990234375], [-0.029704395681619644, -0.9995587468147278, 0.0, 785.4566650390625], [0.0, 0.0, 1.0, 0.0], [0.0, 0.0, 0.0, 1.0]], "pose_inverse": [[-0.9995587468147278, -0.029704395681619644, 0.0, 2080.03857421875], [0.029704395681619644, -0.9995587468147278, 0.0, 723.9898681640625], [0.0, 0.0, 1.0, 0.0], [0.0, 0.0, 0.0, 1.0]], "cam_ids": [0, 1, 2, 3, 4, 5], "cam_channels": ["CAM_FRONT_LEFT", "CAM_FRONT", "CAM_FRONT_RIGHT", "CAM_BACK_LEFT", "CAM_BACK", "CAM_BACK_RIGHT"], "token": "6ff6d4415f0f447fa4d11a98c0d0828b", "scene": "scene-0440"}, {"images": ["samples/CAM_FRONT_LEFT/n008-2018-09-18-12-07-26-0400__CAM_FRONT_LEFT__1537286912004799.jpg", "samples/CAM_FRONT/n008-2018-09-18-12-07-26-0400__CAM_FRONT__1537286912012404.jpg", "samples/CAM_FRONT_RIGHT/n008-2018-09-18-12-07-26-0400__CAM_FRONT_RIGHT__1537286912020482.jpg", "samples/CAM_BACK_LEFT/n008-2018-09-18-12-07-26-0400__CAM_BACK_LEFT__1537286912047411.jpg", "samples/CAM_BACK/n008-2018-09-18-12-07-26-0400__CAM_BACK__1537286912037558.jpg", "samples/CAM_BACK_RIGHT/n008-2018-09-18-12-07-26-0400__CAM_BACK_RIGHT__1537286912028113.jpg"], "intrinsics": [[[1257.8625342125129, 0.0, 827.2410631095686], [0.0, 1257.8625342125129, 450.915498205774], [0.0, 0.0, 1.0]], [[1252.8131021185304, 0.0, 826.588114781398], [0.0, 1252.8131021185304, 469.9846626224581], [0.0, 0.0, 1.0]], [[1256.7485116440405, 0.0, 817.7887570959712], [0.0, 1256.7485116440403, 451.9541780095127], [0.0, 0.0, 1.0]], [[1254.9860565800168, 0.0, 829.5769333630991], [0.0, 1254.9860565800168, 467.1680561863987], [0.0, 0.0, 1.0]], [[796.8910634503094, 0.0, 857.7774326863696], [0.0, 796.8910634503094, 476.8848988407415], [0.0, 0.0, 1.0]], [[1249.9629280788233, 0.0, 825.3768045375984], [0.0, 1249.9629280788233, 462.54816385708756], [0.0, 0.0, 1.0]]], "extrinsics": [[[0.8223555684089661, -0.5687201619148254, 0.016991348937153816, -0.7738037109375], [0.004293230827897787, -0.02365991473197937, -0.9997108578681946, 1.4894905090332031], [0.5689577460289001, 0.8221907615661621, -0.01701521687209606, -1.1728515625], [0.0, 0.0, 0.0, 1.0]], [[0.009976986795663834, -0.999559223651886, 0.02796049974858761, 0.00726318359375], [0.00626525841653347, -0.02789885923266411, -0.9995911121368408, 1.481623649597168], [0.9999306201934814, 0.010148091241717339, 0.005984150804579258, -1.5], [0.0, 0.0, 0.0, 1.0]], [[-0.844115674495697, -0.5361070036888123, 0.007615180686116219, 0.934326171875], [0.014305148273706436, -0.03671741485595703, -0.9992232918739319, 1.4957056045532227], [0.5359703302383423, -0.8433510661125183, 0.03866283595561981, -1.179107666015625], [0.0, 0.0, 0.0, 1.0]], [[0.9478892087936401, 0.318126380443573, -0.017366131767630577, -1.125732421875], [-0.01096498966217041, -0.02190113067626953, -0.9997000098228455, 1.56182861328125], [-0.31841132044792175, 0.9477953910827637, -0.01727159135043621, -0.16170883178710938], [0.0, 0.0, 0.0, 1.0]], [[0.009305806830525398, 0.9995242953300476, -0.02940230257809162, -0.0279541015625], [-0.008933771401643753, -0.029319295659661293, -0.9995301365852356, 1.5673484802246094], [-0.9999168515205383, 0.009564110077917576, 0.008656681515276432, -0.034912109375], [0.0, 0.0, 0.0, 1.0]], [[-0.9236860275268555, 0.38283732533454895, -0.015483408235013485, 1.0335693359375], [-0.004761655814945698, -0.051877543330192566, -0.998642086982727, 1.5471420288085938], [-0.38312071561813354, -0.922357976436615, 0.04974149912595749, -0.0965576171875], [0.0, 0.0, 0.0, 1.0]]], "view": [[0.0, -2.0, 100.0], [-2.0, 0.0, 100.0], [0.0, 0.0, 1.0]], "bev": "bev_f93faf1ce19a4518b7f2c658c9a90f90.png", "aux": "aux_f93faf1ce19a4518b7f2c658c9a90f90.npz", "visibility": "visibility_f93faf1ce19a4518b7f2c658c9a90f90.png", "pose": [[-0.9995617866516113, 0.02960176393389702, 0.0, 2054.545654296875], [-0.02960176393389702, -0.9995617866516113, 0.0, 785.3761596679688], [0.0, 0.0, 1.0, 0.0], [0.0, 0.0, 0.0, 1.0]], "pose_inverse": [[-0.9995617866516113, -0.02960176393389702, 0.0, 2076.893798828125], [0.02960176393389702, -0.9995617866516113, 0.0, 724.2138061523438], [0.0, 0.0, 1.0, 0.0], [0.0, 0.0, 0.0, 1.0]], "cam_ids": [0, 1, 2, 3, 4, 5], "cam_channels": ["CAM_FRONT_LEFT", "CAM_FRONT", "CAM_FRONT_RIGHT", "CAM_BACK_LEFT", "CAM_BACK", "CAM_BACK_RIGHT"], "token": "f93faf1ce19a4518b7f2c658c9a90f90", "scene": "scene-0440"}, {"images": ["samples/CAM_FRONT_LEFT/n008-2018-09-18-12-07-26-0400__CAM_FRONT_LEFT__1537286912404799.jpg", "samples/CAM_FRONT/n008-2018-09-18-12-07-26-0400__CAM_FRONT__1537286912412404.jpg", "samples/CAM_FRONT_RIGHT/n008-2018-09-18-12-07-26-0400__CAM_FRONT_RIGHT__1537286912420482.jpg", "samples/CAM_BACK_LEFT/n008-2018-09-18-12-07-26-0400__CAM_BACK_LEFT__1537286912447405.jpg", "samples/CAM_BACK/n008-2018-09-18-12-07-26-0400__CAM_BACK__1537286912437558.jpg", "samples/CAM_BACK_RIGHT/n008-2018-09-18-12-07-26-0400__CAM_BACK_RIGHT__1537286912428113.jpg"], "intrinsics": [[[1257.8625342125129, 0.0, 827.2410631095686], [0.0, 1257.8625342125129, 450.915498205774], [0.0, 0.0, 1.0]], [[1252.8131021185304, 0.0, 826.588114781398], [0.0, 1252.8131021185304, 469.9846626224581], [0.0, 0.0, 1.0]], [[1256.7485116440405, 0.0, 817.7887570959712], [0.0, 1256.7485116440403, 451.9541780095127], [0.0, 0.0, 1.0]], [[1254.9860565800168, 0.0, 829.5769333630991], [0.0, 1254.9860565800168, 467.1680561863987], [0.0, 0.0, 1.0]], [[796.8910634503094, 0.0, 857.7774326863696], [0.0, 796.8910634503094, 476.8848988407415], [0.0, 0.0, 1.0]], [[1249.9629280788233, 0.0, 825.3768045375984], [0.0, 1249.9629280788233, 462.54816385708756], [0.0, 0.0, 1.0]]], "extrinsics": [[[0.8224774599075317, -0.5683370232582092, 0.02288883551955223, -0.773681640625], [0.011220280081033707, -0.024021591991186142, -0.9996484518051147, 1.4914627075195312], [0.5686870813369751, 0.8224451541900635, -0.013380320742726326, -1.1739501953125], [0.0, 0.0, 0.0, 1.0]], [[0.010203559882938862, -0.9995494484901428, 0.028227506205439568, 0.00830078125], [0.013225873000919819, -0.02809160389006138, -0.9995178580284119, 1.4832921028137207], [0.9998604655265808, 0.010571972467005253, 0.012933280318975449, -1.49951171875], [0.0, 0.0, 0.0, 1.0]], [[-0.8439416289329529, -0.5364322662353516, 0.0017272313125431538, 0.93359375], [0.02130092680454254, -0.036728616803884506, -0.9990982413291931, 1.4970626831054688], [0.5360119342803955, -0.843143880367279, 0.042423315346241, -1.17718505859375], [0.0, 0.0, 0.0, 1.0]], [[0.9478739500045776, 0.3184657692909241, -0.01070023700594902, -1.12353515625], [-0.004026058129966259, -0.021608155220746994, -0.9997584223747253, 1.5619583129882812], [-0.31862008571624756, 0.9476880431175232, -0.01919964700937271, -0.16293907165527344], [0.0, 0.0, 0.0, 1.0]], [[0.009186618030071259, 0.999534547328949, -0.029090657830238342, -0.0283203125], [-0.0019437287701293826, -0.02907397970557213, -0.9995753765106201, 1.5679073333740234], [-0.9999559