[{"images": ["samples/CAM_FRONT_LEFT/n015-2018-08-02-17-28-51+0800__CAM_FRONT_LEFT__1533202609004844.jpg", "samples/CAM_FRONT/n015-2018-08-02-17-28-51+0800__CAM_FRONT__1533202609012460.jpg", "samples/CAM_FRONT_RIGHT/n015-2018-08-02-17-28-51+0800__CAM_FRONT_RIGHT__1533202609020339.jpg", "samples/CAM_BACK_LEFT/n015-2018-08-02-17-28-51+0800__CAM_BACK_LEFT__1533202609047423.jpg", "samples/CAM_BACK/n015-2018-08-02-17-28-51+0800__CAM_BACK__1533202609037525.jpg", "samples/CAM_BACK_RIGHT/n015-2018-08-02-17-28-51+0800__CAM_BACK_RIGHT__1533202609027893.jpg"], "intrinsics": [[[1272.5979470598488, 0.0, 826.6154927353808], [0.0, 1272.5979470598488, 479.75165386361925], [0.0, 0.0, 1.0]], [[1266.417203046554, 0.0, 816.2670197447984], [0.0, 1266.417203046554, 491.50706579294757], [0.0, 0.0, 1.0]], [[1260.8474446004698, 0.0, 807.968244525554], [0.0, 1260.8474446004698, 495.3344268742088], [0.0, 0.0, 1.0]], [[1256.7414812095406, 0.0, 792.1125740759628], [0.0, 1256.7414812095406, 492.7757465151356], [0.0, 0.0, 1.0]], [[809.2209905677063, 0.0, 829.2196003259838], [0.0, 809.2209905677063, 481.77842384512485], [0.0, 0.0, 1.0]], [[1259.5137405846733, 0.0, 807.2529053838625], [0.0, 1259.5137405846733, 501.19579884916527], [0.0, 0.0, 1.0]]], "extrinsics": [[[0.820973813533783, -0.570911169052124, 0.007899461314082146, -0.96502685546875], [-0.011970914900302887, -0.031043170019984245, -0.9994463920593262, 1.508249282836914], [0.5708403587341309, 0.8204247355461121, -0.03231995925307274, -1.28021240234375], [0.0, 0.0, 0.0, 1.0]], [[0.006212878972291946, -0.999367892742157, 0.035003844648599625, 0.005035400390625], [-0.017263047397136688, -0.035106491297483444, -0.9992344975471497, 1.5205307006835938], [0.9998316764831543, 0.005603867582976818, -0.01747024618089199, -1.692138671875], [0.0, 0.0, 0.0, 1.0]], [[-0.8326902985572815, -0.5533915758132935, 0.01960865594446659, 1.0323486328125], [-0.011643772013485432, -0.017905090004205704, -0.9997718334197998, 1.503645896911621], [0.5536164045333862, -0.8327288031578064, 0.008465833961963654, -1.2486572265625], [0.0, 0.0, 0.0, 1.0]], [[0.9475718140602112, 0.3190227746963501, -0.01822156459093094, -1.1422119140625], [-0.002961799968034029, -0.048252787441015244, -0.9988307356834412, 1.5885534286499023], [-0.31952905654907227, 0.9465178847312927, -0.04477810114622116, -0.10369873046875], [0.0, 0.0, 0.0, 1.0]], [[0.0018513601971790195, 0.9992644786834717, -0.03830337151885033, 0.0027923583984375], [-0.028379499912261963, -0.03823550418019295, -0.9988656640052795, 1.5793571472167969], [-0.9995955228805542, 0.0029362947680056095, 0.028287837281823158, 0.001708984375], [0.0, 0.0, 0.0, 1.0]], [[-0.9350232481956482, 0.35438045859336853, -0.012088109739124775, 1.1363525390625], [0.00424370588734746, -0.02290439046919346, -0.9997286796569824, 1.5514495372772217], [-0.3545612394809723, -0.9348207116127014, 0.019912248477339745, -0.06365966796875], [0.0, 0.0, 0.0, 1.0]]], "view": [[0.0, -2.0, 100.0], [-2.0, 0.0, 100.0], [0.0, 0.0, 1.0]], "bev": "bev_412a6a49f529414c95364de5842795a5.png", "aux": "aux_412a6a49f529414c95364de5842795a5.npz", "visibility": "visibility_412a6a49f529414c95364de5842795a5.png", "pose": [[-0.39201584458351135, 0.9199584722518921, 0.0, 403.57147216796875], [-0.9199584722518921, -0.39201584458351135, 0.0, 1174.03125], [0.0, 0.0, 1.0, 0.0], [0.0, 0.0, 0.0, 1.0]], "pose_inverse": [[-0.39201584458351135, -0.9199584722518921, 0.0, 1238.266357421875], [0.9199584722518921, -0.39201584458351135, 0.0, 88.9698715209961], [0.0, 0.0, 1.0, 0.0], [0.0, 0.0, 0.0, 1.0]], "cam_ids": [0, 1, 2, 3, 4, 5], "cam_channels": ["CAM_FRONT_LEFT", "CAM_FRONT", "CAM_FRONT_RIGHT", "CAM_BACK_LEFT", "CAM_BACK", "CAM_BACK_RIGHT"], "token": "412a6a49f529414c95364de5842795a5", "scene": "scene-0355"}, {"images": ["samples/CAM_FRONT_LEFT/n015-2018-08-02-17-28-51+0800__CAM_FRONT_LEFT__1533202609604844.jpg", "samples/CAM_FRONT/n015-2018-08-02-17-28-51+0800__CAM_FRONT__1533202609612460.jpg", "samples/CAM_FRONT_RIGHT/n015-2018-08-02-17-28-51+0800__CAM_FRONT_RIGHT__1533202609620339.jpg", "samples/CAM_BACK_LEFT/n015-2018-08-02-17-28-51+0800__CAM_BACK_LEFT__1533202609647423.jpg", "samples/CAM_BACK/n015-2018-08-02-17-28-51+0800__CAM_BACK__1533202609637526.jpg", "samples/CAM_BACK_RIGHT/n015-2018-08-02-17-28-51+0800__CAM_BACK_RIGHT__1533202609627893.jpg"], "intrinsics": [[[1272.5979470598488, 0.0, 826.6154927353808], [0.0, 1272.5979470598488, 479.75165386361925], [0.0, 0.0, 1.0]], [[1266.417203046554, 0.0, 816.2670197447984], [0.0, 1266.417203046554, 491.50706579294757], [0.0, 0.0, 1.0]], [[1260.8474446004698, 0.0, 807.968244525554], [0.0, 1260.8474446004698, 495.3344268742088], [0.0, 0.0, 1.0]], [[1256.7414812095406, 0.0, 792.1125740759628], [0.0, 1256.7414812095406, 492.7757465151356], [0.0, 0.0, 1.0]], [[809.2209905677063, 0.0, 829.2196003259838], [0.0, 809.2209905677063, 481.77842384512485], [0.0, 0.0, 1.0]], [[1259.5137405846733, 0.0, 807.2529053838625], [0.0, 1259.5137405846733, 501.19579884916527], [0.0, 0.0, 1.0]]], "extrinsics": [[[0.8209621906280518, -0.5709261298179626, 0.008023075759410858, -0.96502685546875], [-0.011918503791093826, -0.031183091923594475, -0.9994426369667053, 1.508249282836914], [0.5708581209182739, 0.8204089403152466, -0.03240472078323364, -1.2802734375], [0.0, 0.0, 0.0, 1.0]], [[0.006195981055498123, -0.9993634819984436, 0.035131532698869705, 0.00505828857421875], [-0.017213717103004456, -0.03523359075188637, -0.9992308616638184, 1.5205326080322266], [0.9998326301574707, 0.005586480256170034, -0.017421066761016846, -1.6923828125], [0.0, 0.0, 0.0, 1.0]], [[-0.8326970338821411, -0.55338054895401, 0.01963295228779316, 1.0322265625], [-0.011597055941820145, -0.01801944151520729, -0.9997703433036804, 1.5036430358886719], [0.5536072850227356, -0.8327335715293884, 0.008587152697145939, -1.24871826171875], [0.0, 0.0, 0.0, 1.0]], [[0.9475724101066589, 0.31902164220809937, -0.018213588744401932, -1.14208984375], [-0.002913865726441145, -0.048370055854320526, -0.9988252520561218, 1.5885586738586426], [-0.31952783465385437, 0.9465123414993286, -0.044904548674821854, -0.10369873046875], [0.0, 0.0, 0.0, 1.0]], [[0.0018549506785348058, 0.9992598295211792, -0.03842213377356529, 0.00274658203125], [-0.028339294716715813, -0.038354240357875824, -0.9988622665405273, 1.5793571472167969], [-0.9995965957641602, 0.0029416538309305906, 0.028247175738215446, 0.001708984375], [0.0, 0.0, 0.0, 1.0]], [[-0.9350202679634094, 0.3543849289417267, -0.012175099924206734, 1.13623046875], [0.004291505552828312, -0.023023314774036407, -0.9997256994247437, 1.551445722579956], [-0.3545679748058319, -0.9348161816596985, 0.02000642567873001, -0.06365966796875], [0.0, 0.0, 0.0, 1.0]]], "view": [[0.0, -2.0, 100.0], [-2.0, 0.0, 100.0], [0.0, 0.0, 1.0]], "bev": "bev_6eb738a00928413380726f00bcef66ca.png", "aux": "aux_6eb738a00928413380726f00bcef66ca.npz", "visibility": "visibility_6eb738a00928413380726f00bcef66ca.png", "pose": [[-0.39198094606399536, 0.9199733138084412, 0.0, 403.5714416503906], [-0.9199733138084412, -0.39198094606399536, 0.0, 1174.03125], [0.0, 0.0, 1.0, 0.0], [0.0, 0.0, 0.0, 1.0]], "pose_inverse": [[-0.39198094606399536, -0.9199733138084412, 0.0, 1238.269775390625], [0.9199733138084412, -0.39198094606399536, 0.0, 88.92292022705078], [0.0, 0.0, 1.0, 0.0], [0.0, 0.0, 0.0, 1.0]], "cam_ids": [0, 1, 2, 3, 4, 5], "cam_channels": ["CAM_FRONT_LEFT", "CAM_FRONT", "CAM_FRONT_RIGHT", "CAM_BACK_LEFT", "CAM_BACK", "CAM_BACK_RIGHT"], "token": "6eb738a00928413380726f00bcef66ca", "scene": "scene-0355"}, {"images": ["samples/CAM_FRONT_LEFT/n015-2018-08-02-17-28-51+0800__CAM_FRONT_LEFT__1533202610154844.jpg", "samples/CAM_FRONT/n015-2018-08-02-17-28-51+0800__CAM_FRONT__1533202610162460.jpg", "samples/CAM_FRONT_RIGHT/n015-2018-08-02-17-28-51+0800__CAM_FRONT_RIGHT__1533202610170339.jpg", "samples/CAM_BACK_LEFT/n015-2018-08-02-17-28-51+0800__CAM_BACK_LEFT__1533202610197423.jpg", "samples/CAM_BACK/n015-2018-08-02-17-28-51+0800__CAM_BACK__1533202610187525.jpg", "samples/CAM_BACK_RIGHT/n015-2018-08-02-17-28-51+0800__CAM_BACK_RIGHT__1533202610177893.jpg"], "intrinsics": [[[1272.5979470598488, 0.0, 826.6154927353808], [0.0, 1272.5979470598488, 479.75165386361925], [0.0, 0.0, 1.0]], [[1266.417203046554, 0.0, 816.2670197447984], [0.0, 1266.417203046554, 491.50706579294757], [0.0, 0.0, 1.0]], [[1260.8474446004698, 0.0, 807.968244525554], [0.0, 1260.8474446004698, 495.3344268742088], [0.0, 0.0, 1.0]], [[1256.7414812095406, 0.0, 792.1125740759628], [0.0, 1256.7414812095406, 492.7757465151356], [0.0, 0.0, 1.0]], [[809.2209905677063, 0.0, 829.2196003259838], [0.0, 809.2209905677063, 481.77842384512485], [0.0, 0.0, 1.0]], [[1259.5137405846733, 0.0, 807.2529053838625], [0.0, 1259.5137405846733, 501.19579884916527], [0.0, 0.0, 1.0]]], "extrinsics": [[[0.820975124835968, -0.5709068179130554, 0.00807694997638464, -0.96490478515625], [-0.011900541372597218, -0.03125288337469101, -0.999440610408783, 1.5082454681396484], [0.5708398222923279, 0.8204198479652405, -0.032451942563056946, -1.28021240234375], [0.0, 0.0, 0.0, 1.0]], [[0.006212614476680756, -0.9993606209754944, 0.03520962595939636, 0.00508880615234375], [-0.01720024086534977, -0.03531188890337944, -0.999228298664093, 1.5205345153808594], [0.9998327493667603, 0.0056022466160357, -0.017408622428774834, -1.6922607421875], [0.0, 0.0, 0.0, 1.0]], [[-0.8326902985572815, -0.5533892512321472, 0.01967187412083149, 1.0323486328125], [-0.011587508022785187, -0.01810392737388611, -0.9997689723968506, 1.5036439895629883], [0.553617537021637, -0.832726001739502, 0.008662566542625427, -1.24871826171875], [0.0, 0.0, 0.0, 1.0]], [[0.9475714564323425, 0.31902340054512024, -0.018228869885206223, -1.1422119140625], [-0.00290350872091949, -0.04844818264245987, -0.9988214373588562, 1.5885562896728516], [-0.31953054666519165, 0.9465076923370361, -0.044981833547353745, -0.10369873046875], [0.0, 0.0, 0.0, 1.0]], [[0.0018495845142751932, 0.9992570877075195, -0.03849676996469498, 0.00281524658203125], [-0.028329377993941307, -0.03842902556061745, -0.998859703540802, 1.5793571472167969], [-0.999596893787384, 0.00293805543333292, 0.028237251564860344, 0.0015869140625], [0.0, 0.0, 0.0, 1.0]], [[-0.9350234270095825, 0.3543756306171417, -0.012206457555294037, 1.1361083984375], [0.004294652491807938, -0.023103982210159302, -0.9997238516807556, 1.551450252532959], [-0.3545597493648529, -0.9348176717758179, 0.020080845803022385, -0.06365966796875], [0.0, 0.0, 0.0, 1.0]]], "view": [[0.0, -2.0, 100.0], [-2.0, 0.0, 100.0], [0.0, 0.0, 1.0]], "bev": "bev_39906c5ba91b4598aa6d1b5090a43fb1.png", "aux": "aux_39906c5ba91b4598aa6d1b5090a43fb1.npz", "visibility": "visibility_39906c5ba91b4598aa6d1b5090a43fb1.png", "pose": [[-0.39198026061058044, 0.919973611831665, 0.0, 403.5714111328125], [-0.919973611831665, -0.39198026061058044, 0.0, 1174.03125], [0.0, 0.0, 1.0, 0.0], [0.0, 0.0, 0.0, 1.0]], "pose_inverse": [[-0.39198026061058044, -0.919973611831665, 0.0, 1238.269775390625], [0.919973611831665, -0.39198026061058044, 0.0, 88.92204284667969], [0.0, 0.0, 1.0, 0.0], [0.0, 0.0, 0.0, 1.0]], "cam_ids": [0, 1, 2, 3, 4, 5], "cam_channels": ["CAM_FRONT_LEFT", "CAM_FRONT", "CAM_FRONT_RIGHT", "CAM_BACK_LEFT", "CAM_BACK", "CAM_BACK_RIGHT"], "token": "39906c5ba91b4598aa6d1b5090a43fb1", "scene": "scene-0355"}, {"images": ["samples/CAM_FRONT_LEFT/n015-2018-08-02-17-28-51+0800__CAM_FRONT_LEFT__1533202610604844.jpg", "samples/CAM_FRONT/n015-2018-08-02-17-28-51+0800__CAM_FRONT__1533202610612460.jpg", "samples/CAM_FRONT_RIGHT/n015-2018-08-02-17-28-51+0800__CAM_FRONT_RIGHT__1533202610620339.jpg", "samples/CAM_BACK_LEFT/n015-2018-08-02-17-28-51+0800__CAM_BACK_LEFT__1533202610647599.jpg", "samples/CAM_BACK/n015-2018-08-02-17-28-51+0800__CAM_BACK__1533202610637525.jpg", "samples/CAM_BACK_RIGHT/n015-2018-08-02-17-28-51+0800__CAM_BACK_RIGHT__1533202610627893.jpg"], "intrinsics": [[[1272.5979470598488, 0.0, 826.6154927353808], [0.0, 1272.5979470598488, 479.75165386361925], [0.0, 0.0, 1.0]], [[1266.417203046554, 0.0, 816.2670197447984], [0.0, 1266.417203046554, 491.50706579294757], [0.0, 0.0, 1.0]], [[1260.8474446004698, 0.0, 807.968244525554], [0.0, 1260.8474446004698, 495.3344268742088], [0.0, 0.0, 1.0]], [[1256.7414812095406, 0.0, 792.1125740759628], [0.0, 1256.7414812095406, 492.7757465151356], [0.0, 0.0, 1.0]], [[809.2209905677063, 0.0, 829.2196003259838], [0.0, 809.2209905677063, 481.77842384512485], [0.0, 0.0, 1.0]], [[1259.5137405846733, 0.0, 807.2529053838625], [0.0, 1259.5137405846733, 501.19579884916527], [0.0, 0.0, 1.0]]], "extrinsics": [[[0.8209781050682068, -0.570904016494751, 0.007972749881446362, -0.96502685546875], [-0.012074261903762817, -0.03132043033838272, -0.9994364380836487, 1.5082473754882812], [0.5708320736885071, 0.820419192314148, -0.03260663524270058, -1.28021240234375], [0.0, 0.0, 0.0, 1.0]], [[0.00622192258015275, -0.9993582367897034, 0.0352768674492836, 0.00507354736328125], [-0.01736699789762497, -0.03538022190332413, -0.9992230534553528, 1.5205326080322266], [0.9998298287391663, 0.005604472476989031, -0.017575982958078384, -1.692138671875], [0.0, 0.0, 0.0, 1.0]], [[-0.8326857089996338, -0.5533902645111084, 0.019845517352223396, 1.032470703125], [-0.01174852903932333, -0.018175307661294937, -0.9997657537460327, 1.5036439895629883], [0.5536213517189026, -0.8327237963676453, 0.008632798679172993, -1.24871826171875], [0.0, 0.0, 0.0, 1.0]], [[0.9475688338279724, 0.31902170181274414, -0.018400896340608597, -1.14208984375], [-0.003062325995415449, -0.04851512983441353, -0.9988177418708801, 1.5885567665100098], [-0.3195372223854065, 0.9465049505233765, -0.044994473457336426, -0.103668212890625], [0.0, 0.0, 0.0, 1.0]], [[0.0018425469752401114, 0.9992539882659912, -0.038576286286115646, 0.00276947021484375], [-0.028487008064985275, -0.03850824758410454, -0.9988521337509155, 1.5793571472167969], [-0.9995925426483154, 0.0029392687138170004, 0.028394799679517746, 0.001953125], [0.0, 0.0, 0.0, 1.0]], [[-0.9350261688232422, 0.3543727993965149, -0.012081772089004517, 1.1361083984375], [0.004131686873733997, -0.023182328790426254, -0.9997227191925049, 1.551450490951538], [-0.3545546233654022, -0.9348168969154358, 0.020211923867464066, -0.063720703125], [0.0, 0.0, 0.0, 1.0]]], "view": [[0.0, -2.0, 100.0], [-2.0, 0.0, 100.0], [0.0, 0.0, 1.0]], "bev": "bev_82bffd6695374dfba40a1bd400f5d05e.png", "aux": "aux_82bffd6695374dfba40a1bd400f5d05e.npz", "visibility": "visibility_82bffd6695374dfba40a1bd400f5d05e.png", "pose": [[-0.3919592499732971, 0.9199826121330261, 0.0, 403.5713806152344], [-0.9199826121330261, -0.3919592499732971, 0.0, 1174.03125], [0.0, 0.0, 1.0, 0.0], [0.0, 0.0, 0.0, 1.0]], "pose_inverse": [[-0.3919592499732971, -0.9199826121330261, 0.0, 1238.2718505859375], [0.9199826121330261, -0.3919592499732971, 0.0, 88.89376068115234], [0.0, 0.0, 1.0, 0.0], [0.0, 0.0, 0.0, 1.0]], "cam_ids": [0, 1, 2, 3, 4, 5], "cam_channels": ["CAM_FRONT_LEFT", "CAM_FRONT", "CAM_FRONT_RIGHT", "CAM_BACK_LEFT", "CAM_BACK", "CAM_BACK_RIGHT"], "token": "82bffd6695374dfba40a1bd400f5d05e", "scene": "scene-0355"}, {"images": ["samples/CAM_FRONT_LEFT/n015-2018-08-02-17-28-51+0800__CAM_FRONT_LEFT__1533202611104844.jpg", "samples/CAM_FRONT/n015-2018-08-02-17-28-51+0800__CAM_FRONT__1533202611112460.jpg", "samples/CAM_FRONT_RIGHT/n015-2018-08-02-17-28-51+0800__CAM_FRONT_RIGHT__1533202611120339.jpg", "samples/CAM_BACK_LEFT/n015-2018-08-02-17-28-51+0800__CAM_BACK_LEFT__1533202611147423.jpg", "samples/CAM_BACK/n015-2018-08-02-17-28-51+0800__CAM_BACK__1533202611137553.jpg", "samples/CAM_BACK_RIGHT/n015-2018-08-02-17-28-51+0800__CAM_BACK_RIGHT__1533202611127893.jpg"], "intrinsics": [[[1272.5979470598488, 0.0, 826.6154927353808], [0.0, 1272.5979470598488, 479.75165386361925], [0.0, 0.0, 1.0]], [[1266.417203046554, 0.0, 816.2670197447984], [0.0, 1266.417203046554, 491.50706579294757], [0.0, 0.0, 1.0]], [[1260.8474446004698, 0.0, 807.968244525554], [0.0, 1260.8474446004698, 495.3344268742088], [0.0, 0.0, 1.0]], [[1256.7414812095406, 0.0, 792.1125740759628], [0.0, 1256.7414812095406, 492.7757465151356], [0.0, 0.0, 1.0]], [[809.2209905677063, 0.0, 829.2196003259838], [0.0, 809.2209905677063, 481.77842384512485], [0.0, 0.0, 1.0]], [[1259.5137405846733, 0.0, 807.2529053838625], [0.0, 1259.5137405846733, 501.19579884916527], [0.0, 0.0, 1.0]]], "extrinsics": [[[0.8209658265113831, -0.5709219574928284, 0.00796075351536274, -0.96502685546875], [-0.012105569243431091, -0.03134319186210632, -0.9994353652000427, 1.5082473754882812], [0.5708491206169128, 0.8204058408737183, -0.032643020153045654, -1.28033447265625], [0.0, 0.0, 0.0, 1.0]], [[0.00620580418035388, -0.9993576407432556, 0.035295549780130386, 0.00504302978515625], [-0.017393141984939575, -0.03539876267313957, -0.999221920967102, 1.5205345153808594], [0.9998294115066528, 0.005587051156908274, -0.01760164648294449, -1.692138671875], [0.0, 0.0, 0.0, 1.0]], [[-0.8326918482780457, -0.5533800721168518, 0.019870465621352196, 1.032470703125], [-0.011769050732254982, -0.018189687281847, -0.9997652173042297, 1.503645896911621], [0.5536115765571594, -0.832730233669281, 0.008633648045361042, -1.24871826171875], [0.0, 0.0, 0.0, 1.0]], [[0.9475688934326172, 0.31901970505714417, -0.018432974815368652, -1.1422119140625], [-0.0030945222824811935, -0.04852021858096123, -0.9988173842430115, 1.5885577201843262], [-0.3195367455482483, 0.9465051889419556, -0.04498903080821037, -0.103729248046875], [0.0, 0.0, 0.0, 1.0]], [[0.0018463098676875234, 0.9992538690567017, -0.03858109191060066, 0.0028228759765625], [-0.02850891463458538, -0.03851287439465523, -0.9988513588905334, 1.5793571472167969], [-0.9995918273925781, 0.002944130916148424, 0.028416533023118973, 0.0018310546875], [0.0, 0.0, 0.0, 1.0]], [[-0.9350234866142273, 0.3543801009654999, -0.01207241415977478, 1.1361083984375], [0.004117103293538094, -0.023193949833512306, -0.9997225403785706, 1.5514509677886963], [-0.35456177592277527, -0.9348137378692627, 0.020227866247296333, -0.06378173828125], [0.0, 0.0, 0.0, 1.0]]], "view": [[0.0, -2.0, 100.0], [-2.0, 0.0, 100.0], [0.0, 0.0, 1.0]], "bev": "bev_17f093975cd84eb9a53143b7e7591e6e.png", "aux": "aux_17f093975cd84eb9a53143b7e7591e6e.npz", "visibility": "visibility_17f093975cd84eb9a53143b7e7591e6e.png", "pose": [[-0.3919450640678406, 0.9199886322021484, 0.0, 403.57135009765625], [-0.9199886322021484, -0.3919450640678406, 0.0, 1174.03125], [0.0, 0.0, 1.0, 0.0], [0.0, 0.0, 0.0, 1.0]], "pose_inverse": [[-0.3919450640678406, -0.9199886322021484, 0.0, 1238.273193359375], [0.9199886322021484, -0.3919450640678406, 0.0, 88.87471008300781], [0.0, 0.0, 1.0, 0.0], [0.0, 0.0, 0.0, 1.0]], "cam_ids": [0, 1, 2, 3, 4, 5], "cam_channels": ["CAM_FRONT_LEFT", "CAM_FRONT", "CAM_FRONT_RIGHT", "CAM_BACK_LEFT", "CAM_BACK", "CAM_BACK_RIGHT"], "token": "17f093975cd84eb9a53143b7e7591e6e", "scene": "scene-0355"}, {"images": ["samples/CAM_FRONT_LEFT/n015-2018-08-02-17-28-51+0800__CAM_FRONT_LEFT__1533202611604844.jpg", "samples/CAM_FRONT/n015-2018-08-02-17-28-51+0800__CAM_FRONT__1533202611612460.jpg", "samples/CAM_FRONT_RIGHT/n015-2018-08-02-17-28-51+0800__CAM_FRONT_RIGHT__1533202611620339.jpg", "samples/CAM_BACK_LEFT/n015-2018-08-02-17-28-51+0800__CAM_BACK_LEFT__1533202611647468.jpg", "samples/CAM_BACK/n015-2018-08-02-17-28-51+0800__CAM_BACK__1533202611637525.jpg", "samples/CAM_BACK_RIGHT/n015-2018-08-02-17-28-51+0800__CAM_BACK_RIGHT__1533202611627893.jpg"], "intrinsics": [[[1272.5979470598488, 0.0, 826.6154927353808], [0.0, 1272.5979470598488, 479.75165386361925], [0.0, 0.0, 1.0]], [[1266.417203046554, 0.0, 816.2670197447984], [0.0, 1266.417203046554, 491.50706579294757], [0.0, 0.0, 1.0]], [[1260.8474446004698, 0.0, 807.968244525554], [0.0, 1260.8474446004698, 495.3344268742088], [0.0, 0.0, 1.0]], [[1256.7414812095406, 0.0, 792.1125740759628], [0.0, 1256.7414812095406, 492.7757465151356], [0.0, 0.0, 1.0]], [[809.2209905677063, 0.0, 829.2196003259838], [0.0, 809.2209905677063, 481.77842384512485], [0.0, 0.0, 1.0]], [[1259.5137405846733, 0.0, 807.2529053838625], [0.0, 1259.5137405846733, 501.19579884916527], [0.0, 0.0, 1.0]]], "extrinsics": [[[0.82097327709198, -0.5709100365638733, 0.008035952225327492, -0.965087890625], [-0.012098952196538448, -0.031466078013181686, -0.9994316101074219, 1.5082454681396484], [0.5708383321762085, 0.8204094171524048, -0.03274022415280342, -1.28021240234375], [0.0, 0.0, 0.0, 1.0]], [[0.006214624270796776, -0.9993530511856079, 0.035423893481492996, 0.00504302978515625], [-0.01740109920501709, -0.035527292639017105, -0.9992172122001648, 1.5205326080322266], [0.9998291730880737, 0.005593357607722282, -0.01761063188314438, -1.692138671875], [0.0, 0.0, 0.0, 1.0]], [[-0.8326893448829651, -0.5533803105354309, 0.019964175298810005, 1.0323486328125], [-0.011792203411459923, -0.01832408644258976, -0.9997625350952148, 1.5036439895629883], [0.5536146759986877, -0.8327270746231079, 0.00873270258307457, -1.24859619140625], [0.0, 0.0, 0.0, 1.0]], [[0.9475681781768799, 0.3190176784992218, -0.01850089058279991, -1.1422119140625], [-0.003109864890575409, -0.04868711903691292, -0.9988092184066772, 1.5885558128356934], [-0.31953859329223633, 0.94649738073349, -0.04514226317405701, -0.103668212890625], [0.0, 0.0, 0.0, 1.0]], [[0.001843465375714004, 0.9992477297782898, -0.03873619809746742, 0.00278472900390625], [-0.028526825830340385, -0.0386679507791996, -0.9988448619842529, 1.5793571472167969], [-0.9995912909507751, 0.0029463758692145348, 0.028434084728360176, 0.0018310546875], [0.0, 0.0, 0.0, 1.0]], [[-0.9350240230560303, 0.35437771677970886, -0.012099236249923706, 1.13623046875], [0.004093878902494907, -0.023330938071012497, -0.9997193813323975, 1.551450252532959], [-0.35456061363220215, -0.9348112344741821, 0.02036421187222004, -0.063720703125], [0.0, 0.0, 0.0, 1.0]]], "view": [[0.0, -2.0, 100.0], [-2.0, 0.0, 100.0], [0.0, 0.0, 1.0]], "bev": "bev_4fbdfb3907c14baa8a05003c3205ee69.png", "aux": "aux_4fbdfb3907c14baa8a05003c3205ee69.npz", "visibility": "visibility_4fbdfb3907c14baa8a05003c3205ee69.png", "pose": [[-0.39195799827575684, 0.9199830889701843, 0.0, 403.57135009765625], [-0.9199830889701843, -0.39195799827575684, 0.0, 1174.03125], [0.0, 0.0, 1.0, 0.0], [0.0, 0.0, 0.0, 1.0]], "pose_inverse": [[-0.39195799827575684, -0.9199830889701843, 0.0, 1238.27197265625], [0.9199830889701843, -0.39195799827575684, 0.0, 88.89210510253906], [0.0, 0.0, 1.0, 0.0], [0.0, 0.0, 0.0, 1.0]], "cam_ids": [0, 1, 2, 3, 4, 5], "cam_channels": ["CAM_FRONT_LEFT", "CAM_FRONT", "CAM_FRONT_RIGHT", "CAM_BACK_LEFT", "CAM_BACK", "CAM_BACK_RIGHT"], "token": "4fbdfb3907c14baa8a05003c3205ee69", "scene": "scene-0355"}, {"images": ["samples/CAM_FRONT_LEFT/n015-2018-08-02-17-28-51+0800__CAM_FRONT_LEFT__1533202612154844.jpg", "samples/CAM_FRONT/n015-2018-08-02-17-28-51+0800__CAM_FRONT__1533202612162460.jpg", "samples/CAM_FRONT_RIGHT/n015-2018-08-02-17-28-51+0800__CAM_FRONT_RIGHT__1533202612170339.jpg", "samples/CAM_BACK_LEFT/n015-2018-08-02-17-28-51+0800__CAM_BACK_LEFT__1533202612197429.jpg", "samples/CAM_BACK/n015-2018-08-02-17-28-51+0800__CAM_BACK__1533202612187525.jpg", "samples/CAM_BACK_RIGHT/n015-2018-08-02-17-28-51+0800__CAM_BACK_RIGHT__1533202612177893.jpg"], "intrinsics": [[[1272.5979470598488, 0.0, 826.6154927353808], [0.0, 1272.5979470598488, 479.75165386361925], [0.0, 0.0, 1.0]], [[1266.417203046554, 0.0, 816.2670197447984], [0.0, 1266.417203046554, 491.50706579294757], [0.0, 0.0, 1.0]], [[1260.8474446004698, 0.0, 807.968244525554], [0.0, 1260.8474446004698, 495.3344268742088], [0.0, 0.0, 1.0]], [[1256.7414812095406, 0.0, 792.1125740759628], [0.0, 1256.7414812095406, 492.7757465151356], [0.0, 0.0, 1.0]], [[809.2209905677063, 0.0, 829.2196003259838], [0.0, 809.2209905677063, 481.77842384512485], [0.0, 0.0, 1.0]], [[1259.5137405846733, 0.0, 807.2529053838625], [0.0, 1259.5137405846733, 501.19579884916527], [0.0, 0.0, 1.0]]], "extrinsics": [[[0.8209990859031677, -0.5708745718002319, 0.007920092903077602, -0.9649658203125], [-0.012278982438147068, -0.031524598598480225, -0.9994275569915771, 1.5082473754882812], [0.5707973837852478, 0.8204318881034851, -0.03289142623543739, -1.2801513671875], [0.0, 0.0, 0.0, 1.0]], [[0.006256029941141605, -0.9993511438369751, 0.03547060117125511, 0.0050506591796875], [-0.017565475776791573, -0.03557564690709114, -0.9992126226425171, 1.5205345153808594], [0.9998261332511902, 0.005628047976642847, -0.01777663826942444, -1.6922607421875], [0.0, 0.0, 0.0, 1.0]], [[-0.8326697945594788, -0.5534043312072754, 0.020114773884415627, 1.0322265625], [-0.01194106787443161, -0.018371697515249252, -0.9997599124908447, 1.5036439895629883], [0.5536410212516785, -0.8327100872993469, 0.008689319714903831, -1.24871826171875], [0.0, 0.0, 0.0, 1.0]], [[0.9475623965263367, 0.319026380777359, -0.018648343160748482, -1.1422119140625], [-0.0032435611356049776, -0.04875018820166588, -0.9988057613372803, 1.5885558128356934], [-0.31955447793006897, 0.9464912414550781, -0.04515905678272247, -0.10369873046875], [0.0, 0.0, 0.0, 1.0]], [[0.0018237928161397576, 0.9992454648017883, -0.03879750147461891, 0.002777099609375], [-0.028662580996751785, -0.038729388266801834, -0.9988386034965515, 1.5793533325195312], [-0.9995875358581543, 0.0029336861334741116, 0.028570320457220078, 0.001708984375], [0.0, 0.0, 0.0, 1.0]], [[-0.9350343346595764, 0.3543544411659241, -0.011986049823462963, 1.13623046875], [0.00395300192758441, -0.023384738713502884, -0.9997187256813049, 1.5514488220214844], [-0.3545350730419159, -0.9348188042640686, 0.02046477049589157, -0.06365966796875], [0.0, 0.0, 0.0, 1.0]]], "view": [[0.0, -2.0, 100.0], [-2.0, 0.0, 100.0], [0.0, 0.0, 1.0]], "bev": "bev_fd38ea4d09644a6b92b94f7df88f42cd.png", "aux": "aux_fd38ea4d09644a6b92b94f7df88f42cd.npz", "visibility": "visibility_fd38ea4d09644a6b92b94f7df88f42cd.png", "pose": [[-0.3920677602291107, 0.9199363589286804, 0.0, 403.5713195800781], [-0.9199363589286804, -0.3920677602291107, 0.0, 1174.03125], [0.0, 0.0, 1.0, 0.0], [0.0, 0.0, 0.0, 1.0]], "pose_inverse": [[-0.3920677602291107, -0.9199363589286804, 0.0, 1238.2613525390625], [0.9199363589286804, -0.3920677602291107, 0.0, 89.03987121582031], [0.0, 0.0, 1.0, 0.0], [0.0, 0.0, 0.0, 1.0]], "cam_ids": [0, 1, 2, 3, 4, 5], "cam_channels": ["CAM_FRONT_LEFT", "CAM_FRONT", "CAM_FRONT_RIGHT", "CAM_BACK_LEFT", "CAM_BACK", "CAM_BACK_RIGHT"], "token": "fd38ea4d09644a6b92b94f7df88f42cd", "scene": "scene-0355"}, {"images": ["samples/CAM_FRONT_LEFT/n015-2018-08-02-17-28-51+0800__CAM_FRONT_LEFT__1533202612655397.jpg", "samples/CAM_FRONT/n015-2018-08-02-17-28-51+0800__CAM_FRONT__1533202612662460.jpg", "samples/CAM_FRONT_RIGHT/n015-2018-08-02-17-28-51+0800__CAM_FRONT_RIGHT__1533202612670339.jpg", "samples/CAM_BACK_LEFT/n015-2018-08-02-17-28-51+0800__CAM_BACK_LEFT__1533202612697423.jpg", "samples/CAM_BACK/n015-2018-08-02-17-28-51+0800__CAM_BACK__1533202612687525.jpg", "samples/CAM_BACK_RIGHT/n015-2018-08-02-17-28-51+0800__CAM_BACK_RIGHT__1533202612677916.jpg"], "intrinsics": [[[1272.5979470598488, 0.0, 826.6154927353808], [0.0, 1272.5979470598488, 479.75165386361925], [0.0, 0.0, 1.0]], [[1266.417203046554, 0.0, 816.2670197447984], [0.0, 1266.417203046554, 491.50706579294757], [0.0, 0.0, 1.0]], [[1260.8474446004698, 0.0, 807.968244525554], [0.0, 1260.8474446004698, 495.3344268742088], [0.0, 0.0, 1.0]], [[1256.7414812095406, 0.0, 792.1125740759628], [0.0, 1256.7414812095406, 492.7757465151356], [0.0, 0.0, 1.0]], [[809.2209905677063, 0.0, 829.2196003259838], [0.0, 809.2209905677063, 481.77842384512485], [0.0, 0.0, 1.0]], [[1259.5137405846733, 0.0, 807.2529053838625], [0.0, 1259.5137405846733, 501.19579884916527], [0.0, 0.0, 1.0]]], "extrinsics": [[[0.8209874629974365, -0.5708909034729004, 0.007945274002850056, -0.96490478515625], [-0.012307427823543549, -0.03160839527845383, -0.9994245171546936, 1.508249282836914], [0.5708135366439819, 0.8204172253608704, -0.032976292073726654, -1.28021240234375], [0.0, 0.0, 0.0, 1.0]], [[0.006242129486054182, -0.9993481040000916, 0.035558536648750305, 0.00507354736328125], [-0.017600042745471, -0.03566351905465126, -0.999208927154541, 1.5205345153808594], [0.9998255968093872, 0.0056113689206540585, -0.017811184749007225, -1.692138671875], [0.0, 0.0, 0.0, 1.0]], [[-0.8326743841171265, -0.5533941984176636, 0.020200470462441444, 1.0322265625], [-0.011983147822320461, -0.01846335642039776, -0.999757707118988, 1.5036420822143555], [0.5536331534385681, -0.8327147960662842, 0.0087425597012043, -1.2486572265625], [0.0, 0.0, 0.0, 1.0]], [[0.9475610256195068, 0.31902655959129333, -0.018711315467953682, -1.1422119140625], [-0.003286586608737707, -0.04881932958960533, -0.9988022446632385, 1.588559627532959], [-0.31955787539482117, 0.9464874863624573, -0.045210786163806915, -0.103759765625], [0.0, 0.0, 0.0, 1.0]], [[0.001822200370952487, 0.9992426633834839, -0.038870666176080704, 0.0028533935546875], [-0.028715167194604874, -0.03880241513252258, -0.9988342523574829, 1.5793647766113281], [-0.9995859861373901, 0.002936336910352111, 0.028622709214687347, 0.0018310546875], [0.0, 0.0, 0.0, 1.0]], [[-0.9350331425666809, 0.35435837507247925, -0.01197034027427435, 1.1363525390625], [0.0039030236657708883, -0.023471996188163757, -0.9997168779373169, 1.551445484161377], [-0.35453900694847107, -0.9348151683807373, 0.020564023405313492, -0.0635986328125], [0.0, 0.0, 0.0, 1.0]]], "view": [[0.0, -2.0, 100.0], [-2.0, 0.0, 100.0], [0.0, 0.0, 1.0]], "bev": "bev_b3d462b7055f4146a9f95307046c2b3e.png", "aux": "aux_b3d462b7055f4146a9f95307046c2b3e.npz", "visibility": "visibility_b3d462b7055f4146a9f95307046c2b3e.png", "pose": [[-0.39208704233169556, 0.9199281334877014, 0.0, 403.5712890625], [-0.9199281334877014, -0.39208704233169556, 0.0, 1174.03125], [0.0, 0.0, 1.0, 0.0], [0.0, 0.0, 0.0, 1.0]], "pose_inverse": [[-0.39208704233169556, -0.9199281334877014, 0.0, 1238.2593994140625], [0.9199281334877014, -0.39208704233169556, 0.0, 89.06587982177734], [0.0, 0.0, 1.0, 0.0], [0.0, 0.0, 0.0, 1.0]], "cam_ids": [0, 1, 2, 3, 4, 5], "cam_channels": ["CAM_FRONT_LEFT", "CAM_FRONT", "CAM_FRONT_RIGHT", "CAM_BACK_LEFT", "CAM_BACK", "CAM_BACK_RIGHT"], "token": "b3d462b7055f4146a9f95307046c2b3e", "scene": "scene-0355"}, {"images": ["samples/CAM_FRONT_LEFT/n015-2018-08-02-17-28-51+0800__CAM_FRONT_LEFT__1533202613104844.jpg", "samples/CAM_FRONT/n015-2018-08-02-17-28-51+0800__CAM_FRONT__1533202613112460.jpg", "samples/CAM_FRONT_RIGHT/n015-2018-08-02-17-28-51+0800__CAM_FRONT_RIGHT__1533202613120339.jpg", "samples/CAM_BACK_LEFT/n015-2018-08-02-17-28-51+0800__CAM_BACK_LEFT__1533202613147423.jpg", "samples/CAM_BACK/n015-2018-08-02-17-28-51+0800__CAM_BACK__1533202613137525.jpg", "samples/CAM_BACK_RIGHT/n015-2018-08-02-17-28-51+0800__CAM_BACK_RIGHT__1533202613127893.jpg"], "intrinsics": [[[1272.5979470598488, 0.0, 826.6154927353808], [0.0, 1272.5979470598488, 479.75165386361925], [0.0, 0.0, 1.0]], [[1266.417203046554, 0.0, 816.2670197447984], [0.0, 1266.417203046554, 491.50706579294757], [0.0, 0.0, 1.0]], [[1260.8474446004698, 0.0, 807.968244525554], [0.0, 1260.8474446004698, 495.3344268742088], [0.0, 0.0, 1.0]], [[1256.7414812095406, 0.0, 792.1125740759628], [0.0, 1256.7414812095406, 492.7757465151356], [0.0, 0.0, 1.0]], [[809.2209905677063, 0.0, 829.2196003259838], [0.0, 809.2209905677063, 481.77842384512485], [0.0, 0.0, 1.0]], [[1259.5137405846733, 0.0, 807.2529053838625], [0.0, 1259.5137405846733, 501.19579884916527], [0.0, 0.0, 1.0]]], "extrinsics": [[[0.8209766149520874, -0.5709072947502136, 0.007883703336119652, -0.96484375], [-0.012413769029080868, -0.03165235370397568, -0.9994218349456787, 1.5082473754882812], [0.5708267092704773, 0.8204041719436646, -0.03307295963168144, -1.2801513671875], [0.0, 0.0, 0.0, 1.0]], [[0.006226937286555767, -0.9993466734886169, 0.03560030087828636, 0.0050506591796875], [-0.01769936829805374, -0.0357055589556694, -0.9992056488990784, 1.5205326080322266], [0.9998238682746887, 0.005591915920376778, -0.017910141497850418, -1.6922607421875], [0.0, 0.0, 0.0, 1.0]], [[-0.8326826691627502, -0.5533785223960876, 0.020292721688747406, 1.0323486328125], [-0.012073628604412079, -0.01849415712058544, -0.9997560381889343, 1.5036420822143555], [0.5536187887191772, -0.8327245712280273, 0.008718476630747318, -1.248779296875], [0.0, 0.0, 0.0, 1.0]], [[0.9475621581077576, 0.31901729106903076, -0.018808096647262573, -1.14208984375], [-0.0033832858316600323, -0.048836447298526764, -0.998801052570343, 1.5885586738586426], [-0.31955334544181824, 0.9464898705482483, -0.04519624635577202, -0.103668212890625], [0.0, 0.0, 0.0, 1.0]], [[0.0018312897300347686, 0.9992419481277466, -0.03888791799545288, 0.00281524658203125], [-0.028803840279579163, -0.03881914168596268, -0.998831033706665, 1.5793571472167969], [-0.99958336353302, 0.0029492860194295645, 0.02871091291308403, 0.0018310546875], [0.0, 0.0, 0.0, 1.0]], [[-0.935028076171875, 0.3543737828731537, -0.011900621466338634, 1.1363525390625], [0.0038203750737011433, -0.02349240891635418, -0.9997166991233826, 1.551447868347168], [-0.3545529544353485, -0.9348087906837463, 0.02061222679913044, -0.0635986328125], [0.0, 0.0, 0.0, 1.0]]], "view": [[0.0, -2.0, 100.0], [-2.0, 0.0, 100.0], [0.0, 0.0, 1.0]], "bev": "bev_a7368cefcdba40e3bd8d723513957a96.png", "aux": "aux_a7368cefcdba40e3bd8d723513957a96.npz", "visibility": "visibility_a7368cefcdba40e3bd8d723513957a96.png", "pose": [[-0.3920148015022278, 0.9199588894844055, 0.0, 403.5712890625], [-0.9199588894844055, -0.3920148015022278, 0.0, 1174.0313720703125], [0.0, 0.0, 1.0, 0.0], [0.0, 0.0, 0.0, 1.0]], "pose_inverse": [[-0.3920148015022278, -0.9199588894844055, 0.0, 1238.2664794921875], [0.9199588894844055, -0.3920148015022278, 0.0, 88.96868896484375], [0.0, 0.0, 1.0, 0.0], [0.0, 0.0, 0.0, 1.0]], "cam_ids": [0, 1, 2, 3, 4, 5], "cam_channels": ["CAM_FRONT_LEFT", "CAM_FRONT", "CAM_FRONT_RIGHT", "CAM_BACK_LEFT", "CAM_BACK", "CAM_BACK_RIGHT"], "token": "a7368cefcdba40e3bd8d723513957a96", "scene": "scene-0355"}, {"images": ["samples/CAM_FRONT_LEFT/n015-2018-08-02-17-28-51+0800__CAM_FRONT_LEFT__1533202613604844.jpg", "samples/CAM_FRONT/n015-2018-08-02-17-28-51+0800__CAM_FRONT__1533202613612460.jpg", "samples/CAM_FRONT_RIGHT/n015-2018-08-02-17-28-51+0800__CAM_FRONT_RIGHT__1533202613620339.jpg", "samples/CAM_BACK_LEFT/n015-2018-08-02-17-28-51+0800__CAM_BACK_LEFT__1533202613647423.jpg", "samples/CAM_BACK/n015-2018-08-02-17-28-51+0800__CAM_BACK__1533202613637525.jpg", "samples/CAM_BACK_RIGHT/n015-2018-08-02-17-28-51+0800__CAM_BACK_RIGHT__1533202613627893.jpg"], "intrinsics": [[[1272.5979470598488, 0.0, 826.6154927353808], [0.0, 1272.5979470598488, 479.75165386361925], [0.0, 0.0, 1.0]], [[1266.417203046554, 0.0, 816.2670197447984], [0.0, 1266.417203046554, 491.50706579294757], [0.0, 0.0, 1.0]], [[1260.8474446004698, 0.0, 807.968244525554], [0.0, 1260.8474446004698, 495.3344268742088], [0.0, 0.0, 1.0]], [[1256.7414812095406, 0.0, 792.1125740759628], [0.0, 1256.7414812095406, 492.7757465151356], [0.0, 0.0, 1.0]], [[809.2209905677063, 0.0, 829.2196003259838], [0.0, 809.2209905677063, 481.77842384512485], [0.0, 0.0, 1.0]], [[1259.5137405846733, 0.0, 807.2529053838625], [0.0, 1259.5137405846733, 501.19579884916527], [0.0, 0.0, 1.0]]], "extrinsics": [[[0.8209897875785828, -0.5708866715431213, 0.007996044121682644, -0.96490478515625], [-0.012339417822659016, -0.03174349665641785, -0.9994198679924011, 1.508249282836914], [0.5708093047142029, 0.8204149603843689, -0.03310549631714821, -1.2801513671875], [0.0, 0.0, 0.0, 1.0]], [[0.006245938129723072, -0.9993432760238647, 0.03569149225950241, 0.005096435546875], [-0.017621740698814392, -0.035796646028757095, -0.9992037415504456, 1.5205326080322266], [0.9998251795768738, 0.005612036678940058, -0.017833754420280457, -1.6922607421875], [0.0, 0.0, 0.0, 1.0]], [[-0.8326735496520996, -0.553392767906189, 0.02027665451169014, 1.0323486328125], [-0.011993445456027985, -0.01858547143638134, -0.999755322933197, 1.5036439895629883], [0.5536342263221741, -0.8327130079269409, 0.008838546462357044, -1.24871826171875], [0.0, 0.0, 0.0, 1.0]], [[0.9475621581077576, 0.3190205991268158, -0.018754439428448677, -1.1422119140625], [-0.0032989350147545338, -0.04891826584935188, -0.9987972974777222, 1.5885539054870605], [-0.3195543885231018, 0.9464844465255737, -0.045300669968128204, -0.10369873046875], [0.0, 0.0, 0.0, 1.0]], [[0.0018245361279696226, 0.9992384314537048, -0.03897986188530922, 0.00284576416015625], [-0.02871752344071865, -0.03891149163246155, -0.9988299012184143, 1.5793533325195312], [-0.9995858669281006, 0.002941840561106801, 0.028624655678868294, 0.001708984375], [0.0, 0.0, 0.0, 1.0]], [[-0.9350329041481018, 0.3543575704097748, -0.012005655094981194, 1.13623046875], [0.003895984496921301, -0.02359015867114067, -0.9997141361236572, 1.5514490604400635], [-0.3545394837856293, -0.9348124265670776, 0.020677005872130394, -0.0635986328125], [0.0, 0.0, 0.0, 1.0]]], "view": [[0.0, -2.0, 100.0], [-2.0, 0.0, 100.0], [0.0, 0.0, 1.0]], "bev": "bev_c889ab38caa74f0f89bc62c27756ed85.png", "aux": "aux_c889ab38caa74f0f89bc62c27756ed85.npz", "visibility": "visibility_c889ab38caa74f0f89bc62c27756ed85.png", "pose": [[-0.3919837474822998, 0.9199721217155457, 0.0, 403.5712890625], [-0.9199721217155457, -0.3919837474822998, 0.0, 1174.0313720703125], [0.0, 0.0, 1.0, 0.0], [0.0, 0.0, 0.0, 1.0]], "pose_inverse": [[-0.3919837474822998, -0.9199721217155457, 0.0, 1238.26953125], [0.9199721217155457, -0.3919837474822998, 0.0, 88.92686462402344], [0.0, 0.0, 1.0, 0.0], [0.0, 0.0, 0.0, 1.0]], "cam_ids": [0, 1, 2, 3, 4, 5], "cam_channels": ["CAM_FRONT_LEFT", "CAM_FRONT", "CAM_FRONT_RIGHT", "CAM_BACK_LEFT", "CAM_BACK", "CAM_BACK_RIGHT"], "token": "c889ab38caa74f0f89bc62c27756ed85", "scene": "scene-0355"}, {"images": ["samples/CAM_FRONT_LEFT/n015-2018-08-02-17-28-51+0800__CAM_FRONT_LEFT__1533202614104844.jpg", "samples/CAM_FRONT/n015-2018-08-02-17-28-51+0800__CAM_FRONT__1533202614112460.jpg", "samples/CAM_FRONT_RIGHT/n015-2018-08-02-17-28-51+0800__CAM_FRONT_RIGHT__1533202614120339.jpg", "samples/CAM_BACK_LEFT/n015-2018-08-02-17-28-51+0800__CAM_BACK_LEFT__1533202614147423.jpg", "samples/CAM_BACK/n015-2018-08-02-17-28-51+0800__CAM_BACK__1533202614137525.jpg", "samples/CAM_BACK_RIGHT/n015-2018-08-02-17-28-51+0800__CAM_BACK_RIGHT__1533202614127893.jpg"], "intrinsics": [[[1272.5979470598488, 0.0, 826.6154927353808], [0.0, 1272.5979470598488, 479.75165386361925], [0.0, 0.0, 1.0]], [[1266.417203046554, 0.0, 816.2670197447984], [0.0, 1266.417203046554, 491.50706579294757], [0.0, 0.0, 1.0]], [[1260.8474446004698, 0.0, 807.968244525554], [0.0, 1260.8474446004698, 495.3344268742088], [0.0, 0.0, 1.0]], [[1256.7414812095406, 0.0, 792.1125740759628], [0.0, 1256.7414812095406, 492.7757465151356], [0.0, 0.0, 1.0]], [[809.2209905677063, 0.0, 829.2196003259838], [0.0, 809.2209905677063, 481.77842384512485], [0.0, 0.0, 1.0]], [[1259.5137405846733, 0.0, 807.2529053838625], [0.0, 1259.5137405846733, 501.19579884916527], [0.0, 0.0, 1.0]]], "extrinsics": [[[0.8209771513938904, -0.5709051489830017, 0.007992980070412159, -0.96502685546875], [-0.012316497974097729, -0.0317038893699646, -0.9994213581085205, 1.508249282836914], [0.5708282589912415, 0.8204035758972168, -0.03305971622467041, -1.2801513671875], [0.0, 0.0, 0.0, 1.0]], [[0.006228381302207708, -0.9993448853492737, 0.03565248101949692, 0.00504302978515625], [-0.017621388658881187, -0.03575732186436653, -0.9992051720619202, 1.5205326080322266], [0.9998253583908081, 0.005595161113888025, -0.017832554876804352, -1.6922607421875], [0.0, 0.0, 0.0, 1.0]], [[-0.8326801657676697, -0.553382933139801, 0.02027328871190548, 1.0323486328125], [-0.012015675194561481, -0.018546147271990776, -0.9997557997703552, 1.5036420822143555], [0.5536237955093384, -0.8327204585075378, 0.008793741464614868, -1.24871826171875], [0.0, 0.0, 0.0, 1.0]], [[0.9475622773170471, 0.31901952624320984, -0.018769267946481705, -1.142333984375], [-0.003324656980112195, -0.04888854920864105, -0.998798668384552, 1.5885567665100098], [-0.3195538818836212, 0.9464863538742065, -0.045264314860105515, -0.10369873046875], [0.0, 0.0, 0.0, 1.0]], [[0.0018286911072209477, 0.9992395639419556, -0.03894844651222229, 0.