[{"images": ["samples/CAM_FRONT_LEFT/n008-2018-08-01-15-52-19-0400__CAM_FRONT_LEFT__1533153458354799.jpg", "samples/CAM_FRONT/n008-2018-08-01-15-52-19-0400__CAM_FRONT__1533153458362404.jpg", "samples/CAM_FRONT_RIGHT/n008-2018-08-01-15-52-19-0400__CAM_FRONT_RIGHT__1533153458370482.jpg", "samples/CAM_BACK_LEFT/n008-2018-08-01-15-52-19-0400__CAM_BACK_LEFT__1533153458397405.jpg", "samples/CAM_BACK/n008-2018-08-01-15-52-19-0400__CAM_BACK__1533153458387558.jpg", "samples/CAM_BACK_RIGHT/n008-2018-08-01-15-52-19-0400__CAM_BACK_RIGHT__1533153458378113.jpg"], "intrinsics": [[[1257.8625342125129, 0.0, 827.2410631095686], [0.0, 1257.8625342125129, 450.915498205774], [0.0, 0.0, 1.0]], [[1252.8131021185304, 0.0, 826.588114781398], [0.0, 1252.8131021185304, 469.9846626224581], [0.0, 0.0, 1.0]], [[1256.7485116440405, 0.0, 817.7887570959712], [0.0, 1256.7485116440403, 451.9541780095127], [0.0, 0.0, 1.0]], [[1254.9860565800168, 0.0, 829.5769333630991], [0.0, 1254.9860565800168, 467.1680561863987], [0.0, 0.0, 1.0]], [[796.8910634503094, 0.0, 857.7774326863696], [0.0, 796.8910634503094, 476.8848988407415], [0.0, 0.0, 1.0]], [[1249.9629280788233, 0.0, 825.3768045375984], [0.0, 1249.9629280788233, 462.54816385708756], [0.0, 0.0, 1.0]]], "extrinsics": [[[0.8227196335792542, -0.568184494972229, 0.017288196831941605, -0.70947265625], [0.009034819900989532, -0.017339034005999565, -0.9998088479042053, 1.4915738105773926], [0.5683756470680237, 0.8227185606956482, -0.009131716564297676, -1.1331787109375], [0.0, 0.0, 0.0, 1.0]], [[0.010519910603761673, -0.999713122844696, 0.021517330780625343, 0.01123046875], [0.011020978912711143, -0.021401293575763702, -0.9997102618217468, 1.4834370613098145], [0.9998839497566223, 0.010754001326858997, 0.010792677290737629, -1.443359375], [0.0, 0.0, 0.0, 1.0]], [[-0.8438420295715332, -0.5365917086601257, -3.783163265325129e-05, 0.904296875], [0.01914055272936821, -0.03002990409731865, -0.9993657469749451, 1.497389793395996], [0.5362502336502075, -0.8433075547218323, 0.03561116009950638, -1.15655517578125], [0.0, 0.0, 0.0, 1.0]], [[0.9478763937950134, 0.3184710144996643, -0.01032893918454647, -1.150634765625], [-0.006013397593051195, -0.014531010761857033, -0.9998763203620911, 1.5620861053466797], [-0.3185817301273346, 0.9478211998939514, -0.011858510784804821, -0.15370941162109375], [0.0, 0.0, 0.0, 1.0]], [[0.009111342020332813, 0.9997119903564453, -0.022201798856258392, -0.02886962890625], [-0.004004995338618755, -0.02216605842113495, -0.9997462630271912, 1.5677719116210938], [-0.9999505281448364, 0.00919795036315918, 0.0038018792401999235, -0.031982421875], [0.0, 0.0, 0.0, 1.0]], [[-0.9237762093544006, 0.3825403153896332, -0.017334451898932457, 1.0152587890625], [0.00011510951298987493, -0.04499019682407379, -0.9989874362945557, 1.5478973388671875], [-0.3829328119754791, -0.922842800617218, 0.04151683673262596, -0.1025390625], [0.0, 0.0, 0.0, 1.0]]], "view": [[0.0, -2.0, 100.0], [-2.0, 0.0, 100.0], [0.0, 0.0, 1.0]], "bev": "bev_db655797a4be45e69c6d0c11b07012c9.png", "aux": "aux_db655797a4be45e69c6d0c11b07012c9.npz", "visibility": "visibility_db655797a4be45e69c6d0c11b07012c9.png", "pose": [[0.9994912147521973, -0.0318957157433033, 0.0, 2032.197265625], [0.0318957157433033, 0.9994912147521973, 0.0, 872.6707153320312], [0.0, 0.0, 1.0, 0.0], [0.0, 0.0, 0.0, 1.0]], "pose_inverse": [[0.9994912147521973, 0.0318957157433033, 0.0, -2058.997802734375], [-0.0318957157433033, 0.9994912147521973, 0.0, -807.4083251953125], [0.0, 0.0, 1.0, 0.0], [0.0, 0.0, 0.0, 1.0]], "cam_ids": [0, 1, 2, 3, 4, 5], "cam_channels": ["CAM_FRONT_LEFT", "CAM_FRONT", "CAM_FRONT_RIGHT", "CAM_BACK_LEFT", "CAM_BACK", "CAM_BACK_RIGHT"], "token": "db655797a4be45e69c6d0c11b07012c9", "scene": "scene-0068"}, {"images": ["samples/CAM_FRONT_LEFT/n008-2018-08-01-15-52-19-0400__CAM_FRONT_LEFT__1533153458854799.jpg", "samples/CAM_FRONT/n008-2018-08-01-15-52-19-0400__CAM_FRONT__1533153458862404.jpg", "samples/CAM_FRONT_RIGHT/n008-2018-08-01-15-52-19-0400__CAM_FRONT_RIGHT__1533153458870482.jpg", "samples/CAM_BACK_LEFT/n008-2018-08-01-15-52-19-0400__CAM_BACK_LEFT__1533153458897405.jpg", "samples/CAM_BACK/n008-2018-08-01-15-52-19-0400__CAM_BACK__1533153458887558.jpg", "samples/CAM_BACK_RIGHT/n008-2018-08-01-15-52-19-0400__CAM_BACK_RIGHT__1533153458878113.jpg"], "intrinsics": [[[1257.8625342125129, 0.0, 827.2410631095686], [0.0, 1257.8625342125129, 450.915498205774], [0.0, 0.0, 1.0]], [[1252.8131021185304, 0.0, 826.588114781398], [0.0, 1252.8131021185304, 469.9846626224581], [0.0, 0.0, 1.0]], [[1256.7485116440405, 0.0, 817.7887570959712], [0.0, 1256.7485116440403, 451.9541780095127], [0.0, 0.0, 1.0]], [[1254.9860565800168, 0.0, 829.5769333630991], [0.0, 1254.9860565800168, 467.1680561863987], [0.0, 0.0, 1.0]], [[796.8910634503094, 0.0, 857.7774326863696], [0.0, 796.8910634503094, 476.8848988407415], [0.0, 0.0, 1.0]], [[1249.9629280788233, 0.0, 825.3768045375984], [0.0, 1249.9629280788233, 462.54816385708756], [0.0, 0.0, 1.0]]], "extrinsics": [[[0.8219842910766602, -0.5692172050476074, 0.018265724182128906, -0.70556640625], [0.012413383461534977, -0.014157825149595737, -0.999822735786438, 1.4928216934204102], [0.5693747997283936, 0.8220652937889099, -0.004571599420160055, -1.126953125], [0.0, 0.0, 0.0, 1.0]], [[0.009526955895125866, -0.9997854232788086, 0.01839371584355831, 0.0087890625], [0.014579640701413155, -0.018253713846206665, -0.9997271299362183, 1.4845056533813477], [0.9998483657836914, 0.009792529046535492, 0.014402611181139946, -1.437255859375], [0.0, 0.0, 0.0, 1.0]], [[-0.8441899418830872, -0.5360228419303894, -0.004770915023982525, 0.899658203125], [0.022759247571229935, -0.026948822662234306, -0.9993776679039001, 1.4982376098632812], [0.5355607271194458, -0.8437732458114624, 0.0349494069814682, -1.156097412109375], [0.0, 0.0, 0.0, 1.0]], [[0.9479184746742249, 0.3184579312801361, -0.0059177810326218605, -1.1533203125], [-0.0021967480424791574, -0.012042406015098095, -0.9999250769615173, 1.562058448791504], [-0.31850534677505493, 0.9478604197502136, -0.010715649463236332, -0.15244293212890625], [0.0, 0.0, 0.0, 1.0]], [[0.009372907690703869, 0.9997673630714417, -0.01942489854991436, -0.02813720703125], [-0.00019560889631975442, -0.019423920661211014, -0.9998112916946411, 1.568044662475586], [-0.9999561309814453, 0.00937493797391653, 1.3504077287507243e-05, -0.03271484375], [0.0, 0.0, 0.0, 1.0]], [[-0.9235403537750244, 0.3829960525035858, -0.019676294177770615, 1.0130615234375], [0.003849945031106472, -0.04204525798559189, -0.9991083145141602, 1.548440933227539], [-0.3834817707538605, -0.9227925539016724, 0.03735598176717758, -0.1046142578125], [0.0, 0.0, 0.0, 1.0]]], "view": [[0.0, -2.0, 100.0], [-2.0, 0.0, 100.0], [0.0, 0.0, 1.0]], "bev": "bev_298b2154bbb24bc4a922795f5c095258.png", "aux": "aux_298b2154bbb24bc4a922795f5c095258.npz", "visibility": "visibility_298b2154bbb24bc4a922795f5c095258.png", "pose": [[0.999545156955719, -0.030156828463077545, 0.0, 2036.478759765625], [0.030156828463077545, 0.999545156955719, 0.0, 872.7522583007812], [0.0, 0.0, 1.0, 0.0], [0.0, 0.0, 0.0, 1.0]], "pose_inverse": [[0.999545156955719, 0.030156828463077545, 0.0, -2061.8720703125], [-0.030156828463077545, 0.999545156955719, 0.0, -810.9415893554688], [0.0, 0.0, 1.0, 0.0], [0.0, 0.0, 0.0, 1.0]], "cam_ids": [0, 1, 2, 3, 4, 5], "cam_channels": ["CAM_FRONT_LEFT", "CAM_FRONT", "CAM_FRONT_RIGHT", "CAM_BACK_LEFT", "CAM_BACK", "CAM_BACK_RIGHT"], "token": "298b2154bbb24bc4a922795f5c095258", "scene": "scene-0068"}, {"images": ["samples/CAM_FRONT_LEFT/n008-2018-08-01-15-52-19-0400__CAM_FRONT_LEFT__1533153459354799.jpg", "samples/CAM_FRONT/n008-2018-08-01-15-52-19-0400__CAM_FRONT__1533153459362404.jpg", "samples/CAM_FRONT_RIGHT/n008-2018-08-01-15-52-19-0400__CAM_FRONT_RIGHT__1533153459370482.jpg", "samples/CAM_BACK_LEFT/n008-2018-08-01-15-52-19-0400__CAM_BACK_LEFT__1533153459397405.jpg", "samples/CAM_BACK/n008-2018-08-01-15-52-19-0400__CAM_BACK__1533153459387558.jpg", "samples/CAM_BACK_RIGHT/n008-2018-08-01-15-52-19-0400__CAM_BACK_RIGHT__1533153459378113.jpg"], "intrinsics": [[[1257.8625342125129, 0.0, 827.2410631095686], [0.0, 1257.8625342125129, 450.915498205774], [0.0, 0.0, 1.0]], [[1252.8131021185304, 0.0, 826.588114781398], [0.0, 1252.8131021185304, 469.9846626224581], [0.0, 0.0, 1.0]], [[1256.7485116440405, 0.0, 817.7887570959712], [0.0, 1256.7485116440403, 451.9541780095127], [0.0, 0.0, 1.0]], [[1254.9860565800168, 0.0, 829.5769333630991], [0.0, 1254.9860565800168, 467.1680561863987], [0.0, 0.0, 1.0]], [[796.8910634503094, 0.0, 857.7774326863696], [0.0, 796.8910634503094, 476.8848988407415], [0.0, 0.0, 1.0]], [[1249.9629280788233, 0.0, 825.3768045375984], [0.0, 1249.9629280788233, 462.54816385708756], [0.0, 0.0, 1.0]]], "extrinsics": [[[0.8228253126144409, -0.5680742263793945, 0.015817804262042046, -0.7042236328125], [0.005937643814831972, -0.019238600507378578, -0.9997972249984741, 1.4904897212982178], [0.5682634711265564, 0.8227524757385254, -0.012456987053155899, -1.12744140625], [0.0, 0.0, 0.0, 1.0]], [[0.010654722340404987, -0.9996689558029175, 0.023417217656970024, 0.00982666015625], [0.007919243536889553, -0.02333345264196396, -0.9996963739395142, 1.4825589656829834], [0.999911904335022, 0.010836930014193058, 0.007668012287467718, -1.436279296875], [0.0, 0.0, 0.0, 1.0]], [[-0.8438221216201782, -0.5366100072860718, 0.00373181514441967, 0.898681640625], [0.015938956290483475, -0.03201407566666603, -0.9993602633476257, 1.4967403411865234], [0.536386251449585, -0.8432229161262512, 0.035567186772823334, -1.154266357421875], [0.0, 0.0, 0.0, 1.0]], [[0.9478159546852112, 0.31849947571754456, -0.014250106178224087, -1.152099609375], [-0.009381926618516445, -0.0168136078864336, -0.9998146295547485, 1.5621223449707031], [-0.3186800479888916, 0.9477739334106445, -0.012948065996170044, -0.1532440185546875], [0.0, 0.0, 0.0, 1.0]], [[0.009064147248864174, 0.9996606707572937, -0.024420633912086487, -0.0284423828125], [-0.007309745531529188, -0.02435474283993244, -0.9996765851974487, 1.5674896240234375], [-0.9999321699142456, 0.009239720180630684, 0.007086510304361582, -0.03466796875], [0.0, 0.0, 0.0, 1.0]], [[-0.9238232970237732, 0.38251993060112, -0.01513154711574316, 1.010498046875], [-0.0031272042542696, -0.047066010534763336, -0.9988868236541748, 1.5473442077636719], [-0.38280630111694336, -0.9227477312088013, 0.044676899909973145, -0.1051025390625], [0.0, 0.0, 0.0, 1.0]]], "view": [[0.0, -2.0, 100.0], [-2.0, 0.0, 100.0], [0.0, 0.0, 1.0]], "bev": "bev_a5f9e7f71ee141739fc437448f2936bd.png", "aux": "aux_a5f9e7f71ee141739fc437448f2936bd.npz", "visibility": "visibility_a5f9e7f71ee141739fc437448f2936bd.png", "pose": [[0.9996027946472168, -0.0281829796731472, 0.0, 2040.8853759765625], [0.0281829796731472, 0.9996027946472168, 0.0, 872.8402099609375], [0.0, 0.0, 1.0, 0.0], [0.0, 0.0, 0.0, 1.0]], "pose_inverse": [[0.9996027946472168, 0.0281829796731472, 0.0, -2064.673828125], [-0.0281829796731472, 0.9996027946472168, 0.0, -814.9752807617188], [0.0, 0.0, 1.0, 0.0], [0.0, 0.0, 0.0, 1.0]], "cam_ids": [0, 1, 2, 3, 4, 5], "cam_channels": ["CAM_FRONT_LEFT", "CAM_FRONT", "CAM_FRONT_RIGHT", "CAM_BACK_LEFT", "CAM_BACK", "CAM_BACK_RIGHT"], "token": "a5f9e7f71ee141739fc437448f2936bd", "scene": "scene-0068"}, {"images": ["samples/CAM_FRONT_LEFT/n008-2018-08-01-15-52-19-0400__CAM_FRONT_LEFT__1533153459854799.jpg", "samples/CAM_FRONT/n008-2018-08-01-15-52-19-0400__CAM_FRONT__1533153459862404.jpg", "samples/CAM_FRONT_RIGHT/n008-2018-08-01-15-52-19-0400__CAM_FRONT_RIGHT__1533153459870482.jpg", "samples/CAM_BACK_LEFT/n008-2018-08-01-15-52-19-0400__CAM_BACK_LEFT__1533153459897405.jpg", "samples/CAM_BACK/n008-2018-08-01-15-52-19-0400__CAM_BACK__1533153459887558.jpg", "samples/CAM_BACK_RIGHT/n008-2018-08-01-15-52-19-0400__CAM_BACK_RIGHT__1533153459878113.jpg"], "intrinsics": [[[1257.8625342125129, 0.0, 827.2410631095686], [0.0, 1257.8625342125129, 450.915498205774], [0.0, 0.0, 1.0]], [[1252.8131021185304, 0.0, 826.588114781398], [0.0, 1252.8131021185304, 469.9846626224581], [0.0, 0.0, 1.0]], [[1256.7485116440405, 0.0, 817.7887570959712], [0.0, 1256.7485116440403, 451.9541780095127], [0.0, 0.0, 1.0]], [[1254.9860565800168, 0.0, 829.5769333630991], [0.0, 1254.9860565800168, 467.1680561863987], [0.0, 0.0, 1.0]], [[796.8910634503094, 0.0, 857.7774326863696], [0.0, 796.8910634503094, 476.8848988407415], [0.0, 0.0, 1.0]], [[1249.9629280788233, 0.0, 825.3768045375984], [0.0, 1249.9629280788233, 462.54816385708756], [0.0, 0.0, 1.0]]], "extrinsics": [[[0.8227065801620483, -0.5682215690612793, 0.016676783561706543, -0.701171875], [0.008253461681306362, -0.01739376410841942, -0.9998146891593933, 1.4913880825042725], [0.5684062838554382, 0.822691798210144, -0.00962017197161913, -1.1279296875], [0.0, 0.0, 0.0, 1.0]], [[0.010500912554562092, -0.9997112154960632, 0.021614568307995796, 0.0115966796875], [0.0101840915158391, -0.02150772139430046, -0.9997168183326721, 1.4832899570465088], [0.9998930096626282, 0.010718060657382011, 0.009955299086868763, -1.433837890625], [0.0, 0.0, 0.0, 1.0]], [[-0.8438608646392822, -0.5365614891052246, 0.0008513613720424473, 0.89794921875], [0.018187610432505608, -0.030189720913767815, -0.9993786811828613, 1.4973173141479492], [0.5362539291381836, -0.8433210253715515, 0.03523469716310501, -1.152557373046875], [0.0, 0.0, 0.0, 1.0]], [[0.9478338360786438, 0.3185466229915619, -0.011792836710810661, -1.14892578125], [-0.0073363580740988255, -0.015186189673841, -0.9998577833175659, 1.562093734741211], [-0.31868040561676025, 0.9477855563163757, -0.012057014741003513, -0.15506744384765625], [0.0, 0.0, 0.0, 1.0]], [[0.009100690484046936, 0.9997014403343201, -0.02267497405409813, -0.02911376953125], [-0.00515697430819273, -0.02262868918478489, -0.99973064661026, 1.567667007446289], [-0.9999452829360962, 0.009215174242854118, 0.004949497990310192, -0.03564453125], [0.0, 0.0, 0.0, 1.0]], [[-0.9237788319587708, 0.3825705945491791, -0.01649852842092514, 1.010009765625], [-0.000909008493181318, -0.04527615010738373, -0.998974084854126, 1.5477447509765625], [-0.3829250931739807, -0.9228162169456482, 0.04217291995882988, -0.1044921875], [0.0, 0.0, 0.0, 1.0]]], "view": [[0.0, -2.0, 100.0], [-2.0, 0.0, 100.0], [0.0, 0.0, 1.0]], "bev": "bev_e256cf1605074ced9afc24d78efd5449.png", "aux": "aux_e256cf1605074ced9afc24d78efd5449.npz", "visibility": "visibility_e256cf1605074ced9afc24d78efd5449.png", "pose": [[0.9996060729026794, -0.02806619182229042, 0.0, 2045.30859375], [0.02806619182229042, 0.9996060729026794, 0.0, 872.9326171875], [0.0, 0.0, 1.0, 0.0], [0.0, 0.0, 0.0, 1.0]], "pose_inverse": [[0.9996060729026794, 0.02806619182229042, 0.0, -2069.002685546875], [-0.02806619182229042, 0.9996060729026794, 0.0, -815.1846923828125], [0.0, 0.0, 1.0, 0.0], [0.0, 0.0, 0.0, 1.0]], "cam_ids": [0, 1, 2, 3, 4, 5], "cam_channels": ["CAM_FRONT_LEFT", "CAM_FRONT", "CAM_FRONT_RIGHT", "CAM_BACK_LEFT", "CAM_BACK", "CAM_BACK_RIGHT"], "token": "e256cf1605074ced9afc24d78efd5449", "scene": "scene-0068"}, {"images": ["samples/CAM_FRONT_LEFT/n008-2018-08-01-15-52-19-0400__CAM_FRONT_LEFT__1533153460504799.jpg", "samples/CAM_FRONT/n008-2018-08-01-15-52-19-0400__CAM_FRONT__1533153460512404.jpg", "samples/CAM_FRONT_RIGHT/n008-2018-08-01-15-52-19-0400__CAM_FRONT_RIGHT__1533153460520482.jpg", "samples/CAM_BACK_LEFT/n008-2018-08-01-15-52-19-0400__CAM_BACK_LEFT__1533153460547405.jpg", "samples/CAM_BACK/n008-2018-08-01-15-52-19-0400__CAM_BACK__1533153460537558.jpg", "samples/CAM_BACK_RIGHT/n008-2018-08-01-15-52-19-0400__CAM_BACK_RIGHT__1533153460528113.jpg"], "intrinsics": [[[1257.8625342125129, 0.0, 827.2410631095686], [0.0, 1257.8625342125129, 450.915498205774], [0.0, 0.0, 1.0]], [[1252.8131021185304, 0.0, 826.588114781398], [0.0, 1252.8131021185304, 469.9846626224581], [0.0, 0.0, 1.0]], [[1256.7485116440405, 0.0, 817.7887570959712], [0.0, 1256.7485116440403, 451.9541780095127], [0.0, 0.0, 1.0]], [[1254.9860565800168, 0.0, 829.5769333630991], [0.0, 1254.9860565800168, 467.1680561863987], [0.0, 0.0, 1.0]], [[796.8910634503094, 0.0, 857.7774326863696], [0.0, 796.8910634503094, 476.8848988407415], [0.0, 0.0, 1.0]], [[1249.9629280788233, 0.0, 825.3768045375984], [0.0, 1249.9629280788233, 462.54816385708756], [0.0, 0.0, 1.0]]], "extrinsics": [[[0.8224710822105408, -0.5685968995094299, 0.015455933287739754, -0.695068359375], [0.0041665188036859035, -0.021149426698684692, -0.9997676014900208, 1.4899158477783203], [0.5687916874885559, 0.8223443627357483, -0.015025723725557327, -1.1221923828125], [0.0, 0.0, 0.0, 1.0]], [[0.010140781290829182, -0.9996241927146912, 0.025467263534665108, 0.0108642578125], [0.006166073959320784, -0.025405578315258026, -0.9996582269668579, 1.4821209907531738], [0.9999295473098755, 0.010294348932802677, 0.005906124599277973, -1.427490234375], [0.0, 0.0, 0.0, 1.0]], [[-0.8440523147583008, -0.5362232327461243, 0.006350677460432053, 0.893310546875], [0.014235264621675014, -0.03424248844385147, -0.999312162399292, 1.4964878559112549], [0.5360718965530396, -0.8433813452720642, 0.036535732448101044, -1.1497802734375], [0.0, 0.0, 0.0, 1.0]], [[0.947862982749939, 0.3182353377342224, -0.016790254041552544, -1.147705078125], [-0.011172601021826267, -0.01946963742375374, -0.9997479915618896, 1.5620841979980469], [-0.31848210096359253, 0.9478117227554321, -0.01489903312176466, -0.15484619140625], [0.0, 0.0, 0.0, 1.0]], [[0.009254692122340202, 0.9995933175086975, -0.026973562315106392, -0.0289306640625], [-0.009033259004354477, -0.026890041306614876, -0.9995975494384766, 1.5673332214355469], [-0.9999163150787354, 0.009494625963270664, 0.008780726231634617, -0.0390625], [0.0, 0.0, 0.0, 1.0]], [[-0.9237185716629028, 0.382796972990036, -0.014506099745631218, 1.005615234375], [-0.004801660310477018, -0.049435023218393326, -0.9987658262252808, 1.5470962524414062], [-0.383041650056839, -0.9225088357925415, 0.04750211536884308, -0.10595703125], [0.0, 0.0, 0.0, 1.0]]], "view": [[0.0, -2.0, 100.0], [-2.0, 0.0, 100.0], [0.0, 0.0, 1.0]], "bev": "bev_d4e73890aaaa4518b868109ee8d22da3.png", "aux": "aux_d4e73890aaaa4518b868109ee8d22da3.npz", "visibility": "visibility_d4e73890aaaa4518b868109ee8d22da3.png", "pose": [[0.9995144605636597, -0.03115776740014553, 0.0, 2051.091552734375], [0.03115776740014553, 0.9995144605636597, 0.0, 873.0612182617188], [0.0, 0.0, 1.0, 0.0], [0.0, 0.0, 0.0, 1.0]], "pose_inverse": [[0.9995144605636597, 0.03115776740014553, 0.0, -2077.29833984375], [-0.03115776740014553, 0.9995144605636597, 0.0, -808.7299194335938], [0.0, 0.0, 1.0, 0.0], [0.0, 0.0, 0.0, 1.0]], "cam_ids": [0, 1, 2, 3, 4, 5], "cam_channels": ["CAM_FRONT_LEFT", "CAM_FRONT", "CAM_FRONT_RIGHT", "CAM_BACK_LEFT", "CAM_BACK", "CAM_BACK_RIGHT"], "token": "d4e73890aaaa4518b868109ee8d22da3", "scene": "scene-0068"}, {"images": ["samples/CAM_FRONT_LEFT/n008-2018-08-01-15-52-19-0400__CAM_FRONT_LEFT__1533153461004799.jpg", "samples/CAM_FRONT/n008-2018-08-01-15-52-19-0400__CAM_FRONT__1533153461012404.jpg", "samples/CAM_FRONT_RIGHT/n008-2018-08-01-15-52-19-0400__CAM_FRONT_RIGHT__1533153461020482.jpg", "samples/CAM_BACK_LEFT/n008-2018-08-01-15-52-19-0400__CAM_BACK_LEFT__1533153461047405.jpg", "samples/CAM_BACK/n008-2018-08-01-15-52-19-0400__CAM_BACK__1533153461037558.jpg", "samples/CAM_BACK_RIGHT/n008-2018-08-01-15-52-19-0400__CAM_BACK_RIGHT__1533153461028113.jpg"], "intrinsics": [[[1257.8625342125129, 0.0, 827.2410631095686], [0.0, 1257.8625342125129, 450.915498205774], [0.0, 0.0, 1.0]], [[1252.8131021185304, 0.0, 826.588114781398], [0.0, 1252.8131021185304, 469.9846626224581], [0.0, 0.0, 1.0]], [[1256.7485116440405, 0.0, 817.7887570959712], [0.0, 1256.7485116440403, 451.9541780095127], [0.0, 0.0, 1.0]], [[1254.9860565800168, 0.0, 829.5769333630991], [0.0, 1254.9860565800168, 467.1680561863987], [0.0, 0.0, 1.0]], [[796.8910634503094, 0.0, 857.7774326863696], [0.0, 796.8910634503094, 476.8848988407415], [0.0, 0.0, 1.0]], [[1249.9629280788233, 0.0, 825.3768045375984], [0.0, 1249.9629280788233, 462.54816385708756], [0.0, 0.0, 1.0]]], "extrinsics": [[[0.8223005533218384, -0.5688422322273254, 0.01550469733774662, -0.7003173828125], [0.005110462196171284, -0.019863326102495193, -0.9997895956039429, 1.490206241607666], [0.5690305233001709, 0.8222067952156067, -0.013426579535007477, -1.1236572265625], [0.0, 0.0, 0.0, 1.0]], [[0.009914319030940533, -0.9996632933616638, 0.023980308324098587, 0.0089111328125], [0.006958743091672659, -0.023911934345960617, -0.9996898770332336, 1.4822907447814941], [0.9999266266822815, 0.010078116320073605, 0.006719329860061407, -1.431396484375], [0.0, 0.0, 0.0, 1.0]], [[-0.8441269397735596, -0.536121129989624, 0.004892944823950529, 0.894287109375], [0.014867249876260757, -0.0325293242931366, -0.999360203742981, 1.4965400695800781], [0.5359373092651367, -0.8435141444206238, 0.03542952612042427, -1.152679443359375], [0.0, 0.0, 0.0, 1.0]], [[0.9478655457496643, 0.31828370690345764, -0.015699880197644234, -1.14892578125], [-0.01083218865096569, -0.017057793214917183, -0.9997958540916443, 1.5620994567871094], [-0.3184865117073059, 0.9478420615196228, -0.012720786035060883, -0.15453338623046875], [0.0, 0.0, 0.0, 1.0]], [[0.009297988377511501, 0.9996498823165894, -0.024775294587016106, -0.02813720703125], [-0.008645680733025074, -0.024695074185729027, -0.9996575713157654, 1.567352294921875], [-0.9999194741249084, 0.009509003721177578, 0.008413037285208702, -0.03759765625], [0.0, 0.0, 0.0, 1.0]], [[-0.9236822724342346, 0.382894903421402, -0.014234612695872784, 1.00732421875], [-0.004301040433347225, -0.04750965163111687, -0.9988614916801453, 1.5471076965332031], [-0.38313522934913635, -0.9225695133209229, 0.045530665665864944, -0.107177734375], [0.0, 0.0, 0.0, 1.0]]], "view": [[0.0, -2.0, 100.0], [-2.0, 0.0, 100.0], [0.0, 0.0, 1.0]], "bev": "bev_1caf1fcf71f54a8590f0f9af64cf5148.png", "aux": "aux_1caf1fcf71f54a8590f0f9af64cf5148.npz", "visibility": "visibility_1caf1fcf71f54a8590f0f9af64cf5148.png", "pose": [[0.9995024800300598, -0.031541187316179276, 0.0, 2055.4609375], [0.031541187316179276, 0.9995024800300598, 0.0, 873.1731567382812], [0.0, 0.0, 1.0, 0.0], [0.0, 0.0, 0.0, 1.0]], "pose_inverse": [[0.9995024800300598, 0.031541187316179276, 0.0, -2081.979248046875], [-0.031541187316179276, 0.9995024800300598, 0.0, -807.9070434570312], [0.0, 0.0, 1.0, 0.0], [0.0, 0.0, 0.0, 1.0]], "cam_ids": [0, 1, 2, 3, 4, 5], "cam_channels": ["CAM_FRONT_LEFT", "CAM_FRONT", "CAM_FRONT_RIGHT", "CAM_BACK_LEFT", "CAM_BACK", "CAM_BACK_RIGHT"], "token": "1caf1fcf71f54a8590f0f9af64cf5148", "scene": "scene-0068"}, {"images": ["samples/CAM_FRONT_LEFT/n008-2018-08-01-15-52-19-0400__CAM_FRONT_LEFT__1533153461404799.jpg", "samples/CAM_FRONT/n008-2018-08-01-15-52-19-0400__CAM_FRONT__1533153461412404.jpg", "samples/CAM_FRONT_RIGHT/n008-2018-08-01-15-52-19-0400__CAM_FRONT_RIGHT__1533153461420482.jpg", "samples/CAM_BACK_LEFT/n008-2018-08-01-15-52-19-0400__CAM_BACK_LEFT__1533153461447405.jpg", "samples/CAM_BACK/n008-2018-08-01-15-52-19-0400__CAM_BACK__1533153461437558.jpg", "samples/CAM_BACK_RIGHT/n008-2018-08-01-15-52-19-0400__CAM_BACK_RIGHT__1533153461428113.jpg"], "intrinsics": [[[1257.8625342125129, 0.0, 827.2410631095686], [0.0, 1257.8625342125129, 450.915498205774], [0.0, 0.0, 1.0]], [[1252.8131021185304, 0.0, 826.588114781398], [0.0, 1252.8131021185304, 469.9846626224581], [0.0, 0.0, 1.0]], [[1256.7485116440405, 0.0, 817.7887570959712], [0.0, 1256.7485116440403, 451.9541780095127], [0.0, 0.0, 1.0]], [[1254.9860565800168, 0.0, 829.5769333630991], [0.0, 1254.9860565800168, 467.1680561863987], [0.0, 0.0, 1.0]], [[796.8910634503094, 0.0, 857.7774326863696], [0.0, 796.8910634503094, 476.8848988407415], [0.0, 0.0, 1.0]], [[1249.9629280788233, 0.0, 825.3768045375984], [0.0, 1249.9629280788233, 462.54816385708756], [0.0, 0.0, 1.0]]], "extrinsics": [[[0.82252436876297, -0.5685010552406311, 0.01613631099462509, -0.714111328125], [0.006544017232954502, -0.01891019381582737, -0.9997997283935547, 1.4906024932861328], [0.5686923861503601, 0.822465181350708, -0.011833816766738892, -1.1318359375], [0.0, 0.0, 0.0, 1.0]], [[0.010166208259761333, -0.9996806979179382, 0.023131415247917175, 0.007568359375], [0.0085751973092556, -0.023044602945446968, -0.9996976852416992, 1.4826455116271973], [0.9999115467071533, 0.010361486114561558, 0.008338183164596558, -1.443359375], [0.0, 0.0, 0.0, 1.0]], [[-0.8440594673156738, -0.5362415313720703, 0.002952929586172104, 0.900146484375], [0.016676874831318855, -0.0317530520260334, -0.9993565678596497, 1.4967856407165527], [0.5359902381896973, -0.843467116355896, 0.03574429452419281, -1.158050537109375], [0.0, 0.0, 0.0, 1.0]], [[0.9478579163551331, 0.31839895248413086, -0.013688979670405388, -1.150146484375], [-0.008826706558465958, -0.016708817332983017, -0.9998214840888977, 1.5620994567871094], [-0.3185708820819855, 0.9478095173835754, -0.01302716787904501, -0.15418243408203125], [0.0, 0.0, 0.0, 1.0]], [[0.009260638616979122, 0.9996637105941772, -0.024223240092396736, -0.027587890625], [-0.006647837348282337, -0.02416219376027584, -0.9996858835220337, 1.5675201416015625], [-0.9999350309371948, 0.009418764151632786, 0.00642184354364872, -0.034912109375], [0.0, 0.0, 0.0, 1.0]], [[-0.9236758947372437, 0.38285091519355774, -0.015744777396321297, 1.012451171875], [-0.002383280312642455, -0.046829815953969955, -0.9989000558853149, 1.5473785400390625], [-0.3831670582294464, -0.9226223826408386, 0.04416801780462265, -0.106201171875], [0.0, 0.0, 0.0, 1.0]]], "view": [[0.0, -2.0, 100.0], [-2.0, 0.0, 100.0], [0.0, 0.0, 1.0]], "bev": "bev_e772ba54f9514da4810e513149ce6fe3.png", "aux": "aux_e772ba54f9514da4810e513149ce6fe3.npz", "visibility": "visibility_e772ba54f9514da4810e513149ce6fe3.png", "pose": [[0.9994197487831116, -0.03406069800257683, 0.0, 2058.8974609375], [0.03406069800257683, 0.9994197487831116, 0.0, 873.2787475585938], [0.0, 0.0, 1.0, 0.0], [0.0, 0.0, 0.0, 1.0]], "pose_inverse": [[0.9994197487831116, 0.03406069800257683, 0.0, -2087.447265625], [-0.03406069800257683, 0.9994197487831116, 0.0, -802.64453125], [0.0, 0.0, 1.0, 0.0], [0.0, 0.0, 0.0, 1.0]], "cam_ids": [0, 1, 2, 3, 4, 5], "cam_channels": ["CAM_FRONT_LEFT", "CAM_FRONT", "CAM_FRONT_RIGHT", "CAM_BACK_LEFT", "CAM_BACK", "CAM_BACK_RIGHT"], "token": "e772ba54f9514da4810e513149ce6fe3", "scene": "scene-0068"}, {"images": ["samples/CAM_FRONT_LEFT/n008-2018-08-01-15-52-19-0400__CAM_FRONT_LEFT__1533153461904799.jpg", "samples/CAM_FRONT/n008-2018-08-01-15-52-19-0400__CAM_FRONT__1533153461912404.jpg", "samples/CAM_FRONT_RIGHT/n008-2018-08-01-15-52-19-0400__CAM_FRONT_RIGHT__1533153461920482.jpg", "samples/CAM_BACK_LEFT/n008-2018-08-01-15-52-19-0400__CAM_BACK_LEFT__1533153461947405.jpg", "samples/CAM_BACK/n008-2018-08-01-15-52-19-0400__CAM_BACK__1533153461937558.jpg", "samples/CAM_BACK_RIGHT/n008-2018-08-01-15-52-19-0400__CAM_BACK_RIGHT__1533153461928113.jpg"], "intrinsics": [[[1257.8625342125129, 0.0, 827.2410631095686], [0.0, 1257.8625342125129, 450.915498205774], [0.0, 0.0, 1.0]], [[1252.8131021185304, 0.0, 826.588114781398], [0.0, 1252.8131021185304, 469.9846626224581], [0.0, 0.0, 1.0]], [[1256.7485116440405, 0.0, 817.7887570959712], [0.0, 1256.7485116440403, 451.9541780095127], [0.0, 0.0, 1.0]], [[1254.9860565800168, 0.0, 829.5769333630991], [0.0, 1254.9860565800168, 467.1680561863987], [0.0, 0.0, 1.0]], [[796.8910634503094, 0.0, 857.7774326863696], [0.0, 796.8910634503094, 476.8848988407415], [0.0, 0.0, 1.0]], [[1249.9629280788233, 0.0, 825.3768045375984], [0.0, 1249.9629280788233, 462.54816385708756], [0.0, 0.0, 1.0]]], "extrinsics": [[[0.8231036067008972, -0.5675603747367859, 0.01937869004905224, -0.7135009765625], [0.011626504361629486, -0.017275109887123108, -0.9997831583023071, 1.4924659729003906], [0.5677721500396729, 0.8231504559516907, -0.0076204631477594376, -1.13916015625], [0.0, 0.0, 0.0, 1.0]], [[0.011093692854046822, -0.9997050762176514, 0.021601896733045578, 0.01318359375], [0.013597274199128151, -0.021450409665703773, -0.9996774196624756, 1.4841718673706055], [0.9998459815979004, 0.011383842676877975, 0.013355299830436707, -1.447265625], [0.0, 0.0, 0.0, 1.0]], [[-0.8435826301574707, -0.5369954705238342, -0.0020371582359075546, 0.906982421875], [0.021636176854372025, -0.030197935178875923, -0.9993097186088562, 1.4979419708251953], [0.5365632176399231, -0.8430444598197937, 0.037092987447977066, -1.15655517578125], [0.0, 0.0, 0.0, 1.0]], [[0.9478515386581421, 0.3185986280441284, -0.008505645208060741, -1.14599609375], [-0.0038584154099226, -0.015214732848107815, -0.9998767971992493, 1.5620536804199219], [-0.31868883967399597, 0.9477676153182983, -0.01319202408194542, -0.1556243896484375], [0.0, 0.0, 0.0, 1.0]], [[0.008951504714787006, 0.9997022747993469, -0.022697782143950462, -0.0294189453125], [-0.0016669267788529396, -0.02268374152481556, -0.99974125623703, 1.5679588317871094], [-0.9999585747718811, 0.00898702908307314, 0.0014633771497756243, -0.034423828125], [0.0, 0.0, 0.0, 1.0]], [[-0.9238640666007996, 0.38221317529678345, -0.019704146310687065, 1.0146484375], [0.0025515882298350334, -0.04533204436302185, -0.9989687204360962, 1.5483264923095703], [-0.3827122151851654, -0.9229615330696106, 0.04090539738535881, -0.1016845703125], [0.0, 0.0, 0.0, 1.0]]], "view": [[0.0, -2.0, 100.0], [-2.0, 0.0, 100.0], [0.0, 0.0, 1.0]], "bev": "bev_f2385b67dc0d4a9bb04f64287913a2c5.png", "aux": "aux_f2385b67dc0d4a9bb04f64287913a2c5.npz", "visibility": "visibility_f2385b67dc0d4a9bb04f64287913a2c5.png", "pose": [[0.9994770288467407, -0.03233591467142105, 0.0, 2063.067138671875], [0.03233591467142105, 0.9994770288467407, 0.0, 873.4036254882812], [0.0, 0.0, 1.0, 0.0], [0.0, 0.0, 0.0, 1.0]], "pose_inverse": [[0.9994770288467407, 0.03233591467142105, 0.0, -2090.23046875], [-0.03233591467142105, 0.9994770288467407, 0.0, -806.2357177734375], [0.0, 0.0, 1.0, 0.0], [0.0, 0.0, 0.0, 1.0]], "cam_ids": [0, 1, 2, 3, 4, 5], "cam_channels": ["CAM_FRONT_LEFT", "CAM_FRONT", "CAM_FRONT_RIGHT", "CAM_BACK_LEFT", "CAM_BACK", "CAM_BACK_RIGHT"], "token": "f2385b67dc0d4a9bb04f64287913a2c5", "scene": "scene-0068"}, {"images": ["samples/CAM_FRONT_LEFT/n008-2018-08-01-15-52-19-0400__CAM_FRONT_LEFT__1533153462404799.jpg", "samples/CAM_FRONT/n008-2018-08-01-15-52-19-0400__CAM_FRONT__1533153462412404.jpg", "samples/CAM_FRONT_RIGHT/n008-2018-08-01-15-52-19-0400__CAM_FRONT_RIGHT__1533153462420482.jpg", "samples/CAM_BACK_LEFT/n008-2018-08-01-15-52-19-0400__CAM_BACK_LEFT__1533153462447405.jpg", "samples/CAM_BACK/n008-2018-08-01-15-52-19-0400__CAM_BACK__1533153462437567.jpg", "samples/CAM_BACK_RIGHT/n008-2018-08-01-15-52-19-0400__CAM_BACK_RIGHT__1533153462428113.jpg"], "intrinsics": [[[1257.8625342125129, 0.0, 827.2410631095686], [0.0, 1257.8625342125129, 450.915498205774], [0.0, 0.0, 1.0]], [[1252.8131021185304, 0.0, 826.588114781398], [0.0, 1252.8131021185304, 469.9846626224581], [0.0, 0.0, 1.0]], [[1256.7485116440405, 0.0, 817.7887570959712], [0.0, 1256.7485116440403, 451.9541780095127], [0.0, 0.0, 1.0]], [[1254.9860565800168, 0.0, 829.5769333630991], [0.0, 1254.9860565800168, 467.1680561863987], [0.0, 0.0, 1.0]], [[796.8910634503094, 0.0, 857.7774326863696], [0.0, 796.8910634503094, 476.8848988407415], [0.0, 0.0, 1.0]], [[1249.9629280788233, 0.0, 825.3768045375984], [0.0, 1249.9629280788233, 462.54816385708756], [0.0, 0.0, 1.0]]], "extrinsics": [[[0.8227890133857727, -0.5679891705513, 0.02016562409698963, -0.7265625], [0.010515796951949596, -0.02026110514998436, -0.999739408493042, 1.4918584823608398], [0.5682497620582581, 0.8227866291999817, -0.010697755962610245, -1.1419677734375], [0.0, 0.0, 0.0, 1.0]], [[0.01064928900450468, -0.9996426105499268, 0.024520402774214745, 0.0089111328125], [0.012518374249339104, -0.02438659407198429, -0.9996242523193359, 1.4836649894714355], [0.9998649954795837, 0.010952239856123924, 0.012254200875759125, -1.456298828125], [0.0, 0.0, 0.0, 1.0]], [[-0.8437656760215759, -0.5367115139961243, 0.0003818251134362072, 0.9091796875], [0.02059096470475197, -0.03308199718594551, -0.9992404580116272, 1.4975128173828125], [0.536316454410553, -0.8431170582771301, 0.03896486386656761, -1.161773681640625], [0.0, 0.0, 0.0, 1.0]], [[0.947860836982727, 0.31852850317955017, -0.009972861036658287, -1.138916015625], [-0.0045368848368525505, -0.0178032536059618, -0.9998311996459961, 1.5620155334472656], [-0.31865233182907104, 0.9477460980415344, -0.015429879538714886, -0.157867431640625], [0.0, 0.0, 0.0, 1.0]], [[0.009054852649569511, 0.9996363520622253, -0.025399653241038322, -0.02825927734375], [-0.0024900136049836874, -0.025378072634339333, -0.9996747970581055, 1.567861557006836], [-0.9999558925628662, 0.00911515299230814, 0.0022593128960579634, -0.037109375], [0.0, 0.0, 0.0, 1.0]], [[-0.9237942099571228, 0.3823719322681427, -0.019893646240234375, 1.016845703125], [0.0015896745026111603, -0.048126015812158585, -0.9988400340080261, 1.5480804443359375], [-0.38288572430610657, -0.9227543473243713, 0.043850693851709366, -0.1029052734375], [0.0, 0.0, 0.0, 1.0]]], "view": [[0.0, -2.0, 100.0], [-2.0, 0.0, 100.0], [0.0, 0.0, 1.0]], "bev": "bev_09932477b0e94956add44cb573924a07.png", "aux": "aux_09932477b0e94956add44cb573924a07.npz", "visibility": "visibility_09932477b0e94956add44cb573924a07.png", "pose": [[0.9995245337486267, -0.030833303928375244, 0.0, 2067.020751953125], [0.030833303928375244, 0.9995245337486267, 0.0, 873.5126953125], [0.0, 0.0, 1.0, 0.0], [0.0, 0.0, 0.0, 1.0]], "pose_inverse": [[0.9995245337486267, 0.030833303928375244, 0.0, -2092.97119140625], [-0.030833303928375244, 0.9995245337486267, 0.0, -809.3643188476562], [0.0, 0.0, 1.0, 0.0], [0.0, 0.0, 0.0, 1.0]], "cam_ids": [0, 1, 2, 3, 4, 5], "cam_channels": ["CAM_FRONT_LEFT", "CAM_FRONT", "CAM_FRONT_RIGHT", "CAM_BACK_LEFT", "CAM_BACK", "CAM_BACK_RIGHT"], "token": "09932477b0e94956add44cb573924a07", "scene": "scene-0068"}, {"images": ["samples/CAM_FRONT_LEFT/n008-2018-08-01-15-52-19-0400__CAM_FRONT_LEFT__1533153462904799.jpg", "samples/CAM_FRONT/n008-2018-08-01-15-52-19-0400__CAM_FRONT__1533153462912404.jpg", "samples/CAM_FRONT_RIGHT/n008-2018-08-01-15-52-19-0400__CAM_FRONT_RIGHT__1533153462920482.jpg", "samples/CAM_BACK_LEFT/n008-2018-08-01-15-52-19-0400__CAM_BACK_LEFT__1533153462947427.jpg", "samples/CAM_BACK/n008-2018-08-01-15-52-19-0400__CAM_BACK__1533153462937558.jpg", "samples/CAM_BACK_RIGHT/n008-2018-08-01-15-52-19-0400__CAM_BACK_RIGHT__1533153462928113.jpg"], "intrinsics": [[[1257.8625342125129, 0.0, 827.2410631095686], [0.0, 1257.8625342125129, 450.915498205774], [0.0, 0.0, 1.0]], [[1252.8131021185304, 0.0, 826.588114781398], [0.0, 1252.8131021185304, 469.9846626224581], [0.0, 0.0, 1.0]], [[1256.7485116440405, 0.0, 817.7887570959712], [0.0, 1256.7485116440403, 451.9541780095127], [0.0, 0.0, 1.0]], [[1254.9860565800168, 0.0, 829.5769333630991], [0.0, 1254.9860565800168, 467.1680561863987], [0.0, 0.0, 1.0]], [[796.8910634503094, 0.0, 857.7774326863696], [0.0, 796.8910634503094, 476.8848988407415], [0.0, 0.0, 1.0]], [[1249.9629280788233, 0.0, 825.3768045375984], [0.0, 1249.9629280788233, 462.54816385708756], [0.0, 0.0, 1.0]]], "extrinsics": [[[0.8227828741073608, -0.5679787993431091, 0.020699039101600647, -0.7203369140625], [0.010652315802872181, -0.021002110093832016, -0.9997226595878601, 1.4919981956481934], [0.5682560205459595, 0.8227751851081848, -0.01122988946735859, -1.1385498046875], [0.0, 0.0, 0.0, 1.0]], [[0.01058991625905037, -0.9996195435523987, 0.02546663209795952, 0.00946044921875], [0.012522694654762745, -0.025333480909466743, -0.9996006488800049, 1.4837665557861328], [0.9998655319213867, 0.010904593393206596, 0.012249650433659554, -1.449951171875], [0.0, 0.0, 0.0, 1.0]], [[-0.8438276052474976, -0.5366131663322449, 0.001119287800975144, 0.903564453125], [0.020453913137316704, -0.03424808010458946, -0.9992040395736694, 1.4976387023925781], [0.5362244248390198, -0.8431330323219299, 0.03987531736493111, -1.1580810546875], [0.0, 0.0, 0.0, 1.0]], [[0.9478726983070374, 0.318456768989563, -0.011071561835706234, -1.135986328125], [-0.005184448789805174, -0.0193280428647995, -0.9997997283935547, 1.5620040893554688], [-0.31860700249671936, 0.9477402567863464, -0.01666950434446335, -0.15888214111328125], [0.0, 0.0, 0.0, 1.0]], [[0.009122632443904877, 0.9995960593223572, -0.02691362239420414, -0.0284423828125], [-0.0029687269125133753, -0.026887547224760056, -0.9996340274810791, 1.5678119659423828], [-0.9999539256095886, 0.009199193678796291, 0.0027222433127462864, -0.042236328125], [0.0, 0.0, 0.0, 1.0]], [[-0.9237503409385681, 0.38246387243270874, -0.020167244598269463, 1.011474609375], [0.001316537382081151, -0.04948536306619644, -0.998773992061615, 1.5480499267578125], [-0.3829929530620575, -0.9226442575454712, 0.04520859569311142, -0.10498046875], [0.0, 0.0, 0.0, 1.0]]], "view": [[0.0, -2.0, 100.0], [-2.0, 0.0, 100.0], [0.0, 0.0, 1.0]], "bev": "bev_bfb2693692614652bb63879232fb971a.png", "aux": "aux_bfb2693692614652bb63879232fb971a.npz", "visibility": "visibility_bfb2693692614652bb63879232fb971a.png", "pose": [[0.9996429085731506, -0.026721060276031494, 0.0, 2070.946533203125], [0.026721060276031494, 0.9996429085731506, 0.0, 873.60791015625], [0.0, 0.0, 1.0, 0.0], [0.0, 0.0, 0.0, 1.0]], "pose_inverse": [[0.9996429085731506, 0.026721060276031494, 0.0, -2093.55078125], [-0.026721060276031494, 0.9996429085731506, 0.0, -817.9580688476562], [0.0, 0.0, 1.0, 0.0], [0.0, 0.0, 0.0, 1.0]], "cam_ids": [0, 1, 2, 3, 4, 5], "cam_channels": ["CAM_FRONT_LEFT", "CAM_FRONT", "CAM_FRONT_RIGHT", "CAM_BACK_LEFT", "CAM_BACK", "CAM_BACK_RIGHT"], "token": "bfb2693692614652bb63879232fb971a", "scene": "scene-0068"}, {"images": ["samples/CAM_FRONT_LEFT/n008-2018-08-01-15-52-19-0400__CAM_FRONT_LEFT__1533153463404799.jpg", "samples/CAM_FRONT/n008-2018-08-01-15-52-19-0400__CAM_FRONT__1533153463412404.jpg", "samples/CAM_FRONT_RIGHT/n008-2018-08-01-15-52-19-0400__CAM_FRONT_RIGHT__1533153463420482.jpg", "samples/CAM_BACK_LEFT/n008-2018-08-01-15-52-19-0400__CAM_BACK_LEFT__1533153463447405.jpg", "samples/CAM_BACK/n008-2018-08-01-15-52-19-0400__CAM_BACK__1533153463437558.jpg", "samples/CAM_BACK_RIGHT/n008-2018-08-01-15-52-19-0400__CAM_BACK_RIGHT__1533153463428113.jpg"], "intrinsics": [[[1257.8625342125129, 0.0, 827.2410631095686], [0.0, 1257.8625342125129, 450.915498205774], [0.0, 0.0, 1.0]], [[1252.8131021185304, 0.0, 826.588114781398], [0.0, 1252.8131021185304, 469.9846626224581], [0.0, 0.0, 1.0]], [[1256.7485116440405, 0.0, 817.7887570959712], [0.0, 1256.7485116440403, 451.9541780095127], [0.0, 0.0, 1.0]], [[1254.9860565800168, 0.0, 829.5769333630991], [0.0, 1254.9860565800168, 467.1680561863987], [0.0, 0.0, 1.0]], [[796.8910634503094, 0.0, 857.7774326863696], [0.0, 796.8910634503094, 476.8848988407415], [0.0, 0.0, 1.0]], [[1249.9629280788233, 0.0, 825.3768045375984], [0.0, 1249.9629280788233, 462.54816385708756], [0.0, 0.0, 1.0]]], "extrinsics": [[[0.8226580023765564, -0.5681941509246826, 0.019730275496840477, -0.7265625], [0.011026613414287567, -0.018751464784145355, -0.9997633695602417, 1.492049217224121], [0.568429708480835, 0.8226809501647949, -0.009160789661109447, -1.1431884765625], [0.0, 0.0, 0.0, 1.0]], [[0.010589739307761192, -0.9996809363365173, 0.02293461188673973, 0.00994873046875], [0.01309172436594963, -0.02279532514512539, -0.9996544718742371, 1.4838495254516602], [0.9998582005500793, 0.010886331088840961, 0.012846148572862148, -1.456298828125], [0.0, 0.0, 0.0, 1.0]], [[-0.8436951041221619, -0.5368216037750244, -0.0010568388970568776, 0.908203125], [0.021232618018984795, -0.03140293434262276, -0.9992812275886536, 1.4977092742919922], [0.536402702331543, -0.8431111574172974, 0.03789263218641281, -1.160125732421875], [0.0, 0.0, 0.0, 1.0]], [[0.947867214679718, 0.31854113936424255, -0.008909028023481369, -1.13330078125], [-0.004037049598991871, -0.01595158502459526, -0.9998646378517151, 1.5619964599609375], [-0.31864020228385925, 0.9477747678756714, -0.013834012672305107, -0.1599578857421875], [0.0, 0.0, 0.0, 1.0]], [[0.008949949406087399, 0.9996810555458069, -0.0236156415194273, -0.0286865234375], [-0.0019724250305444, -0.023598890751600266, -0.9997195601463318, 1.5679054260253906], [-0.9999579787254333, 0.0089