[{"images": ["samples/CAM_FRONT_LEFT/n015-2018-10-08-15-52-24+0800__CAM_FRONT_LEFT__1538985719254844.jpg", "samples/CAM_FRONT/n015-2018-10-08-15-52-24+0800__CAM_FRONT__1538985719262460.jpg", "samples/CAM_FRONT_RIGHT/n015-2018-10-08-15-52-24+0800__CAM_FRONT_RIGHT__1538985719270339.jpg", "samples/CAM_BACK_LEFT/n015-2018-10-08-15-52-24+0800__CAM_BACK_LEFT__1538985719297423.jpg", "samples/CAM_BACK/n015-2018-10-08-15-52-24+0800__CAM_BACK__1538985719287525.jpg", "samples/CAM_BACK_RIGHT/n015-2018-10-08-15-52-24+0800__CAM_BACK_RIGHT__1538985719277893.jpg"], "intrinsics": [[[1272.5979470598488, 0.0, 826.6154927353808], [0.0, 1272.5979470598488, 479.75165386361925], [0.0, 0.0, 1.0]], [[1266.417203046554, 0.0, 816.2670197447984], [0.0, 1266.417203046554, 491.50706579294757], [0.0, 0.0, 1.0]], [[1260.8474446004698, 0.0, 807.968244525554], [0.0, 1260.8474446004698, 495.3344268742088], [0.0, 0.0, 1.0]], [[1256.7414812095406, 0.0, 792.1125740759628], [0.0, 1256.7414812095406, 492.7757465151356], [0.0, 0.0, 1.0]], [[809.2209905677063, 0.0, 829.2196003259838], [0.0, 809.2209905677063, 481.77842384512485], [0.0, 0.0, 1.0]], [[1259.5137405846733, 0.0, 807.2529053838625], [0.0, 1259.5137405846733, 501.19579884916527], [0.0, 0.0, 1.0]]], "extrinsics": [[[0.8218753933906555, -0.5674364566802979, -0.05036463588476181, -0.645751953125], [-0.03930627927184105, 0.03171367943286896, -0.9987238049507141, 1.4929962158203125], [0.5683096051216125, 0.8228062391281128, 0.0037608800921589136, -1.05908203125], [0.0, 0.0, 0.0, 1.0]], [[0.0081702321767807, -0.9995747208595276, -0.027993094176054, 0.007080078125], [-0.04501506686210632, 0.027597999200224876, -0.9986050128936768, 1.5061073303222656], [0.9989528656005859, 0.009418952278792858, -0.044770438224077225, -1.371826171875], [0.0, 0.0, 0.0, 1.0]], [[-0.8316798806190491, -0.555192768573761, 0.008343804627656937, 0.8238525390625], [-0.03988085314631462, 0.04473995044827461, -0.9982022643089294, 1.4936599731445312], [0.553821325302124, -0.8305175304412842, -0.0593508780002594, -1.1103515625], [0.0, 0.0, 0.0, 1.0]], [[0.9472634792327881, 0.3193376958370209, -0.02674618549644947, -1.1328125], [-0.032925330102443695, 0.013966046273708344, -0.999360203742981, 1.5882320404052734], [-0.31875982880592346, 0.9475380778312683, 0.023743825033307076, -0.10693359375], [0.0, 0.0, 0.0, 1.0]], [[0.002016217913478613, 0.999708890914917, 0.024046842008829117, 0.003173828125], [-0.057666078209877014, 0.024123111739754677, -0.9980444312095642, 1.5737190246582031], [-0.9983338713645935, 0.0006255861953832209, 0.05769792199134827, -0.095855712890625], [0.0, 0.0, 0.0, 1.0]], [[-0.9348055720329285, 0.353237122297287, 0.03690579906105995, 0.96484375], [-0.024452611804008484, 0.03965407982468605, -0.9989142417907715, 1.5469818115234375], [-0.3543170690536499, -0.9346930980682373, -0.028431285172700882, -0.129150390625], [0.0, 0.0, 0.0, 1.0]]], "view": [[0.0, -2.0, 100.0], [-2.0, 0.0, 100.0], [0.0, 0.0, 1.0]], "bev": "bev_8c0dbe31fcfc43779a9ea1467ab0f09d.png", "aux": "aux_8c0dbe31fcfc43779a9ea1467ab0f09d.npz", "visibility": "visibility_8c0dbe31fcfc43779a9ea1467ab0f09d.png", "pose": [[0.5381504893302917, 0.8428487777709961, 0.0, 2487.36669921875], [-0.8428487777709961, 0.5381504893302917, 0.0, 1278.4049072265625], [0.0, 0.0, 1.0, 0.0], [0.0, 0.0, 0.0, 1.0]], "pose_inverse": [[0.5381504893302917, -0.8428487777709961, 0.0, -261.0755920410156], [0.8428487777709961, 0.5381504893302917, 0.0, -2784.4482421875], [0.0, 0.0, 1.0, 0.0], [0.0, 0.0, 0.0, 1.0]], "cam_ids": [0, 1, 2, 3, 4, 5], "cam_channels": ["CAM_FRONT_LEFT", "CAM_FRONT", "CAM_FRONT_RIGHT", "CAM_BACK_LEFT", "CAM_BACK", "CAM_BACK_RIGHT"], "token": "8c0dbe31fcfc43779a9ea1467ab0f09d", "scene": "scene-0439"}, {"images": ["samples/CAM_FRONT_LEFT/n015-2018-10-08-15-52-24+0800__CAM_FRONT_LEFT__1538985719754844.jpg", "samples/CAM_FRONT/n015-2018-10-08-15-52-24+0800__CAM_FRONT__1538985719762460.jpg", "samples/CAM_FRONT_RIGHT/n015-2018-10-08-15-52-24+0800__CAM_FRONT_RIGHT__1538985719770339.jpg", "samples/CAM_BACK_LEFT/n015-2018-10-08-15-52-24+0800__CAM_BACK_LEFT__1538985719797423.jpg", "samples/CAM_BACK/n015-2018-10-08-15-52-24+0800__CAM_BACK__1538985719787525.jpg", "samples/CAM_BACK_RIGHT/n015-2018-10-08-15-52-24+0800__CAM_BACK_RIGHT__1538985719777893.jpg"], "intrinsics": [[[1272.5979470598488, 0.0, 826.6154927353808], [0.0, 1272.5979470598488, 479.75165386361925], [0.0, 0.0, 1.0]], [[1266.417203046554, 0.0, 816.2670197447984], [0.0, 1266.417203046554, 491.50706579294757], [0.0, 0.0, 1.0]], [[1260.8474446004698, 0.0, 807.968244525554], [0.0, 1260.8474446004698, 495.3344268742088], [0.0, 0.0, 1.0]], [[1256.7414812095406, 0.0, 792.1125740759628], [0.0, 1256.7414812095406, 492.7757465151356], [0.0, 0.0, 1.0]], [[809.2209905677063, 0.0, 829.2196003259838], [0.0, 809.2209905677063, 481.77842384512485], [0.0, 0.0, 1.0]], [[1259.5137405846733, 0.0, 807.2529053838625], [0.0, 1259.5137405846733, 501.19579884916527], [0.0, 0.0, 1.0]]], "extrinsics": [[[0.8214966058731079, -0.567713737487793, -0.05333346128463745, -0.6385498046875], [-0.04638352245092392, 0.0266914963722229, -0.9985670447349548, 1.4898223876953125], [0.5683237910270691, 0.822793185710907, -0.00440558884292841, -1.05419921875], [0.0, 0.0, 0.0, 1.0]], [[0.00809390563517809, -0.9996974468231201, -0.023227762430906296, 0.007568359375], [-0.05178486183285713, 0.022778313606977463, -0.99839848279953, 1.5035858154296875], [0.9986253976821899, 0.009283809922635555, -0.05158482491970062, -1.365478515625], [0.0, 0.0, 0.0, 1.0]], [[-0.8314679861068726, -0.5553342700004578, 0.016269482672214508, 0.820556640625], [-0.046356916427612305, 0.04016580060124397, -0.9981170892715454, 1.4918441772460938], [0.5536351799964905, -0.8306565880775452, -0.0591401681303978, -1.107421875], [0.0, 0.0, 0.0, 1.0]], [[0.9470199942588806, 0.31947043538093567, -0.03304043784737587, -1.1383056640625], [-0.03834708780050278, 0.010333016514778137, -0.9992110729217529, 1.588409423828125], [-0.3188769221305847, 0.9475398659706116, 0.02203633449971676, -0.10498046875], [0.0, 0.0, 0.0, 1.0]], [[0.0018211351707577705, 0.9997970461845398, 0.02006545104086399, 0.0029296875], [-0.06352528184652328, 0.020140619948506355, -0.997776985168457, 1.5732765197753906], [-0.9979785680770874, 0.0005424061673693359, 0.06354905664920807, -0.0936737060546875], [0.0, 0.0, 0.0, 1.0]], [[-0.934693455696106, 0.3530580401420593, 0.0412096343934536, 0.96331787109375], [-0.030689597129821777, 0.035345740616321564, -0.9989038109779358, 1.5457687377929688], [-0.35412752628326416, -0.9349335432052612, -0.022202225401997566, -0.12890625], [0.0, 0.0, 0.0, 1.0]]], "view": [[0.0, -2.0, 100.0], [-2.0, 0.0, 100.0], [0.0, 0.0, 1.0]], "bev": "bev_e0e50ad567ea42888d71a18c295ee6de.png", "aux": "aux_e0e50ad567ea42888d71a18c295ee6de.npz", "visibility": "visibility_e0e50ad567ea42888d71a18c295ee6de.png", "pose": [[0.4990263283252716, 0.8665868043899536, 0.0, 2489.7421875], [-0.8665868043899536, 0.4990263283252716, 0.0, 1274.4771728515625], [0.0, 0.0, 1.0, 0.0], [0.0, 0.0, 0.0, 1.0]], "pose_inverse": [[0.4990263283252716, -0.8665868043899536, 0.0, -138.00181579589844], [0.8665868043899536, 0.4990263283252716, 0.0, -2793.575439453125], [0.0, 0.0, 1.0, 0.0], [0.0, 0.0, 0.0, 1.0]], "cam_ids": [0, 1, 2, 3, 4, 5], "cam_channels": ["CAM_FRONT_LEFT", "CAM_FRONT", "CAM_FRONT_RIGHT", "CAM_BACK_LEFT", "CAM_BACK", "CAM_BACK_RIGHT"], "token": "e0e50ad567ea42888d71a18c295ee6de", "scene": "scene-0439"}, {"images": ["samples/CAM_FRONT_LEFT/n015-2018-10-08-15-52-24+0800__CAM_FRONT_LEFT__1538985720254844.jpg", "samples/CAM_FRONT/n015-2018-10-08-15-52-24+0800__CAM_FRONT__1538985720262460.jpg", "samples/CAM_FRONT_RIGHT/n015-2018-10-08-15-52-24+0800__CAM_FRONT_RIGHT__1538985720270339.jpg", "samples/CAM_BACK_LEFT/n015-2018-10-08-15-52-24+0800__CAM_BACK_LEFT__1538985720297443.jpg", "samples/CAM_BACK/n015-2018-10-08-15-52-24+0800__CAM_BACK__1538985720287525.jpg", "samples/CAM_BACK_RIGHT/n015-2018-10-08-15-52-24+0800__CAM_BACK_RIGHT__1538985720277893.jpg"], "intrinsics": [[[1272.5979470598488, 0.0, 826.6154927353808], [0.0, 1272.5979470598488, 479.75165386361925], [0.0, 0.0, 1.0]], [[1266.417203046554, 0.0, 816.2670197447984], [0.0, 1266.417203046554, 491.50706579294757], [0.0, 0.0, 1.0]], [[1260.8474446004698, 0.0, 807.968244525554], [0.0, 1260.8474446004698, 495.3344268742088], [0.0, 0.0, 1.0]], [[1256.7414812095406, 0.0, 792.1125740759628], [0.0, 1256.7414812095406, 492.7757465151356], [0.0, 0.0, 1.0]], [[809.2209905677063, 0.0, 829.2196003259838], [0.0, 809.2209905677063, 481.77842384512485], [0.0, 0.0, 1.0]], [[1259.5137405846733, 0.0, 807.2529053838625], [0.0, 1259.5137405846733, 501.19579884916527], [0.0, 0.0, 1.0]]], "extrinsics": [[[0.8215953707695007, -0.567786455154419, -0.05098604038357735, -0.6256103515625], [-0.041234951466321945, 0.030013473704457283, -0.9986985921859741, 1.4912033081054688], [0.568577766418457, 0.8226285576820374, 0.0012462835293263197, -1.045654296875], [0.0, 0.0, 0.0, 1.0]], [[0.007891968823969364, -0.9996231198310852, -0.02629244327545166, 0.0078125], [-0.046436816453933716, 0.025898536667227745, -0.9985854625701904, 1.5047531127929688], [0.9988900423049927, 0.009101726114749908, -0.04621492326259613, -1.3529815673828125], [0.0, 0.0, 0.0, 1.0]], [[-0.8317488431930542, -0.5550614595413208, 0.010030021890997887, 0.8126220703125], [-0.04078274592757225, 0.0430738665163517, -0.9982390999794006, 1.4928741455078125], [0.5536519885063171, -0.8306933045387268, -0.05846356600522995, -1.102783203125], [0.0, 0.0, 0.0, 1.0]], [[0.947502076625824, 0.31864744424819946, -0.026525579392910004, -1.13519287109375], [-0.03212375193834305, 0.012325366027653217, -0.9994078874588013, 1.5883293151855469], [-0.31813180446624756, 0.947793185710907, 0.021914459764957428, -0.10546875], [0.0, 0.0, 0.0, 1.0]], [[0.002348818816244602, 0.9997464418411255, 0.022396625950932503, 0.0029296875], [-0.05747278034687042, 0.02249462902545929, -0.9980936050415039, 1.5735931396484375], [-0.9983443021774292, 0.001057131215929985, 0.05751103535294533, -0.09841346740722656], [0.0, 0.0, 0.0, 1.0]], [[-0.9347749948501587, 0.3533378541469574, 0.0367148332297802, 0.95733642578125], [-0.024869998916983604, 0.03800635784864426, -0.9989679455757141, 1.54669189453125], [-0.3543686270713806, -0.934723436832428, -0.026739882305264473, -0.131591796875], [0.0, 0.0, 0.0, 1.0]]], "view": [[0.0, -2.0, 100.0], [-2.0, 0.0, 100.0], [0.0, 0.0, 1.0]], "bev": "bev_30d5c3328a0b4514b54d522e5e595cf4.png", "aux": "aux_30d5c3328a0b4514b54d522e5e595cf4.npz", "visibility": "visibility_30d5c3328a0b4514b54d522e5e595cf4.png", "pose": [[0.4623042345046997, 0.8867213726043701, 0.0, 2491.98681640625], [-0.8867213726043701, 0.4623042345046997, 0.0, 1270.352294921875], [0.0, 0.0, 1.0, 0.0], [0.0, 0.0, 0.0, 1.0]], "pose_inverse": [[0.4623042345046997, -0.8867213726043701, 0.0, -25.607545852661133], [0.8867213726043701, 0.4623042345046997, 0.0, -2796.9873046875], [0.0, 0.0, 1.0, 0.0], [0.0, 0.0, 0.0, 1.0]], "cam_ids": [0, 1, 2, 3, 4, 5], "cam_channels": ["CAM_FRONT_LEFT", "CAM_FRONT", "CAM_FRONT_RIGHT", "CAM_BACK_LEFT", "CAM_BACK", "CAM_BACK_RIGHT"], "token": "30d5c3328a0b4514b54d522e5e595cf4", "scene": "scene-0439"}, {"images": ["samples/CAM_FRONT_LEFT/n015-2018-10-08-15-52-24+0800__CAM_FRONT_LEFT__1538985720754844.jpg", "samples/CAM_FRONT/n015-2018-10-08-15-52-24+0800__CAM_FRONT__1538985720762460.jpg", "samples/CAM_FRONT_RIGHT/n015-2018-10-08-15-52-24+0800__CAM_FRONT_RIGHT__1538985720770339.jpg", "samples/CAM_BACK_LEFT/n015-2018-10-08-15-52-24+0800__CAM_BACK_LEFT__1538985720797423.jpg", "samples/CAM_BACK/n015-2018-10-08-15-52-24+0800__CAM_BACK__1538985720787525.jpg", "samples/CAM_BACK_RIGHT/n015-2018-10-08-15-52-24+0800__CAM_BACK_RIGHT__1538985720777893.jpg"], "intrinsics": [[[1272.5979470598488, 0.0, 826.6154927353808], [0.0, 1272.5979470598488, 479.75165386361925], [0.0, 0.0, 1.0]], [[1266.417203046554, 0.0, 816.2670197447984], [0.0, 1266.417203046554, 491.50706579294757], [0.0, 0.0, 1.0]], [[1260.8474446004698, 0.0, 807.968244525554], [0.0, 1260.8474446004698, 495.3344268742088], [0.0, 0.0, 1.0]], [[1256.7414812095406, 0.0, 792.1125740759628], [0.0, 1256.7414812095406, 492.7757465151356], [0.0, 0.0, 1.0]], [[809.2209905677063, 0.0, 829.2196003259838], [0.0, 809.2209905677063, 481.77842384512485], [0.0, 0.0, 1.0]], [[1259.5137405846733, 0.0, 807.2529053838625], [0.0, 1259.5137405846733, 501.19579884916527], [0.0, 0.0, 1.0]]], "extrinsics": [[[0.8223403096199036, -0.5674409866333008, -0.042037393897771835, -0.618896484375], [-0.03370029479265213, 0.025178076699376106, -0.9991147518157959, 1.4940567016601562], [0.5679970383644104, 0.8230289816856384, 0.001582017750479281, -1.04541015625], [0.0, 0.0, 0.0, 1.0]], [[0.008742944337427616, -0.9997320771217346, -0.02143166959285736, 0.01123046875], [-0.03870467096567154, 0.02107810042798519, -0.9990283846855164, 1.5071372985839844], [0.999212384223938, 0.009563985280692577, -0.03851001709699631, -1.34796142578125], [0.0, 0.0, 0.0, 1.0]], [[-0.8314687013626099, -0.5555387735366821, 0.0060380431823432446, 0.810791015625], [-0.032839085906744, 0.03829492628574371, -0.9987266659736633, 1.4947433471679688], [0.5546002388000488, -0.8306082487106323, -0.05008441582322121, -1.09814453125], [0.0, 0.0, 0.0, 1.0]], [[0.9475159049034119, 0.31910261511802673, -0.019674226641654968, -1.13519287109375], [-0.023408694192767143, 0.007871718145906925, -0.9996949434280396, 1.5883827209472656], [-0.31885042786598206, 0.9476875066757202, 0.014928353950381279, -0.106201171875], [0.0, 0.0, 0.0, 1.0]], [[0.001598147675395012, 0.9998399019241333, 0.017821116372942924, 0.001953125], [-0.049030572175979614, 0.01787804812192917, -0.9986372590065002, 1.5743255615234375], [-0.9987959265708923, 0.0007221341365948319, 0.04905129596590996, -0.10033416748046875], [0.0, 0.0, 0.0, 1.0]], [[-0.9352406859397888, 0.3529509902000427, 0.02739318646490574, 0.9534912109375], [-0.01670600101351738, 0.03329085931181908, -0.9993060827255249, 1.5481338500976562], [-0.3536180257797241, -0.9350493550300598, -0.02523856982588768, -0.13037109375], [0.0, 0.0, 0.0, 1.0]]], "view": [[0.0, -2.0, 100.0], [-2.0, 0.0, 100.0], [0.0, 0.0, 1.0]], "bev": "bev_e27a262c5d214a5f90d1213d239a641c.png", "aux": "aux_e27a262c5d214a5f90d1213d239a641c.npz", "visibility": "visibility_e27a262c5d214a5f90d1213d239a641c.png", "pose": [[0.422232061624527, 0.906487762928009, 0.0, 2494.072021484375], [-0.906487762928009, 0.422232061624527, 0.0, 1266.0286865234375], [0.0, 0.0, 1.0, 0.0], [0.0, 0.0, 0.0, 1.0]], "pose_inverse": [[0.422232061624527, -0.906487762928009, 0.0, 94.5624008178711], [0.906487762928009, 0.422232061624527, 0.0, -2795.40380859375], [0.0, 0.0, 1.0, 0.0], [0.0, 0.0, 0.0, 1.0]], "cam_ids": [0, 1, 2, 3, 4, 5], "cam_channels": ["CAM_FRONT_LEFT", "CAM_FRONT", "CAM_FRONT_RIGHT", "CAM_BACK_LEFT", "CAM_BACK", "CAM_BACK_RIGHT"], "token": "e27a262c5d214a5f90d1213d239a641c", "scene": "scene-0439"}, {"images": ["samples/CAM_FRONT_LEFT/n015-2018-10-08-15-52-24+0800__CAM_FRONT_LEFT__1538985721354844.jpg", "samples/CAM_FRONT/n015-2018-10-08-15-52-24+0800__CAM_FRONT__1538985721362460.jpg", "samples/CAM_FRONT_RIGHT/n015-2018-10-08-15-52-24+0800__CAM_FRONT_RIGHT__1538985721370339.jpg", "samples/CAM_BACK_LEFT/n015-2018-10-08-15-52-24+0800__CAM_BACK_LEFT__1538985721397423.jpg", "samples/CAM_BACK/n015-2018-10-08-15-52-24+0800__CAM_BACK__1538985721387525.jpg", "samples/CAM_BACK_RIGHT/n015-2018-10-08-15-52-24+0800__CAM_BACK_RIGHT__1538985721377893.jpg"], "intrinsics": [[[1272.5979470598488, 0.0, 826.6154927353808], [0.0, 1272.5979470598488, 479.75165386361925], [0.0, 0.0, 1.0]], [[1266.417203046554, 0.0, 816.2670197447984], [0.0, 1266.417203046554, 491.50706579294757], [0.0, 0.0, 1.0]], [[1260.8474446004698, 0.0, 807.968244525554], [0.0, 1260.8474446004698, 495.3344268742088], [0.0, 0.0, 1.0]], [[1256.7414812095406, 0.0, 792.1125740759628], [0.0, 1256.7414812095406, 492.7757465151356], [0.0, 0.0, 1.0]], [[809.2209905677063, 0.0, 829.2196003259838], [0.0, 809.2209905677063, 481.77842384512485], [0.0, 0.0, 1.0]], [[1259.5137405846733, 0.0, 807.2529053838625], [0.0, 1259.5137405846733, 501.19579884916527], [0.0, 0.0, 1.0]]], "extrinsics": [[[0.8222063779830933, -0.5679465532302856, -0.03759463503956795, -0.610107421875], [-0.03700477257370949, 0.012572219595313072, -0.999235987663269, 1.492279052734375], [0.5679852366447449, 0.8229693174362183, -0.010679773055016994, -1.0361328125], [0.0, 0.0, 0.0, 1.0]], [[0.008606263436377048, -0.999924898147583, -0.008720227517187595, 0.0087890625], [-0.04227064922451973, 0.008348964154720306, -0.9990713596343994, 1.5054302215576172], [0.999069094657898, 0.008966878987848759, -0.04219562187790871, -1.3355560302734375], [0.0, 0.0, 0.0, 1.0]], [[-0.8315098285675049, -0.5552687644958496, 0.016367658972740173, 0.79931640625], [-0.036650776863098145, 0.02543654479086399, -0.9990043640136719, 1.4933700561523438], [0.5542996525764465, -0.8312817811965942, -0.04150177165865898, -1.093017578125], [0.0, 0.0, 0.0, 1.0]], [[0.9472669959068298, 0.31921857595443726, -0.028012359514832497, -1.1351318359375], [-0.027738163247704506, -0.0054061016999185085, -0.9996005892753601, 1.5883493423461914], [-0.31924253702163696, 0.9476656317710876, 0.0037335131783038378, -0.10595703125], [0.0, 0.0, 0.0, 1.0]], [[0.001544908620417118, 0.9999879002571106, 0.004683293867856264, 0.00341796875], [-0.05322049930691719, 0.004758883733302355, -0.9985714554786682, 1.5735816955566406], [-0.9985816478729248, 0.0012934532715007663, 0.053227201104164124, -0.106414794921875], [0.0, 0.0, 0.0, 1.0]], [[-0.9350558519363403, 0.3535045087337494, 0.0265562292188406, 0.943115234375], [-0.020708231255412102, 0.020315710455179214, -0.999579131603241, 1.54718017578125], [-0.3538952171802521, -0.935212254524231, -0.011675870046019554, -0.1376953125], [0.0, 0.0, 0.0, 1.0]]], "view": [[0.0, -2.0, 100.0], [-2.0, 0.0, 100.0], [0.0, 0.0, 1.0]], "bev": "bev_e9d1c92d872b4e6fbbc7f9b7f2ec78c6.png", "aux": "aux_e9d1c92d872b4e6fbbc7f9b7f2ec78c6.npz", "visibility": "visibility_e9d1c92d872b4e6fbbc7f9b7f2ec78c6.png", "pose": [[0.3799351453781128, 0.9250131249427795, 0.0, 2496.3994140625], [-0.9250131249427795, 0.3799351453781128, 0.0, 1260.625732421875], [0.0, 0.0, 1.0, 0.0], [0.0, 0.0, 0.0, 1.0]], "pose_inverse": [[0.3799351453781128, -0.9250131249427795, 0.0, 217.62550354003906], [0.9250131249427795, 0.3799351453781128, 0.0, -2788.158203125], [0.0, 0.0, 1.0, 0.0], [0.0, 0.0, 0.0, 1.0]], "cam_ids": [0, 1, 2, 3, 4, 5], "cam_channels": ["CAM_FRONT_LEFT", "CAM_FRONT", "CAM_FRONT_RIGHT", "CAM_BACK_LEFT", "CAM_BACK", "CAM_BACK_RIGHT"], "token": "e9d1c92d872b4e6fbbc7f9b7f2ec78c6", "scene": "scene-0439"}, {"images": ["samples/CAM_FRONT_LEFT/n015-2018-10-08-15-52-24+0800__CAM_FRONT_LEFT__1538985721854844.jpg", "samples/CAM_FRONT/n015-2018-10-08-15-52-24+0800__CAM_FRONT__1538985721862460.jpg", "samples/CAM_FRONT_RIGHT/n015-2018-10-08-15-52-24+0800__CAM_FRONT_RIGHT__1538985721870339.jpg", "samples/CAM_BACK_LEFT/n015-2018-10-08-15-52-24+0800__CAM_BACK_LEFT__1538985721897423.jpg", "samples/CAM_BACK/n015-2018-10-08-15-52-24+0800__CAM_BACK__1538985721887525.jpg", "samples/CAM_BACK_RIGHT/n015-2018-10-08-15-52-24+0800__CAM_BACK_RIGHT__1538985721877893.jpg"], "intrinsics": [[[1272.5979470598488, 0.0, 826.6154927353808], [0.0, 1272.5979470598488, 479.75165386361925], [0.0, 0.0, 1.0]], [[1266.417203046554, 0.0, 816.2670197447984], [0.0, 1266.417203046554, 491.50706579294757], [0.0, 0.0, 1.0]], [[1260.8474446004698, 0.0, 807.968244525554], [0.0, 1260.8474446004698, 495.3344268742088], [0.0, 0.0, 1.0]], [[1256.7414812095406, 0.0, 792.1125740759628], [0.0, 1256.7414812095406, 492.7757465151356], [0.0, 0.0, 1.0]], [[809.2209905677063, 0.0, 829.2196003259838], [0.0, 809.2209905677063, 481.77842384512485], [0.0, 0.0, 1.0]], [[1259.5137405846733, 0.0, 807.2529053838625], [0.0, 1259.5137405846733, 501.19579884916527], [0.0, 0.0, 1.0]]], "extrinsics": [[[0.8215142488479614, -0.5689396262168884, -0.03770992532372475, -0.6142578125], [-0.047681406140327454, -0.002643614774569869, -0.9988591074943542, 1.487943172454834], [0.5681907534599304, 0.8223750591278076, -0.02929960936307907, -1.03955078125], [0.0, 0.0, 0.0, 1.0]], [[0.008391257375478745, -0.9999422430992126, 0.00669974647462368, 0.009033203125], [-0.0528811514377594, -0.007134351413697004, -0.9985753893852234, 1.502044677734375], [0.9985654950141907, 0.008024981245398521, -0.05293796584010124, -1.343048095703125], [0.0, 0.0, 0.0, 1.0]], [[-0.83119797706604, -0.5549454689025879, 0.03384505212306976, 0.807373046875], [-0.0471307672560215, 0.009675087407231331, -0.9988418221473694, 1.4908638000488281], [0.5539752244949341, -0.8318305015563965, -0.03419691324234009, -1.09765625], [0.0, 0.0, 0.0, 1.0]], [[0.9469239115715027, 0.3186575472354889, -0.042335815727710724, -1.140380859375], [-0.037500880658626556, -0.021295415237545967, -0.9990696310997009, 1.588470458984375], [-0.31926268339157104, 0.9476306438446045, -0.00821519736200571, -0.10302734375], [0.0, 0.0, 0.0, 1.0]], [[0.0013208469608798623, 0.9999353885650635, -0.011293940246105194, 0.0029296875], [-0.06327471137046814, -0.011187747120857239, -0.9979334473609924, 1.5730457305908203], [-0.9979952573776245, 0.0020327481906861067, 0.06325583904981613, -0.097808837890625], [0.0, 0.0, 0.0, 1.0]], [[-0.9348889589309692, 0.35362088680267334, 0.03057458996772766, 0.953125], [-0.03102904185652733, 0.004385686479508877, -0.9995089173316956, 1.5453777313232422], [-0.3535812795162201, -0.9353785514831543, 0.0068723843432962894, -0.13232421875], [0.0, 0.0, 0.0, 1.0]]], "view": [[0.0, -2.0, 100.0], [-2.0, 0.0, 100.0], [0.0, 0.0, 1.0]], "bev": "bev_6be458d0da5244b39130d33a64ede25f.png", "aux": "aux_6be458d0da5244b39130d33a64ede25f.npz", "visibility": "visibility_6be458d0da5244b39130d33a64ede25f.png", "pose": [[0.35508403182029724, 0.934834361076355, 0.0, 2498.202392578125], [-0.934834361076355, 0.35508403182029724, 0.0, 1256.0201416015625], [0.0, 0.0, 1.0, 0.0], [0.0, 0.0, 0.0, 1.0]], "pose_inverse": [[0.35508403182029724, -0.934834361076355, 0.0, 287.0990295410156], [0.934834361076355, 0.35508403182029724, 0.0, -2781.398193359375], [0.0, 0.0, 1.0, 0.0], [0.0, 0.0, 0.0, 1.0]], "cam_ids": [0, 1, 2, 3, 4, 5], "cam_channels": ["CAM_FRONT_LEFT", "CAM_FRONT", "CAM_FRONT_RIGHT", "CAM_BACK_LEFT", "CAM_BACK", "CAM_BACK_RIGHT"], "token": "6be458d0da5244b39130d33a64ede25f", "scene": "scene-0439"}, {"images": ["samples/CAM_FRONT_LEFT/n015-2018-10-08-15-52-24+0800__CAM_FRONT_LEFT__1538985722354844.jpg", "samples/CAM_FRONT/n015-2018-10-08-15-52-24+0800__CAM_FRONT__1538985722362460.jpg", "samples/CAM_FRONT_RIGHT/n015-2018-10-08-15-52-24+0800__CAM_FRONT_RIGHT__1538985722370339.jpg", "samples/CAM_BACK_LEFT/n015-2018-10-08-15-52-24+0800__CAM_BACK_LEFT__1538985722397423.jpg", "samples/CAM_BACK/n015-2018-10-08-15-52-24+0800__CAM_BACK__1538985722387525.jpg", "samples/CAM_BACK_RIGHT/n015-2018-10-08-15-52-24+0800__CAM_BACK_RIGHT__1538985722377893.jpg"], "intrinsics": [[[1272.5979470598488, 0.0, 826.6154927353808], [0.0, 1272.5979470598488, 479.75165386361925], [0.0, 0.0, 1.0]], [[1266.417203046554, 0.0, 816.2670197447984], [0.0, 1266.417203046554, 491.50706579294757], [0.0, 0.0, 1.0]], [[1260.8474446004698, 0.0, 807.968244525554], [0.0, 1260.8474446004698, 495.3344268742088], [0.0, 0.0, 1.0]], [[1256.7414812095406, 0.0, 792.1125740759628], [0.0, 1256.7414812095406, 492.7757465151356], [0.0, 0.0, 1.0]], [[809.2209905677063, 0.0, 829.2196003259838], [0.0, 809.2209905677063, 481.77842384512485], [0.0, 0.0, 1.0]], [[1259.5137405846733, 0.0, 807.2529053838625], [0.0, 1259.5137405846733, 501.19579884916527], [0.0, 0.0, 1.0]]], "extrinsics": [[[0.8221524953842163, -0.5686636567115784, -0.02620924822986126, -0.613525390625], [-0.03340417519211769, -0.002231144579127431, -0.9994394183158875, 1.4939017295837402], [0.5682862997055054, 0.8225671052932739, -0.020830079913139343, -1.0341796875], [0.0, 0.0, 0.0, 1.0]], [[0.008702053688466549, -0.9999445676803589, 0.005911469925194979, 0.006591796875], [-0.03869278356432915, -0.006243980955332518, -0.9992316961288452, 1.5068700313568115], [0.9992132782936096, 0.00846664048731327, -0.0387449748814106, -1.3397216796875], [0.0, 0.0, 0.0, 1.0]], [[-0.8313161730766296, -0.555388867855072, 0.021366862580180168, 0.803955078125], [-0.0330938845872879, 0.011087074875831604, -0.999390721321106, 1.494598388671875], [0.5548136234283447, -0.8315168619155884, -0.027596838772296906, -1.09814453125], [0.0, 0.0, 0.0, 1.0]], [[0.9472833871841431, 0.3191051483154297, -0.028740862384438515, -1.14276123046875], [-0.023915397003293037, -0.01903064362704754, -0.9995328187942505, 1.58856201171875], [-0.3195030391216278, 0.9475282430648804, -0.010395885445177555, -0.103515625], [0.0, 0.0, 0.0, 1.0]], [[0.0009704299154691398, 0.9999576807022095, -0.00914719793945551, 0.0029296875], [-0.04949820786714554, -0.009087955579161644, -0.9987329244613647, 1.5744013786315918], [-0.9987737536430359, 0.0014219913864508271, 0.04948729649186134, -0.097991943359375], [0.0, 0.0, 0.0, 1.0]], [[-0.9354312419891357, 0.35304123163223267, 0.018175536766648293, 0.9515380859375], [-0.01708339899778366, 0.006209441460669041, -0.9998347759246826, 1.5480766296386719], [-0.35309574007987976, -0.9355871677398682, 0.00022263692517299205, -0.134521484375], [0.0, 0.0, 0.0, 1.0]]], "view": [[0.0, -2.0, 100.0], [-2.0, 0.0, 100.0], [0.0, 0.0, 1.0]], "bev": "bev_adfca186f80f4ae5a059337d4c75737e.png", "aux": "aux_adfca186f80f4ae5a059337d4c75737e.npz", "visibility": "visibility_adfca186f80f4ae5a059337d4c75737e.png", "pose": [[0.32384800910949707, 0.9461091160774231, 0.0, 2499.915771484375], [-0.9461091160774231, 0.32384800910949707, 0.0, 1251.279296875], [0.0, 0.0, 1.0, 0.0], [0.0, 0.0, 0.0, 1.0]], "pose_inverse": [[0.32384800910949707, -0.9461091160774231, 0.0, 374.2540588378906], [0.9461091160774231, 0.32384800910949707, 0.0, -2770.41748046875], [0.0, 0.0, 1.0, 0.0], [0.0, 0.0, 0.0, 1.0]], "cam_ids": [0, 1, 2, 3, 4, 5], "cam_channels": ["CAM_FRONT_LEFT", "CAM_FRONT", "CAM_FRONT_RIGHT", "CAM_BACK_LEFT", "CAM_BACK", "CAM_BACK_RIGHT"], "token": "adfca186f80f4ae5a059337d4c75737e", "scene": "scene-0439"}, {"images": ["samples/CAM_FRONT_LEFT/n015-2018-10-08-15-52-24+0800__CAM_FRONT_LEFT__1538985722854844.jpg", "samples/CAM_FRONT/n015-2018-10-08-15-52-24+0800__CAM_FRONT__1538985722862460.jpg", "samples/CAM_FRONT_RIGHT/n015-2018-10-08-15-52-24+0800__CAM_FRONT_RIGHT__1538985722870339.jpg", "samples/CAM_BACK_LEFT/n015-2018-10-08-15-52-24+0800__CAM_BACK_LEFT__1538985722897423.jpg", "samples/CAM_BACK/n015-2018-10-08-15-52-24+0800__CAM_BACK__1538985722887525.jpg", "samples/CAM_BACK_RIGHT/n015-2018-10-08-15-52-24+0800__CAM_BACK_RIGHT__1538985722877893.jpg"], "intrinsics": [[[1272.5979470598488, 0.0, 826.6154927353808], [0.0, 1272.5979470598488, 479.75165386361925], [0.0, 0.0, 1.0]], [[1266.417203046554, 0.0, 816.2670197447984], [0.0, 1266.417203046554, 491.50706579294757], [0.0, 0.0, 1.0]], [[1260.8474446004698, 0.0, 807.968244525554], [0.0, 1260.8474446004698, 495.3344268742088], [0.0, 0.0, 1.0]], [[1256.7414812095406, 0.0, 792.1125740759628], [0.0, 1256.7414812095406, 492.7757465151356], [0.0, 0.0, 1.0]], [[809.2209905677063, 0.0, 829.2196003259838], [0.0, 809.2209905677063, 481.77842384512485], [0.0, 0.0, 1.0]], [[1259.5137405846733, 0.0, 807.2529053838625], [0.0, 1259.5137405846733, 501.19579884916527], [0.0, 0.0, 1.0]]], "extrinsics": [[[0.8219517469406128, -0.5691080093383789, -0.022611426189541817, -0.6138916015625], [-0.028137056156992912, -0.0009222103981301188, -0.9996036291122437, 1.4962100982666016], [0.5688616037368774, 0.8222622275352478, -0.01677103526890278, -1.035888671875], [0.0, 0.0, 0.0, 1.0]], [[0.00791022926568985, -0.9999570250511169, 0.004825155716389418, 0.007080078125], [-0.03310822322964668, -0.005084560252726078, -0.9994388222694397, 1.5088837146759033], [0.9994204640388489, 0.007746047340333462, -0.033147022128105164, -1.3408203125], [0.0, 0.0, 0.0, 1.0]], [[-0.831949770450592, -0.5546209216117859, 0.015974797308444977, 0.8046875], [-0.027226297184824944, 0.012050031684339046, -0.9995566606521606, 1.4962272644042969], [0.5541824698448181, -0.832015872001648, -0.0251252930611372, -1.098388671875], [0.0, 0.0, 0.0, 1.0]], [[0.9474529027938843, 0.3190702795982361, -0.02295824885368347, -1.138946533203125], [-0.017936646938323975, -0.01866806298494339, -0.999664843082428, 1.5884933471679688], [-0.3193919360637665, 0.947547197341919, -0.011964059434831142, -0.104736328125], [0.0, 0.0, 0.0, 1.0]], [[0.0016383720794692636, 0.999961793422699, -0.008587039075791836, 0.003173828125], [-0.04350575432181358, -0.00850764475762844, -0.9990170001983643, 1.5749282836914062], [-0.9990518689155579, 0.0020103659480810165, 0.043490152806043625, -0.099700927734375], [0.0, 0.0, 0.0, 1.0]], [[-0.9351276755332947, 0.3540767431259155, 0.012872014194726944, 0.9517822265625], [-0.01112316269427538, 0.006973986979573965, -0.9999138116836548, 1.5492572784423828], [-0.35413599014282227, -0.9351903200149536, -0.002583116991445422, -0.134521484375], [0.0, 0.0, 0.0, 1.0]]], "view": [[0.0, -2.0, 100.0], [-2.0, 0.0, 100.0], [0.0, 0.0, 1.0]], "bev": "bev_8803279d786c4e159a1d7ee2150f2be1.png", "aux": "aux_8803279d786c4e159a1d7ee2150f2be1.npz", "visibility": "visibility_8803279d786c4e159a1d7ee2150f2be1.png", "pose": [[0.29014912247657776, 0.9569814205169678, 0.0, 2501.44677734375], [-0.9569814205169678, 0.29014912247657776, 0.0, 1246.501708984375], [0.0, 0.0, 1.0, 0.0], [0.0, 0.0, 0.0, 1.0]], "pose_inverse": [[0.29014912247657776, -0.9569814205169678, 0.0, 467.0864562988281], [0.9569814205169678, 0.29014912247657776, 0.0, -2755.509521484375], [0.0, 0.0, 1.0, 0.0], [0.0, 0.0, 0.0, 1.0]], "cam_ids": [0, 1, 2, 3, 4, 5], "cam_channels": ["CAM_FRONT_LEFT", "CAM_FRONT", "CAM_FRONT_RIGHT", "CAM_BACK_LEFT", "CAM_BACK", "CAM_BACK_RIGHT"], "token": "8803279d786c4e159a1d7ee2150f2be1", "scene": "scene-0439"}, {"images": ["samples/CAM_FRONT_LEFT/n015-2018-10-08-15-52-24+0800__CAM_FRONT_LEFT__1538985723354844.jpg", "samples/CAM_FRONT/n015-2018-10-08-15-52-24+0800__CAM_FRONT__1538985723362460.jpg", "samples/CAM_FRONT_RIGHT/n015-2018-10-08-15-52-24+0800__CAM_FRONT_RIGHT__1538985723370339.jpg", "samples/CAM_BACK_LEFT/n015-2018-10-08-15-52-24+0800__CAM_BACK_LEFT__1538985723397423.jpg", "samples/CAM_BACK/n015-2018-10-08-15-52-24+0800__CAM_BACK__1538985723387525.jpg", "samples/CAM_BACK_RIGHT/n015-2018-10-08-15-52-24+0800__CAM_BACK_RIGHT__1538985723377893.jpg"], "intrinsics": [[[1272.5979470598488, 0.0, 826.6154927353808], [0.0, 1272.5979470598488, 479.75165386361925], [0.0, 0.0, 1.0]], [[1266.417203046554, 0.0, 816.2670197447984], [0.0, 1266.417203046554, 491.50706579294757], [0.0, 0.0, 1.0]], [[1260.8474446004698, 0.0, 807.968244525554], [0.0, 1260.8474446004698, 495.3344268742088], [0.0, 0.0, 1.0]], [[1256.7414812095406, 0.0, 792.1125740759628], [0.0, 1256.7414812095406, 492.7757465151356], [0.0, 0.0, 1.0]], [[809.2209905677063, 0.0, 829.2196003259838], [0.0, 809.2209905677063, 481.77842384512485], [0.0, 0.0, 1.0]], [[1259.5137405846733, 0.0, 807.2529053838625], [0.0, 1259.5137405846733, 501.19579884916527], [0.0, 0.0, 1.0]]], "extrinsics": [[[0.8223822116851807, -0.5684415698051453, -0.0237006526440382, -0.611572265625], [-0.03367384150624275, -0.007047595456242561, -0.9994080066680908, 1.493796706199646], [0.567937970161438, 0.8226934671401978, -0.024937428534030914, -1.03662109375], [0.0, 0.0, 0.0, 1.0]], [[0.008710446767508984, -0.9999061226844788, 0.010569453239440918, 0.008544921875], [-0.039092328399419785, -0.010902279987931252, -0.9991761445999146, 1.5066728591918945], [0.9991976022720337, 0.008290082216262817, -0.03918362036347389, -1.3380126953125], [0.0, 0.0, 0.0, 1.0]], [[-0.8315232992172241, -0.5549569725990295, 0.024326950311660767, 0.8018798828125], [-0.03360452130436897, 0.0065415045246481895, -0.999413788318634, 1.4943313598632812], [0.5544725060462952, -0.8318533897399902, -0.024088475853204727, -1.09521484375], [0.0, 0.0, 0.0, 1.0]], [[0.9471995234489441, 0.31912288069725037, -0.03120412863790989, -1.134796142578125], [-0.02505982294678688, -0.02334265224635601, -0.9994133710861206, 1.5883636474609375], [-0.31966400146484375, 0.947425901889801, -0.01411298755556345, -0.1064453125], [0.0, 0.0, 0.0, 1.0]], [[0.0013142309617251158, 0.9999072551727295, -0.013559446670114994, 0.003173828125], [-0.050444286316633224, -0.01347590796649456, -0.99863600730896, 1.5739707946777344], [-0.9987260103225708, 0.0019964200910180807, 0.05042189359664917, -0.104736328125], [0.0, 0.0, 0.0, 1.0]], [[-0.9351445436477661, 0.35384657979011536, 0.017240993678569794, 0.9464111328125], [-0.017783548682928085, 0.001718407031148672, -0.9998403787612915, 1.5478363037109375], [-0.35381975769996643, -0.9353019595146179, 0.004685687366873026, -0.1357421875], [0.0, 0.0, 0.0, 1.0]]], "view": [[0.0, -2.0, 100.0], [-2.0, 0.0, 100.0], [0.0, 0.0, 1.0]], "bev": "bev_b8b2ec98520b403f8afba875a3416fcb.png", "aux": "aux_b8b2ec98520b403f8afba875a3416fcb.npz", "visibility": "visibility_b8b2ec98520b403f8afba875a3416fcb.png", "pose": [[0.2539833188056946, 0.9672086238861084, 0.0, 2502.77197265625], [-0.9672086238861084, 0.2539833188056946, 0.0, 1241.765625], [0.0, 0.0, 1.0, 0.0], [0.0, 0.0, 0.0, 1.0]], "pose_inverse": [[0.2539833188056946, -0.9672086238861084, 0.0, 565.384033203125], [0.9672086238861084, 0.2539833188056946, 0.0, -2736.09033203125], [0.0, 0.0, 1.0, 0.0], [0.0, 0.0, 0.0, 1.0]], "cam_ids": [0, 1, 2, 3, 4, 5], "cam_channels": ["CAM_FRONT_LEFT", "CAM_FRONT", "CAM_FRONT_RIGHT", "CAM_BACK_LEFT", "CAM_BACK", "CAM_BACK_RIGHT"], "token": "b8b2ec98520b403f8afba875a3416fcb", "scene": "scene-0439"}, {"images": ["samples/CAM_FRONT_LEFT/n015-2018-10-08-15-52-24+0800__CAM_FRONT_LEFT__1538985723854844.jpg", "samples/CAM_FRONT/n015-2018-10-08-15-52-24+0800__CAM_FRONT__1538985723862460.jpg", "samples/CAM_FRONT_RIGHT/n015-2018-10-08-15-52-24+0800__CAM_FRONT_RIGHT__1538985723870339.jpg", "samples/CAM_BACK_LEFT/n015-2018-10-08-15-52-24+0800__CAM_BACK_LEFT__1538985723897423.jpg", "samples/CAM_BACK/n015-2018-10-08-15-52-24+0800__CAM_BACK__1538985723887525.jpg", "samples/CAM_BACK_RIGHT/n015-2018-10-08-15-52-24+0800__CAM_BACK_RIGHT__1538985723877893.jpg"], "intrinsics": [[[1272.5979470598488, 0.0, 826.6154927353808], [0.0, 1272.5979470598488, 479.75165386361925], [0.0, 0.0, 1.0]], [[1266.417203046554, 0.0, 816.2670197447984], [0.0, 1266.417203046554, 491.50706579294757], [0.0, 0.0, 1.0]], [[1260.8474446004698, 0.0, 807.968244525554], [0.0, 1260.8474446004698, 495.3344268742088], [0.0, 0.0, 1.0]], [[1256.7414812095406, 0.0, 792.1125740759628], [0.0, 1256.7414812095406, 492.7757465151356], [0.0, 0.0, 1.0]], [[809.2209905677063, 0.0, 829.2196003259838], [0.0, 809.2209905677063, 481.77842384512485], [0.0, 0.0, 1.0]], [[1259.5137405846733, 0.0, 807.2529053838625], [0.0, 1259.5137405846733, 501.19579884916527], [0.0, 0.0, 1.0]]], "extrinsics": [[[0.8229178190231323, -0.5674556493759155, -0.028291307389736176, -0.615478515625], [-0.03221430256962776, 0.0031134842429310083, -0.9994761347770691, 1.4945755004882812], [0.5672464966773987, 0.8233979940414429, -0.015718048438429832, -1.04052734375], [0.0, 0.0, 0.0, 1.0]], [[0.009545749984681606, -0.9999542832374573, 0.0004859665350522846, 0.00927734375], [-0.037363868206739426, -0.0008423322578892112, -0.9993013739585876, 1.5074310302734375], [0.9992560744285583, 0.009520945139229298, -0.03737020120024681, -1.3419189453125], [0.0, 0.0, 0.0, 1.0]], [[-0.8311122059822083, -0.5558368563652039, 0.017254669219255447, 0.8043212890625], [-0.03166080638766289, 0.01631767489016056, -0.9993654489517212, 1.4949455261230469], [0.5552026033401489, -0.8311312794685364, -0.031160064041614532, -1.095947265625], [0.0, 0.0, 0.0, 1.0]], [[0.9473238587379456, 0.31922850012779236, -0.025898275896906853, -1.126495361328125], [-0.022640245035290718, -0.013913187198340893, -0.9996468424797058, 1.5881786346435547], [-0.3194761276245117, 0.9475756287574768, -0.005952882580459118, -0.109130859375], [0.0, 0.0, 0.0, 1.0]], [[0.0009994624415412545, 0.9999910593032837, -0.0041312831453979015, 0.00244140625], [-0.04814072325825691, -0.004078381694853306, -0.9988322257995605, 1.5740432739257812], [-0.9988400936126709, 0.0011971789645031095, 0.048136208206415176, -0.10833740234375], [0.0, 0.0, 0.0, 1.0]], [[-0.9354588985443115, 0.3529440462589264, 0.018629180267453194, 0.947509765625], [-0.015660712495446205, 0.011264555156230927, -0.9998139142990112, 1.5482826232910156], [-0.35308822989463806, -0.9355766773223877, -0.0050101750530302525, -0.13427734375], [0.0, 0.0, 0.0, 1.0]]], "view": [[0.0, -2.0, 100.0], [-2.0, 0.0, 100.0], [0.0, 0.0, 1.0]], "bev": "bev_2be38747b2dc4751939466a80da4ffac.png", "aux": "aux_2be38747b2dc4751939466a80da4ffac.npz", "visibility": "visibility_2be38747b2dc4751939466a80da4ffac.png", "pose": [[0.216287299990654, 0.9763297438621521, 0.0, 2503.904296875], [-0.9763297438621521, 0.216287299990654, 0.0, 1237.02490234375], [0.0, 0.0, 1.0, 0.0], [0.0, 0.0, 0.0, 1.0]], "pose_inverse": [[0.216287299990654, -0.9763297438621521, 0.0, 666.1815185546875], [0.9763297438621521, 0.216287299990654, 0.0, -2712.18896484375], [0.0, 0.0, 1.0, 0.0], [0.0, 0.0, 0.0, 1.0]], "cam_ids": [0, 1, 2, 3, 4, 5], "cam_channels": ["CAM_FRONT_LEFT", "CAM_FRONT", "CAM_FRONT_RIGHT", "CAM_BACK_LEFT", "CAM_BACK", "CAM_BACK_RIGHT"], "token": "2be38747b2dc4751939466a80da4ffac", "scene": "scene-0439"}, {"images": ["samples/CAM_FRONT_LEFT/n015-2018-10-08-15-52-24+0800__CAM_FRONT_LEFT__1538985724354844.jpg", "samples/CAM_FRONT/n015-2018-10-08-15-52-24+0800__CAM_FRONT__1538985724362460.jpg", "samples/CAM_FRONT_RIGHT/n015-2018-10-08-15-52-24+0800__CAM_FRONT_RIGHT__1538985724370339.jpg", "samples/CAM_BACK_LEFT/n015-2018-10-08-15-52-24+0800__CAM_BACK_LEFT__1538985724397423.jpg", "samples/CAM_BACK/n015-2018-10-08-15-52-24+0800__CAM_BACK__1538985724387525.jpg", "samples/CAM_BACK_RIGHT/n015-2018-10-08-15-52-24+0800__CAM_BACK_RIGHT__1538985724377893.jpg"], "intrinsics": [[[1272.5979470598488, 0.0, 826.6154927353808], [0.0, 1272.5979470598488, 479.75165386361925], [0.0, 0.0, 1.0]], [[1266.417203046554, 0.0, 816.2670197447984], [0.0, 1266.417203046554, 491.50706579294757], [0.0, 0.0, 1.0]], [[1260.8474446004698, 0.0, 807.968244525554], [0.0, 1260.8474446004698, 495.3344268742088], [0.0, 0.0, 1.0]], [[1256.7414812095406, 0.0, 792.1125740759628], [0.0, 1256.7414812095406, 492.7757465151356], [0.0, 0.0, 1.0]], [[809.2209905677063, 0.0, 829.2196003259838], [0.0, 809.2209905677063, 481.77842384512485], [0.0, 0.0, 1.0]], [[1259.5137405846733, 0.0, 807.2529053838625], [0.0, 1259.5137405846733, 501.19579884916527], [0.0, 0.0, 1.0]]], "extrinsics": [[[0.8231219053268433, -0.5668038129806519, -0.034694161266088486, -0.611572265625], [-0.037930477410554886, 0.0060817161574959755, -0.9992618560791016, 1.4919624328613281], [0.5665963888168335, 0.8238303065299988, -0.016493145376443863, -1.036865234375], [0.0, 0.0, 0.0, 1.0]], [[0.010207914747297764, -0.9999446272850037, -0.0025262723211199045, 0.009765625], [-0.043095916509628296, 0.002084115520119667, -0.9990687966346741, 1.5052146911621094], [0.999018669128418, 0.010307284072041512, -0.04307226091623306, -1.33721923828125], [0.0, 0.0, 0.0, 1.0]], [[-0.8306424021720886, -0.5564354658126831, 0.020314287394285202, 0.80096435546875], [-0.03740657866001129, 0.019364748150110245, -0.9991124272346497, 1.4932022094726562], [0.5555482506752014, -0.8306650519371033, -0.03689952939748764, -1.093017578125], [0.0, 0.0, 0.0, 1.0]], [[0.9471831321716309, 0.3192675709724426, -0.030203260481357574, -1.127227783203125], [-0.02822968363761902, -0.010808403603732586, -0.9995429515838623, 1.5881118774414062], [-0.3194481134414673, 0.9476029872894287, -0.0012247145641595125, -0.10888671875], [0.0, 0.0, 0.0, 1.0]], [[0.000680474448017776, 0.9999994039535522, -0.0009305320563726127, 0.001953125], [-0.053788922727108, -0.0008925835718400776, -0.9985519051551819, 1.573333740234375], [-0.9985520839691162, 0.0007295571267604828, 0.053788285702466965, -0.10992431640625], [0.0, 0.0, 0.0, 1.0]], [[-0.9355577230453491