[{"images": ["samples/CAM_FRONT_LEFT/n015-2018-10-08-16-03-24+0800__CAM_FRONT_LEFT__1538986157754844.jpg", "samples/CAM_FRONT/n015-2018-10-08-16-03-24+0800__CAM_FRONT__1538986157762460.jpg", "samples/CAM_FRONT_RIGHT/n015-2018-10-08-16-03-24+0800__CAM_FRONT_RIGHT__1538986157770339.jpg", "samples/CAM_BACK_LEFT/n015-2018-10-08-16-03-24+0800__CAM_BACK_LEFT__1538986157797423.jpg", "samples/CAM_BACK/n015-2018-10-08-16-03-24+0800__CAM_BACK__1538986157787525.jpg", "samples/CAM_BACK_RIGHT/n015-2018-10-08-16-03-24+0800__CAM_BACK_RIGHT__1538986157777893.jpg"], "intrinsics": [[[1272.5979470598488, 0.0, 826.6154927353808], [0.0, 1272.5979470598488, 479.75165386361925], [0.0, 0.0, 1.0]], [[1266.417203046554, 0.0, 816.2670197447984], [0.0, 1266.417203046554, 491.50706579294757], [0.0, 0.0, 1.0]], [[1260.8474446004698, 0.0, 807.968244525554], [0.0, 1260.8474446004698, 495.3344268742088], [0.0, 0.0, 1.0]], [[1256.7414812095406, 0.0, 792.1125740759628], [0.0, 1256.7414812095406, 492.7757465151356], [0.0, 0.0, 1.0]], [[809.2209905677063, 0.0, 829.2196003259838], [0.0, 809.2209905677063, 481.77842384512485], [0.0, 0.0, 1.0]], [[1259.5137405846733, 0.0, 807.2529053838625], [0.0, 1259.5137405846733, 501.19579884916527], [0.0, 0.0, 1.0]]], "extrinsics": [[[0.8197722434997559, -0.5716151595115662, -0.035066667944192886, -0.7081298828125], [-0.04864960163831711, -0.008498220704495907, -0.9987797737121582, 1.4931106567382812], [0.570619523525238, 0.8204779028892517, -0.03477545082569122, -1.104248046875], [0.0, 0.0, 0.0, 1.0]], [[0.005750290118157864, -0.9999067187309265, 0.012393753975629807, 0.00823974609375], [-0.05384127423167229, -0.012685561552643776, -0.9984689950942993, 1.5067825317382812], [0.9985330104827881, 0.005074094049632549, -0.053909193724393845, -1.4368896484375], [0.0, 0.0, 0.0, 1.0]], [[-0.832432210445404, -0.5528445243835449, 0.037675268948078156, 0.8680419921875], [-0.048118069767951965, 0.004384162835776806, -0.9988319873809814, 1.4941177368164062], [0.5520336627960205, -0.8332728743553162, -0.03025132790207863, -1.13824462890625], [0.0, 0.0, 0.0, 1.0]], [[0.9468952417373657, 0.31830379366874695, -0.04552030190825462, -1.1400146484375], [-0.03910118713974953, -0.026530412957072258, -0.9988829493522644, 1.5884780883789062], [-0.3191559314727783, 0.9476174712181091, -0.01267546508461237, -0.104400634765625], [0.0, 0.0, 0.0, 1.0]], [[0.002357663819566369, 0.9998613595962524, -0.01648566499352455, 0.002716064453125], [-0.06461449712514877, -0.016298938542604446, -0.9977772235870361, 1.5746231079101562], [-0.9979074597358704, 0.0034177168272435665, 0.06456709653139114, -0.0716552734375], [0.0, 0.0, 0.0, 1.0]], [[-0.9341654181480408, 0.35559704899787903, 0.029763201251626015, 1.0025634765625], [-0.032147835940122604, -0.0007974889012984931, -0.9994828104972839, 1.5468635559082031], [-0.3553893268108368, -0.934639036655426, 0.01217666082084179, -0.1138916015625], [0.0, 0.0, 0.0, 1.0]]], "view": [[0.0, -2.0, 100.0], [-2.0, 0.0, 100.0], [0.0, 0.0, 1.0]], "bev": "bev_6a9203291f9b40c992fe327a7c3b6a6d.png", "aux": "aux_6a9203291f9b40c992fe327a7c3b6a6d.npz", "visibility": "visibility_6a9203291f9b40c992fe327a7c3b6a6d.png", "pose": [[-0.5922031998634338, 0.8057886958122253, 0.0, 819.7420043945312], [-0.8057886958122253, -0.5922031998634338, 0.0, 1592.1322021484375], [0.0, 0.0, 1.0, 0.0], [0.0, 0.0, 0.0, 1.0]], "pose_inverse": [[-0.5922031998634338, -0.8057886958122253, 0.0, 1768.3759765625], [0.8057886958122253, -0.5922031998634338, 0.0, 282.3269348144531], [0.0, 0.0, 1.0, 0.0], [0.0, 0.0, 0.0, 1.0]], "cam_ids": [0, 1, 2, 3, 4, 5], "cam_channels": ["CAM_FRONT_LEFT", "CAM_FRONT", "CAM_FRONT_RIGHT", "CAM_BACK_LEFT", "CAM_BACK", "CAM_BACK_RIGHT"], "token": "6a9203291f9b40c992fe327a7c3b6a6d", "scene": "scene-0860"}, {"images": ["samples/CAM_FRONT_LEFT/n015-2018-10-08-16-03-24+0800__CAM_FRONT_LEFT__1538986158254844.jpg", "samples/CAM_FRONT/n015-2018-10-08-16-03-24+0800__CAM_FRONT__1538986158262460.jpg", "samples/CAM_FRONT_RIGHT/n015-2018-10-08-16-03-24+0800__CAM_FRONT_RIGHT__1538986158270339.jpg", "samples/CAM_BACK_LEFT/n015-2018-10-08-16-03-24+0800__CAM_BACK_LEFT__1538986158297423.jpg", "samples/CAM_BACK/n015-2018-10-08-16-03-24+0800__CAM_BACK__1538986158287525.jpg", "samples/CAM_BACK_RIGHT/n015-2018-10-08-16-03-24+0800__CAM_BACK_RIGHT__1538986158277893.jpg"], "intrinsics": [[[1272.5979470598488, 0.0, 826.6154927353808], [0.0, 1272.5979470598488, 479.75165386361925], [0.0, 0.0, 1.0]], [[1266.417203046554, 0.0, 816.2670197447984], [0.0, 1266.417203046554, 491.50706579294757], [0.0, 0.0, 1.0]], [[1260.8474446004698, 0.0, 807.968244525554], [0.0, 1260.8474446004698, 495.3344268742088], [0.0, 0.0, 1.0]], [[1256.7414812095406, 0.0, 792.1125740759628], [0.0, 1256.7414812095406, 492.7757465151356], [0.0, 0.0, 1.0]], [[809.2209905677063, 0.0, 829.2196003259838], [0.0, 809.2209905677063, 481.77842384512485], [0.0, 0.0, 1.0]], [[1259.5137405846733, 0.0, 807.2529053838625], [0.0, 1259.5137405846733, 501.19579884916527], [0.0, 0.0, 1.0]]], "extrinsics": [[[0.8197581171989441, -0.5718826651573181, -0.030771682038903236, -0.7138671875], [-0.04809080809354782, -0.015195962972939014, -0.9987273216247559, 1.4936370849609375], [0.5706872940063477, 0.820194661617279, -0.039959315210580826, -1.1087646484375], [0.0, 0.0, 0.0, 1.0]], [[0.005723434966057539, -0.9998018741607666, 0.019066348671913147, 0.008453369140625], [-0.05341125279664993, -0.019345087930560112, -0.9983851909637451, 1.5072097778320312], [0.9985561370849609, 0.004695767071098089, -0.05351138487458229, -1.4423828125], [0.0, 0.0, 0.0, 1.0]], [[-0.8324372172355652, -0.5525937676429749, 0.04109008610248566, 0.871826171875], [-0.04782384634017944, -0.0022306041792035103, -0.9988532662391663, 1.4943923950195312], [0.5520517230033875, -0.8334476947784424, -0.024570321664214134, -1.14056396484375], [0.0, 0.0, 0.0, 1.0]], [[0.9468093514442444, 0.3182310461997986, -0.04776093363761902, -1.14111328125], [-0.03932885453104973, -0.03287304565310478, -0.9986854195594788, 1.5885086059570312], [-0.31938278675079346, 0.9474430084228516, -0.01860884204506874, -0.104156494140625], [0.0, 0.0, 0.0, 1.0]], [[0.0022156317718327045, 0.9997344613075256, -0.022941863164305687, 0.00250244140625], [-0.06465078145265579, -0.022750714793801308, -0.9976485967636108, 1.5747528076171875], [-0.9979054927825928, 0.0036936597898602486, 0.0645831972360611, -0.0693359375], [0.0, 0.0, 0.0, 1.0]], [[-0.9341867566108704, 0.35573917627334595, 0.02729060873389244, 1.0054931640625], [-0.0319964624941349, -0.00735024968162179, -0.9994609951972961, 1.5469818115234375], [-0.3553469181060791, -0.9345563650131226, 0.01824890449643135, -0.1124267578125], [0.0, 0.0, 0.0, 1.0]]], "view": [[0.0, -2.0, 100.0], [-2.0, 0.0, 100.0], [0.0, 0.0, 1.0]], "bev": "bev_a48fd76d0a954615ae1d5ebc0e273bf3.png", "aux": "aux_a48fd76d0a954615ae1d5ebc0e273bf3.npz", "visibility": "visibility_a48fd76d0a954615ae1d5ebc0e273bf3.png", "pose": [[-0.5922876000404358, 0.8057266473770142, 0.0, 817.5759887695312], [-0.8057266473770142, -0.5922876000404358, 0.0, 1589.2274169921875], [0.0, 0.0, 1.0, 0.0], [0.0, 0.0, 0.0, 1.0]], "pose_inverse": [[-0.5922876000404358, -0.8057266473770142, 0.0, 1764.7230224609375], [0.8057266473770142, -0.5922876000404358, 0.0, 282.53692626953125], [0.0, 0.0, 1.0, 0.0], [0.0, 0.0, 0.0, 1.0]], "cam_ids": [0, 1, 2, 3, 4, 5], "cam_channels": ["CAM_FRONT_LEFT", "CAM_FRONT", "CAM_FRONT_RIGHT", "CAM_BACK_LEFT", "CAM_BACK", "CAM_BACK_RIGHT"], "token": "a48fd76d0a954615ae1d5ebc0e273bf3", "scene": "scene-0860"}, {"images": ["samples/CAM_FRONT_LEFT/n015-2018-10-08-16-03-24+0800__CAM_FRONT_LEFT__1538986158754844.jpg", "samples/CAM_FRONT/n015-2018-10-08-16-03-24+0800__CAM_FRONT__1538986158762460.jpg", "samples/CAM_FRONT_RIGHT/n015-2018-10-08-16-03-24+0800__CAM_FRONT_RIGHT__1538986158770339.jpg", "samples/CAM_BACK_LEFT/n015-2018-10-08-16-03-24+0800__CAM_BACK_LEFT__1538986158797423.jpg", "samples/CAM_BACK/n015-2018-10-08-16-03-24+0800__CAM_BACK__1538986158787525.jpg", "samples/CAM_BACK_RIGHT/n015-2018-10-08-16-03-24+0800__CAM_BACK_RIGHT__1538986158777893.jpg"], "intrinsics": [[[1272.5979470598488, 0.0, 826.6154927353808], [0.0, 1272.5979470598488, 479.75165386361925], [0.0, 0.0, 1.0]], [[1266.417203046554, 0.0, 816.2670197447984], [0.0, 1266.417203046554, 491.50706579294757], [0.0, 0.0, 1.0]], [[1260.8474446004698, 0.0, 807.968244525554], [0.0, 1260.8474446004698, 495.3344268742088], [0.0, 0.0, 1.0]], [[1256.7414812095406, 0.0, 792.1125740759628], [0.0, 1256.7414812095406, 492.7757465151356], [0.0, 0.0, 1.0]], [[809.2209905677063, 0.0, 829.2196003259838], [0.0, 809.2209905677063, 481.77842384512485], [0.0, 0.0, 1.0]], [[1259.5137405846733, 0.0, 807.2529053838625], [0.0, 1259.5137405846733, 501.19579884916527], [0.0, 0.0, 1.0]]], "extrinsics": [[[0.8196970224380493, -0.5719070434570312, -0.03192352503538132, -0.72412109375], [-0.05117972567677498, -0.017616739496588707, -0.9985340237617493, 1.4932632446289062], [0.5705063343048096, 0.8201292753219604, -0.043710436671972275, -1.11376953125], [0.0, 0.0, 0.0, 1.0]], [[0.006003322079777718, -0.9997543096542358, 0.021338490769267082, 0.007293701171875], [-0.0564558282494545, -0.021643690764904022, -0.9981704950332642, 1.5068511962890625], [0.9983870387077332, 0.00478765182197094, -0.05657188594341278, -1.4500732421875], [0.0, 0.0, 0.0, 1.0]], [[-0.8321025371551514, -0.5528112053871155, 0.0447794608771801, 0.8743896484375], [-0.05082422494888306, -0.004396049305796623, -0.9986979365348816, 1.4939727783203125], [0.5522882342338562, -0.8332949876785278, -0.02443823218345642, -1.14300537109375], [0.0, 0.0, 0.0, 1.0]], [[0.9466695189476013, 0.31814396381378174, -0.051003191620111465, -1.1383056640625], [-0.04218674078583717, -0.0345454141497612, -0.998512327671051, 1.5883712768554688], [-0.3194325268268585, 0.9474128484725952, -0.01928163506090641, -0.10504150390625], [0.0, 0.0, 0.0, 1.0]], [[0.0019014147110283375, 0.9996914863586426, -0.024766111746430397, 0.00244140625], [-0.06755315512418747, -0.024581175297498703, -0.9974128007888794, 1.5744400024414062], [-0.9977138042449951, 0.003569460939615965, 0.06748557090759277, -0.0711669921875], [0.0, 0.0, 0.0, 1.0]], [[-0.9342767596244812, 0.3553386926651001, 0.029351210221648216, 1.005126953125], [-0.0349549800157547, -0.009359071031212807, -0.999345064163208, 1.5465660095214844], [-0.3548312485218048, -0.9346908330917358, 0.021164821460843086, -0.11248779296875], [0.0, 0.0, 0.0, 1.0]]], "view": [[0.0, -2.0, 100.0], [-2.0, 0.0, 100.0], [0.0, 0.0, 1.0]], "bev": "bev_df0aa5f78cae449c8cd8031ca0e6d150.png", "aux": "aux_df0aa5f78cae449c8cd8031ca0e6d150.npz", "visibility": "visibility_df0aa5f78cae449c8cd8031ca0e6d150.png", "pose": [[-0.5906524658203125, 0.8069260716438293, 0.0, 815.4970092773438], [-0.8069260716438293, -0.5906524658203125, 0.0, 1586.427978515625], [0.0, 0.0, 1.0, 0.0], [0.0, 0.0, 0.0, 1.0]], "pose_inverse": [[-0.5906524658203125, -0.8069260716438293, 0.0, 1761.805419921875], [0.8069260716438293, -0.5906524658203125, 0.0, 278.9818115234375], [0.0, 0.0, 1.0, 0.0], [0.0, 0.0, 0.0, 1.0]], "cam_ids": [0, 1, 2, 3, 4, 5], "cam_channels": ["CAM_FRONT_LEFT", "CAM_FRONT", "CAM_FRONT_RIGHT", "CAM_BACK_LEFT", "CAM_BACK", "CAM_BACK_RIGHT"], "token": "df0aa5f78cae449c8cd8031ca0e6d150", "scene": "scene-0860"}, {"images": ["samples/CAM_FRONT_LEFT/n015-2018-10-08-16-03-24+0800__CAM_FRONT_LEFT__1538986159254844.jpg", "samples/CAM_FRONT/n015-2018-10-08-16-03-24+0800__CAM_FRONT__1538986159262460.jpg", "samples/CAM_FRONT_RIGHT/n015-2018-10-08-16-03-24+0800__CAM_FRONT_RIGHT__1538986159270339.jpg", "samples/CAM_BACK_LEFT/n015-2018-10-08-16-03-24+0800__CAM_BACK_LEFT__1538986159297423.jpg", "samples/CAM_BACK/n015-2018-10-08-16-03-24+0800__CAM_BACK__1538986159287525.jpg", "samples/CAM_BACK_RIGHT/n015-2018-10-08-16-03-24+0800__CAM_BACK_RIGHT__1538986159277893.jpg"], "intrinsics": [[[1272.5979470598488, 0.0, 826.6154927353808], [0.0, 1272.5979470598488, 479.75165386361925], [0.0, 0.0, 1.0]], [[1266.417203046554, 0.0, 816.2670197447984], [0.0, 1266.417203046554, 491.50706579294757], [0.0, 0.0, 1.0]], [[1260.8474446004698, 0.0, 807.968244525554], [0.0, 1260.8474446004698, 495.3344268742088], [0.0, 0.0, 1.0]], [[1256.7414812095406, 0.0, 792.1125740759628], [0.0, 1256.7414812095406, 492.7757465151356], [0.0, 0.0, 1.0]], [[809.2209905677063, 0.0, 829.2196003259838], [0.0, 809.2209905677063, 481.77842384512485], [0.0, 0.0, 1.0]], [[1259.5137405846733, 0.0, 807.2529053838625], [0.0, 1259.5137405846733, 501.19579884916527], [0.0, 0.0, 1.0]]], "extrinsics": [[[0.8196626901626587, -0.5719995498657227, -0.03113890253007412, -0.7308349609375], [-0.049489207565784454, -0.016552435234189034, -0.9986374974250793, 1.494171142578125], [0.5707046985626221, 0.8200868368148804, -0.041875213384628296, -1.1185302734375], [0.0, 0.0, 0.0, 1.0]], [[0.005723028443753719, -0.9997787475585938, 0.020238857716321945, 0.00726318359375], [-0.05475638806819916, -0.020522138103842735, -0.9982888698577881, 1.5077362060546875], [0.9984833598136902, 0.004605004098266363, -0.05486172065138817, -1.4586181640625], [0.0, 0.0, 0.0, 1.0]], [[-0.8323623538017273, -0.5525816679000854, 0.04273688420653343, 0.8818359375], [-0.049129828810691833, -0.003241566941142082, -0.9987871050834656, 1.4947357177734375], [0.5520499348640442, -0.8334523439407349, -0.024450082331895828, -1.1480712890625], [0.0, 0.0, 0.0, 1.0]], [[0.946759819984436, 0.31819775700569153, -0.0489489808678627, -1.1392822265625], [-0.04041598364710808, -0.03336755186319351, -0.9986255764961243, 1.5884323120117188], [-0.31939369440078735, 0.9474369883537292, -0.018730783835053444, -0.104705810546875], [0.0, 0.0, 0.0, 1.0]], [[0.0021470896899700165, 0.9997188448905945, -0.02361373044550419, 0.002593994140625], [-0.06582625210285187, -0.0234212763607502, -0.997556209564209, 1.5748977661132812], [-0.9978286623954773, 0.003696209518238902, 0.06575745344161987, -0.0660400390625], [0.0, 0.0, 0.0, 1.0]], [[-0.934184193611145, 0.3556775748729706, 0.0281657874584198, 1.013671875], [-0.03325415402650833, -0.008199122734367847, -0.9994133114814758, 1.5470924377441406], [-0.3552378714084625, -0.9345727562904358, 0.019487246870994568, -0.1097412109375], [0.0, 0.0, 0.0, 1.0]]], "view": [[0.0, -2.0, 100.0], [-2.0, 0.0, 100.0], [0.0, 0.0, 1.0]], "bev": "bev_0af90f82d1f743588eb00405bd84bf0c.png", "aux": "aux_0af90f82d1f743588eb00405bd84bf0c.npz", "visibility": "visibility_0af90f82d1f743588eb00405bd84bf0c.png", "pose": [[-0.5898911356925964, 0.8074827790260315, 0.0, 813.4769287109375], [-0.8074827790260315, -0.5898911356925964, 0.0, 1583.7000732421875], [0.0, 0.0, 1.0, 0.0], [0.0, 0.0, 0.0, 1.0]], "pose_inverse": [[-0.5898911356925964, -0.8074827790260315, 0.0, 1758.67333984375], [0.8074827790260315, -0.5898911356925964, 0.0, 277.3420715332031], [0.0, 0.0, 1.0, 0.0], [0.0, 0.0, 0.0, 1.0]], "cam_ids": [0, 1, 2, 3, 4, 5], "cam_channels": ["CAM_FRONT_LEFT", "CAM_FRONT", "CAM_FRONT_RIGHT", "CAM_BACK_LEFT", "CAM_BACK", "CAM_BACK_RIGHT"], "token": "0af90f82d1f743588eb00405bd84bf0c", "scene": "scene-0860"}, {"images": ["samples/CAM_FRONT_LEFT/n015-2018-10-08-16-03-24+0800__CAM_FRONT_LEFT__1538986159754844.jpg", "samples/CAM_FRONT/n015-2018-10-08-16-03-24+0800__CAM_FRONT__1538986159762460.jpg", "samples/CAM_FRONT_RIGHT/n015-2018-10-08-16-03-24+0800__CAM_FRONT_RIGHT__1538986159770339.jpg", "samples/CAM_BACK_LEFT/n015-2018-10-08-16-03-24+0800__CAM_BACK_LEFT__1538986159797423.jpg", "samples/CAM_BACK/n015-2018-10-08-16-03-24+0800__CAM_BACK__1538986159787525.jpg", "samples/CAM_BACK_RIGHT/n015-2018-10-08-16-03-24+0800__CAM_BACK_RIGHT__1538986159777893.jpg"], "intrinsics": [[[1272.5979470598488, 0.0, 826.6154927353808], [0.0, 1272.5979470598488, 479.75165386361925], [0.0, 0.0, 1.0]], [[1266.417203046554, 0.0, 816.2670197447984], [0.0, 1266.417203046554, 491.50706579294757], [0.0, 0.0, 1.0]], [[1260.8474446004698, 0.0, 807.968244525554], [0.0, 1260.8474446004698, 495.3344268742088], [0.0, 0.0, 1.0]], [[1256.7414812095406, 0.0, 792.1125740759628], [0.0, 1256.7414812095406, 492.7757465151356], [0.0, 0.0, 1.0]], [[809.2209905677063, 0.0, 829.2196003259838], [0.0, 809.2209905677063, 481.77842384512485], [0.0, 0.0, 1.0]], [[1259.5137405846733, 0.0, 807.2529053838625], [0.0, 1259.5137405846733, 501.19579884916527], [0.0, 0.0, 1.0]]], "extrinsics": [[[0.8196656703948975, -0.5719566345214844, -0.0318395271897316, -0.735107421875], [-0.05081792175769806, -0.017239168286323547, -0.9985591173171997, 1.4940872192382812], [0.5705835819244385, 0.8201026320457458, -0.043196000158786774, -1.122314453125], [0.0, 0.0, 0.0, 1.0]], [[0.005856963340193033, -0.9997609257698059, 0.02106456272304058, 0.00775146484375], [-0.05611729621887207, -0.021360337734222412, -0.9981957077980042, 1.5076904296875], [0.9984070062637329, 0.004664266016334295, -0.056228987872600555, -1.4635009765625], [0.0, 0.0, 0.0, 1.0]], [[-0.8322296738624573, -0.552647590637207, 0.04443364217877388, 0.8851318359375], [-0.050527237355709076, -0.004209235776215792, -0.9987137913703918, 1.4946746826171875], [0.5521238446235657, -0.8334043622016907, -0.024420706555247307, -1.14984130859375], [0.0, 0.0, 0.0, 1.0]], [[0.9466792345046997, 0.31814390420913696, -0.05082125961780548, -1.1400146484375], [-0.04196159541606903, -0.034644030034542084, -0.9985184073448181, 1.5884552001953125], [-0.31943321228027344, 0.9474092125892639, -0.01944695971906185, -0.104400634765625], [0.0, 0.0, 0.0, 1.0]], [[0.002029459225013852, 0.9996906518936157, -0.02478877268731594, 0.0025634765625], [-0.06732519716024399, -0.02459598518908024, -0.9974278807640076, 1.574920654296875], [-0.9977290034294128, 0.0036931622307747602, 0.0672544464468956, -0.0640869140625], [0.0, 0.0, 0.0, 1.0]], [[-0.9341960549354553, 0.35556820034980774, 0.029135437682271004, 1.0162353515625], [-0.03469453752040863, -0.009266462177038193, -0.9993550181388855, 1.5470085144042969], [-0.3550688624382019, -0.9346044063568115, 0.02099297009408474, -0.1083984375], [0.0, 0.0, 0.0, 1.0]]], "view": [[0.0, -2.0, 100.0], [-2.0, 0.0, 100.0], [0.0, 0.0, 1.0]], "bev": "bev_7c0c247e2cf649cfba4cdb53cc342d55.png", "aux": "aux_7c0c247e2cf649cfba4cdb53cc342d55.npz", "visibility": "visibility_7c0c247e2cf649cfba4cdb53cc342d55.png", "pose": [[-0.5894496440887451, 0.8078051209449768, 0.0, 811.5181274414062], [-0.8078051209449768, -0.5894496440887451, 0.0, 1581.0538330078125], [0.0, 0.0, 1.0, 0.0], [0.0, 0.0, 0.0, 1.0]], "pose_inverse": [[-0.5894496440887451, -0.8078051209449768, 0.0, 1755.532470703125], [0.8078051209449768, -0.5894496440887451, 0.0, 276.403076171875], [0.0, 0.0, 1.0, 0.0], [0.0, 0.0, 0.0, 1.0]], "cam_ids": [0, 1, 2, 3, 4, 5], "cam_channels": ["CAM_FRONT_LEFT", "CAM_FRONT", "CAM_FRONT_RIGHT", "CAM_BACK_LEFT", "CAM_BACK", "CAM_BACK_RIGHT"], "token": "7c0c247e2cf649cfba4cdb53cc342d55", "scene": "scene-0860"}, {"images": ["samples/CAM_FRONT_LEFT/n015-2018-10-08-16-03-24+0800__CAM_FRONT_LEFT__1538986160254844.jpg", "samples/CAM_FRONT/n015-2018-10-08-16-03-24+0800__CAM_FRONT__1538986160262460.jpg", "samples/CAM_FRONT_RIGHT/n015-2018-10-08-16-03-24+0800__CAM_FRONT_RIGHT__1538986160270339.jpg", "samples/CAM_BACK_LEFT/n015-2018-10-08-16-03-24+0800__CAM_BACK_LEFT__1538986160297423.jpg", "samples/CAM_BACK/n015-2018-10-08-16-03-24+0800__CAM_BACK__1538986160287525.jpg", "samples/CAM_BACK_RIGHT/n015-2018-10-08-16-03-24+0800__CAM_BACK_RIGHT__1538986160277893.jpg"], "intrinsics": [[[1272.5979470598488, 0.0, 826.6154927353808], [0.0, 1272.5979470598488, 479.75165386361925], [0.0, 0.0, 1.0]], [[1266.417203046554, 0.0, 816.2670197447984], [0.0, 1266.417203046554, 491.50706579294757], [0.0, 0.0, 1.0]], [[1260.8474446004698, 0.0, 807.968244525554], [0.0, 1260.8474446004698, 495.3344268742088], [0.0, 0.0, 1.0]], [[1256.7414812095406, 0.0, 792.1125740759628], [0.0, 1256.7414812095406, 492.7757465151356], [0.0, 0.0, 1.0]], [[809.2209905677063, 0.0, 829.2196003259838], [0.0, 809.2209905677063, 481.77842384512485], [0.0, 0.0, 1.0]], [[1259.5137405846733, 0.0, 807.2529053838625], [0.0, 1259.5137405846733, 501.19579884916527], [0.0, 0.0, 1.0]]], "extrinsics": [[[0.81975919008255, -0.5718351006507874, -0.03161287680268288, -0.7366943359375], [-0.050057001411914825, -0.01655333861708641, -0.998609185218811, 1.4943923950195312], [0.5705164670944214, 0.8202015161514282, -0.042194101959466934, -1.123291015625], [0.0, 0.0, 0.0, 1.0]], [[0.005900043528527021, -0.9997788071632385, 0.02018435113132, 0.007537841796875], [-0.05538008362054825, -0.020480409264564514, -0.9982553124427795, 1.507965087890625], [0.9984478950500488, 0.004771958105266094, -0.055488672107458115, -1.4652099609375], [0.0, 0.0, 0.0, 1.0]], [[-0.8322609663009644, -0.552693784236908, 0.04325827211141586, 0.88671875], [-0.04980914294719696, -0.0031665845308452845, -0.9987536668777466, 1.4948959350585938], [0.5521419644355774, -0.8333783745765686, -0.024893779307603836, -1.15118408203125], [0.0, 0.0, 0.0, 1.0]], [[0.9467258453369141, 0.3181760907173157, -0.049740761518478394, -1.140625], [-0.04125344008207321, -0.03336203098297119, -0.9985915422439575, 1.5884933471679688], [-0.31938740611076355, 0.9474444389343262, -0.018458839505910873, -0.10418701171875], [0.0, 0.0, 0.0, 1.0]], [[0.002088536974042654, 0.99972003698349, -0.023570111021399498, 0.0028076171875], [-0.06661836057901382, -0.023378701880574226, -0.9975045919418335, 1.5750503540039062], [-0.9977762699127197, 0.003653525607660413, 0.06655088067054749, -0.062744140625], [0.0, 0.0, 0.0, 1.0]], [[-0.9341994524002075, 0.35558047890663147, 0.028877465054392815, 1.0181884765625], [-0.03398815542459488, -0.00813288427889347, -0.9993891716003418, 1.5471687316894531], [-0.3551284670829773, -0.9346102476119995, 0.019683264195919037, -0.10809326171875], [0.0, 0.0, 0.0, 1.0]]], "view": [[0.0, -2.0, 100.0], [-2.0, 0.0, 100.0], [0.0, 0.0, 1.0]], "bev": "bev_edabe2c041384d4592e8319b967b37ca.png", "aux": "aux_edabe2c041384d4592e8319b967b37ca.npz", "visibility": "visibility_edabe2c041384d4592e8319b967b37ca.png", "pose": [[-0.590266764163971, 0.807208240032196, 0.0, 809.6109619140625], [-0.807208240032196, -0.590266764163971, 0.0, 1578.4730224609375], [0.0, 0.0, 1.0, 0.0], [0.0, 0.0, 0.0, 1.0]], "pose_inverse": [[-0.590266764163971, -0.807208240032196, 0.0, 1752.0428466796875], [0.807208240032196, -0.590266764163971, 0.0, 278.1955871582031], [0.0, 0.0, 1.0, 0.0], [0.0, 0.0, 0.0, 1.0]], "cam_ids": [0, 1, 2, 3, 4, 5], "cam_channels": ["CAM_FRONT_LEFT", "CAM_FRONT", "CAM_FRONT_RIGHT", "CAM_BACK_LEFT", "CAM_BACK", "CAM_BACK_RIGHT"], "token": "edabe2c041384d4592e8319b967b37ca", "scene": "scene-0860"}, {"images": ["samples/CAM_FRONT_LEFT/n015-2018-10-08-16-03-24+0800__CAM_FRONT_LEFT__1538986160754844.jpg", "samples/CAM_FRONT/n015-2018-10-08-16-03-24+0800__CAM_FRONT__1538986160762460.jpg", "samples/CAM_FRONT_RIGHT/n015-2018-10-08-16-03-24+0800__CAM_FRONT_RIGHT__1538986160770339.jpg", "samples/CAM_BACK_LEFT/n015-2018-10-08-16-03-24+0800__CAM_BACK_LEFT__1538986160797423.jpg", "samples/CAM_BACK/n015-2018-10-08-16-03-24+0800__CAM_BACK__1538986160787525.jpg", "samples/CAM_BACK_RIGHT/n015-2018-10-08-16-03-24+0800__CAM_BACK_RIGHT__1538986160777893.jpg"], "intrinsics": [[[1272.5979470598488, 0.0, 826.6154927353808], [0.0, 1272.5979470598488, 479.75165386361925], [0.0, 0.0, 1.0]], [[1266.417203046554, 0.0, 816.2670197447984], [0.0, 1266.417203046554, 491.50706579294757], [0.0, 0.0, 1.0]], [[1260.8474446004698, 0.0, 807.968244525554], [0.0, 1260.8474446004698, 495.3344268742088], [0.0, 0.0, 1.0]], [[1256.7414812095406, 0.0, 792.1125740759628], [0.0, 1256.7414812095406, 492.7757465151356], [0.0, 0.0, 1.0]], [[809.2209905677063, 0.0, 829.2196003259838], [0.0, 809.2209905677063, 481.77842384512485], [0.0, 0.0, 1.0]], [[1259.5137405846733, 0.0, 807.2529053838625], [0.0, 1259.5137405846733, 501.19579884916527], [0.0, 0.0, 1.0]]], "extrinsics": [[[0.8199046850204468, -0.5715469121932983, -0.033020276576280594, -0.755859375], [-0.04698440432548523, -0.009693832136690617, -0.9988486170768738, 1.4963912963867188], [0.5705687403678894, 0.8205121159553528, -0.03480180725455284, -1.138427734375], [0.0, 0.0, 0.0, 1.0]], [[0.005920594558119774, -0.999894380569458, 0.013274282217025757, 0.008941650390625], [-0.052423544228076935, -0.013566616922616959, -0.998532772064209, 1.5096664428710938], [0.998607337474823, 0.0052160294726490974, -0.05249832570552826, -1.4844970703125], [0.0, 0.0, 0.0, 1.0]], [[-0.8323462009429932, -0.5530199408531189, 0.03699537739157677, 0.8994140625], [-0.046962376683950424, 0.0038600314874202013, -0.9988892078399658, 1.496063232421875], [0.5522628426551819, -0.8331590294837952, -0.029184015467762947, -1.157958984375], [0.0, 0.0, 0.0, 1.0]], [[0.9469115734100342, 0.3183286488056183, -0.04500336945056915, -1.1385498046875], [-0.03883526846766472, -0.025699784979224205, -0.9989150762557983, 1.5884017944335938], [-0.3191398084163666, 0.9476319551467896, -0.011973048560321331, -0.104949951171875], [0.0, 0.0, 0.0, 1.0]], [[0.0022352219093590975, 0.9998672008514404, -0.016138941049575806, 0.0020751953125], [-0.06404100358486176, -0.015962723642587662, -0.9978196024894714, 1.575469970703125], [-0.997944712638855, 0.003263900289312005, 0.063996821641922, -0.05908203125], [0.0, 0.0, 0.0, 1.0]], [[-0.9342885613441467, 0.3553463816642761, 0.02887585572898388, 1.026611328125], [-0.03124932385981083, -0.0009403492440469563, -0.999511182308197, 1.5478096008300781], [-0.3551454544067383, -0.9347342252731323, 0.011982890777289867, -0.103515625], [0.0, 0.0, 0.0, 1.0]]], "view": [[0.0, -2.0, 100.0], [-2.0, 0.0, 100.0], [0.0, 0.0, 1.0]], "bev": "bev_8b5ff99ab1da4f2e9fa42396ac7622be.png", "aux": "aux_8b5ff99ab1da4f2e9fa42396ac7622be.npz", "visibility": "visibility_8b5ff99ab1da4f2e9fa42396ac7622be.png", "pose": [[-0.5895165801048279, 0.807756245136261, 0.0, 807.7904663085938], [-0.807756245136261, -0.5895165801048279, 0.0, 1576.024169921875], [0.0, 0.0, 1.0, 0.0], [0.0, 0.0, 0.0, 1.0]], "pose_inverse": [[-0.5895165801048279, -0.807756245136261, 0.0, 1749.249267578125], [0.807756245136261, -0.5895165801048279, 0.0, 276.5946044921875], [0.0, 0.0, 1.0, 0.0], [0.0, 0.0, 0.0, 1.0]], "cam_ids": [0, 1, 2, 3, 4, 5], "cam_channels": ["CAM_FRONT_LEFT", "CAM_FRONT", "CAM_FRONT_RIGHT", "CAM_BACK_LEFT", "CAM_BACK", "CAM_BACK_RIGHT"], "token": "8b5ff99ab1da4f2e9fa42396ac7622be", "scene": "scene-0860"}, {"images": ["samples/CAM_FRONT_LEFT/n015-2018-10-08-16-03-24+0800__CAM_FRONT_LEFT__1538986161254844.jpg", "samples/CAM_FRONT/n015-2018-10-08-16-03-24+0800__CAM_FRONT__1538986161262460.jpg", "samples/CAM_FRONT_RIGHT/n015-2018-10-08-16-03-24+0800__CAM_FRONT_RIGHT__1538986161270339.jpg", "samples/CAM_BACK_LEFT/n015-2018-10-08-16-03-24+0800__CAM_BACK_LEFT__1538986161297423.jpg", "samples/CAM_BACK/n015-2018-10-08-16-03-24+0800__CAM_BACK__1538986161287525.jpg", "samples/CAM_BACK_RIGHT/n015-2018-10-08-16-03-24+0800__CAM_BACK_RIGHT__1538986161277893.jpg"], "intrinsics": [[[1272.5979470598488, 0.0, 826.6154927353808], [0.0, 1272.5979470598488, 479.75165386361925], [0.0, 0.0, 1.0]], [[1266.417203046554, 0.0, 816.2670197447984], [0.0, 1266.417203046554, 491.50706579294757], [0.0, 0.0, 1.0]], [[1260.8474446004698, 0.0, 807.968244525554], [0.0, 1260.8474446004698, 495.3344268742088], [0.0, 0.0, 1.0]], [[1256.7414812095406, 0.0, 792.1125740759628], [0.0, 1256.7414812095406, 492.7757465151356], [0.0, 0.0, 1.0]], [[809.2209905677063, 0.0, 829.2196003259838], [0.0, 809.2209905677063, 481.77842384512485], [0.0, 0.0, 1.0]], [[1259.5137405846733, 0.0, 807.2529053838625], [0.0, 1259.5137405846733, 501.19579884916527], [0.0, 0.0, 1.0]]], "extrinsics": [[[0.8194085359573364, -0.5719276070594788, -0.03832234442234039, -0.7666015625], [-0.05183571204543114, -0.007352042943239212, -0.998628556728363, 1.4957427978515625], [0.5708614587783813, 0.8202711939811707, -0.03567059710621834, -1.143310546875], [0.0, 0.0, 0.0, 1.0]], [[0.005457520484924316, -0.9999249577522278, 0.01095916423946619, 0.00701904296875], [-0.05711543560028076, -0.011253132484853268, -0.9983041882514954, 1.5092010498046875], [0.9983526468276978, 0.004822341725230217, -0.057172566652297974, -1.4940185546875], [0.0, 0.0, 0.0, 1.0]], [[-0.8324323892593384, -0.5527123212814331, 0.039565928280353546, 0.9041748046875], [-0.051511213183403015, 0.00609165895730257, -0.9986538290977478, 1.4956893920898438], [0.5517272353172302, -0.833349883556366, -0.03354177251458168, -1.16290283203125], [0.0, 0.0, 0.0, 1.0]], [[0.94676673412323, 0.3182274401187897, -0.04862191900610924, -1.1392822265625], [-0.043237969279289246, -0.023964624851942062, -0.9987773299217224, 1.5884246826171875], [-0.31900352239608765, 0.9477114081382751, -0.008929404430091381, -0.10467529296875], [0.0, 0.0, 0.0, 1.0]], [[0.0024776263162493706, 0.9998959302902222, -0.014214478433132172, 0.002716064453125], [-0.06845252960920334, -0.014011593535542488, -0.9975560307502747, 1.5753707885742188], [-0.9976513981819153, 0.0034445999190211296, 0.06841068714857101, -0.0562744140625], [0.0, 0.0, 0.0, 1.0]], [[-0.9339980483055115, 0.3556745648384094, 0.03381209820508957, 1.0313720703125], [-0.0357293039560318, 0.0011791385477408767, -0.9993607997894287, 1.5474472045898438], [-0.3554871678352356, -0.9346091747283936, 0.011606687679886818, -0.10302734375], [0.0, 0.0, 0.0, 1.0]]], "view": [[0.0, -2.0, 100.0], [-2.0, 0.0, 100.0], [0.0, 0.0, 1.0]], "bev": "bev_0b4a80f3a6cc4297899fbe9e2a9fff21.png", "aux": "aux_0b4a80f3a6cc4297899fbe9e2a9fff21.npz", "visibility": "visibility_0b4a80f3a6cc4297899fbe9e2a9fff21.png", "pose": [[-0.5893303155899048, 0.8078922033309937, 0.0, 806.0696411132812], [-0.8078922033309937, -0.5893303155899048, 0.0, 1573.7122802734375], [0.0, 0.0, 1.0, 0.0], [0.0, 0.0, 0.0, 1.0]], "pose_inverse": [[-0.5893303155899048, -0.8078922033309937, 0.0, 1746.43115234375], [0.8078922033309937, -0.5893303155899048, 0.0, 276.2189636230469], [0.0, 0.0, 1.0, 0.0], [0.0, 0.0, 0.0, 1.0]], "cam_ids": [0, 1, 2, 3, 4, 5], "cam_channels": ["CAM_FRONT_LEFT", "CAM_FRONT", "CAM_FRONT_RIGHT", "CAM_BACK_LEFT", "CAM_BACK", "CAM_BACK_RIGHT"], "token": "0b4a80f3a6cc4297899fbe9e2a9fff21", "scene": "scene-0860"}, {"images": ["samples/CAM_FRONT_LEFT/n015-2018-10-08-16-03-24+0800__CAM_FRONT_LEFT__1538986161754844.jpg", "samples/CAM_FRONT/n015-2018-10-08-16-03-24+0800__CAM_FRONT__1538986161762460.jpg", "samples/CAM_FRONT_RIGHT/n015-2018-10-08-16-03-24+0800__CAM_FRONT_RIGHT__1538986161770339.jpg", "samples/CAM_BACK_LEFT/n015-2018-10-08-16-03-24+0800__CAM_BACK_LEFT__1538986161797423.jpg", "samples/CAM_BACK/n015-2018-10-08-16-03-24+0800__CAM_BACK__1538986161787525.jpg", "samples/CAM_BACK_RIGHT/n015-2018-10-08-16-03-24+0800__CAM_BACK_RIGHT__1538986161777893.jpg"], "intrinsics": [[[1272.5979470598488, 0.0, 826.6154927353808], [0.0, 1272.5979470598488, 479.75165386361925], [0.0, 0.0, 1.0]], [[1266.417203046554, 0.0, 816.2670197447984], [0.0, 1266.417203046554, 491.50706579294757], [0.0, 0.0, 1.0]], [[1260.8474446004698, 0.0, 807.968244525554], [0.0, 1260.8474446004698, 495.3344268742088], [0.0, 0.0, 1.0]], [[1256.7414812095406, 0.0, 792.1125740759628], [0.0, 1256.7414812095406, 492.7757465151356], [0.0, 0.0, 1.0]], [[809.2209905677063, 0.0, 829.2196003259838], [0.0, 809.2209905677063, 481.77842384512485], [0.0, 0.0, 1.0]], [[1259.5137405846733, 0.0, 807.2529053838625], [0.0, 1259.5137405846733, 501.19579884916527], [0.0, 0.0, 1.0]]], "extrinsics": [[[0.8196190595626831, -0.5719855427742004, -0.03251248598098755, -0.7879638671875], [-0.041382040828466415, -0.0025052721612155437, -0.9991402626037598, 1.4993209838867188], [0.5714123845100403, 0.8202598094940186, -0.025723302736878395, -1.1573486328125], [0.0, 0.0, 0.0, 1.0]], [[0.005219941958785057, -0.9999668002128601, 0.006241366267204285, 0.00628662109375], [-0.046466656029224396, -0.006477260962128639, -0.9988988637924194, 1.5122833251953125], [0.9989061951637268, 0.004924158565700054, -0.04649893194437027, -1.5150146484375], [0.0, 0.0, 0.0, 1.0]], [[-0.8328053951263428, -0.5528631806373596, 0.027881108224391937, 0.9178466796875], [-0.040620382875204086, 0.010802681557834148, -0.9991162419319153, 1.4980392456054688], [0.5520734190940857, -0.8332019448280334, -0.03145405277609825, -1.1722412109375], [0.0, 0.0, 0.0, 1.0]], [[0.9472280144691467, 0.31855255365371704, -0.03582394868135452, -1.14013671875], [-0.03128986433148384, -0.019340820610523224, -0.9993232488632202, 1.5884895324707031], [-0.319029837846756, 0.9477077722549438, -0.008352699689567089, -0.104339599609375], [0.0, 0.0, 0.0, 1.0]], [[0.0024876296520233154, 0.9999515414237976, -0.009530880488455296, 0.002685546875], [-0.05690324306488037, -0.009373916313052177, -0.9983357191085815, 1.5764236450195312], [-0.9983766078948975, 0.003025882877409458, 0.05687716230750084, -0.0498046875], [0.0, 0.0, 0.0, 1.0]], [[-0.9343694448471069, 0.3554265797138214, 0.025014584884047508, 1.042724609375], [-0.024536291137337685, 0.005853995215147734, -0.999681830406189, 1.5489997863769531], [-0.355459988117218, -0.9346858859062195, 0.003251053858548403, -0.0986328125], [0.0, 0.0, 0.0, 1.0]]], "view": [[0.0, -2.0, 100.0], [-2.0, 0.0, 100.0], [0.0, 0.0, 1.0]], "bev": "bev_0664fb192922420b8e94f546787e7d00.png", "aux": "aux_0664fb192922420b8e94f546787e7d00.npz", "visibility": "visibility_0664fb192922420b8e94f546787e7d00.png", "pose": [[-0.5892952084541321, 0.8079177737236023, 0.0, 804.4934692382812], [-0.8079177737236023, -0.5892952084541321, 0.0, 1571.5755615234375], [0.0, 0.0, 1.0, 0.0], [0.0, 0.0, 0.0, 1.0]], "pose_inverse": [[-0.5892952084541321, -0.8079177737236023, 0.0, 1743.7879638671875], [0.8079177737236023, -0.5892952084541321, 0.0, 276.1573486328125], [0.0, 0.0, 1.0, 0.0], [0.0, 0.0, 0.0, 1.0]], "cam_ids": [0, 1, 2, 3, 4, 5], "cam_channels": ["CAM_FRONT_LEFT", "CAM_FRONT", "CAM_FRONT_RIGHT", "CAM_BACK_LEFT", "CAM_BACK", "CAM_BACK_RIGHT"], "token": "0664fb192922420b8e94f546787e7d00", "scene": "scene-0860"}, {"images": ["samples/CAM_FRONT_LEFT/n015-2018-10-08-16-03-24+0800__CAM_FRONT_LEFT__1538986162254844.jpg", "samples/CAM_FRONT/n015-2018-10-08-16-03-24+0800__CAM_FRONT__1538986162262460.jpg", "samples/CAM_FRONT_RIGHT/n015-2018-10-08-16-03-24+0800__CAM_FRONT_RIGHT__1538986162270339.jpg", "samples/CAM_BACK_LEFT/n015-2018-10-08-16-03-24+0800__CAM_BACK_LEFT__1538986162297423.jpg", "samples/CAM_BACK/n015-2018-10-08-16-03-24+0800__CAM_BACK__1538986162287525.jpg", "samples/CAM_BACK_RIGHT/n015-2018-10-08-16-03-24+0800__CAM_BACK_RIGHT__1538986162277893.jpg"], "intrinsics": [[[1272.5979470598488, 0.0, 826.6154927353808], [0.0, 1272.5979470598488, 479.75165386361925], [0.0, 0.0, 1.0]], [[1266.417203046554, 0.0, 816.2670197447984], [0.0, 1266.417203046554, 491.50706579294757], [0.0, 0.0, 1.0]], [[1260.8474446004698, 0.0, 807.968244525554], [0.0, 1260.8474446004698, 495.3344268742088], [0.0, 0.0, 1.0]], [[1256.7414812095406, 0.0, 792.1125740759628], [0.0, 1256.7414812095406, 492.7757465151356], [0.0, 0.0, 1.0]], [[809.2209905677063, 0.0, 829.2196003259838], [0.0, 809.2209905677063, 481.77842384512485], [0.0, 0.0, 1.0]], [[1259.5137405846733, 0.0, 807.2529053838625], [0.0, 1259.5137405846733, 501.19579884916527], [0.0, 0.0, 1.0]]], "extrinsics": [[[0.8195340633392334, -0.5716332793235779, -0.03999170660972595, -0.804931640625], [-0.04710264876484871, 0.0023528796155005693, -0.998887300491333, 1.499053955078125], [0.5710912942886353, 0.8205058574676514, -0.024997178465127945, -1.1689453125], [0.0, 0.0, 0.0, 1.0]], [[0.005366917699575424, -0.999984622001648, 0.0013357860734686255, 0.0062255859375], [-0.05256102979183197, -0.001616056659258902, -0.9986164569854736, 1.5121307373046875], [0.9986032247543335, 0.005289298016577959, -0.05256889760494232, -1.53271484375], [0.0, 0.0, 0.0, 1.0]], [[-0.8325996994972229, -0.5530304908752441, 0.03057882934808731, 0.9302978515625], [-0.04708869010210037, 0.0156679917126894, -0.9987677931785583, 1.4978561401367188], [0.5518699288368225, -0.8330135941505432, -0.03908664360642433, -1.18048095703125], [0.0, 0.0, 0.0, 1.0]], [[0.9470312595367432, 0.3184397220611572, -0.04156770557165146, -1.14306640625], [-0.03898297995328903, -0.014488267712295055, -0.9991347789764404, 1.5885848999023438], [-0.31876644492149353, 0.9478324055671692, -0.0013071143766865134, -0.103424072265625], [0.0, 0.0, 0.0, 1.0]], [[0.002623964799568057, 0.9999855756759644, -0.004692444112151861, 0.002593994140625], [-0.06417130678892136, -0.0045144082978367805, -0.9979286789894104, 1.5765380859375], [-0.99793541431427, 0.002919604070484638, 0.06415852904319763, -0.0423583984375], [0.0, 0.0, 0.0, 1.0]], [[-0.9341483116149902, 0.35534340143203735, 0.033136751502752304, 1.0540771484375], [-0.031375765800476074, 0.010718959383666515, -0.9994502067565918, 1.5486869812011719], [-0.35550323128700256, -0.9346743226051331, 0.0011360736098140478, -0.094482421875], [0.0, 0.0, 0.0, 1.0]]], "view": [[0.0, -2.0, 100.0], [-2.0, 0.0, 100.0], [0.0, 0.0, 1.0]], "bev": "bev_8a03f3adac2f4c8b844aa43af3ec8b0b.png", "aux": "aux_8a03f3adac2f4c8b844aa43af3ec8b0b.npz", "visibility": "visibility_8a03f3adac2f4c8b844aa43af3ec8b0b.png", "pose": [[-0.5897915959358215, 0.8075554966926575, 0.0, 803.0476684570312], [-0.8075554966926575, -0.5897915959358215, 0.0, 1569.612548828125], [0.0, 0.0, 1.0, 0.0], [0.0, 0.0, 0.0, 1.0]], "pose_inverse": [[-0.5897915959358215, -0.8075554966926575, 0.0, 1741.1800537109375], [0.8075554966926575, -0.5897915959358215, 0.0, 277.2387390136719], [0.0, 0.0, 1.0, 0.0], [0.0, 0.0, 0.0, 1.0]], "cam_ids": [0, 1, 2, 3, 4, 5], "cam_channels": ["CAM_FRONT_LEFT", "CAM_FRONT", "CAM_FRONT_RIGHT", "CAM_BACK_LEFT", "CAM_BACK", "CAM_BACK_RIGHT"], "token": "8a03f3adac2f4c8b844aa43af3ec8b0b", "scene": "scene-0860"}, {"images": ["samples/CAM_FRONT_LEFT/n015-2018-10-08-16-03-24+0800__CAM_FRONT_LEFT__1538986162754844.jpg", "samples/CAM_FRONT/n015-2018-10-08-16-03-24+0800__CAM_FRONT__1538986162762460.jpg", "samples/CAM_FRONT_RIGHT/n015-2018-10-08-16-03-24+0800__CAM_FRONT_RIGHT__1538986162770339.jpg", "samples/CAM_BACK_LEFT/n015-2018-10-08-16-03-24+0800__CAM_BACK_LEFT__1538986162797423.jpg", "samples/CAM_BACK/n015-2018-10-08-16-03-24+0800__CAM_BACK__1538986162787525.jpg", "samples/CAM_BACK_RIGHT/n015-2018-10-08-16-03-24+0800__CAM_BACK_RIGHT__1538986162777893.jpg"], "intrinsics": [[[1272.5979470598488, 0.0, 826.6154927353808], [0.0, 1272.5979470598488, 479.75165386361925], [0.0, 0.0, 1.0]], [[1266.417203046554, 0.0, 816.2670197447984], [0.0, 1266.417203046554, 491.50706579294757], [0.0, 0.0, 1.0]], [[1260.8474446004698, 0.0, 807.968244525554], [0.0, 1260.8474446004698, 495.3344268742088], [0.0, 0.0, 1.0]], [[1256.7414812095406, 0.0, 792.1125740759628], [0.0, 1256.7414812095406, 492.7757465151356], [0.0, 0.0, 1.0]], [[809.2209905677063, 0.0, 829.2196003259838], [0.0, 809.2209905677063, 481.77842384512485], [0.0, 0.0, 1.0]], [[1259.5137405846733, 0.0, 807.2529053838625], [0.0, 1259.5137405846733, 501.19579884916527], [0.0, 0.0, 1.0]]], "extrinsics": [[[0.8198639154434204, -0.5711705684661865, -0.0398411825299263, -0.8095703125], [-0.04781438410282135, 0.0010405004722997546, -0.9988556504249573, 1.4992523193359375], [0.5705584287643433, 0.820830762386322, -0.026457099243998528, -1.174560546875], [0.0, 0.0, 0.0, 1.0]], [[0.005814969539642334, -0.9999800324440002, 0.002485816366970539, 0.0074462890625], [-0.05286448448896408, -0.002789791440591216, -0.9985978007316589, 1.5123519897460938], [0.9985847473144531, 0.0056753456592559814, -0.05287964642047882, -1.5379638671875], [0.0, 0.0, 0.0, 1.0]], [[-0.8324549794197083, -0.5532218217849731, 0.031053973361849785, 0.93310546875], [-0.04700993373990059, 0.014672888442873955, -0.9987865686416626, 1.4979782104492188], [0.5520949363708496, -0.8329047560691833, -0.038221441209316254, -1.181396484375], [0.0, 0.0, 0.0, 1.0]], [[0.9470738172531128, 0.31846973299980164, -0.0403502956032753, -1.141357421875], [-0.03761529177427292, -0.014735770411789417, -0.9991835951805115, 1.5885238647460938], [-0.31880438327789307, 0.9478185772895813, -0.0019765279721468687, -0.103973388671875], [0.0, 0.0, 0.0, 1.0]], [[0.0025566848926246166, 0.999983012676239, -0.005243135150521994, 0.00225830078125], [-0.06325797736644745, -0.005070924758911133, -0