[{"images": ["samples/CAM_FRONT_LEFT/n015-2018-11-21-19-11-29+0800__CAM_FRONT_LEFT__1542798771604844.jpg", "samples/CAM_FRONT/n015-2018-11-21-19-11-29+0800__CAM_FRONT__1542798771612460.jpg", "samples/CAM_FRONT_RIGHT/n015-2018-11-21-19-11-29+0800__CAM_FRONT_RIGHT__1542798771620339.jpg", "samples/CAM_BACK_LEFT/n015-2018-11-21-19-11-29+0800__CAM_BACK_LEFT__1542798771647423.jpg", "samples/CAM_BACK/n015-2018-11-21-19-11-29+0800__CAM_BACK__1542798771637525.jpg", "samples/CAM_BACK_RIGHT/n015-2018-11-21-19-11-29+0800__CAM_BACK_RIGHT__1542798771627893.jpg"], "intrinsics": [[[1272.5979470598488, 0.0, 826.6154927353808], [0.0, 1272.5979470598488, 479.75165386361925], [0.0, 0.0, 1.0]], [[1266.417203046554, 0.0, 816.2670197447984], [0.0, 1266.417203046554, 491.50706579294757], [0.0, 0.0, 1.0]], [[1260.8474446004698, 0.0, 807.968244525554], [0.0, 1260.8474446004698, 495.3344268742088], [0.0, 0.0, 1.0]], [[1256.7414812095406, 0.0, 792.1125740759628], [0.0, 1256.7414812095406, 492.7757465151356], [0.0, 0.0, 1.0]], [[809.2209905677063, 0.0, 829.2196003259838], [0.0, 809.2209905677063, 481.77842384512485], [0.0, 0.0, 1.0]], [[1259.5137405846733, 0.0, 807.2529053838625], [0.0, 1259.5137405846733, 501.19579884916527], [0.0, 0.0, 1.0]]], "extrinsics": [[[0.8206756711006165, -0.5712767243385315, 0.011586890555918217, -0.9649658203125], [0.003383867908269167, -0.01541877631098032, -0.9998753666877747, 1.5082473754882812], [0.5713841319084167, 0.8206127285957336, -0.010720690712332726, -1.280517578125], [0.0, 0.0, 0.0, 1.0]], [[0.0055341268889606, -0.999795138835907, 0.01946508139371872, 0.0050048828125], [-0.001907453523017466, -0.019475899636745453, -0.9998085498809814, 1.5205345153808594], [0.9999828338623047, 0.0054959384724497795, -0.0020148437470197678, -1.69232177734375], [0.0, 0.0, 0.0, 1.0]], [[-0.8329680562019348, -0.5533180236816406, -0.0018514584517106414, 1.03228759765625], [0.0037260015960782766, -0.0022630721796303988, -0.9999904632568359, 1.5036425590515137], [0.5533085465431213, -0.8329669833183289, 0.003946731332689524, -1.248779296875], [0.0, 0.0, 0.0, 1.0]], [[0.9477764368057251, 0.3189326226711273, 0.0013294769451022148, -1.142242431640625], [0.012374925427138805, -0.032608747482299805, -0.9993915557861328, 1.58856201171875], [-0.31869515776634216, 0.9472162127494812, -0.03485256806015968, -0.103515625], [0.0, 0.0, 0.0, 1.0]], [[0.002561185508966446, 0.9997406005859375, -0.022630656138062477, 0.0029296875], [-0.013021113350987434, -0.022595468908548355, -0.9996598958969116, 1.5793590545654297], [-0.9999119639396667, 0.0028549660928547382, 0.012959864921867847, 0.0018310546875], [0.0, 0.0, 0.0, 1.0]], [[-0.9346810579299927, 0.3548714220523834, -0.020915858447551727, 1.13623046875], [0.019612977281212807, -0.007268557325005531, -0.9997812509536743, 1.5514507293701172], [-0.3549458086490631, -0.9348868727684021, -0.00016630219761282206, -0.0635986328125], [0.0, 0.0, 0.0, 1.0]]], "view": [[0.0, -2.0, 100.0], [-2.0, 0.0, 100.0], [0.0, 0.0, 1.0]], "bev": "bev_1c82a7d1fb7146289129576a1d0bfe2a.png", "aux": "aux_1c82a7d1fb7146289129576a1d0bfe2a.npz", "visibility": "visibility_1c82a7d1fb7146289129576a1d0bfe2a.png", "pose": [[-0.7383474111557007, -0.6744205355644226, 0.0, 618.86572265625], [0.6744205355644226, -0.7383474111557007, 0.0, 1978.6654052734375], [0.0, 0.0, 1.0, 0.0], [0.0, 0.0, 0.0, 1.0]], "pose_inverse": [[-0.7383474111557007, 0.6744205355644226, 0.0, -877.5147094726562], [-0.6744205355644226, -0.7383474111557007, 0.0, 1878.3182373046875], [0.0, 0.0, 1.0, 0.0], [0.0, 0.0, 0.0, 1.0]], "cam_ids": [0, 1, 2, 3, 4, 5], "cam_channels": ["CAM_FRONT_LEFT", "CAM_FRONT", "CAM_FRONT_RIGHT", "CAM_BACK_LEFT", "CAM_BACK", "CAM_BACK_RIGHT"], "token": "1c82a7d1fb7146289129576a1d0bfe2a", "scene": "scene-1047"}, {"images": ["samples/CAM_FRONT_LEFT/n015-2018-11-21-19-11-29+0800__CAM_FRONT_LEFT__1542798772104844.jpg", "samples/CAM_FRONT/n015-2018-11-21-19-11-29+0800__CAM_FRONT__1542798772112460.jpg", "samples/CAM_FRONT_RIGHT/n015-2018-11-21-19-11-29+0800__CAM_FRONT_RIGHT__1542798772120339.jpg", "samples/CAM_BACK_LEFT/n015-2018-11-21-19-11-29+0800__CAM_BACK_LEFT__1542798772147423.jpg", "samples/CAM_BACK/n015-2018-11-21-19-11-29+0800__CAM_BACK__1542798772137525.jpg", "samples/CAM_BACK_RIGHT/n015-2018-11-21-19-11-29+0800__CAM_BACK_RIGHT__1542798772127893.jpg"], "intrinsics": [[[1272.5979470598488, 0.0, 826.6154927353808], [0.0, 1272.5979470598488, 479.75165386361925], [0.0, 0.0, 1.0]], [[1266.417203046554, 0.0, 816.2670197447984], [0.0, 1266.417203046554, 491.50706579294757], [0.0, 0.0, 1.0]], [[1260.8474446004698, 0.0, 807.968244525554], [0.0, 1260.8474446004698, 495.3344268742088], [0.0, 0.0, 1.0]], [[1256.7414812095406, 0.0, 792.1125740759628], [0.0, 1256.7414812095406, 492.7757465151356], [0.0, 0.0, 1.0]], [[809.2209905677063, 0.0, 829.2196003259838], [0.0, 809.2209905677063, 481.77842384512485], [0.0, 0.0, 1.0]], [[1259.5137405846733, 0.0, 807.2529053838625], [0.0, 1259.5137405846733, 501.19579884916527], [0.0, 0.0, 1.0]]], "extrinsics": [[[0.8207090497016907, -0.571228563785553, 0.011604607105255127, -0.96484375], [0.003406386822462082, -0.01541853602975607, -0.9998753070831299, 1.5082473754882812], [0.5713362693786621, 0.8206462860107422, -0.010708305984735489, -1.2802734375], [0.0, 0.0, 0.0, 1.0]], [[0.0055869147181510925, -0.9997950792312622, 0.019458459690213203, 0.0050048828125], [-0.0018978521693497896, -0.019469331949949265, -0.999808669090271, 1.5205345153808594], [0.9999826550483704, 0.005548944231122732, -0.002006235998123884, -1.69232177734375], [0.0, 0.0, 0.0, 1.0]], [[-0.8329454660415649, -0.5533518195152283, -0.001854842179454863, 1.032257080078125], [0.0037211677990853786, -0.0022493931464850903, -0.9999905228614807, 1.5036449432373047], [0.5533425211906433, -0.8329445719718933, 0.003932737745344639, -1.248779296875], [0.0, 0.0, 0.0, 1.0]], [[0.9477762579917908, 0.3189330995082855, 0.0013582411920651793, -1.1422119140625], [0.012399295344948769, -0.03259097784757614, -0.9993918538093567, 1.5885543823242188], [-0.3186948597431183, 0.9472167491912842, -0.03484350070357323, -0.103759765625], [0.0, 0.0, 0.0, 1.0]], [[0.002547868760302663, 0.9997411966323853, -0.022609593346714973, 0.002685546875], [-0.013026608154177666, -0.022574566304683685, -0.999660313129425, 1.5793609619140625], [-0.9999119639396667, 0.002841565990820527, 0.012965717352926731, 0.0020751953125], [0.0, 0.0, 0.0, 1.0]], [[-0.9346912503242493, 0.3548458218574524, -0.020896226167678833, 1.1361083984375], [0.01959734596312046, -0.007254407741129398, -0.999781608581543, 1.5514545440673828], [-0.3549198806285858, -0.9348967671394348, -0.00017340558406431228, -0.0634765625], [0.0, 0.0, 0.0, 1.0]]], "view": [[0.0, -2.0, 100.0], [-2.0, 0.0, 100.0], [0.0, 0.0, 1.0]], "bev": "bev_650315262dc2434f8aee150bfc478403.png", "aux": "aux_650315262dc2434f8aee150bfc478403.npz", "visibility": "visibility_650315262dc2434f8aee150bfc478403.png", "pose": [[-0.7383297681808472, -0.6744399070739746, 0.0, 618.866455078125], [0.6744399070739746, -0.7383297681808472, 0.0, 1978.6661376953125], [0.0, 0.0, 1.0, 0.0], [0.0, 0.0, 0.0, 1.0]], "pose_inverse": [[-0.7383297681808472, 0.6744399070739746, 0.0, -877.5639038085938], [-0.6744399070739746, -0.7383297681808472, 0.0, 1878.2962646484375], [0.0, 0.0, 1.0, 0.0], [0.0, 0.0, 0.0, 1.0]], "cam_ids": [0, 1, 2, 3, 4, 5], "cam_channels": ["CAM_FRONT_LEFT", "CAM_FRONT", "CAM_FRONT_RIGHT", "CAM_BACK_LEFT", "CAM_BACK", "CAM_BACK_RIGHT"], "token": "650315262dc2434f8aee150bfc478403", "scene": "scene-1047"}, {"images": ["samples/CAM_FRONT_LEFT/n015-2018-11-21-19-11-29+0800__CAM_FRONT_LEFT__1542798772604844.jpg", "samples/CAM_FRONT/n015-2018-11-21-19-11-29+0800__CAM_FRONT__1542798772612460.jpg", "samples/CAM_FRONT_RIGHT/n015-2018-11-21-19-11-29+0800__CAM_FRONT_RIGHT__1542798772620339.jpg", "samples/CAM_BACK_LEFT/n015-2018-11-21-19-11-29+0800__CAM_BACK_LEFT__1542798772647423.jpg", "samples/CAM_BACK/n015-2018-11-21-19-11-29+0800__CAM_BACK__1542798772637525.jpg", "samples/CAM_BACK_RIGHT/n015-2018-11-21-19-11-29+0800__CAM_BACK_RIGHT__1542798772627893.jpg"], "intrinsics": [[[1272.5979470598488, 0.0, 826.6154927353808], [0.0, 1272.5979470598488, 479.75165386361925], [0.0, 0.0, 1.0]], [[1266.417203046554, 0.0, 816.2670197447984], [0.0, 1266.417203046554, 491.50706579294757], [0.0, 0.0, 1.0]], [[1260.8474446004698, 0.0, 807.968244525554], [0.0, 1260.8474446004698, 495.3344268742088], [0.0, 0.0, 1.0]], [[1256.7414812095406, 0.0, 792.1125740759628], [0.0, 1256.7414812095406, 492.7757465151356], [0.0, 0.0, 1.0]], [[809.2209905677063, 0.0, 829.2196003259838], [0.0, 809.2209905677063, 481.77842384512485], [0.0, 0.0, 1.0]], [[1259.5137405846733, 0.0, 807.2529053838625], [0.0, 1259.5137405846733, 501.19579884916527], [0.0, 0.0, 1.0]]], "extrinsics": [[[0.8206866979598999, -0.5712599754333496, 0.011639699339866638, -0.9647216796875], [0.0034955600276589394, -0.015351152047514915, -0.9998760223388672, 1.5082473754882812], [0.5713678002357483, 0.8206257224082947, -0.01060161180794239, -1.2803955078125], [0.0, 0.0, 0.0, 1.0]], [[0.0055524250492453575, -0.9997963905334473, 0.019398914650082588, 0.0050048828125], [-0.0017934951465576887, -0.019409138709306717, -0.9998100399971008, 1.5205345153808594], [0.9999829530715942, 0.005516660399734974, -0.0019008974777534604, -1.69244384765625], [0.0, 0.0, 0.0, 1.0]], [[-0.832958459854126, -0.5533319711685181, -0.001984507543966174, 1.032196044921875], [0.0038419000338763, -0.0021969701629132032, -0.9999901652336121, 1.503645420074463], [0.5533221960067749, -0.832957923412323, 0.003955830819904804, -1.248779296875], [0.0, 0.0, 0.0, 1.0]], [[0.9477760791778564, 0.31893303990364075, 0.001480697188526392, -1.1422119140625], [0.012507949024438858, -0.03253014385700226, -0.9993925094604492, 1.5885467529296875], [-0.3186911344528198, 0.9472188353538513, -0.034820493310689926, -0.103759765625], [0.0, 0.0, 0.0, 1.0]], [[0.0025563512463122606, 0.999742329120636, -0.022556252777576447, 0.0028076171875], [-0.012906611897051334, -0.02252146229147911, -0.9996630549430847, 1.5793571472167969], [-0.9999134540557861, 0.0028467392548918724, 0.012845711782574654, 0.0018310546875], [0.0, 0.0, 0.0, 1.0]], [[-0.9346833229064941, 0.3548606038093567, -0.0209983978420496, 1.1363525390625], [0.01972486451268196, -0.007206393405795097, -0.999779462814331, 1.5514507293701172], [-0.3549337387084961, -0.9348914623260498, -0.00026388291735202074, -0.0634765625], [0.0, 0.0, 0.0, 1.0]]], "view": [[0.0, -2.0, 100.0], [-2.0, 0.0, 100.0], [0.0, 0.0, 1.0]], "bev": "bev_dcb0b02e89774a90afea2ed5773fb57f.png", "aux": "aux_dcb0b02e89774a90afea2ed5773fb57f.npz", "visibility": "visibility_dcb0b02e89774a90afea2ed5773fb57f.png", "pose": [[-0.7383337020874023, -0.6744356155395508, 0.0, 618.8670043945312], [0.6744356155395508, -0.7383337020874023, 0.0, 1978.666748046875], [0.0, 0.0, 1.0, 0.0], [0.0, 0.0, 0.0, 1.0]], "pose_inverse": [[-0.7383337020874023, 0.6744356155395508, 0.0, -877.5529174804688], [-0.6744356155395508, -0.7383337020874023, 0.0, 1878.30224609375], [0.0, 0.0, 1.0, 0.0], [0.0, 0.0, 0.0, 1.0]], "cam_ids": [0, 1, 2, 3, 4, 5], "cam_channels": ["CAM_FRONT_LEFT", "CAM_FRONT", "CAM_FRONT_RIGHT", "CAM_BACK_LEFT", "CAM_BACK", "CAM_BACK_RIGHT"], "token": "dcb0b02e89774a90afea2ed5773fb57f", "scene": "scene-1047"}, {"images": ["samples/CAM_FRONT_LEFT/n015-2018-11-21-19-11-29+0800__CAM_FRONT_LEFT__1542798773104844.jpg", "samples/CAM_FRONT/n015-2018-11-21-19-11-29+0800__CAM_FRONT__1542798773112460.jpg", "samples/CAM_FRONT_RIGHT/n015-2018-11-21-19-11-29+0800__CAM_FRONT_RIGHT__1542798773120339.jpg", "samples/CAM_BACK_LEFT/n015-2018-11-21-19-11-29+0800__CAM_BACK_LEFT__1542798773147423.jpg", "samples/CAM_BACK/n015-2018-11-21-19-11-29+0800__CAM_BACK__1542798773137525.jpg", "samples/CAM_BACK_RIGHT/n015-2018-11-21-19-11-29+0800__CAM_BACK_RIGHT__1542798773127893.jpg"], "intrinsics": [[[1272.5979470598488, 0.0, 826.6154927353808], [0.0, 1272.5979470598488, 479.75165386361925], [0.0, 0.0, 1.0]], [[1266.417203046554, 0.0, 816.2670197447984], [0.0, 1266.417203046554, 491.50706579294757], [0.0, 0.0, 1.0]], [[1260.8474446004698, 0.0, 807.968244525554], [0.0, 1260.8474446004698, 495.3344268742088], [0.0, 0.0, 1.0]], [[1256.7414812095406, 0.0, 792.1125740759628], [0.0, 1256.7414812095406, 492.7757465151356], [0.0, 0.0, 1.0]], [[809.2209905677063, 0.0, 829.2196003259838], [0.0, 809.2209905677063, 481.77842384512485], [0.0, 0.0, 1.0]], [[1259.5137405846733, 0.0, 807.2529053838625], [0.0, 1259.5137405846733, 501.19579884916527], [0.0, 0.0, 1.0]]], "extrinsics": [[[0.8206815123558044, -0.5712653994560242, 0.011731518432497978, -0.96484375], [0.0035977379884570837, -0.015364941209554672, -0.9998754262924194, 1.5082473754882812], [0.5713744163513184, 0.8206215500831604, -0.010554460808634758, -1.2803955078125], [0.0, 0.0, 0.0, 1.0]], [[0.005542518105357885, -0.9997961521148682, 0.01941254734992981, 0.0050048828125], [-0.0017033229814842343, -0.01942225731909275, -0.9998099207878113, 1.5205345153808594], [0.9999830722808838, 0.005508421920239925, -0.0018106240313500166, -1.6923828125], [0.0, 0.0, 0.0, 1.0]], [[-0.8329616785049438, -0.5533267855644226, -0.002042560139670968, 1.032196044921875], [0.0039198691956698895, -0.0022094750311225653, -0.9999898672103882, 1.5036444664001465], [0.5533167123794556, -0.8329613208770752, 0.004009378142654896, -1.248779296875], [0.0, 0.0, 0.0, 1.0]], [[0.9477747678756714, 0.3189364969730377, 0.0015358597738668323, -1.1421661376953125], [0.012575975619256496, -0.032559044659137726, -0.9993906617164612, 1.5885543823242188], [-0.3186922073364258, 0.9472166299819946, -0.03486958146095276, -0.103759765625], [0.0, 0.0, 0.0, 1.0]], [[0.0025589277502149343, 0.9997420310974121, -0.02257061004638672, 0.0028076171875], [-0.012833158485591412, -0.02253599464893341, -0.9996636509895325, 1.579355239868164], [-0.9999143481254578, 0.0028477569576352835, 0.012772178277373314, 0.00189208984375], [0.0, 0.0, 0.0, 1.0]], [[-0.934680163860321, 0.35486432909965515, -0.021077049896121025, 1.13623046875], [0.01980379968881607, -0.007220080588012934, -0.9997778534889221, 1.5514507293701172], [-0.3549376130104065, -0.9348899126052856, -0.0002791981678456068, -0.0635986328125], [0.0, 0.0, 0.0, 1.0]]], "view": [[0.0, -2.0, 100.0], [-2.0, 0.0, 100.0], [0.0, 0.0, 1.0]], "bev": "bev_c64c6aa6986043ad89c2d524341d4a59.png", "aux": "aux_c64c6aa6986043ad89c2d524341d4a59.npz", "visibility": "visibility_c64c6aa6986043ad89c2d524341d4a59.png", "pose": [[-0.7383304238319397, -0.6744391322135925, 0.0, 618.8674926757812], [0.6744391322135925, -0.7383304238319397, 0.0, 1978.6673583984375], [0.0, 0.0, 1.0, 0.0], [0.0, 0.0, 0.0, 1.0]], "pose_inverse": [[-0.7383304238319397, 0.6744391322135925, 0.0, -877.56201171875], [-0.6744391322135925, -0.7383304238319397, 0.0, 1878.298828125], [0.0, 0.0, 1.0, 0.0], [0.0, 0.0, 0.0, 1.0]], "cam_ids": [0, 1, 2, 3, 4, 5], "cam_channels": ["CAM_FRONT_LEFT", "CAM_FRONT", "CAM_FRONT_RIGHT", "CAM_BACK_LEFT", "CAM_BACK", "CAM_BACK_RIGHT"], "token": "c64c6aa6986043ad89c2d524341d4a59", "scene": "scene-1047"}, {"images": ["samples/CAM_FRONT_LEFT/n015-2018-11-21-19-11-29+0800__CAM_FRONT_LEFT__1542798773654844.jpg", "samples/CAM_FRONT/n015-2018-11-21-19-11-29+0800__CAM_FRONT__1542798773662460.jpg", "samples/CAM_FRONT_RIGHT/n015-2018-11-21-19-11-29+0800__CAM_FRONT_RIGHT__1542798773670339.jpg", "samples/CAM_BACK_LEFT/n015-2018-11-21-19-11-29+0800__CAM_BACK_LEFT__1542798773697423.jpg", "samples/CAM_BACK/n015-2018-11-21-19-11-29+0800__CAM_BACK__1542798773687525.jpg", "samples/CAM_BACK_RIGHT/n015-2018-11-21-19-11-29+0800__CAM_BACK_RIGHT__1542798773677893.jpg"], "intrinsics": [[[1272.5979470598488, 0.0, 826.6154927353808], [0.0, 1272.5979470598488, 479.75165386361925], [0.0, 0.0, 1.0]], [[1266.417203046554, 0.0, 816.2670197447984], [0.0, 1266.417203046554, 491.50706579294757], [0.0, 0.0, 1.0]], [[1260.8474446004698, 0.0, 807.968244525554], [0.0, 1260.8474446004698, 495.3344268742088], [0.0, 0.0, 1.0]], [[1256.7414812095406, 0.0, 792.1125740759628], [0.0, 1256.7414812095406, 492.7757465151356], [0.0, 0.0, 1.0]], [[809.2209905677063, 0.0, 829.2196003259838], [0.0, 809.2209905677063, 481.77842384512485], [0.0, 0.0, 1.0]], [[1259.5137405846733, 0.0, 807.2529053838625], [0.0, 1259.5137405846733, 501.19579884916527], [0.0, 0.0, 1.0]]], "extrinsics": [[[0.8206976652145386, -0.5712413787841797, 0.011777807027101517, -0.96484375], [0.0036708698607981205, -0.015341445803642273, -0.9998756051063538, 1.5082473754882812], [0.5713508725166321, 0.8206387162208557, -0.01049373485147953, -1.2801513671875], [0.0, 0.0, 0.0, 1.0]], [[0.005571197252720594, -0.9997963309288025, 0.01939295046031475, 0.0048828125], [-0.0016308075282722712, -0.019402310252189636, -0.9998104572296143, 1.5205307006835938], [0.9999831318855286, 0.005538515280932188, -0.0017385701648890972, -1.6922607421875], [0.0, 0.0, 0.0, 1.0]], [[-0.8329480886459351, -0.5533470511436462, -0.00211444147862494, 1.032135009765625], [0.003994394093751907, -0.0021915766410529613, -0.9999896287918091, 1.5036492347717285], [0.5533366799354553, -0.832947850227356, 0.00403575599193573, -1.248779296875], [0.0, 0.0, 0.0, 1.0]], [[0.9477753639221191, 0.3189345598220825, 0.0016276872484013438, -1.1422271728515625], [0.012666692025959492, -0.03254110738635063, -0.9993901252746582, 1.5885543823242188], [-0.3186870813369751, 0.9472179412841797, -0.034881509840488434, -0.10400390625], [0.0, 0.0, 0.0, 1.0]], [[0.0025518431793898344, 0.999742329120636, -0.022556187584996223, 0.0029296875], [-0.012743264436721802, -0.022521916776895523, -0.9996651411056519, 1.5793533325195312], [-0.9999155402183533, 0.002838481916114688, 0.012682510539889336, 0.00177001953125], [0.0, 0.0, 0.0, 1.0]], [[-0.9346848726272583, 0.35484814643859863, -0.02114242874085903, 1.1361083984375], [0.019883789122104645, -0.007193571422249079, -0.9997764229774475, 1.5514507293701172], [-0.3549208641052246, -0.9348962903022766, -0.00033200334291905165, -0.0634765625], [0.0, 0.0, 0.0, 1.0]]], "view": [[0.0, -2.0, 100.0], [-2.0, 0.0, 100.0], [0.0, 0.0, 1.0]], "bev": "bev_86f4d9db30b142bfb8c1197f8de070de.png", "aux": "aux_86f4d9db30b142bfb8c1197f8de070de.npz", "visibility": "visibility_86f4d9db30b142bfb8c1197f8de070de.png", "pose": [[-0.7383395433425903, -0.674429178237915, 0.0, 618.8679809570312], [0.674429178237915, -0.7383395433425903, 0.0, 1978.6678466796875], [0.0, 0.0, 1.0, 0.0], [0.0, 0.0, 0.0, 1.0]], "pose_inverse": [[-0.7383395433425903, 0.674429178237915, 0.0, -877.5366821289062], [-0.674429178237915, -0.7383395433425903, 0.0, 1878.311279296875], [0.0, 0.0, 1.0, 0.0], [0.0, 0.0, 0.0, 1.0]], "cam_ids": [0, 1, 2, 3, 4, 5], "cam_channels": ["CAM_FRONT_LEFT", "CAM_FRONT", "CAM_FRONT_RIGHT", "CAM_BACK_LEFT", "CAM_BACK", "CAM_BACK_RIGHT"], "token": "86f4d9db30b142bfb8c1197f8de070de", "scene": "scene-1047"}, {"images": ["samples/CAM_FRONT_LEFT/n015-2018-11-21-19-11-29+0800__CAM_FRONT_LEFT__1542798774154844.jpg", "samples/CAM_FRONT/n015-2018-11-21-19-11-29+0800__CAM_FRONT__1542798774162460.jpg", "samples/CAM_FRONT_RIGHT/n015-2018-11-21-19-11-29+0800__CAM_FRONT_RIGHT__1542798774170339.jpg", "samples/CAM_BACK_LEFT/n015-2018-11-21-19-11-29+0800__CAM_BACK_LEFT__1542798774197423.jpg", "samples/CAM_BACK/n015-2018-11-21-19-11-29+0800__CAM_BACK__1542798774187525.jpg", "samples/CAM_BACK_RIGHT/n015-2018-11-21-19-11-29+0800__CAM_BACK_RIGHT__1542798774177897.jpg"], "intrinsics": [[[1272.5979470598488, 0.0, 826.6154927353808], [0.0, 1272.5979470598488, 479.75165386361925], [0.0, 0.0, 1.0]], [[1266.417203046554, 0.0, 816.2670197447984], [0.0, 1266.417203046554, 491.50706579294757], [0.0, 0.0, 1.0]], [[1260.8474446004698, 0.0, 807.968244525554], [0.0, 1260.8474446004698, 495.3344268742088], [0.0, 0.0, 1.0]], [[1256.7414812095406, 0.0, 792.1125740759628], [0.0, 1256.7414812095406, 492.7757465151356], [0.0, 0.0, 1.0]], [[809.2209905677063, 0.0, 829.2196003259838], [0.0, 809.2209905677063, 481.77842384512485], [0.0, 0.0, 1.0]], [[1259.5137405846733, 0.0, 807.2529053838625], [0.0, 1259.5137405846733, 501.19579884916527], [0.0, 0.0, 1.0]]], "extrinsics": [[[0.8207054734230042, -0.571229100227356, 0.011829011142253876, -0.96484375], [0.003696924075484276, -0.015393897891044617, -0.9998747110366821, 1.5082473754882812], [0.57133948802948, 0.820646345615387, -0.010522065684199333, -1.2801513671875], [0.0, 0.0, 0.0, 1.0]], [[0.005582970567047596, -0.9997953772544861, 0.019441770389676094, 0.0050048828125], [-0.0015993287088349462, -0.019450977444648743, -0.9998095631599426, 1.520538330078125], [0.9999830722808838, 0.005550850182771683, -0.0017075962387025356, -1.6923828125], [0.0, 0.0, 0.0, 1.0]], [[-0.8329421877861023, -0.5533558130264282, -0.002118653617799282, 1.032196044921875], [0.0040282560512423515, -0.0022348591592162848, -0.99998939037323, 1.5036425590515137], [0.5533452033996582, -0.8329418897628784, 0.004090569913387299, -1.248779296875], [0.0, 0.0, 0.0, 1.0]], [[0.9477742314338684, 0.3189375400543213, 0.001649044337682426, -1.1421051025390625], [0.012704383581876755, -0.032585859298706055, -0.9993881583213806, 1.5885543823242188], [-0.31868866086006165, 0.9472153782844543, -0.03493594378232956, -0.103759765625], [0.0, 0.0, 0.0, 1.0]], [[0.0025490771513432264, 0.9997413754463196, -0.022600272670388222, 0.0029296875], [-0.012699832208454609, -0.022566158324480057, -0.9996646642684937, 1.5793590545654297], [-0.9999160766601562, 0.002835159655660391, 0.012639024294912815, 0.00201416015625], [0.0, 0.0, 0.0, 1.0]], [[-0.9346867799758911, 0.354839950799942, -0.021195773035287857, 1.13623046875], [0.019924575462937355, -0.007236429490149021, -0.9997753500938416, 1.5514507293701172], [-0.35491353273391724, -0.934899091720581, -0.0003062423493247479, -0.0635986328125], [0.0, 0.0, 0.0, 1.0]]], "view": [[0.0, -2.0, 100.0], [-2.0, 0.0, 100.0], [0.0, 0.0, 1.0]], "bev": "bev_7d0c0de29f944923bbe95655a26bd938.png", "aux": "aux_7d0c0de29f944923bbe95655a26bd938.npz", "visibility": "visibility_7d0c0de29f944923bbe95655a26bd938.png", "pose": [[-0.7383281588554382, -0.6744416356086731, 0.0, 618.8683471679688], [0.6744416356086731, -0.7383281588554382, 0.0, 1978.668212890625], [0.0, 0.0, 1.0, 0.0], [0.0, 0.0, 0.0, 1.0]], "pose_inverse": [[-0.7383281588554382, 0.6744416356086731, 0.0, -877.568359375], [-0.6744416356086731, -0.7383281588554382, 0.0, 1878.2969970703125], [0.0, 0.0, 1.0, 0.0], [0.0, 0.0, 0.0, 1.0]], "cam_ids": [0, 1, 2, 3, 4, 5], "cam_channels": ["CAM_FRONT_LEFT", "CAM_FRONT", "CAM_FRONT_RIGHT", "CAM_BACK_LEFT", "CAM_BACK", "CAM_BACK_RIGHT"], "token": "7d0c0de29f944923bbe95655a26bd938", "scene": "scene-1047"}, {"images": ["samples/CAM_FRONT_LEFT/n015-2018-11-21-19-11-29+0800__CAM_FRONT_LEFT__1542798774654844.jpg", "samples/CAM_FRONT/n015-2018-11-21-19-11-29+0800__CAM_FRONT__1542798774662460.jpg", "samples/CAM_FRONT_RIGHT/n015-2018-11-21-19-11-29+0800__CAM_FRONT_RIGHT__1542798774670339.jpg", "samples/CAM_BACK_LEFT/n015-2018-11-21-19-11-29+0800__CAM_BACK_LEFT__1542798774697423.jpg", "samples/CAM_BACK/n015-2018-11-21-19-11-29+0800__CAM_BACK__1542798774687525.jpg", "samples/CAM_BACK_RIGHT/n015-2018-11-21-19-11-29+0800__CAM_BACK_RIGHT__1542798774677893.jpg"], "intrinsics": [[[1272.5979470598488, 0.0, 826.6154927353808], [0.0, 1272.5979470598488, 479.75165386361925], [0.0, 0.0, 1.0]], [[1266.417203046554, 0.0, 816.2670197447984], [0.0, 1266.417203046554, 491.50706579294757], [0.0, 0.0, 1.0]], [[1260.8474446004698, 0.0, 807.968244525554], [0.0, 1260.8474446004698, 495.3344268742088], [0.0, 0.0, 1.0]], [[1256.7414812095406, 0.0, 792.1125740759628], [0.0, 1256.7414812095406, 492.7757465151356], [0.0, 0.0, 1.0]], [[809.2209905677063, 0.0, 829.2196003259838], [0.0, 809.2209905677063, 481.77842384512485], [0.0, 0.0, 1.0]], [[1259.5137405846733, 0.0, 807.2529053838625], [0.0, 1259.5137405846733, 501.19579884916527], [0.0, 0.0, 1.0]]], "extrinsics": [[[0.8207018375396729, -0.5712332725524902, 0.011874339543282986, -0.965087890625], [0.003721226006746292, -0.015438218601047993, -0.9998738765716553, 1.5082473754882812], [0.5713446140289307, 0.8206425905227661, -0.010544486343860626, -1.2802734375], [0.0, 0.0, 0.0, 1.0]], [[0.005574565380811691, -0.9997946619987488, 0.019481781870126724, 0.0050048828125], [-0.0015774194616824389, -0.01949085295200348, -0.9998087882995605, 1.5205345153808594], [0.9999832510948181, 0.0055428314954042435, -0.001685749157331884, -1.6922607421875], [0.0, 0.0, 0.0, 1.0]], [[-0.8329477310180664, -0.5533475875854492, -0.0021121003665030003, 1.0323486328125], [0.004043825436383486, -0.002270213095471263, -0.9999892115592957, 1.5036468505859375], [0.5533367991447449, -0.8329473733901978, 0.00412861118093133, -1.248779296875], [0.0, 0.0, 0.0, 1.0]], [[0.9477739930152893, 0.3189384341239929, 0.0016628922894597054, -1.1422119140625], [0.012728247791528702, -0.03261328116059303, -0.9993869662284851, 1.5885467529296875], [-0.31868869066238403, 0.9472141861915588, -0.034969549626111984, -0.10400390625], [0.0, 0.0, 0.0, 1.0]], [[0.0025534501764923334, 0.9997406005859375, -0.022633787244558334, 0.0028076171875], [-0.012698578648269176, -0.022599617019295692, -0.9996639490127563, 1.579355239868164], [-0.9999161958694458, 0.0028400584124028683, 0.012637575156986713, 0.00164794921875], [0.0, 0.0, 0.0, 1.0]], [[-0.934683620929718, 0.3548475205898285, -0.021206719800829887, 1.13623046875], [0.01992299035191536, -0.007271450478583574, -0.9997751116752625, 1.5514450073242188], [-0.3549219071865082, -0.9348959922790527, -0.00027311756275594234, -0.0634765625], [0.0, 0.0, 0.0, 1.0]]], "view": [[0.0, -2.0, 100.0], [-2.0, 0.0, 100.0], [0.0, 0.0, 1.0]], "bev": "bev_edea3ae92ba64ef586b76565421a5f87.png", "aux": "aux_edea3ae92ba64ef586b76565421a5f87.npz", "visibility": "visibility_edea3ae92ba64ef586b76565421a5f87.png", "pose": [[-0.7383424639701843, -0.6744260191917419, 0.0, 618.86865234375], [0.6744260191917419, -0.7383424639701843, 0.0, 1978.6685791015625], [0.0, 0.0, 1.0, 0.0], [0.0, 0.0, 0.0, 1.0]], "pose_inverse": [[-0.7383424639701843, 0.6744260191917419, 0.0, -877.528564453125], [-0.6744260191917419, -0.7383424639701843, 0.0, 1878.316162109375], [0.0, 0.0, 1.0, 0.0], [0.0, 0.0, 0.0, 1.0]], "cam_ids": [0, 1, 2, 3, 4, 5], "cam_channels": ["CAM_FRONT_LEFT", "CAM_FRONT", "CAM_FRONT_RIGHT", "CAM_BACK_LEFT", "CAM_BACK", "CAM_BACK_RIGHT"], "token": "edea3ae92ba64ef586b76565421a5f87", "scene": "scene-1047"}, {"images": ["samples/CAM_FRONT_LEFT/n015-2018-11-21-19-11-29+0800__CAM_FRONT_LEFT__1542798775154844.jpg", "samples/CAM_FRONT/n015-2018-11-21-19-11-29+0800__CAM_FRONT__1542798775162460.jpg", "samples/CAM_FRONT_RIGHT/n015-2018-11-21-19-11-29+0800__CAM_FRONT_RIGHT__1542798775170339.jpg", "samples/CAM_BACK_LEFT/n015-2018-11-21-19-11-29+0800__CAM_BACK_LEFT__1542798775197423.jpg", "samples/CAM_BACK/n015-2018-11-21-19-11-29+0800__CAM_BACK__1542798775187525.jpg", "samples/CAM_BACK_RIGHT/n015-2018-11-21-19-11-29+0800__CAM_BACK_RIGHT__1542798775177893.jpg"], "intrinsics": [[[1272.5979470598488, 0.0, 826.6154927353808], [0.0, 1272.5979470598488, 479.75165386361925], [0.0, 0.0, 1.0]], [[1266.417203046554, 0.0, 816.2670197447984], [0.0, 1266.417203046554, 491.50706579294757], [0.0, 0.0, 1.0]], [[1260.8474446004698, 0.0, 807.968244525554], [0.0, 1260.8474446004698, 495.3344268742088], [0.0, 0.0, 1.0]], [[1256.7414812095406, 0.0, 792.1125740759628], [0.0, 1256.7414812095406, 492.7757465151356], [0.0, 0.0, 1.0]], [[809.2209905677063, 0.0, 829.2196003259838], [0.0, 809.2209905677063, 481.77842384512485], [0.0, 0.0, 1.0]], [[1259.5137405846733, 0.0, 807.2529053838625], [0.0, 1259.5137405846733, 501.19579884916527], [0.0, 0.0, 1.0]]], "extrinsics": [[[0.820680558681488, -0.5712649822235107, 0.011824557557702065, -0.9649658203125], [0.003656929126009345, -0.0154427420347929, -0.9998740553855896, 1.5082511901855469], [0.5713756084442139, 0.8206204771995544, -0.010584481991827488, -1.280517578125], [0.0, 0.0, 0.0, 1.0]], [[0.005547589156776667, -0.9997947812080383, 0.01948421075940132, 0.005126953125], [-0.0016397673171013594, -0.019493579864501953, -0.999808669090271, 1.5205345153808594], [0.9999832510948181, 0.005514535121619701, -0.001747572678141296, -1.6922607421875], [0.0, 0.0, 0.0, 1.0]], [[-0.8329576253890991, -0.5533329844474792, -0.0020624666940420866, 1.032318115234375], [0.003988114185631275, -0.002276178216561675, -0.9999894499778748, 1.5036463737487793], [0.5533223748207092, -0.8329570889472961, 0.004102714825421572, -1.248779296875], [0.0, 0.0, 0.0, 1.0]], [[0.9477745294570923, 0.3189370036125183, 0.0016140580410137773, -1.1422119140625], [0.012677047401666641, -0.032614320516586304, -0.9993875622749329, 1.5885543823242188], [-0.3186890184879303, 0.9472146034240723, -0.03495419770479202, -0.103515625], [0.0, 0.0, 0.0, 1.0]], [[0.0025578991044312716, 0.9997404217720032, -0.02264425717294216, 0.002685546875], [-0.012756921350955963, -0.02260986529290676, -0.9996629357337952, 1.579355239868164], [-0.999915361404419, 0.002845986047759652, 0.01269577257335186, 0.00177001953125], [0.0, 0.0, 0.0, 1.0]], [[-0.9346807599067688, 0.354857474565506, -0.0211643073707819, 1.13623046875], [0.019871866330504417, -0.00728662870824337, -0.9997760057449341, 1.5514507293701172], [-0.3549322485923767, -0.9348920583724976, -0.00024100832524709404, -0.0634765625], [0.0, 0.0, 0.0, 1.0]]], "view": [[0.0, -2.0, 100.0], [-2.0, 0.0, 100.0], [0.0, 0.0, 1.0]], "bev": "bev_90d06be8d45a4b51b736b01ba7196306.png", "aux": "aux_90d06be8d45a4b51b736b01ba7196306.npz", "visibility": "visibility_90d06be8d45a4b51b736b01ba7196306.png", "pose": [[-0.7383831739425659, -0.67438143491745, 0.0, 618.8689575195312], [0.67438143491745, -0.7383831739425659, 0.0, 1978.6689453125], [0.0, 0.0, 1.0, 0.0], [0.0, 0.0, 0.0, 1.0]], "pose_inverse": [[-0.7383831739425659, 0.67438143491745, 0.0, -877.4151611328125], [-0.67438143491745, -0.7383831739425659, 0.0, 1878.36962890625], [0.0, 0.0, 1.0, 0.0], [0.0, 0.0, 0.0, 1.0]], "cam_ids": [0, 1, 2, 3, 4, 5], "cam_channels": ["CAM_FRONT_LEFT", "CAM_FRONT", "CAM_FRONT_RIGHT", "CAM_BACK_LEFT", "CAM_BACK", "CAM_BACK_RIGHT"], "token": "90d06be8d45a4b51b736b01ba7196306", "scene": "scene-1047"}, {"images": ["samples/CAM_FRONT_LEFT/n015-2018-11-21-19-11-29+0800__CAM_FRONT_LEFT__1542798775654844.jpg", "samples/CAM_FRONT/n015-2018-11-21-19-11-29+0800__CAM_FRONT__1542798775662460.jpg", "samples/CAM_FRONT_RIGHT/n015-2018-11-21-19-11-29+0800__CAM_FRONT_RIGHT__1542798775670339.jpg", "samples/CAM_BACK_LEFT/n015-2018-11-21-19-11-29+0800__CAM_BACK_LEFT__1542798775697423.jpg", "samples/CAM_BACK/n015-2018-11-21-19-11-29+0800__CAM_BACK__1542798775687525.jpg", "samples/CAM_BACK_RIGHT/n015-2018-11-21-19-11-29+0800__CAM_BACK_RIGHT__1542798775677893.jpg"], "intrinsics": [[[1272.5979470598488, 0.0, 826.6154927353808], [0.0, 1272.5979470598488, 479.75165386361925], [0.0, 0.0, 1.0]], [[1266.417203046554, 0.0, 816.2670197447984], [0.0, 1266.417203046554, 491.50706579294757], [0.0, 0.0, 1.0]], [[1260.8474446004698, 0.0, 807.968244525554], [0.0, 1260.8474446004698, 495.3344268742088], [0.0, 0.0, 1.0]], [[1256.7414812095406, 0.0, 792.1125740759628], [0.0, 1256.7414812095406, 492.7757465151356], [0.0, 0.0, 1.0]], [[809.2209905677063, 0.0, 829.2196003259838], [0.0, 809.2209905677063, 481.77842384512485], [0.0, 0.0, 1.0]], [[1259.5137405846733, 0.0, 807.2529053838625], [0.0, 1259.5137405846733, 501.19579884916527], [0.0, 0.0, 1.0]]], "extrinsics": [[[0.8206954002380371, -0.5712454915046692, 0.01172545924782753, -0.965087890625], [0.0035725124180316925, -0.015391018241643906, -0.9998751878738403, 1.5082473754882812], [0.5713547468185425, 0.8206348419189453, -0.01059055607765913, -1.2802734375], [0.0, 0.0, 0.0, 1.0]], [[0.005568668246269226, -0.9997954964637756, 0.019435957074165344, 0.0050048828125], [-0.0017271749675273895, -0.01944584585726261, -0.9998094439506531, 1.5205345153808594], [0.9999829530715942, 0.005533948540687561, -0.001835108152590692, -1.69207763671875], [0.0, 0.0, 0.0, 1.0]], [[-0.8329499959945679, -0.5533445477485657, -0.002011961070820689, 1.03216552734375], [0.0038957013748586178, -0.0022282388526946306, -0.999989926815033, 1.5036468505859375], [0.5533345341682434, -0.8329494595527649, 0.0040116761811077595, -1.248779296875], [0.0, 0.0, 0.0, 1.0]], [[0.9477748274803162, 0.31893670558929443, 0.0015375555958598852, -1.1422271728515625], [0.012579584494233131, -0.0325644351541996, -0.9993904232978821, 1.5885543823242188], [-0.3186922073364258, 0.9472164511680603, -0.03487584367394447, -0.10400390625], [0.0, 0.0, 0.0, 1.0]], [[0.0025513723958283663, 0.9997413754463196, -0.02259979210793972, 0.0028076171875], [-0.012843968346714973, -0.022565240040421486, -0.9996628761291504, 1.5793609619140625], [-0.9999142289161682, 0.002840782282873988, 0.01278307382017374, 0.001953125], [0.0, 0.0, 0.0, 1.0]], [[-0.9346862435340881, 0.35484927892684937, -0.02105952799320221, 1.1361083984375], [0.019777067005634308, -0.007241115905344486, -0.9997782111167908, 1.5514545440673828], [-0.3549230396747589, -0.9348954558372498, -0.0002497076347935945, -0.0635986328125], [0.0, 0.0, 0.0, 1.0]]], "view": [[0.0, -2.0, 100.0], [-2.0, 0.0, 100.0], [0.0, 0.0, 1.0]], "bev": "bev_f9a057315cee4296a8d257343257e51a.png", "aux": "aux_f9a057315cee4296a8d257343257e51a.npz", "visibility": "visibility_f9a057315cee4296a8d257343257e51a.png", "pose": [[-0.7384036779403687, -0.6743589639663696, 0.0, 618.869140625], [0.6743589639663696, -0.7384036779403687, 0.0, 1978.669189453125], [0.0, 0.0, 1.0, 0.0], [0.0, 0.0, 0.0, 1.0]], "pose_inverse": [[-0.7384036779403687, 0.6743589639663696, 0.0, -877.3579711914062], [-0.6743589639663696, -0.7384036779403687, 0.0, 1878.3966064453125], [0.0, 0.0, 1.0, 0.0], [0.0, 0.0, 0.0, 1.0]], "cam_ids": [0, 1, 2, 3, 4, 5], "cam_channels": ["CAM_FRONT_LEFT", "CAM_FRONT", "CAM_FRONT_RIGHT", "CAM_BACK_LEFT", "CAM_BACK", "CAM_BACK_RIGHT"], "token": "f9a057315cee4296a8d257343257e51a", "scene": "scene-1047"}, {"images": ["samples/CAM_FRONT_LEFT/n015-2018-11-21-19-11-29+0800__CAM_FRONT_LEFT__1542798776154844.jpg", "samples/CAM_FRONT/n015-2018-11-21-19-11-29+0800__CAM_FRONT__1542798776162460.jpg", "samples/CAM_FRONT_RIGHT/n015-2018-11-21-19-11-29+0800__CAM_FRONT_RIGHT__1542798776170339.jpg", "samples/CAM_BACK_LEFT/n015-2018-11-21-19-11-29+0800__CAM_BACK_LEFT__1542798776197423.jpg", "samples/CAM_BACK/n015-2018-11-21-19-11-29+0800__CAM_BACK__1542798776187525.jpg", "samples/CAM_BACK_RIGHT/n015-2018-11-21-19-11-29+0800__CAM_BACK_RIGHT__1542798776177893.jpg"], "intrinsics": [[[1272.5979470598488, 0.0, 826.6154927353808], [0.0, 1272.5979470598488, 479.75165386361925], [0.0, 0.0, 1.0]], [[1266.417203046554, 0.0, 816.2670197447984], [0.0, 1266.417203046554, 491.50706579294757], [0.0, 0.0, 1.0]], [[1260.8474446004698, 0.0, 807.968244525554], [0.0, 1260.8474446004698, 495.3344268742088], [0.0, 0.0, 1.0]], [[1256.7414812095406, 0.0, 792.1125740759628], [0.0, 1256.7414812095406, 492.7757465151356], [0.0, 0.0, 1.0]], [[809.2209905677063, 0.0, 829.2196003259838], [0.0, 809.2209905677063, 481.77842384512485], [0.0, 0.0, 1.0]], [[1259.5137405846733, 0.0, 807.2529053838625], [0.0, 1259.5137405846733, 501.19579884916527], [0.0, 0.0, 1.0]]], "extrinsics": [[[0.820678174495697, -0.5712729096412659, 0.011603864841163158, -0.9649658203125], [0.003405077615752816, -0.015418102033436298, -0.9998753070831299, 1.5082454681396484], [0.571380615234375, 0.8206154108047485, -0.01070807222276926, -1.2802734375], [0.0, 0.0, 0.0, 1.0]], [[0.005543554667383432, -0.9997950792312622, 0.0194656141102314, 0.0050048828125], [-0.0018995184218510985, -0.019476406276226044, -0.9998085498809814, 1.5205345153808594], [0.9999828338623047, 0.005505462642759085, -0.0020070974715054035, -1.69219970703125], [0.0, 0.0, 0.0, 1.0]], [[-0.8329629898071289, -0.5533255338668823, -0.0018491235096007586, 1.032470703125], [0.0037248192820698023, -0.002265447750687599, -0.9999904632568359, 1.5036439895629883], [0.553316056728363, -0.8329620361328125, 0.003948072902858257, -1.24853515625], [0.0, 0.0, 0.0, 1.0]], [[0.9477772116661072, 0.3189305067062378, 0.0013606382999569178, -1.142181396484375], [0.012408525682985783, -0.03261120617389679, -0.9993910789489746, 1.5885543823242188], [-0.3186918795108795, 0.9472169280052185, -0.0348656140267849, -0.103759765625], [0.0, 0.0, 0.0, 1.0]], [[0.0025575635954737663, 0.999740481376648, -0.022637033835053444, 0.0028076171875], [-0.01301806140691042, -0.0226019024848938, -0.9996598362922668, 1.579355239868164], [-0.9999119639396667, 0.002851464319974184, 0.012956874445080757, 0.00177001953125], [0.0, 0.0, 0.0, 1.0]], [[-0.9346835017204285, 0.3548649549484253, -0.02091829665005207, 1.1363525390625], [0.01961372420191765, -0.007273463066667318, -0.9997811317443848, 1.5514507293701172], [-0.3549395203590393, -0.9348892569541931, -0.0001618373644305393, -0.0635986328125], [0.0, 0.0, 0.0, 1.0]]], "view": [[0.0, -2.0, 100.0], [-2.0, 0.0, 100.0], [0.0, 0.0, 1.0]], "bev": "bev_28a8501bb3974dbab621d0656a14ad3f.png", "aux": "aux_28a8501bb3974dbab621d0656a14ad3f.npz", "visibility": "visibility_28a8501bb3974dbab621d0656a14ad3f.png", "pose": [[-0.7383812069892883, -0.6743835806846619, 0.0, 618.869384765625], [0.6743835806846619, -0.7383812069892883, 0.0, 1978.6693115234375], [0.0, 0.0, 1.0, 0.0], [0.0, 0.0, 0.0, 1.0]], "pose_inverse": [[-0.7383812069892883, 0.6743835806846619, 0.0, -877.4205322265625], [-0.6743835806846619, -0.7383812069892883, 0.0, 1878.3675537109375], [0.0, 0.0, 1.0, 0.0], [0.0, 0.0, 0.0, 1.0]], "cam_ids": [0, 1, 2, 3, 4, 5], "cam_channels": ["CAM_FRONT_LEFT", "CAM_FRONT", "CAM_FRONT_RIGHT", "CAM_BACK_LEFT", "CAM_BACK", "CAM_BACK_RIGHT"], "token": "28a8501bb3974dbab621d0656a14ad3f", "scene": "scene-1047"}, {"images": ["samples/CAM_FRONT_LEFT/n015-2018-11-21-19-11-29+0800__CAM_FRONT_LEFT__1542798776654844.jpg", "samples/CAM_FRONT/n015-2018-11-21-19-11-29+0800__CAM_FRONT__1542798776662460.jpg", "samples/CAM_FRONT_RIGHT/n015-2018-11-21-19-11-29+0800__CAM_FRONT_RIGHT__1542798776670339.jpg", "samples/CAM_BACK_LEFT/n015-2018-11-21-19-11-29+0800__CAM_BACK_LEFT__1542798776697423.jpg", "samples/CAM_BACK/n015-2018-11-21-19-11-29+0800__CAM_BACK__1542798776687525.jpg", "samples/CAM_BACK_RIGHT/n015-2018-11-21-19-11-29+0800__CAM_BACK_RIGHT__1542798776677893.jpg"], "intrinsics": [[[1272.5979470598488, 0.0, 826.6154927353808], [0.0, 1272.5979470598488, 479.75165386361925], [0.0, 0.0, 1.0]], [[1266.417203046554, 0.0, 816.2670197447984], [0.0, 1266.417203046554, 491.50706579294757], [0.0, 0.0, 1.0]], [[1260.8474446004698, 0.0, 807.968244525554], [0.0, 1260.8474446004698, 495.3344268742088], [0.0, 0.0, 1.0]], [[1256.7414812095406, 0.0, 792.1125740759628], [0.0, 1256.7414812095406, 492.7757465151356], [0.0, 0.0, 1.0]], [[809.2209905677063, 0.0, 829.2196003259838], [0.0, 809.2209905677063, 481.77842384512485], [0.0, 0.0, 1.0]], [[1259.5137405846733, 0.0, 807.2529053838625], [0.0, 1259.5137405846733, 501.19579884916527], [0.0, 0.0, 1.0]]], "extrinsics": [[[0.8206902146339417, -0.5712540149688721, 0.011683311313390732, -0.9649658203125], [0.003490425879135728, -0.015434972941875458, -0.9998748302459717, 1.5082473754882812], [0.5713627934455872, 0.8206282258033752, -0.01067341212183237, -1.2802734375], [0.0, 0.0, 0.0, 1.0]], [[0.005559691693633795, -0.9997947812080383, 0.019479434937238693, 0.0050048828125], [-0.0018000071868300438, -0.01948971301317215, -0.9998084306716919, 1.520538330078125], [0.9999829530715942, 0.00552367465570569, -0.0019079955527558923, -1.69256591796875], [0.0, 0.0, 0.0, 1.0]], [[-0.8329554200172424, -0.5533366203308105, -0.0019414690323174, 1.032379150390625], [0.0038390120025724173, -0.0022703646682202816, -0.9999899864196777, 1.503645896911621], [0.5533266663551331, -0.8329546451568604, 0.004015379585325718, -1.24853515625], [0.0, 0.0, 0.0, 1.0]], [[0.9477753639221191, 0.3189353942871094, 0.0014722815249115229, -1.14208984375], [0.012525715865194798, -0.03260905295610428, -0.9993897080421448, 1.58856201171875], [-0.31869274377822876, 0.9472153186798096, -0.03490094840526581, -0.103515625], [0.0, 0.0, 0.0, 1.0]], [[0.0025547456461936235, 0.9997406601905823, -0.022632136940956116, 0.0029296875], [-0.01289651542901