[{"images": ["samples/CAM_FRONT_LEFT/n015-2018-08-01-16-32-59+0800__CAM_FRONT_LEFT__1533112850154844.jpg", "samples/CAM_FRONT/n015-2018-08-01-16-32-59+0800__CAM_FRONT__1533112850162460.jpg", "samples/CAM_FRONT_RIGHT/n015-2018-08-01-16-32-59+0800__CAM_FRONT_RIGHT__1533112850170339.jpg", "samples/CAM_BACK_LEFT/n015-2018-08-01-16-32-59+0800__CAM_BACK_LEFT__1533112850197423.jpg", "samples/CAM_BACK/n015-2018-08-01-16-32-59+0800__CAM_BACK__1533112850187525.jpg", "samples/CAM_BACK_RIGHT/n015-2018-08-01-16-32-59+0800__CAM_BACK_RIGHT__1533112850177893.jpg"], "intrinsics": [[[1272.5979470598488, 0.0, 826.6154927353808], [0.0, 1272.5979470598488, 479.75165386361925], [0.0, 0.0, 1.0]], [[1266.417203046554, 0.0, 816.2670197447984], [0.0, 1266.417203046554, 491.50706579294757], [0.0, 0.0, 1.0]], [[1260.8474446004698, 0.0, 807.968244525554], [0.0, 1260.8474446004698, 495.3344268742088], [0.0, 0.0, 1.0]], [[1256.7414812095406, 0.0, 792.1125740759628], [0.0, 1256.7414812095406, 492.7757465151356], [0.0, 0.0, 1.0]], [[809.2209905677063, 0.0, 829.2196003259838], [0.0, 809.2209905677063, 481.77842384512485], [0.0, 0.0, 1.0]], [[1259.5137405846733, 0.0, 807.2529053838625], [0.0, 1259.5137405846733, 501.19579884916527], [0.0, 0.0, 1.0]]], "extrinsics": [[[0.8246862888336182, -0.5652515888214111, 0.019575130194425583, -0.7608642578125], [-0.0017830957658588886, -0.03720827400684357, -0.9993059039115906, 1.5077953338623047], [0.5655876398086548, 0.8240789771080017, -0.031693052500486374, -1.139892578125], [0.0, 0.0, 0.0, 1.0]], [[0.01130585465580225, -0.9990836381912231, 0.04128033667802811, 0.0071258544921875], [-0.0070369732566177845, -0.04136144742369652, -0.9991194605827332, 1.5190914869308472], [0.9999113082885742, 0.011005398817360401, -0.007498151622712612, -1.4888916015625], [0.0, 0.0, 0.0, 1.0]], [[-0.8305259943008423, -0.5567856431007385, 0.01470485795289278, 0.90118408203125], [-0.0014684968627989292, -0.024212026968598366, -0.9997057914733887, 1.5034081935882568], [0.5569778084754944, -0.8303033113479614, 0.01929107867181301, -1.1610107421875], [0.0, 0.0, 0.0, 1.0]], [[0.9477640986442566, 0.31880033016204834, -0.01046955119818449, -1.140625], [0.0074110860005021095, -0.0548226460814476, -0.9984685778617859, 1.5885448455810547], [-0.3188861012458801, 0.9462350606918335, -0.054321590811014175, -0.103759765625], [0.0, 0.0, 0.0, 1.0]], [[0.0008292856509797275, 0.9989970922470093, -0.04476717859506607, 0.0030364990234375], [-0.018066655844449997, -0.04474491626024246, -0.998835027217865, 1.578291893005371], [-0.9998363852500916, 0.0016371035017073154, 0.01801143027842045, -0.056640625], [0.0, 0.0, 0.0, 1.0]], [[-0.9358973503112793, 0.3514646589756012, -0.0238479133695364, 1.029541015625], [0.014484633691608906, -0.029246408492326736, -0.9994673132896423, 1.5531005859375], [-0.3519749045372009, -0.9357442259788513, 0.022280797362327576, -0.10394287109375], [0.0, 0.0, 0.0, 1.0]]], "view": [[0.0, -2.0, 100.0], [-2.0, 0.0, 100.0], [0.0, 0.0, 1.0]], "bev": "bev_1f1afba5dd0d41dda5628e1df217e3c3.png", "aux": "aux_1f1afba5dd0d41dda5628e1df217e3c3.npz", "visibility": "visibility_1f1afba5dd0d41dda5628e1df217e3c3.png", "pose": [[-0.11178838461637497, -0.9937320351600647, 0.0, 118.72599792480469], [0.9937320351600647, -0.11178838461637497, 0.0, 1065.7349853515625], [0.0, 0.0, 1.0, 0.0], [0.0, 0.0, 0.0, 1.0]], "pose_inverse": [[-0.11178838461637497, 0.9937320351600647, 0.0, -1045.7828369140625], [-0.9937320351600647, -0.11178838461637497, 0.0, 237.11862182617188], [0.0, 0.0, 1.0, 0.0], [0.0, 0.0, 0.0, 1.0]], "cam_ids": [0, 1, 2, 3, 4, 5], "cam_channels": ["CAM_FRONT_LEFT", "CAM_FRONT", "CAM_FRONT_RIGHT", "CAM_BACK_LEFT", "CAM_BACK", "CAM_BACK_RIGHT"], "token": "1f1afba5dd0d41dda5628e1df217e3c3", "scene": "scene-0129"}, {"images": ["samples/CAM_FRONT_LEFT/n015-2018-08-01-16-32-59+0800__CAM_FRONT_LEFT__1533112850604844.jpg", "samples/CAM_FRONT/n015-2018-08-01-16-32-59+0800__CAM_FRONT__1533112850612460.jpg", "samples/CAM_FRONT_RIGHT/n015-2018-08-01-16-32-59+0800__CAM_FRONT_RIGHT__1533112850620339.jpg", "samples/CAM_BACK_LEFT/n015-2018-08-01-16-32-59+0800__CAM_BACK_LEFT__1533112850647423.jpg", "samples/CAM_BACK/n015-2018-08-01-16-32-59+0800__CAM_BACK__1533112850637525.jpg", "samples/CAM_BACK_RIGHT/n015-2018-08-01-16-32-59+0800__CAM_BACK_RIGHT__1533112850627893.jpg"], "intrinsics": [[[1272.5979470598488, 0.0, 826.6154927353808], [0.0, 1272.5979470598488, 479.75165386361925], [0.0, 0.0, 1.0]], [[1266.417203046554, 0.0, 816.2670197447984], [0.0, 1266.417203046554, 491.50706579294757], [0.0, 0.0, 1.0]], [[1260.8474446004698, 0.0, 807.968244525554], [0.0, 1260.8474446004698, 495.3344268742088], [0.0, 0.0, 1.0]], [[1256.7414812095406, 0.0, 792.1125740759628], [0.0, 1256.7414812095406, 492.7757465151356], [0.0, 0.0, 1.0]], [[809.2209905677063, 0.0, 829.2196003259838], [0.0, 809.2209905677063, 481.77842384512485], [0.0, 0.0, 1.0]], [[1259.5137405846733, 0.0, 807.2529053838625], [0.0, 1259.5137405846733, 501.19579884916527], [0.0, 0.0, 1.0]]], "extrinsics": [[[0.8262934684753418, -0.5627676844596863, 0.023058179765939713, -0.7657470703125], [0.002955875126644969, -0.036605168133974075, -0.9993253946304321, 1.5089659690856934], [0.5632320046424866, 0.8258042335510254, -0.028583142906427383, -1.144622802734375], [0.0, 0.0, 0.0, 1.0]], [[0.013467403128743172, -0.9990888833999634, 0.04049525409936905, 0.00799560546875], [-0.0022076910827308893, -0.040528543293476105, -0.9991759657859802, 1.5201057195663452], [0.9999068975448608, 0.013366902247071266, -0.0027514940593391657, -1.4942626953125], [0.0, 0.0, 0.0, 1.0]], [[-0.8296969532966614, -0.5581232905387878, 0.010062392801046371, 0.90478515625], [0.0034152592997998, -0.02310113236308098, -0.9997272491455078, 1.5041680335998535], [0.5582035183906555, -0.8294363617897034, 0.021073076874017715, -1.1629638671875], [0.0, 0.0, 0.0, 1.0]], [[0.947834312915802, 0.3187251389026642, -0.004954382311552763, -1.14031982421875], [0.012599880807101727, -0.05299120023846626, -0.9985154271125793, 1.5885887145996094], [-0.31851452589035034, 0.9463647603988647, -0.05424276739358902, -0.1044921875], [0.0, 0.0, 0.0, 1.0]], [[0.00042032479541376233, 0.9990703463554382, -0.04310949891805649, 0.0027923583984375], [-0.01294330507516861, -0.04310045391321182, -0.9989868998527527, 1.5786170959472656], [-0.999916136264801, 0.0009778799721971154, 0.012913153506815434, -0.0555419921875], [0.0, 0.0, 0.0, 1.0]], [[-0.9361710548400879, 0.3504278063774109, -0.028003010898828506, 1.031982421875], [0.019468538463115692, -0.027854405343532562, -0.9994224309921265, 1.5536212921142578], [-0.3510053753852844, -0.936175525188446, 0.0192541666328907, -0.1027984619140625], [0.0, 0.0, 0.0, 1.0]]], "view": [[0.0, -2.0, 100.0], [-2.0, 0.0, 100.0], [0.0, 0.0, 1.0]], "bev": "bev_aa45c27bb5eb4a8a9edb35fd2a5d269f.png", "aux": "aux_aa45c27bb5eb4a8a9edb35fd2a5d269f.npz", "visibility": "visibility_aa45c27bb5eb4a8a9edb35fd2a5d269f.png", "pose": [[-0.010496772825717926, -0.9999449253082275, 0.0, 118.57026672363281], [0.9999449253082275, -0.010496772825717926, 0.0, 1068.25146484375], [0.0, 0.0, 1.0, 0.0], [0.0, 0.0, 0.0, 1.0]], "pose_inverse": [[-0.010496772825717926, 0.9999449253082275, 0.0, -1066.947998046875], [-0.9999449253082275, -0.010496772825717926, 0.0, 129.7769317626953], [0.0, 0.0, 1.0, 0.0], [0.0, 0.0, 0.0, 1.0]], "cam_ids": [0, 1, 2, 3, 4, 5], "cam_channels": ["CAM_FRONT_LEFT", "CAM_FRONT", "CAM_FRONT_RIGHT", "CAM_BACK_LEFT", "CAM_BACK", "CAM_BACK_RIGHT"], "token": "aa45c27bb5eb4a8a9edb35fd2a5d269f", "scene": "scene-0129"}, {"images": ["samples/CAM_FRONT_LEFT/n015-2018-08-01-16-32-59+0800__CAM_FRONT_LEFT__1533112851104844.jpg", "samples/CAM_FRONT/n015-2018-08-01-16-32-59+0800__CAM_FRONT__1533112851112460.jpg", "samples/CAM_FRONT_RIGHT/n015-2018-08-01-16-32-59+0800__CAM_FRONT_RIGHT__1533112851120339.jpg", "samples/CAM_BACK_LEFT/n015-2018-08-01-16-32-59+0800__CAM_BACK_LEFT__1533112851147423.jpg", "samples/CAM_BACK/n015-2018-08-01-16-32-59+0800__CAM_BACK__1533112851137525.jpg", "samples/CAM_BACK_RIGHT/n015-2018-08-01-16-32-59+0800__CAM_BACK_RIGHT__1533112851127893.jpg"], "intrinsics": [[[1272.5979470598488, 0.0, 826.6154927353808], [0.0, 1272.5979470598488, 479.75165386361925], [0.0, 0.0, 1.0]], [[1266.417203046554, 0.0, 816.2670197447984], [0.0, 1266.417203046554, 491.50706579294757], [0.0, 0.0, 1.0]], [[1260.8474446004698, 0.0, 807.968244525554], [0.0, 1260.8474446004698, 495.3344268742088], [0.0, 0.0, 1.0]], [[1256.7414812095406, 0.0, 792.1125740759628], [0.0, 1256.7414812095406, 492.7757465151356], [0.0, 0.0, 1.0]], [[809.2209905677063, 0.0, 829.2196003259838], [0.0, 809.2209905677063, 481.77842384512485], [0.0, 0.0, 1.0]], [[1259.5137405846733, 0.0, 807.2529053838625], [0.0, 1259.5137405846733, 501.19579884916527], [0.0, 0.0, 1.0]]], "extrinsics": [[[0.8262699842453003, -0.562946617603302, 0.01920739747583866, -0.7696533203125], [-0.0007043342920951545, -0.035132113844156265, -0.9993824362754822, 1.5080033540725708], [0.5632736682891846, 0.8257462382316589, -0.029425116255879402, -1.14447021484375], [0.0, 0.0, 0.0, 1.0]], [[0.013467340730130672, -0.9991440773010254, 0.03910985589027405, 0.006024360656738281], [-0.006205941550433636, -0.03919617086648941, -0.9992123246192932, 1.5192580223083496], [0.9998899698257446, 0.013214018195867538, -0.006728498265147209, -1.4971923828125], [0.0, 0.0, 0.0, 1.0]], [[-0.8297243118286133, -0.5580217242240906, 0.013005729764699936, 0.90667724609375], [-0.0009331414476037025, -0.02191375009715557, -0.9997593760490417, 1.5034704208374023], [0.5581724643707275, -0.8295369148254395, 0.01766166090965271, -1.16595458984375], [0.0, 0.0, 0.0, 1.0]], [[0.9478676319122314, 0.3185316026210785, -0.009189951233565807, -1.14300537109375], [0.007765537593513727, -0.05191943049430847, -0.9986210465431213, 1.588517665863037], [-0.31856951117515564, 0.9464892745018005, -0.051686324179172516, -0.10284423828125], [0.0, 0.0, 0.0, 1.0]], [[0.0003077235596720129, 0.999111533164978, -0.042141180485486984, 0.0032986998558044434], [-0.01743733510375023, -0.04212941229343414, -0.9989599585533142, 1.5783977508544922], [-0.999847948551178, 0.0010422237683087587, 0.017408881336450577, -0.05224609375], [0.0, 0.0, 0.0, 1.0]], [[-0.9362441301345825, 0.35055673122406006, -0.023599576205015182, 1.03546142578125], [0.015155306085944176, -0.026812534779310226, -0.9995255470275879, 1.5530576705932617], [-0.35102319717407227, -0.9361575245857239, 0.0197902824729681, -0.10260009765625], [0.0, 0.0, 0.0, 1.0]]], "view": [[0.0, -2.0, 100.0], [-2.0, 0.0, 100.0], [0.0, 0.0, 1.0]], "bev": "bev_eef1fa2d126e45b28b0ee4718fadb18f.png", "aux": "aux_eef1fa2d126e45b28b0ee4718fadb18f.npz", "visibility": "visibility_eef1fa2d126e45b28b0ee4718fadb18f.png", "pose": [[0.10908304154872894, -0.994032621383667, 0.0, 118.69706726074219], [0.994032621383667, 0.10908304154872894, 0.0, 1071.025634765625], [0.0, 0.0, 1.0, 0.0], [0.0, 0.0, 0.0, 1.0]], "pose_inverse": [[0.10908304154872894, 0.994032621383667, 0.0, -1077.582275390625], [-0.994032621383667, 0.10908304154872894, 0.0, 1.1580244302749634], [0.0, 0.0, 1.0, 0.0], [0.0, 0.0, 0.0, 1.0]], "cam_ids": [0, 1, 2, 3, 4, 5], "cam_channels": ["CAM_FRONT_LEFT", "CAM_FRONT", "CAM_FRONT_RIGHT", "CAM_BACK_LEFT", "CAM_BACK", "CAM_BACK_RIGHT"], "token": "eef1fa2d126e45b28b0ee4718fadb18f", "scene": "scene-0129"}, {"images": ["samples/CAM_FRONT_LEFT/n015-2018-08-01-16-32-59+0800__CAM_FRONT_LEFT__1533112851654844.jpg", "samples/CAM_FRONT/n015-2018-08-01-16-32-59+0800__CAM_FRONT__1533112851662460.jpg", "samples/CAM_FRONT_RIGHT/n015-2018-08-01-16-32-59+0800__CAM_FRONT_RIGHT__1533112851670339.jpg", "samples/CAM_BACK_LEFT/n015-2018-08-01-16-32-59+0800__CAM_BACK_LEFT__1533112851697423.jpg", "samples/CAM_BACK/n015-2018-08-01-16-32-59+0800__CAM_BACK__1533112851687525.jpg", "samples/CAM_BACK_RIGHT/n015-2018-08-01-16-32-59+0800__CAM_BACK_RIGHT__1533112851677893.jpg"], "intrinsics": [[[1272.5979470598488, 0.0, 826.6154927353808], [0.0, 1272.5979470598488, 479.75165386361925], [0.0, 0.0, 1.0]], [[1266.417203046554, 0.0, 816.2670197447984], [0.0, 1266.417203046554, 491.50706579294757], [0.0, 0.0, 1.0]], [[1260.8474446004698, 0.0, 807.968244525554], [0.0, 1260.8474446004698, 495.3344268742088], [0.0, 0.0, 1.0]], [[1256.7414812095406, 0.0, 792.1125740759628], [0.0, 1256.7414812095406, 492.7757465151356], [0.0, 0.0, 1.0]], [[809.2209905677063, 0.0, 829.2196003259838], [0.0, 809.2209905677063, 481.77842384512485], [0.0, 0.0, 1.0]], [[1259.5137405846733, 0.0, 807.2529053838625], [0.0, 1259.5137405846733, 501.19579884916527], [0.0, 0.0, 1.0]]], "extrinsics": [[[0.8281010389328003, -0.5605264902114868, 0.007654343266040087, -0.74951171875], [-0.01298329047858715, -0.03282814845442772, -0.999376654624939, 1.5047264099121094], [0.5604283809661865, 0.8274854421615601, -0.03446250408887863, -1.1302490234375], [0.0, 0.0, 0.0, 1.0]], [[0.016464989632368088, -0.9992070198059082, 0.036250386387109756, 0.0058746337890625], [-0.01822192221879959, -0.0365491546690464, -0.9991657733917236, 1.516500473022461], [0.9996983408927917, 0.015790726989507675, -0.018809255212545395, -1.4765625], [0.0, 0.0, 0.0, 1.0]], [[-0.828252911567688, -0.5599560141563416, 0.02112569846212864, 0.89215087890625], [-0.01272622775286436, -0.0188937708735466, -0.9997404217720032, 1.5014705657958984], [0.5602098703384399, -0.8283068537712097, 0.008522691205143929, -1.15655517578125], [0.0, 0.0, 0.0, 1.0]], [[0.9475294351577759, 0.31911182403564453, -0.018858345225453377, -1.1390380859375], [-0.003693513572216034, -0.04806061089038849, -0.9988375902175903, 1.5884971618652344], [-0.3196471929550171, 0.9464976787567139, -0.0443602055311203, -0.103729248046875], [0.0, 0.0, 0.0, 1.0]], [[-0.0011320270132273436, 0.9992591142654419, -0.03846897557377815, 0.00390625], [-0.029206043109297752, -0.03848562762141228, -0.9988322257995605, 1.5774726867675781], [-0.9995726943016052, -7.176343842729693e-06, 0.0292279701679945, -0.0611572265625], [0.0, 0.0, 0.0, 1.0]], [[-0.9370535016059875, 0.3490050733089447, -0.0112304100766778, 1.02288818359375], [0.00324391876347363, -0.023459644988179207, -0.9997195601463318, 1.5518059730529785], [-0.3491706848144531, -0.9368271827697754, 0.02085079811513424, -0.1075439453125], [0.0, 0.0, 0.0, 1.0]]], "view": [[0.0, -2.0, 100.0], [-2.0, 0.0, 100.0], [0.0, 0.0, 1.0]], "bev": "bev_f063228252aa4508ad723f6cc57f9782.png", "aux": "aux_f063228252aa4508ad723f6cc57f9782.npz", "visibility": "visibility_f063228252aa4508ad723f6cc57f9782.png", "pose": [[0.25235646963119507, -0.9676343202590942, 0.0, 119.26803588867188], [0.9676343202590942, 0.25235646963119507, 0.0, 1074.206298828125], [0.0, 0.0, 1.0, 0.0], [0.0, 0.0, 0.0, 1.0]], "pose_inverse": [[0.25235646963119507, 0.9676343202590942, 0.0, -1069.5369873046875], [-0.9676343202590942, 0.25235646963119507, 0.0, -155.67506408691406], [0.0, 0.0, 1.0, 0.0], [0.0, 0.0, 0.0, 1.0]], "cam_ids": [0, 1, 2, 3, 4, 5], "cam_channels": ["CAM_FRONT_LEFT", "CAM_FRONT", "CAM_FRONT_RIGHT", "CAM_BACK_LEFT", "CAM_BACK", "CAM_BACK_RIGHT"], "token": "f063228252aa4508ad723f6cc57f9782", "scene": "scene-0129"}, {"images": ["samples/CAM_FRONT_LEFT/n015-2018-08-01-16-32-59+0800__CAM_FRONT_LEFT__1533112852154844.jpg", "samples/CAM_FRONT/n015-2018-08-01-16-32-59+0800__CAM_FRONT__1533112852162460.jpg", "samples/CAM_FRONT_RIGHT/n015-2018-08-01-16-32-59+0800__CAM_FRONT_RIGHT__1533112852170339.jpg", "samples/CAM_BACK_LEFT/n015-2018-08-01-16-32-59+0800__CAM_BACK_LEFT__1533112852197423.jpg", "samples/CAM_BACK/n015-2018-08-01-16-32-59+0800__CAM_BACK__1533112852187525.jpg", "samples/CAM_BACK_RIGHT/n015-2018-08-01-16-32-59+0800__CAM_BACK_RIGHT__1533112852177893.jpg"], "intrinsics": [[[1272.5979470598488, 0.0, 826.6154927353808], [0.0, 1272.5979470598488, 479.75165386361925], [0.0, 0.0, 1.0]], [[1266.417203046554, 0.0, 816.2670197447984], [0.0, 1266.417203046554, 491.50706579294757], [0.0, 0.0, 1.0]], [[1260.8474446004698, 0.0, 807.968244525554], [0.0, 1260.8474446004698, 495.3344268742088], [0.0, 0.0, 1.0]], [[1256.7414812095406, 0.0, 792.1125740759628], [0.0, 1256.7414812095406, 492.7757465151356], [0.0, 0.0, 1.0]], [[809.2209905677063, 0.0, 829.2196003259838], [0.0, 809.2209905677063, 481.77842384512485], [0.0, 0.0, 1.0]], [[1259.5137405846733, 0.0, 807.2529053838625], [0.0, 1259.5137405846733, 501.19579884916527], [0.0, 0.0, 1.0]]], "extrinsics": [[[0.8281346559524536, -0.560398519039154, 0.012104809284210205, -0.74969482421875], [-0.005847725551575422, -0.030231652781367302, -0.9995258450508118, 1.5066633224487305], [0.5604987144470215, 0.8276711702346802, -0.028312932699918747, -1.13232421875], [0.0, 0.0, 0.0, 1.0]], [[0.016395485028624535, -0.9992833137512207, 0.03411580249667168, 0.007080078125], [-0.01118649635463953, -0.034301578998565674, -0.9993489384651184, 1.5180740356445312], [0.9998030066490173, 0.016003187745809555, -0.011740870773792267, -1.47705078125], [0.0, 0.0, 0.0, 1.0]], [[-0.8282744884490967, -0.5601393580436707, 0.014328292571008205, 0.8927001953125], [-0.005790804512798786, -0.01701291650533676, -0.9998384714126587, 1.5026521682739258], [0.560292661190033, -0.8282236456871033, 0.010847707279026508, -1.1556396484375], [0.0, 0.0, 0.0, 1.0]], [[0.947628915309906, 0.3191293179988861, -0.012490907683968544, -1.1412353515625], [0.002774236025288701, -0.04733444005250931, -0.9988752603530884, 1.5885438919067383], [-0.3193615972995758, 0.946528434753418, -0.045740820467472076, -0.1037445068359375], [0.0, 0.0, 0.0, 1.0]], [[-0.000995600363239646, 0.9993009567260742, -0.03737204521894455, 0.00323486328125], [-0.022543957456946373, -0.037384994328022, -0.9990466237068176, 1.5779228210449219], [-0.9997453689575195, -0.00015215942403301597, 0.02256542071700096, -0.06103515625], [0.0, 0.0, 0.0, 1.0]], [[-0.9370207190513611, 0.3488548994064331, -0.017102491110563278, 1.02178955078125], [0.010087326169013977, -0.02191593311727047, -0.9997089505195618, 1.5526666641235352], [-0.34912818670272827, -0.9369204640388489, 0.017016669735312462, -0.107177734375], [0.0, 0.0, 0.0, 1.0]]], "view": [[0.0, -2.0, 100.0], [-2.0, 0.0, 100.0], [0.0, 0.0, 1.0]], "bev": "bev_e624f877421348bfb6b5a1c75b715d16.png", "aux": "aux_e624f877421348bfb6b5a1c75b715d16.npz", "visibility": "visibility_e624f877421348bfb6b5a1c75b715d16.png", "pose": [[0.3885969817638397, -0.9214078187942505, 0.0, 120.23177337646484], [0.9214078187942505, 0.3885969817638397, 0.0, 1077.044189453125], [0.0, 0.0, 1.0, 0.0], [0.0, 0.0, 0.0, 1.0]], "pose_inverse": [[0.3885969817638397, 0.9214078187942505, 0.0, -1039.11865234375], [-0.9214078187942505, 0.3885969817638397, 0.0, -307.7536315917969], [0.0, 0.0, 1.0, 0.0], [0.0, 0.0, 0.0, 1.0]], "cam_ids": [0, 1, 2, 3, 4, 5], "cam_channels": ["CAM_FRONT_LEFT", "CAM_FRONT", "CAM_FRONT_RIGHT", "CAM_BACK_LEFT", "CAM_BACK", "CAM_BACK_RIGHT"], "token": "e624f877421348bfb6b5a1c75b715d16", "scene": "scene-0129"}, {"images": ["samples/CAM_FRONT_LEFT/n015-2018-08-01-16-32-59+0800__CAM_FRONT_LEFT__1533112852654844.jpg", "samples/CAM_FRONT/n015-2018-08-01-16-32-59+0800__CAM_FRONT__1533112852662460.jpg", "samples/CAM_FRONT_RIGHT/n015-2018-08-01-16-32-59+0800__CAM_FRONT_RIGHT__1533112852670339.jpg", "samples/CAM_BACK_LEFT/n015-2018-08-01-16-32-59+0800__CAM_BACK_LEFT__1533112852697423.jpg", "samples/CAM_BACK/n015-2018-08-01-16-32-59+0800__CAM_BACK__1533112852687525.jpg", "samples/CAM_BACK_RIGHT/n015-2018-08-01-16-32-59+0800__CAM_BACK_RIGHT__1533112852677893.jpg"], "intrinsics": [[[1272.5979470598488, 0.0, 826.6154927353808], [0.0, 1272.5979470598488, 479.75165386361925], [0.0, 0.0, 1.0]], [[1266.417203046554, 0.0, 816.2670197447984], [0.0, 1266.417203046554, 491.50706579294757], [0.0, 0.0, 1.0]], [[1260.8474446004698, 0.0, 807.968244525554], [0.0, 1260.8474446004698, 495.3344268742088], [0.0, 0.0, 1.0]], [[1256.7414812095406, 0.0, 792.1125740759628], [0.0, 1256.7414812095406, 492.7757465151356], [0.0, 0.0, 1.0]], [[809.2209905677063, 0.0, 829.2196003259838], [0.0, 809.2209905677063, 481.77842384512485], [0.0, 0.0, 1.0]], [[1259.5137405846733, 0.0, 807.2529053838625], [0.0, 1259.5137405846733, 501.19579884916527], [0.0, 0.0, 1.0]]], "extrinsics": [[[0.8259282112121582, -0.5636826157569885, 0.01022640336304903, -0.74951171875], [-0.0043990714475512505, -0.0245821550488472, -0.9996881484985352, 1.5070619583129883], [0.563758134841919, 0.8256256580352783, -0.02278277464210987, -1.1314697265625], [0.0, 0.0, 0.0, 1.0]], [[0.013115462847054005, -0.9995099306106567, 0.028421450406312943, 0.006805419921875], [-0.009631701745092869, -0.028548862785100937, -0.9995459914207458, 1.5184307098388672], [0.9998675584793091, 0.012835726141929626, -0.0100014116615057, -1.47735595703125], [0.0, 0.0, 0.0, 1.0]], [[-0.8297290205955505, -0.5580837726593018, 0.009600367397069931, 0.8934326171875], [-0.0040734983049333096, -0.011144905351102352, -0.9999295473098755, 1.502955436706543], [0.5581515431404114, -0.8297097682952881, 0.0069738999009132385, -1.15631103515625], [0.0, 0.0, 0.0, 1.0]], [[0.9477448463439941, 0.31891563534736633, -0.008510804735124111, -1.140625], [0.004844627343118191, -0.041061002761125565, -0.9991449117660522, 1.5885295867919922], [-0.3189924359321594, 0.9468933343887329, -0.040460385382175446, -0.10337066650390625], [0.0, 0.0, 0.0, 1.0]], [[0.000191176135558635, 0.9995126128196716, -0.03121841885149479, 0.003448486328125], [-0.020603958517313004, -0.03120785392820835, -0.9993005394935608, 1.5780677795410156], [-0.9997876882553101, 0.0008342273067682981, 0.020587949082255363, -0.05987548828125], [0.0, 0.0, 0.0, 1.0]], [[-0.9363157153129578, 0.3507596552371979, -0.01674751751124859, 1.023681640625], [0.011907842941582203, -0.015950236469507217, -0.9998018741607666, 1.5528740882873535], [-0.3509572446346283, -0.93632972240448, 0.010757663287222385, -0.10650634765625], [0.0, 0.0, 0.0, 1.0]]], "view": [[0.0, -2.0, 100.0], [-2.0, 0.0, 100.0], [0.0, 0.0, 1.0]], "bev": "bev_9380b8f1fc0a426285a9e42283fe700a.png", "aux": "aux_9380b8f1fc0a426285a9e42283fe700a.npz", "visibility": "visibility_9380b8f1fc0a426285a9e42283fe700a.png", "pose": [[0.5008813738822937, -0.865515947341919, 0.0, 121.61156463623047], [0.865515947341919, 0.5008813738822937, 0.0, 1079.8082275390625], [0.0, 0.0, 1.0, 0.0], [0.0, 0.0, 0.0, 1.0]], "pose_inverse": [[0.5008813738822937, 0.865515947341919, 0.0, -995.5042114257812], [-0.865515947341919, 0.5008813738822937, 0.0, -435.59906005859375], [0.0, 0.0, 1.0, 0.0], [0.0, 0.0, 0.0, 1.0]], "cam_ids": [0, 1, 2, 3, 4, 5], "cam_channels": ["CAM_FRONT_LEFT", "CAM_FRONT", "CAM_FRONT_RIGHT", "CAM_BACK_LEFT", "CAM_BACK", "CAM_BACK_RIGHT"], "token": "9380b8f1fc0a426285a9e42283fe700a", "scene": "scene-0129"}, {"images": ["samples/CAM_FRONT_LEFT/n015-2018-08-01-16-32-59+0800__CAM_FRONT_LEFT__1533112853154844.jpg", "samples/CAM_FRONT/n015-2018-08-01-16-32-59+0800__CAM_FRONT__1533112853162460.jpg", "samples/CAM_FRONT_RIGHT/n015-2018-08-01-16-32-59+0800__CAM_FRONT_RIGHT__1533112853170339.jpg", "samples/CAM_BACK_LEFT/n015-2018-08-01-16-32-59+0800__CAM_BACK_LEFT__1533112853197423.jpg", "samples/CAM_BACK/n015-2018-08-01-16-32-59+0800__CAM_BACK__1533112853187526.jpg", "samples/CAM_BACK_RIGHT/n015-2018-08-01-16-32-59+0800__CAM_BACK_RIGHT__1533112853177893.jpg"], "intrinsics": [[[1272.5979470598488, 0.0, 826.6154927353808], [0.0, 1272.5979470598488, 479.75165386361925], [0.0, 0.0, 1.0]], [[1266.417203046554, 0.0, 816.2670197447984], [0.0, 1266.417203046554, 491.50706579294757], [0.0, 0.0, 1.0]], [[1260.8474446004698, 0.0, 807.968244525554], [0.0, 1260.8474446004698, 495.3344268742088], [0.0, 0.0, 1.0]], [[1256.7414812095406, 0.0, 792.1125740759628], [0.0, 1256.7414812095406, 492.7757465151356], [0.0, 0.0, 1.0]], [[809.2209905677063, 0.0, 829.2196003259838], [0.0, 809.2209905677063, 481.77842384512485], [0.0, 0.0, 1.0]], [[1259.5137405846733, 0.0, 807.2529053838625], [0.0, 1259.5137405846733, 501.19579884916527], [0.0, 0.0, 1.0]]], "extrinsics": [[[0.8244285583496094, -0.5659084320068359, 0.008075649850070477, -0.745025634765625], [-0.0056931134313344955, -0.0225602388381958, -0.9997292757034302, 1.5067329406738281], [0.565937340259552, 0.8241594433784485, -0.02182108536362648, -1.12939453125], [0.0, 0.0, 0.0, 1.0]], [[0.01092678215354681, -0.9995945692062378, 0.026292696595191956, 0.007843017578125], [-0.01096240896731615, -0.026412438601255417, -0.999591052532196, 1.5181598663330078], [0.9998801946640015, 0.010634156875312328, -0.011246567592024803, -1.4749755859375], [0.0, 0.0, 0.0, 1.0]], [[-0.8307027220726013, -0.556636393070221, 0.009434334933757782, 0.8934326171875], [-0.0053861974738538265, -0.008909755386412144, -0.9999457597732544, 1.5027437210083008], [0.5566902756690979, -0.8307084441184998, 0.004403206054121256, -1.1550140380859375], [0.0, 0.0, 0.0, 1.0]], [[0.9477217197418213, 0.3189722001552582, -0.008958637714385986, -1.1453857421875], [0.0034459736198186874, -0.03830375149846077, -0.9992601871490479, 1.5885448455810547], [-0.3190793991088867, 0.9469897747039795, -0.037400469183921814, -0.10260009765625], [0.0, 0.0, 0.0, 1.0]], [[0.0008321048226207495, 0.9995882511138916, -0.02868022955954075, 0.00262451171875], [-0.022015685215592384, -0.028654975816607475, -0.999346911907196, 1.57806396484375], [-0.9997572898864746, 0.001462952233850956, 0.021982776001095772, -0.05712890625], [0.0, 0.0, 0.0, 1.0]], [[-0.9358686208724976, 0.3520441949367523, -0.014657532796263695, 1.02392578125], [0.01054165419191122, -0.013605568557977676, -0.9998518824577332, 1.5527162551879883], [-0.3521914780139923, -0.9358845949172974, 0.00902189314365387, -0.10552978515625], [0.0, 0.0, 0.0, 1.0]]], "view": [[0.0, -2.0, 100.0], [-2.0, 0.0, 100.0], [0.0, 0.0, 1.0]], "bev": "bev_c7844f4389f44c3c88d19f80df5c3fa0.png", "aux": "aux_c7844f4389f44c3c88d19f80df5c3fa0.npz", "visibility": "visibility_c7844f4389f44c3c88d19f80df5c3fa0.png", "pose": [[0.5742560625076294, -0.8186757564544678, 0.0, 123.29586791992188], [0.8186757564544678, 0.5742560625076294, 0.0, 1082.43212890625], [0.0, 0.0, 1.0, 0.0], [0.0, 0.0, 0.0, 1.0]], "pose_inverse": [[0.5742560625076294, 0.8186757564544678, 0.0, -956.9642944335938], [-0.8186757564544678, 0.5742560625076294, 0.0, -520.6539306640625], [0.0, 0.0, 1.0, 0.0], [0.0, 0.0, 0.0, 1.0]], "cam_ids": [0, 1, 2, 3, 4, 5], "cam_channels": ["CAM_FRONT_LEFT", "CAM_FRONT", "CAM_FRONT_RIGHT", "CAM_BACK_LEFT", "CAM_BACK", "CAM_BACK_RIGHT"], "token": "c7844f4389f44c3c88d19f80df5c3fa0", "scene": "scene-0129"}, {"images": ["samples/CAM_FRONT_LEFT/n015-2018-08-01-16-32-59+0800__CAM_FRONT_LEFT__1533112853654844.jpg", "samples/CAM_FRONT/n015-2018-08-01-16-32-59+0800__CAM_FRONT__1533112853662460.jpg", "samples/CAM_FRONT_RIGHT/n015-2018-08-01-16-32-59+0800__CAM_FRONT_RIGHT__1533112853670339.jpg", "samples/CAM_BACK_LEFT/n015-2018-08-01-16-32-59+0800__CAM_BACK_LEFT__1533112853697423.jpg", "samples/CAM_BACK/n015-2018-08-01-16-32-59+0800__CAM_BACK__1533112853687525.jpg", "samples/CAM_BACK_RIGHT/n015-2018-08-01-16-32-59+0800__CAM_BACK_RIGHT__1533112853677893.jpg"], "intrinsics": [[[1272.5979470598488, 0.0, 826.6154927353808], [0.0, 1272.5979470598488, 479.75165386361925], [0.0, 0.0, 1.0]], [[1266.417203046554, 0.0, 816.2670197447984], [0.0, 1266.417203046554, 491.50706579294757], [0.0, 0.0, 1.0]], [[1260.8474446004698, 0.0, 807.968244525554], [0.0, 1260.8474446004698, 495.3344268742088], [0.0, 0.0, 1.0]], [[1256.7414812095406, 0.0, 792.1125740759628], [0.0, 1256.7414812095406, 492.7757465151356], [0.0, 0.0, 1.0]], [[809.2209905677063, 0.0, 829.2196003259838], [0.0, 809.2209905677063, 481.77842384512485], [0.0, 0.0, 1.0]], [[1259.5137405846733, 0.0, 807.2529053838625], [0.0, 1259.5137405846733, 501.19579884916527], [0.0, 0.0, 1.0]]], "extrinsics": [[[0.8217771649360657, -0.5697931051254272, 0.004262293688952923, -0.740814208984375], [-0.0014744903892278671, -0.009606635197997093, -0.9999527335166931, 1.5078506469726562], [0.5698071718215942, 0.8217320442199707, -0.008734667673707008, -1.12530517578125], [0.0, 0.0, 0.0, 1.0]], [[0.007127709686756134, -0.999881386756897, 0.013656828552484512, 0.0069580078125], [-0.0068256244994699955, -0.01370550598949194, -0.9998828172683716, 1.519017219543457], [0.9999513030052185, 0.007033628411591053, -0.006922502536326647, -1.4696044921875], [0.0, 0.0, 0.0, 1.0]], [[-0.8323186635971069, -0.5542967915534973, -0.0008514432702213526, 0.8897705078125], [-0.0012887523043900728, 0.0034712289925664663, -0.9999931454658508, 1.503422498703003], [0.5542958974838257, -0.8323118686676025, -0.003603519406169653, -1.1533470153808594], [0.0, 0.0, 0.0, 1.0]], [[0.9477443099021912, 0.3190264403820038, -0.0017091393237933517, -1.146240234375], [0.007237686775624752, -0.026856571435928345, -0.9996130466461182, 1.5885229110717773], [-0.3189488649368286, 0.9473652839660645, -0.027762174606323242, -0.102203369140625], [0.0, 0.0, 0.0, 1.0]], [[0.001975451596081257, 0.9998546242713928, -0.0169378612190485, 0.00286865234375], [-0.01811899244785309, -0.01689932495355606, -0.9996930360794067, 1.5782699584960938], [-0.9998338222503662, 0.002281817840412259, 0.01808297447860241, -0.05792236328125], [0.0, 0.0, 0.0, 1.0]], [[-0.9350783228874207, 0.35415807366371155, -0.014159226790070534, 1.02166748046875], [0.014554605819284916, -0.001547370688058436, -0.9998928904533386, 1.553232192993164], [-0.35414212942123413, -0.9351842999458313, -0.003707718802616, -0.10693359375], [0.0, 0.0, 0.0, 1.0]]], "view": [[0.0, -2.0, 100.0], [-2.0, 0.0, 100.0], [0.0, 0.0, 1.0]], "bev": "bev_72fafdc72cca42a5af9299e700d9803f.png", "aux": "aux_72fafdc72cca42a5af9299e700d9803f.npz", "visibility": "visibility_72fafdc72cca42a5af9299e700d9803f.png", "pose": [[0.6072698831558228, -0.7944956421852112, 0.0, 125.23652648925781], [0.7944956421852112, 0.6072698831558228, 0.0, 1085.047607421875], [0.0, 0.0, 1.0, 0.0], [0.0, 0.0, 0.0, 1.0]], "pose_inverse": [[0.6072698831558228, 0.7944956421852112, 0.0, -938.117919921875], [-0.7944956421852112, 0.6072698831558228, 0.0, -559.4168701171875], [0.0, 0.0, 1.0, 0.0], [0.0, 0.0, 0.0, 1.0]], "cam_ids": [0, 1, 2, 3, 4, 5], "cam_channels": ["CAM_FRONT_LEFT", "CAM_FRONT", "CAM_FRONT_RIGHT", "CAM_BACK_LEFT", "CAM_BACK", "CAM_BACK_RIGHT"], "token": "72fafdc72cca42a5af9299e700d9803f", "scene": "scene-0129"}, {"images": ["samples/CAM_FRONT_LEFT/n015-2018-08-01-16-32-59+0800__CAM_FRONT_LEFT__1533112854154844.jpg", "samples/CAM_FRONT/n015-2018-08-01-16-32-59+0800__CAM_FRONT__1533112854162460.jpg", "samples/CAM_FRONT_RIGHT/n015-2018-08-01-16-32-59+0800__CAM_FRONT_RIGHT__1533112854170339.jpg", "samples/CAM_BACK_LEFT/n015-2018-08-01-16-32-59+0800__CAM_BACK_LEFT__1533112854197423.jpg", "samples/CAM_BACK/n015-2018-08-01-16-32-59+0800__CAM_BACK__1533112854187525.jpg", "samples/CAM_BACK_RIGHT/n015-2018-08-01-16-32-59+0800__CAM_BACK_RIGHT__1533112854177893.jpg"], "intrinsics": [[[1272.5979470598488, 0.0, 826.6154927353808], [0.0, 1272.5979470598488, 479.75165386361925], [0.0, 0.0, 1.0]], [[1266.417203046554, 0.0, 816.2670197447984], [0.0, 1266.417203046554, 491.50706579294757], [0.0, 0.0, 1.0]], [[1260.8474446004698, 0.0, 807.968244525554], [0.0, 1260.8474446004698, 495.3344268742088], [0.0, 0.0, 1.0]], [[1256.7414812095406, 0.0, 792.1125740759628], [0.0, 1256.7414812095406, 492.7757465151356], [0.0, 0.0, 1.0]], [[809.2209905677063, 0.0, 829.2196003259838], [0.0, 809.2209905677063, 481.77842384512485], [0.0, 0.0, 1.0]], [[1259.5137405846733, 0.0, 807.2529053838625], [0.0, 1259.5137405846733, 501.19579884916527], [0.0, 0.0, 1.0]]], "extrinsics": [[[0.8211476802825928, -0.5707131624221802, 0.0016911444254219532, -0.738433837890625], [-0.004874656908214092, -0.009976734407246113, -0.9999383687973022, 1.506913185119629], [0.5706948637962341, 0.8210889101028442, -0.010974403470754623, -1.12353515625], [0.0, 0.0, 0.0, 1.0]], [[0.006268825847655535, -0.9998824596405029, 0.013989429920911789, 0.007080078125], [-0.010119116865098476, -0.014052419923245907, -0.9998500943183899, 1.5182571411132812], [0.9999291300773621, 0.006126338616013527, -0.010206019505858421, -1.4666748046875], [0.0, 0.0, 0.0, 1.0]], [[-0.8327027559280396, -0.5537167191505432, 0.0019697723910212517, 0.8875732421875], [-0.004441432189196348, 0.0031219033990055323, -0.9999852180480957, 1.5028681755065918], [0.5537024140357971, -0.8326992392539978, -0.0050589111633598804, -1.1516914367675781], [0.0, 0.0, 0.0, 1.0]], [[0.9477449655532837, 0.3189982771873474, -0.004421822261065245, -1.1436767578125], [0.00461821211501956, -0.02757689729332924, -0.9996089935302734, 1.5885467529296875], [-0.3189954459667206, 0.9473539590835571, -0.027609070762991905, -0.1031646728515625], [0.0, 0.0, 0.0, 1.0]], [[0.00218676938675344, 0.9998448491096497, -0.017480766400694847, 0.00274658203125], [-0.020972495898604393, -0.0174311064183712, -0.9996280670166016, 1.5780506134033203], [-0.999777615070343, 0.0025525998789817095, 0.020931124687194824, -0.06060791015625], [0.0, 0.0, 0.0, 1.0]], [[-0.9349410533905029, 0.3546173870563507, -0.011479935608804226, 1.01910400390625], [0.011527079157531261, -0.001979638123884797, -0.9999316334724426, 1.5528955459594727], [-0.3546159267425537, -0.9350094795227051, -0.002236856147646904, -0.107666015625], [0.0, 0.0, 0.0, 1.0]]], "view": [[0.0, -2.0, 100.0], [-2.0, 0.0, 100.0], [0.0, 0.0, 1.0]], "bev": "bev_dfdb9bfa7f0c459588d46b9dd153bd96.png", "aux": "aux_dfdb9bfa7f0c459588d46b9dd153bd96.npz", "visibility": "visibility_dfdb9bfa7f0c459588d46b9dd153bd96.png", "pose": [[0.6146372556686401, -0.7888098955154419, 0.0, 127.25304412841797], [0.7888098955154419, 0.6146372556686401, 0.0, 1087.64794921875], [0.0, 0.0, 1.0, 0.0], [0.0, 0.0, 0.0, 1.0]], "pose_inverse": [[0.6146372556686401, 0.7888098955154419, 0.0, -936.1619262695312], [-0.7888098955154419, 0.6146372556686401, 0.0, -568.1304931640625], [0.0, 0.0, 1.0, 0.0], [0.0, 0.0, 0.0, 1.0]], "cam_ids": [0, 1, 2, 3, 4, 5], "cam_channels": ["CAM_FRONT_LEFT", "CAM_FRONT", "CAM_FRONT_RIGHT", "CAM_BACK_LEFT", "CAM_BACK", "CAM_BACK_RIGHT"], "token": "dfdb9bfa7f0c459588d46b9dd153bd96", "scene": "scene-0129"}, {"images": ["samples/CAM_FRONT_LEFT/n015-2018-08-01-16-32-59+0800__CAM_FRONT_LEFT__1533112854654844.jpg", "samples/CAM_FRONT/n015-2018-08-01-16-32-59+0800__CAM_FRONT__1533112854662460.jpg", "samples/CAM_FRONT_RIGHT/n015-2018-08-01-16-32-59+0800__CAM_FRONT_RIGHT__1533112854670339.jpg", "samples/CAM_BACK_LEFT/n015-2018-08-01-16-32-59+0800__CAM_BACK_LEFT__1533112854697423.jpg", "samples/CAM_BACK/n015-2018-08-01-16-32-59+0800__CAM_BACK__1533112854687525.jpg", "samples/CAM_BACK_RIGHT/n015-2018-08-01-16-32-59+0800__CAM_BACK_RIGHT__1533112854677893.jpg"], "intrinsics": [[[1272.5979470598488, 0.0, 826.6154927353808], [0.0, 1272.5979470598488, 479.75165386361925], [0.0, 0.0, 1.0]], [[1266.417203046554, 0.0, 816.2670197447984], [0.0, 1266.417203046554, 491.50706579294757], [0.0, 0.0, 1.0]], [[1260.8474446004698, 0.0, 807.968244525554], [0.0, 1260.8474446004698, 495.3344268742088], [0.0, 0.0, 1.0]], [[1256.7414812095406, 0.0, 792.1125740759628], [0.0, 1256.7414812095406, 492.7757465151356], [0.0, 0.0, 1.0]], [[809.2209905677063, 0.0, 829.2196003259838], [0.0, 809.2209905677063, 481.77842384512485], [0.0, 0.0, 1.0]], [[1259.5137405846733, 0.0, 807.2529053838625], [0.0, 1259.5137405846733, 501.19579884916527], [0.0, 0.0, 1.0]]], "extrinsics": [[[0.8210297226905823, -0.5708655714988708, 0.004765987861901522, -0.7313232421875], [-0.0026748664677143097, -0.012195097282528877, -0.9999220371246338, 1.5075101852416992], [0.5708791613578796, 0.8209529519081116, -0.011539526283740997, -1.1197509765625], [0.0, 0.0, 0.0, 1.0]], [[0.006100235972553492, -0.9998488426208496, 0.016280530020594597, 0.00775146484375], [-0.008071874268352985, -0.016329538077116013, -0.9998341202735901, 1.5186729431152344], [0.9999487996101379, 0.005967793986201286, -0.00817026849836111, -1.45953369140625], [0.0, 0.0, 0.0, 1.0]], [[-0.832761287689209, -0.5536295175552368, 0.0017006975831463933, 0.8824462890625], [-0.0025637862272560596, 0.0007845151703804731, -0.9999963641166687, 1.503179907798767], [0.5536261796951294, -0.832762598991394, -0.0020727012306451797, -1.1478347778320312], [0.0, 0.0, 0.0, 1.0]], [[0.9477889537811279, 0.3188696503639221, -0.004268418997526169, -1.140625], [0.005632439162582159, -0.0301213301718235, -0.9995303153991699, 1.5885496139526367], [-0.31884849071502686, 0.9473198056221008, -0.030344678089022636, -0.1037445068359375], [0.0, 0.0, 0.0, 1.0]], [[0.002288899850100279, 0.9997984170913696, -0.01994706690311432, 0.00274658203125], [-0.01960047520697117, -0.0198984332382679, -0.9996098875999451, 1.5780506134033203], [-0.9998052716255188, 0.0026789552066475153, 0.019550975412130356, -0.06488037109375], [0.0, 0.0, 0.0, 1.0]], [[-0.9348973631858826, 0.35464611649513245, -0.013895480893552303, 1.01385498046875], [0.013206337578594685, -0.004363696556538343, -0.9999032616615295, 1.5531768798828125], [-0.35467255115509033, -0.934990406036377, -0.0006039685686118901, -0.1092529296875], [0.0, 0.0, 0.0, 1.0]]], "view": [[0.0, -2.0, 100.0], [-2.0, 0.0, 100.0], [0.0, 0.0, 1.0]], "bev": "bev_e0a5fb9bf257483aa85644cebcfd9a90.png", "aux": "aux_e0a5fb9bf257483aa85644cebcfd9a90.npz", "visibility": "visibility_e0a5fb9bf257483aa85644cebcfd9a90.png", "pose": [[0.6189120411872864, -0.7854602932929993, 0.0, 129.30479431152344], [0.7854602932929993, 0.6189120411872864, 0.0, 1090.2381591796875], [0.0, 0.0, 1.0, 0.0], [0.0, 0.0, 0.0, 1.0]], "pose_inverse": [[0.6189120411872864, 0.7854602932929993, 0.0, -936.3670654296875], [-0.7854602932929993, 0.6189120411872864, 0.0, -573.19775390625], [0.0, 0.0, 1.0, 0.0], [0.0, 0.0, 0.0, 1.0]], "cam_ids": [0, 1, 2, 3, 4, 5], "cam_channels": ["CAM_FRONT_LEFT", "CAM_FRONT", "CAM_FRONT_RIGHT", "CAM_BACK_LEFT", "CAM_BACK", "CAM_BACK_RIGHT"], "token": "e0a5fb9bf257483aa85644cebcfd9a90", "scene": "scene-0129"}, {"images": ["samples/CAM_FRONT_LEFT/n015-2018-08-01-16-32-59+0800__CAM_FRONT_LEFT__1533112855154844.jpg", "samples/CAM_FRONT/n015-2018-08-01-16-32-59+0800__CAM_FRONT__1533112855162460.jpg", "samples/CAM_FRONT_RIGHT/n015-2018-08-01-16-32-59+0800__CAM_FRONT_RIGHT__1533112855170365.jpg", "samples/CAM_BACK_LEFT/n015-2018-08-01-16-32-59+0800__CAM_BACK_LEFT__1533112855197423.jpg", "samples/CAM_BACK/n015-2018-08-01-16-32-59+0800__CAM_BACK__1533112855187525.jpg", "samples/CAM_BACK_RIGHT/n015-2018-08-01-16-32-59+0800__CAM_BACK_RIGHT__1533112855177893.jpg"], "intrinsics": [[[1272.5979470598488, 0.0, 826.6154927353808], [0.0, 1272.5979470598488, 479.75165386361925], [0.0, 0.0, 1.0]], [[1266.417203046554, 0.0, 816.2670197447984], [0.0, 1266.417203046554, 491.50706579294757], [0.0, 0.0, 1.0]], [[1260.8474446004698, 0.0, 807.968244525554], [0.0, 1260.8474446004698, 495.3344268742088], [0.0, 0.0, 1.0]], [[1256.7414812095406, 0.0, 792.1125740759628], [0.0, 1256.7414812095406, 492.7757465151356], [0.0, 0.0, 1.0]], [[809.2209905677063, 0.0, 829.2196003259838], [0.0, 809.2209905677063, 481.77842384512485], [0.0, 0.0, 1.0]], [[1259.5137405846733, 0.0, 807.2529053838625], [0.0, 1259.5137405846733, 501.19579884916527], [0.0, 0.0, 1.0]]], "extrinsics": [[[0.8211106061935425, -0.5707191824913025, 0.007548490539193153, -0.739105224609375], [-0.00110269442666322, -0.014811296947300434, -0.9998896718025208, 1.5079727172851562], [0.5707680583000183, 0.8210116028785706, -0.012791041284799576, -1.12548828125], [0.0, 0.0, 0.0, 1.0]], [[0.006205487996339798, -0.9998054504394531, 0.018721453845500946, 0.008056640625], [-0.006189284846186638, -0.01875985600054264, -0.9998048543930054, 1.5191707611083984], [0.9999615550041199, 0.0060884119011461735, -0.006304494570940733, -1.46759033203125], [0.0, 0.0, 0.0, 1.0]], [[-0.8327011466026306, -0.55372154712677, 0.0011130900820717216, 0.8880615234375], [-0.0003838151169475168, -0.0014330046251416206, -0.9999988675117493, 1.5035778284072876], [0.5537225604057312, -0.8327007293701172, 0.0009807394817471504, -1.1513938903808594], [0.0, 0.0, 0.0, 1.0]], [[0.9476099610328674, 0.31942442059516907, -0.001800486701540649, -1.1448974609375], [0.00872846134006977, -0.03152763843536377, -0.999464750289917, 1.588531494140625], [-0.3193102180957794, 0.9470871090888977, -0.032663993537425995, -0.1028289794921875], [0.0, 0.0, 0.0, 