[{"images": ["samples/CAM_FRONT_LEFT/n008-2018-09-18-14-35-12-0400__CAM_FRONT_LEFT__1537295913854799.jpg", "samples/CAM_FRONT/n008-2018-09-18-14-35-12-0400__CAM_FRONT__1537295913862404.jpg", "samples/CAM_FRONT_RIGHT/n008-2018-09-18-14-35-12-0400__CAM_FRONT_RIGHT__1537295913870482.jpg", "samples/CAM_BACK_LEFT/n008-2018-09-18-14-35-12-0400__CAM_BACK_LEFT__1537295913897417.jpg", "samples/CAM_BACK/n008-2018-09-18-14-35-12-0400__CAM_BACK__1537295913887558.jpg", "samples/CAM_BACK_RIGHT/n008-2018-09-18-14-35-12-0400__CAM_BACK_RIGHT__1537295913878113.jpg"], "intrinsics": [[[1257.8625342125129, 0.0, 827.2410631095686], [0.0, 1257.8625342125129, 450.915498205774], [0.0, 0.0, 1.0]], [[1252.8131021185304, 0.0, 826.588114781398], [0.0, 1252.8131021185304, 469.9846626224581], [0.0, 0.0, 1.0]], [[1256.7485116440405, 0.0, 817.7887570959712], [0.0, 1256.7485116440403, 451.9541780095127], [0.0, 0.0, 1.0]], [[1254.9860565800168, 0.0, 829.5769333630991], [0.0, 1254.9860565800168, 467.1680561863987], [0.0, 0.0, 1.0]], [[796.8910634503094, 0.0, 857.7774326863696], [0.0, 796.8910634503094, 476.8848988407415], [0.0, 0.0, 1.0]], [[1249.9629280788233, 0.0, 825.3768045375984], [0.0, 1249.9629280788233, 462.54816385708756], [0.0, 0.0, 1.0]]], "extrinsics": [[[0.8230397701263428, -0.567487895488739, -0.02372598834335804, -0.7232208251953125], [-0.0037037229631096125, 0.036409202963113785, -0.9993301033973694, 1.4870681762695312], [0.5679715871810913, 0.8225762844085693, 0.027864405885338783, -1.1376953125], [0.0, 0.0, 0.0, 1.0]], [[0.010858428664505482, -0.9994195103645325, -0.03228868544101715, 0.0076904296875], [-0.0017086382722482085, 0.03227199614048004, -0.9994776248931885, 1.4796981811523438], [0.9999395608901978, 0.010907922871410847, -0.0013572234893217683, -1.44970703125], [0.0, 0.0, 0.0, 1.0]], [[-0.8438658118247986, -0.5362521409988403, -0.01800166256725788, 0.90185546875], [0.0063575031235814095, 0.023555010557174683, -0.9997022747993469, 1.4945068359375], [0.536516547203064, -0.8437291383743286, -0.016468046233057976, -1.158203125], [0.0, 0.0, 0.0, 1.0]], [[0.9478318691253662, 0.31872063875198364, -0.005638881586492062, -1.129150390625], [-0.018936417996883392, 0.038638483732938766, -0.9990738034248352, 1.5617446899414062], [-0.3182075619697571, 0.947060763835907, 0.04265821725130081, -0.1611328125], [0.0, 0.0, 0.0, 1.0]], [[0.00929324608296156, 0.999477207660675, 0.03096752241253853, -0.0277099609375], [-0.01682075299322605, 0.031120728701353073, -0.9993740320205688, 1.5665245056152344], [-0.9998152852058411, 0.008766517974436283, 0.017101172357797623, -0.0477294921875], [0.0, 0.0, 0.0, 1.0]], [[-0.9237681031227112, 0.3826609253883362, 0.01492792833596468, 1.008331298828125], [-0.012656616047024727, 0.008452440612018108, -0.9998841881752014, 1.545723795890808], [-0.3827427327632904, -0.9238501191139221, -0.002964902436360717, -0.107177734375], [0.0, 0.0, 0.0, 1.0]]], "view": [[0.0, -2.0, 100.0], [-2.0, 0.0, 100.0], [0.0, 0.0, 1.0]], "bev": "bev_14384b3ce9d243ce827bf0c1598dd35f.png", "aux": "aux_14384b3ce9d243ce827bf0c1598dd35f.npz", "visibility": "visibility_14384b3ce9d243ce827bf0c1598dd35f.png", "pose": [[0.8852546215057373, 0.46510666608810425, 0.0, 2002.7802734375], [-0.46510666608810425, 0.8852546215057373, 0.0, 1236.7213134765625], [0.0, 0.0, 1.0, 0.0], [0.0, 0.0, 0.0, 1.0]], "pose_inverse": [[0.8852546215057373, -0.46510666608810425, 0.0, -1197.76318359375], [0.46510666608810425, 0.8852546215057373, 0.0, -2026.3197021484375], [0.0, 0.0, 1.0, 0.0], [0.0, 0.0, 0.0, 1.0]], "cam_ids": [0, 1, 2, 3, 4, 5], "cam_channels": ["CAM_FRONT_LEFT", "CAM_FRONT", "CAM_FRONT_RIGHT", "CAM_BACK_LEFT", "CAM_BACK", "CAM_BACK_RIGHT"], "token": "14384b3ce9d243ce827bf0c1598dd35f", "scene": "scene-0629"}, {"images": ["samples/CAM_FRONT_LEFT/n008-2018-09-18-14-35-12-0400__CAM_FRONT_LEFT__1537295914354799.jpg", "samples/CAM_FRONT/n008-2018-09-18-14-35-12-0400__CAM_FRONT__1537295914362415.jpg", "samples/CAM_FRONT_RIGHT/n008-2018-09-18-14-35-12-0400__CAM_FRONT_RIGHT__1537295914370482.jpg", "samples/CAM_BACK_LEFT/n008-2018-09-18-14-35-12-0400__CAM_BACK_LEFT__1537295914397405.jpg", "samples/CAM_BACK/n008-2018-09-18-14-35-12-0400__CAM_BACK__1537295914387558.jpg", "samples/CAM_BACK_RIGHT/n008-2018-09-18-14-35-12-0400__CAM_BACK_RIGHT__1537295914378113.jpg"], "intrinsics": [[[1257.8625342125129, 0.0, 827.2410631095686], [0.0, 1257.8625342125129, 450.915498205774], [0.0, 0.0, 1.0]], [[1252.8131021185304, 0.0, 826.588114781398], [0.0, 1252.8131021185304, 469.9846626224581], [0.0, 0.0, 1.0]], [[1256.7485116440405, 0.0, 817.7887570959712], [0.0, 1256.7485116440403, 451.9541780095127], [0.0, 0.0, 1.0]], [[1254.9860565800168, 0.0, 829.5769333630991], [0.0, 1254.9860565800168, 467.1680561863987], [0.0, 0.0, 1.0]], [[796.8910634503094, 0.0, 857.7774326863696], [0.0, 796.8910634503094, 476.8848988407415], [0.0, 0.0, 1.0]], [[1249.9629280788233, 0.0, 825.3768045375984], [0.0, 1249.9629280788233, 462.54816385708756], [0.0, 0.0, 1.0]]], "extrinsics": [[[0.8225583434104919, -0.5681157112121582, -0.025345176458358765, -0.723358154296875], [-0.004756525158882141, 0.037693653255701065, -0.9992780089378357, 1.4866561889648438], [0.5686609745025635, 0.8220850229263306, 0.02830296941101551, -1.138916015625], [0.0, 0.0, 0.0, 1.0]], [[0.010195084847509861, -0.9993823766708374, -0.03362876921892166, 0.0086669921875], [-0.0028208945877850056, 0.03360164165496826, -0.999431312084198, 1.4793548583984375], [0.9999440312385559, 0.010284175164997578, -0.002476579276844859, -1.4510498046875], [0.0, 0.0, 0.0, 1.0]], [[-0.8441317677497864, -0.5358405113220215, -0.01779196597635746, 0.903076171875], [0.0052449582144618034, 0.024930469691753387, -0.9996753931045532, 1.494232177734375], [0.5361102223396301, -0.8439511060714722, -0.018234141170978546, -1.1583251953125], [0.0, 0.0, 0.0, 1.0]], [[0.9478338360786438, 0.318705290555954, -0.006159177515655756, -1.1298828125], [-0.02002217434346676, 0.040240127593278885, -0.998989462852478, 1.5617446899414062], [-0.3181353211402893, 0.9469993114471436, 0.044522128999233246, -0.1607666015625], [0.0, 0.0, 0.0, 1.0]], [[0.009497375227510929, 0.999427080154419, 0.03248905763030052, -0.0279541015625], [-0.01793847046792507, 0.03265558183193207, -0.9993056654930115, 1.5664291381835938], [-0.9997940063476562, 0.00890795886516571, 0.018238335847854614, -0.046630859375], [0.0, 0.0, 0.0, 1.0]], [[-0.9236361980438232, 0.3829156458377838, 0.01649044267833233, 1.009185791015625], [-0.013750884681940079, 0.009890600107610226, -0.9998565316200256, 1.5455565452575684], [-0.38302379846572876, -0.9237304329872131, -0.003869887674227357, -0.10693359375], [0.0, 0.0, 0.0, 1.0]]], "view": [[0.0, -2.0, 100.0], [-2.0, 0.0, 100.0], [0.0, 0.0, 1.0]], "bev": "bev_95ead133ce5a4c7fac5e5a2b2650d552.png", "aux": "aux_95ead133ce5a4c7fac5e5a2b2650d552.npz", "visibility": "visibility_95ead133ce5a4c7fac5e5a2b2650d552.png", "pose": [[0.8819471001625061, 0.47134846448898315, 0.0, 2006.1470947265625], [-0.47134846448898315, 0.8819471001625061, 0.0, 1234.9400634765625], [0.0, 0.0, 1.0, 0.0], [0.0, 0.0, 0.0, 1.0]], "pose_inverse": [[0.8819471001625061, -0.47134846448898315, 0.0, -1187.228515625], [0.47134846448898315, 0.8819471001625061, 0.0, -2034.74609375], [0.0, 0.0, 1.0, 0.0], [0.0, 0.0, 0.0, 1.0]], "cam_ids": [0, 1, 2, 3, 4, 5], "cam_channels": ["CAM_FRONT_LEFT", "CAM_FRONT", "CAM_FRONT_RIGHT", "CAM_BACK_LEFT", "CAM_BACK", "CAM_BACK_RIGHT"], "token": "95ead133ce5a4c7fac5e5a2b2650d552", "scene": "scene-0629"}, {"images": ["samples/CAM_FRONT_LEFT/n008-2018-09-18-14-35-12-0400__CAM_FRONT_LEFT__1537295914854799.jpg", "samples/CAM_FRONT/n008-2018-09-18-14-35-12-0400__CAM_FRONT__1537295914862404.jpg", "samples/CAM_FRONT_RIGHT/n008-2018-09-18-14-35-12-0400__CAM_FRONT_RIGHT__1537295914870482.jpg", "samples/CAM_BACK_LEFT/n008-2018-09-18-14-35-12-0400__CAM_BACK_LEFT__1537295914897405.jpg", "samples/CAM_BACK/n008-2018-09-18-14-35-12-0400__CAM_BACK__1537295914887558.jpg", "samples/CAM_BACK_RIGHT/n008-2018-09-18-14-35-12-0400__CAM_BACK_RIGHT__1537295914878113.jpg"], "intrinsics": [[[1257.8625342125129, 0.0, 827.2410631095686], [0.0, 1257.8625342125129, 450.915498205774], [0.0, 0.0, 1.0]], [[1252.8131021185304, 0.0, 826.588114781398], [0.0, 1252.8131021185304, 469.9846626224581], [0.0, 0.0, 1.0]], [[1256.7485116440405, 0.0, 817.7887570959712], [0.0, 1256.7485116440403, 451.9541780095127], [0.0, 0.0, 1.0]], [[1254.9860565800168, 0.0, 829.5769333630991], [0.0, 1254.9860565800168, 467.1680561863987], [0.0, 0.0, 1.0]], [[796.8910634503094, 0.0, 857.7774326863696], [0.0, 796.8910634503094, 476.8848988407415], [0.0, 0.0, 1.0]], [[1249.9629280788233, 0.0, 825.3768045375984], [0.0, 1249.9629280788233, 462.54816385708756], [0.0, 0.0, 1.0]]], "extrinsics": [[[0.822360098361969, -0.5685093402862549, -0.0228255745023489, -0.72271728515625], [-0.0016833251575008035, 0.03768632560968399, -0.9992882013320923, 1.487640380859375], [0.5689648389816284, 0.8218132257461548, 0.03003474324941635, -1.140869140625], [0.0, 0.0, 0.0, 1.0]], [[0.010013227351009846, -0.9993894696235657, -0.033471886068582535, 0.0103759765625], [0.00029625630122609437, 0.03347652405500412, -0.9994394779205322, 1.4801712036132812], [0.9999498128890991, 0.009997718967497349, 0.0006312848418019712, -1.4503173828125], [0.0, 0.0, 0.0, 1.0]], [[-0.8441528081893921, -0.5357167720794678, -0.02033478580415249, 0.903564453125], [0.008415739051997662, 0.024684123694896698, -0.9996598362922668, 1.494903564453125], [0.536036491394043, -0.8440368175506592, -0.0163287241011858, -1.156494140625], [0.0, 0.0, 0.0, 1.0]], [[0.9478681683540344, 0.3186473548412323, -0.003108376171439886, -1.1270751953125], [-0.01659255288541317, 0.0396113246679306, -0.9990773797035217, 1.561737060546875], [-0.3182302713394165, 0.9470452666282654, 0.042833492159843445, -0.1619873046875], [0.0, 0.0, 0.0, 1.0]], [[0.009421600960195065, 0.9994429349899292, 0.03201718628406525, -0.02880859375], [-0.01457766629755497, 0.032152481377124786, -0.9993765950202942, 1.566680908203125], [-0.9998493194580078, 0.008949000388383865, 0.014872473664581776, -0.048583984375], [0.0, 0.0, 0.0, 1.0]], [[-0.9236751198768616, 0.38294416666030884, 0.013340108096599579, 1.007904052734375], [-0.010488458909094334, 0.00953360553830862, -0.9998995065689087, 1.546067237854004], [-0.38303282856941223, -0.9237222075462341, -0.004789459984749556, -0.105224609375], [0.0, 0.0, 0.0, 1.0]]], "view": [[0.0, -2.0, 100.0], [-2.0, 0.0, 100.0], [0.0, 0.0, 1.0]], "bev": "bev_e80d4cea3d8a48c08efe5f6929d97b81.png", "aux": "aux_e80d4cea3d8a48c08efe5f6929d97b81.npz", "visibility": "visibility_e80d4cea3d8a48c08efe5f6929d97b81.png", "pose": [[0.8820286989212036, 0.47119563817977905, 0.0, 2009.46142578125], [-0.47119563817977905, 0.8820286989212036, 0.0, 1233.1708984375], [0.0, 0.0, 1.0, 0.0], [0.0, 0.0, 0.0, 1.0]], "pose_inverse": [[0.8820286989212036, -0.47119563817977905, 0.0, -1191.337890625], [0.47119563817977905, 0.8820286989212036, 0.0, -2034.5416259765625], [0.0, 0.0, 1.0, 0.0], [0.0, 0.0, 0.0, 1.0]], "cam_ids": [0, 1, 2, 3, 4, 5], "cam_channels": ["CAM_FRONT_LEFT", "CAM_FRONT", "CAM_FRONT_RIGHT", "CAM_BACK_LEFT", "CAM_BACK", "CAM_BACK_RIGHT"], "token": "e80d4cea3d8a48c08efe5f6929d97b81", "scene": "scene-0629"}, {"images": ["samples/CAM_FRONT_LEFT/n008-2018-09-18-14-35-12-0400__CAM_FRONT_LEFT__1537295915354799.jpg", "samples/CAM_FRONT/n008-2018-09-18-14-35-12-0400__CAM_FRONT__1537295915362404.jpg", "samples/CAM_FRONT_RIGHT/n008-2018-09-18-14-35-12-0400__CAM_FRONT_RIGHT__1537295915370482.jpg", "samples/CAM_BACK_LEFT/n008-2018-09-18-14-35-12-0400__CAM_BACK_LEFT__1537295915397405.jpg", "samples/CAM_BACK/n008-2018-09-18-14-35-12-0400__CAM_BACK__1537295915387558.jpg", "samples/CAM_BACK_RIGHT/n008-2018-09-18-14-35-12-0400__CAM_BACK_RIGHT__1537295915378113.jpg"], "intrinsics": [[[1257.8625342125129, 0.0, 827.2410631095686], [0.0, 1257.8625342125129, 450.915498205774], [0.0, 0.0, 1.0]], [[1252.8131021185304, 0.0, 826.588114781398], [0.0, 1252.8131021185304, 469.9846626224581], [0.0, 0.0, 1.0]], [[1256.7485116440405, 0.0, 817.7887570959712], [0.0, 1256.7485116440403, 451.9541780095127], [0.0, 0.0, 1.0]], [[1254.9860565800168, 0.0, 829.5769333630991], [0.0, 1254.9860565800168, 467.1680561863987], [0.0, 0.0, 1.0]], [[796.8910634503094, 0.0, 857.7774326863696], [0.0, 796.8910634503094, 476.8848988407415], [0.0, 0.0, 1.0]], [[1249.9629280788233, 0.0, 825.3768045375984], [0.0, 1249.9629280788233, 462.54816385708756], [0.0, 0.0, 1.0]]], "extrinsics": [[[0.8221336007118225, -0.5687801241874695, -0.02419879660010338, -0.72283935546875], [-0.0016642161644995213, 0.04010528698563576, -0.9991940855979919, 1.48773193359375], [0.5692921876907349, 0.8215113282203674, 0.032025326043367386, -1.1376953125], [0.0, 0.0, 0.0, 1.0]], [[0.009657580405473709, -0.9993032813072205, -0.03605014085769653, 0.008056640625], [0.00016768279601819813, 0.03605344146490097, -0.99934983253479, 1.4802169799804688], [0.9999532699584961, 0.009645283222198486, 0.0005157553823664784, -1.4498291015625], [0.0, 0.0, 0.0, 1.0]], [[-0.8442897796630859, -0.5354545712471008, -0.02152326889336109, 0.902587890625], [0.008098077028989792, 0.02741101384162903, -0.9995914101600647, 1.494873046875], [0.535825788974762, -0.8441190719604492, -0.018806684762239456, -1.1580810546875], [0.0, 0.0, 0.0, 1.0]], [[0.9478751420974731, 0.31862902641296387, -0.0028887430671602488, -1.1279296875], [-0.01740063726902008, 0.04270784556865692, -0.9989360570907593, 1.5617523193359375], [-0.31816667318344116, 0.9469168782234192, 0.04602605104446411, -0.1614990234375], [0.0, 0.0, 0.0, 1.0]], [[0.00952799804508686, 0.9993420839309692, 0.034994810819625854, -0.0279541015625], [-0.015203515999019146, 0.035137128084897995, -0.9992668628692627, 1.5666618347167969], [-0.9998390078544617, 0.00898896623402834, 0.0155282998457551, -0.0477294921875], [0.0, 0.0, 0.0, 1.0]], [[-0.9236140251159668, 0.38303372263908386, 0.01490680780261755, 1.00921630859375], [-0.010999671183526516, 0.012388749979436398, -0.9998627305030823, 1.5460033416748047], [-0.38316580653190613, -0.9236512780189514, -0.007229181006550789, -0.1064453125], [0.0, 0.0, 0.0, 1.0]]], "view": [[0.0, -2.0, 100.0], [-2.0, 0.0, 100.0], [0.0, 0.0, 1.0]], "bev": "bev_b0f54b4767da48eda5e33d915e08b7e2.png", "aux": "aux_b0f54b4767da48eda5e33d915e08b7e2.npz", "visibility": "visibility_b0f54b4767da48eda5e33d915e08b7e2.png", "pose": [[0.8824988603591919, 0.47031450271606445, 0.0, 2012.768310546875], [-0.47031450271606445, 0.8824988603591919, 0.0, 1231.3890380859375], [0.0, 0.0, 1.0, 0.0], [0.0, 0.0, 0.0, 1.0]], "pose_inverse": [[0.8824988603591919, -0.47031450271606445, 0.0, -1197.1256103515625], [0.47031450271606445, 0.8824988603591919, 0.0, -2033.3336181640625], [0.0, 0.0, 1.0, 0.0], [0.0, 0.0, 0.0, 1.0]], "cam_ids": [0, 1, 2, 3, 4, 5], "cam_channels": ["CAM_FRONT_LEFT", "CAM_FRONT", "CAM_FRONT_RIGHT", "CAM_BACK_LEFT", "CAM_BACK", "CAM_BACK_RIGHT"], "token": "b0f54b4767da48eda5e33d915e08b7e2", "scene": "scene-0629"}, {"images": ["samples/CAM_FRONT_LEFT/n008-2018-09-18-14-35-12-0400__CAM_FRONT_LEFT__1537295915854799.jpg", "samples/CAM_FRONT/n008-2018-09-18-14-35-12-0400__CAM_FRONT__1537295915862404.jpg", "samples/CAM_FRONT_RIGHT/n008-2018-09-18-14-35-12-0400__CAM_FRONT_RIGHT__1537295915870482.jpg", "samples/CAM_BACK_LEFT/n008-2018-09-18-14-35-12-0400__CAM_BACK_LEFT__1537295915897405.jpg", "samples/CAM_BACK/n008-2018-09-18-14-35-12-0400__CAM_BACK__1537295915887558.jpg", "samples/CAM_BACK_RIGHT/n008-2018-09-18-14-35-12-0400__CAM_BACK_RIGHT__1537295915878113.jpg"], "intrinsics": [[[1257.8625342125129, 0.0, 827.2410631095686], [0.0, 1257.8625342125129, 450.915498205774], [0.0, 0.0, 1.0]], [[1252.8131021185304, 0.0, 826.588114781398], [0.0, 1252.8131021185304, 469.9846626224581], [0.0, 0.0, 1.0]], [[1256.7485116440405, 0.0, 817.7887570959712], [0.0, 1256.7485116440403, 451.9541780095127], [0.0, 0.0, 1.0]], [[1254.9860565800168, 0.0, 829.5769333630991], [0.0, 1254.9860565800168, 467.1680561863987], [0.0, 0.0, 1.0]], [[796.8910634503094, 0.0, 857.7774326863696], [0.0, 796.8910634503094, 476.8848988407415], [0.0, 0.0, 1.0]], [[1249.9629280788233, 0.0, 825.3768045375984], [0.0, 1249.9629280788233, 462.54816385708756], [0.0, 0.0, 1.0]]], "extrinsics": [[[0.8229992985725403, -0.5679590702056885, -0.009730478748679161, -0.7319793701171875], [0.016202189028263092, 0.040593720972537994, -0.9990443587303162, 1.4935531616210938], [0.5678112506866455, 0.8220551609992981, 0.042610786855220795, -1.147705078125], [0.0, 0.0, 0.0, 1.0]], [[0.011127253994345665, -0.9992843270301819, -0.03615183383226395, 0.0103759765625], [0.01820065826177597, 0.03635048493742943, -0.9991734027862549, 1.4850921630859375], [0.9997723698616028, 0.010460030287504196, 0.01859211176633835, -1.46044921875], [0.0, 0.0, 0.0, 1.0]], [[-0.8434130549430847, -0.5359936952590942, -0.03694744035601616, 0.91015625], [0.026224859058856964, 0.02761644870042801, -0.999274492263794, 1.4986724853515625], [0.5366252064704895, -0.8437702059745789, -0.009235716424882412, -1.1611328125], [0.0, 0.0, 0.0, 1.0]], [[0.9478480815887451, 0.3184008300304413, 0.014319815672934055, -1.125732421875], [0.0007016719318926334, 0.04284406080842018, -0.9990814924240112, 1.562042236328125], [-0.3187219202518463, 0.9469874501228333, 0.040386248379945755, -0.162353515625], [0.0, 0.0, 0.0, 1.0]], [[0.008763041347265244, 0.9993380904197693, 0.03530769795179367, -0.0286865234375], [0.0028912860434502363, 0.03528358042240143, -0.9993731379508972, 1.56829833984375], [-0.9999575018882751, 0.008859577588737011, -0.002580180298537016, -0.046142578125], [0.0, 0.0, 0.0, 1.0]], [[-0.9239180088043213, 0.382586270570755, -0.0017925677821040154, 1.01373291015625], [0.007142968475818634, 0.012564845383167267, -0.9998955130577087, 1.5489349365234375], [-0.3825237452983856, -0.9238343238830566, -0.0143416877835989, -0.103515625], [0.0, 0.0, 0.0, 1.0]]], "view": [[0.0, -2.0, 100.0], [-2.0, 0.0, 100.0], [0.0, 0.0, 1.0]], "bev": "bev_9e545368482a44e282aa0d7e66fe8654.png", "aux": "aux_9e545368482a44e282aa0d7e66fe8654.npz", "visibility": "visibility_9e545368482a44e282aa0d7e66fe8654.png", "pose": [[0.8820321559906006, 0.4711892008781433, 0.0, 2016.0076904296875], [-0.4711892008781433, 0.8820321559906006, 0.0, 1229.6434326171875], [0.0, 0.0, 1.0, 0.0], [0.0, 0.0, 0.0, 1.0]], "pose_inverse": [[0.8820321559906006, -0.4711892008781433, 0.0, -1198.7889404296875], [0.4711892008781433, 0.8820321559906006, 0.0, -2034.506103515625], [0.0, 0.0, 1.0, 0.0], [0.0, 0.0, 0.0, 1.0]], "cam_ids": [0, 1, 2, 3, 4, 5], "cam_channels": ["CAM_FRONT_LEFT", "CAM_FRONT", "CAM_FRONT_RIGHT", "CAM_BACK_LEFT", "CAM_BACK", "CAM_BACK_RIGHT"], "token": "9e545368482a44e282aa0d7e66fe8654", "scene": "scene-0629"}, {"images": ["samples/CAM_FRONT_LEFT/n008-2018-09-18-14-35-12-0400__CAM_FRONT_LEFT__1537295916354799.jpg", "samples/CAM_FRONT/n008-2018-09-18-14-35-12-0400__CAM_FRONT__1537295916362404.jpg", "samples/CAM_FRONT_RIGHT/n008-2018-09-18-14-35-12-0400__CAM_FRONT_RIGHT__1537295916370482.jpg", "samples/CAM_BACK_LEFT/n008-2018-09-18-14-35-12-0400__CAM_BACK_LEFT__1537295916397405.jpg", "samples/CAM_BACK/n008-2018-09-18-14-35-12-0400__CAM_BACK__1537295916387558.jpg", "samples/CAM_BACK_RIGHT/n008-2018-09-18-14-35-12-0400__CAM_BACK_RIGHT__1537295916378113.jpg"], "intrinsics": [[[1257.8625342125129, 0.0, 827.2410631095686], [0.0, 1257.8625342125129, 450.915498205774], [0.0, 0.0, 1.0]], [[1252.8131021185304, 0.0, 826.588114781398], [0.0, 1252.8131021185304, 469.9846626224581], [0.0, 0.0, 1.0]], [[1256.7485116440405, 0.0, 817.7887570959712], [0.0, 1256.7485116440403, 451.9541780095127], [0.0, 0.0, 1.0]], [[1254.9860565800168, 0.0, 829.5769333630991], [0.0, 1254.9860565800168, 467.1680561863987], [0.0, 0.0, 1.0]], [[796.8910634503094, 0.0, 857.7774326863696], [0.0, 796.8910634503094, 476.8848988407415], [0.0, 0.0, 1.0]], [[1249.9629280788233, 0.0, 825.3768045375984], [0.0, 1249.9629280788233, 462.54816385708756], [0.0, 0.0, 1.0]]], "extrinsics": [[[0.8225412964820862, -0.5684081315994263, -0.018386147916316986, -0.7417755126953125], [0.007115635555237532, 0.042613543570041656, -0.9990662932395935, 1.490447998046875], [0.5686609148979187, 0.8216423988342285, 0.039095982909202576, -1.154541015625], [0.0, 0.0, 0.0, 1.0]], [[0.010334780439734459, -0.9992119669914246, -0.038322433829307556, 0.0103759765625], [0.009032366797327995, 0.03841620311141014, -0.9992210268974304, 1.4824676513671875], [0.9999057650566101, 0.00998062826693058, 0.009422271512448788, -1.4693603515625], [0.0, 0.0, 0.0, 1.0]], [[-0.8438950777053833, -0.5356558561325073, -0.030229683965444565, 0.9150390625], [0.017009355127811432, 0.029604732990264893, -0.9994169473648071, 1.4965744018554688], [0.5362385511398315, -0.8439173102378845, -0.015872128307819366, -1.163818359375], [0.0, 0.0, 0.0, 1.0]], [[0.9479082822799683, 0.31848597526550293, 0.006049958057701588, -1.126708984375], [-0.008506338112056255, 0.044294051826000214, -0.9989823698997498, 1.5618820190429688], [-0.3184298276901245, 0.9468921422958374, 0.04469584673643112, -0.1619873046875], [0.0, 0.0, 0.0, 1.0]], [[0.009133762679994106, 0.9992777109146118, 0.03688522428274155, -0.0291748046875], [-0.006287424359470606, 0.03694342076778412, -0.999297559261322, 1.5674667358398438], [-0.9999385476112366, 0.00889537949115038, 0.006620315369218588, -0.0443115234375], [0.0, 0.0, 0.0, 1.0]], [[-0.9238157868385315, 0.3827648460865021, 0.007433394901454449, 1.015869140625], [-0.0020755149889737368, 0.014408881776034832, -0.9998940229415894, 1.5474624633789062], [-0.3828313648700714, -0.9237334132194519, -0.012516719289124012, -0.101806640625], [0.0, 0.0, 0.0, 1.0]]], "view": [[0.0, -2.0, 100.0], [-2.0, 0.0, 100.0], [0.0, 0.0, 1.0]], "bev": "bev_e8a68d5703164e449e045364ab890e03.png", "aux": "aux_e8a68d5703164e449e045364ab890e03.npz", "visibility": "visibility_e8a68d5703164e449e045364ab890e03.png", "pose": [[0.8820080161094666, 0.47123438119888306, 0.0, 2019.0975341796875], [-0.47123438119888306, 0.8820080161094666, 0.0, 1227.9742431640625], [0.0, 0.0, 1.0, 0.0], [0.0, 0.0, 0.0, 1.0]], "pose_inverse": [[0.8820080161094666, -0.47123438119888306, 0.0, -1202.196533203125], [0.47123438119888306, 0.8820080161094666, 0.0, -2034.55126953125], [0.0, 0.0, 1.0, 0.0], [0.0, 0.0, 0.0, 1.0]], "cam_ids": [0, 1, 2, 3, 4, 5], "cam_channels": ["CAM_FRONT_LEFT", "CAM_FRONT", "CAM_FRONT_RIGHT", "CAM_BACK_LEFT", "CAM_BACK", "CAM_BACK_RIGHT"], "token": "e8a68d5703164e449e045364ab890e03", "scene": "scene-0629"}, {"images": ["samples/CAM_FRONT_LEFT/n008-2018-09-18-14-35-12-0400__CAM_FRONT_LEFT__1537295916854799.jpg", "samples/CAM_FRONT/n008-2018-09-18-14-35-12-0400__CAM_FRONT__1537295916862404.jpg", "samples/CAM_FRONT_RIGHT/n008-2018-09-18-14-35-12-0400__CAM_FRONT_RIGHT__1537295916870482.jpg", "samples/CAM_BACK_LEFT/n008-2018-09-18-14-35-12-0400__CAM_BACK_LEFT__1537295916897405.jpg", "samples/CAM_BACK/n008-2018-09-18-14-35-12-0400__CAM_BACK__1537295916887558.jpg", "samples/CAM_BACK_RIGHT/n008-2018-09-18-14-35-12-0400__CAM_BACK_RIGHT__1537295916878113.jpg"], "intrinsics": [[[1257.8625342125129, 0.0, 827.2410631095686], [0.0, 1257.8625342125129, 450.915498205774], [0.0, 0.0, 1.0]], [[1252.8131021185304, 0.0, 826.588114781398], [0.0, 1252.8131021185304, 469.9846626224581], [0.0, 0.0, 1.0]], [[1256.7485116440405, 0.0, 817.7887570959712], [0.0, 1256.7485116440403, 451.9541780095127], [0.0, 0.0, 1.0]], [[1254.9860565800168, 0.0, 829.5769333630991], [0.0, 1254.9860565800168, 467.1680561863987], [0.0, 0.0, 1.0]], [[796.8910634503094, 0.0, 857.7774326863696], [0.0, 796.8910634503094, 476.8848988407415], [0.0, 0.0, 1.0]], [[1249.9629280788233, 0.0, 825.3768045375984], [0.0, 1249.9629280788233, 462.54816385708756], [0.0, 0.0, 1.0]]], "extrinsics": [[[0.8224590420722961, -0.5684852600097656, -0.01964014582335949, -0.755828857421875], [0.004410681780427694, 0.04090014100074768, -0.9991534948348999, 1.4895095825195312], [0.5688072443008423, 0.8216762542724609, 0.036146096885204315, -1.16455078125], [0.0, 0.0, 0.0, 1.0]], [[0.010143511928617954, -0.9992763996124268, -0.03665774315595627, 0.0103759765625], [0.006322675384581089, 0.03672299161553383, -0.9993054866790771, 1.481658935546875], [0.9999285936355591, 0.009904648177325726, 0.006690599489957094, -1.48486328125], [0.0, 0.0, 0.0, 1.0]], [[-0.8440378308296204, -0.5355997681617737, -0.02707611210644245, 0.926513671875], [0.01432151347398758, 0.027959035709500313, -0.999506413936615, 1.495819091796875], [0.5360924601554871, -0.8440089821815491, -0.015927884727716446, -1.171142578125], [0.0, 0.0, 0.0, 1.0]], [[0.9479091167449951, 0.31852588057518005, 0.0031078483443707228, -1.1319580078125], [-0.011117037385702133, 0.04283088445663452, -0.9990204572677612, 1.5618972778320312], [-0.3183470070362091, 0.9469460248947144, 0.04414084926247597, -0.1602783203125], [0.0, 0.0, 0.0, 1.0]], [[0.009297551587224007, 0.99933260679245, 0.03532527759671211, -0.0289306640625], [-0.00895961094647646, 0.035408634692430496, -0.9993327260017395, 1.5673141479492188], [-0.9999167323112488, 0.00897479522973299, 0.009282846935093403, -0.0355224609375], [0.0, 0.0, 0.0, 1.0]], [[-0.9237350225448608, 0.3829197883605957, 0.00927656888961792, 1.02716064453125], [-0.004728039260953665, 0.012817950919270515, -0.9999066591262817, 1.5471076965332031], [-0.383002907037735, -0.9236927628517151, -0.010029930621385574, -0.097412109375], [0.0, 0.0, 0.0, 1.0]]], "view": [[0.0, -2.0, 100.0], [-2.0, 0.0, 100.0], [0.0, 0.0, 1.0]], "bev": "bev_f525764b424647e88f18f9d0ea9e41e9.png", "aux": "aux_f525764b424647e88f18f9d0ea9e41e9.npz", "visibility": "visibility_f525764b424647e88f18f9d0ea9e41e9.png", "pose": [[0.8813354969024658, 0.4724910259246826, 0.0, 2022.1024169921875], [-0.4724910259246826, 0.8813354969024658, 0.0, 1226.31884765625], [0.0, 0.0, 1.0, 0.0], [0.0, 0.0, 0.0, 1.0]], "pose_inverse": [[0.8813354969024658, -0.4724910259246826, 0.0, -1202.7259521484375], [0.4724910259246826, 0.8813354969024658, 0.0, -2036.2235107421875], [0.0, 0.0, 1.0, 0.0], [0.0, 0.0, 0.0, 1.0]], "cam_ids": [0, 1, 2, 3, 4, 5], "cam_channels": ["CAM_FRONT_LEFT", "CAM_FRONT", "CAM_FRONT_RIGHT", "CAM_BACK_LEFT", "CAM_BACK", "CAM_BACK_RIGHT"], "token": "f525764b424647e88f18f9d0ea9e41e9", "scene": "scene-0629"}, {"images": ["samples/CAM_FRONT_LEFT/n008-2018-09-18-14-35-12-0400__CAM_FRONT_LEFT__1537295917354799.jpg", "samples/CAM_FRONT/n008-2018-09-18-14-35-12-0400__CAM_FRONT__1537295917362404.jpg", "samples/CAM_FRONT_RIGHT/n008-2018-09-18-14-35-12-0400__CAM_FRONT_RIGHT__1537295917370482.jpg", "samples/CAM_BACK_LEFT/n008-2018-09-18-14-35-12-0400__CAM_BACK_LEFT__1537295917397405.jpg", "samples/CAM_BACK/n008-2018-09-18-14-35-12-0400__CAM_BACK__1537295917387558.jpg", "samples/CAM_BACK_RIGHT/n008-2018-09-18-14-35-12-0400__CAM_BACK_RIGHT__1537295917378113.jpg"], "intrinsics": [[[1257.8625342125129, 0.0, 827.2410631095686], [0.0, 1257.8625342125129, 450.915498205774], [0.0, 0.0, 1.0]], [[1252.8131021185304, 0.0, 826.588114781398], [0.0, 1252.8131021185304, 469.9846626224581], [0.0, 0.0, 1.0]], [[1256.7485116440405, 0.0, 817.7887570959712], [0.0, 1256.7485116440403, 451.9541780095127], [0.0, 0.0, 1.0]], [[1254.9860565800168, 0.0, 829.5769333630991], [0.0, 1254.9860565800168, 467.1680561863987], [0.0, 0.0, 1.0]], [[796.8910634503094, 0.0, 857.7774326863696], [0.0, 796.8910634503094, 476.8848988407415], [0.0, 0.0, 1.0]], [[1249.9629280788233, 0.0, 825.3768045375984], [0.0, 1249.9629280788233, 462.54816385708756], [0.0, 0.0, 1.0]]], "extrinsics": [[[0.8226674199104309, -0.5681930780410767, -0.01936720870435238, -0.7678375244140625], [0.001412991783581674, 0.03610917180776596, -0.9993468523025513, 1.488525390625], [0.5685213804244995, 0.8221026659011841, 0.03050868771970272, -1.1748046875], [0.0, 0.0, 0.0, 1.0]], [[0.010394363664090633, -0.9994378089904785, -0.03187527507543564, 0.011474609375], [0.0033356111962348223, 0.03191147372126579, -0.9994851350784302, 1.4808273315429688], [0.9999405145645142, 0.01028275303542614, 0.0036654353607445955, -1.499267578125], [0.0, 0.0, 0.0, 1.0]], [[-0.8439798355102539, -0.5359264016151428, -0.02193146012723446, 0.937744140625], [0.011292758397758007, 0.023125069215893745, -0.9996687769889832, 1.4950714111328125], [0.5362560749053955, -0.8439480066299438, -0.013465004973113537, -1.177001953125], [0.0, 0.0, 0.0, 1.0]], [[0.947744607925415, 0.3190273344516754, -0.0013324765022844076, -1.1356201171875], [-0.014167183078825474, 0.03791363537311554, -0.9991806149482727, 1.5618476867675781], [-0.3187154233455658, 0.9469869136810303, 0.04045215994119644, -0.1605224609375], [0.0, 0.0, 0.0, 1.0]], [[0.009071972221136093, 0.9994955658912659, 0.030435796827077866, -0.0299072265625], [-0.011964877136051655, 0.03054337203502655, -0.9994617700576782, 1.5671424865722656], [-0.9998872876167297, 0.008702938444912434, 0.012235930189490318, -0.0283203125], [0.0, 0.0, 0.0, 1.0]], [[-0.9237604737281799, 0.38283273577690125, 0.010279244743287563, 1.03692626953125], [-0.007826167158782482, 0.007964572869241238, -0.9999376535415649, 1.5467510223388672], [-0.38289064168930054, -0.9237833619117737, -0.0043612453155219555, -0.0927734375], [0.0, 0.0, 0.0, 1.0]]], "view": [[0.0, -2.0, 100.0], [-2.0, 0.0, 100.0], [0.0, 0.0, 1.0]], "bev": "bev_97c7f76a73c74d39abd8456eddb9d800.png", "aux": "aux_97c7f76a73c74d39abd8456eddb9d800.npz", "visibility": "visibility_97c7f76a73c74d39abd8456eddb9d800.png", "pose": [[0.8812450766563416, 0.4726596474647522, 0.0, 2025.0311279296875], [-0.4726596474647522, 0.8812450766563416, 0.0, 1224.723876953125], [0.0, 0.0, 1.0, 0.0], [0.0, 0.0, 0.0, 1.0]], "pose_inverse": [[0.8812450766563416, -0.4726596474647522, 0.0, -1205.671142578125], [0.4726596474647522, 0.8812450766563416, 0.0, -2036.432373046875], [0.0, 0.0, 1.0, 0.0], [0.0, 0.0, 0.0, 1.0]], "cam_ids": [0, 1, 2, 3, 4, 5], "cam_channels": ["CAM_FRONT_LEFT", "CAM_FRONT", "CAM_FRONT_RIGHT", "CAM_BACK_LEFT", "CAM_BACK", "CAM_BACK_RIGHT"], "token": "97c7f76a73c74d39abd8456eddb9d800", "scene": "scene-0629"}, {"images": ["samples/CAM_FRONT_LEFT/n008-2018-09-18-14-35-12-0400__CAM_FRONT_LEFT__1537295917904799.jpg", "samples/CAM_FRONT/n008-2018-09-18-14-35-12-0400__CAM_FRONT__1537295917912404.jpg", "samples/CAM_FRONT_RIGHT/n008-2018-09-18-14-35-12-0400__CAM_FRONT_RIGHT__1537295917920482.jpg", "samples/CAM_BACK_LEFT/n008-2018-09-18-14-35-12-0400__CAM_BACK_LEFT__1537295917947405.jpg", "samples/CAM_BACK/n008-2018-09-18-14-35-12-0400__CAM_BACK__1537295917937558.jpg", "samples/CAM_BACK_RIGHT/n008-2018-09-18-14-35-12-0400__CAM_BACK_RIGHT__1537295917929437.jpg"], "intrinsics": [[[1257.8625342125129, 0.0, 827.2410631095686], [0.0, 1257.8625342125129, 450.915498205774], [0.0, 0.0, 1.0]], [[1252.8131021185304, 0.0, 826.588114781398], [0.0, 1252.8131021185304, 469.9846626224581], [0.0, 0.0, 1.0]], [[1256.7485116440405, 0.0, 817.7887570959712], [0.0, 1256.7485116440403, 451.9541780095127], [0.0, 0.0, 1.0]], [[1254.9860565800168, 0.0, 829.5769333630991], [0.0, 1254.9860565800168, 467.1680561863987], [0.0, 0.0, 1.0]], [[796.8910634503094, 0.0, 857.7774326863696], [0.0, 796.8910634503094, 476.8848988407415], [0.0, 0.0, 1.0]], [[1249.9629280788233, 0.0, 825.3768045375984], [0.0, 1249.9629280788233, 462.54816385708756], [0.0, 0.0, 1.0]]], "extrinsics": [[[0.8227828145027161, -0.5682195425033569, -0.01245521567761898, -0.7850494384765625], [0.0052198246121406555, 0.029468225315213203, -0.9995521306991577, 1.4896240234375], [0.5683320164680481, 0.8223492503166199, 0.027211952954530716, -1.18359375], [0.0, 0.0, 0.0, 1.0]], [[0.010580566711723804, -0.9996262788772583, -0.025207623839378357, 0.00927734375], [0.007212299387902021, 0.025284668430685997, -0.9996542930603027, 1.4817085266113281], [0.9999179840087891, 0.010395086370408535, 0.007477129343897104, -1.514892578125], [0.0, 0.0, 0.0, 1.0]], [[-0.8438684940338135, -0.5361089110374451, -0.021751301363110542, 0.947509765625], [0.015274452045559883, 0.016519341617822647, -0.9997468590736389, 1.4956550598144531], [0.5363326072692871, -0.8439871668815613, -0.005751381628215313, -1.1846923828125], [0.0, 0.0, 0.0, 1.0]], [[0.9478784203529358, 0.3186318278312683, 0.0006101393373683095, -1.1361083984375], [-0.009871140122413635, 0.03127889335155487, -0.9994619488716125, 1.5619583129882812], [-0.3184795081615448, 0.9473623037338257, 0.03279384598135948, -0.1588134765625], [0.0, 0.0, 0.0, 1.0]], [[0.009152447804808617, 0.99967360496521, 0.023853272199630737, -0.0286865234375], [-0.007837844081223011, 0.023925255984067917, -0.9996830224990845, 1.5675201416015625], [-0.9999274015426636, 0.008962610736489296, 0.008054260164499283, -0.023193359375], [0.0, 0.0, 0.0, 1.0]], [[-0.923796534538269, 0.382863312959671, 0.003949523437768221, 1.052398681640625], [-0.0037196974735707045, 0.0013405518839135766, -0.9999921917915344, 1.5473769903182983], [-0.3828654885292053, -0.9238040447235107, 0.00018573891429696232, -0.08740234375], [0.0, 0.0, 0.0, 1.0]]], "view": [[0.0, -2.0, 100.0], [-2.0, 0.0, 100.0], [0.0, 0.0, 1.0]], "bev": "bev_dc4d4f9243464c08838ba54c9e532c92.png", "aux": "aux_dc4d4f9243464c08838ba54c9e532c92.npz", "visibility": "visibility_dc4d4f9243464c08838ba54c9e532c92.png", "pose": [[0.8815572261810303, 0.4720771908760071, 0.0, 2028.045654296875], [-0.4720771908760071, 0.8815572261810303, 0.0, 1223.0965576171875], [0.0, 0.0, 1.0, 0.0], [0.0, 0.0, 0.0, 1.0]], "pose_inverse": [[0.8815572261810303, -0.4720771908760071, 0.0, -1210.4422607421875], [0.4720771908760071, 0.8815572261810303, 0.0, -2035.6236572265625], [0.0, 0.0, 1.0, 0.0], [0.0, 0.0, 0.0, 1.0]], "cam_ids": [0, 1, 2, 3, 4, 5], "cam_channels": ["CAM_FRONT_LEFT", "CAM_FRONT", "CAM_FRONT_RIGHT", "CAM_BACK_LEFT", "CAM_BACK", "CAM_BACK_RIGHT"], "token": "dc4d4f9243464c08838ba54c9e532c92", "scene": "scene-0629"}, {"images": ["samples/CAM_FRONT_LEFT/n008-2018-09-18-14-35-12-0400__CAM_FRONT_LEFT__1537295918404808.jpg", "samples/CAM_FRONT/n008-2018-09-18-14-35-12-0400__CAM_FRONT__1537295918412404.jpg", "samples/CAM_FRONT_RIGHT/n008-2018-09-18-14-35-12-0400__CAM_FRONT_RIGHT__1537295918420482.jpg", "samples/CAM_BACK_LEFT/n008-2018-09-18-14-35-12-0400__CAM_BACK_LEFT__1537295918447405.jpg", "samples/CAM_BACK/n008-2018-09-18-14-35-12-0400__CAM_BACK__1537295918437560.jpg", "samples/CAM_BACK_RIGHT/n008-2018-09-18-14-35-12-0400__CAM_BACK_RIGHT__1537295918428113.jpg"], "intrinsics": [[[1257.8625342125129, 0.0, 827.2410631095686], [0.0, 1257.8625342125129, 450.915498205774], [0.0, 0.0, 1.0]], [[1252.8131021185304, 0.0, 826.588114781398], [0.0, 1252.8131021185304, 469.9846626224581], [0.0, 0.0, 1.0]], [[1256.7485116440405, 0.0, 817.7887570959712], [0.0, 1256.7485116440403, 451.9541780095127], [0.0, 0.0, 1.0]], [[1254.9860565800168, 0.0, 829.5769333630991], [0.0, 1254.9860565800168, 467.1680561863987], [0.0, 0.0, 1.0]], [[796.8910634503094, 0.0, 857.7774326863696], [0.0, 796.8910634503094, 476.8848988407415], [0.0, 0.0, 1.0]], [[1249.9629280788233, 0.0, 825.3768045375984], [0.0, 1249.9629280788233, 462.54816385708756], [0.0, 0.0, 1.0]]], "extrinsics": [[[0.822192907333374, -0.5691489577293396, -0.008266416378319263, -0.7979583740234375], [0.0066301822662353516, 0.02409759722650051, -0.9996876120567322, 1.4899177551269531], [0.569170355796814, 0.8218812346458435, 0.02358643338084221, -1.19189453125], [0.0, 0.0, 0.0, 1.0]], [[0.009682407602667809, -0.9997566938400269, -0.019821949303150177, 0.0086669921875], [0.00863293744623661, 0.019905714318156242, -0.999764621257782, 1.4819374084472656], [0.9999157786369324, 0.009508959017693996, 0.008823570795357227, -1.5269775390625], [0.0, 0.0, 0.0, 1.0]], [[-0.8442548513412476, -0.5355663299560547, -0.020061776041984558, 0.953857421875], [0.016698330640792847, 0.011128573678433895, -0.999798595905304, 1.4957695007324219], [0.5356817841529846, -0.8444198966026306, -0.0004522891831584275, -1.18994140625], [0.0, 0.0, 0.0, 1.0]], [[0.9478968381881714, 0.31857752799987793, 0.00011078289389843121, -1.136962890625], [-0.00861801952123642, 0.025989700108766556, -0.999625027179718, 1.5619735717773438], [-0.31846097111701965, 0.9475404024124146, 0.027381064370274544, -0.15869140625], [0.0, 0.0, 0.0, 1.0]], [[0.009424111805856228, 0.9997841119766235, 0.018521489575505257, -0.028564453125], [-0.006568709388375282, 0.018583808094263077, -0.9998056888580322, 1.5676326751708984], [-0.9999340176582336, 0.009300628677010536, 0.006742427125573158, -0.0194091796875], [0.0, 0.0, 0.0, 1.0]], [[-0.9235890507698059, 0.38338327407836914, 0.0006817593821324408, 1.05120849609375], [-0.0024018592666834593, -0.004007944371551275, -0.9999890923500061, 1.5475292205810547], [-0.3833763897418976, -0.9235805869102478, 0.004622526466846466, -0.08837890625], [0.0, 0.0, 0.0, 1.0]]], "view": [[0.0, -2.0, 100.0], [-2.0, 0.0, 100.0], [0.0, 0.0, 1.0]], "bev": "bev_d4b3a58594d848d49dbef38e2e6e2125.png", "aux": "aux_d4b3a58594d848d49dbef38e2e6e2125.npz", "visibility": "visibility_d4b3a58594d848d49dbef38e2e6e2125.png", "pose": [[0.8810791373252869, 0.4729688763618469, 0.0, 2030.665771484375], [-0.4729688763618469, 0.8810791373252869, 0.0, 1221.6629638671875], [0.0, 0.0, 1.0, 0.0], [0.0, 0.0, 0.0, 1.0]], "pose_inverse": [[0.8810791373252869, -0.4729688763618469, 0.0, -1211.36865234375], [0.4729688763618469, 0.8810791373252869, 0.0, -2036.823486328125], [0.0, 0.0, 1.0, 0.0], [0.0, 0.0, 0.0, 1.0]], "cam_ids": [0, 1, 2, 3, 4, 5], "cam_channels": ["CAM_FRONT_LEFT", "CAM_FRONT", "CAM_FRONT_RIGHT", "CAM_BACK_LEFT", "CAM_BACK", "CAM_BACK_RIGHT"], "token": "d4b3a58594d848d49dbef38e2e6e2125", "scene": "scene-0629"}, {"images": ["samples/CAM_FRONT_LEFT/n008-2018-09-18-14-35-12-0400__CAM_FRONT_LEFT__1537295918904799.jpg", "samples/CAM_FRONT/n008-2018-09-18-14-35-12-0400__CAM_FRONT__1537295918912404.jpg", "samples/CAM_FRONT_RIGHT/n008-2018-09-18-14-35-12-0400__CAM_FRONT_RIGHT__1537295918920482.jpg", "samples/CAM_BACK_LEFT/n008-2018-09-18-14-35-12-0400__CAM_BACK_LEFT__1537295918947405.jpg", "samples/CAM_BACK/n008-2018-09-18-14-35-12-0400__CAM_BACK__1537295918937558.jpg", "samples/CAM_BACK_RIGHT/n008-2018-09-18-14-35-12-0400__CAM_BACK_RIGHT__1537295918928113.jpg"], "intrinsics": [[[1257.8625342125129, 0.0, 827.2410631095686], [0.0, 1257.8625342125129, 450.915498205774], [0.0, 0.0, 1.0]], [[1252.8131021185304, 0.0, 826.588114781398], [0.0, 1252.8131021185304, 469.9846626224581], [0.0, 0.0, 1.0]], [[1256.7485116440405, 0.0, 817.7887570959712], [0.0, 1256.7485116440403, 451.9541780095127], [0.0, 0.0, 1.0]], [[1254.9860565800168, 0.0, 829.5769333630991], [0.0, 1254.9860565800168, 467.1680561863987], [0.0, 0.0, 1.0]], [[796.8910634503094, 0.0, 857.7774326863696], [0.0, 796.8910634503094, 476.8848988407415], [0.0, 0.0, 1.0]], [[1249.9629280788233, 0.0, 825.3768045375984], [0.0, 1249.9629280788233, 462.54816385708756], [0.0, 0.0, 1.0]]], "extrinsics": [[[0.8226132988929749, -0.5685758590698242, -0.005370411556214094, -0.8324432373046875], [0.008015958592295647, 0.021040435880422592, -0.9997465014457703, 1.4899253845214844], [0.5685447454452515, 0.8223617076873779, 0.02186582237482071, -1.216552734375], [0.0, 0.0, 0.0, 1.0]], [[0.010341349057853222, -0.9998055696487427, -0.016790499910712242, 0.0086669921875], [0.009988207370042801, 0.016893843188881874, -0.9998074173927307, 1.4818496704101562], [0.9998965859413147, 0.010171622969210148, 0.010160970501601696, -1.563232421875], [0.0, 0.0, 0.0, 1.0]], [[-0.843941867351532, -0.5360767841339111, -0.019588667899370193, 0.979248046875], [0.018017679452896118, 0.008168530650436878, -0.9998042583465576, 1.4954566955566406], [0.5361319184303284, -0.844129741191864, 0.0027650941628962755, -1.205322265625], [0.0, 0.0, 0.0, 1.0]], [[0.9478833079338074, 0.31861749291419983, 0.0003131966514047235, -1.1385498046875], [-0.007499700412154198, 0.02329421602189541, -0.9997005462646484, 1.5620002746582031], [-0.3185293674468994, 0.9475971460342407, 0.024469736963510513, -0.15771484375], [0.0, 0.0, 0.0, 1.0]], [[0.00919104740023613, 0.9998340606689453, 0.015725787729024887, -0.02880859375], [-0.005293368361890316, 0.015774879604578018, -0.9998615384101868, 1.5677814483642578], [-0.9999437928199768, 0.009106510318815708, 0.00543747