[{"images": ["samples/CAM_FRONT_LEFT/n015-2018-09-26-11-17-24+0800__CAM_FRONT_LEFT__1537932159354844.jpg", "samples/CAM_FRONT/n015-2018-09-26-11-17-24+0800__CAM_FRONT__1537932159362460.jpg", "samples/CAM_FRONT_RIGHT/n015-2018-09-26-11-17-24+0800__CAM_FRONT_RIGHT__1537932159370339.jpg", "samples/CAM_BACK_LEFT/n015-2018-09-26-11-17-24+0800__CAM_BACK_LEFT__1537932159397423.jpg", "samples/CAM_BACK/n015-2018-09-26-11-17-24+0800__CAM_BACK__1537932159387525.jpg", "samples/CAM_BACK_RIGHT/n015-2018-09-26-11-17-24+0800__CAM_BACK_RIGHT__1537932159377893.jpg"], "intrinsics": [[[1272.5979470598488, 0.0, 826.6154927353808], [0.0, 1272.5979470598488, 479.75165386361925], [0.0, 0.0, 1.0]], [[1266.417203046554, 0.0, 816.2670197447984], [0.0, 1266.417203046554, 491.50706579294757], [0.0, 0.0, 1.0]], [[1260.8474446004698, 0.0, 807.968244525554], [0.0, 1260.8474446004698, 495.3344268742088], [0.0, 0.0, 1.0]], [[1256.7414812095406, 0.0, 792.1125740759628], [0.0, 1256.7414812095406, 492.7757465151356], [0.0, 0.0, 1.0]], [[809.2209905677063, 0.0, 829.2196003259838], [0.0, 809.2209905677063, 481.77842384512485], [0.0, 0.0, 1.0]], [[1259.5137405846733, 0.0, 807.2529053838625], [0.0, 1259.5137405846733, 501.19579884916527], [0.0, 0.0, 1.0]]], "extrinsics": [[[0.8232845067977905, -0.567381739616394, 0.01674969308078289, -0.80029296875], [0.009669593535363674, -0.015485293231904507, -0.999833345413208, 1.5101585388183594], [0.5675466060638428, 0.8233092427253723, -0.007262451108545065, -1.1636962890625], [0.0, 0.0, 0.0, 1.0]], [[0.009317127987742424, -0.999768078327179, 0.01940903812646866, 0.004638671875], [0.004316865932196379, -0.01936948485672474, -0.9998031258583069, 1.5212020874023438], [0.999947190284729, 0.009399078786373138, 0.004135396797209978, -1.5283889770507812], [0.0, 0.0, 0.0, 1.0]], [[-0.8312575817108154, -0.5558425188064575, -0.007048014551401138, 0.92767333984375], [0.009812986478209496, -0.0019959949422627687, -0.9999498128890991, 1.5048694610595703], [0.5558006167411804, -0.8312851786613464, 0.007113663479685783, -1.1806640625], [0.0, 0.0, 0.0, 1.0]], [[0.9478147625923157, 0.31874290108680725, 0.007078536320477724, -1.1510009765625], [0.01830325648188591, -0.03223421052098274, -0.999312698841095, 1.58837890625], [-0.3182956278324127, 0.9472929239273071, -0.036386094987392426, -0.1007080078125], [0.0, 0.0, 0.0, 1.0]], [[0.001679642009548843, 0.9997518062591553, -0.022213296964764595, 0.00341796875], [-0.007067651487886906, -0.02220090478658676, -0.9997285604476929, 1.5790634155273438], [-0.9999735355377197, 0.0018362002447247505, 0.007028606720268726, -0.03778839111328125], [0.0, 0.0, 0.0, 1.0]], [[-0.9353129267692566, 0.3528350293636322, -0.026405027136206627, 1.0546875], [0.02562759630382061, -0.006875482387840748, -0.9996479153633118, 1.553685188293457], [-0.3528924286365509, -0.9356602430343628, -0.0026115868240594864, -0.0953369140625], [0.0, 0.0, 0.0, 1.0]]], "view": [[0.0, -2.0, 100.0], [-2.0, 0.0, 100.0], [0.0, 0.0, 1.0]], "bev": "bev_562181be9f5848968bf43bc0eb1f0fcd.png", "aux": "aux_562181be9f5848968bf43bc0eb1f0fcd.npz", "visibility": "visibility_562181be9f5848968bf43bc0eb1f0fcd.png", "pose": [[0.8977745175361633, 0.44045528769493103, 0.0, 783.0804443359375], [-0.44045528769493103, 0.8977745175361633, 0.0, 1773.2327880859375], [0.0, 0.0, 1.0, 0.0], [0.0, 0.0, 0.0, 1.0]], "pose_inverse": [[0.8977745175361633, -0.44045528769493103, 0.0, 78.00008392333984], [0.44045528769493103, 0.8977745175361633, 0.0, -1936.875244140625], [0.0, 0.0, 1.0, 0.0], [0.0, 0.0, 0.0, 1.0]], "cam_ids": [0, 1, 2, 3, 4, 5], "cam_channels": ["CAM_FRONT_LEFT", "CAM_FRONT", "CAM_FRONT_RIGHT", "CAM_BACK_LEFT", "CAM_BACK", "CAM_BACK_RIGHT"], "token": "562181be9f5848968bf43bc0eb1f0fcd", "scene": "scene-0953"}, {"images": ["samples/CAM_FRONT_LEFT/n015-2018-09-26-11-17-24+0800__CAM_FRONT_LEFT__1537932159904844.jpg", "samples/CAM_FRONT/n015-2018-09-26-11-17-24+0800__CAM_FRONT__1537932159912460.jpg", "samples/CAM_FRONT_RIGHT/n015-2018-09-26-11-17-24+0800__CAM_FRONT_RIGHT__1537932159920339.jpg", "samples/CAM_BACK_LEFT/n015-2018-09-26-11-17-24+0800__CAM_BACK_LEFT__1537932159947423.jpg", "samples/CAM_BACK/n015-2018-09-26-11-17-24+0800__CAM_BACK__1537932159937525.jpg", "samples/CAM_BACK_RIGHT/n015-2018-09-26-11-17-24+0800__CAM_BACK_RIGHT__1537932159927893.jpg"], "intrinsics": [[[1272.5979470598488, 0.0, 826.6154927353808], [0.0, 1272.5979470598488, 479.75165386361925], [0.0, 0.0, 1.0]], [[1266.417203046554, 0.0, 816.2670197447984], [0.0, 1266.417203046554, 491.50706579294757], [0.0, 0.0, 1.0]], [[1260.8474446004698, 0.0, 807.968244525554], [0.0, 1260.8474446004698, 495.3344268742088], [0.0, 0.0, 1.0]], [[1256.7414812095406, 0.0, 792.1125740759628], [0.0, 1256.7414812095406, 492.7757465151356], [0.0, 0.0, 1.0]], [[809.2209905677063, 0.0, 829.2196003259838], [0.0, 809.2209905677063, 481.77842384512485], [0.0, 0.0, 1.0]], [[1259.5137405846733, 0.0, 807.2529053838625], [0.0, 1259.5137405846733, 501.19579884916527], [0.0, 0.0, 1.0]]], "extrinsics": [[[0.8220365643501282, -0.5693804025650024, 0.007864217273890972, -0.799560546875], [0.0041516609489917755, -0.007817431353032589, -0.9999607801437378, 1.5090837478637695], [0.5694195628166199, 0.8220370411872864, -0.0040623401291668415, -1.1661376953125], [0.0, 0.0, 0.0, 1.0]], [[0.007442674599587917, -0.9999028444290161, 0.01178450882434845, 0.0064697265625], [-0.0010094877798110247, -0.011792343109846115, -0.9999300241470337, 1.5203723907470703], [0.9999717473983765, 0.007430233061313629, -0.0010971566662192345, -1.5293121337890625], [0.0, 0.0, 0.0, 1.0]], [[-0.8321534991264343, -0.5545011758804321, -0.006996517069637775, 0.929443359375], [0.004723954480141401, 0.0055279904045164585, -0.9999735355377197, 1.5042247772216797], [0.5545252561569214, -0.8321645259857178, -0.001980697736144066, -1.1798095703125], [0.0, 0.0, 0.0, 1.0]], [[0.9477426409721375, 0.3189961612224579, 0.005044557619839907, -1.152801513671875], [0.013539266772568226, -0.024417690932750702, -0.999610185623169, 1.5884056091308594], [-0.3187485933303833, 0.9474413990974426, -0.02746065892279148, -0.1004638671875], [0.0, 0.0, 0.0, 1.0]], [[0.0020485343411564827, 0.999891996383667, -0.014553938060998917, 0.0028076171875], [-0.011884208768606186, -0.014528598636388779, -0.9998238682746887, 1.5789031982421875], [-0.999927282333374, 0.0022210958413779736, 0.011853163130581379, -0.036468505859375], [0.0, 0.0, 0.0, 1.0]], [[-0.9350320100784302, 0.354047954082489, -0.01911301538348198, 1.05548095703125], [0.020689738914370537, 0.0006683929823338985, -0.9997857213020325, 1.5532362461090088], [-0.3539593517780304, -0.9352270364761353, -0.007950128056108952, -0.0938720703125], [0.0, 0.0, 0.0, 1.0]]], "view": [[0.0, -2.0, 100.0], [-2.0, 0.0, 100.0], [0.0, 0.0, 1.0]], "bev": "bev_83da74e410c840c48a5f7a3a192eeed4.png", "aux": "aux_83da74e410c840c48a5f7a3a192eeed4.npz", "visibility": "visibility_83da74e410c840c48a5f7a3a192eeed4.png", "pose": [[0.8755665421485901, 0.48309755325317383, 0.0, 785.5330200195312], [-0.48309755325317383, 0.8755665421485901, 0.0, 1771.9537353515625], [0.0, 0.0, 1.0, 0.0], [0.0, 0.0, 0.0, 1.0]], "pose_inverse": [[0.8755665421485901, -0.48309755325317383, 0.0, 168.24009704589844], [0.48309755325317383, 0.8755665421485901, 0.0, -1930.9525146484375], [0.0, 0.0, 1.0, 0.0], [0.0, 0.0, 0.0, 1.0]], "cam_ids": [0, 1, 2, 3, 4, 5], "cam_channels": ["CAM_FRONT_LEFT", "CAM_FRONT", "CAM_FRONT_RIGHT", "CAM_BACK_LEFT", "CAM_BACK", "CAM_BACK_RIGHT"], "token": "83da74e410c840c48a5f7a3a192eeed4", "scene": "scene-0953"}, {"images": ["samples/CAM_FRONT_LEFT/n015-2018-09-26-11-17-24+0800__CAM_FRONT_LEFT__1537932160404844.jpg", "samples/CAM_FRONT/n015-2018-09-26-11-17-24+0800__CAM_FRONT__1537932160412460.jpg", "samples/CAM_FRONT_RIGHT/n015-2018-09-26-11-17-24+0800__CAM_FRONT_RIGHT__1537932160420339.jpg", "samples/CAM_BACK_LEFT/n015-2018-09-26-11-17-24+0800__CAM_BACK_LEFT__1537932160447423.jpg", "samples/CAM_BACK/n015-2018-09-26-11-17-24+0800__CAM_BACK__1537932160437525.jpg", "samples/CAM_BACK_RIGHT/n015-2018-09-26-11-17-24+0800__CAM_BACK_RIGHT__1537932160427895.jpg"], "intrinsics": [[[1272.5979470598488, 0.0, 826.6154927353808], [0.0, 1272.5979470598488, 479.75165386361925], [0.0, 0.0, 1.0]], [[1266.417203046554, 0.0, 816.2670197447984], [0.0, 1266.417203046554, 491.50706579294757], [0.0, 0.0, 1.0]], [[1260.8474446004698, 0.0, 807.968244525554], [0.0, 1260.8474446004698, 495.3344268742088], [0.0, 0.0, 1.0]], [[1256.7414812095406, 0.0, 792.1125740759628], [0.0, 1256.7414812095406, 492.7757465151356], [0.0, 0.0, 1.0]], [[809.2209905677063, 0.0, 829.2196003259838], [0.0, 809.2209905677063, 481.77842384512485], [0.0, 0.0, 1.0]], [[1259.5137405846733, 0.0, 807.2529053838625], [0.0, 1259.5137405846733, 501.19579884916527], [0.0, 0.0, 1.0]]], "extrinsics": [[[0.8207231163978577, -0.5712780356407166, 0.007419066037982702, -0.799560546875], [0.005039562471210957, -0.005746350158005953, -0.9999707937240601, 1.5092639923095703], [0.5713039040565491, 0.8207365274429321, -0.0018371714977547526, -1.16455078125], [0.0, 0.0, 0.0, 1.0]], [[0.005370677914470434, -0.9999381303787231, 0.009735974483191967, 0.005615234375], [-0.00019706171588040888, -0.009737173095345497, -0.9999526143074036, 1.5204963684082031], [0.9999855160713196, 0.005368475336581469, -0.0002493456704542041, -1.5286712646484375], [0.0, 0.0, 0.0, 1.0]], [[-0.8330931663513184, -0.5530633926391602, -0.00875421054661274, 0.9287109375], [0.005499402526766062, 0.007544008083641529, -0.9999563694000244, 1.5043277740478516], [0.553105354309082, -0.8331050276756287, -0.003243342973291874, -1.1802978515625], [0.0, 0.0, 0.0, 1.0]], [[0.9478538632392883, 0.31863608956336975, 0.006632966920733452, -1.154052734375], [0.014451917260885239, -0.022180993109941483, -0.9996494650840759, 1.5883636474609375], [-0.3183772563934326, 0.9476175904273987, -0.02562924288213253, -0.0994873046875], [0.0, 0.0, 0.0, 1.0]], [[0.0026114347856491804, 0.9999181032180786, -0.01252575684338808, 0.0029296875], [-0.01107381097972393, -0.012496115639805794, -0.9998605847358704, 1.5789356231689453], [-0.9999353289604187, 0.002749744802713394, 0.011040271259844303, -0.0361175537109375], [0.0, 0.0, 0.0, 1.0]], [[-0.9345974326133728, 0.3551919758319855, -0.019137978553771973, 1.05572509765625], [0.02145954594016075, 0.002597265876829624, -0.9997663497924805, 1.5533027648925781], [-0.35505929589271545, -0.934789776802063, -0.01004965603351593, -0.094482421875], [0.0, 0.0, 0.0, 1.0]]], "view": [[0.0, -2.0, 100.0], [-2.0, 0.0, 100.0], [0.0, 0.0, 1.0]], "bev": "bev_7d7a050293444bd69a533873de845d18.png", "aux": "aux_7d7a050293444bd69a533873de845d18.npz", "visibility": "visibility_7d7a050293444bd69a533873de845d18.png", "pose": [[0.8677619695663452, 0.49698004126548767, 0.0, 787.7255249023438], [-0.49698004126548767, 0.8677619695663452, 0.0, 1770.714599609375], [0.0, 0.0, 1.0, 0.0], [0.0, 0.0, 0.0, 1.0]], "pose_inverse": [[0.8677619695663452, -0.49698004126548767, 0.0, 196.4515380859375], [0.49698004126548767, 0.8677619695663452, 0.0, -1928.0426025390625], [0.0, 0.0, 1.0, 0.0], [0.0, 0.0, 0.0, 1.0]], "cam_ids": [0, 1, 2, 3, 4, 5], "cam_channels": ["CAM_FRONT_LEFT", "CAM_FRONT", "CAM_FRONT_RIGHT", "CAM_BACK_LEFT", "CAM_BACK", "CAM_BACK_RIGHT"], "token": "7d7a050293444bd69a533873de845d18", "scene": "scene-0953"}, {"images": ["samples/CAM_FRONT_LEFT/n015-2018-09-26-11-17-24+0800__CAM_FRONT_LEFT__1537932160904844.jpg", "samples/CAM_FRONT/n015-2018-09-26-11-17-24+0800__CAM_FRONT__1537932160912460.jpg", "samples/CAM_FRONT_RIGHT/n015-2018-09-26-11-17-24+0800__CAM_FRONT_RIGHT__1537932160920339.jpg", "samples/CAM_BACK_LEFT/n015-2018-09-26-11-17-24+0800__CAM_BACK_LEFT__1537932160947423.jpg", "samples/CAM_BACK/n015-2018-09-26-11-17-24+0800__CAM_BACK__1537932160937525.jpg", "samples/CAM_BACK_RIGHT/n015-2018-09-26-11-17-24+0800__CAM_BACK_RIGHT__1537932160927893.jpg"], "intrinsics": [[[1272.5979470598488, 0.0, 826.6154927353808], [0.0, 1272.5979470598488, 479.75165386361925], [0.0, 0.0, 1.0]], [[1266.417203046554, 0.0, 816.2670197447984], [0.0, 1266.417203046554, 491.50706579294757], [0.0, 0.0, 1.0]], [[1260.8474446004698, 0.0, 807.968244525554], [0.0, 1260.8474446004698, 495.3344268742088], [0.0, 0.0, 1.0]], [[1256.7414812095406, 0.0, 792.1125740759628], [0.0, 1256.7414812095406, 492.7757465151356], [0.0, 0.0, 1.0]], [[809.2209905677063, 0.0, 829.2196003259838], [0.0, 809.2209905677063, 481.77842384512485], [0.0, 0.0, 1.0]], [[1259.5137405846733, 0.0, 807.2529053838625], [0.0, 1259.5137405846733, 501.19579884916527], [0.0, 0.0, 1.0]]], "extrinsics": [[[0.8209845423698425, -0.5709310173988342, 0.004703897517174482, -0.8038330078125], [0.0019497524481266737, -0.005435161758214235, -0.9999833703041077, 1.5086326599121094], [0.570946991443634, 0.8209800720214844, -0.003349010366946459, -1.168701171875], [0.0, 0.0, 0.0, 1.0]], [[0.0059857615269720554, -0.9999374151229858, 0.009450811892747879, 0.0062255859375], [-0.003319646930322051, -0.009470799937844276, -0.9999496936798096, 1.5200080871582031], [0.9999765753746033, 0.0059540350921452045, -0.0033761290833353996, -1.532958984375], [0.0, 0.0, 0.0, 1.0]], [[-0.8327844142913818, -0.5535621047019958, -0.006240543909370899, 0.93133544921875], [0.002328177448362112, 0.007770525757223368, -0.9999670386314392, 1.503922462463379], [0.5535923838615417, -0.8327716588973999, -0.005182382185012102, -1.18115234375], [0.0, 0.0, 0.0, 1.0]], [[0.9477171897888184, 0.3190939426422119, 0.003359047928825021, -1.15234375], [0.010956846177577972, -0.022018466144800186, -0.9996975064277649, 1.5884437561035156], [-0.3189234137535095, 0.9474672675132751, -0.02436354197561741, -0.1007080078125], [0.0, 0.0, 0.0, 1.0]], [[0.0023576864041388035, 0.9999209046363831, -0.012358554638922215, 0.002685546875], [-0.014418424107134342, -0.012323311530053616, -0.9998201131820679, 1.5788040161132812], [-0.9998932480812073, 0.002535534091293812, 0.014388225972652435, -0.03656005859375], [0.0, 0.0, 0.0, 1.0]], [[-0.9348000884056091, 0.3548116683959961, -0.01604425720870495, 1.056640625], [0.01822538673877716, 0.002805893076583743, -0.9998300075531006, 1.5530009269714355], [-0.354706346988678, -0.934933602809906, -0.009089531376957893, -0.0936279296875], [0.0, 0.0, 0.0, 1.0]]], "view": [[0.0, -2.0, 100.0], [-2.0, 0.0, 100.0], [0.0, 0.0, 1.0]], "bev": "bev_5aa86892d14c4efe8d00a54ab3c34e77.png", "aux": "aux_5aa86892d14c4efe8d00a54ab3c34e77.npz", "visibility": "visibility_5aa86892d14c4efe8d00a54ab3c34e77.png", "pose": [[0.8639354109764099, 0.5036026239395142, 0.0, 789.9056396484375], [-0.5036026239395142, 0.8639354109764099, 0.0, 1769.448974609375], [0.0, 0.0, 1.0, 0.0], [0.0, 0.0, 0.0, 1.0]], "pose_inverse": [[0.8639354109764099, -0.5036026239395142, 0.0, 208.67172241210938], [0.5036026239395142, 0.8639354109764099, 0.0, -1926.4881591796875], [0.0, 0.0, 1.0, 0.0], [0.0, 0.0, 0.0, 1.0]], "cam_ids": [0, 1, 2, 3, 4, 5], "cam_channels": ["CAM_FRONT_LEFT", "CAM_FRONT", "CAM_FRONT_RIGHT", "CAM_BACK_LEFT", "CAM_BACK", "CAM_BACK_RIGHT"], "token": "5aa86892d14c4efe8d00a54ab3c34e77", "scene": "scene-0953"}, {"images": ["samples/CAM_FRONT_LEFT/n015-2018-09-26-11-17-24+0800__CAM_FRONT_LEFT__1537932161404844.jpg", "samples/CAM_FRONT/n015-2018-09-26-11-17-24+0800__CAM_FRONT__1537932161412460.jpg", "samples/CAM_FRONT_RIGHT/n015-2018-09-26-11-17-24+0800__CAM_FRONT_RIGHT__1537932161420454.jpg", "samples/CAM_BACK_LEFT/n015-2018-09-26-11-17-24+0800__CAM_BACK_LEFT__1537932161447423.jpg", "samples/CAM_BACK/n015-2018-09-26-11-17-24+0800__CAM_BACK__1537932161437525.jpg", "samples/CAM_BACK_RIGHT/n015-2018-09-26-11-17-24+0800__CAM_BACK_RIGHT__1537932161427893.jpg"], "intrinsics": [[[1272.5979470598488, 0.0, 826.6154927353808], [0.0, 1272.5979470598488, 479.75165386361925], [0.0, 0.0, 1.0]], [[1266.417203046554, 0.0, 816.2670197447984], [0.0, 1266.417203046554, 491.50706579294757], [0.0, 0.0, 1.0]], [[1260.8474446004698, 0.0, 807.968244525554], [0.0, 1260.8474446004698, 495.3344268742088], [0.0, 0.0, 1.0]], [[1256.7414812095406, 0.0, 792.1125740759628], [0.0, 1256.7414812095406, 492.7757465151356], [0.0, 0.0, 1.0]], [[809.2209905677063, 0.0, 829.2196003259838], [0.0, 809.2209905677063, 481.77842384512485], [0.0, 0.0, 1.0]], [[1259.5137405846733, 0.0, 807.2529053838625], [0.0, 1259.5137405846733, 501.19579884916527], [0.0, 0.0, 1.0]]], "extrinsics": [[[0.8204748630523682, -0.5716680884361267, 0.004069832619279623, -0.798583984375], [0.002162486780434847, -0.0040154848247766495, -0.9999895691871643, 1.5086898803710938], [0.5716784000396729, 0.820475161075592, -0.0020583795849233866, -1.16650390625], [0.0, 0.0, 0.0, 1.0]], [[0.005488101858645678, -0.9999533295631409, 0.007947932928800583, 0.0072021484375], [-0.0033228453248739243, -0.007966244593262672, -0.9999628067016602, 1.5199995040893555], [0.9999793767929077, 0.005461494438350201, -0.0033664104994386435, -1.5283355712890625], [0.0, 0.0, 0.0, 1.0]], [[-0.8329248428344727, -0.5533427000045776, -0.006932537537068129, 0.928955078125], [0.0021054360549896955, 0.009358665905892849, -0.9999539852142334, 1.503896713256836], [0.5533820986747742, -0.832901120185852, -0.0066300369799137115, -1.1785888671875], [0.0, 0.0, 0.0, 1.0]], [[0.9476905465126038, 0.31917381286621094, 0.0032639377750456333, -1.14898681640625], [0.010293296538293362, -0.020339295268058777, -0.9997401237487793, 1.5884857177734375], [-0.3190244734287262, 0.9474778771400452, -0.022560711950063705, -0.1016845703125], [0.0, 0.0, 0.0, 1.0]], [[0.002419522497802973, 0.9999405145645142, -0.01063486747443676, 0.0023193359375], [-0.015036942437291145, -0.010597314685583115, -0.9998308420181274, 1.5787410736083984], [-0.9998840093612671, 0.0025789926294237375, 0.01501040905714035, -0.039581298828125], [0.0, 0.0, 0.0, 1.0]], [[-0.9347442984580994, 0.35500162839889526, -0.015061640180647373, 1.0533447265625], [0.017816415056586266, 0.004492077045142651, -0.9998311400413513, 1.5530223846435547], [-0.35487401485443115, -0.9348548650741577, -0.010523800738155842, -0.0941162109375], [0.0, 0.0, 0.0, 1.0]]], "view": [[0.0, -2.0, 100.0], [-2.0, 0.0, 100.0], [0.0, 0.0, 1.0]], "bev": "bev_52106f08d5d74b6c9a73b1c323bff83d.png", "aux": "aux_52106f08d5d74b6c9a73b1c323bff83d.npz", "visibility": "visibility_52106f08d5d74b6c9a73b1c323bff83d.png", "pose": [[0.8678525686264038, 0.496821790933609, 0.0, 792.0353393554688], [-0.496821790933609, 0.8678525686264038, 0.0, 1768.2093505859375], [0.0, 0.0, 1.0, 0.0], [0.0, 0.0, 0.0, 1.0]], "pose_inverse": [[0.8678525686264038, -0.496821790933609, 0.0, 191.114990234375], [0.496821790933609, 0.8678525686264038, 0.0, -1928.0455322265625], [0.0, 0.0, 1.0, 0.0], [0.0, 0.0, 0.0, 1.0]], "cam_ids": [0, 1, 2, 3, 4, 5], "cam_channels": ["CAM_FRONT_LEFT", "CAM_FRONT", "CAM_FRONT_RIGHT", "CAM_BACK_LEFT", "CAM_BACK", "CAM_BACK_RIGHT"], "token": "52106f08d5d74b6c9a73b1c323bff83d", "scene": "scene-0953"}, {"images": ["samples/CAM_FRONT_LEFT/n015-2018-09-26-11-17-24+0800__CAM_FRONT_LEFT__1537932161904844.jpg", "samples/CAM_FRONT/n015-2018-09-26-11-17-24+0800__CAM_FRONT__1537932161912460.jpg", "samples/CAM_FRONT_RIGHT/n015-2018-09-26-11-17-24+0800__CAM_FRONT_RIGHT__1537932161920339.jpg", "samples/CAM_BACK_LEFT/n015-2018-09-26-11-17-24+0800__CAM_BACK_LEFT__1537932161947423.jpg", "samples/CAM_BACK/n015-2018-09-26-11-17-24+0800__CAM_BACK__1537932161937525.jpg", "samples/CAM_BACK_RIGHT/n015-2018-09-26-11-17-24+0800__CAM_BACK_RIGHT__1537932161927893.jpg"], "intrinsics": [[[1272.5979470598488, 0.0, 826.6154927353808], [0.0, 1272.5979470598488, 479.75165386361925], [0.0, 0.0, 1.0]], [[1266.417203046554, 0.0, 816.2670197447984], [0.0, 1266.417203046554, 491.50706579294757], [0.0, 0.0, 1.0]], [[1260.8474446004698, 0.0, 807.968244525554], [0.0, 1260.8474446004698, 495.3344268742088], [0.0, 0.0, 1.0]], [[1256.7414812095406, 0.0, 792.1125740759628], [0.0, 1256.7414812095406, 492.7757465151356], [0.0, 0.0, 1.0]], [[809.2209905677063, 0.0, 829.2196003259838], [0.0, 809.2209905677063, 481.77842384512485], [0.0, 0.0, 1.0]], [[1259.5137405846733, 0.0, 807.2529053838625], [0.0, 1259.5137405846733, 501.19579884916527], [0.0, 0.0, 1.0]]], "extrinsics": [[[0.819309413433075, -0.5733445882797241, 0.0028277484234422445, -0.7884521484375], [0.003979517612606287, 0.000754748354665935, -0.999991774559021, 1.5091018676757812], [0.5733377933502197, 0.8193139433860779, 0.002900007413700223, -1.157958984375], [0.0, 0.0, 0.0, 1.0]], [[0.0036365529522299767, -0.9999879598617554, 0.003284141654148698, 0.0062255859375], [-0.0011486948933452368, -0.0032883386593312025, -0.9999939799308777, 1.5203337669372559], [0.9999927282333374, 0.003632716601714492, -0.001160639920271933, -1.516876220703125], [0.0, 0.0, 0.0, 1.0]], [[-0.8337376117706299, -0.5520389676094055, -0.01159349363297224, 0.92034912109375], [0.004687528125941753, 0.013919440098106861, -0.9998921155929565, 1.5042667388916016], [0.5521407723426819, -0.833702027797699, -0.009017463773488998, -1.1737060546875], [0.0, 0.0, 0.0, 1.0]], [[0.9476826786994934, 0.3191162943840027, 0.007895582355558872, -1.145416259765625], [0.013883559964597225, -0.016493869945406914, -0.999767541885376, 1.5885124206542969], [-0.3189118802547455, 0.9475720524787903, -0.020061425864696503, -0.102783203125], [0.0, 0.0, 0.0, 1.0]], [[0.002964431419968605, 0.9999743700027466, -0.0065229604952037334, 0.0025634765625], [-0.011695872992277145, -0.006487871520221233, -0.9999105334281921, 1.5788202285766602], [-0.9999271631240845, 0.0030404694844037294, 0.01167633943259716, -0.04425048828125], [0.0, 0.0, 0.0, 1.0]], [[-0.9343193173408508, 0.3560679852962494, -0.016215745359659195, 1.046630859375], [0.02073904499411583, 0.008889520540833473, -0.9997454285621643, 1.5534305572509766], [-0.3558332622051239, -0.9344177842140198, -0.015690162777900696, -0.0972900390625], [0.0, 0.0, 0.0, 1.0]]], "view": [[0.0, -2.0, 100.0], [-2.0, 0.0, 100.0], [0.0, 0.0, 1.0]], "bev": "bev_7f2d59688ab745a0bc3c9144f7740da2.png", "aux": "aux_7f2d59688ab745a0bc3c9144f7740da2.npz", "visibility": "visibility_7f2d59688ab745a0bc3c9144f7740da2.png", "pose": [[0.8802850246429443, 0.4744451940059662, 0.0, 794.2234497070312], [-0.4744451940059662, 0.8802850246429443, 0.0, 1766.98388671875], [0.0, 0.0, 1.0, 0.0], [0.0, 0.0, 0.0, 1.0]], "pose_inverse": [[0.8802850246429443, -0.4744451940059662, 0.0, 139.19395446777344], [0.4744451940059662, 0.8802850246429443, 0.0, -1932.2650146484375], [0.0, 0.0, 1.0, 0.0], [0.0, 0.0, 0.0, 1.0]], "cam_ids": [0, 1, 2, 3, 4, 5], "cam_channels": ["CAM_FRONT_LEFT", "CAM_FRONT", "CAM_FRONT_RIGHT", "CAM_BACK_LEFT", "CAM_BACK", "CAM_BACK_RIGHT"], "token": "7f2d59688ab745a0bc3c9144f7740da2", "scene": "scene-0953"}, {"images": ["samples/CAM_FRONT_LEFT/n015-2018-09-26-11-17-24+0800__CAM_FRONT_LEFT__1537932162404844.jpg", "samples/CAM_FRONT/n015-2018-09-26-11-17-24+0800__CAM_FRONT__1537932162412460.jpg", "samples/CAM_FRONT_RIGHT/n015-2018-09-26-11-17-24+0800__CAM_FRONT_RIGHT__1537932162420339.jpg", "samples/CAM_BACK_LEFT/n015-2018-09-26-11-17-24+0800__CAM_BACK_LEFT__1537932162447423.jpg", "samples/CAM_BACK/n015-2018-09-26-11-17-24+0800__CAM_BACK__1537932162437525.jpg", "samples/CAM_BACK_RIGHT/n015-2018-09-26-11-17-24+0800__CAM_BACK_RIGHT__1537932162427893.jpg"], "intrinsics": [[[1272.5979470598488, 0.0, 826.6154927353808], [0.0, 1272.5979470598488, 479.75165386361925], [0.0, 0.0, 1.0]], [[1266.417203046554, 0.0, 816.2670197447984], [0.0, 1266.417203046554, 491.50706579294757], [0.0, 0.0, 1.0]], [[1260.8474446004698, 0.0, 807.968244525554], [0.0, 1260.8474446004698, 495.3344268742088], [0.0, 0.0, 1.0]], [[1256.7414812095406, 0.0, 792.1125740759628], [0.0, 1256.7414812095406, 492.7757465151356], [0.0, 0.0, 1.0]], [[809.2209905677063, 0.0, 829.2196003259838], [0.0, 809.2209905677063, 481.77842384512485], [0.0, 0.0, 1.0]], [[1259.5137405846733, 0.0, 807.2529053838625], [0.0, 1259.5137405846733, 501.19579884916527], [0.0, 0.0, 1.0]]], "extrinsics": [[[0.8191680908203125, -0.5735514163970947, -0.0015399610856547952, -0.7891845703125], [0.00041101922397501767, 0.0032719760201871395, -0.9999945163726807, 1.5083279609680176], [0.5735534429550171, 0.8191630244255066, 0.00291603896766901, -1.1600341796875], [0.0, 0.0, 0.0, 1.0]], [[0.0034200989175587893, -0.9999939203262329, 0.0006653388845734298, 0.007568359375], [-0.004904378671199083, -0.0006821086863055825, -0.9999877214431763, 1.5196797847747803], [0.9999821782112122, 0.0034167873673141003, -0.00490668136626482, -1.5181045532226562], [0.0, 0.0, 0.0, 1.0]], [[-0.8338826298713684, -0.5518550276756287, -0.009784957394003868, 0.9212646484375], [0.0007422362687066197, 0.016607021912932396, -0.9998617768287659, 1.503713607788086], [0.5519412159919739, -0.8337746858596802, -0.013438699766993523, -1.173095703125], [0.0, 0.0, 0.0, 1.0]], [[0.9476967453956604, 0.3191397190093994, 0.0045563532039523125, -1.1435546875], [0.009432084858417511, -0.013733910396695137, -0.9998611807823181, 1.5885562896728516], [-0.31903275847435, 0.9476081728935242, -0.016025735065340996, -0.104248046875], [0.0, 0.0, 0.0, 1.0]], [[0.003018271178007126, 0.9999880194664001, -0.0038545720744878054, 0.001953125], [-0.016035350039601326, -0.003805695101618767, -0.9998641610145569, 1.5786018371582031], [-0.9998669028282166, 0.0030796758364886045, 0.016023671254515648, -0.04547882080078125], [0.0, 0.0, 0.0, 1.0]], [[-0.9343261122703552, 0.35623621940612793, -0.011422460898756981, 1.04595947265625], [0.016587333753705025, 0.011447002179920673, -0.9997969269752502, 1.5530223846435547], [-0.3560331165790558, -0.9343258142471313, -0.016604242846369743, -0.0963134765625], [0.0, 0.0, 0.0, 1.0]]], "view": [[0.0, -2.0, 100.0], [-2.0, 0.0, 100.0], [0.0, 0.0, 1.0]], "bev": "bev_b26cb08a9abc4857822aec4e3467130c.png", "aux": "aux_b26cb08a9abc4857822aec4e3467130c.npz", "visibility": "visibility_b26cb08a9abc4857822aec4e3467130c.png", "pose": [[0.8950894474983215, 0.44588667154312134, 0.0, 796.437744140625], [-0.44588667154312134, 0.8950894474983215, 0.0, 1765.8206787109375], [0.0, 0.0, 1.0, 0.0], [0.0, 0.0, 0.0, 1.0]], "pose_inverse": [[0.8950894474983215, -0.44588667154312134, 0.0, 74.4729232788086], [0.44588667154312134, 0.8950894474983215, 0.0, -1935.6883544921875], [0.0, 0.0, 1.0, 0.0], [0.0, 0.0, 0.0, 1.0]], "cam_ids": [0, 1, 2, 3, 4, 5], "cam_channels": ["CAM_FRONT_LEFT", "CAM_FRONT", "CAM_FRONT_RIGHT", "CAM_BACK_LEFT", "CAM_BACK", "CAM_BACK_RIGHT"], "token": "b26cb08a9abc4857822aec4e3467130c", "scene": "scene-0953"}, {"images": ["samples/CAM_FRONT_LEFT/n015-2018-09-26-11-17-24+0800__CAM_FRONT_LEFT__1537932162904844.jpg", "samples/CAM_FRONT/n015-2018-09-26-11-17-24+0800__CAM_FRONT__1537932162912460.jpg", "samples/CAM_FRONT_RIGHT/n015-2018-09-26-11-17-24+0800__CAM_FRONT_RIGHT__1537932162920339.jpg", "samples/CAM_BACK_LEFT/n015-2018-09-26-11-17-24+0800__CAM_BACK_LEFT__1537932162947423.jpg", "samples/CAM_BACK/n015-2018-09-26-11-17-24+0800__CAM_BACK__1537932162937525.jpg", "samples/CAM_BACK_RIGHT/n015-2018-09-26-11-17-24+0800__CAM_BACK_RIGHT__1537932162927893.jpg"], "intrinsics": [[[1272.5979470598488, 0.0, 826.6154927353808], [0.0, 1272.5979470598488, 479.75165386361925], [0.0, 0.0, 1.0]], [[1266.417203046554, 0.0, 816.2670197447984], [0.0, 1266.417203046554, 491.50706579294757], [0.0, 0.0, 1.0]], [[1260.8474446004698, 0.0, 807.968244525554], [0.0, 1260.8474446004698, 495.3344268742088], [0.0, 0.0, 1.0]], [[1256.7414812095406, 0.0, 792.1125740759628], [0.0, 1256.7414812095406, 492.7757465151356], [0.0, 0.0, 1.0]], [[809.2209905677063, 0.0, 829.2196003259838], [0.0, 809.2209905677063, 481.77842384512485], [0.0, 0.0, 1.0]], [[1259.5137405846733, 0.0, 807.2529053838625], [0.0, 1259.5137405846733, 501.19579884916527], [0.0, 0.0, 1.0]]], "extrinsics": [[[0.81919264793396, -0.5735179781913757, -0.0007954008760862052, -0.7890625], [0.0017715003341436386, 0.00391721585765481, -0.9999907612800598, 1.5086126327514648], [0.5735157132148743, 0.8191836476325989, 0.004224941600114107, -1.160888671875], [0.0, 0.0, 0.0, 1.0]], [[0.003521809121593833, -0.9999937415122986, 0.0003120511828456074, 0.0084228515625], [-0.0036211125552654266, -0.00032480392837896943, -0.9999934434890747, 1.5199041366577148], [0.9999871850013733, 0.003520630532875657, -0.00362223363481462, -1.5183653831481934], [0.0, 0.0, 0.0, 1.0]], [[-0.8338059782981873, -0.5519513487815857, -0.010826539248228073, 0.921875], [0.0019442167831584811, 0.016675226390361786, -0.9998590350151062, 1.503866195678711], [0.5520541071891785, -0.8337095379829407, -0.01283078920096159, -1.172607421875], [0.0, 0.0, 0.0, 1.0]], [[0.9477152824401855, 0.31907618045806885, 0.005111056845635176, -1.14599609375], [0.010270543396472931, -0.014489641413092613, -0.9998422265052795, 1.5885257720947266], [-0.3189517855644226, 0.947618305683136, -0.01700914092361927, -0.1029052734375], [0.0, 0.0, 0.0, 1.0]], [[0.0029857761692255735, 0.9999862909317017, -0.0043169669806957245, 0.0018310546875], [-0.015028591267764568, -0.004271627403795719, -0.9998779296875, 1.5786609649658203], [-0.9998826384544373, 0.0030503033194690943, 0.015015628188848495, -0.04470062255859375], [0.0, 0.0, 0.0, 1.0]], [[-0.9343430995941162, 0.35615524649620056, -0.012509129010140896, 1.046142578125], [0.017725029960274696, 0.011385224759578705, -0.9997780919075012, 1.5531253814697266], [-0.3559338450431824, -0.9343575239181519, -0.016950570046901703, -0.0958251953125], [0.0, 0.0, 0.0, 1.0]]], "view": [[0.0, -2.0, 100.0], [-2.0, 0.0, 100.0], [0.0, 0.0, 1.0]], "bev": "bev_30519272cb81497e916ab1d3f23ed547.png", "aux": "aux_30519272cb81497e916ab1d3f23ed547.npz", "visibility": "visibility_30519272cb81497e916ab1d3f23ed547.png", "pose": [[0.9092085361480713, 0.41634106636047363, 0.0, 798.6672973632812], [-0.41634106636047363, 0.9092085361480713, 0.0, 1764.7347412109375], [0.0, 0.0, 1.0, 0.0], [0.0, 0.0, 0.0, 1.0]], "pose_inverse": [[0.9092085361480713, -0.41634106636047363, 0.0, 8.57642936706543], [0.41634106636047363, 0.9092085361480713, 0.0, -1937.02978515625], [0.0, 0.0, 1.0, 0.0], [0.0, 0.0, 0.0, 1.0]], "cam_ids": [0, 1, 2, 3, 4, 5], "cam_channels": ["CAM_FRONT_LEFT", "CAM_FRONT", "CAM_FRONT_RIGHT", "CAM_BACK_LEFT", "CAM_BACK", "CAM_BACK_RIGHT"], "token": "30519272cb81497e916ab1d3f23ed547", "scene": "scene-0953"}, {"images": ["samples/CAM_FRONT_LEFT/n015-2018-09-26-11-17-24+0800__CAM_FRONT_LEFT__1537932163404844.jpg", "samples/CAM_FRONT/n015-2018-09-26-11-17-24+0800__CAM_FRONT__1537932163412460.jpg", "samples/CAM_FRONT_RIGHT/n015-2018-09-26-11-17-24+0800__CAM_FRONT_RIGHT__1537932163420339.jpg", "samples/CAM_BACK_LEFT/n015-2018-09-26-11-17-24+0800__CAM_BACK_LEFT__1537932163447423.jpg", "samples/CAM_BACK/n015-2018-09-26-11-17-24+0800__CAM_BACK__1537932163437525.jpg", "samples/CAM_BACK_RIGHT/n015-2018-09-26-11-17-24+0800__CAM_BACK_RIGHT__1537932163427893.jpg"], "intrinsics": [[[1272.5979470598488, 0.0, 826.6154927353808], [0.0, 1272.5979470598488, 479.75165386361925], [0.0, 0.0, 1.0]], [[1266.417203046554, 0.0, 816.2670197447984], [0.0, 1266.417203046554, 491.50706579294757], [0.0, 0.0, 1.0]], [[1260.8474446004698, 0.0, 807.968244525554], [0.0, 1260.8474446004698, 495.3344268742088], [0.0, 0.0, 1.0]], [[1256.7414812095406, 0.0, 792.1125740759628], [0.0, 1256.7414812095406, 492.7757465151356], [0.0, 0.0, 1.0]], [[809.2209905677063, 0.0, 829.2196003259838], [0.0, 809.2209905677063, 481.77842384512485], [0.0, 0.0, 1.0]], [[1259.5137405846733, 0.0, 807.2529053838625], [0.0, 1259.5137405846733, 501.19579884916527], [0.0, 0.0, 1.0]]], "extrinsics": [[[0.820127546787262, -0.5721808671951294, -1.3096718248561956e-05, -0.788330078125], [0.0031695475336164236, 0.00456591509282589, -0.9999845623970032, 1.5089035034179688], [0.5721721053123474, 0.82011479139328, 0.005558186676353216, -1.1619873046875], [0.0, 0.0, 0.0, 1.0]], [[0.005268528591841459, -0.9999861717224121, -5.996298114041565e-06, 0.009521484375], [-0.00230837007984519, -6.165542799863033e-06, -0.9999973177909851, 1.520131230354309], [0.9999834895133972, 0.005268523935228586, -0.0023083705455064774, -1.5182304382324219], [0.0, 0.0, 0.0, 1.0]], [[-0.832728385925293, -0.5535551905632019, -0.01183619350194931, 0.9219970703125], [0.0031291262712329626, 0.016671830788254738, -0.9998560547828674, 1.5040149688720703], [0.5536729097366333, -0.8326456546783447, -0.012150960974395275, -1.1715087890625], [0.0, 0.0, 0.0, 1.0]], [[0.9474763870239258, 0.31977593898773193, 0.005635428242385387, -1.14532470703125], [0.011118612252175808, -0.015323870815336704, -0.9998207688331604, 1.5885448455810547], [-0.31963226199150085, 0.9473692774772644, -0.01807447336614132, -0.10400390625], [0.0, 0.0, 0.0, 1.0]], [[0.0021929258946329355, 0.9999858140945435, -0.00486490735784173, 0.0013427734375], [-0.014065433293581009, -0.004833593964576721, -0.9998894333839417, 1.578688621520996], [-0.9998986721038818, 0.002261090325191617, 0.014054631814360619, -0.0462493896484375], [0.0, 0.0, 0.0, 1.0]], [[-0.9348370432853699, 0.354815274477005, -0.013627766631543636, 1.0447998046875], [0.018806217238307, 0.011150140315294266, -0.9997609853744507, 1.5532379150390625], [-0.35457858443260193, -0.9348699450492859, -0.017096297815442085, -0.0953369140625], [0.0, 0.0, 0.0, 1.0]]], "view": [[0.0, -2.0, 100.0], [-2.0, 0.0, 100.0], [0.0, 0.0, 1.0]], "bev": "bev_4e26a07a4a254caeac5cb5a9379087b3.png", "aux": "aux_4e26a07a4a254caeac5cb5a9379087b3.npz", "visibility": "visibility_4e26a07a4a254caeac5cb5a9379087b3.png", "pose": [[0.92154461145401, 0.38827255368232727, 0.0, 800.9652709960938], [-0.38827255368232727, 0.92154461145401, 0.0, 1763.706787109375], [0.0, 0.0, 1.0, 0.0], [0.0, 0.0, 0.0, 1.0]], "pose_inverse": [[0.92154461145401, -0.38827255368232727, 0.0, -53.32626724243164], [0.38827255368232727, 0.92154461145401, 0.0, -1936.3272705078125], [0.0, 0.0, 1.0, 0.0], [0.0, 0.0, 0.0, 1.0]], "cam_ids": [0, 1, 2, 3, 4, 5], "cam_channels": ["CAM_FRONT_LEFT", "CAM_FRONT", "CAM_FRONT_RIGHT", "CAM_BACK_LEFT", "CAM_BACK", "CAM_BACK_RIGHT"], "token": "4e26a07a4a254caeac5cb5a9379087b3", "scene": "scene-0953"}, {"images": ["samples/CAM_FRONT_LEFT/n015-2018-09-26-11-17-24+0800__CAM_FRONT_LEFT__1537932163904844.jpg", "samples/CAM_FRONT/n015-2018-09-26-11-17-24+0800__CAM_FRONT__1537932163912460.jpg", "samples/CAM_FRONT_RIGHT/n015-2018-09-26-11-17-24+0800__CAM_FRONT_RIGHT__1537932163920339.jpg", "samples/CAM_BACK_LEFT/n015-2018-09-26-11-17-24+0800__CAM_BACK_LEFT__1537932163947423.jpg", "samples/CAM_BACK/n015-2018-09-26-11-17-24+0800__CAM_BACK__1537932163937525.jpg", "samples/CAM_BACK_RIGHT/n015-2018-09-26-11-17-24+0800__CAM_BACK_RIGHT__1537932163927893.jpg"], "intrinsics": [[[1272.5979470598488, 0.0, 826.6154927353808], [0.0, 1272.5979470598488, 479.75165386361925], [0.0, 0.0, 1.0]], [[1266.417203046554, 0.0, 816.2670197447984], [0.0, 1266.417203046554, 491.50706579294757], [0.0, 0.0, 1.0]], [[1260.8474446004698, 0.0, 807.968244525554], [0.0, 1260.8474446004698, 495.3344268742088], [0.0, 0.0, 1.0]], [[1256.7414812095406, 0.0, 792.1125740759628], [0.0, 1256.7414812095406, 492.7757465151356], [0.0, 0.0, 1.0]], [[809.2209905677063, 0.0, 829.2196003259838], [0.0, 809.2209905677063, 481.77842384512485], [0.0, 0.0, 1.0]], [[1259.5137405846733, 0.0, 807.2529053838625], [0.0, 1259.5137405846733, 501.19579884916527], [0.0, 0.0, 1.0]]], "extrinsics": [[[0.8201302289962769, -0.5721768736839294, 8.794490713626146e-05, -0.8001708984375], [0.0019630473107099533, 0.0026600344572216272, -0.9999945163726807, 1.5086369514465332], [0.5721734762191772, 0.820125937461853, 0.003304785117506981, -1.1669921875], [0.0, 0.0, 0.0, 1.0]], [[0.004750071093440056, -0.9999874830245972, 0.0015335939824581146, 0.0069580078125], [-0.0032462014351040125, -0.0015490232035517693, -0.9999935626983643, 1.5200023651123047], [0.9999834299087524, 0.004745061509311199, -0.0032535193022340536, -1.5282440185546875], [0.0, 0.0, 0.0, 1.0]], [[-0.8333324193954468, -0.552669882774353, -0.010639756917953491, 0.9268798828125], [0.0024871460627764463, 0.015498995780944824, -0.9998767971992493, 1.503946304321289], [0.5527666807174683, -0.833256185054779, -0.011541243642568588, -1.177734375], [0.0, 0.0, 0.0, 1.0]], [[0.9478077292442322, 0.31878718733787537, 0.0059271506033837795, -1.14154052734375], [0.011446604505181313, -0.015443298034369946, -0.9998152256011963, 1.58856201171875], [-0.3186367452144623, 0.9477005004882812, -0.018286308273673058, -0.1038818359375], [0.0, 0.0, 0.0, 1.0]], [[0.002882931614294648, 0.9999819993972778, -0.005271668080240488, 0.0028076171875], [-0.014075364917516708, -0.005230589769780636, -0.9998872876167297, 1.5787038803100586], [-0.999896764755249, 0.002956794109195471, 0.01406003162264824, -0.04461669921875], [0.0, 0.0, 0.0, 1.0]], [[-0.9345186948776245, 0.3556543290615082, -0.01359461434185505, 1.05035400390625], [0.018465790897607803, 0.01030509453266859, -0.9997764229774475, 1.5531330108642578], [-0.3554348349571228, -0.9345607161521912, -0.016197744756937027, -0.095458984375], [0.0, 0.0, 0.0, 1.0]]], "view": [[0.0, -2.0, 100.0], [-2.0, 0.0, 100.0], [0.0, 0.0, 1.0]], "bev": "bev_dc027bb919a7428aa270db8d3a7107fc.png", "aux": "aux_dc027bb919a7428aa270db8d3a7107fc.npz", "visibility": "visibility_dc027bb919a7428aa270db8d3a7107fc.png", "pose": [[0.9290264248847961, 0.37001335620880127, 0.0, 803.1871337890625], [-0.37001335620880127, 0.9290264248847961, 0.0, 1762.7845458984375], [0.0, 0.0, 1.0, 0.0], [0.0, 0.0, 0.0, 1.0]], "pose_inverse": [[0.9290264248847961, -0.37001335620880127, 0.0, -93.92822265625], [0.37001335620880127, 0.9290264248847961, 0.0, -1934.8634033203125], [0.0, 0.0, 1.0, 0.0], [0.0, 0.0, 0.0, 1.0]], "cam_ids": [0, 1, 2, 3, 4, 5], "cam_channels": ["CAM_FRONT_LEFT", "CAM_FRONT", "CAM_FRONT_RIGHT", "CAM_BACK_LEFT", "CAM_BACK", "CAM_BACK_RIGHT"], "token": "dc027bb919a7428aa270db8d3a7107fc", "scene": "scene-0953"}, {"images": ["samples/CAM_FRONT_LEFT/n015-2018-09-26-11-17-24+0800__CAM_FRONT_LEFT__1537932164404844.jpg", "samples/CAM_FRONT/n015-2018-09-26-11-17-24+0800__CAM_FRONT__1537932164412460.jpg", "samples/CAM_FRONT_RIGHT/n015-2018-09-26-11-17-24+0800__CAM_FRONT_RIGHT__1537932164420339.jpg", "samples/CAM_BACK_LEFT/n015-2018-09-26-11-17-24+0800__CAM_BACK_LEFT__1537932164447427.jpg", "samples/CAM_BACK/n015-2018-09-26-11-17-24+0800__CAM_BACK__1537932164437525.jpg", "samples/CAM_BACK_RIGHT/n015-2018-09-26-11-17-24+0800__CAM_BACK_RIGHT__1537932164427893.jpg"], "intrinsics": [[[1272.5979470598488, 0.0, 826.6154927353808], [0.0, 1272.5979470598488, 479.75165386361925], [0.0, 0.0, 1.0]], [[1266.417203046554, 0.0, 816.2670197447984], [0.0, 1266.417203046554, 491.50706579294757], [0.0, 0.0, 1.0]], [[1260.8474446004698, 0.0, 807.968244525554], [0.0, 1260.8474446004698, 495.3344268742088], [0.0, 0.0, 1.0]], [[1256.7414812095406, 0.0, 792.1125740759628], [0.0, 1256.7414812095406, 492.7757465151356], [0.0, 0.0, 1.0]], [[809.2209905677063, 0.0, 829.2196003259838], [0.0, 809.2209905677063, 481.77842384512485], [0.0, 0.0, 1.0]], [[1259.5137405846733, 0.0, 807.2529053838625], [0.0, 1259.5137405846733, 501.19579884916527], [0.0, 0.0, 1.0]]], "extrinsics": [[[0.8206877708435059, -0.571358859539032, 0.004533177241683006, -0.80157470703125], [0.0026212104130536318, -0.004168880172073841, -0.9999878406524658, 1.508772373199463], [0.5713708400726318, 0.8206897974014282, -0.0019236967200413346, -1.1683349609375], [0.0, 0.0, 0.0, 1.0]], [[0.005569049622863531, -0.99994957447052, 0.008360065519809723, 0.0072021484375], [-0.002756543457508087, -0.008375514298677444, -0.9999611973762512, 1.5200958251953125], [0.9999807476997375, 0.005545794498175383, -0.0028030481189489365, -1.5293045043945312], [0.0, 0.0, 0.0, 1.0]], [[-0.8329529166221619, -0.5532979965209961, -0.0071267480961978436, 0.9273681640625], [0.002786900382488966, 0.008684461005032063, -0.9999583959579468, 1.5039873123168945], [0.5533368587493896, -0.8329381346702576, -0.005691760219633579, -1.1776123046875], [0.0, 0.0, 0.0, 1.0]], [[0.9476661682128906, 0.31924325227737427, 0.00356286927126348, -1.13934326171875], [0.011256021447479725, -0.02225635014474392, -0.9996889233589172, 1.5886077880859375], [-0.31906458735466003, 0.9474114775657654, -0.024684997275471687, -0.105224609375], [0.0, 0.0, 0.0, 1.0]], [[0.00244634412229