[{"images": ["samples/CAM_FRONT_LEFT/n015-2018-11-21-19-38-26+0800__CAM_FRONT_LEFT__1542800607904844.jpg", "samples/CAM_FRONT/n015-2018-11-21-19-38-26+0800__CAM_FRONT__1542800607912460.jpg", "samples/CAM_FRONT_RIGHT/n015-2018-11-21-19-38-26+0800__CAM_FRONT_RIGHT__1542800607920339.jpg", "samples/CAM_BACK_LEFT/n015-2018-11-21-19-38-26+0800__CAM_BACK_LEFT__1542800607947423.jpg", "samples/CAM_BACK/n015-2018-11-21-19-38-26+0800__CAM_BACK__1542800607937525.jpg", "samples/CAM_BACK_RIGHT/n015-2018-11-21-19-38-26+0800__CAM_BACK_RIGHT__1542800607927893.jpg"], "intrinsics": [[[1272.5979470598488, 0.0, 826.6154927353808], [0.0, 1272.5979470598488, 479.75165386361925], [0.0, 0.0, 1.0]], [[1266.417203046554, 0.0, 816.2670197447984], [0.0, 1266.417203046554, 491.50706579294757], [0.0, 0.0, 1.0]], [[1260.8474446004698, 0.0, 807.968244525554], [0.0, 1260.8474446004698, 495.3344268742088], [0.0, 0.0, 1.0]], [[1256.7414812095406, 0.0, 792.1125740759628], [0.0, 1256.7414812095406, 492.7757465151356], [0.0, 0.0, 1.0]], [[809.2209905677063, 0.0, 829.2196003259838], [0.0, 809.2209905677063, 481.77842384512485], [0.0, 0.0, 1.0]], [[1259.5137405846733, 0.0, 807.2529053838625], [0.0, 1259.5137405846733, 501.19579884916527], [0.0, 0.0, 1.0]]], "extrinsics": [[[0.8266972303390503, -0.56260085105896, 0.007214976474642754, -0.898193359375], [0.0017443567048758268, -0.010260436683893204, -0.9999458193778992, 1.508397102355957], [0.5626444220542908, 0.8266649842262268, -0.007500896696001291, -1.2359619140625], [0.0, 0.0, 0.0, 1.0]], [[0.01430543139576912, -0.9997978210449219, 0.014127525500953197, 0.006561279296875], [-0.0035843371879309416, -0.014180155470967293, -0.999893069267273, 1.52030611038208], [0.9998911619186401, 0.014253311790525913, -0.003786466084420681, -1.626708984375], [0.0, 0.0, 0.0, 1.0]], [[-0.829177737236023, -0.5589748024940491, -0.0033615867141634226, 0.990234375], [0.0018483548192307353, 0.003271969500929117, -0.9999929070472717, 1.5037364959716797], [0.5589818954467773, -0.8291781544685364, -0.0016798595897853374, -1.2196044921875], [0.0, 0.0, 0.0, 1.0]], [[0.9477061629295349, 0.31914129853248596, 0.0014161107828840613, -1.14111328125], [0.010359733365476131, -0.026328274980187416, -0.9995996356010437, 1.58856201171875], [-0.3189762234687805, 0.9473413228988647, -0.028257684782147408, -0.10382080078125], [0.0, 0.0, 0.0, 1.0]], [[-0.00010875520820263773, 0.9998612403869629, -0.01665581203997135, 0.0030059814453125], [-0.01495406124740839, -0.01665557734668255, -0.9997494220733643, 1.579061508178711], [-0.9998881816864014, 0.0001403162896167487, 0.014953797683119774, -0.017578125], [0.0, 0.0, 0.0, 1.0]], [[-0.9364742040634155, 0.3503188490867615, -0.017111456021666527, 1.101806640625], [0.017718203365802765, -0.00147327093873173, -0.9998419284820557, 1.5521049499511719], [-0.3502886891365051, -0.9366294145584106, -0.00482734153047204, -0.0765380859375], [0.0, 0.0, 0.0, 1.0]]], "view": [[0.0, -2.0, 100.0], [-2.0, 0.0, 100.0], [0.0, 0.0, 1.0]], "bev": "bev_d3c2b0a3d30145159453681bc6b5b4e5.png", "aux": "aux_d3c2b0a3d30145159453681bc6b5b4e5.npz", "visibility": "visibility_d3c2b0a3d30145159453681bc6b5b4e5.png", "pose": [[0.7816048264503479, -0.6237739324569702, 0.0, 1850.21533203125], [0.6237739324569702, 0.7816048264503479, 0.0, 1245.6953125], [0.0, 0.0, 1.0, 0.0], [0.0, 0.0, 0.0, 1.0]], "pose_inverse": [[0.7816048264503479, 0.6237739324569702, 0.0, -2223.16943359375], [-0.6237739324569702, 0.7816048264503479, 0.0, 180.4745635986328], [0.0, 0.0, 1.0, 0.0], [0.0, 0.0, 0.0, 1.0]], "cam_ids": [0, 1, 2, 3, 4, 5], "cam_channels": ["CAM_FRONT_LEFT", "CAM_FRONT", "CAM_FRONT_RIGHT", "CAM_BACK_LEFT", "CAM_BACK", "CAM_BACK_RIGHT"], "token": "d3c2b0a3d30145159453681bc6b5b4e5", "scene": "scene-1087"}, {"images": ["samples/CAM_FRONT_LEFT/n015-2018-11-21-19-38-26+0800__CAM_FRONT_LEFT__1542800608404844.jpg", "samples/CAM_FRONT/n015-2018-11-21-19-38-26+0800__CAM_FRONT__1542800608412460.jpg", "samples/CAM_FRONT_RIGHT/n015-2018-11-21-19-38-26+0800__CAM_FRONT_RIGHT__1542800608420339.jpg", "samples/CAM_BACK_LEFT/n015-2018-11-21-19-38-26+0800__CAM_BACK_LEFT__1542800608447423.jpg", "samples/CAM_BACK/n015-2018-11-21-19-38-26+0800__CAM_BACK__1542800608437525.jpg", "samples/CAM_BACK_RIGHT/n015-2018-11-21-19-38-26+0800__CAM_BACK_RIGHT__1542800608427893.jpg"], "intrinsics": [[[1272.5979470598488, 0.0, 826.6154927353808], [0.0, 1272.5979470598488, 479.75165386361925], [0.0, 0.0, 1.0]], [[1266.417203046554, 0.0, 816.2670197447984], [0.0, 1266.417203046554, 491.50706579294757], [0.0, 0.0, 1.0]], [[1260.8474446004698, 0.0, 807.968244525554], [0.0, 1260.8474446004698, 495.3344268742088], [0.0, 0.0, 1.0]], [[1256.7414812095406, 0.0, 792.1125740759628], [0.0, 1256.7414812095406, 492.7757465151356], [0.0, 0.0, 1.0]], [[809.2209905677063, 0.0, 829.2196003259838], [0.0, 809.2209905677063, 481.77842384512485], [0.0, 0.0, 1.0]], [[1259.5137405846733, 0.0, 807.2529053838625], [0.0, 1259.5137405846733, 501.19579884916527], [0.0, 0.0, 1.0]]], "extrinsics": [[[0.8292840123176575, -0.5587896704673767, 0.006481873337179422, -0.884521484375], [0.00678230682387948, -0.001534131239168346, -0.9999758005142212, 1.5089073181152344], [0.5587860941886902, 0.829308032989502, 0.00251765176653862, -1.2259521484375], [0.0, 0.0, 0.0, 1.0]], [[0.018199343234300613, -0.9998176693916321, 0.005772079806774855, 0.00612640380859375], [0.0015186388045549393, -0.0057453871704638, -0.9999824166297913, 1.5206507444381714], [0.9998332262039185, 0.018207738175988197, 0.0014138000551611185, -1.611572265625], [0.0, 0.0, 0.0, 1.0]], [[-0.8273508548736572, -0.5615535378456116, -0.01217387244105339, 0.9798583984375], [0.0069426558911800385, 0.011448184959590435, -0.999910295009613, 1.5040884017944336], [0.561642587184906, -0.8273612260818481, -0.005572990979999304, -1.21337890625], [0.0, 0.0, 0.0, 1.0]], [[0.9476672410964966, 0.3191394507884979, 0.008770925924181938, -1.140869140625], [0.015690838918089867, -0.019118452444672585, -0.9996940493583679, 1.5885581970214844], [-0.3188741207122803, 0.9475148916244507, -0.02312549576163292, -0.1033935546875], [0.0, 0.0, 0.0, 1.0]], [[-0.0012550459941849113, 0.9999580979347229, -0.009070439264178276, 0.0040435791015625], [-0.009677406400442123, -0.009082167409360409, -0.9999119639396667, 1.5791149139404297], [-0.9999524354934692, -0.0011672056280076504, 0.009688399732112885, -0.022216796875], [0.0, 0.0, 0.0, 1.0]], [[-0.9372133612632751, 0.3482285439968109, -0.019184114411473274, 1.093017578125], [0.022882631048560143, 0.006510732229799032, -0.9997169971466064, 1.5525169372558594], [-0.348005086183548, -0.9373870491981506, -0.014070332050323486, -0.08062744140625], [0.0, 0.0, 0.0, 1.0]]], "view": [[0.0, -2.0, 100.0], [-2.0, 0.0, 100.0], [0.0, 0.0, 1.0]], "bev": "bev_e0f6c7c52f794f38ba04181e1ff59014.png", "aux": "aux_e0f6c7c52f794f38ba04181e1ff59014.npz", "visibility": "visibility_e0f6c7c52f794f38ba04181e1ff59014.png", "pose": [[0.8661749958992004, -0.4997408092021942, 0.0, 1851.043701171875], [0.4997408092021942, 0.8661749958992004, 0.0, 1246.2425537109375], [0.0, 0.0, 1.0, 0.0], [0.0, 0.0, 0.0, 1.0]], "pose_inverse": [[0.8661749958992004, 0.4997408092021942, 0.0, -2226.1259765625], [-0.4997408092021942, 0.8661749958992004, 0.0, -154.4220428466797], [0.0, 0.0, 1.0, 0.0], [0.0, 0.0, 0.0, 1.0]], "cam_ids": [0, 1, 2, 3, 4, 5], "cam_channels": ["CAM_FRONT_LEFT", "CAM_FRONT", "CAM_FRONT_RIGHT", "CAM_BACK_LEFT", "CAM_BACK", "CAM_BACK_RIGHT"], "token": "e0f6c7c52f794f38ba04181e1ff59014", "scene": "scene-1087"}, {"images": ["samples/CAM_FRONT_LEFT/n015-2018-11-21-19-38-26+0800__CAM_FRONT_LEFT__1542800608904844.jpg", "samples/CAM_FRONT/n015-2018-11-21-19-38-26+0800__CAM_FRONT__1542800608912460.jpg", "samples/CAM_FRONT_RIGHT/n015-2018-11-21-19-38-26+0800__CAM_FRONT_RIGHT__1542800608920339.jpg", "samples/CAM_BACK_LEFT/n015-2018-11-21-19-38-26+0800__CAM_BACK_LEFT__1542800608947423.jpg", "samples/CAM_BACK/n015-2018-11-21-19-38-26+0800__CAM_BACK__1542800608937525.jpg", "samples/CAM_BACK_RIGHT/n015-2018-11-21-19-38-26+0800__CAM_BACK_RIGHT__1542800608927893.jpg"], "intrinsics": [[[1272.5979470598488, 0.0, 826.6154927353808], [0.0, 1272.5979470598488, 479.75165386361925], [0.0, 0.0, 1.0]], [[1266.417203046554, 0.0, 816.2670197447984], [0.0, 1266.417203046554, 491.50706579294757], [0.0, 0.0, 1.0]], [[1260.8474446004698, 0.0, 807.968244525554], [0.0, 1260.8474446004698, 495.3344268742088], [0.0, 0.0, 1.0]], [[1256.7414812095406, 0.0, 792.1125740759628], [0.0, 1256.7414812095406, 492.7757465151356], [0.0, 0.0, 1.0]], [[809.2209905677063, 0.0, 829.2196003259838], [0.0, 809.2209905677063, 481.77842384512485], [0.0, 0.0, 1.0]], [[1259.5137405846733, 0.0, 807.2529053838625], [0.0, 1259.5137405846733, 501.19579884916527], [0.0, 0.0, 1.0]]], "extrinsics": [[[0.8317150473594666, -0.5551892518997192, 0.0038621192798018456, -0.8619384765625], [0.0007122746901586652, -0.005889237858355045, -0.9999824166297913, 1.508319616317749], [0.5552021265029907, 0.8317031860351562, -0.004502721596509218, -1.2076416015625], [0.0, 0.0, 0.0, 1.0]], [[0.02164250984787941, -0.9997177720069885, 0.009793371893465519, 0.0040283203125], [-0.004709100350737572, -0.009897492825984955, -0.9999399781227112, 1.5200119018554688], [0.9997546076774597, 0.02159511111676693, -0.004921978805214167, -1.5888671875], [0.0, 0.0, 0.0, 1.0]], [[-0.8260260820388794, -0.563612699508667, -0.004658727906644344, 0.96484375], [0.0004923921078443527, 0.007543950341641903, -0.9999713897705078, 1.5037026405334473], [0.5636317133903503, -0.8260047435760498, -0.0059539806097745895, -1.2059326171875], [0.0, 0.0, 0.0, 1.0]], [[0.9477049708366394, 0.3191453218460083, 0.0012515309499576688, -1.140869140625], [0.008778611198067665, -0.02214776910841465, -0.9997161030769348, 1.5885419845581055], [-0.31902703642845154, 0.9474469423294067, -0.023791205137968063, -0.1031341552734375], [0.0, 0.0, 0.0, 1.0]], [[-0.00213986705057323, 0.9999206066131592, -0.012421411462128162, 0.005126953125], [-0.016429714858531952, -0.012454917654395103, -0.999787449836731, 1.5788421630859375], [-0.9998626708984375, -0.0019353663083165884, 0.016455061733722687, -0.027587890625], [0.0, 0.0, 0.0, 1.0]], [[-0.9378979206085205, 0.34661710262298584, -0.014287346042692661, 1.0828857421875], [0.016286393627524376, 0.0028549626003950834, -0.99986332654953, 1.5524024963378906], [-0.34652894735336304, -0.938002347946167, -0.008322807028889656, -0.0859375], [0.0, 0.0, 0.0, 1.0]]], "view": [[0.0, -2.0, 100.0], [-2.0, 0.0, 100.0], [0.0, 0.0, 1.0]], "bev": "bev_0f0271e92173404e8edde85e29ea39f8.png", "aux": "aux_0f0271e92173404e8edde85e29ea39f8.npz", "visibility": "visibility_0f0271e92173404e8edde85e29ea39f8.png", "pose": [[0.9493295550346375, -0.31428229808807373, 0.0, 1852.2572021484375], [0.31428229808807373, 0.9493295550346375, 0.0, 1246.7847900390625], [0.0, 0.0, 1.0, 0.0], [0.0, 0.0, 0.0, 1.0]], "pose_inverse": [[0.9493295550346375, 0.31428229808807373, 0.0, -2150.244873046875], [-0.31428229808807373, 0.9493295550346375, 0.0, -601.47802734375], [0.0, 0.0, 1.0, 0.0], [0.0, 0.0, 0.0, 1.0]], "cam_ids": [0, 1, 2, 3, 4, 5], "cam_channels": ["CAM_FRONT_LEFT", "CAM_FRONT", "CAM_FRONT_RIGHT", "CAM_BACK_LEFT", "CAM_BACK", "CAM_BACK_RIGHT"], "token": "0f0271e92173404e8edde85e29ea39f8", "scene": "scene-1087"}, {"images": ["samples/CAM_FRONT_LEFT/n015-2018-11-21-19-38-26+0800__CAM_FRONT_LEFT__1542800609404844.jpg", "samples/CAM_FRONT/n015-2018-11-21-19-38-26+0800__CAM_FRONT__1542800609412460.jpg", "samples/CAM_FRONT_RIGHT/n015-2018-11-21-19-38-26+0800__CAM_FRONT_RIGHT__1542800609420339.jpg", "samples/CAM_BACK_LEFT/n015-2018-11-21-19-38-26+0800__CAM_BACK_LEFT__1542800609447423.jpg", "samples/CAM_BACK/n015-2018-11-21-19-38-26+0800__CAM_BACK__1542800609437525.jpg", "samples/CAM_BACK_RIGHT/n015-2018-11-21-19-38-26+0800__CAM_BACK_RIGHT__1542800609428356.jpg"], "intrinsics": [[[1272.5979470598488, 0.0, 826.6154927353808], [0.0, 1272.5979470598488, 479.75165386361925], [0.0, 0.0, 1.0]], [[1266.417203046554, 0.0, 816.2670197447984], [0.0, 1266.417203046554, 491.50706579294757], [0.0, 0.0, 1.0]], [[1260.8474446004698, 0.0, 807.968244525554], [0.0, 1260.8474446004698, 495.3344268742088], [0.0, 0.0, 1.0]], [[1256.7414812095406, 0.0, 792.1125740759628], [0.0, 1256.7414812095406, 492.7757465151356], [0.0, 0.0, 1.0]], [[809.2209905677063, 0.0, 829.2196003259838], [0.0, 809.2209905677063, 481.77842384512485], [0.0, 0.0, 1.0]], [[1259.5137405846733, 0.0, 807.2529053838625], [0.0, 1259.5137405846733, 501.19579884916527], [0.0, 0.0, 1.0]]], "extrinsics": [[[0.8333372473716736, -0.5527641177177429, -0.0009807946626096964, -0.8392333984375], [-8.524908480467275e-05, 0.0016458231257274747, -0.9999986886978149, 1.508242130279541], [0.5527649521827698, 0.8333361744880676, 0.0013244033325463533, -1.191650390625], [0.0, 0.0, 0.0, 1.0]], [[0.02419177256524563, -0.9997038841247559, 0.0026319758035242558, 0.00390625], [-0.005254349205642939, -0.0027598589658737183, -0.9999824166297913, 1.519857406616211], [0.9996935129165649, 0.024177508428692818, -0.0053195590153336525, -1.5655517578125], [0.0, 0.0, 0.0, 1.0]], [[-0.8248121738433838, -0.5653471350669861, -0.008211186155676842, 0.94921875], [0.00015524140326306224, 0.01429617591202259, -0.9998977184295654, 1.5037040710449219], [0.5654066801071167, -0.8247291445732117, -0.011703894473612309, -1.1956634521484375], [0.0, 0.0, 0.0, 1.0]], [[0.9476268887519836, 0.31936317682266235, 0.003229791298508644, -1.1396484375], [0.009130244143307209, -0.01698026992380619, -0.9998140931129456, 1.5885576009750366], [-0.3192490041255951, 0.9474802613258362, -0.019006824120879173, -0.103302001953125], [0.0, 0.0, 0.0, 1.0]], [[-0.0031097077298909426, 0.9999734163284302, -0.0066125113517045975, 0.00537109375], [-0.016264459118247032, -0.006662245839834213, -0.999845564365387, 1.5787353515625], [-0.9998628497123718, -0.0030016812961548567, 0.01628473959863186, -0.0352783203125], [0.0, 0.0, 0.0, 1.0]], [[-0.9383971095085144, 0.34535059332847595, -0.011996498331427574, 1.071533203125], [0.016189489513635635, 0.009259449318051338, -0.9998260736465454, 1.5526084899902344], [-0.3451794683933258, -0.9384280443191528, -0.014280091039836407, -0.09033203125], [0.0, 0.0, 0.0, 1.0]]], "view": [[0.0, -2.0, 100.0], [-2.0, 0.0, 100.0], [0.0, 0.0, 1.0]], "bev": "bev_b9d82912db584bb89782d9f75f4f77e1.png", "aux": "aux_b9d82912db584bb89782d9f75f4f77e1.npz", "visibility": "visibility_b9d82912db584bb89782d9f75f4f77e1.png", "pose": [[0.9967303276062012, -0.08080027252435684, 0.0, 1853.82421875], [0.08080027252435684, 0.9967303276062012, 0.0, 1247.1116943359375], [0.0, 0.0, 1.0, 0.0], [0.0, 0.0, 0.0, 1.0]], "pose_inverse": [[0.9967303276062012, 0.08080027252435684, 0.0, -1948.52978515625], [-0.08080027252435684, 0.9967303276062012, 0.0, -1093.2445068359375], [0.0, 0.0, 1.0, 0.0], [0.0, 0.0, 0.0, 1.0]], "cam_ids": [0, 1, 2, 3, 4, 5], "cam_channels": ["CAM_FRONT_LEFT", "CAM_FRONT", "CAM_FRONT_RIGHT", "CAM_BACK_LEFT", "CAM_BACK", "CAM_BACK_RIGHT"], "token": "b9d82912db584bb89782d9f75f4f77e1", "scene": "scene-1087"}, {"images": ["samples/CAM_FRONT_LEFT/n015-2018-11-21-19-38-26+0800__CAM_FRONT_LEFT__1542800609904844.jpg", "samples/CAM_FRONT/n015-2018-11-21-19-38-26+0800__CAM_FRONT__1542800609912460.jpg", "samples/CAM_FRONT_RIGHT/n015-2018-11-21-19-38-26+0800__CAM_FRONT_RIGHT__1542800609920339.jpg", "samples/CAM_BACK_LEFT/n015-2018-11-21-19-38-26+0800__CAM_BACK_LEFT__1542800609947423.jpg", "samples/CAM_BACK/n015-2018-11-21-19-38-26+0800__CAM_BACK__1542800609937525.jpg", "samples/CAM_BACK_RIGHT/n015-2018-11-21-19-38-26+0800__CAM_BACK_RIGHT__1542800609927893.jpg"], "intrinsics": [[[1272.5979470598488, 0.0, 826.6154927353808], [0.0, 1272.5979470598488, 479.75165386361925], [0.0, 0.0, 1.0]], [[1266.417203046554, 0.0, 816.2670197447984], [0.0, 1266.417203046554, 491.50706579294757], [0.0, 0.0, 1.0]], [[1260.8474446004698, 0.0, 807.968244525554], [0.0, 1260.8474446004698, 495.3344268742088], [0.0, 0.0, 1.0]], [[1256.7414812095406, 0.0, 792.1125740759628], [0.0, 1256.7414812095406, 492.7757465151356], [0.0, 0.0, 1.0]], [[809.2209905677063, 0.0, 829.2196003259838], [0.0, 809.2209905677063, 481.77842384512485], [0.0, 0.0, 1.0]], [[1259.5137405846733, 0.0, 807.2529053838625], [0.0, 1259.5137405846733, 501.19579884916527], [0.0, 0.0, 1.0]]], "extrinsics": [[[0.8348669409751892, -0.550430953502655, -0.004780597984790802, -0.828033447265625], [-0.009871294721961021, -0.0062877037562429905, -0.9999314546585083, 1.5065650939941406], [0.5503632426261902, 0.8348569869995117, -0.010682863183319569, -1.184326171875], [0.0, 0.0, 0.0, 1.0]], [[0.026665395125746727, -0.9995956420898438, 0.009873585775494576, 0.0040283203125], [-0.015333742834627628, -0.01028494257479906, -0.9998295903205872, 1.5183677673339844], [0.9995267987251282, 0.026509450748562813, -0.015601793304085732, -1.5540771484375], [0.0, 0.0, 0.0, 1.0]], [[-0.8237090110778809, -0.5669959187507629, 0.004366423934698105, 0.94091796875], [-0.010271399281919003, 0.00722150644287467, -0.9999211430549622, 1.5025548934936523], [0.5669196248054504, -0.8236889243125916, -0.011772260069847107, -1.19024658203125], [0.0, 0.0, 0.0, 1.0]], [[0.9476266503334045, 0.31925132870674133, -0.009080639109015465, -1.14013671875], [-0.0019982405938208103, -0.022504953667521477, -0.999744713306427, 1.588531494140625], [-0.3193741738796234, 0.947402834892273, -0.02068835124373436, -0.1031494140625], [0.0, 0.0, 0.0, 1.0]], [[-0.003932306542992592, 0.9999114274978638, -0.012715807184576988, 0.0052490234375], [-0.027140557765960693, -0.01281793788075447, -0.9995494484901428, 1.578216552734375], [-0.9996239542961121, -0.0035854559391736984, 0.027188552543520927, -0.03857421875], [0.0, 0.0, 0.0, 1.0]], [[-0.9390857219696045, 0.34365564584732056, -0.00435566995292902, 1.0628662109375], [0.005582522135227919, 0.002580715576186776, -0.9999811053276062, 1.5518980026245117], [-0.3436379134654999, -0.939092218875885, -0.004341979045420885, -0.093505859375], [0.0, 0.0, 0.0, 1.0]]], "view": [[0.0, -2.0, 100.0], [-2.0, 0.0, 100.0], [0.0, 0.0, 1.0]], "bev": "bev_57e02551877a4b5196289e5f7bad50da.png", "aux": "aux_57e02551877a4b5196289e5f7bad50da.npz", "visibility": "visibility_57e02551877a4b5196289e5f7bad50da.png", "pose": [[0.9819254279136658, 0.1892682909965515, 0.0, 1855.6700439453125], [-0.1892682909965515, 0.9819254279136658, 0.0, 1247.02490234375], [0.0, 0.0, 1.0, 0.0], [0.0, 0.0, 0.0, 1.0]], "pose_inverse": [[0.9819254279136658, -0.1892682909965515, 0.0, -1586.1072998046875], [0.1892682909965515, 0.9819254279136658, 0.0, -1575.7049560546875], [0.0, 0.0, 1.0, 0.0], [0.0, 0.0, 0.0, 1.0]], "cam_ids": [0, 1, 2, 3, 4, 5], "cam_channels": ["CAM_FRONT_LEFT", "CAM_FRONT", "CAM_FRONT_RIGHT", "CAM_BACK_LEFT", "CAM_BACK", "CAM_BACK_RIGHT"], "token": "57e02551877a4b5196289e5f7bad50da", "scene": "scene-1087"}, {"images": ["samples/CAM_FRONT_LEFT/n015-2018-11-21-19-38-26+0800__CAM_FRONT_LEFT__1542800610404844.jpg", "samples/CAM_FRONT/n015-2018-11-21-19-38-26+0800__CAM_FRONT__1542800610412460.jpg", "samples/CAM_FRONT_RIGHT/n015-2018-11-21-19-38-26+0800__CAM_FRONT_RIGHT__1542800610420339.jpg", "samples/CAM_BACK_LEFT/n015-2018-11-21-19-38-26+0800__CAM_BACK_LEFT__1542800610447423.jpg", "samples/CAM_BACK/n015-2018-11-21-19-38-26+0800__CAM_BACK__1542800610437525.jpg", "samples/CAM_BACK_RIGHT/n015-2018-11-21-19-38-26+0800__CAM_BACK_RIGHT__1542800610427896.jpg"], "intrinsics": [[[1272.5979470598488, 0.0, 826.6154927353808], [0.0, 1272.5979470598488, 479.75165386361925], [0.0, 0.0, 1.0]], [[1266.417203046554, 0.0, 816.2670197447984], [0.0, 1266.417203046554, 491.50706579294757], [0.0, 0.0, 1.0]], [[1260.8474446004698, 0.0, 807.968244525554], [0.0, 1260.8474446004698, 495.3344268742088], [0.0, 0.0, 1.0]], [[1256.7414812095406, 0.0, 792.1125740759628], [0.0, 1256.7414812095406, 492.7757465151356], [0.0, 0.0, 1.0]], [[809.2209905677063, 0.0, 829.2196003259838], [0.0, 809.2209905677063, 481.77842384512485], [0.0, 0.0, 1.0]], [[1259.5137405846733, 0.0, 807.2529053838625], [0.0, 1259.5137405846733, 501.19579884916527], [0.0, 0.0, 1.0]]], "extrinsics": [[[0.8357755541801453, -0.5489687323570251, -0.010606007650494576, -0.81365966796875], [-0.020999949425458908, -0.012657232582569122, -0.9996993541717529, 1.5043106079101562], [0.5486694574356079, 0.8357470631599426, -0.022106919437646866, -1.1748046875], [0.0, 0.0, 0.0, 1.0]], [[0.028236836194992065, -0.9994730353355408, 0.016010364517569542, 0.004150390625], [-0.02659470960497856, -0.01676223613321781, -0.9995057582855225, 1.5164146423339844], [0.9992473125457764, 0.027797050774097443, -0.02705400437116623, -1.541015625], [0.0, 0.0, 0.0, 1.0]], [[-0.8229996562004089, -0.5677723288536072, 0.017495527863502502, 0.932861328125], [-0.021699750795960426, 0.0006472364184446633, -0.9997642636299133, 1.5010814666748047], [0.5676271319389343, -0.823185384273529, -0.012853192165493965, -1.1846923828125], [0.0, 0.0, 0.0, 1.0]], [[0.9474526047706604, 0.31911391019821167, -0.022355932742357254, -1.141357421875], [-0.013707231730222702, -0.029322661459445953, -0.9994759559631348, 1.5885086059570312], [-0.31960219144821167, 0.9472625851631165, -0.02340766414999962, -0.1026611328125], [0.0, 0.0, 0.0, 1.0]], [[-0.004430650267750025, 0.9998016953468323, -0.019414836540818214, 0.0059814453125], [-0.03871813789010048, -0.019571984186768532, -0.9990584850311279, 1.5776443481445312], [-0.9992403388023376, -0.0036747490521520376, 0.038797177374362946, -0.04052734375], [0.0, 0.0, 0.0, 1.0]], [[-0.9393211603164673, 0.3430134952068329, 0.004168435465544462, 1.057098388671875], [-0.005923877004534006, -0.00407008733600378, -0.9999741911888123, 1.5509319305419922], [-0.3429878056049347, -0.9393216967582703, 0.005855088587850332, -0.09619140625], [0.0, 0.0, 0.0, 1.0]]], "view": [[0.0, -2.0, 100.0], [-2.0, 0.0, 100.0], [0.0, 0.0, 1.0]], "bev": "bev_5aeb825e18014edd96d76cf7a62e74cf.png", "aux": "aux_5aeb825e18014edd96d76cf7a62e74cf.npz", "visibility": "visibility_5aeb825e18014edd96d76cf7a62e74cf.png", "pose": [[0.8826272487640381, 0.47007355093955994, 0.0, 1857.5899658203125], [-0.47007355093955994, 0.8826272487640381, 0.0, 1246.3651123046875], [0.0, 0.0, 1.0, 0.0], [0.0, 0.0, 0.0, 1.0]], "pose_inverse": [[0.8826272487640381, -0.47007355093955994, 0.0, -1053.67626953125], [0.47007355093955994, 0.8826272487640381, 0.0, -1973.2796630859375], [0.0, 0.0, 1.0, 0.0], [0.0, 0.0, 0.0, 1.0]], "cam_ids": [0, 1, 2, 3, 4, 5], "cam_channels": ["CAM_FRONT_LEFT", "CAM_FRONT", "CAM_FRONT_RIGHT", "CAM_BACK_LEFT", "CAM_BACK", "CAM_BACK_RIGHT"], "token": "5aeb825e18014edd96d76cf7a62e74cf", "scene": "scene-1087"}, {"images": ["samples/CAM_FRONT_LEFT/n015-2018-11-21-19-38-26+0800__CAM_FRONT_LEFT__1542800610904844.jpg", "samples/CAM_FRONT/n015-2018-11-21-19-38-26+0800__CAM_FRONT__1542800610912460.jpg", "samples/CAM_FRONT_RIGHT/n015-2018-11-21-19-38-26+0800__CAM_FRONT_RIGHT__1542800610920339.jpg", "samples/CAM_BACK_LEFT/n015-2018-11-21-19-38-26+0800__CAM_BACK_LEFT__1542800610947423.jpg", "samples/CAM_BACK/n015-2018-11-21-19-38-26+0800__CAM_BACK__1542800610937525.jpg", "samples/CAM_BACK_RIGHT/n015-2018-11-21-19-38-26+0800__CAM_BACK_RIGHT__1542800610927893.jpg"], "intrinsics": [[[1272.5979470598488, 0.0, 826.6154927353808], [0.0, 1272.5979470598488, 479.75165386361925], [0.0, 0.0, 1.0]], [[1266.417203046554, 0.0, 816.2670197447984], [0.0, 1266.417203046554, 491.50706579294757], [0.0, 0.0, 1.0]], [[1260.8474446004698, 0.0, 807.968244525554], [0.0, 1260.8474446004698, 495.3344268742088], [0.0, 0.0, 1.0]], [[1256.7414812095406, 0.0, 792.1125740759628], [0.0, 1256.7414812095406, 492.7757465151356], [0.0, 0.0, 1.0]], [[809.2209905677063, 0.0, 829.2196003259838], [0.0, 809.2209905677063, 481.77842384512485], [0.0, 0.0, 1.0]], [[1259.5137405846733, 0.0, 807.2529053838625], [0.0, 1259.5137405846733, 501.19579884916527], [0.0, 0.0, 1.0]]], "extrinsics": [[[0.8339862823486328, -0.5517398715019226, -0.00707046827301383, -0.80419921875], [-0.017559606581926346, -0.013730669394135475, -0.9997515082359314, 1.5047683715820312], [0.5515057444572449, 0.8339031934738159, -0.02113952487707138, -1.16943359375], [0.0, 0.0, 0.0, 1.0]], [[0.02529330551624298, -0.999528706073761, 0.017395609989762306, 0.005859375], [-0.022743171080946922, -0.017972026020288467, -0.9995797872543335, 1.5168609619140625], [0.9994212985038757, 0.024887070059776306, -0.023187024518847466, -1.533355712890625], [0.0, 0.0, 0.0, 1.0]], [[-0.8244510293006897, -0.5657414197921753, 0.014737626537680626, 0.930419921875], [-0.017365803942084312, -0.0007391063845716417, -0.9998489022254944, 1.5015230178833008], [0.5656667947769165, -0.8245823979377747, -0.009215195663273335, -1.1812744140625], [0.0, 0.0, 0.0, 1.0]], [[0.9476622939109802, 0.31879422068595886, -0.01750764437019825, -1.14404296875], [-0.007990092039108276, -0.03113822638988495, -0.9994831085205078, 1.5885543823242188], [-0.3191746175289154, 0.9473123550415039, -0.026961326599121094, -0.1024169921875], [0.0, 0.0, 0.0, 1.0]], [[-0.0031958590261638165, 0.9997706413269043, -0.021177472546696663, 0.00390625], [-0.03345963731408119, -0.021272635087370872, -0.999213695526123, 1.5779190063476562], [-0.9994349479675293, -0.00248474208638072, 0.03351994976401329, -0.039825439453125], [0.0, 0.0, 0.0, 1.0]], [[-0.9386661648750305, 0.3448261320590973, -0.0008849799633026123, 1.055389404296875], [-0.0011310810223221779, -0.005645377095788717, -0.9999834299087524, 1.5513458251953125], [-0.3448254466056824, -0.9386496543884277, 0.005689150188118219, -0.09521484375], [0.0, 0.0, 0.0, 1.0]]], "view": [[0.0, -2.0, 100.0], [-2.0, 0.0, 100.0], [0.0, 0.0, 1.0]], "bev": "bev_dc6cfaa7a9af488780650fabd822a931.png", "aux": "aux_dc6cfaa7a9af488780650fabd822a931.npz", "visibility": "visibility_dc6cfaa7a9af488780650fabd822a931.png", "pose": [[0.7076325416564941, 0.706580638885498, 0.0, 1859.3709716796875], [-0.706580638885498, 0.7076325416564941, 0.0, 1245.0615234375], [0.0, 0.0, 1.0, 0.0], [0.0, 0.0, 0.0, 1.0]], "pose_inverse": [[0.7076325416564941, -0.706580638885498, 0.0, -436.01507568359375], [0.706580638885498, 0.7076325416564941, 0.0, -2194.841552734375], [0.0, 0.0, 1.0, 0.0], [0.0, 0.0, 0.0, 1.0]], "cam_ids": [0, 1, 2, 3, 4, 5], "cam_channels": ["CAM_FRONT_LEFT", "CAM_FRONT", "CAM_FRONT_RIGHT", "CAM_BACK_LEFT", "CAM_BACK", "CAM_BACK_RIGHT"], "token": "dc6cfaa7a9af488780650fabd822a931", "scene": "scene-1087"}, {"images": ["samples/CAM_FRONT_LEFT/n015-2018-11-21-19-38-26+0800__CAM_FRONT_LEFT__1542800611404844.jpg", "samples/CAM_FRONT/n015-2018-11-21-19-38-26+0800__CAM_FRONT__1542800611412460.jpg", "samples/CAM_FRONT_RIGHT/n015-2018-11-21-19-38-26+0800__CAM_FRONT_RIGHT__1542800611420339.jpg", "samples/CAM_BACK_LEFT/n015-2018-11-21-19-38-26+0800__CAM_BACK_LEFT__1542800611447423.jpg", "samples/CAM_BACK/n015-2018-11-21-19-38-26+0800__CAM_BACK__1542800611437525.jpg", "samples/CAM_BACK_RIGHT/n015-2018-11-21-19-38-26+0800__CAM_BACK_RIGHT__1542800611427893.jpg"], "intrinsics": [[[1272.5979470598488, 0.0, 826.6154927353808], [0.0, 1272.5979470598488, 479.75165386361925], [0.0, 0.0, 1.0]], [[1266.417203046554, 0.0, 816.2670197447984], [0.0, 1266.417203046554, 491.50706579294757], [0.0, 0.0, 1.0]], [[1260.8474446004698, 0.0, 807.968244525554], [0.0, 1260.8474446004698, 495.3344268742088], [0.0, 0.0, 1.0]], [[1256.7414812095406, 0.0, 792.1125740759628], [0.0, 1256.7414812095406, 492.7757465151356], [0.0, 0.0, 1.0]], [[809.2209905677063, 0.0, 829.2196003259838], [0.0, 809.2209905677063, 481.77842384512485], [0.0, 0.0, 1.0]], [[1259.5137405846733, 0.0, 807.2529053838625], [0.0, 1259.5137405846733, 501.19579884916527], [0.0, 0.0, 1.0]]], "extrinsics": [[[0.8261179327964783, -0.5634020566940308, -0.010353933088481426, -0.794189453125], [-0.011329934932291508, 0.0017631967784836888, -0.9999342560768127, 1.5058887004852295], [0.5633833408355713, 0.8261810541152954, -0.00492670014500618, -1.1602783203125], [0.0, 0.0, 0.0, 1.0]], [[0.013562302105128765, -0.999906063079834, 0.0019569103606045246, 0.0048828125], [-0.01647004298865795, -0.0021802166011184454, -0.999862015247345, 1.517735481262207], [0.9997723698616028, 0.013528227806091309, -0.016498064622282982, -1.5226898193359375], [0.0, 0.0, 0.0, 1.0]], [[-0.829585075378418, -0.5583799481391907, 0.0004734304384328425, 0.923095703125], [-0.010827464982867241, 0.015238647349178791, -0.9998252391815186, 1.5022544860839844], [0.5582752227783203, -0.8294452428817749, -0.018687596544623375, -1.17724609375], [0.0, 0.0, 0.0, 1.0]], [[0.9477855563163757, 0.3188503384590149, -0.006082359701395035, -1.1473388671875], [-0.0013816067948937416, -0.014966912567615509, -0.9998869895935059, 1.5885581970214844], [-0.3189053237438202, 0.9476868510246277, -0.013744899071753025, -0.102294921875], [0.0, 0.0, 0.0, 1.0]], [[0.0002625495835673064, 0.9999877214431763, -0.004962792154401541, 0.003662109375], [-0.02701886184513569, -0.0049538882449269295, -0.999622642993927, 1.5781631469726562], [-0.999634861946106, 0.00039652385748922825, 0.027017226442694664, -0.04210853576660156], [0.0, 0.0, 0.0, 1.0]], [[-0.9363827109336853, 0.35097798705101013, -0.00134553131647408, 1.04962158203125], [0.005343452095985413, 0.010422521270811558, -0.9999313950538635, 1.5519580841064453], [-0.35093989968299866, -0.9363256692886353, -0.011634903959929943, -0.097412109375], [0.0, 0.0, 0.0, 1.0]]], "view": [[0.0, -2.0, 100.0], [-2.0, 0.0, 100.0], [0.0, 0.0, 1.0]], "bev": "bev_a9d9cc06d3ac47a08a572d0cade3f069.png", "aux": "aux_a9d9cc06d3ac47a08a572d0cade3f069.npz", "visibility": "visibility_a9d9cc06d3ac47a08a572d0cade3f069.png", "pose": [[0.5629441142082214, 0.8264949321746826, 0.0, 1860.901611328125], [-0.8264949321746826, 0.5629441142082214, 0.0, 1243.1959228515625], [0.0, 0.0, 1.0, 0.0], [0.0, 0.0, 0.0, 1.0]], "pose_inverse": [[0.5629441142082214, -0.8264949321746826, 0.0, -20.088470458984375], [0.8264949321746826, 0.5629441142082214, 0.0, -2237.875732421875], [0.0, 0.0, 1.0, 0.0], [0.0, 0.0, 0.0, 1.0]], "cam_ids": [0, 1, 2, 3, 4, 5], "cam_channels": ["CAM_FRONT_LEFT", "CAM_FRONT", "CAM_FRONT_RIGHT", "CAM_BACK_LEFT", "CAM_BACK", "CAM_BACK_RIGHT"], "token": "a9d9cc06d3ac47a08a572d0cade3f069", "scene": "scene-1087"}, {"images": ["samples/CAM_FRONT_LEFT/n015-2018-11-21-19-38-26+0800__CAM_FRONT_LEFT__1542800611904844.jpg", "samples/CAM_FRONT/n015-2018-11-21-19-38-26+0800__CAM_FRONT__1542800611912460.jpg", "samples/CAM_FRONT_RIGHT/n015-2018-11-21-19-38-26+0800__CAM_FRONT_RIGHT__1542800611920339.jpg", "samples/CAM_BACK_LEFT/n015-2018-11-21-19-38-26+0800__CAM_BACK_LEFT__1542800611947423.jpg", "samples/CAM_BACK/n015-2018-11-21-19-38-26+0800__CAM_BACK__1542800611937525.jpg", "samples/CAM_BACK_RIGHT/n015-2018-11-21-19-38-26+0800__CAM_BACK_RIGHT__1542800611927893.jpg"], "intrinsics": [[[1272.5979470598488, 0.0, 826.6154927353808], [0.0, 1272.5979470598488, 479.75165386361925], [0.0, 0.0, 1.0]], [[1266.417203046554, 0.0, 816.2670197447984], [0.0, 1266.417203046554, 491.50706579294757], [0.0, 0.0, 1.0]], [[1260.8474446004698, 0.0, 807.968244525554], [0.0, 1260.8474446004698, 495.3344268742088], [0.0, 0.0, 1.0]], [[1256.7414812095406, 0.0, 792.1125740759628], [0.0, 1256.7414812095406, 492.7757465151356], [0.0, 0.0, 1.0]], [[809.2209905677063, 0.0, 829.2196003259838], [0.0, 809.2209905677063, 481.77842384512485], [0.0, 0.0, 1.0]], [[1259.5137405846733, 0.0, 807.2529053838625], [0.0, 1259.5137405846733, 501.19579884916527], [0.0, 0.0, 1.0]]], "extrinsics": [[[0.8215668201446533, -0.570033609867096, -0.009463022463023663, -0.773681640625], [-0.010126037523150444, 0.0020056739449501038, -0.9999467134475708, 1.5058817863464355], [0.5700222253799438, 0.821618914604187, -0.004124386236071587, -1.145751953125], [0.0, 0.0, 0.0, 1.0]], [[0.006916024722158909, -0.999973475933075, 0.0022346596233546734, 0.005126953125], [-0.01554789487272501, -0.0023419754579663277, -0.9998764395713806, 1.517578363418579], [0.9998551607131958, 0.006880471482872963, -0.015563682653009892, -1.5024032592773438], [0.0, 0.0, 0.0, 1.0]], [[-0.8324718475341797, -0.5540671944618225, 0.00030448430334217846, 0.9114990234375], [-0.010073973797261715, 0.0145864337682724, -0.9998428821563721, 1.5022048950195312], [0.5539756417274475, -0.832344114780426, -0.017724454402923584, -1.1695556640625], [0.0, 0.0, 0.0, 1.0]], [[0.9477453231811523, 0.3189490735530853, -0.007096021436154842, -1.15118408203125], [-0.0018329380545765162, -0.01679844595491886, -0.9998571872711182, 1.5885734558105469], [-0.3190227448940277, 0.9476228952407837, -0.015336033888161182, -0.100830078125], [0.0, 0.0, 0.0, 1.0]], [[0.00206160731613636, 0.9999767541885376, -0.006494263187050819, 0.003173828125], [-0.02705862745642662, -0.006436116993427277, -0.9996131062507629, 1.578094482421875], [-0.9996317028999329, 0.0022365087643265724, 0.02704473026096821, -0.0447540283203125], [0.0, 0.0, 0.0, 1.0]], [[-0.9350643754005432, 0.3544718623161316, -0.002057840349152684, 1.041748046875], [0.005726277362555265, 0.009300367906689644, -0.9999403953552246, 1.5520343780517578], [-0.3544315993785858, -0.935020387172699, -0.010726249776780605, -0.10009765625], [0.0, 0.0, 0.0, 1.0]]], "view": [[0.0, -2.0, 100.0], [-2.0, 0.0, 100.0], [0.0, 0.0, 1.0]], "bev": "bev_87849bfe0ae94722889eec2dce762d4b.png", "aux": "aux_87849bfe0ae94722889eec2dce762d4b.npz", "visibility": "visibility_87849bfe0ae94722889eec2dce762d4b.png", "pose": [[0.5145394206047058, 0.8574666976928711, 0.0, 1862.353271484375], [-0.8574666976928711, 0.5145394206047058, 0.0, 1240.9244384765625], [0.0, 0.0, 1.0, 0.0], [0.0, 0.0, 0.0, 1.0]], "pose_inverse": [[0.5145394206047058, -0.8574666976928711, 0.0, 105.79717254638672], [0.8574666976928711, 0.5145394206047058, 0.0, -2235.410400390625], [0.0, 0.0, 1.0, 0.0], [0.0, 0.0, 0.0, 1.0]], "cam_ids": [0, 1, 2, 3, 4, 5], "cam_channels": ["CAM_FRONT_LEFT", "CAM_FRONT", "CAM_FRONT_RIGHT", "CAM_BACK_LEFT", "CAM_BACK", "CAM_BACK_RIGHT"], "token": "87849bfe0ae94722889eec2dce762d4b", "scene": "scene-1087"}, {"images": ["samples/CAM_FRONT_LEFT/n015-2018-11-21-19-38-26+0800__CAM_FRONT_LEFT__1542800612404844.jpg", "samples/CAM_FRONT/n015-2018-11-21-19-38-26+0800__CAM_FRONT__1542800612412460.jpg", "samples/CAM_FRONT_RIGHT/n015-2018-11-21-19-38-26+0800__CAM_FRONT_RIGHT__1542800612420339.jpg", "samples/CAM_BACK_LEFT/n015-2018-11-21-19-38-26+0800__CAM_BACK_LEFT__1542800612447423.jpg", "samples/CAM_BACK/n015-2018-11-21-19-38-26+0800__CAM_BACK__1542800612437525.jpg", "samples/CAM_BACK_RIGHT/n015-2018-11-21-19-38-26+0800__CAM_BACK_RIGHT__1542800612427893.jpg"], "intrinsics": [[[1272.5979470598488, 0.0, 826.6154927353808], [0.0, 1272.5979470598488, 479.75165386361925], [0.0, 0.0, 1.0]], [[1266.417203046554, 0.0, 816.2670197447984], [0.0, 1266.417203046554, 491.50706579294757], [0.0, 0.0, 1.0]], [[1260.8474446004698, 0.0, 807.968244525554], [0.0, 1260.8474446004698, 495.3344268742088], [0.0, 0.0, 1.0]], [[1256.7414812095406, 0.0, 792.1125740759628], [0.0, 1256.7414812095406, 492.7757465151356], [0.0, 0.0, 1.0]], [[809.2209905677063, 0.0, 829.2196003259838], [0.0, 809.2209905677063, 481.77842384512485], [0.0, 0.0, 1.0]], [[1259.5137405846733, 0.0, 807.2529053838625], [0.0, 1259.5137405846733, 501.19579884916527], [0.0, 0.0, 1.0]]], "extrinsics": [[[0.8208159804344177, -0.5709658265113831, -0.016097409650683403, -0.7620849609375], [-0.018277881667017937, 0.001912395004183054, -0.9998310804367065, 1.5037221908569336], [0.5709002017974854, 0.8209716081619263, -0.008866322226822376, -1.13818359375], [0.0, 0.0, 0.0, 1.0]], [[0.006018470041453838, -0.9999797940254211, 0.0020242189057171345, 0.00634765625], [-0.023700308054685593, -0.0021663298830389977, -0.9997167587280273, 1.5157438516616821], [0.9997009038925171, 0.005968811921775341, -0.023712867870926857, -1.490325927734375], [0.0, 0.0, 0.0, 1.0]], [[-0.8328242301940918, -0.5534951686859131, 0.006849227007478476, 0.9031982421875], [-0.01821083575487137, 0.015030138194561005, -0.9997211694717407, 1.500823974609375], [0.5532378554344177, -0.832716703414917, -0.022597070783376694, -1.1630859375], [0.0, 0.0, 0.0, 1.0]], [[0.9476392865180969, 0.3190263509750366, -0.01421008538454771, -1.14923095703125], [-0.009799065999686718, -0.01542735006660223, -0.9998329281806946, 1.5886306762695312], [-0.31919223070144653, 0.9476202130317688, -0.01149340532720089, -0.1015625], [0.0, 0.0, 0.0, 1.0]], [[0.0022131348960101604, 0.9999827742576599, -0.005447081755846739, 0.0029296875], [-0.03516233712434769, -0.005365909542888403, -0.9993672370910645, 1.577528476715088], [-0.9993791580200195, 0.0024032830260694027, 0.03514985367655754, -0.04998016357421875], [0.0, 0.0, 0.0, 1.0]], [[-0.9348803758621216, 0.35491496324539185, 0.005825621075928211, 1.03363037109375], [-0.0024316187482327223, 0.010008134879171848, -0.9999469518661499, 1.5511894226074219], [-0.35495448112487793, -0.934844970703125, -0.008493389934301376, -0.1025390625], [0.0, 0.0, 0.0, 1.0]]], "view": [[0.0, -2.0, 100.0], [-2.0, 0.0, 100.0], [0.0, 0.0, 1.0]], "bev": "bev_b6c414e9eaa04827811739534bb75e9d.png", "aux": "aux_b6c414e9eaa04827811739534bb75e9d.npz", "visibility": "visibility_b6c414e9eaa04827811739534bb75e9d.png", "pose": [[0.5068966150283813, 0.8620068430900574, 0.0, 1863.871826171875], [-0.8620068430900574, 0.5068966150283813, 0.0, 1238.371826171875], [0.0, 0.0, 1.0, 0.0], [0.0, 0.0, 0.0, 1.0]], "pose_inverse": [[0.5068966150283813, -0.8620068430900574, 0.0, 122.6947250366211], [0.8620068430900574, 0.5068966150283813, 0.0, -2234.396728515625], [0.0, 0.0, 1.0, 0.0], [0.0, 0.0, 0.0, 1.0]], "cam_ids": [0, 1, 2, 3, 4, 5], "cam_channels": ["CAM_FRONT_LEFT", "CAM_FRONT", "CAM_FRONT_RIGHT", "CAM_BACK_LEFT", "CAM_BACK", "CAM_BACK_RIGHT"], "token": "b6c414e9eaa04827811739534bb75e9d", "scene": "scene-1087"}, {"images": ["samples/CAM_FRONT_LEFT/n015-2018-11-21-19-38-26+0800__CAM_FRONT_LEFT__1542800612904844.jpg", "samples/CAM_FRONT/n015-2018-11-21-19-38-26+0800__CAM_FRONT__1542800612912460.jpg", "samples/CAM_FRONT_RIGHT/n015-2018-11-21-19-38-26+0800__CAM_FRONT_RIGHT__1542800612920339.jpg", "samples/CAM_BACK_LEFT/n015-2018-11-21-19-38-26+0800__CAM_BACK_LEFT__1542800612947423.jpg", "samples/CAM_BACK/n015-2018-11-21-19-38-26+0800__CAM_BACK__1542800612937525.jpg", "samples/CAM_BACK_RIGHT/n015-2018-11-21-19-38-26+0800__CAM_BACK_RIGHT__1542800612927893.jpg"], "intrinsics": [[[1272.5979470598488, 0.0, 826.6154927353808], [0.0, 1272.5979470598488, 479.75165386361925], [0.0, 0.0, 1.0]], [[1266.417203046554, 0.0, 816.2670197447984], [0.0, 1266.417203046554, 491.50706579294757], [0.0, 0.0, 1.0]], [[1260.8474446004698, 0.0, 807.968244525554], [0.0, 1260.8474446004698, 495.3344268742088], [0.0, 0.0, 1.0]], [[1256.7414812095406, 0.0, 792.1125740759628], [0.0, 1256.7414812095406, 492.7757465151356], [0.0, 0.0, 1.0]], [[809.2209905677063, 0.0, 829.2196003259838], [0.0, 809.2209905677063, 481.77842384512485], [0.0, 0.0, 1.0]], [[1259.5137405846733, 0.0, 807.2529053838625], [0.0, 1259.5137405846733, 501.19579884916527], [0.0, 0.0, 1.0]]], "extrinsics": [[[0.820478081703186, -0.5715395212173462, -0.012588447891175747, -0.734375], [-0.013427430763840675, 0.002747585531324148, -0.999906063079834, 1.5044755935668945], [0.5715203285217285, 0.8205699920654297, -0.005419972352683544, -1.1201171875], [0.0, 0.0, 0.0, 1.0]], [[0.005468983203172684, -0.9999843835830688, 0.0011238768929615617, 0.006591796875], [-0.018706275150179863, -0.0012260021176189184, -0.9998243451118469, 1.516229271888733], [0.9998100399971008, 0.005446987226605415, -0.018712686374783516, -1.4622344970703125], [0.0, 0.0, 0.0, 1.0]], [[-0.8330484628677368, -0.5531964302062988, 0.0019871701952069998, 0.8846435546875], [-0.013058606535196304, 0.016073325648903847, -0.9997854828834534, 1.5013198852539062], [0.5530458688735962, -0.832895815372467, -0.020613832399249077, -1.1502685546875], [0.0, 0.0, 0.0, 1.0]], [[0.9477142095565796, 0.3189973533153534, -0.008854323998093605, -1.14422607421875], [-0.00448744697496295, -0.014421732164919376, -0.9998859167098999, 1.5885677337646484], [-0.31908878684043884, 0.9476458430290222, -0.012236197479069233, -0.10302734375], [0.0, 0.0, 0.0, 1.0]], [[0.0023798379115760326, 0.9999876022338867, -0.004381011240184307, 0.0026855