[{"images": ["samples/CAM_FRONT_LEFT/n015-2018-10-02-10-50-40+0800__CAM_FRONT_LEFT__1538448884104844.jpg", "samples/CAM_FRONT/n015-2018-10-02-10-50-40+0800__CAM_FRONT__1538448884112460.jpg", "samples/CAM_FRONT_RIGHT/n015-2018-10-02-10-50-40+0800__CAM_FRONT_RIGHT__1538448884120339.jpg", "samples/CAM_BACK_LEFT/n015-2018-10-02-10-50-40+0800__CAM_BACK_LEFT__1538448884147423.jpg", "samples/CAM_BACK/n015-2018-10-02-10-50-40+0800__CAM_BACK__1538448884137525.jpg", "samples/CAM_BACK_RIGHT/n015-2018-10-02-10-50-40+0800__CAM_BACK_RIGHT__1538448884127901.jpg"], "intrinsics": [[[1272.5979470598488, 0.0, 826.6154927353808], [0.0, 1272.5979470598488, 479.75165386361925], [0.0, 0.0, 1.0]], [[1266.417203046554, 0.0, 816.2670197447984], [0.0, 1266.417203046554, 491.50706579294757], [0.0, 0.0, 1.0]], [[1260.8474446004698, 0.0, 807.968244525554], [0.0, 1260.8474446004698, 495.3344268742088], [0.0, 0.0, 1.0]], [[1256.7414812095406, 0.0, 792.1125740759628], [0.0, 1256.7414812095406, 492.7757465151356], [0.0, 0.0, 1.0]], [[809.2209905677063, 0.0, 829.2196003259838], [0.0, 809.2209905677063, 481.77842384512485], [0.0, 0.0, 1.0]], [[1259.5137405846733, 0.0, 807.2529053838625], [0.0, 1259.5137405846733, 501.19579884916527], [0.0, 0.0, 1.0]]], "extrinsics": [[[0.8197434544563293, -0.5723634958267212, 0.020509859547019005, -0.560546875], [-0.005940824281424284, -0.04430629312992096, -0.9990003108978271, 1.50537109375], [0.5727000832557678, 0.8188021779060364, -0.03972010314464569, -0.999267578125], [0.0, 0.0, 0.0, 1.0]], [[0.004112099297344685, -0.9988215565681458, 0.048358455300331116, 0.00732421875], [-0.011212680488824844, -0.04840187728404999, -0.9987649917602539, 1.5160369873046875], [0.9999286532402039, 0.003564783139154315, -0.011398499831557274, -1.287109375], [0.0, 0.0, 0.0, 1.0]], [[-0.8337506055831909, -0.5517078042030334, 0.02187086082994938, 0.770263671875], [-0.0055292462930083275, -0.0312662236392498, -0.9994957447052002, 1.5019378662109375], [0.5521134734153748, -0.8334511518478394, 0.023017708212137222, -1.07470703125], [0.0, 0.0, 0.0, 1.0]], [[0.9478927850723267, 0.3181523382663727, -0.01668553799390793, -1.14117431640625], [0.0031784840393811464, -0.06181443855166435, -0.9980825781822205, 1.5885467529296875], [-0.3185737133026123, 0.9460222125053406, -0.0596047006547451, -0.10400390625], [0.0, 0.0, 0.0, 1.0]], [[0.00317439460195601, 0.9986527562141418, -0.05179475620388985, 0.0029296875], [-0.022258199751377106, -0.05171161890029907, -0.9984139800071716, 1.5767974853515625], [-0.9997472763061523, 0.004322184715420008, 0.022064056247472763, -0.113677978515625], [0.0, 0.0, 0.0, 1.0]], [[-0.9344059228897095, 0.35549014806747437, -0.02263307198882103, 0.924072265625], [0.0103757968172431, -0.036348938941955566, -0.9992852807044983, 1.5538177490234375], [-0.35605886578559875, -0.933972954750061, 0.030276170000433922, -0.14453125], [0.0, 0.0, 0.0, 1.0]]], "view": [[0.0, -2.0, 100.0], [-2.0, 0.0, 100.0], [0.0, 0.0, 1.0]], "bev": "bev_63e3bc947eed4823b00e1beadecd3be3.png", "aux": "aux_63e3bc947eed4823b00e1beadecd3be3.npz", "visibility": "visibility_63e3bc947eed4823b00e1beadecd3be3.png", "pose": [[-0.9194036722183228, -0.39331528544425964, 0.0, 1153.4041748046875], [0.39331528544425964, -0.9194036722183228, 0.0, 3244.736083984375], [0.0, 0.0, 1.0, 0.0], [0.0, 0.0, 0.0, 1.0]], "pose_inverse": [[-0.9194036722183228, 0.39331528544425964, 0.0, -215.76023864746094], [-0.39331528544425964, -0.9194036722183228, 0.0, 3436.873779296875], [0.0, 0.0, 1.0, 0.0], [0.0, 0.0, 0.0, 1.0]], "cam_ids": [0, 1, 2, 3, 4, 5], "cam_channels": ["CAM_FRONT_LEFT", "CAM_FRONT", "CAM_FRONT_RIGHT", "CAM_BACK_LEFT", "CAM_BACK", "CAM_BACK_RIGHT"], "token": "63e3bc947eed4823b00e1beadecd3be3", "scene": "scene-0802"}, {"images": ["samples/CAM_FRONT_LEFT/n015-2018-10-02-10-50-40+0800__CAM_FRONT_LEFT__1538448884604844.jpg", "samples/CAM_FRONT/n015-2018-10-02-10-50-40+0800__CAM_FRONT__1538448884612460.jpg", "samples/CAM_FRONT_RIGHT/n015-2018-10-02-10-50-40+0800__CAM_FRONT_RIGHT__1538448884620339.jpg", "samples/CAM_BACK_LEFT/n015-2018-10-02-10-50-40+0800__CAM_BACK_LEFT__1538448884647423.jpg", "samples/CAM_BACK/n015-2018-10-02-10-50-40+0800__CAM_BACK__1538448884637525.jpg", "samples/CAM_BACK_RIGHT/n015-2018-10-02-10-50-40+0800__CAM_BACK_RIGHT__1538448884627893.jpg"], "intrinsics": [[[1272.5979470598488, 0.0, 826.6154927353808], [0.0, 1272.5979470598488, 479.75165386361925], [0.0, 0.0, 1.0]], [[1266.417203046554, 0.0, 816.2670197447984], [0.0, 1266.417203046554, 491.50706579294757], [0.0, 0.0, 1.0]], [[1260.8474446004698, 0.0, 807.968244525554], [0.0, 1260.8474446004698, 495.3344268742088], [0.0, 0.0, 1.0]], [[1256.7414812095406, 0.0, 792.1125740759628], [0.0, 1256.7414812095406, 492.7757465151356], [0.0, 0.0, 1.0]], [[809.2209905677063, 0.0, 829.2196003259838], [0.0, 809.2209905677063, 481.77842384512485], [0.0, 0.0, 1.0]], [[1259.5137405846733, 0.0, 807.2529053838625], [0.0, 1259.5137405846733, 501.19579884916527], [0.0, 0.0, 1.0]]], "extrinsics": [[[0.8202247619628906, -0.5716819763183594, 0.020271802321076393, -0.56787109375], [-0.008043220266699791, -0.04695972055196762, -0.9988644123077393, 1.504486083984375], [0.5719847679138184, 0.8191303610801697, -0.04311569407582283, -1.00634765625], [0.0, 0.0, 0.0, 1.0]], [[0.0047204261645674706, -0.9986869692802429, 0.05100967362523079, 0.008544921875], [-0.013383196666836739, -0.05106877163052559, -0.998605489730835, 1.5153350830078125], [0.9998992085456848, 0.004031182266771793, -0.013606689870357513, -1.29620361328125], [0.0, 0.0, 0.0, 1.0]], [[-0.8335731029510498, -0.551832377910614, 0.025231879204511642, 0.7769775390625], [-0.007780005224049091, -0.03394394367933273, -0.9993934631347656, 1.5012741088867188], [0.5523541569709778, -0.8332639336585999, 0.024001507088541985, -1.07861328125], [0.0, 0.0, 0.0, 1.0]], [[0.9478893876075745, 0.3179842233657837, -0.019790368154644966, -1.14239501953125], [0.0007958706701174378, -0.06447984278202057, -0.9979186654090881, 1.58856201171875], [-0.3185984790325165, 0.9459007978439331, -0.06137283891439438, -0.103759765625], [0.0, 0.0, 0.0, 1.0]], [[0.0030863634310662746, 0.9985141158103943, -0.054406508803367615, 0.002685546875], [-0.02458599954843521, -0.05431455373764038, -0.9982211589813232, 1.5766143798828125], [-0.9996929168701172, 0.004418484400957823, 0.024381833150982857, -0.1099700927734375], [0.0, 0.0, 0.0, 1.0]], [[-0.9344778656959534, 0.3553755283355713, -0.021432852372527122, 0.9295654296875], [0.008080321364104748, -0.03901493921875954, -0.9992059469223022, 1.553253173828125], [-0.35592952370643616, -0.9339090585708618, 0.033587049692869186, -0.142333984375], [0.0, 0.0, 0.0, 1.0]]], "view": [[0.0, -2.0, 100.0], [-2.0, 0.0, 100.0], [0.0, 0.0, 1.0]], "bev": "bev_1ad91efb825745e3be54a81844d42e01.png", "aux": "aux_1ad91efb825745e3be54a81844d42e01.npz", "visibility": "visibility_1ad91efb825745e3be54a81844d42e01.png", "pose": [[-0.9197651743888855, -0.3924690783023834, 0.0, 1148.1505126953125], [0.3924690783023834, -0.9197651743888855, 0.0, 3247.02197265625], [0.0, 0.0, 1.0, 0.0], [0.0, 0.0, 0.0, 1.0]], "pose_inverse": [[-0.9197651743888855, 0.3924690783023834, 0.0, -218.32679748535156], [-0.3924690783023834, -0.9197651743888855, 0.0, 3437.111328125], [0.0, 0.0, 1.0, 0.0], [0.0, 0.0, 0.0, 1.0]], "cam_ids": [0, 1, 2, 3, 4, 5], "cam_channels": ["CAM_FRONT_LEFT", "CAM_FRONT", "CAM_FRONT_RIGHT", "CAM_BACK_LEFT", "CAM_BACK", "CAM_BACK_RIGHT"], "token": "1ad91efb825745e3be54a81844d42e01", "scene": "scene-0802"}, {"images": ["samples/CAM_FRONT_LEFT/n015-2018-10-02-10-50-40+0800__CAM_FRONT_LEFT__1538448885154844.jpg", "samples/CAM_FRONT/n015-2018-10-02-10-50-40+0800__CAM_FRONT__1538448885162460.jpg", "samples/CAM_FRONT_RIGHT/n015-2018-10-02-10-50-40+0800__CAM_FRONT_RIGHT__1538448885170339.jpg", "samples/CAM_BACK_LEFT/n015-2018-10-02-10-50-40+0800__CAM_BACK_LEFT__1538448885197423.jpg", "samples/CAM_BACK/n015-2018-10-02-10-50-40+0800__CAM_BACK__1538448885187525.jpg", "samples/CAM_BACK_RIGHT/n015-2018-10-02-10-50-40+0800__CAM_BACK_RIGHT__1538448885177893.jpg"], "intrinsics": [[[1272.5979470598488, 0.0, 826.6154927353808], [0.0, 1272.5979470598488, 479.75165386361925], [0.0, 0.0, 1.0]], [[1266.417203046554, 0.0, 816.2670197447984], [0.0, 1266.417203046554, 491.50706579294757], [0.0, 0.0, 1.0]], [[1260.8474446004698, 0.0, 807.968244525554], [0.0, 1260.8474446004698, 495.3344268742088], [0.0, 0.0, 1.0]], [[1256.7414812095406, 0.0, 792.1125740759628], [0.0, 1256.7414812095406, 492.7757465151356], [0.0, 0.0, 1.0]], [[809.2209905677063, 0.0, 829.2196003259838], [0.0, 809.2209905677063, 481.77842384512485], [0.0, 0.0, 1.0]], [[1259.5137405846733, 0.0, 807.2529053838625], [0.0, 1259.5137405846733, 501.19579884916527], [0.0, 0.0, 1.0]]], "extrinsics": [[[0.8202699422836304, -0.5714496970176697, 0.024545174092054367, -0.569091796875], [-0.005415803752839565, -0.05067060515284538, -0.998700737953186, 1.5059051513671875], [0.5719509720802307, 0.8190711736679077, -0.04465843364596367, -1.009521484375], [0.0, 0.0, 0.0, 1.0]], [[0.004959612153470516, -0.998495876789093, 0.054601967334747314, 0.01123046875], [-0.010683427564799786, -0.05465243384242058, -0.9984483122825623, 1.5165557861328125], [0.9999306201934814, 0.004368586465716362, -0.010938414372503757, -1.298187255859375], [0.0, 0.0, 0.0, 1.0]], [[-0.8333266973495483, -0.5522215366363525, 0.024858811870217323, 0.779541015625], [-0.005030839703977108, -0.03739220276474953, -0.9992879629135132, 1.5022125244140625], [0.5527579188346863, -0.8328585028648376, 0.02838178537786007, -1.077392578125], [0.0, 0.0, 0.0, 1.0]], [[0.9479192495346069, 0.31799471378326416, -0.018125317990779877, -1.140380859375], [0.003528841771185398, -0.06738810241222382, -0.9977205991744995, 1.5885772705078125], [-0.31849128007888794, 0.9456945657730103, -0.06500063091516495, -0.104736328125], [0.0, 0.0, 0.0, 1.0]], [[0.002918246202170849, 0.9983385801315308, -0.057546209543943405, 0.002197265625], [-0.021826358512043953, -0.05746915936470032, -0.9981086850166321, 1.5769805908203125], [-0.9997574687004089, 0.0041687884368002415, 0.02162238582968712, -0.110748291015625], [0.0, 0.0, 0.0, 1.0]], [[-0.9346106648445129, 0.35478004813194275, -0.025177428498864174, 0.929443359375], [0.010847808793187141, -0.04232175275683403, -0.9990451335906982, 1.553924560546875], [-0.3555068075656891, -0.9339914917945862, 0.035705775022506714, -0.14013671875], [0.0, 0.0, 0.0, 1.0]]], "view": [[0.0, -2.0, 100.0], [-2.0, 0.0, 100.0], [0.0, 0.0, 1.0]], "bev": "bev_dc8b6fde54a44147ade01e65717fb189.png", "aux": "aux_dc8b6fde54a44147ade01e65717fb189.npz", "visibility": "visibility_dc8b6fde54a44147ade01e65717fb189.png", "pose": [[-0.9194328784942627, -0.39324700832366943, 0.0, 1142.3641357421875], [0.39324700832366943, -0.9194328784942627, 0.0, 3249.53759765625], [0.0, 0.0, 1.0, 0.0], [0.0, 0.0, 0.0, 1.0]], "pose_inverse": [[-0.9194328784942627, 0.39324700832366943, 0.0, -227.54379272460938], [-0.39324700832366943, -0.9194328784942627, 0.0, 3436.962890625], [0.0, 0.0, 1.0, 0.0], [0.0, 0.0, 0.0, 1.0]], "cam_ids": [0, 1, 2, 3, 4, 5], "cam_channels": ["CAM_FRONT_LEFT", "CAM_FRONT", "CAM_FRONT_RIGHT", "CAM_BACK_LEFT", "CAM_BACK", "CAM_BACK_RIGHT"], "token": "dc8b6fde54a44147ade01e65717fb189", "scene": "scene-0802"}, {"images": ["samples/CAM_FRONT_LEFT/n015-2018-10-02-10-50-40+0800__CAM_FRONT_LEFT__1538448885654844.jpg", "samples/CAM_FRONT/n015-2018-10-02-10-50-40+0800__CAM_FRONT__1538448885662460.jpg", "samples/CAM_FRONT_RIGHT/n015-2018-10-02-10-50-40+0800__CAM_FRONT_RIGHT__1538448885670339.jpg", "samples/CAM_BACK_LEFT/n015-2018-10-02-10-50-40+0800__CAM_BACK_LEFT__1538448885697423.jpg", "samples/CAM_BACK/n015-2018-10-02-10-50-40+0800__CAM_BACK__1538448885687525.jpg", "samples/CAM_BACK_RIGHT/n015-2018-10-02-10-50-40+0800__CAM_BACK_RIGHT__1538448885677893.jpg"], "intrinsics": [[[1272.5979470598488, 0.0, 826.6154927353808], [0.0, 1272.5979470598488, 479.75165386361925], [0.0, 0.0, 1.0]], [[1266.417203046554, 0.0, 816.2670197447984], [0.0, 1266.417203046554, 491.50706579294757], [0.0, 0.0, 1.0]], [[1260.8474446004698, 0.0, 807.968244525554], [0.0, 1260.8474446004698, 495.3344268742088], [0.0, 0.0, 1.0]], [[1256.7414812095406, 0.0, 792.1125740759628], [0.0, 1256.7414812095406, 492.7757465151356], [0.0, 0.0, 1.0]], [[809.2209905677063, 0.0, 829.2196003259838], [0.0, 809.2209905677063, 481.77842384512485], [0.0, 0.0, 1.0]], [[1259.5137405846733, 0.0, 807.2529053838625], [0.0, 1259.5137405846733, 501.19579884916527], [0.0, 0.0, 1.0]]], "extrinsics": [[[0.8203141093254089, -0.5716204047203064, 0.018299277871847153, -0.582275390625], [-0.007164265029132366, -0.04226476699113846, -0.9990807175636292, 1.50494384765625], [0.5718683004379272, 0.8194289803504944, -0.03876562416553497, -1.01416015625], [0.0, 0.0, 0.0, 1.0]], [[0.005067378282546997, -0.9989266991615295, 0.04604106768965721, 0.007568359375], [-0.012611256912350655, -0.04610184207558632, -0.9988571405410767, 1.5157318115234375], [0.9999076128005981, 0.004480945412069559, -0.012831334955990314, -1.3094024658203125], [0.0, 0.0, 0.0, 1.0]], [[-0.8332745432853699, -0.5524294972419739, 0.02179761789739132, 0.785400390625], [-0.007138867396861315, -0.028672365471720695, -0.9995633363723755, 1.50152587890625], [0.5528132915496826, -0.8330663442611694, 0.019948234781622887, -1.08447265625], [0.0, 0.0, 0.0, 1.0]], [[0.9478665590286255, 0.3181825280189514, -0.017577510327100754, -1.1431884765625], [0.0010256089735776186, -0.058205101639032364, -0.9983040690422058, 1.58856201171875], [-0.318666011095047, 0.946241021156311, -0.05549699813127518, -0.103759765625], [0.0, 0.0, 0.0, 1.0]], [[0.002787756035104394, 0.9988173842430115, -0.04854034632444382, 0.0029296875], [-0.024218929931521416, -0.04845885932445526, -0.9985315203666687, 1.576751708984375], [-0.9997028112411499, 0.00395928556099534, 0.02405519038438797, -0.106414794921875], [0.0, 0.0, 0.0, 1.0]], [[-0.9346612691879272, 0.3549814224243164, -0.019915752112865448, 0.936279296875], [0.0085887610912323, -0.03345608338713646, -0.9994032979011536, 1.5532989501953125], [-0.35543590784072876, -0.9342745542526245, 0.0282212533056736, -0.139892578125], [0.0, 0.0, 0.0, 1.0]]], "view": [[0.0, -2.0, 100.0], [-2.0, 0.0, 100.0], [0.0, 0.0, 1.0]], "bev": "bev_c452c59291e443339af73f87c9944b70.png", "aux": "aux_c452c59291e443339af73f87c9944b70.npz", "visibility": "visibility_c452c59291e443339af73f87c9944b70.png", "pose": [[-0.9198359847068787, -0.3923032283782959, 0.0, 1137.2952880859375], [0.3923032283782959, -0.9198359847068787, 0.0, 3251.73193359375], [0.0, 0.0, 1.0, 0.0], [0.0, 0.0, 0.0, 1.0]], "pose_inverse": [[-0.9198359847068787, 0.3923032283782959, 0.0, -229.53981018066406], [-0.3923032283782959, -0.9198359847068787, 0.0, 3437.224609375], [0.0, 0.0, 1.0, 0.0], [0.0, 0.0, 0.0, 1.0]], "cam_ids": [0, 1, 2, 3, 4, 5], "cam_channels": ["CAM_FRONT_LEFT", "CAM_FRONT", "CAM_FRONT_RIGHT", "CAM_BACK_LEFT", "CAM_BACK", "CAM_BACK_RIGHT"], "token": "c452c59291e443339af73f87c9944b70", "scene": "scene-0802"}, {"images": ["samples/CAM_FRONT_LEFT/n015-2018-10-02-10-50-40+0800__CAM_FRONT_LEFT__1538448886154844.jpg", "samples/CAM_FRONT/n015-2018-10-02-10-50-40+0800__CAM_FRONT__1538448886162460.jpg", "samples/CAM_FRONT_RIGHT/n015-2018-10-02-10-50-40+0800__CAM_FRONT_RIGHT__1538448886170339.jpg", "samples/CAM_BACK_LEFT/n015-2018-10-02-10-50-40+0800__CAM_BACK_LEFT__1538448886197429.jpg", "samples/CAM_BACK/n015-2018-10-02-10-50-40+0800__CAM_BACK__1538448886187525.jpg", "samples/CAM_BACK_RIGHT/n015-2018-10-02-10-50-40+0800__CAM_BACK_RIGHT__1538448886177893.jpg"], "intrinsics": [[[1272.5979470598488, 0.0, 826.6154927353808], [0.0, 1272.5979470598488, 479.75165386361925], [0.0, 0.0, 1.0]], [[1266.417203046554, 0.0, 816.2670197447984], [0.0, 1266.417203046554, 491.50706579294757], [0.0, 0.0, 1.0]], [[1260.8474446004698, 0.0, 807.968244525554], [0.0, 1260.8474446004698, 495.3344268742088], [0.0, 0.0, 1.0]], [[1256.7414812095406, 0.0, 792.1125740759628], [0.0, 1256.7414812095406, 492.7757465151356], [0.0, 0.0, 1.0]], [[809.2209905677063, 0.0, 829.2196003259838], [0.0, 809.2209905677063, 481.77842384512485], [0.0, 0.0, 1.0]], [[1259.5137405846733, 0.0, 807.2529053838625], [0.0, 1259.5137405846733, 501.19579884916527], [0.0, 0.0, 1.0]]], "extrinsics": [[[0.8208193182945251, -0.5708699226379395, 0.01905949041247368, -0.56787109375], [-0.0030622221529483795, -0.037765759974718094, -0.9992819428443909, 1.5071487426757812], [0.5711796879768372, 0.8201715350151062, -0.032746996730566025, -1.015625], [0.0, 0.0, 0.0, 1.0]], [[0.00572047708556056, -0.999103307723999, 0.041949983686208725, 0.015625], [-0.008333818055689335, -0.04199684411287308, -0.9990829825401306, 1.517608642578125], [0.9999489188194275, 0.005365581251680851, -0.008566586300730705, -1.2997283935546875], [0.0, 0.0, 0.0, 1.0]], [[-0.8329741954803467, -0.5530792474746704, 0.016039865091443062, 0.7816162109375], [-0.00267301918938756, -0.024966135621070862, -0.9996846914291382, 1.5029830932617188], [0.5533052682876587, -0.8327544331550598, 0.019317755475640297, -1.07470703125], [0.0, 0.0, 0.0, 1.0]], [[0.947848916053772, 0.3184925615787506, -0.012032824568450451, -1.13629150390625], [0.00604408560320735, -0.05570867285132408, -0.9984287619590759, 1.5886688232421875], [-0.31866246461868286, 0.9462869763374329, -0.05472840368747711, -0.106689453125], [0.0, 0.0, 0.0, 1.0]], [[0.0026038726791739464, 0.9989539384841919, -0.045653048902750015, 0.00048828125], [-0.019352121278643608, -0.045594315975904465, -0.9987725615501404, 1.5772552490234375], [-0.9998092651367188, 0.003484161337837577, 0.019213154911994934, -0.11346435546875], [0.0, 0.0, 0.0, 1.0]], [[-0.9347601532936096, 0.3545292019844055, -0.023074977099895477, 0.927490234375], [0.013247359544038773, -0.030122699216008186, -0.9994584321975708, 1.5545196533203125], [-0.3550323247909546, -0.9345596432685852, 0.02346092462539673, -0.137939453125], [0.0, 0.0, 0.0, 1.0]]], "view": [[0.0, -2.0, 100.0], [-2.0, 0.0, 100.0], [0.0, 0.0, 1.0]], "bev": "bev_145b84c5cd6643b59e658b31d78d65f3.png", "aux": "aux_145b84c5cd6643b59e658b31d78d65f3.npz", "visibility": "visibility_145b84c5cd6643b59e658b31d78d65f3.png", "pose": [[-0.9163829684257507, -0.4003026485443115, 0.0, 1132.232421875], [0.4003026485443115, -0.9163829684257507, 0.0, 3254.000244140625], [0.0, 0.0, 1.0, 0.0], [0.0, 0.0, 0.0, 1.0]], "pose_inverse": [[-0.9163829684257507, 0.4003026485443115, 0.0, -265.0263977050781], [-0.4003026485443115, -0.9163829684257507, 0.0, 3435.14599609375], [0.0, 0.0, 1.0, 0.0], [0.0, 0.0, 0.0, 1.0]], "cam_ids": [0, 1, 2, 3, 4, 5], "cam_channels": ["CAM_FRONT_LEFT", "CAM_FRONT", "CAM_FRONT_RIGHT", "CAM_BACK_LEFT", "CAM_BACK", "CAM_BACK_RIGHT"], "token": "145b84c5cd6643b59e658b31d78d65f3", "scene": "scene-0802"}, {"images": ["samples/CAM_FRONT_LEFT/n015-2018-10-02-10-50-40+0800__CAM_FRONT_LEFT__1538448886654844.jpg", "samples/CAM_FRONT/n015-2018-10-02-10-50-40+0800__CAM_FRONT__1538448886662460.jpg", "samples/CAM_FRONT_RIGHT/n015-2018-10-02-10-50-40+0800__CAM_FRONT_RIGHT__1538448886670339.jpg", "samples/CAM_BACK_LEFT/n015-2018-10-02-10-50-40+0800__CAM_BACK_LEFT__1538448886697423.jpg", "samples/CAM_BACK/n015-2018-10-02-10-50-40+0800__CAM_BACK__1538448886687525.jpg", "samples/CAM_BACK_RIGHT/n015-2018-10-02-10-50-40+0800__CAM_BACK_RIGHT__1538448886677893.jpg"], "intrinsics": [[[1272.5979470598488, 0.0, 826.6154927353808], [0.0, 1272.5979470598488, 479.75165386361925], [0.0, 0.0, 1.0]], [[1266.417203046554, 0.0, 816.2670197447984], [0.0, 1266.417203046554, 491.50706579294757], [0.0, 0.0, 1.0]], [[1260.8474446004698, 0.0, 807.968244525554], [0.0, 1260.8474446004698, 495.3344268742088], [0.0, 0.0, 1.0]], [[1256.7414812095406, 0.0, 792.1125740759628], [0.0, 1256.7414812095406, 492.7757465151356], [0.0, 0.0, 1.0]], [[809.2209905677063, 0.0, 829.2196003259838], [0.0, 809.2209905677063, 481.77842384512485], [0.0, 0.0, 1.0]], [[1259.5137405846733, 0.0, 807.2529053838625], [0.0, 1259.5137405846733, 501.19579884916527], [0.0, 0.0, 1.0]]], "extrinsics": [[[0.8205989599227905, -0.5712458491325378, 0.017194300889968872, -0.5712890625], [-0.00810360535979271, -0.041713349521160126, -0.9990967512130737, 1.504547119140625], [0.5714470744132996, 0.8197184205055237, -0.038859084248542786, -1.01123046875], [0.0, 0.0, 0.0, 1.0]], [[0.005462606903165579, -0.9989439845085144, 0.04561810567975044, 0.0107421875], [-0.013477523811161518, -0.045688189566135406, -0.9988648295402527, 1.515380859375], [0.9998942017555237, 0.004841584712266922, -0.013712868094444275, -1.297637939453125], [0.0, 0.0, 0.0, 1.0]], [[-0.8331128358840942, -0.5526535511016846, 0.02229161188006401, 0.77587890625], [-0.007899054326117039, -0.02841041050851345, -0.9995651245117188, 1.5012741088867188], [0.553046464920044, -0.8329267501831055, 0.019303642213344574, -1.0751953125], [0.0, 0.0, 0.0, 1.0]], [[0.9478496313095093, 0.3182085454463959, -0.018008198589086533, -1.126953125], [0.0007038510520942509, -0.05859175696969032, -0.9982817769050598, 1.588592529296875], [-0.31871694326400757, 0.9462083578109741, -0.05576014891266823, -0.108642578125], [0.0, 0.0, 0.0, 1.0]], [[0.002671973779797554, 0.9988119602203369, -0.04865836352109909, 0.001953125], [-0.024715770035982132, -0.04857771098613739, -0.9985135793685913, 1.57635498046875], [-0.9996909499168396, 0.003870619460940361, 0.024556608870625496, -0.1217041015625], [0.0, 0.0, 0.0, 1.0]], [[-0.9347360730171204, 0.3548194468021393, -0.019281426444649696, 0.9222412109375], [0.007955854758620262, -0.03335067629814148, -0.9994120597839355, 1.5533523559570312], [-0.3552538752555847, -0.9343398213386536, 0.028351185843348503, -0.142578125], [0.0, 0.0, 0.0, 1.0]]], "view": [[0.0, -2.0, 100.0], [-2.0, 0.0, 100.0], [0.0, 0.0, 1.0]], "bev": "bev_1739cd6942f740dc92e2a6ebf626f8a3.png", "aux": "aux_1739cd6942f740dc92e2a6ebf626f8a3.npz", "visibility": "visibility_1739cd6942f740dc92e2a6ebf626f8a3.png", "pose": [[-0.9160230159759521, -0.4011257588863373, 0.0, 1127.2591552734375], [0.4011257588863373, -0.9160230159759521, 0.0, 3256.244873046875], [0.0, 0.0, 1.0, 0.0], [0.0, 0.0, 0.0, 1.0]], "pose_inverse": [[-0.9160230159759521, 0.4011257588863373, 0.0, -273.5683898925781], [-0.4011257588863373, -0.9160230159759521, 0.0, 3434.9677734375], [0.0, 0.0, 1.0, 0.0], [0.0, 0.0, 0.0, 1.0]], "cam_ids": [0, 1, 2, 3, 4, 5], "cam_channels": ["CAM_FRONT_LEFT", "CAM_FRONT", "CAM_FRONT_RIGHT", "CAM_BACK_LEFT", "CAM_BACK", "CAM_BACK_RIGHT"], "token": "1739cd6942f740dc92e2a6ebf626f8a3", "scene": "scene-0802"}, {"images": ["samples/CAM_FRONT_LEFT/n015-2018-10-02-10-50-40+0800__CAM_FRONT_LEFT__1538448887154844.jpg", "samples/CAM_FRONT/n015-2018-10-02-10-50-40+0800__CAM_FRONT__1538448887162460.jpg", "samples/CAM_FRONT_RIGHT/n015-2018-10-02-10-50-40+0800__CAM_FRONT_RIGHT__1538448887170339.jpg", "samples/CAM_BACK_LEFT/n015-2018-10-02-10-50-40+0800__CAM_BACK_LEFT__1538448887197423.jpg", "samples/CAM_BACK/n015-2018-10-02-10-50-40+0800__CAM_BACK__1538448887187525.jpg", "samples/CAM_BACK_RIGHT/n015-2018-10-02-10-50-40+0800__CAM_BACK_RIGHT__1538448887177893.jpg"], "intrinsics": [[[1272.5979470598488, 0.0, 826.6154927353808], [0.0, 1272.5979470598488, 479.75165386361925], [0.0, 0.0, 1.0]], [[1266.417203046554, 0.0, 816.2670197447984], [0.0, 1266.417203046554, 491.50706579294757], [0.0, 0.0, 1.0]], [[1260.8474446004698, 0.0, 807.968244525554], [0.0, 1260.8474446004698, 495.3344268742088], [0.0, 0.0, 1.0]], [[1256.7414812095406, 0.0, 792.1125740759628], [0.0, 1256.7414812095406, 492.7757465151356], [0.0, 0.0, 1.0]], [[809.2209905677063, 0.0, 829.2196003259838], [0.0, 809.2209905677063, 481.77842384512485], [0.0, 0.0, 1.0]], [[1259.5137405846733, 0.0, 807.2529053838625], [0.0, 1259.5137405846733, 501.19579884916527], [0.0, 0.0, 1.0]]], "extrinsics": [[[0.8203052282333374, -0.5712441802024841, 0.02791762538254261, -0.56103515625], [-0.0020907882135361433, -0.05180824548006058, -0.998654842376709, 1.507568359375], [0.5719221830368042, 0.8191434144973755, -0.043692924082279205, -1.00634765625], [0.0, 0.0, 0.0, 1.0]], [[0.004935476928949356, -0.9984145760536194, 0.05606904253363609, 0.011962890625], [-0.007417377084493637, -0.056104738265275955, -0.9983973503112793, 1.517822265625], [0.9999603033065796, 0.004511749371886253, -0.007682522293180227, -1.288787841796875], [0.0, 0.0, 0.0, 1.0]], [[-0.8333374261856079, -0.5522787570953369, 0.023168357089161873, 0.771240234375], [-0.0018024554010480642, -0.03919842839241028, -0.9992297887802124, 1.50323486328125], [0.5527614951133728, -0.8327375054359436, 0.031670067459344864, -1.07080078125], [0.0, 0.0, 0.0, 1.0]], [[0.9479452967643738, 0.31803828477859497, -0.01585223525762558, -1.12762451171875], [0.0069580101408064365, -0.07045776396989822, -0.9974904656410217, 1.588714599609375], [-0.31835708022117615, 0.9454561471939087, -0.06900302320718765, -0.109130859375], [0.0, 0.0, 0.0, 1.0]], [[0.003035798203200102, 0.9981832504272461, -0.060175735503435135, 0.001220703125], [-0.018523836508393288, -0.06010955572128296, -0.9980199337005615, 1.5771331787109375], [-0.9998238682746887, 0.0041444809176027775, 0.018307702615857124, -0.123291015625], [0.0, 0.0, 0.0, 1.0]], [[-0.9345547556877136, 0.3546390235424042, -0.028957022354006767, 0.9183349609375], [0.014067564159631729, -0.04449192062020302, -0.998910665512085, 1.5548553466796875], [-0.35554108023643494, -0.9339441657066345, 0.03659123182296753, -0.143310546875], [0.0, 0.0, 0.0, 1.0]]], "view": [[0.0, -2.0, 100.0], [-2.0, 0.0, 100.0], [0.0, 0.0, 1.0]], "bev": "bev_244f3bb0a98149b8a0cf4ecd1719cf31.png", "aux": "aux_244f3bb0a98149b8a0cf4ecd1719cf31.npz", "visibility": "visibility_244f3bb0a98149b8a0cf4ecd1719cf31.png", "pose": [[-0.9151386022567749, -0.4031393527984619, 0.0, 1122.3084716796875], [0.4031393527984619, -0.9151386022567749, 0.0, 3258.48974609375], [0.0, 0.0, 1.0, 0.0], [0.0, 0.0, 0.0, 1.0]], "pose_inverse": [[-0.9151386022567749, 0.4031393527984619, 0.0, -286.5576477050781], [-0.4031393527984619, -0.9151386022567749, 0.0, 3434.41650390625], [0.0, 0.0, 1.0, 0.0], [0.0, 0.0, 0.0, 1.0]], "cam_ids": [0, 1, 2, 3, 4, 5], "cam_channels": ["CAM_FRONT_LEFT", "CAM_FRONT", "CAM_FRONT_RIGHT", "CAM_BACK_LEFT", "CAM_BACK", "CAM_BACK_RIGHT"], "token": "244f3bb0a98149b8a0cf4ecd1719cf31", "scene": "scene-0802"}, {"images": ["samples/CAM_FRONT_LEFT/n015-2018-10-02-10-50-40+0800__CAM_FRONT_LEFT__1538448887654844.jpg", "samples/CAM_FRONT/n015-2018-10-02-10-50-40+0800__CAM_FRONT__1538448887662460.jpg", "samples/CAM_FRONT_RIGHT/n015-2018-10-02-10-50-40+0800__CAM_FRONT_RIGHT__1538448887670339.jpg", "samples/CAM_BACK_LEFT/n015-2018-10-02-10-50-40+0800__CAM_BACK_LEFT__1538448887697423.jpg", "samples/CAM_BACK/n015-2018-10-02-10-50-40+0800__CAM_BACK__1538448887687653.jpg", "samples/CAM_BACK_RIGHT/n015-2018-10-02-10-50-40+0800__CAM_BACK_RIGHT__1538448887677893.jpg"], "intrinsics": [[[1272.5979470598488, 0.0, 826.6154927353808], [0.0, 1272.5979470598488, 479.75165386361925], [0.0, 0.0, 1.0]], [[1266.417203046554, 0.0, 816.2670197447984], [0.0, 1266.417203046554, 491.50706579294757], [0.0, 0.0, 1.0]], [[1260.8474446004698, 0.0, 807.968244525554], [0.0, 1260.8474446004698, 495.3344268742088], [0.0, 0.0, 1.0]], [[1256.7414812095406, 0.0, 792.1125740759628], [0.0, 1256.7414812095406, 492.7757465151356], [0.0, 0.0, 1.0]], [[809.2209905677063, 0.0, 829.2196003259838], [0.0, 809.2209905677063, 481.77842384512485], [0.0, 0.0, 1.0]], [[1259.5137405846733, 0.0, 807.2529053838625], [0.0, 1259.5137405846733, 501.19579884916527], [0.0, 0.0, 1.0]]], "extrinsics": [[[0.8199651837348938, -0.5716350674629211, 0.02983912080526352, -0.5693359375], [-0.0020261192694306374, -0.05502670630812645, -0.9984828233718872, 1.5074920654296875], [0.5724097490310669, 0.8186606764793396, -0.04627818614244461, -1.008056640625], [0.0, 0.0, 0.0, 1.0]], [[0.004449914209544659, -0.9982505440711975, 0.05895750969648361, 0.009765625], [-0.007330633234232664, -0.05898907408118248, -0.9982317686080933, 1.517791748046875], [0.9999631643295288, 0.004009823314845562, -0.0075803035870194435, -1.29461669921875], [0.0, 0.0, 0.0, 1.0]], [[-0.8335496783256531, -0.5519035458564758, 0.024439679458737373, 0.7730712890625], [-0.0016770476941019297, -0.04171103611588478, -0.9991282820701599, 1.503204345703125], [0.5524419546127319, -0.8328641653060913, 0.033842653036117554, -1.07421875], [0.0, 0.0, 0.0, 1.0]], [[0.9480553269386292, 0.31770065426826477, -0.016043685376644135, -1.1297607421875], [0.0071350145153701305, -0.07165995240211487, -0.9974035620689392, 1.588653564453125], [-0.31802549958229065, 0.9454792737960815, -0.07020439207553864, -0.107666015625], [0.0, 0.0, 0.0, 1.0]], [[0.003305203979834914, 0.9980804324150085, -0.06184355542063713, 0.00244140625], [-0.018379518762230873, -0.06177281215786934, -0.9979209899902344, 1.5771636962890625], [-0.9998255968093872, 0.004434989299625158, 0.018140064552426338, -0.1209716796875], [0.0, 0.0, 0.0, 1.0]], [[-0.9344494342803955, 0.35484039783477783, -0.02987576834857464, 0.920166015625], [0.01422803197056055, -0.046626243740320206, -0.9988110661506653, 1.5548095703125], [-0.3558114767074585, -0.9337635636329651, 0.038521185517311096, -0.144287109375], [0.0, 0.0, 0.0, 1.0]]], "view": [[0.0, -2.0, 100.0], [-2.0, 0.0, 100.0], [0.0, 0.0, 1.0]], "bev": "bev_7ffabeddc8e941f4bed501ee2f07f3a8.png", "aux": "aux_7ffabeddc8e941f4bed501ee2f07f3a8.npz", "visibility": "visibility_7ffabeddc8e941f4bed501ee2f07f3a8.png", "pose": [[-0.9161210656166077, -0.400901734828949, 0.0, 1117.3665771484375], [0.400901734828949, -0.9161210656166077, 0.0, 3260.723876953125], [0.0, 0.0, 1.0, 0.0], [0.0, 0.0, 0.0, 1.0]], "pose_inverse": [[-0.9161210656166077, 0.400901734828949, 0.0, -283.5867919921875], [-0.400901734828949, -0.9161210656166077, 0.0, 3435.172119140625], [0.0, 0.0, 1.0, 0.0], [0.0, 0.0, 0.0, 1.0]], "cam_ids": [0, 1, 2, 3, 4, 5], "cam_channels": ["CAM_FRONT_LEFT", "CAM_FRONT", "CAM_FRONT_RIGHT", "CAM_BACK_LEFT", "CAM_BACK", "CAM_BACK_RIGHT"], "token": "7ffabeddc8e941f4bed501ee2f07f3a8", "scene": "scene-0802"}, {"images": ["samples/CAM_FRONT_LEFT/n015-2018-10-02-10-50-40+0800__CAM_FRONT_LEFT__1538448888104844.jpg", "samples/CAM_FRONT/n015-2018-10-02-10-50-40+0800__CAM_FRONT__1538448888112460.jpg", "samples/CAM_FRONT_RIGHT/n015-2018-10-02-10-50-40+0800__CAM_FRONT_RIGHT__1538448888120339.jpg", "samples/CAM_BACK_LEFT/n015-2018-10-02-10-50-40+0800__CAM_BACK_LEFT__1538448888147423.jpg", "samples/CAM_BACK/n015-2018-10-02-10-50-40+0800__CAM_BACK__1538448888137525.jpg", "samples/CAM_BACK_RIGHT/n015-2018-10-02-10-50-40+0800__CAM_BACK_RIGHT__1538448888127893.jpg"], "intrinsics": [[[1272.5979470598488, 0.0, 826.6154927353808], [0.0, 1272.5979470598488, 479.75165386361925], [0.0, 0.0, 1.0]], [[1266.417203046554, 0.0, 816.2670197447984], [0.0, 1266.417203046554, 491.50706579294757], [0.0, 0.0, 1.0]], [[1260.8474446004698, 0.0, 807.968244525554], [0.0, 1260.8474446004698, 495.3344268742088], [0.0, 0.0, 1.0]], [[1256.7414812095406, 0.0, 792.1125740759628], [0.0, 1256.7414812095406, 492.7757465151356], [0.0, 0.0, 1.0]], [[809.2209905677063, 0.0, 829.2196003259838], [0.0, 809.2209905677063, 481.77842384512485], [0.0, 0.0, 1.0]], [[1259.5137405846733, 0.0, 807.2529053838625], [0.0, 1259.5137405846733, 501.19579884916527], [0.0, 0.0, 1.0]]], "extrinsics": [[[0.820042610168457, -0.5714590549468994, 0.031061165034770966, -0.57421875], [0.0005920071271248162, -0.05342697352170944, -0.9985715746879578, 1.50848388671875], [0.5723022222518921, 0.8188896179199219, -0.04347408190369606, -1.006591796875], [0.0, 0.0, 0.0, 1.0]], [[0.00454756198450923, -0.9983389973640442, 0.05743293836712837, 0.006103515625], [-0.004723158665001392, -0.057454340159893036, -0.9983370304107666, 1.518646240234375], [0.9999784827232361, 0.0042687286622822285, -0.004976591095328331, -1.297821044921875], [0.0, 0.0, 0.0, 1.0]], [[-0.8334818482398987, -0.5521289706230164, 0.021484995260834694, 0.77490234375], [0.0009055554401129484, -0.040248457342386246, -0.9991892576217651, 1.50390625], [0.5525461435317993, -0.8327866792678833, 0.034046340733766556, -1.07861328125], [0.0, 0.0, 0.0, 1.0]], [[0.9479839205741882, 0.3180352747440338, -0.013419079594314098, -1.12957763671875], [0.009496509097516537, -0.07039383053779602, -0.9974740147590637, 1.5886688232421875], [-0.3181765377521515, 0.9454619288444519, -0.06975244730710983, -0.107421875], [0.0, 0.0, 0.0, 1.0]], [[0.003179811639711261, 0.9981624484062195, -0.06051282584667206, 0.0029296875], [-0.015936918556690216, -0.06045486032962799, -0.9980437159538269, 1.5774078369140625], [-0.9998679757118225, 0.004138025920838118, 0.015715396031737328, -0.119964599609375], [0.0, 0.0, 0.0, 1.0]], [[-0.9344462156295776, 0.3546881377696991, -0.03172609210014343, 0.9248046875], [0.01674642413854599, -0.045224379748106, -0.9988365173339844, 1.55523681640625], [-0.35571014881134033, -0.9338902831077576, 0.03631999343633652, -0.144775390625], [0.0, 0.0, 0.0, 1.0]]], "view": [[0.0, -2.0, 100.0], [-2.0, 0.0, 100.0], [0.0, 0.0, 1.0]], "bev": "bev_565b8e6965044cc88597d513c0a5024b.png", "aux": "aux_565b8e6965044cc88597d513c0a5024b.npz", "visibility": "visibility_565b8e6965044cc88597d513c0a5024b.png", "pose": [[-0.9166814088821411, -0.39961883425712585, 0.0, 1112.838623046875], [0.39961883425712585, -0.9166814088821411, 0.0, 3262.737060546875], [0.0, 0.0, 1.0, 0.0], [0.0, 0.0, 0.0, 1.0]], "pose_inverse": [[-0.9166814088821411, 0.39961883425712585, 0.0, -283.73272705078125], [-0.39961883425712585, -0.9166814088821411, 0.0, 3435.6015625], [0.0, 0.0, 1.0, 0.0], [0.0, 0.0, 0.0, 1.0]], "cam_ids": [0, 1, 2, 3, 4, 5], "cam_channels": ["CAM_FRONT_LEFT", "CAM_FRONT", "CAM_FRONT_RIGHT", "CAM_BACK_LEFT", "CAM_BACK", "CAM_BACK_RIGHT"], "token": "565b8e6965044cc88597d513c0a5024b", "scene": "scene-0802"}, {"images": ["samples/CAM_FRONT_LEFT/n015-2018-10-02-10-50-40+0800__CAM_FRONT_LEFT__1538448888604844.jpg", "samples/CAM_FRONT/n015-2018-10-02-10-50-40+0800__CAM_FRONT__1538448888612460.jpg", "samples/CAM_FRONT_RIGHT/n015-2018-10-02-10-50-40+0800__CAM_FRONT_RIGHT__1538448888620339.jpg", "samples/CAM_BACK_LEFT/n015-2018-10-02-10-50-40+0800__CAM_BACK_LEFT__1538448888647423.jpg", "samples/CAM_BACK/n015-2018-10-02-10-50-40+0800__CAM_BACK__1538448888637525.jpg", "samples/CAM_BACK_RIGHT/n015-2018-10-02-10-50-40+0800__CAM_BACK_RIGHT__1538448888627893.jpg"], "intrinsics": [[[1272.5979470598488, 0.0, 826.6154927353808], [0.0, 1272.5979470598488, 479.75165386361925], [0.0, 0.0, 1.0]], [[1266.417203046554, 0.0, 816.2670197447984], [0.0, 1266.417203046554, 491.50706579294757], [0.0, 0.0, 1.0]], [[1260.8474446004698, 0.0, 807.968244525554], [0.0, 1260.8474446004698, 495.3344268742088], [0.0, 0.0, 1.0]], [[1256.7414812095406, 0.0, 792.1125740759628], [0.0, 1256.7414812095406, 492.7757465151356], [0.0, 0.0, 1.0]], [[809.2209905677063, 0.0, 829.2196003259838], [0.0, 809.2209905677063, 481.77842384512485], [0.0, 0.0, 1.0]], [[1259.5137405846733, 0.0, 807.2529053838625], [0.0, 1259.5137405846733, 501.19579884916527], [0.0, 0.0, 1.0]]], "extrinsics": [[[0.8204202055931091, -0.5708244442939758, 0.0327131450176239, -0.576416015625], [0.0024150304961949587, -0.05375455319881439, -0.9985512495040894, 1.509429931640625], [0.5717559456825256, 0.8193106055259705, -0.04272276535630226, -1.01025390625], [0.0, 0.0, 0.0, 1.0]], [[0.005004928447306156, -0.9983170032501221, 0.05777622386813164, 0.007568359375], [-0.002780951326712966, -0.05779062584042549, -0.9983248710632324, 1.51947021484375], [0.9999836087226868, 0.004835879430174828, -0.0030655083246529102, -1.30035400390625], [0.0, 0.0, 0.0, 1.0]], [[-0.8333202004432678, -0.5524299144744873, 0.019968785345554352, 0.77587890625], [0.002963699633255601, -0.04058787226676941, -0.9991715550422668, 1.50457763671875], [0.5527827739715576, -0.8325706720352173, 0.03545992448925972, -1.078125], [0.0, 0.0, 0.0, 1.0]], [[0.9479445815086365, 0.3182377815246582, -0.011215336620807648, -1.1292724609375], [0.01194800902158022, -0.07074108719825745, -0.9974231123924255, 1.5887298583984375], [-0.31821107864379883, 0.9453678727149963, -0.07086094468832016, -0.10791015625], [0.0, 0.0, 0.0, 1.0]], [[0.003129389602690935, 0.9981409907341003, -0.060868289321660995, 0.0029296875], [-0.013576559722423553, -0.0608205683529377, -0.9980563521385193, 1.5777130126953125], [-0.9999029636383057, 0.003949717618525028, 0.013360987417399883, -0.119384765625], [0.0, 0.0, 0.0, 1.0]], [[-0.9344682693481445, 0.354430615901947, -0.0338832251727581, 0.9249267578125], [0.018924707546830177, -0.045586880296468735, -0.998781144618988, 1.555755615234375], [-0.3555432856082916, -0.9339704513549805, 0.03589199483394623, -0.14404296875], [0.0, 0.0, 0.0, 1.0]]], "view": [[0.0, -2.0, 100.0], [-2.0, 0.0, 100.0], [0.0, 0.0, 1.0]], "bev": "bev_fbacf779daa0476fb6eec08b4ce3fb72.png", "aux": "aux_fbacf779daa0476fb6eec08b4ce3fb72.npz", "visibility": "visibility_fbacf779daa0476fb6eec08b4ce3fb72.png", "pose": [[-0.9171527028083801, -0.3985360264778137, 0.0, 1107.8416748046875], [0.3985360264778137, -0.9171527028083801, 0.0, 3264.9345703125], [0.0, 0.0, 1.0, 0.0], [0.0, 0.0, 0.0, 1.0]], "pose_inverse": [[-0.9171527028083801, 0.3985360264778137, 0.0, -285.1340637207031], [-0.3985360264778137, -0.9171527028083801, 0.0, 3435.958251953125], [0.0, 0.0, 1.0, 0.0], [0.0, 0.0, 0.0, 1.0]], "cam_ids": [0, 1, 2, 3, 4, 5], "cam_channels": ["CAM_FRONT_LEFT", "CAM_FRONT", "CAM_FRONT_RIGHT", "CAM_BACK_LEFT", "CAM_BACK", "CAM_BACK_RIGHT"], "token": "fbacf779daa0476fb6eec08b4ce3fb72", "scene": "scene-0802"}, {"images": ["samples/CAM_FRONT_LEFT/n015-2018-10-02-10-50-40+0800__CAM_FRONT_LEFT__1538448889104844.jpg", "samples/CAM_FRONT/n015-2018-10-02-10-50-40+0800__CAM_FRONT__1538448889112460.jpg", "samples/CAM_FRONT_RIGHT/n015-2018-10-02-10-50-40+0800__CAM_FRONT_RIGHT__1538448889120339.jpg", "samples/CAM_BACK_LEFT/n015-2018-10-02-10-50-40+0800__CAM_BACK_LEFT__1538448889147423.jpg", "samples/CAM_BACK/n015-2018-10-02-10-50-40+0800__CAM_BACK__1538448889137525.jpg", "samples/CAM_BACK_RIGHT/n015-2018-10-02-10-50-40+0800__CAM_BACK_RIGHT__1538448889127893.jpg"], "intrinsics": [[[1272.5979470598488, 0.0, 826.6154927353808], [0.0, 1272.5979470598488, 479.75165386361925], [0.0, 0.0, 1.0]], [[1266.417203046554, 0.0, 816.2670197447984], [0.0, 1266.417203046554, 491.50706579294757], [0.0, 0.0, 1.0]], [[1260.8474446004698, 0.0, 807.968244525554], [0.0, 1260.8474446004698, 495.3344268742088], [0.0, 0.0, 1.0]], [[1256.7414812095406, 0.0, 792.1125740759628], [0.0, 1256.7414812095406, 492.7757465151356], [0.0, 0.0, 1.0]], [[809.2209905677063, 0.0, 829.2196003259838], [0.0, 809.2209905677063, 481.77842384512485], [0.0, 0.0, 1.0]], [[1259.5137405846733, 0.0, 807.2529053838625], [0.0, 1259.5137405846733, 501.19579884916527], [0.0, 0.0, 1.0]]], "extrinsics": [[[0.8204712271690369, -0.5709179639816284, 0.02965676411986351, -0.5771484375], [0.010950437746942043, -0.036171674728393555, -0.9992855787277222, 1.513458251953125], [0.5715828537940979, 0.8202098608016968, -0.02342601679265499, -1.0107421875], [0.0, 0.0, 0.0, 1.0]], [[0.005361557938158512, -0.9991973042488098, 0.039696209132671356, 0.0078125], [0.005848853383213282, -0.03966476768255234, -0.99919593334198, 1.5228424072265625], [0.9999684691429138, 0.0055893962271511555, 0.005631493870168924, -1.301910400390625], [0.0, 0.0, 0.0, 1.0]], [[-0.8328606486320496, -0.5534775853157043, 0.002381423721089959, 0.7784423828125], [0.011679030023515224, -0.02187567576766014, -0.999692440032959, 1.5072402954101562], [0.5533593893051147, -0.8325768113136292, 0.024683471769094467, -1.078369140625], [0.0, 0.0, 0.0, 1.0]], [[0.9477258920669556, 0.31906014680862427, 0.004023329354822636, -1.12591552734375], [0.021084241569042206, -0.050036609172821045, -0.9985247850418091, 1.5889434814453125], [-0.31838810443878174, 0.9464127421379089, -0.05414813384413719, -0.109619140625], [0.0, 0.0, 0.0, 1.0]], [[0.002683544298633933, 0.9991599917411804, -0.040892086923122406, 0.00244140625], [-0.004597635939717293, -0.040879473090171814, -0.9991534948348999, 1.578826904296875], [-0.9999858140945435, 0.0028693205676972866, 0.004484070464968681, -0.12066650390625], [0.0, 0.0, 0.0, 1.0]], [[-0.