[{"images": ["samples/CAM_FRONT_LEFT/n015-2018-07-18-11-41-49+0800__CAM_FRONT_LEFT__1531885417004844.jpg", "samples/CAM_FRONT/n015-2018-07-18-11-41-49+0800__CAM_FRONT__1531885417012471.jpg", "samples/CAM_FRONT_RIGHT/n015-2018-07-18-11-41-49+0800__CAM_FRONT_RIGHT__1531885417020339.jpg", "samples/CAM_BACK_LEFT/n015-2018-07-18-11-41-49+0800__CAM_BACK_LEFT__1531885417047423.jpg", "samples/CAM_BACK/n015-2018-07-18-11-41-49+0800__CAM_BACK__1531885417037525.jpg", "samples/CAM_BACK_RIGHT/n015-2018-07-18-11-41-49+0800__CAM_BACK_RIGHT__1531885417027893.jpg"], "intrinsics": [[[1272.5979470598488, 0.0, 826.6154927353808], [0.0, 1272.5979470598488, 479.75165386361925], [0.0, 0.0, 1.0]], [[1266.417203046554, 0.0, 816.2670197447984], [0.0, 1266.417203046554, 491.50706579294757], [0.0, 0.0, 1.0]], [[1260.8474446004698, 0.0, 807.968244525554], [0.0, 1260.8474446004698, 495.3344268742088], [0.0, 0.0, 1.0]], [[1256.7414812095406, 0.0, 792.1125740759628], [0.0, 1256.7414812095406, 492.7757465151356], [0.0, 0.0, 1.0]], [[809.2209905677063, 0.0, 829.2196003259838], [0.0, 809.2209905677063, 481.77842384512485], [0.0, 0.0, 1.0]], [[1259.5137405846733, 0.0, 807.2529053838625], [0.0, 1259.5137405846733, 501.19579884916527], [0.0, 0.0, 1.0]]], "extrinsics": [[[0.821073591709137, -0.5688740611076355, -0.04712148755788803, -0.70947265625], [-0.05552167445421219, 0.0025686968583613634, -0.9984541535377502, 1.4911003112792969], [0.5681157112121582, 0.8224206566810608, -0.029475748538970947, -1.1080322265625], [0.0, 0.0, 0.0, 1.0]], [[0.008236122317612171, -0.9999658465385437, 0.0007005101069808006, 0.01025390625], [-0.06075016409158707, -0.0011996043613180518, -0.9981522560119629, 1.5049781799316406], [0.9981189966201782, 0.008178395219147205, -0.06075796112418175, -1.436767578125], [0.0, 0.0, 0.0, 1.0]], [[-0.8310179710388184, -0.5550274848937988, 0.036791201680898666, 0.8658294677734375], [-0.055113304406404495, 0.016341153532266617, -0.9983463287353516, 1.4924659729003906], [0.553508460521698, -0.831671416759491, -0.044169191271066666, -1.1346435546875], [0.0, 0.0, 0.0, 1.0]], [[0.9463604688644409, 0.31952574849128723, -0.048010606318712234, -1.1273269653320312], [-0.046197015792131424, -0.01325742993503809, -0.9988443851470947, 1.5878286361694336], [-0.3197930157184601, 0.9474847912788391, 0.002214825712144375, -0.1090087890625], [0.0, 0.0, 0.0, 1.0]], [[0.0010908220428973436, 0.9999929666519165, -0.003608273109421134, 0.0018310546875], [-0.0716710165143013, -0.0035208165645599365, -0.9974221587181091, 1.5733489990234375], [-0.997427761554718, 0.0013466019881889224, 0.0716666653752327, -0.08184814453125], [0.0, 0.0, 0.0, 1.0]], [[-0.9345359206199646, 0.35352858901023865, 0.040744539350271225, 0.995361328125], [-0.039181675761938095, 0.01157991960644722, -0.9991650581359863, 1.5455436706542969], [-0.35370519757270813, -0.9353520274162292, 0.003029991639778018, -0.11505126953125], [0.0, 0.0, 0.0, 1.0]]], "view": [[0.0, -2.0, 100.0], [-2.0, 0.0, 100.0], [0.0, 0.0, 1.0]], "bev": "bev_234b0f37af694571876a745e5bbb5e08.png", "aux": "aux_234b0f37af694571876a745e5bbb5e08.npz", "visibility": "visibility_234b0f37af694571876a745e5bbb5e08.png", "pose": [[-0.3308432698249817, -0.9436857104301453, 0.0, 994.3646240234375], [0.9436857104301453, -0.3308432698249817, 0.0, 920.01904296875], [0.0, 0.0, 1.0, 0.0], [0.0, 0.0, 0.0, 1.0]], "pose_inverse": [[-0.3308432698249817, 0.9436857104301453, 0.0, -539.22998046875], [-0.9436857104301453, -0.3308432698249817, 0.0, 1242.749755859375], [0.0, 0.0, 1.0, 0.0], [0.0, 0.0, 0.0, 1.0]], "cam_ids": [0, 1, 2, 3, 4, 5], "cam_channels": ["CAM_FRONT_LEFT", "CAM_FRONT", "CAM_FRONT_RIGHT", "CAM_BACK_LEFT", "CAM_BACK", "CAM_BACK_RIGHT"], "token": "234b0f37af694571876a745e5bbb5e08", "scene": "scene-0015"}, {"images": ["samples/CAM_FRONT_LEFT/n015-2018-07-18-11-41-49+0800__CAM_FRONT_LEFT__1531885417504844.jpg", "samples/CAM_FRONT/n015-2018-07-18-11-41-49+0800__CAM_FRONT__1531885417512467.jpg", "samples/CAM_FRONT_RIGHT/n015-2018-07-18-11-41-49+0800__CAM_FRONT_RIGHT__1531885417520339.jpg", "samples/CAM_BACK_LEFT/n015-2018-07-18-11-41-49+0800__CAM_BACK_LEFT__1531885417547423.jpg", "samples/CAM_BACK/n015-2018-07-18-11-41-49+0800__CAM_BACK__1531885417537525.jpg", "samples/CAM_BACK_RIGHT/n015-2018-07-18-11-41-49+0800__CAM_BACK_RIGHT__1531885417527893.jpg"], "intrinsics": [[[1272.5979470598488, 0.0, 826.6154927353808], [0.0, 1272.5979470598488, 479.75165386361925], [0.0, 0.0, 1.0]], [[1266.417203046554, 0.0, 816.2670197447984], [0.0, 1266.417203046554, 491.50706579294757], [0.0, 0.0, 1.0]], [[1260.8474446004698, 0.0, 807.968244525554], [0.0, 1260.8474446004698, 495.3344268742088], [0.0, 0.0, 1.0]], [[1256.7414812095406, 0.0, 792.1125740759628], [0.0, 1256.7414812095406, 492.7757465151356], [0.0, 0.0, 1.0]], [[809.2209905677063, 0.0, 829.2196003259838], [0.0, 809.2209905677063, 481.77842384512485], [0.0, 0.0, 1.0]], [[1259.5137405846733, 0.0, 807.2529053838625], [0.0, 1259.5137405846733, 501.19579884916527], [0.0, 0.0, 1.0]]], "extrinsics": [[[0.821053683757782, -0.5689275860786438, -0.046821579337120056, -0.704345703125], [-0.05473368614912033, 0.0031846954952925444, -0.998495876789093, 1.4909248352050781], [0.5682209730148315, 0.8223814368247986, -0.028524698689579964, -1.1011962890625], [0.0, 0.0, 0.0, 1.0]], [[0.008149953559041023, -0.9999666213989258, 0.0003160317428410053, 0.0079345703125], [-0.0600888729095459, -0.0008052079356275499, -0.9981927275657654, 1.5048141479492188], [0.9981597065925598, 0.008116214536130428, -0.06009342893958092, -1.43115234375], [0.0, 0.0, 0.0, 1.0]], [[-0.8310789465904236, -0.5549712777137756, 0.03625813126564026, 0.86224365234375], [-0.05457982048392296, 0.016507163643836975, -0.9983729124069214, 1.4924354553222656], [0.5534697771072388, -0.8317056894302368, -0.04400898888707161, -1.1343994140625], [0.0, 0.0, 0.0, 1.0]], [[0.946381688117981, 0.3194626569747925, -0.04801376536488533, -1.1313934326171875], [-0.04602649807929993, -0.013772159814834595, -0.9988452792167664, 1.5880279541015625], [-0.319754958152771, 0.9474988579750061, 0.001670023542828858, -0.107666015625], [0.0, 0.0, 0.0, 1.0]], [[0.0011459060478955507, 0.9999919533729553, -0.003864473896101117, 0.0023193359375], [-0.0713813379406929, -0.0037728226743638515, -0.9974419474601746, 1.5735015869140625], [-0.9974484443664551, 0.0014188423519954085, 0.07137642800807953, -0.08001708984375], [0.0, 0.0, 0.0, 1.0]], [[-0.934529721736908, 0.35359111428260803, 0.04034215211868286, 0.9949951171875], [-0.03876180946826935, 0.011553113348782063, -0.9991816878318787, 1.54559326171875], [-0.35376784205436707, -0.9353287816047668, 0.0029091015458106995, -0.1163330078125], [0.0, 0.0, 0.0, 1.0]]], "view": [[0.0, -2.0, 100.0], [-2.0, 0.0, 100.0], [0.0, 0.0, 1.0]], "bev": "bev_20df43740cba4411a810e204501af71a.png", "aux": "aux_20df43740cba4411a810e204501af71a.npz", "visibility": "visibility_20df43740cba4411a810e204501af71a.png", "pose": [[-0.31027907133102417, -0.9506455063819885, 0.0, 993.2556762695312], [0.9506455063819885, -0.31027907133102417, 0.0, 923.3399658203125], [0.0, 0.0, 1.0, 0.0], [0.0, 0.0, 0.0, 1.0]], "pose_inverse": [[-0.31027907133102417, 0.9506455063819885, 0.0, -569.58251953125], [-0.9506455063819885, -0.31027907133102417, 0.0, 1230.7271728515625], [0.0, 0.0, 1.0, 0.0], [0.0, 0.0, 0.0, 1.0]], "cam_ids": [0, 1, 2, 3, 4, 5], "cam_channels": ["CAM_FRONT_LEFT", "CAM_FRONT", "CAM_FRONT_RIGHT", "CAM_BACK_LEFT", "CAM_BACK", "CAM_BACK_RIGHT"], "token": "20df43740cba4411a810e204501af71a", "scene": "scene-0015"}, {"images": ["samples/CAM_FRONT_LEFT/n015-2018-07-18-11-41-49+0800__CAM_FRONT_LEFT__1531885418004844.jpg", "samples/CAM_FRONT/n015-2018-07-18-11-41-49+0800__CAM_FRONT__1531885418012463.jpg", "samples/CAM_FRONT_RIGHT/n015-2018-07-18-11-41-49+0800__CAM_FRONT_RIGHT__1531885418020339.jpg", "samples/CAM_BACK_LEFT/n015-2018-07-18-11-41-49+0800__CAM_BACK_LEFT__1531885418047423.jpg", "samples/CAM_BACK/n015-2018-07-18-11-41-49+0800__CAM_BACK__1531885418037525.jpg", "samples/CAM_BACK_RIGHT/n015-2018-07-18-11-41-49+0800__CAM_BACK_RIGHT__1531885418027893.jpg"], "intrinsics": [[[1272.5979470598488, 0.0, 826.6154927353808], [0.0, 1272.5979470598488, 479.75165386361925], [0.0, 0.0, 1.0]], [[1266.417203046554, 0.0, 816.2670197447984], [0.0, 1266.417203046554, 491.50706579294757], [0.0, 0.0, 1.0]], [[1260.8474446004698, 0.0, 807.968244525554], [0.0, 1260.8474446004698, 495.3344268742088], [0.0, 0.0, 1.0]], [[1256.7414812095406, 0.0, 792.1125740759628], [0.0, 1256.7414812095406, 492.7757465151356], [0.0, 0.0, 1.0]], [[809.2209905677063, 0.0, 829.2196003259838], [0.0, 809.2209905677063, 481.77842384512485], [0.0, 0.0, 1.0]], [[1259.5137405846733, 0.0, 807.2529053838625], [0.0, 1259.5137405846733, 501.19579884916527], [0.0, 0.0, 1.0]]], "extrinsics": [[[0.8216016888618469, -0.568719744682312, -0.039095621556043625, -0.71435546875], [-0.04808959364891052, -0.0008090357878245413, -0.998842716217041, 1.4936180114746094], [0.5680299401283264, 0.8225309252738953, -0.028014205396175385, -1.10833740234375], [0.0, 0.0, 0.0, 1.0]], [[0.008479992859065533, -0.9999544620513916, 0.004374216310679913, 0.0081787109375], [-0.053279124200344086, -0.004819979891180992, -0.998568058013916, 1.507101058959961], [0.9985436201095581, 0.008234819397330284, -0.05331757292151451, -1.44049072265625], [0.0, 0.0, 0.0, 1.0]], [[-0.8311774134635925, -0.5550456047058105, 0.032686199992895126, 0.8678436279296875], [-0.047604937106370926, 0.01247024443000555, -0.9987884163856506, 1.4941902160644531], [0.5539655089378357, -0.8317264318466187, -0.03678789362311363, -1.1380615234375], [0.0, 0.0, 0.0, 1.0]], [[0.9466962814331055, 0.31933242082595825, -0.042344216257333755, -1.1320648193359375], [-0.03872380033135414, -0.017681123688817024, -0.9990935325622559, 1.5881426334381104], [-0.31979167461395264, 0.9474777579307556, -0.004372888710349798, -0.107177734375], [0.0, 0.0, 0.0, 1.0]], [[0.001077685970813036, 0.9999687075614929, -0.00784160103648901, 0.00244140625], [-0.0641595795750618, -0.0077563077211380005, -0.9979094862937927, 1.5742511749267578], [-0.9979389905929565, 0.0015785335563123226, 0.06414920836687088, -0.0775146484375], [0.0, 0.0, 0.0, 1.0]], [[-0.9348474740982056, 0.3535792827606201, 0.03227974846959114, 0.99871826171875], [-0.03165726363658905, 0.007545504719018936, -0.9994702935218811, 1.5468025207519531], [-0.3536355495452881, -0.9353742003440857, 0.004139456897974014, -0.1148681640625], [0.0, 0.0, 0.0, 1.0]]], "view": [[0.0, -2.0, 100.0], [-2.0, 0.0, 100.0], [0.0, 0.0, 1.0]], "bev": "bev_6482944ffc7a4e07b6028c5797a41606.png", "aux": "aux_6482944ffc7a4e07b6028c5797a41606.npz", "visibility": "visibility_6482944ffc7a4e07b6028c5797a41606.png", "pose": [[-0.28239643573760986, -0.959297776222229, 0.0, 992.2390747070312], [0.959297776222229, -0.28239643573760986, 0.0, 926.6831665039062], [0.0, 0.0, 1.0, 0.0], [0.0, 0.0, 0.0, 1.0]], "pose_inverse": [[-0.28239643573760986, 0.959297776222229, 0.0, -608.7603149414062], [-0.959297776222229, -0.28239643573760986, 0.0, 1213.5447998046875], [0.0, 0.0, 1.0, 0.0], [0.0, 0.0, 0.0, 1.0]], "cam_ids": [0, 1, 2, 3, 4, 5], "cam_channels": ["CAM_FRONT_LEFT", "CAM_FRONT", "CAM_FRONT_RIGHT", "CAM_BACK_LEFT", "CAM_BACK", "CAM_BACK_RIGHT"], "token": "6482944ffc7a4e07b6028c5797a41606", "scene": "scene-0015"}, {"images": ["samples/CAM_FRONT_LEFT/n015-2018-07-18-11-41-49+0800__CAM_FRONT_LEFT__1531885418504844.jpg", "samples/CAM_FRONT/n015-2018-07-18-11-41-49+0800__CAM_FRONT__1531885418512466.jpg", "samples/CAM_FRONT_RIGHT/n015-2018-07-18-11-41-49+0800__CAM_FRONT_RIGHT__1531885418520339.jpg", "samples/CAM_BACK_LEFT/n015-2018-07-18-11-41-49+0800__CAM_BACK_LEFT__1531885418547423.jpg", "samples/CAM_BACK/n015-2018-07-18-11-41-49+0800__CAM_BACK__1531885418537525.jpg", "samples/CAM_BACK_RIGHT/n015-2018-07-18-11-41-49+0800__CAM_BACK_RIGHT__1531885418527893.jpg"], "intrinsics": [[[1272.5979470598488, 0.0, 826.6154927353808], [0.0, 1272.5979470598488, 479.75165386361925], [0.0, 0.0, 1.0]], [[1266.417203046554, 0.0, 816.2670197447984], [0.0, 1266.417203046554, 491.50706579294757], [0.0, 0.0, 1.0]], [[1260.8474446004698, 0.0, 807.968244525554], [0.0, 1260.8474446004698, 495.3344268742088], [0.0, 0.0, 1.0]], [[1256.7414812095406, 0.0, 792.1125740759628], [0.0, 1256.7414812095406, 492.7757465151356], [0.0, 0.0, 1.0]], [[809.2209905677063, 0.0, 829.2196003259838], [0.0, 809.2209905677063, 481.77842384512485], [0.0, 0.0, 1.0]], [[1259.5137405846733, 0.0, 807.2529053838625], [0.0, 1259.5137405846733, 501.19579884916527], [0.0, 0.0, 1.0]]], "extrinsics": [[[0.8213188052177429, -0.5689271092414856, -0.04192069545388222, -0.714599609375], [-0.04970025271177292, 0.0018439387204125524, -0.9987624883651733, 1.4931144714355469], [0.5683003067970276, 0.822385847568512, -0.026761362329125404, -1.10772705078125], [0.0, 0.0, 0.0, 1.0]], [[0.008188048377633095, -0.9999648928642273, 0.0017779703484848142, 0.007568359375], [-0.05492918938398361, -0.0022251245100051165, -0.9984877705574036, 1.5067558288574219], [0.9984567165374756, 0.008078004233539104, -0.05494547635316849, -1.4417724609375], [0.0, 0.0, 0.0, 1.0]], [[-0.8312523365020752, -0.5549332499504089, 0.03268860653042793, 0.8698654174804688], [-0.04928906634449959, 0.015004430897533894, -0.9986717700958252, 1.4939956665039062], [0.5537058115005493, -0.831759512424469, -0.03982461616396904, -1.1400146484375], [0.0, 0.0, 0.0, 1.0]], [[0.9466763734817505, 0.319288045167923, -0.04311578720808029, -1.136688232421875], [-0.040345653891563416, -0.015288259834051132, -0.9990687966346741, 1.5883212089538574], [-0.3196498453617096, 0.9475343227386475, -0.0015911520458757877, -0.1055908203125], [0.0, 0.0, 0.0, 1.0]], [[0.0012309667654335499, 0.9999845623970032, -0.00541246822103858, 0.0028076171875], [-0.06583743542432785, -0.005319684278219938, -0.9978162050247192, 1.5744094848632812], [-0.9978296160697937, 0.001584650482982397, 0.06582987308502197, -0.07305908203125], [0.0, 0.0, 0.0, 1.0]], [[-0.934728741645813, 0.3536597192287445, 0.034740373492240906, 1.0028076171875], [-0.03334856778383255, 0.010030659846961498, -0.9993934631347656, 1.5466880798339844], [-0.3537937104701996, -0.9353203773498535, 0.0024180980399250984, -0.11370849609375], [0.0, 0.0, 0.0, 1.0]]], "view": [[0.0, -2.0, 100.0], [-2.0, 0.0, 100.0], [0.0, 0.0, 1.0]], "bev": "bev_f133ae5862974d64aba52bf55982552b.png", "aux": "aux_f133ae5862974d64aba52bf55982552b.npz", "visibility": "visibility_f133ae5862974d64aba52bf55982552b.png", "pose": [[-0.2538404166698456, -0.9672461152076721, 0.0, 991.3226928710938], [0.9672461152076721, -0.2538404166698456, 0.0, 930.031982421875], [0.0, 0.0, 1.0, 0.0], [0.0, 0.0, 0.0, 1.0]], "pose_inverse": [[-0.2538404166698456, 0.9672461152076721, 0.0, -647.9320678710938], [-0.9672461152076721, -0.2538404166698456, 0.0, 1194.9327392578125], [0.0, 0.0, 1.0, 0.0], [0.0, 0.0, 0.0, 1.0]], "cam_ids": [0, 1, 2, 3, 4, 5], "cam_channels": ["CAM_FRONT_LEFT", "CAM_FRONT", "CAM_FRONT_RIGHT", "CAM_BACK_LEFT", "CAM_BACK", "CAM_BACK_RIGHT"], "token": "f133ae5862974d64aba52bf55982552b", "scene": "scene-0015"}, {"images": ["samples/CAM_FRONT_LEFT/n015-2018-07-18-11-41-49+0800__CAM_FRONT_LEFT__1531885419004844.jpg", "samples/CAM_FRONT/n015-2018-07-18-11-41-49+0800__CAM_FRONT__1531885419012470.jpg", "samples/CAM_FRONT_RIGHT/n015-2018-07-18-11-41-49+0800__CAM_FRONT_RIGHT__1531885419020339.jpg", "samples/CAM_BACK_LEFT/n015-2018-07-18-11-41-49+0800__CAM_BACK_LEFT__1531885419047423.jpg", "samples/CAM_BACK/n015-2018-07-18-11-41-49+0800__CAM_BACK__1531885419037525.jpg", "samples/CAM_BACK_RIGHT/n015-2018-07-18-11-41-49+0800__CAM_BACK_RIGHT__1531885419027893.jpg"], "intrinsics": [[[1272.5979470598488, 0.0, 826.6154927353808], [0.0, 1272.5979470598488, 479.75165386361925], [0.0, 0.0, 1.0]], [[1266.417203046554, 0.0, 816.2670197447984], [0.0, 1266.417203046554, 491.50706579294757], [0.0, 0.0, 1.0]], [[1260.8474446004698, 0.0, 807.968244525554], [0.0, 1260.8474446004698, 495.3344268742088], [0.0, 0.0, 1.0]], [[1256.7414812095406, 0.0, 792.1125740759628], [0.0, 1256.7414812095406, 492.7757465151356], [0.0, 0.0, 1.0]], [[809.2209905677063, 0.0, 829.2196003259838], [0.0, 809.2209905677063, 481.77842384512485], [0.0, 0.0, 1.0]], [[1259.5137405846733, 0.0, 807.2529053838625], [0.0, 1259.5137405846733, 501.19579884916527], [0.0, 0.0, 1.0]]], "extrinsics": [[[0.8212311267852783, -0.5693670511245728, -0.03742589056491852, -0.725830078125], [-0.04455295205116272, 0.0014058102387934923, -0.9990060329437256, 1.495269775390625], [0.5688537359237671, 0.8220822811126709, -0.024212487041950226, -1.1143798828125], [0.0, 0.0, 0.0, 1.0]], [[0.007756470702588558, -0.9999670386314392, 0.002381403697654605, 0.0067138671875], [-0.049919795244932175, -0.0027657172176986933, -0.9987494349479675, 1.5085945129394531], [0.9987231492996216, 0.007627875544130802, -0.0499396026134491, -1.45343017578125], [0.0, 0.0, 0.0, 1.0]], [[-0.8315839767456055, -0.5546411275863647, 0.02900349348783493, 0.8780288696289062], [-0.044412411749362946, 0.014353001490235329, -0.9989101886749268, 1.4954147338867188], [0.5536203980445862, -0.8319658041000366, -0.03656868264079094, -1.146240234375], [0.0, 0.0, 0.0, 1.0]], [[0.9468321204185486, 0.31932514905929565, -0.03924694284796715, -1.137664794921875], [-0.03594132140278816, -0.01624050922691822, -0.999221920967102, 1.58837890625], [-0.31971409916877747, 0.9475060701370239, -0.0039000718388706446, -0.105224609375], [0.0, 0.0, 0.0, 1.0]], [[0.0013360712910071015, 0.9999792575836182, -0.006299061235040426, 0.0029296875], [-0.06125693768262863, -0.006205395329743624, -0.9981027841567993, 1.5750656127929688], [-0.9981211423873901, 0.0017193917883560061, 0.06124737858772278, -0.068115234375], [0.0, 0.0, 0.0, 1.0]], [[-0.9347993731498718, 0.35390493273735046, 0.030020669102668762, 1.0113525390625], [-0.02859494276344776, 0.009258322417736053, -0.9995481967926025, 1.5476264953613281], [-0.3540229797363281, -0.9352356195449829, 0.0014652160461992025, -0.11102294921875], [0.0, 0.0, 0.0, 1.0]]], "view": [[0.0, -2.0, 100.0], [-2.0, 0.0, 100.0], [0.0, 0.0, 1.0]], "bev": "bev_f405bf5322cb40d3811fcbe802c0eb8d.png", "aux": "aux_f405bf5322cb40d3811fcbe802c0eb8d.npz", "visibility": "visibility_f405bf5322cb40d3811fcbe802c0eb8d.png", "pose": [[-0.2269953042268753, -0.9738958477973938, 0.0, 990.5054931640625], [0.9738958477973938, -0.2269953042268753, 0.0, 933.3888549804688], [0.0, 0.0, 1.0, 0.0], [0.0, 0.0, 0.0, 1.0]], "pose_inverse": [[-0.2269953042268753, 0.9738958477973938, 0.0, -684.1834106445312], [-0.9738958477973938, -0.2269953042268753, 0.0, 1176.5240478515625], [0.0, 0.0, 1.0, 0.0], [0.0, 0.0, 0.0, 1.0]], "cam_ids": [0, 1, 2, 3, 4, 5], "cam_channels": ["CAM_FRONT_LEFT", "CAM_FRONT", "CAM_FRONT_RIGHT", "CAM_BACK_LEFT", "CAM_BACK", "CAM_BACK_RIGHT"], "token": "f405bf5322cb40d3811fcbe802c0eb8d", "scene": "scene-0015"}, {"images": ["samples/CAM_FRONT_LEFT/n015-2018-07-18-11-41-49+0800__CAM_FRONT_LEFT__1531885419504844.jpg", "samples/CAM_FRONT/n015-2018-07-18-11-41-49+0800__CAM_FRONT__1531885419512466.jpg", "samples/CAM_FRONT_RIGHT/n015-2018-07-18-11-41-49+0800__CAM_FRONT_RIGHT__1531885419520339.jpg", "samples/CAM_BACK_LEFT/n015-2018-07-18-11-41-49+0800__CAM_BACK_LEFT__1531885419547423.jpg", "samples/CAM_BACK/n015-2018-07-18-11-41-49+0800__CAM_BACK__1531885419537525.jpg", "samples/CAM_BACK_RIGHT/n015-2018-07-18-11-41-49+0800__CAM_BACK_RIGHT__1531885419527893.jpg"], "intrinsics": [[[1272.5979470598488, 0.0, 826.6154927353808], [0.0, 1272.5979470598488, 479.75165386361925], [0.0, 0.0, 1.0]], [[1266.417203046554, 0.0, 816.2670197447984], [0.0, 1266.417203046554, 491.50706579294757], [0.0, 0.0, 1.0]], [[1260.8474446004698, 0.0, 807.968244525554], [0.0, 1260.8474446004698, 495.3344268742088], [0.0, 0.0, 1.0]], [[1256.7414812095406, 0.0, 792.1125740759628], [0.0, 1256.7414812095406, 492.7757465151356], [0.0, 0.0, 1.0]], [[809.2209905677063, 0.0, 829.2196003259838], [0.0, 809.2209905677063, 481.77842384512485], [0.0, 0.0, 1.0]], [[1259.5137405846733, 0.0, 807.2529053838625], [0.0, 1259.5137405846733, 501.19579884916527], [0.0, 0.0, 1.0]]], "extrinsics": [[[0.8214223980903625, -0.5688793063163757, -0.040514666587114334, -0.7237548828125], [-0.04712783545255661, 0.0030895648524165154, -0.9988840818405151, 1.4944229125976562], [0.5683696866035461, 0.8224152326583862, -0.024272214621305466, -1.1138916015625], [0.0, 0.0, 0.0, 1.0]], [[0.00819404423236847, -0.9999662637710571, 0.0005166259943507612, 0.0074462890625], [-0.05256444960832596, -0.0009466588962823153, -0.9986171126365662, 1.5078086853027344], [0.9985839128494263, 0.00815555639564991, -0.05257043242454529, -1.4505615234375], [0.0, 0.0, 0.0, 1.0]], [[-0.8312970995903015, -0.5550084710121155, 0.030179383233189583, 0.8750076293945312], [-0.04713520407676697, 0.016290785744786263, -0.9987556338310242, 1.4947166442871094], [0.5538262128829956, -0.8316851258277893, -0.039702918380498886, -1.1435546875], [0.0, 0.0, 0.0, 1.0]], [[0.9467703104019165, 0.31924113631248474, -0.04136611148715019, -1.135040283203125], [-0.03889748454093933, -0.014107530936598778, -0.9991436004638672, 1.5882673263549805], [-0.31955137848854065, 0.9475684762001038, -0.0009389108745381236, -0.1060791015625], [0.0, 0.0, 0.0, 1.0]], [[0.0012493671383708715, 0.9999899864196777, -0.004301225300878286, 0.0028076171875], [-0.06408927589654922, -0.004212315194308758, -0.9979352951049805, 1.5746269226074219], [-0.9979434013366699, 0.0015224636299535632, 0.06408336758613586, -0.07183837890625], [0.0, 0.0, 0.0, 1.0]], [[-0.9348242878913879, 0.35355013608932495, 0.03325290605425835, 1.006591796875], [-0.03135022521018982, 0.01110890507698059, -0.99944669008255, 1.5471000671386719], [-0.35372394323349, -0.9353496432304382, 0.0006990004912950099, -0.1121826171875], [0.0, 0.0, 0.0, 1.0]]], "view": [[0.0, -2.0, 100.0], [-2.0, 0.0, 100.0], [0.0, 0.0, 1.0]], "bev": "bev_061805d66b424aa18267bdd7a955b761.png", "aux": "aux_061805d66b424aa18267bdd7a955b761.npz", "visibility": "visibility_061805d66b424aa18267bdd7a955b761.png", "pose": [[-0.19757919013500214, -0.9802869558334351, 0.0, 989.7992553710938], [0.9802869558334351, -0.19757919013500214, 0.0, 936.7005615234375], [0.0, 0.0, 1.0, 0.0], [0.0, 0.0, 0.0, 1.0]], "pose_inverse": [[-0.19757919013500214, 0.9802869558334351, 0.0, -722.6715698242188], [-0.9802869558334351, -0.19757919013500214, 0.0, 1155.35986328125], [0.0, 0.0, 1.0, 0.0], [0.0, 0.0, 0.0, 1.0]], "cam_ids": [0, 1, 2, 3, 4, 5], "cam_channels": ["CAM_FRONT_LEFT", "CAM_FRONT", "CAM_FRONT_RIGHT", "CAM_BACK_LEFT", "CAM_BACK", "CAM_BACK_RIGHT"], "token": "061805d66b424aa18267bdd7a955b761", "scene": "scene-0015"}, {"images": ["samples/CAM_FRONT_LEFT/n015-2018-07-18-11-41-49+0800__CAM_FRONT_LEFT__1531885420004844.jpg", "samples/CAM_FRONT/n015-2018-07-18-11-41-49+0800__CAM_FRONT__1531885420012464.jpg", "samples/CAM_FRONT_RIGHT/n015-2018-07-18-11-41-49+0800__CAM_FRONT_RIGHT__1531885420020339.jpg", "samples/CAM_BACK_LEFT/n015-2018-07-18-11-41-49+0800__CAM_BACK_LEFT__1531885420047423.jpg", "samples/CAM_BACK/n015-2018-07-18-11-41-49+0800__CAM_BACK__1531885420037525.jpg", "samples/CAM_BACK_RIGHT/n015-2018-07-18-11-41-49+0800__CAM_BACK_RIGHT__1531885420027893.jpg"], "intrinsics": [[[1272.5979470598488, 0.0, 826.6154927353808], [0.0, 1272.5979470598488, 479.75165386361925], [0.0, 0.0, 1.0]], [[1266.417203046554, 0.0, 816.2670197447984], [0.0, 1266.417203046554, 491.50706579294757], [0.0, 0.0, 1.0]], [[1260.8474446004698, 0.0, 807.968244525554], [0.0, 1260.8474446004698, 495.3344268742088], [0.0, 0.0, 1.0]], [[1256.7414812095406, 0.0, 792.1125740759628], [0.0, 1256.7414812095406, 492.7757465151356], [0.0, 0.0, 1.0]], [[809.2209905677063, 0.0, 829.2196003259838], [0.0, 809.2209905677063, 481.77842384512485], [0.0, 0.0, 1.0]], [[1259.5137405846733, 0.0, 807.2529053838625], [0.0, 1259.5137405846733, 501.19579884916527], [0.0, 0.0, 1.0]]], "extrinsics": [[[0.8214178681373596, -0.5687887668609619, -0.041856493800878525, -0.7264404296875], [-0.04704093188047409, 0.00557190366089344, -0.9988774061203003, 1.494598388671875], [0.5683834552764893, 0.8224647641181946, -0.022179491817951202, -1.115478515625], [0.0, 0.0, 0.0, 1.0]], [[0.008038468658924103, -0.9999657273292542, -0.0019428232917562127, 0.0069580078125], [-0.05227985605597496, 0.001519966870546341, -0.9986313581466675, 1.5080223083496094], [0.9986000657081604, 0.008129030466079712, -0.052265845239162445, -1.453369140625], [0.0, 0.0, 0.0, 1.0]], [[-0.8314862847328186, -0.5548184514045715, 0.028407689183950424, 0.8770112991333008], [-0.04664408043026924, 0.018766777589917183, -0.9987351894378662, 1.4949264526367188], [0.553583562374115, -0.8317597508430481, -0.0414833165705204, -1.14501953125], [0.0, 0.0, 0.0, 1.0]], [[0.9468753933906555, 0.3191763758659363, -0.03941328823566437, -1.13525390625], [-0.03771527111530304, -0.011501403525471687, -0.9992222785949707, 1.5882787704467773], [-0.319381445646286, 0.9476255178451538, 0.0011474288767203689, -0.1060791015625], [0.0, 0.0, 0.0, 1.0]], [[0.0015714459586888552, 0.9999973773956299, -0.0016816690331324935, 0.0030517578125], [-0.06322070956230164, -0.0015789596363902092, -0.9979983568191528, 1.5747528076171875], [-0.9979982972145081, 0.001674592960625887, 0.06321806460618973, -0.07073974609375], [0.0, 0.0, 0.0, 1.0]], [[-0.9346840381622314, 0.3538880944252014, 0.03360046073794365, 1.0086669921875], [-0.03071892261505127, 0.013758394867181778, -0.9994333982467651, 1.5472564697265625], [-0.35414981842041016, -0.9351865649223328, -0.0019886924419552088, -0.1119384765625], [0.0, 0.0, 0.0, 1.0]]], "view": [[0.0, -2.0, 100.0], [-2.0, 0.0, 100.0], [0.0, 0.0, 1.0]], "bev": "bev_1efe6efdec394a219cfda8e18e297242.png", "aux": "aux_1efe6efdec394a219cfda8e18e297242.npz", "visibility": "visibility_1efe6efdec394a219cfda8e18e297242.png", "pose": [[-0.16522002220153809, -0.9862567186355591, 0.0, 989.2047119140625], [0.9862567186355591, -0.16522002220153809, 0.0, 939.9918823242188], [0.0, 0.0, 1.0, 0.0], [0.0, 0.0, 0.0, 1.0]], "pose_inverse": [[-0.16522002220153809, 0.9862567186355591, 0.0, -763.6369018554688], [-0.9862567186355591, -0.16522002220153809, 0.0, 1130.915283203125], [0.0, 0.0, 1.0, 0.0], [0.0, 0.0, 0.0, 1.0]], "cam_ids": [0, 1, 2, 3, 4, 5], "cam_channels": ["CAM_FRONT_LEFT", "CAM_FRONT", "CAM_FRONT_RIGHT", "CAM_BACK_LEFT", "CAM_BACK", "CAM_BACK_RIGHT"], "token": "1efe6efdec394a219cfda8e18e297242", "scene": "scene-0015"}, {"images": ["samples/CAM_FRONT_LEFT/n015-2018-07-18-11-41-49+0800__CAM_FRONT_LEFT__1531885420504844.jpg", "samples/CAM_FRONT/n015-2018-07-18-11-41-49+0800__CAM_FRONT__1531885420512463.jpg", "samples/CAM_FRONT_RIGHT/n015-2018-07-18-11-41-49+0800__CAM_FRONT_RIGHT__1531885420520339.jpg", "samples/CAM_BACK_LEFT/n015-2018-07-18-11-41-49+0800__CAM_BACK_LEFT__1531885420547423.jpg", "samples/CAM_BACK/n015-2018-07-18-11-41-49+0800__CAM_BACK__1531885420537525.jpg", "samples/CAM_BACK_RIGHT/n015-2018-07-18-11-41-49+0800__CAM_BACK_RIGHT__1531885420527893.jpg"], "intrinsics": [[[1272.5979470598488, 0.0, 826.6154927353808], [0.0, 1272.5979470598488, 479.75165386361925], [0.0, 0.0, 1.0]], [[1266.417203046554, 0.0, 816.2670197447984], [0.0, 1266.417203046554, 491.50706579294757], [0.0, 0.0, 1.0]], [[1260.8474446004698, 0.0, 807.968244525554], [0.0, 1260.8474446004698, 495.3344268742088], [0.0, 0.0, 1.0]], [[1256.7414812095406, 0.0, 792.1125740759628], [0.0, 1256.7414812095406, 492.7757465151356], [0.0, 0.0, 1.0]], [[809.2209905677063, 0.0, 829.2196003259838], [0.0, 809.2209905677063, 481.77842384512485], [0.0, 0.0, 1.0]], [[1259.5137405846733, 0.0, 807.2529053838625], [0.0, 1259.5137405846733, 501.19579884916527], [0.0, 0.0, 1.0]]], "extrinsics": [[[0.820530354976654, -0.5698440074920654, -0.0448073148727417, -0.72314453125], [-0.04463835805654526, 0.014268740080296993, -0.9989013075828552, 1.4950981140136719], [0.5698572993278503, 0.821628987789154, -0.013728966005146503, -1.1129150390625], [0.0, 0.0, 0.0, 1.0]], [[0.006627492606639862, -0.9999231100082397, -0.010476496070623398, 0.0069580078125], [-0.05008815601468086, 0.010131627321243286, -0.9986934065818787, 1.5083770751953125], [0.9987228512763977, 0.007143582217395306, -0.05001715570688248, -1.4500732421875], [0.0, 0.0, 0.0, 1.0]], [[-0.8321384191513062, -0.5541288256645203, 0.022065015509724617, 0.8749885559082031], [-0.04464336484670639, 0.02727643772959709, -0.9986305236816406, 1.4951934814453125], [0.5527681708335876, -0.8319838643074036, -0.0474359504878521, -1.1436767578125], [0.0, 0.0, 0.0, 1.0]], [[0.9470634460449219, 0.3190672695636749, -0.035594575107097626, -1.136627197265625], [-0.036479879170656204, -0.0032029130961745977, -0.9993292093276978, 1.5883407592773438], [-0.3189672827720642, 0.9477266073226929, 0.008606174029409885, -0.1055908203125], [0.0, 0.0, 0.0, 1.0]], [[0.002180806826800108, 0.9999752640724182, 0.006692972034215927, 0.0028076171875], [-0.061680689454078674, 0.006814754568040371, -0.9980726838111877, 1.5748710632324219], [-0.9980935454368591, 0.0017637616256251931, 0.06169402226805687, -0.07080078125], [0.0, 0.0, 0.0, 1.0]], [[-0.9344706535339355, 0.35432571172714233, 0.03489832952618599, 1.0072021484375], [-0.028902653604745865, 0.022201210260391235, -0.9993357062339783, 1.547454833984375], [-0.35486510396003723, -0.934858500957489, -0.010505426675081253, -0.11224365234375], [0.0, 0.0, 0.0, 1.0]]], "view": [[0.0, -2.0, 100.0], [-2.0, 0.0, 100.0], [0.0, 0.0, 1.0]], "bev": "bev_5e0d10b1807d4f2e882b6162e02b9f93.png", "aux": "aux_5e0d10b1807d4f2e882b6162e02b9f93.npz", "visibility": "visibility_5e0d10b1807d4f2e882b6162e02b9f93.png", "pose": [[-0.13910023868083954, -0.9902783036231995, 0.0, 988.7188110351562], [0.9902783036231995, -0.13910023868083954, 0.0, 943.2852172851562], [0.0, 0.0, 1.0, 0.0], [0.0, 0.0, 0.0, 1.0]], "pose_inverse": [[-0.13910023868083954, 0.9902783036231995, 0.0, -796.5838623046875], [-0.9902783036231995, -0.13910023868083954, 0.0, 1110.3179931640625], [0.0, 0.0, 1.0, 0.0], [0.0, 0.0, 0.0, 1.0]], "cam_ids": [0, 1, 2, 3, 4, 5], "cam_channels": ["CAM_FRONT_LEFT", "CAM_FRONT", "CAM_FRONT_RIGHT", "CAM_BACK_LEFT", "CAM_BACK", "CAM_BACK_RIGHT"], "token": "5e0d10b1807d4f2e882b6162e02b9f93", "scene": "scene-0015"}, {"images": ["samples/CAM_FRONT_LEFT/n015-2018-07-18-11-41-49+0800__CAM_FRONT_LEFT__1531885421004844.jpg", "samples/CAM_FRONT/n015-2018-07-18-11-41-49+0800__CAM_FRONT__1531885421012464.jpg", "samples/CAM_FRONT_RIGHT/n015-2018-07-18-11-41-49+0800__CAM_FRONT_RIGHT__1531885421020339.jpg", "samples/CAM_BACK_LEFT/n015-2018-07-18-11-41-49+0800__CAM_BACK_LEFT__1531885421047423.jpg", "samples/CAM_BACK/n015-2018-07-18-11-41-49+0800__CAM_BACK__1531885421037525.jpg", "samples/CAM_BACK_RIGHT/n015-2018-07-18-11-41-49+0800__CAM_BACK_RIGHT__1531885421027893.jpg"], "intrinsics": [[[1272.5979470598488, 0.0, 826.6154927353808], [0.0, 1272.5979470598488, 479.75165386361925], [0.0, 0.0, 1.0]], [[1266.417203046554, 0.0, 816.2670197447984], [0.0, 1266.417203046554, 491.50706579294757], [0.0, 0.0, 1.0]], [[1260.8474446004698, 0.0, 807.968244525554], [0.0, 1260.8474446004698, 495.3344268742088], [0.0, 0.0, 1.0]], [[1256.7414812095406, 0.0, 792.1125740759628], [0.0, 1256.7414812095406, 492.7757465151356], [0.0, 0.0, 1.0]], [[809.2209905677063, 0.0, 829.2196003259838], [0.0, 809.2209905677063, 481.77842384512485], [0.0, 0.0, 1.0]], [[1259.5137405846733, 0.0, 807.2529053838625], [0.0, 1259.5137405846733, 501.19579884916527], [0.0, 0.0, 1.0]]], "extrinsics": [[[0.8212047219276428, -0.5691393613815308, -0.04127009958028793, -0.73291015625], [-0.04347787797451019, 0.009707445278763771, -0.9990072250366211, 1.496002197265625], [0.5689748525619507, 0.8221837282180786, -0.016773169860243797, -1.122039794921875], [0.0, 0.0, 0.0, 1.0]], [[0.007583586499094963, -0.999953031539917, -0.006023120600730181, 0.0084228515625], [-0.04886884242296219, 0.00564549257978797, -0.9987893104553223, 1.5092010498046875], [0.9987764358520508, 0.007868737913668156, -0.04882373288273811, -1.46087646484375], [0.0, 0.0, 0.0, 1.0]], [[-0.8317325115203857, -0.5546822547912598, 0.023420704528689384, 0.8829498291015625], [-0.04338124021887779, 0.022876281291246414, -0.9987966418266296, 1.4957771301269531], [0.5534789562225342, -0.8317477107048035, -0.04308975115418434, -1.1475830078125], [0.0, 0.0, 0.0, 1.0]], [[0.9470564723014832, 0.3190824091434479, -0.035643596202135086, -1.13763427734375], [-0.03505045175552368, -0.007602773141115904, -0.9993566274642944, 1.5883846282958984], [-0.31914809346199036, 0.9476965069770813, 0.003983725793659687, -0.1053466796875], [0.0, 0.0, 0.0, 1.0]], [[0.0017675366252660751, 0.999995768070221, 0.0023426478728652, 0.002197265625], [-0.0603078193962574, 0.0024449843913316727, -0.9981768727302551, 1.5751914978027344], [-0.998178243637085, 0.0016230273758992553, 0.060311879962682724, -0.0670166015625], [0.0, 0.0, 0.0, 1.0]], [[-0.9347370862960815, 0.353884220123291, 0.03213230520486832, 1.0128173828125], [-0.027598818764090538, 0.0178513340651989, -0.9994596838951111, 1.5477981567382812], [-0.3542666435241699, -0.9351189136505127, -0.006919518578797579, -0.10919189453125], [0.0, 0.0, 0.0, 1.0]]], "view": [[0.0, -2.0, 100.0], [-2.0, 0.0, 100.0], [0.0, 0.0, 1.0]], "bev": "bev_ce4988f5118c4e41a1954abd638c5834.png", "aux": "aux_ce4988f5118c4e41a1954abd638c5834.npz", "visibility": "visibility_ce4988f5118c4e41a1954abd638c5834.png", "pose": [[-0.11968261748552322, -0.9928122162818909, 0.0, 988.3147583007812], [0.9928122162818909, -0.11968261748552322, 0.0, 946.5269165039062], [0.0, 0.0, 1.0, 0.0], [0.0, 0.0, 0.0, 1.0]], "pose_inverse": [[-0.11968261748552322, 0.9928122162818909, 0.0, -821.4393920898438], [-0.9928122162818909, -0.11968261748552322, 0.0, 1094.4937744140625], [0.0, 0.0, 1.0, 0.0], [0.0, 0.0, 0.0, 1.0]], "cam_ids": [0, 1, 2, 3, 4, 5], "cam_channels": ["CAM_FRONT_LEFT", "CAM_FRONT", "CAM_FRONT_RIGHT", "CAM_BACK_LEFT", "CAM_BACK", "CAM_BACK_RIGHT"], "token": "ce4988f5118c4e41a1954abd638c5834", "scene": "scene-0015"}, {"images": ["samples/CAM_FRONT_LEFT/n015-2018-07-18-11-41-49+0800__CAM_FRONT_LEFT__1531885421504844.jpg", "samples/CAM_FRONT/n015-2018-07-18-11-41-49+0800__CAM_FRONT__1531885421512466.jpg", "samples/CAM_FRONT_RIGHT/n015-2018-07-18-11-41-49+0800__CAM_FRONT_RIGHT__1531885421520339.jpg", "samples/CAM_BACK_LEFT/n015-2018-07-18-11-41-49+0800__CAM_BACK_LEFT__1531885421547423.jpg", "samples/CAM_BACK/n015-2018-07-18-11-41-49+0800__CAM_BACK__1531885421537525.jpg", "samples/CAM_BACK_RIGHT/n015-2018-07-18-11-41-49+0800__CAM_BACK_RIGHT__1531885421527893.jpg"], "intrinsics": [[[1272.5979470598488, 0.0, 826.6154927353808], [0.0, 1272.5979470598488, 479.75165386361925], [0.0, 0.0, 1.0]], [[1266.417203046554, 0.0, 816.2670197447984], [0.0, 1266.417203046554, 491.50706579294757], [0.0, 0.0, 1.0]], [[1260.8474446004698, 0.0, 807.968244525554], [0.0, 1260.8474446004698, 495.3344268742088], [0.0, 0.0, 1.0]], [[1256.7414812095406, 0.0, 792.1125740759628], [0.0, 1256.7414812095406, 492.7757465151356], [0.0, 0.0, 1.0]], [[809.2209905677063, 0.0, 829.2196003259838], [0.0, 809.2209905677063, 481.77842384512485], [0.0, 0.0, 1.0]], [[1259.5137405846733, 0.0, 807.2529053838625], [0.0, 1259.5137405846733, 501.19579884916527], [0.0, 0.0, 1.0]]], "extrinsics": [[[0.8206409215927124, -0.5697022676467896, -0.04458383470773697, -0.737060546875], [-0.04957433044910431, 0.006749617867171764, -0.9987476468086243, 1.4945068359375], [0.5692897439002991, 0.8218234181404114, -0.02270359732210636, -1.123382568359375], [0.0, 0.0, 0.0, 1.0]], [[0.00712517648935318, -0.999970018863678, -0.003034745343029499, 0.0076904296875], [-0.05497124418616295, 0.002638544887304306, -0.9984844923019409, 1.5079879760742188], [0.998462438583374, 0.007281213998794556, -0.05495079234242439, -1.4644775390625], [0.0, 0.0, 0.0, 1.0]], [[-0.831755518913269, -0.5543190240859985, 0.030217530205845833, 0.884765625], [-0.04948379471898079, 0.019815025851130486, -0.9985783100128174, 1.4948387145996094], [0.5529322624206543, -0.8320682048797607, -0.04391106963157654, -1.14990234375], [0.0, 0.0, 0.0, 1.0]], [[0.9467790126800537, 0.31908589601516724, -0.042350850999355316, -1.138214111328125], [-0.04116278514266014, -0.010469182394444942, -0.9990975856781006, 1.5883827209472656], [-0.3192412853240967, 0.9476679563522339, 0.003222462022677064, -0.1051025390625], [0.0, 0.0, 0.0, 1.0]], [[0.0018358536763116717, 0.9999980330467224, -0.0006781953852623701, 0.002685546875], [-0.06641550362110138, -0.0005547692999243736, -0.9977919459342957, 1.5748672485351562], [-0.9977903962135315, 0.0018768487498164177, 0.06641435623168945, -0.06561279296875], [0.0, 0.0, 0.0, 1.0]], [[-0.9344390630722046, 0.3542206287384033, 0.03675946593284607, 1.0152587890625], [-0.03371063619852066, 0.014776153489947319, -0.9993223547935486, 1.5470771789550781], [-0.35452380776405334, -0.9350451231002808, -0.0018664142116904259, -0.1090087890625], [0.0, 0.0, 0.0, 1.0]]], "view": [[0.0, -2.0, 100.0], [-2.0, 0.0, 100.0], [0.0, 0.0, 1.0]], "bev": "bev_dca60e243d2d423daf320e3f6593ed96.png", "aux": "aux_dca60e243d2d423daf320e3f6593ed96.npz", "visibility": "visibility_dca60e243d2d423daf320e3f6593ed96.png", "pose": [[-0.09647921472787857, -0.9953349828720093, 0.0, 987.9839477539062], [0.9953349828720093, -0.09647921472787857, 0.0, 949.7677612304688], [0.0, 0.0, 1.0, 0.0], [0.0, 0.0, 0.0, 1.0]], "pose_inverse": [[-0.09647921472787857, 0.9953349828720093, 0.0, -850.0171508789062], [-0.9953349828720093, -0.09647921472787857, 0.0, 1075.0078125], [0.0, 0.0, 1.0, 0.0], [0.0, 0.0, 0.0, 1.0]], "cam_ids": [0, 1, 2, 3, 4, 5], "cam_channels": ["CAM_FRONT_LEFT", "CAM_FRONT", "CAM_FRONT_RIGHT", "CAM_BACK_LEFT", "CAM_BACK", "CAM_BACK_RIGHT"], "token": "dca60e243d2d423daf320e3f6593ed96", "scene": "scene-0015"}, {"images": ["samples/CAM_FRONT_LEFT/n015-2018-07-18-11-41-49+0800__CAM_FRONT_LEFT__1531885422004844.jpg", "samples/CAM_FRONT/n015-2018-07-18-11-41-49+0800__CAM_FRONT__1531885422012465.jpg", "samples/CAM_FRONT_RIGHT/n015-2018-07-18-11-41-49+0800__CAM_FRONT_RIGHT__1531885422020339.jpg", "samples/CAM_BACK_LEFT/n015-2018-07-18-11-41-49+0800__CAM_BACK_LEFT__1531885422047423.jpg", "samples/CAM_BACK/n015-2018-07-18-11-41-49+0800__CAM_BACK__1531885422037525.jpg", "samples/CAM_BACK_RIGHT/n015-2018-07-18-11-41-49+0800__CAM_BACK_RIGHT__1531885422027893.jpg"], "intrinsics": [[[1272.5979470598488, 0.0, 826.6154927353808], [0.0, 1272.5979470598488, 479.75165386361925], [0.0, 0.0, 1.0]], [[1266.417203046554, 0.0, 816.2670197447984], [0.0, 1266.417203046554, 491.50706579294757], [0.0, 0.0, 1.0]], [[1260.8474446004698, 0.0, 807.968244525554], [0.0, 1260.8474446004698, 495.3344268742088], [0.0, 0.0, 1.0]], [[1256.7414812095406, 0.0, 792.1125740759628], [0.0, 1256.7414812095406, 492.7757465151356], [0.0, 0.0, 1.0]], [[809.2209905677063, 0.0, 829.2196003259838], [0.0, 809.2209905677063, 481.77842384512485], [0.0, 0.0, 1.0]], [[1259.5137405846733, 0.0, 807.2529053838625], [0.0, 1259.5137405846733, 501.19579884916527], [0.0, 0.0, 1.0]]], "extrinsics": [[[0.8206890821456909, -0.5699751973152161, -0.03997120261192322, -0.739990234375], [-0.04577992856502533, 0.004136782139539719, -0.9989429712295532, 1.4957542419433594], [0.5695381164550781, 0.8216514587402344, -0.022698411718010902, -1.126434326171875], [0.0, 0.0, 0.0, 1.0]], [[0.006980533711612225, -0.9999755620956421, -0.00045932820648886263, 0.0081787109375], [-0.05082310363650322, 0.00010396451398264617, -0.9987077116966248, 1.5091285705566406], [0.9986832141876221, 0.006994860712438822, -0.05082113295793533, -1.46820068359375], [0.0, 0.0, 0.0, 1.0]], [[-0.8319458961486816, -0.554158627986908, 0.02782346121966839, 0.8877716064453125], [-0.044966720044612885, 0.017357416450977325, -0.9988376498222351, 1.4957733154296875], [0.5530315637588501, -0.8322300910949707, -0.03935912996530533, -1.151123046875], [0.0, 0.0, 0.0, 1.0]], [[0.9469825625419617, 0.3190461993217468, -0.03785964101552963, -1.139312744140625], [-0.035597942769527435, -0.012919289059937, -0.9992826581001282, 1.5884456634521484], [-0.3193064332008362, 0.9476511478424072, -0.0008769551059231162, -0.1048583984375], [0.0, 0.0, 0.0, 1.0]], [[0.0018482565646991