[{"images": ["samples/CAM_FRONT_LEFT/n008-2018-09-18-15-12-01-0400__CAM_FRONT_LEFT__1537297965754799.jpg", "samples/CAM_FRONT/n008-2018-09-18-15-12-01-0400__CAM_FRONT__1537297965762404.jpg", "samples/CAM_FRONT_RIGHT/n008-2018-09-18-15-12-01-0400__CAM_FRONT_RIGHT__1537297965770482.jpg", "samples/CAM_BACK_LEFT/n008-2018-09-18-15-12-01-0400__CAM_BACK_LEFT__1537297965797405.jpg", "samples/CAM_BACK/n008-2018-09-18-15-12-01-0400__CAM_BACK__1537297965787558.jpg", "samples/CAM_BACK_RIGHT/n008-2018-09-18-15-12-01-0400__CAM_BACK_RIGHT__1537297965778113.jpg"], "intrinsics": [[[1257.8625342125129, 0.0, 827.2410631095686], [0.0, 1257.8625342125129, 450.915498205774], [0.0, 0.0, 1.0]], [[1252.8131021185304, 0.0, 826.588114781398], [0.0, 1252.8131021185304, 469.9846626224581], [0.0, 0.0, 1.0]], [[1256.7485116440405, 0.0, 817.7887570959712], [0.0, 1256.7485116440403, 451.9541780095127], [0.0, 0.0, 1.0]], [[1254.9860565800168, 0.0, 829.5769333630991], [0.0, 1254.9860565800168, 467.1680561863987], [0.0, 0.0, 1.0]], [[796.8910634503094, 0.0, 857.7774326863696], [0.0, 796.8910634503094, 476.8848988407415], [0.0, 0.0, 1.0]], [[1249.9629280788233, 0.0, 825.3768045375984], [0.0, 1249.9629280788233, 462.54816385708756], [0.0, 0.0, 1.0]]], "extrinsics": [[[0.823433518409729, -0.5674079060554504, -0.002346472581848502, -0.7742919921875], [0.013326804153621197, 0.023474037647247314, -0.999635636806488, 1.4919509887695312], [0.5672562718391418, 0.8231022357940674, 0.02689104527235031, -1.17724609375], [0.0, 0.0, 0.0, 1.0]], [[0.01176954060792923, -0.9997470378875732, -0.01916448399424553, 0.010009765625], [0.015228369273245335, 0.019342798739671707, -0.9996969699859619, 1.483642578125], [0.9998148083686829, 0.011474121361970901, 0.015452172607183456, -1.5038909912109375], [0.0, 0.0, 0.0, 1.0]], [[-0.843155562877655, -0.5370715856552124, -0.025355497375130653, 0.9395751953125], [0.023265749216079712, 0.01066998578608036, -0.9996723532676697, 1.4972476959228516], [0.537166178226471, -0.8434692025184631, 0.0034989146515727043, -1.17919921875], [0.0, 0.0, 0.0, 1.0]], [[0.9478519558906555, 0.3186526596546173, 0.006094105541706085, -1.135498046875], [-0.0022592227905988693, 0.025838371366262436, -0.9996635913848877, 1.5620193481445312], [-0.3187028765678406, 0.9475193023681641, 0.02521085925400257, -0.1590576171875], [0.0, 0.0, 0.0, 1.0]], [[0.008607875555753708, 0.9997943639755249, 0.01836269162595272, -0.02880859375], [-0.00014525942970067263, 0.018364621326327324, -0.9998313188552856, 1.5680389404296875], [-0.9999629259109497, 0.008603784255683422, 0.00030331063317134976, -0.027069091796875], [0.0, 0.0, 0.0, 1.0]], [[-0.924072802066803, 0.3821747899055481, -0.005649416707456112, 1.038330078125], [0.004296641796827316, -0.004393016453832388, -0.9999811053276062, 1.548384189605713], [-0.3821924030780792, -0.9240795373916626, 0.002417399315163493, -0.0927734375], [0.0, 0.0, 0.0, 1.0]]], "view": [[0.0, -2.0, 100.0], [-2.0, 0.0, 100.0], [0.0, 0.0, 1.0]], "bev": "bev_bc94beb70f694ee8a0399c4e7e1fc2d0.png", "aux": "aux_bc94beb70f694ee8a0399c4e7e1fc2d0.npz", "visibility": "visibility_bc94beb70f694ee8a0399c4e7e1fc2d0.png", "pose": [[0.840438961982727, 0.5419062376022339, 0.0, 1214.3271484375], [-0.5419062376022339, 0.840438961982727, 0.0, 1525.4150390625], [0.0, 0.0, 1.0, 0.0], [0.0, 0.0, 0.0, 1.0]], "pose_inverse": [[0.840438961982727, -0.5419062376022339, 0.0, -193.93588256835938], [0.5419062376022339, 0.840438961982727, 0.0, -1940.0697021484375], [0.0, 0.0, 1.0, 0.0], [0.0, 0.0, 0.0, 1.0]], "cam_ids": [0, 1, 2, 3, 4, 5], "cam_channels": ["CAM_FRONT_LEFT", "CAM_FRONT", "CAM_FRONT_RIGHT", "CAM_BACK_LEFT", "CAM_BACK", "CAM_BACK_RIGHT"], "token": "bc94beb70f694ee8a0399c4e7e1fc2d0", "scene": "scene-0905"}, {"images": ["samples/CAM_FRONT_LEFT/n008-2018-09-18-15-12-01-0400__CAM_FRONT_LEFT__1537297966254799.jpg", "samples/CAM_FRONT/n008-2018-09-18-15-12-01-0400__CAM_FRONT__1537297966262404.jpg", "samples/CAM_FRONT_RIGHT/n008-2018-09-18-15-12-01-0400__CAM_FRONT_RIGHT__1537297966270482.jpg", "samples/CAM_BACK_LEFT/n008-2018-09-18-15-12-01-0400__CAM_BACK_LEFT__1537297966297405.jpg", "samples/CAM_BACK/n008-2018-09-18-15-12-01-0400__CAM_BACK__1537297966287565.jpg", "samples/CAM_BACK_RIGHT/n008-2018-09-18-15-12-01-0400__CAM_BACK_RIGHT__1537297966278113.jpg"], "intrinsics": [[[1257.8625342125129, 0.0, 827.2410631095686], [0.0, 1257.8625342125129, 450.915498205774], [0.0, 0.0, 1.0]], [[1252.8131021185304, 0.0, 826.588114781398], [0.0, 1252.8131021185304, 469.9846626224581], [0.0, 0.0, 1.0]], [[1256.7485116440405, 0.0, 817.7887570959712], [0.0, 1256.7485116440403, 451.9541780095127], [0.0, 0.0, 1.0]], [[1254.9860565800168, 0.0, 829.5769333630991], [0.0, 1254.9860565800168, 467.1680561863987], [0.0, 0.0, 1.0]], [[796.8910634503094, 0.0, 857.7774326863696], [0.0, 796.8910634503094, 476.8848988407415], [0.0, 0.0, 1.0]], [[1249.9629280788233, 0.0, 825.3768045375984], [0.0, 1249.9629280788233, 462.54816385708756], [0.0, 0.0, 1.0]]], "extrinsics": [[[0.8231714367866516, -0.5677870512008667, -0.0025889999233186245, -0.76739501953125], [0.01143777184188366, 0.021140849217772484, -0.9997110962867737, 1.4915962219238281], [0.5676777958869934, 0.8229040503501892, 0.02389676123857498, -1.16943359375], [0.0, 0.0, 0.0, 1.0]], [[0.011244097724556923, -0.9997959136962891, -0.016782671213150024, 0.00830078125], [0.013142233714461327, 0.016930043697357178, -0.9997702836990356, 1.483306884765625], [0.9998504519462585, 0.011020909063518047, 0.013329913839697838, -1.4952392578125], [0.0, 0.0, 0.0, 1.0]], [[-0.8434910774230957, -0.5366882085800171, -0.022103874012827873, 0.9327392578125], [0.020999185740947723, 0.008171665482223034, -0.9997460842132568, 1.496999740600586], [0.53673255443573, -0.8437410593032837, 0.0043772864155471325, -1.177001953125], [0.0, 0.0, 0.0, 1.0]], [[0.9478679299354553, 0.31864848732948303, 0.0030823922716081142, -1.13311767578125], [-0.004544124472886324, 0.023187806829810143, -0.9997208118438721, 1.5619926452636719], [-0.31863105297088623, 0.9475892782211304, 0.023426955565810204, -0.159912109375], [0.0, 0.0, 0.0, 1.0]], [[0.008855510503053665, 0.9998376369476318, 0.015694940462708473, -0.0279541015625], [-0.0025390859227627516, 0.015717988833785057, -0.9998732209205627, 1.56787109375], [-0.9999576807022095, 0.008814547210931778, 0.002677864395081997, -0.0313720703125], [0.0, 0.0, 0.0, 1.0]], [[-0.9239335656166077, 0.3825279474258423, -0.0043882871977984905, 1.0335693359375], [0.001871349522843957, -0.006951574701815844, -0.9999740719795227, 1.548069953918457], [-0.3825485408306122, -0.9239177703857422, 0.005706948693841696, -0.0960693359375], [0.0, 0.0, 0.0, 1.0]]], "view": [[0.0, -2.0, 100.0], [-2.0, 0.0, 100.0], [0.0, 0.0, 1.0]], "bev": "bev_3513b64493ee42b3a231d5fffc0f0d81.png", "aux": "aux_3513b64493ee42b3a231d5fffc0f0d81.npz", "visibility": "visibility_3513b64493ee42b3a231d5fffc0f0d81.png", "pose": [[0.8344883918762207, 0.5510255694389343, 0.0, 1217.0069580078125], [-0.5510255694389343, 0.8344883918762207, 0.0, 1523.6395263671875], [0.0, 0.0, 1.0, 0.0], [0.0, 0.0, 0.0, 1.0]], "pose_inverse": [[0.8344883918762207, -0.5510255694389343, 0.0, -176.0138397216797], [0.5510255694389343, 0.8344883918762207, 0.0, -1942.0614013671875], [0.0, 0.0, 1.0, 0.0], [0.0, 0.0, 0.0, 1.0]], "cam_ids": [0, 1, 2, 3, 4, 5], "cam_channels": ["CAM_FRONT_LEFT", "CAM_FRONT", "CAM_FRONT_RIGHT", "CAM_BACK_LEFT", "CAM_BACK", "CAM_BACK_RIGHT"], "token": "3513b64493ee42b3a231d5fffc0f0d81", "scene": "scene-0905"}, {"images": ["samples/CAM_FRONT_LEFT/n008-2018-09-18-15-12-01-0400__CAM_FRONT_LEFT__1537297966754799.jpg", "samples/CAM_FRONT/n008-2018-09-18-15-12-01-0400__CAM_FRONT__1537297966762404.jpg", "samples/CAM_FRONT_RIGHT/n008-2018-09-18-15-12-01-0400__CAM_FRONT_RIGHT__1537297966770482.jpg", "samples/CAM_BACK_LEFT/n008-2018-09-18-15-12-01-0400__CAM_BACK_LEFT__1537297966797405.jpg", "samples/CAM_BACK/n008-2018-09-18-15-12-01-0400__CAM_BACK__1537297966787558.jpg", "samples/CAM_BACK_RIGHT/n008-2018-09-18-15-12-01-0400__CAM_BACK_RIGHT__1537297966778113.jpg"], "intrinsics": [[[1257.8625342125129, 0.0, 827.2410631095686], [0.0, 1257.8625342125129, 450.915498205774], [0.0, 0.0, 1.0]], [[1252.8131021185304, 0.0, 826.588114781398], [0.0, 1252.8131021185304, 469.9846626224581], [0.0, 0.0, 1.0]], [[1256.7485116440405, 0.0, 817.7887570959712], [0.0, 1256.7485116440403, 451.9541780095127], [0.0, 0.0, 1.0]], [[1254.9860565800168, 0.0, 829.5769333630991], [0.0, 1254.9860565800168, 467.1680561863987], [0.0, 0.0, 1.0]], [[796.8910634503094, 0.0, 857.7774326863696], [0.0, 796.8910634503094, 476.8848988407415], [0.0, 0.0, 1.0]], [[1249.9629280788233, 0.0, 825.3768045375984], [0.0, 1249.9629280788233, 462.54816385708756], [0.0, 0.0, 1.0]]], "extrinsics": [[[0.823308527469635, -0.5675815343856812, -0.0037635969929397106, -0.74591064453125], [0.016461610794067383, 0.030505433678627014, -0.9993990659713745, 1.4932670593261719], [0.5673552751541138, 0.8227518796920776, 0.03445868939161301, -1.160888671875], [0.0, 0.0, 0.0, 1.0]], [[0.011392181739211082, -0.9995825290679932, -0.026549454778432846, 0.012451171875], [0.018469195812940598, 0.02675699256360531, -0.9994713068008423, 1.4848365783691406], [0.999764621257782, 0.01089582871645689, 0.018766306340694427, -1.475830078125], [0.0, 0.0, 0.0, 1.0]], [[-0.843424379825592, -0.5362739562988281, -0.03233581408858299, 0.9210205078125], [0.026586921885609627, 0.01845104992389679, -0.9994761347770691, 1.4984092712402344], [0.5365896821022034, -0.8438423871994019, -0.0013041930506005883, -1.166015625], [0.0, 0.0, 0.0, 1.0]], [[0.9478276371955872, 0.31854337453842163, 0.01236981526017189, -1.12933349609375], [0.0012537140864878893, 0.035078078508377075, -0.9993837475776672, 1.5620574951171875], [-0.3187810182571411, 0.9472590684890747, 0.032848604023456573, -0.1612548828125], [0.0, 0.0, 0.0, 1.0]], [[0.008827808313071728, 0.9995964765548706, 0.02700044773519039, -0.029541015625], [0.0035067731514573097, 0.026970386505126953, -0.9996300339698792, 1.5683212280273438], [-0.9999549388885498, 0.00891921203583479, -0.003267269814386964, -0.0396728515625], [0.0, 0.0, 0.0, 1.0]], [[-0.9238475561141968, 0.3827191889286041, -0.005624524317681789, 1.021240234375], [0.00764163164421916, 0.0037504828069359064, -0.9999637603759766, 1.548947811126709], [-0.38268423080444336, -0.9238570928573608, -0.00638947170227766, -0.0989990234375], [0.0, 0.0, 0.0, 1.0]]], "view": [[0.0, -2.0, 100.0], [-2.0, 0.0, 100.0], [0.0, 0.0, 1.0]], "bev": "bev_d07db190a3c14383b739d298818570e6.png", "aux": "aux_d07db190a3c14383b739d298818570e6.npz", "visibility": "visibility_d07db190a3c14383b739d298818570e6.png", "pose": [[0.8247357606887817, 0.565518319606781, 0.0, 1219.7850341796875], [-0.565518319606781, 0.8247357606887817, 0.0, 1521.728515625], [0.0, 0.0, 1.0, 0.0], [0.0, 0.0, 0.0, 1.0]], "pose_inverse": [[0.8247357606887817, -0.565518319606781, 0.0, -145.4350128173828], [0.565518319606781, 0.8247357606887817, 0.0, -1944.834716796875], [0.0, 0.0, 1.0, 0.0], [0.0, 0.0, 0.0, 1.0]], "cam_ids": [0, 1, 2, 3, 4, 5], "cam_channels": ["CAM_FRONT_LEFT", "CAM_FRONT", "CAM_FRONT_RIGHT", "CAM_BACK_LEFT", "CAM_BACK", "CAM_BACK_RIGHT"], "token": "d07db190a3c14383b739d298818570e6", "scene": "scene-0905"}, {"images": ["samples/CAM_FRONT_LEFT/n008-2018-09-18-15-12-01-0400__CAM_FRONT_LEFT__1537297967254799.jpg", "samples/CAM_FRONT/n008-2018-09-18-15-12-01-0400__CAM_FRONT__1537297967262404.jpg", "samples/CAM_FRONT_RIGHT/n008-2018-09-18-15-12-01-0400__CAM_FRONT_RIGHT__1537297967270482.jpg", "samples/CAM_BACK_LEFT/n008-2018-09-18-15-12-01-0400__CAM_BACK_LEFT__1537297967297405.jpg", "samples/CAM_BACK/n008-2018-09-18-15-12-01-0400__CAM_BACK__1537297967287558.jpg", "samples/CAM_BACK_RIGHT/n008-2018-09-18-15-12-01-0400__CAM_BACK_RIGHT__1537297967278113.jpg"], "intrinsics": [[[1257.8625342125129, 0.0, 827.2410631095686], [0.0, 1257.8625342125129, 450.915498205774], [0.0, 0.0, 1.0]], [[1252.8131021185304, 0.0, 826.588114781398], [0.0, 1252.8131021185304, 469.9846626224581], [0.0, 0.0, 1.0]], [[1256.7485116440405, 0.0, 817.7887570959712], [0.0, 1256.7485116440403, 451.9541780095127], [0.0, 0.0, 1.0]], [[1254.9860565800168, 0.0, 829.5769333630991], [0.0, 1254.9860565800168, 467.1680561863987], [0.0, 0.0, 1.0]], [[796.8910634503094, 0.0, 857.7774326863696], [0.0, 796.8910634503094, 476.8848988407415], [0.0, 0.0, 1.0]], [[1249.9629280788233, 0.0, 825.3768045375984], [0.0, 1249.9629280788233, 462.54816385708756], [0.0, 0.0, 1.0]]], "extrinsics": [[[0.8228500485420227, -0.568206250667572, -0.007708258926868439, -0.72564697265625], [0.020154912024736404, 0.042738210409879684, -0.9988830089569092, 1.4947891235351562], [0.5679010152816772, 0.8217755556106567, 0.04661928489804268, -1.1480712890625], [0.0, 0.0, 0.0, 1.0]], [[0.010893415659666061, -0.9992032647132874, -0.03839420527219772, 0.013427734375], [0.022147946059703827, 0.03862816467881203, -0.9990081787109375, 1.48614501953125], [0.999695360660553, 0.010032178834080696, 0.02255108952522278, -1.455535888671875], [0.0, 0.0, 0.0, 1.0]], [[-0.843494176864624, -0.5355306267738342, -0.04152630642056465, 0.9073486328125], [0.030181296169757843, 0.02993484027683735, -0.9990960359573364, 1.4995880126953125], [0.5362896919250488, -0.8439851403236389, -0.009086857549846172, -1.15625], [0.0, 0.0, 0.0, 1.0]], [[0.9478138089179993, 0.31826385855674744, 0.018898935988545418, -1.125244140625], [0.004748483654111624, 0.04517870023846626, -0.9989676475524902, 1.5621185302734375], [-0.31878915429115295, 0.9469250440597534, 0.041309721767902374, -0.1627197265625], [0.0, 0.0, 0.0, 1.0]], [[0.008917216211557388, 0.9992508888244629, 0.03765862062573433, -0.02978515625], [0.006834219675511122, 0.03759833425283432, -0.9992695450782776, 1.5686264038085938], [-0.9999368786811829, 0.009168066084384918, -0.006493826862424612, -0.0485076904296875], [0.0, 0.0, 0.0, 1.0]], [[-0.923721194267273, 0.38303840160369873, -0.004551042802631855, 1.00885009765625], [0.011096172034740448, 0.014879736118018627, -0.9998277425765991, 1.5495738983154297], [-0.38290464878082275, -0.923612654209137, -0.017994984984397888, -0.103515625], [0.0, 0.0, 0.0, 1.0]]], "view": [[0.0, -2.0, 100.0], [-2.0, 0.0, 100.0], [0.0, 0.0, 1.0]], "bev": "bev_f63e1abf4df64cc9b3b261388af864be.png", "aux": "aux_f63e1abf4df64cc9b3b261388af864be.npz", "visibility": "visibility_f63e1abf4df64cc9b3b261388af864be.png", "pose": [[0.8189124464988708, 0.5739184617996216, 0.0, 1222.6761474609375], [-0.5739184617996216, 0.8189124464988708, 0.0, 1519.648681640625], [0.0, 0.0, 1.0, 0.0], [0.0, 0.0, 0.0, 1.0]], "pose_inverse": [[0.8189124464988708, -0.5739184617996216, 0.0, -129.11024475097656], [0.5739184617996216, 0.8189124464988708, 0.0, -1946.1756591796875], [0.0, 0.0, 1.0, 0.0], [0.0, 0.0, 0.0, 1.0]], "cam_ids": [0, 1, 2, 3, 4, 5], "cam_channels": ["CAM_FRONT_LEFT", "CAM_FRONT", "CAM_FRONT_RIGHT", "CAM_BACK_LEFT", "CAM_BACK", "CAM_BACK_RIGHT"], "token": "f63e1abf4df64cc9b3b261388af864be", "scene": "scene-0905"}, {"images": ["samples/CAM_FRONT_LEFT/n008-2018-09-18-15-12-01-0400__CAM_FRONT_LEFT__1537297967754799.jpg", "samples/CAM_FRONT/n008-2018-09-18-15-12-01-0400__CAM_FRONT__1537297967762404.jpg", "samples/CAM_FRONT_RIGHT/n008-2018-09-18-15-12-01-0400__CAM_FRONT_RIGHT__1537297967770482.jpg", "samples/CAM_BACK_LEFT/n008-2018-09-18-15-12-01-0400__CAM_BACK_LEFT__1537297967797405.jpg", "samples/CAM_BACK/n008-2018-09-18-15-12-01-0400__CAM_BACK__1537297967787558.jpg", "samples/CAM_BACK_RIGHT/n008-2018-09-18-15-12-01-0400__CAM_BACK_RIGHT__1537297967778113.jpg"], "intrinsics": [[[1257.8625342125129, 0.0, 827.2410631095686], [0.0, 1257.8625342125129, 450.915498205774], [0.0, 0.0, 1.0]], [[1252.8131021185304, 0.0, 826.588114781398], [0.0, 1252.8131021185304, 469.9846626224581], [0.0, 0.0, 1.0]], [[1256.7485116440405, 0.0, 817.7887570959712], [0.0, 1256.7485116440403, 451.9541780095127], [0.0, 0.0, 1.0]], [[1254.9860565800168, 0.0, 829.5769333630991], [0.0, 1254.9860565800168, 467.1680561863987], [0.0, 0.0, 1.0]], [[796.8910634503094, 0.0, 857.7774326863696], [0.0, 796.8910634503094, 476.8848988407415], [0.0, 0.0, 1.0]], [[1249.9629280788233, 0.0, 825.3768045375984], [0.0, 1249.9629280788233, 462.54816385708756], [0.0, 0.0, 1.0]]], "extrinsics": [[[0.8233846426010132, -0.5674406290054321, -0.006996519397944212, -0.75213623046875], [0.022777218371629715, 0.04536495357751846, -0.9987108111381531, 1.4949722290039062], [0.5670264363288879, 0.8221637606620789, 0.05027752369642258, -1.1654052734375], [0.0, 0.0, 0.0, 1.0]], [[0.01179712638258934, -0.9990971088409424, -0.04081536456942558, 0.0126953125], [0.024683164432644844, 0.04109673947095871, -0.9988502264022827, 1.4862213134765625], [0.9996256828308105, 0.010776201263070107, 0.025145702064037323, -1.48236083984375], [0.0, 0.0, 0.0, 1.0]], [[-0.843017578125, -0.5360169410705566, -0.04480183869600296, 0.9256591796875], [0.032621003687381744, 0.032190561294555664, -0.9989492893218994, 1.4994125366210938], [0.5368959903717041, -0.8435932993888855, -0.009651798754930496, -1.16845703125], [0.0, 0.0, 0.0, 1.0]], [[0.9477580785751343, 0.31829410791397095, 0.021057283505797386, -1.124755859375], [0.0066930935718119144, 0.046155232936143875, -0.9989118576049805, 1.562164306640625], [-0.31891968846321106, 0.9468677639961243, 0.0416136234998703, -0.1629638671875], [0.0, 0.0, 0.0, 1.0]], [[0.008534753695130348, 0.9991928935050964, 0.039251040667295456, -0.029541015625], [0.009156836196780205, 0.03917273133993149, -0.9991904497146606, 1.56878662109375], [-0.9999217391014099, 0.008887285366654396, -0.008815115317702293, -0.04071044921875], [0.0, 0.0, 0.0, 1.0]], [[-0.9239071011543274, 0.3825698792934418, -0.006000308319926262, 1.0234375], [0.013473914004862309, 0.016858968883752823, -0.9997670650482178, 1.5497589111328125], [-0.3823795020580292, -0.9237727522850037, -0.02073083072900772, -0.09765625], [0.0, 0.0, 0.0, 1.0]]], "view": [[0.0, -2.0, 100.0], [-2.0, 0.0, 100.0], [0.0, 0.0, 1.0]], "bev": "bev_75fc8c40884f4132b4017d3b29500a71.png", "aux": "aux_75fc8c40884f4132b4017d3b29500a71.npz", "visibility": "visibility_75fc8c40884f4132b4017d3b29500a71.png", "pose": [[0.8144305348396301, 0.5802611112594604, 0.0, 1225.5020751953125], [-0.5802611112594604, 0.8144305348396301, 0.0, 1517.5870361328125], [0.0, 0.0, 1.0, 0.0], [0.0, 0.0, 0.0, 1.0]], "pose_inverse": [[0.8144305348396301, -0.5802611112594604, 0.0, -117.48958587646484], [0.5802611112594604, 0.8144305348396301, 0.0, -1947.080322265625], [0.0, 0.0, 1.0, 0.0], [0.0, 0.0, 0.0, 1.0]], "cam_ids": [0, 1, 2, 3, 4, 5], "cam_channels": ["CAM_FRONT_LEFT", "CAM_FRONT", "CAM_FRONT_RIGHT", "CAM_BACK_LEFT", "CAM_BACK", "CAM_BACK_RIGHT"], "token": "75fc8c40884f4132b4017d3b29500a71", "scene": "scene-0905"}, {"images": ["samples/CAM_FRONT_LEFT/n008-2018-09-18-15-12-01-0400__CAM_FRONT_LEFT__1537297968254799.jpg", "samples/CAM_FRONT/n008-2018-09-18-15-12-01-0400__CAM_FRONT__1537297968262404.jpg", "samples/CAM_FRONT_RIGHT/n008-2018-09-18-15-12-01-0400__CAM_FRONT_RIGHT__1537297968270482.jpg", "samples/CAM_BACK_LEFT/n008-2018-09-18-15-12-01-0400__CAM_BACK_LEFT__1537297968297405.jpg", "samples/CAM_BACK/n008-2018-09-18-15-12-01-0400__CAM_BACK__1537297968287558.jpg", "samples/CAM_BACK_RIGHT/n008-2018-09-18-15-12-01-0400__CAM_BACK_RIGHT__1537297968278113.jpg"], "intrinsics": [[[1257.8625342125129, 0.0, 827.2410631095686], [0.0, 1257.8625342125129, 450.915498205774], [0.0, 0.0, 1.0]], [[1252.8131021185304, 0.0, 826.588114781398], [0.0, 1252.8131021185304, 469.9846626224581], [0.0, 0.0, 1.0]], [[1256.7485116440405, 0.0, 817.7887570959712], [0.0, 1256.7485116440403, 451.9541780095127], [0.0, 0.0, 1.0]], [[1254.9860565800168, 0.0, 829.5769333630991], [0.0, 1254.9860565800168, 467.1680561863987], [0.0, 0.0, 1.0]], [[796.8910634503094, 0.0, 857.7774326863696], [0.0, 796.8910634503094, 476.8848988407415], [0.0, 0.0, 1.0]], [[1249.9629280788233, 0.0, 825.3768045375984], [0.0, 1249.9629280788233, 462.54816385708756], [0.0, 0.0, 1.0]]], "extrinsics": [[[0.8230857253074646, -0.5677003264427185, -0.015690550208091736, -0.75213623046875], [0.0012773629277944565, 0.029478751122951508, -0.9995645880699158, 1.4885063171386719], [0.5679157376289368, 0.8227073550224304, 0.024988699704408646, -1.166015625], [0.0, 0.0, 0.0, 1.0]], [[0.01099432073533535, -0.9996281862258911, -0.024950304999947548, 0.012939453125], [0.002876324113458395, 0.024983325973153114, -0.9996837377548218, 1.48077392578125], [0.9999353885650635, 0.010919091291725636, 0.003149930387735367, -1.4825057983398438], [0.0, 0.0, 0.0, 1.0]], [[-0.8437433242797852, -0.5364645719528198, -0.017405182123184204, 0.9254150390625], [0.010563565418124199, 0.015824146568775177, -0.9998189210891724, 1.4951057434082031], [0.536642849445343, -0.8437744975090027, -0.007684541866183281, -1.16796875], [0.0, 0.0, 0.0, 1.0]], [[0.9478347897529602, 0.3187088370323181, -0.005822714883834124, -1.12548828125], [-0.015968717634677887, 0.029231136664748192, -0.9994450807571411, 1.5617218017578125], [-0.3183618485927582, 0.9474018216133118, 0.03279566019773483, -0.16259765625], [0.0, 0.0, 0.0, 1.0]], [[0.00906519964337349, 0.999710738658905, 0.022278109565377235, -0.0296630859375], [-0.013516074977815151, 0.02239949256181717, -0.9996576905250549, 1.5668792724609375], [-0.9998675584793091, 0.008761055767536163, 0.013715221546590328, -0.040496826171875], [0.0, 0.0, 0.0, 1.0]], [[-0.9238926768302917, 0.38256320357322693, 0.008230545558035374, 1.0233154296875], [-0.008797228336334229, 0.0002680143516045064, -0.999961256980896, 1.546511173248291], [-0.38255056738853455, -0.9239292740821838, 0.003117878455668688, -0.0977783203125], [0.0, 0.0, 0.0, 1.0]]], "view": [[0.0, -2.0, 100.0], [-2.0, 0.0, 100.0], [0.0, 0.0, 1.0]], "bev": "bev_8820971be64f48249658358bee1f50a5.png", "aux": "aux_8820971be64f48249658358bee1f50a5.npz", "visibility": "visibility_8820971be64f48249658358bee1f50a5.png", "pose": [[0.809079647064209, 0.5876989960670471, 0.0, 1228.218505859375], [-0.5876989960670471, 0.809079647064209, 0.0, 1515.54736328125], [0.0, 0.0, 1.0, 0.0], [0.0, 0.0, 0.0, 1.0]], "pose_inverse": [[0.809079647064209, -0.5876989960670471, 0.0, -103.04090118408203], [0.5876989960670471, 0.809079647064209, 0.0, -1948.0213623046875], [0.0, 0.0, 1.0, 0.0], [0.0, 0.0, 0.0, 1.0]], "cam_ids": [0, 1, 2, 3, 4, 5], "cam_channels": ["CAM_FRONT_LEFT", "CAM_FRONT", "CAM_FRONT_RIGHT", "CAM_BACK_LEFT", "CAM_BACK", "CAM_BACK_RIGHT"], "token": "8820971be64f48249658358bee1f50a5", "scene": "scene-0905"}, {"images": ["samples/CAM_FRONT_LEFT/n008-2018-09-18-15-12-01-0400__CAM_FRONT_LEFT__1537297968754799.jpg", "samples/CAM_FRONT/n008-2018-09-18-15-12-01-0400__CAM_FRONT__1537297968762404.jpg", "samples/CAM_FRONT_RIGHT/n008-2018-09-18-15-12-01-0400__CAM_FRONT_RIGHT__1537297968770482.jpg", "samples/CAM_BACK_LEFT/n008-2018-09-18-15-12-01-0400__CAM_BACK_LEFT__1537297968797405.jpg", "samples/CAM_BACK/n008-2018-09-18-15-12-01-0400__CAM_BACK__1537297968787558.jpg", "samples/CAM_BACK_RIGHT/n008-2018-09-18-15-12-01-0400__CAM_BACK_RIGHT__1537297968778113.jpg"], "intrinsics": [[[1257.8625342125129, 0.0, 827.2410631095686], [0.0, 1257.8625342125129, 450.915498205774], [0.0, 0.0, 1.0]], [[1252.8131021185304, 0.0, 826.588114781398], [0.0, 1252.8131021185304, 469.9846626224581], [0.0, 0.0, 1.0]], [[1256.7485116440405, 0.0, 817.7887570959712], [0.0, 1256.7485116440403, 451.9541780095127], [0.0, 0.0, 1.0]], [[1254.9860565800168, 0.0, 829.5769333630991], [0.0, 1254.9860565800168, 467.1680561863987], [0.0, 0.0, 1.0]], [[796.8910634503094, 0.0, 857.7774326863696], [0.0, 796.8910634503094, 476.8848988407415], [0.0, 0.0, 1.0]], [[1249.9629280788233, 0.0, 825.3768045375984], [0.0, 1249.9629280788233, 462.54816385708756], [0.0, 0.0, 1.0]]], "extrinsics": [[[0.8228709697723389, -0.5682170391082764, -0.003586395410820842, -0.74688720703125], [0.005734702106565237, 0.014615670777857304, -0.9998767375946045, 1.4900245666503906], [0.5681993961334229, 0.8227488994598389, 0.015285365283489227, -1.15966796875], [0.0, 0.0, 0.0, 1.0]], [[0.010754870250821114, -0.999889075756073, -0.010305398143827915, 0.010986328125], [0.00737630482763052, 0.01038504671305418, -0.9999188780784607, 1.4820404052734375], [0.9999150037765503, 0.010677964426577091, 0.007487174589186907, -1.476318359375], [0.0, 0.0, 0.0, 1.0]], [[-0.843768298625946, -0.5365357995033264, -0.013579050078988075, 0.9210205078125], [0.015061557292938232, 0.0016197010409086943, -0.9998852610588074, 1.4961175918579102], [0.5364962220191956, -0.8438760042190552, 0.00671441201120615, -1.167236328125], [0.0, 0.0, 0.0, 1.0]], [[0.9478523135185242, 0.3186652660369873, -0.005341028794646263, -1.1259765625], [-0.011310489848256111, 0.016885265707969666, -0.9997934699058533, 1.5618228912353516], [-0.3185093104839325, 0.9477168917655945, 0.01960899867117405, -0.162353515625], [0.0, 0.0, 0.0, 1.0]], [[0.00905095599591732, 0.9999170899391174, 0.009160979650914669, -0.029052734375], [-0.008753295056521893, 0.009240228682756424, -0.9999189972877502, 1.5672979354858398], [-0.9999207854270935, 0.008970082737505436, 0.008836202323436737, -0.0416259765625], [0.0, 0.0, 0.0, 1.0]], [[-0.9238621592521667, 0.38272348046302795, -0.0011967553291469812, 1.0211181640625], [-0.0042901793494820595, -0.013482765294611454, -0.9998998641967773, 1.5471858978271484], [-0.38270124793052673, -0.9237645268440247, 0.014098168350756168, -0.0997314453125], [0.0, 0.0, 0.0, 1.0]]], "view": [[0.0, -2.0, 100.0], [-2.0, 0.0, 100.0], [0.0, 0.0, 1.0]], "bev": "bev_c2a4c914bd064ede98dc6b3c193050a8.png", "aux": "aux_c2a4c914bd064ede98dc6b3c193050a8.npz", "visibility": "visibility_c2a4c914bd064ede98dc6b3c193050a8.png", "pose": [[0.8076452016830444, 0.5896687507629395, 0.0, 1230.945068359375], [-0.5896687507629395, 0.8076452016830444, 0.0, 1513.522705078125], [0.0, 0.0, 1.0, 0.0], [0.0, 0.0, 0.0, 1.0]], "pose_inverse": [[0.8076452016830444, -0.5896687507629395, 0.0, -101.68978881835938], [0.5896687507629395, 0.8076452016830444, 0.0, -1948.2391357421875], [0.0, 0.0, 1.0, 0.0], [0.0, 0.0, 0.0, 1.0]], "cam_ids": [0, 1, 2, 3, 4, 5], "cam_channels": ["CAM_FRONT_LEFT", "CAM_FRONT", "CAM_FRONT_RIGHT", "CAM_BACK_LEFT", "CAM_BACK", "CAM_BACK_RIGHT"], "token": "c2a4c914bd064ede98dc6b3c193050a8", "scene": "scene-0905"}, {"images": ["samples/CAM_FRONT_LEFT/n008-2018-09-18-15-12-01-0400__CAM_FRONT_LEFT__1537297969254799.jpg", "samples/CAM_FRONT/n008-2018-09-18-15-12-01-0400__CAM_FRONT__1537297969262404.jpg", "samples/CAM_FRONT_RIGHT/n008-2018-09-18-15-12-01-0400__CAM_FRONT_RIGHT__1537297969270482.jpg", "samples/CAM_BACK_LEFT/n008-2018-09-18-15-12-01-0400__CAM_BACK_LEFT__1537297969297405.jpg", "samples/CAM_BACK/n008-2018-09-18-15-12-01-0400__CAM_BACK__1537297969287558.jpg", "samples/CAM_BACK_RIGHT/n008-2018-09-18-15-12-01-0400__CAM_BACK_RIGHT__1537297969278113.jpg"], "intrinsics": [[[1257.8625342125129, 0.0, 827.2410631095686], [0.0, 1257.8625342125129, 450.915498205774], [0.0, 0.0, 1.0]], [[1252.8131021185304, 0.0, 826.588114781398], [0.0, 1252.8131021185304, 469.9846626224581], [0.0, 0.0, 1.0]], [[1256.7485116440405, 0.0, 817.7887570959712], [0.0, 1256.7485116440403, 451.9541780095127], [0.0, 0.0, 1.0]], [[1254.9860565800168, 0.0, 829.5769333630991], [0.0, 1254.9860565800168, 467.1680561863987], [0.0, 0.0, 1.0]], [[796.8910634503094, 0.0, 857.7774326863696], [0.0, 796.8910634503094, 476.8848988407415], [0.0, 0.0, 1.0]], [[1249.9629280788233, 0.0, 825.3768045375984], [0.0, 1249.9629280788233, 462.54816385708756], [0.0, 0.0, 1.0]]], "extrinsics": [[[0.8217111229896545, -0.5697752833366394, -0.012122925370931625, -0.742919921875], [-0.003490620292723179, 0.01623968407511711, -0.999862015247345, 1.4870948791503906], [0.5698935985565186, 0.8216400742530823, 0.011355457827448845, -1.1590576171875], [0.0, 0.0, 0.0, 1.0]], [[0.00891582015901804, -0.9998852610588074, -0.012242081575095654, 0.0126953125], [-0.0016188748413696885, 0.012228119187057018, -0.9999239444732666, 1.479684829711914], [0.9999589323997498, 0.0089349877089262, -0.001509664230979979, -1.473785400390625], [0.0, 0.0, 0.0, 1.0]], [[-0.8446916937828064, -0.5352033972740173, -0.007320831064134836, 0.920166015625], [0.006376601289957762, 0.003614279441535473, -0.9999731183052063, 1.4943609237670898], [0.5352153778076172, -0.8447155952453613, 0.00035982643021270633, -1.16552734375], [0.0, 0.0, 0.0, 1.0]], [[0.9478235244750977, 0.3185666501522064, -0.012079347856342793, -1.1295166015625], [-0.019115731120109558, 0.018970519304275513, -0.9996373057365417, 1.5617446899414062], [-0.31822192668914795, 0.9477106332778931, 0.024070339277386665, -0.1612548828125], [0.0, 0.0, 0.0, 1.0]], [[0.009774758480489254, 0.999889075756073, 0.011235369369387627, -0.029541015625], [-0.016950322315096855, 0.011399975046515465, -0.9997913241386414, 1.5666217803955078], [-0.999808669090271, 0.009582276456058025, 0.017059875652194023, -0.039825439453125], [0.0, 0.0, 0.0, 1.0]], [[-0.9233963489532471, 0.3837774991989136, 0.007349575869739056, 1.0208740234375], [-0.012684738263487816, -0.011372555047273636, -0.9998548626899719, 1.5459308624267578], [-0.38363826274871826, -0.9233555793762207, 0.015369493514299393, -0.0992431640625], [0.0, 0.0, 0.0, 1.0]]], "view": [[0.0, -2.0, 100.0], [-2.0, 0.0, 100.0], [0.0, 0.0, 1.0]], "bev": "bev_29d2ae0d71504196a577d40fc1faf556.png", "aux": "aux_29d2ae0d71504196a577d40fc1faf556.npz", "visibility": "visibility_29d2ae0d71504196a577d40fc1faf556.png", "pose": [[0.810330331325531, 0.5859733819961548, 0.0, 1233.69287109375], [-0.5859733819961548, 0.810330331325531, 0.0, 1511.469482421875], [0.0, 0.0, 1.0, 0.0], [0.0, 0.0, 0.0, 1.0]], "pose_inverse": [[0.810330331325531, -0.5859733819961548, 0.0, -114.0178451538086], [0.5859733819961548, 0.810330331325531, 0.0, -1947.70068359375], [0.0, 0.0, 1.0, 0.0], [0.0, 0.0, 0.0, 1.0]], "cam_ids": [0, 1, 2, 3, 4, 5], "cam_channels": ["CAM_FRONT_LEFT", "CAM_FRONT", "CAM_FRONT_RIGHT", "CAM_BACK_LEFT", "CAM_BACK", "CAM_BACK_RIGHT"], "token": "29d2ae0d71504196a577d40fc1faf556", "scene": "scene-0905"}, {"images": ["samples/CAM_FRONT_LEFT/n008-2018-09-18-15-12-01-0400__CAM_FRONT_LEFT__1537297969754799.jpg", "samples/CAM_FRONT/n008-2018-09-18-15-12-01-0400__CAM_FRONT__1537297969762404.jpg", "samples/CAM_FRONT_RIGHT/n008-2018-09-18-15-12-01-0400__CAM_FRONT_RIGHT__1537297969770482.jpg", "samples/CAM_BACK_LEFT/n008-2018-09-18-15-12-01-0400__CAM_BACK_LEFT__1537297969797405.jpg", "samples/CAM_BACK/n008-2018-09-18-15-12-01-0400__CAM_BACK__1537297969787558.jpg", "samples/CAM_BACK_RIGHT/n008-2018-09-18-15-12-01-0400__CAM_BACK_RIGHT__1537297969778113.jpg"], "intrinsics": [[[1257.8625342125129, 0.0, 827.2410631095686], [0.0, 1257.8625342125129, 450.915498205774], [0.0, 0.0, 1.0]], [[1252.8131021185304, 0.0, 826.588114781398], [0.0, 1252.8131021185304, 469.9846626224581], [0.0, 0.0, 1.0]], [[1256.7485116440405, 0.0, 817.7887570959712], [0.0, 1256.7485116440403, 451.9541780095127], [0.0, 0.0, 1.0]], [[1254.9860565800168, 0.0, 829.5769333630991], [0.0, 1254.9860565800168, 467.1680561863987], [0.0, 0.0, 1.0]], [[796.8910634503094, 0.0, 857.7774326863696], [0.0, 796.8910634503094, 476.8848988407415], [0.0, 0.0, 1.0]], [[1249.9629280788233, 0.0, 825.3768045375984], [0.0, 1249.9629280788233, 462.54816385708756], [0.0, 0.0, 1.0]]], "extrinsics": [[[0.8218649625778198, -0.5696117877960205, -0.008968165144324303, -0.74383544921875], [0.0006720683304592967, 0.01671184040606022, -0.9998601078987122, 1.4884471893310547], [0.5696820020675659, 0.8217439651489258, 0.014117694459855556, -1.15673828125], [0.0, 0.0, 0.0, 1.0]], [[0.009240072220563889, -0.9998726844787598, -0.013007408007979393, 0.01025390625], [0.003488746238872409, 0.013040119782090187, -0.9999088644981384, 1.4810409545898438], [0.9999513030052185, 0.00919387023895979, 0.003608794417232275, -1.4741363525390625], [0.0, 0.0, 0.0, 1.0]], [[-0.8444575071334839, -0.5354703068733215, -0.012770190834999084, 0.9202880859375], [0.012055957689881325, 0.004833821207284927, -0.9999156594276428, 1.4955072402954102], [0.5354868769645691, -0.8445402979850769, 0.002373649738729, -1.1678466796875], [0.0, 0.0, 0.0, 1.0]], [[0.9478815197944641, 0.31859639286994934, -0.004109407775104046, -1.13409423828125], [-0.011411914601922035, 0.021057719364762306, -0.999713122844696, 1.5619239807128906], [-0.3184185028076172, 0.947656512260437, 0.02359601855278015, -0.1595458984375], [0.0, 0.0, 0.0, 1.0]], [[0.009560013189911842, 0.9998679757118225, 0.013139508664608002, -0.0286865234375], [-0.009787061251699924, 0.01323304045945406, -0.9998645186424255, 1.5672645568847656], [-0.9999064207077026, 0.009430218487977982, 0.009912277571856976, -0.0361785888671875], [0.0, 0.0, 0.0, 1.0]], [[-0.9235178232192993, 0.38354822993278503, 0.002360523911193013, 1.02362060546875], [-0.006631092168390751, -0.009812519885599613, -0.9999298453330994, 1.5468387603759766], [-0.38349810242652893, -0.9234687089920044, 0.011605380102992058, -0.099609375], [0.0, 0.0, 0.0, 1.0]]], "view": [[0.0, -2.0, 100.0], [-2.0, 0.0, 100.0], [0.0, 0.0, 1.0]], "bev": "bev_95e59c7864c94bd5bf895a51373d6d54.png", "aux": "aux_95e59c7864c94bd5bf895a51373d6d54.npz", "visibility": "visibility_95e59c7864c94bd5bf895a51373d6d54.png", "pose": [[0.8189826607704163, 0.5738182663917542, 0.0, 1236.59814453125], [-0.5738182663917542, 0.8189826607704163, 0.0, 1509.3511962890625], [0.0, 0.0, 1.0, 0.0], [0.0, 0.0, 0.0, 1.0]], "pose_inverse": [[0.8189826607704163, -0.5738182663917542, 0.0, -146.6591339111328], [0.5738182663917542, 0.8189826607704163, 0.0, -1945.715087890625], [0.0, 0.0, 1.0, 0.0], [0.0, 0.0, 0.0, 1.0]], "cam_ids": [0, 1, 2, 3, 4, 5], "cam_channels": ["CAM_FRONT_LEFT", "CAM_FRONT", "CAM_FRONT_RIGHT", "CAM_BACK_LEFT", "CAM_BACK", "CAM_BACK_RIGHT"], "token": "95e59c7864c94bd5bf895a51373d6d54", "scene": "scene-0905"}, {"images": ["samples/CAM_FRONT_LEFT/n008-2018-09-18-15-12-01-0400__CAM_FRONT_LEFT__1537297970254799.jpg", "samples/CAM_FRONT/n008-2018-09-18-15-12-01-0400__CAM_FRONT__1537297970262404.jpg", "samples/CAM_FRONT_RIGHT/n008-2018-09-18-15-12-01-0400__CAM_FRONT_RIGHT__1537297970270482.jpg", "samples/CAM_BACK_LEFT/n008-2018-09-18-15-12-01-0400__CAM_BACK_LEFT__1537297970297405.jpg", "samples/CAM_BACK/n008-2018-09-18-15-12-01-0400__CAM_BACK__1537297970287558.jpg", "samples/CAM_BACK_RIGHT/n008-2018-09-18-15-12-01-0400__CAM_BACK_RIGHT__1537297970278113.jpg"], "intrinsics": [[[1257.8625342125129, 0.0, 827.2410631095686], [0.0, 1257.8625342125129, 450.915498205774], [0.0, 0.0, 1.0]], [[1252.8131021185304, 0.0, 826.588114781398], [0.0, 1252.8131021185304, 469.9846626224581], [0.0, 0.0, 1.0]], [[1256.7485116440405, 0.0, 817.7887570959712], [0.0, 1256.7485116440403, 451.9541780095127], [0.0, 0.0, 1.0]], [[1254.9860565800168, 0.0, 829.5769333630991], [0.0, 1254.9860565800168, 467.1680561863987], [0.0, 0.0, 1.0]], [[796.8910634503094, 0.0, 857.7774326863696], [0.0, 796.8910634503094, 476.8848988407415], [0.0, 0.0, 1.0]], [[1249.9629280788233, 0.0, 825.3768045375984], [0.0, 1249.9629280788233, 462.54816385708756], [0.0, 0.0, 1.0]]], "extrinsics": [[[0.8215839862823486, -0.5699917674064636, -0.010455447249114513, -0.74481201171875], [0.00874489638954401, 0.030938532203435898, -0.9994829893112183, 1.4909515380859375], [0.5700204968452454, 0.821067750453949, 0.030403118580579758, -1.1566162109375], [0.0, 0.0, 0.0, 1.0]], [[0.008884764276444912, -0.9996061325073242, -0.026620185002684593, 0.01025390625], [0.011080614291131496, 0.02671802043914795, -0.9995815753936768, 1.4829788208007812], [0.9998990297317505, 0.008586069568991661, 0.011313633061945438, -1.47442626953125], [0.0, 0.0, 0.0, 1.0]], [[-0.8445137143135071, -0.5349037647247314, -0.025971511378884315, 0.9205322265625], [0.019543481990695, 0.017681224271655083, -0.999652624130249, 1.4969978332519531], [0.5351771712303162, -0.8447279334068298, -0.004478153772652149, -1.16748046875], [0.0, 0.0, 0.0, 1.0]], [[0.9479045271873474, 0.3184971809387207, 0.006058934610337019, -1.13507080078125], [-0.0038642610888928175, 0.030515236780047417, -0.9995267987251282, 1.5620040893554688], [-0.31853142380714417, 0.9474325180053711, 0.03015628270804882, -0.1593017578125], [0.0, 0.0, 0.0, 1.0]], [[0.009600712917745113, 0.9996657967567444, 0.024003788828849792, -0.0286865234375], [-0.002405121922492981, 0.024027910083532333, -0.999708354473114, 1.5678520202636719], [-0.9999510645866394, 0.009540162980556488, 0.002635002601891756, -0.035797119140625], [0.0, 0.0, 0.0, 1.0]], [[-0.9234160780906677, 0.38380032777786255, -8.968037582235411e-05, 1.023681640625], [0.000972755195107311, 0.0021067638881504536, -0.9999973177909851, 1.5479512214660645], [-0.38379907608032227, -0.9234137535095215, -0.0023187643382698298, -0.099365234375], [0.0, 0.0, 0.0, 1.0]]], "view": [[0.0, -2.0, 100.0], [-2.0, 0.0, 100.0], [0.0, 0.0, 1.0]], "bev": "bev_94657cb3307449428f3a2cf915ed1213.png", "aux": "aux_94657cb3307449428f3a2cf915ed1213.npz", "visibility": "visibility_94657cb3307449428f3a2cf915ed1213.png", "pose": [[0.8256774544715881, 0.5641425251960754, 0.0, 1239.5457763671875], [-0.5641425251960754, 0.8256774544715881, 0.0, 1507.270263671875], [0.0, 0.0, 1.0, 0.0], [0.0, 0.0, 0.0, 1.0]], "pose_inverse": [[0.8256774544715881, -0.5641425251960754, 0.0, -173.14971923828125], [0.5641425251960754, 0.8256774544715881, 0.0, -1943.799560546875], [0.0, 0.0, 1.0, 0.0], [0.0, 0.0, 0.0, 1.0]], "cam_ids": [0, 1, 2, 3, 4, 5], "cam_channels": ["CAM_FRONT_LEFT", "CAM_FRONT", "CAM_FRONT_RIGHT", "CAM_BACK_LEFT", "CAM_BACK", "CAM_BACK_RIGHT"], "token": "94657cb3307449428f3a2cf915ed1213", "scene": "scene-0905"}, {"images": ["samples/CAM_FRONT_LEFT/n008-2018-09-18-15-12-01-0400__CAM_FRONT_LEFT__1537297970654799.jpg", "samples/CAM_FRONT/n008-2018-09-18-15-12-01-0400__CAM_FRONT__1537297970662404.jpg", "samples/CAM_FRONT_RIGHT/n008-2018-09-18-15-12-01-0400__CAM_FRONT_RIGHT__1537297970670482.jpg", "samples/CAM_BACK_LEFT/n008-2018-09-18-15-12-01-0400__CAM_BACK_LEFT__1537297970697405.jpg", "samples/CAM_BACK/n008-2018-09-18-15-12-01-0400__CAM_BACK__1537297970687558.jpg", "samples/CAM_BACK_RIGHT/n008-2018-09-18-15-12-01-0400__CAM_BACK_RIGHT__1537297970678113.jpg"], "intrinsics": [[[1257.8625342125129, 0.0, 827.2410631095686], [0.0, 1257.8625342125129, 450.915498205774], [0.0, 0.0, 1.0]], [[1252.8131021185304, 0.0, 826.588114781398], [0.0, 1252.8131021185304, 469.9846626224581], [0.0, 0.0, 1.0]], [[1256.7485116440405, 0.0, 817.7887570959712], [0.0, 1256.7485116440403, 451.9541780095127], [0.0, 0.0, 1.0]], [[1254.9860565800168, 0.0, 829.5769333630991], [0.0, 1254.9860565800168, 467.1680561863987], [0.0, 0.0, 1.0]], [[796.8910634503094, 0.0, 857.7774326863696], [0.0, 796.8910634503094, 476.8848988407415], [0.0, 0.0, 1.0]], [[1249.9629280788233, 0.0, 825.3768045375984], [0.0, 1249.9629280788233, 462.54816385708756], [0.0, 0.0, 1.0]]], "extrinsics": [[[0.8219844698905945, -0.5695096850395203, 0.0005365549586713314, -0.738037109375], [0.014280145987868309, 0.019668957218527794, -0.9997045397758484, 1.4928207397460938], [0.5693308711051941, 0.8217492699623108, 0.024300258606672287, -1.15283203125], [0.0, 0.0, 0.0, 1.0]], [[0.009700367227196693, -0.9998373985290527, -0.015197385102510452, 0.0115966796875], [0.015566780231893063, 0.015347251668572426, -0.9997611045837402, 1.4842662811279297], [0.9998317956924438, 0.00946145411580801, 0.015713123604655266, -1.467926025390625], [0.0, 0.0, 0.0, 1.0]], [[-0.844003438949585, -0.5358479619026184, -0.02291649766266346, 0.9163818359375], [0.023039476945996284, 0.006465522572398186, -0.9997135996818542, 1.4978504180908203], [0.5358427166938782, -0.8442897796630859, 0.006888733245432377, -1.1634521484375], [0.0, 0.0, 0.0, 1.0]], [[0.9478946328163147, 0.3185702860355377, 0.0029699276201426983, -1.1361083984375], [-0.003995093517005444, 0.021207764744758606, -0.9997670650482178, 1.5620079040527344], [-0.31855908036231995, 0.9476619958877563, 0.021375443786382675, -0.15869140625], [0.0, 0.0, 0.0, 1.0]], [[0.009249637834727764, 0.9998615384101868, 0.013834103010594845, -0.029052734375], [-0.001288649975322187, 0.013846603222191334, -0.9999032616615295, 1.567941665649414], [-0.9999563694000244, 0.009230860508978367, 0.001