[{"images": ["samples/CAM_FRONT_LEFT/n015-2018-09-27-15-33-17+0800__CAM_FRONT_LEFT__1538033872754844.jpg", "samples/CAM_FRONT/n015-2018-09-27-15-33-17+0800__CAM_FRONT__1538033872762460.jpg", "samples/CAM_FRONT_RIGHT/n015-2018-09-27-15-33-17+0800__CAM_FRONT_RIGHT__1538033872770339.jpg", "samples/CAM_BACK_LEFT/n015-2018-09-27-15-33-17+0800__CAM_BACK_LEFT__1538033872797423.jpg", "samples/CAM_BACK/n015-2018-09-27-15-33-17+0800__CAM_BACK__1538033872787525.jpg", "samples/CAM_BACK_RIGHT/n015-2018-09-27-15-33-17+0800__CAM_BACK_RIGHT__1538033872777893.jpg"], "intrinsics": [[[1272.5979470598488, 0.0, 826.6154927353808], [0.0, 1272.5979470598488, 479.75165386361925], [0.0, 0.0, 1.0]], [[1266.417203046554, 0.0, 816.2670197447984], [0.0, 1266.417203046554, 491.50706579294757], [0.0, 0.0, 1.0]], [[1260.8474446004698, 0.0, 807.968244525554], [0.0, 1260.8474446004698, 495.3344268742088], [0.0, 0.0, 1.0]], [[1256.7414812095406, 0.0, 792.1125740759628], [0.0, 1256.7414812095406, 492.7757465151356], [0.0, 0.0, 1.0]], [[809.2209905677063, 0.0, 829.2196003259838], [0.0, 809.2209905677063, 481.77842384512485], [0.0, 0.0, 1.0]], [[1259.5137405846733, 0.0, 807.2529053838625], [0.0, 1259.5137405846733, 501.19579884916527], [0.0, 0.0, 1.0]]], "extrinsics": [[[0.8203757405281067, -0.5717681646347046, -0.008049259893596172, -0.73193359375], [0.0017490850295871496, 0.016585474833846092, -0.999860942363739, 1.5087356567382812], [0.5718221664428711, 0.8202475905418396, 0.014606393873691559, -1.1181640625], [0.0, 0.0, 0.0, 1.0]], [[0.0051474180072546005, -0.9999096989631653, -0.012414682656526566, 0.0064697265625], [-0.003332010470330715, 0.012397629208862782, -0.9999176263809204, 1.519754409790039], [0.999981164932251, 0.005188362207263708, -0.0032678942661732435, -1.459716796875], [0.0, 0.0, 0.0, 1.0]], [[-0.833129346370697, -0.5527724623680115, -0.018387380987405777, 0.88232421875], [0.0025016472209244967, 0.029478924348950386, -0.9995622634887695, 1.5040855407714844], [0.5530725717544556, -0.8328106999397278, -0.02317691408097744, -1.1487007141113281], [0.0, 0.0, 0.0, 1.0]], [[0.9477752447128296, 0.31876060366630554, 0.010659320279955864, -1.142578125], [0.011651226319372654, -0.0012051534140482545, -0.9999313950538635, 1.5885486602783203], [-0.31872591376304626, 0.9478345513343811, -0.004856166895478964, -0.1033935546875], [0.0, 0.0, 0.0, 1.0]], [[0.0026195314712822437, 0.9999573230743408, 0.008863812312483788, 0.002685546875], [-0.013909827917814255, 0.008899420499801636, -0.9998636841773987, 1.5784435272216797], [-0.999899685382843, 0.002495848573744297, 0.013932547532022, -0.0634765625], [0.0, 0.0, 0.0, 1.0]], [[-0.934642493724823, 0.35548287630081177, -0.008681364357471466, 1.01513671875], [0.01854558475315571, 0.024350527673959732, -0.9995314478874207, 1.5538482666015625], [-0.35510486364364624, -0.9343655705451965, -0.029351675882935524, -0.109375], [0.0, 0.0, 0.0, 1.0]]], "view": [[0.0, -2.0, 100.0], [-2.0, 0.0, 100.0], [0.0, 0.0, 1.0]], "bev": "bev_b532f3576a6748c79b943f94d192b595.png", "aux": "aux_b532f3576a6748c79b943f94d192b595.npz", "visibility": "visibility_b532f3576a6748c79b943f94d192b595.png", "pose": [[0.9315695762634277, -0.36356306076049805, 0.0, 1738.888671875], [0.36356306076049805, 0.9315695762634277, 0.0, 2533.109130859375], [0.0, 0.0, 1.0, 0.0], [0.0, 0.0, 0.0, 1.0]], "pose_inverse": [[0.9315695762634277, 0.36356306076049805, 0.0, -2540.840576171875], [-0.36356306076049805, 0.9315695762634277, 0.0, -1727.57177734375], [0.0, 0.0, 1.0, 0.0], [0.0, 0.0, 0.0, 1.0]], "cam_ids": [0, 1, 2, 3, 4, 5], "cam_channels": ["CAM_FRONT_LEFT", "CAM_FRONT", "CAM_FRONT_RIGHT", "CAM_BACK_LEFT", "CAM_BACK", "CAM_BACK_RIGHT"], "token": "b532f3576a6748c79b943f94d192b595", "scene": "scene-0411"}, {"images": ["samples/CAM_FRONT_LEFT/n015-2018-09-27-15-33-17+0800__CAM_FRONT_LEFT__1538033873254844.jpg", "samples/CAM_FRONT/n015-2018-09-27-15-33-17+0800__CAM_FRONT__1538033873262460.jpg", "samples/CAM_FRONT_RIGHT/n015-2018-09-27-15-33-17+0800__CAM_FRONT_RIGHT__1538033873270339.jpg", "samples/CAM_BACK_LEFT/n015-2018-09-27-15-33-17+0800__CAM_BACK_LEFT__1538033873297423.jpg", "samples/CAM_BACK/n015-2018-09-27-15-33-17+0800__CAM_BACK__1538033873287525.jpg", "samples/CAM_BACK_RIGHT/n015-2018-09-27-15-33-17+0800__CAM_BACK_RIGHT__1538033873277893.jpg"], "intrinsics": [[[1272.5979470598488, 0.0, 826.6154927353808], [0.0, 1272.5979470598488, 479.75165386361925], [0.0, 0.0, 1.0]], [[1266.417203046554, 0.0, 816.2670197447984], [0.0, 1266.417203046554, 491.50706579294757], [0.0, 0.0, 1.0]], [[1260.8474446004698, 0.0, 807.968244525554], [0.0, 1260.8474446004698, 495.3344268742088], [0.0, 0.0, 1.0]], [[1256.7414812095406, 0.0, 792.1125740759628], [0.0, 1256.7414812095406, 492.7757465151356], [0.0, 0.0, 1.0]], [[809.2209905677063, 0.0, 829.2196003259838], [0.0, 809.2209905677063, 481.77842384512485], [0.0, 0.0, 1.0]], [[1259.5137405846733, 0.0, 807.2529053838625], [0.0, 1259.5137405846733, 501.19579884916527], [0.0, 0.0, 1.0]]], "extrinsics": [[[0.8205340504646301, -0.5715975165367126, -0.0003823899896815419, -0.706787109375], [0.009284012950956821, 0.013996184803545475, -0.9998589754104614, 1.5111198425292969], [0.5715222358703613, 0.8204147219657898, 0.01679106429219246, -1.103515625], [0.0, 0.0, 0.0, 1.0]], [[0.00537480041384697, -0.9999357461929321, -0.009980925358831882, 0.0086669921875], [0.0041515398770570755, 0.010003297589719296, -0.9999414086341858, 1.521575927734375], [0.9999768733978271, 0.005333048291504383, 0.004205037839710712, -1.435791015625], [0.0, 0.0, 0.0, 1.0]], [[-0.8329252004623413, -0.5528935194015503, -0.023335564881563187, 0.867431640625], [0.00992818083614111, 0.027231881394982338, -0.9995797872543335, 1.5055694580078125], [0.553296685218811, -0.8328067660331726, -0.017192890867590904, -1.1376361846923828], [0.0, 0.0, 0.0, 1.0]], [[0.947713315486908, 0.31867653131484985, 0.016873029991984367, -1.13720703125], [0.018876727670431137, -0.0032000832725316286, -0.9998166561126709, 1.5886573791503906], [-0.31856414675712585, 0.9478581547737122, -0.009048331528902054, -0.10540771484375], [0.0, 0.0, 0.0, 1.0]], [[0.0026010179426521063, 0.9999732971191406, 0.0068291123025119305, 0.0023193359375], [-0.006585237570106983, 0.006846114527434111, -0.999954879283905, 1.5788612365722656], [-0.9999749660491943, 0.002555952640250325, 0.0066028679721057415, -0.072998046875], [0.0, 0.0, 0.0, 1.0]], [[-0.9345630407333374, 0.3554217219352722, -0.016351593658328056, 1.002197265625], [0.025928273797035217, 0.022197676822543144, -0.9994173049926758, 1.5551300048828125], [-0.3548516631126404, -0.934442400932312, -0.029960600659251213, -0.11328125], [0.0, 0.0, 0.0, 1.0]]], "view": [[0.0, -2.0, 100.0], [-2.0, 0.0, 100.0], [0.0, 0.0, 1.0]], "bev": "bev_42ed339681804f3993d09c77c60961d0.png", "aux": "aux_42ed339681804f3993d09c77c60961d0.npz", "visibility": "visibility_42ed339681804f3993d09c77c60961d0.png", "pose": [[0.9313650131225586, -0.3640868365764618, 0.0, 1742.214599609375], [0.3640868365764618, 0.9313650131225586, 0.0, 2534.387939453125], [0.0, 0.0, 1.0, 0.0], [0.0, 0.0, 0.0, 1.0]], "pose_inverse": [[0.9313650131225586, 0.3640868365764618, 0.0, -2545.375], [-0.3640868365764618, 0.9313650131225586, 0.0, -1726.1229248046875], [0.0, 0.0, 1.0, 0.0], [0.0, 0.0, 0.0, 1.0]], "cam_ids": [0, 1, 2, 3, 4, 5], "cam_channels": ["CAM_FRONT_LEFT", "CAM_FRONT", "CAM_FRONT_RIGHT", "CAM_BACK_LEFT", "CAM_BACK", "CAM_BACK_RIGHT"], "token": "42ed339681804f3993d09c77c60961d0", "scene": "scene-0411"}, {"images": ["samples/CAM_FRONT_LEFT/n015-2018-09-27-15-33-17+0800__CAM_FRONT_LEFT__1538033873654844.jpg", "samples/CAM_FRONT/n015-2018-09-27-15-33-17+0800__CAM_FRONT__1538033873662460.jpg", "samples/CAM_FRONT_RIGHT/n015-2018-09-27-15-33-17+0800__CAM_FRONT_RIGHT__1538033873670339.jpg", "samples/CAM_BACK_LEFT/n015-2018-09-27-15-33-17+0800__CAM_BACK_LEFT__1538033873697423.jpg", "samples/CAM_BACK/n015-2018-09-27-15-33-17+0800__CAM_BACK__1538033873687525.jpg", "samples/CAM_BACK_RIGHT/n015-2018-09-27-15-33-17+0800__CAM_BACK_RIGHT__1538033873677893.jpg"], "intrinsics": [[[1272.5979470598488, 0.0, 826.6154927353808], [0.0, 1272.5979470598488, 479.75165386361925], [0.0, 0.0, 1.0]], [[1266.417203046554, 0.0, 816.2670197447984], [0.0, 1266.417203046554, 491.50706579294757], [0.0, 0.0, 1.0]], [[1260.8474446004698, 0.0, 807.968244525554], [0.0, 1260.8474446004698, 495.3344268742088], [0.0, 0.0, 1.0]], [[1256.7414812095406, 0.0, 792.1125740759628], [0.0, 1256.7414812095406, 492.7757465151356], [0.0, 0.0, 1.0]], [[809.2209905677063, 0.0, 829.2196003259838], [0.0, 809.2209905677063, 481.77842384512485], [0.0, 0.0, 1.0]], [[1259.5137405846733, 0.0, 807.2529053838625], [0.0, 1259.5137405846733, 501.19579884916527], [0.0, 0.0, 1.0]]], "extrinsics": [[[0.8207507133483887, -0.5712571144104004, -0.005788635462522507, -0.697265625], [-0.0013782127061858773, 0.008152666501700878, -0.9999658465385437, 1.5077762603759766], [0.5712847709655762, 0.8207306265830994, 0.005903992801904678, -1.097900390625], [0.0, 0.0, 0.0, 1.0]], [[0.005694548133760691, -0.9999757409095764, -0.003998640924692154, 0.009033203125], [-0.006472306791692972, 0.003961765207350254, -0.9999712109565735, 1.5188055038452148], [0.9999628067016602, 0.00572030758485198, -0.006449589040130377, -1.427001953125], [0.0, 0.0, 0.0, 1.0]], [[-0.8329303860664368, -0.5532650351524353, -0.011170976795256138, 0.86279296875], [-0.000586101901717484, 0.021068885922431946, -0.9997778534889221, 1.5034828186035156], [0.5533774495124817, -0.8327388167381287, -0.017873184755444527, -1.1336498260498047], [0.0, 0.0, 0.0, 1.0]], [[0.9476858377456665, 0.31915342807769775, 0.005699634552001953, -1.1455078125], [0.009257912635803223, -0.009633192792534828, -0.9999107122421265, 1.588536262512207], [-0.31907007098197937, 0.9476540684700012, -0.012083935551345348, -0.1036376953125], [0.0, 0.0, 0.0, 1.0]], [[0.0023144481237977743, 0.9999972581863403, 0.00050971913151443, 0.001953125], [-0.016654744744300842, 0.0005481958505697548, -0.9998611211776733, 1.5781440734863281], [-0.9998586773872375, 0.002305620117112994, 0.016655966639518738, -0.071044921875], [0.0, 0.0, 0.0, 1.0]], [[-0.9347808361053467, 0.3551133871078491, -0.008896414190530777, 0.9986572265625], [0.015585876069962978, 0.015981322154402733, -0.9997507929801941, 1.5537185668945312], [-0.35488274693489075, -0.9346867203712463, -0.020473789423704147, -0.11474609375], [0.0, 0.0, 0.0, 1.0]]], "view": [[0.0, -2.0, 100.0], [-2.0, 0.0, 100.0], [0.0, 0.0, 1.0]], "bev": "bev_97e92f1b31324e929e2759282f3d1b5a.png", "aux": "aux_97e92f1b31324e929e2759282f3d1b5a.npz", "visibility": "visibility_97e92f1b31324e929e2759282f3d1b5a.png", "pose": [[0.9294008016586304, -0.3690720200538635, 0.0, 1744.9732666015625], [0.3690720200538635, 0.9294008016586304, 0.0, 2535.453857421875], [0.0, 0.0, 1.0, 0.0], [0.0, 0.0, 0.0, 1.0]], "pose_inverse": [[0.9294008016586304, 0.3690720200538635, 0.0, -2557.544677734375], [-0.3690720200538635, 0.9294008016586304, 0.0, -1712.4320068359375], [0.0, 0.0, 1.0, 0.0], [0.0, 0.0, 0.0, 1.0]], "cam_ids": [0, 1, 2, 3, 4, 5], "cam_channels": ["CAM_FRONT_LEFT", "CAM_FRONT", "CAM_FRONT_RIGHT", "CAM_BACK_LEFT", "CAM_BACK", "CAM_BACK_RIGHT"], "token": "97e92f1b31324e929e2759282f3d1b5a", "scene": "scene-0411"}, {"images": ["samples/CAM_FRONT_LEFT/n015-2018-09-27-15-33-17+0800__CAM_FRONT_LEFT__1538033874154844.jpg", "samples/CAM_FRONT/n015-2018-09-27-15-33-17+0800__CAM_FRONT__1538033874162460.jpg", "samples/CAM_FRONT_RIGHT/n015-2018-09-27-15-33-17+0800__CAM_FRONT_RIGHT__1538033874170339.jpg", "samples/CAM_BACK_LEFT/n015-2018-09-27-15-33-17+0800__CAM_BACK_LEFT__1538033874197423.jpg", "samples/CAM_BACK/n015-2018-09-27-15-33-17+0800__CAM_BACK__1538033874187525.jpg", "samples/CAM_BACK_RIGHT/n015-2018-09-27-15-33-17+0800__CAM_BACK_RIGHT__1538033874177893.jpg"], "intrinsics": [[[1272.5979470598488, 0.0, 826.6154927353808], [0.0, 1272.5979470598488, 479.75165386361925], [0.0, 0.0, 1.0]], [[1266.417203046554, 0.0, 816.2670197447984], [0.0, 1266.417203046554, 491.50706579294757], [0.0, 0.0, 1.0]], [[1260.8474446004698, 0.0, 807.968244525554], [0.0, 1260.8474446004698, 495.3344268742088], [0.0, 0.0, 1.0]], [[1256.7414812095406, 0.0, 792.1125740759628], [0.0, 1256.7414812095406, 492.7757465151356], [0.0, 0.0, 1.0]], [[809.2209905677063, 0.0, 829.2196003259838], [0.0, 809.2209905677063, 481.77842384512485], [0.0, 0.0, 1.0]], [[1259.5137405846733, 0.0, 807.2529053838625], [0.0, 1259.5137405846733, 501.19579884916527], [0.0, 0.0, 1.0]]], "extrinsics": [[[0.8209323287010193, -0.5709737539291382, -0.007679637987166643, -0.681640625], [-0.001933432649821043, 0.010669438168406487, -0.9999411702156067, 1.507554054260254], [0.571022093296051, 0.8208989500999451, 0.0076549481600522995, -1.0869140625], [0.0, 0.0, 0.0, 1.0]], [[0.005910273175686598, -0.9999608993530273, -0.006571986712515354, 0.009033203125], [-0.007721676956862211, 0.006526268552988768, -0.9999489188194275, 1.5183525085449219], [0.9999526739120483, 0.005960708949714899, -0.007682803086936474, -1.411865234375], [0.0, 0.0, 0.0, 1.0]], [[-0.832876980304718, -0.5533503890037537, -0.010917594656348228, 0.85302734375], [-0.0025950982235372066, 0.023630429059267044, -0.9997173547744751, 1.5030479431152344], [0.5534519553184509, -0.8326132297515869, -0.02111724019050598, -1.1275663375854492], [0.0, 0.0, 0.0, 1.0]], [[0.947767436504364, 0.31895536184310913, 0.0020348571706563234, -1.146484375], [0.004527607001364231, -0.007074136286973953, -0.999964714050293, 1.5885365009307861], [-0.31892964243888855, 0.9477433562278748, -0.008148741908371449, -0.10235595703125], [0.0, 0.0, 0.0, 1.0]], [[0.002391095971688628, 0.9999926686286926, 0.002993893576785922, 0.00244140625], [-0.02038174867630005, 0.00304201478138566, -0.9997876286506653, 1.5778007507324219], [-0.9997893571853638, 0.0023295830469578505, 0.020388873293995857, -0.07421875], [0.0, 0.0, 0.0, 1.0]], [[-0.9348199367523193, 0.35508063435554504, -0.005415578372776508, 0.9912109375], [0.012819433584809303, 0.018501874059438705, -0.9997466802597046, 1.5534095764160156], [-0.35489046573638916, -0.93465256690979, -0.021847855299711227, -0.11767578125], [0.0, 0.0, 0.0, 1.0]]], "view": [[0.0, -2.0, 100.0], [-2.0, 0.0, 100.0], [0.0, 0.0, 1.0]], "bev": "bev_daba052d84dc48c2aa9014cc7515c960.png", "aux": "aux_daba052d84dc48c2aa9014cc7515c960.npz", "visibility": "visibility_daba052d84dc48c2aa9014cc7515c960.png", "pose": [[0.9298648834228516, -0.36790114641189575, 0.0, 1748.6873779296875], [0.36790114641189575, 0.9298648834228516, 0.0, 2536.906005859375], [0.0, 0.0, 1.0, 0.0], [0.0, 0.0, 0.0, 1.0]], "pose_inverse": [[0.9298648834228516, 0.36790114641189575, 0.0, -2559.373779296875], [-0.36790114641189575, 0.9298648834228516, 0.0, -1715.6357421875], [0.0, 0.0, 1.0, 0.0], [0.0, 0.0, 0.0, 1.0]], "cam_ids": [0, 1, 2, 3, 4, 5], "cam_channels": ["CAM_FRONT_LEFT", "CAM_FRONT", "CAM_FRONT_RIGHT", "CAM_BACK_LEFT", "CAM_BACK", "CAM_BACK_RIGHT"], "token": "daba052d84dc48c2aa9014cc7515c960", "scene": "scene-0411"}, {"images": ["samples/CAM_FRONT_LEFT/n015-2018-09-27-15-33-17+0800__CAM_FRONT_LEFT__1538033874654844.jpg", "samples/CAM_FRONT/n015-2018-09-27-15-33-17+0800__CAM_FRONT__1538033874662460.jpg", "samples/CAM_FRONT_RIGHT/n015-2018-09-27-15-33-17+0800__CAM_FRONT_RIGHT__1538033874670339.jpg", "samples/CAM_BACK_LEFT/n015-2018-09-27-15-33-17+0800__CAM_BACK_LEFT__1538033874697423.jpg", "samples/CAM_BACK/n015-2018-09-27-15-33-17+0800__CAM_BACK__1538033874687525.jpg", "samples/CAM_BACK_RIGHT/n015-2018-09-27-15-33-17+0800__CAM_BACK_RIGHT__1538033874677893.jpg"], "intrinsics": [[[1272.5979470598488, 0.0, 826.6154927353808], [0.0, 1272.5979470598488, 479.75165386361925], [0.0, 0.0, 1.0]], [[1266.417203046554, 0.0, 816.2670197447984], [0.0, 1266.417203046554, 491.50706579294757], [0.0, 0.0, 1.0]], [[1260.8474446004698, 0.0, 807.968244525554], [0.0, 1260.8474446004698, 495.3344268742088], [0.0, 0.0, 1.0]], [[1256.7414812095406, 0.0, 792.1125740759628], [0.0, 1256.7414812095406, 492.7757465151356], [0.0, 0.0, 1.0]], [[809.2209905677063, 0.0, 829.2196003259838], [0.0, 809.2209905677063, 481.77842384512485], [0.0, 0.0, 1.0]], [[1259.5137405846733, 0.0, 807.2529053838625], [0.0, 1259.5137405846733, 501.19579884916527], [0.0, 0.0, 1.0]]], "extrinsics": [[[0.8208346962928772, -0.5711155533790588, -0.007574605289846659, -0.66943359375], [-0.005028703715652227, 0.0060349213890731335, -0.9999691247940063, 1.5064313411712646], [0.571143627166748, 0.8208474516868591, 0.0020817022304981947, -1.077392578125], [0.0, 0.0, 0.0, 1.0]], [[0.005860354285687208, -0.9999809265136719, -0.0019305461319163442, 0.008544921875], [-0.01117473840713501, 0.0018649703124538064, -0.9999358057975769, 1.5172271728515625], [0.9999203085899353, 0.005881556309759617, -0.01116359606385231, -1.39697265625], [0.0, 0.0, 0.0, 1.0]], [[-0.8328736424446106, -0.553439199924469, -0.0051457942463457584, 0.841552734375], [-0.006427965126931667, 0.018969466909766197, -0.999799370765686, 1.502140998840332], [0.5534257292747498, -0.8326734900474548, -0.019356656819581985, -1.120478630065918], [0.0, 0.0, 0.0, 1.0]], [[0.9477600455284119, 0.3189546763896942, -0.00434349337592721, -1.142578125], [-0.0005930810002610087, -0.011854630894958973, -0.9999295473098755, 1.5885562896728516], [-0.31898364424705505, 0.9476958513259888, -0.011046179570257664, -0.1033935546875], [0.0, 0.0, 0.0, 1.0]], [[0.0022973499726504087, 0.9999959468841553, -0.0016965337563306093, 0.0025634765625], [-0.02503890171647072, -0.0016384837217628956, -0.9996851682662964, 1.5772552490234375], [-0.9996837377548218, 0.0023390925489366055, 0.025035036727786064, -0.08251953125], [0.0, 0.0, 0.0, 1.0]], [[-0.9348927140235901, 0.3549162447452545, -0.0031477154698222876, 0.980224609375], [0.008625456131994724, 0.013852783478796482, -0.9998669028282166, 1.5528755187988281], [-0.3548254072666168, -0.9347954988479614, -0.01601218432188034, -0.121826171875], [0.0, 0.0, 0.0, 1.0]]], "view": [[0.0, -2.0, 100.0], [-2.0, 0.0, 100.0], [0.0, 0.0, 1.0]], "bev": "bev_49beb7e621e84f7ca6480fbab9680ae8.png", "aux": "aux_49beb7e621e84f7ca6480fbab9680ae8.npz", "visibility": "visibility_49beb7e621e84f7ca6480fbab9680ae8.png", "pose": [[0.9301638007164001, -0.36714473366737366, 0.0, 1752.55615234375], [0.36714473366737366, 0.9301638007164001, 0.0, 2538.409423828125], [0.0, 0.0, 1.0, 0.0], [0.0, 0.0, 0.0, 1.0]], "pose_inverse": [[0.9301638007164001, 0.36714473366737366, 0.0, -2562.1279296875], [-0.36714473366737366, 0.9301638007164001, 0.0, -1717.69482421875], [0.0, 0.0, 1.0, 0.0], [0.0, 0.0, 0.0, 1.0]], "cam_ids": [0, 1, 2, 3, 4, 5], "cam_channels": ["CAM_FRONT_LEFT", "CAM_FRONT", "CAM_FRONT_RIGHT", "CAM_BACK_LEFT", "CAM_BACK", "CAM_BACK_RIGHT"], "token": "49beb7e621e84f7ca6480fbab9680ae8", "scene": "scene-0411"}, {"images": ["samples/CAM_FRONT_LEFT/n015-2018-09-27-15-33-17+0800__CAM_FRONT_LEFT__1538033875154844.jpg", "samples/CAM_FRONT/n015-2018-09-27-15-33-17+0800__CAM_FRONT__1538033875162460.jpg", "samples/CAM_FRONT_RIGHT/n015-2018-09-27-15-33-17+0800__CAM_FRONT_RIGHT__1538033875170339.jpg", "samples/CAM_BACK_LEFT/n015-2018-09-27-15-33-17+0800__CAM_BACK_LEFT__1538033875197423.jpg", "samples/CAM_BACK/n015-2018-09-27-15-33-17+0800__CAM_BACK__1538033875187525.jpg", "samples/CAM_BACK_RIGHT/n015-2018-09-27-15-33-17+0800__CAM_BACK_RIGHT__1538033875177893.jpg"], "intrinsics": [[[1272.5979470598488, 0.0, 826.6154927353808], [0.0, 1272.5979470598488, 479.75165386361925], [0.0, 0.0, 1.0]], [[1266.417203046554, 0.0, 816.2670197447984], [0.0, 1266.417203046554, 491.50706579294757], [0.0, 0.0, 1.0]], [[1260.8474446004698, 0.0, 807.968244525554], [0.0, 1260.8474446004698, 495.3344268742088], [0.0, 0.0, 1.0]], [[1256.7414812095406, 0.0, 792.1125740759628], [0.0, 1256.7414812095406, 492.7757465151356], [0.0, 0.0, 1.0]], [[809.2209905677063, 0.0, 829.2196003259838], [0.0, 809.2209905677063, 481.77842384512485], [0.0, 0.0, 1.0]], [[1259.5137405846733, 0.0, 807.2529053838625], [0.0, 1259.5137405846733, 501.19579884916527], [0.0, 0.0, 1.0]]], "extrinsics": [[[0.8209201097488403, -0.5710417032241821, -0.0012235052417963743, -0.6622314453125], [-0.016992399469017982, -0.022286251187324524, -0.9996072053909302, 1.5020751953125], [0.5707901120185852, 0.8206185102462769, -0.027998600155115128, -1.072998046875], [0.0, 0.0, 0.0, 1.0]], [[0.006250452715903521, -0.999624490737915, 0.026679467409849167, 0.00927734375], [-0.022087860852479935, -0.026811495423316956, -0.9993965029716492, 1.513916015625], [0.999736487865448, 0.005657378118485212, -0.022247150540351868, -1.389892578125], [0.0, 0.0, 0.0, 1.0]], [[-0.8326514959335327, -0.5534669756889343, 0.019124485552310944, 0.8369140625], [-0.016333356499671936, -0.009975280612707138, -0.9998168349266052, 1.4998092651367188], [0.5535563230514526, -0.8328113555908203, -0.0007340413285419345, -1.116661787033081], [0.0, 0.0, 0.0, 1.0]], [[0.9476550817489624, 0.31866222620010376, -0.020103665068745613, -1.143798828125], [-0.007353091146796942, -0.041165485978126526, -0.9991252422332764, 1.5885696411132812], [-0.31921106576919556, 0.946973979473114, -0.03666752949357033, -0.10308837890625], [0.0, 0.0, 0.0, 1.0]], [[0.001974673941731453, 0.9995207786560059, -0.030893424525856972, 0.002197265625], [-0.032965101301670074, -0.030811630189418793, -0.9989814758300781, 1.5765533447265625], [-0.9994545578956604, 0.0029910460580140352, 0.03288845717906952, -0.08447265625], [0.0, 0.0, 0.0, 1.0]], [[-0.9350348114967346, 0.3545199930667877, -0.005038775969296694, 0.9749755859375], [-0.0003863179008476436, -0.015230206772685051, -0.9998839497566223, 1.5514049530029297], [-0.35455554723739624, -0.9349243640899658, 0.014377732761204243, -0.123046875], [0.0, 0.0, 0.0, 1.0]]], "view": [[0.0, -2.0, 100.0], [-2.0, 0.0, 100.0], [0.0, 0.0, 1.0]], "bev": "bev_ed4a0506701d425895036b12b5801a14.png", "aux": "aux_ed4a0506701d425895036b12b5801a14.npz", "visibility": "visibility_ed4a0506701d425895036b12b5801a14.png", "pose": [[0.9290485978126526, -0.36995771527290344, 0.0, 1756.55859375], [0.36995771527290344, 0.9290485978126526, 0.0, 2539.966064453125], [0.0, 0.0, 1.0, 0.0], [0.0, 0.0, 0.0, 1.0]], "pose_inverse": [[0.9290485978126526, 0.36995771527290344, 0.0, -2571.6083984375], [-0.36995771527290344, 0.9290485978126526, 0.0, -1709.8995361328125], [0.0, 0.0, 1.0, 0.0], [0.0, 0.0, 0.0, 1.0]], "cam_ids": [0, 1, 2, 3, 4, 5], "cam_channels": ["CAM_FRONT_LEFT", "CAM_FRONT", "CAM_FRONT_RIGHT", "CAM_BACK_LEFT", "CAM_BACK", "CAM_BACK_RIGHT"], "token": "ed4a0506701d425895036b12b5801a14", "scene": "scene-0411"}, {"images": ["samples/CAM_FRONT_LEFT/n015-2018-09-27-15-33-17+0800__CAM_FRONT_LEFT__1538033875654844.jpg", "samples/CAM_FRONT/n015-2018-09-27-15-33-17+0800__CAM_FRONT__1538033875662460.jpg", "samples/CAM_FRONT_RIGHT/n015-2018-09-27-15-33-17+0800__CAM_FRONT_RIGHT__1538033875670339.jpg", "samples/CAM_BACK_LEFT/n015-2018-09-27-15-33-17+0800__CAM_BACK_LEFT__1538033875697423.jpg", "samples/CAM_BACK/n015-2018-09-27-15-33-17+0800__CAM_BACK__1538033875687525.jpg", "samples/CAM_BACK_RIGHT/n015-2018-09-27-15-33-17+0800__CAM_BACK_RIGHT__1538033875677893.jpg"], "intrinsics": [[[1272.5979470598488, 0.0, 826.6154927353808], [0.0, 1272.5979470598488, 479.75165386361925], [0.0, 0.0, 1.0]], [[1266.417203046554, 0.0, 816.2670197447984], [0.0, 1266.417203046554, 491.50706579294757], [0.0, 0.0, 1.0]], [[1260.8474446004698, 0.0, 807.968244525554], [0.0, 1260.8474446004698, 495.3344268742088], [0.0, 0.0, 1.0]], [[1256.7414812095406, 0.0, 792.1125740759628], [0.0, 1256.7414812095406, 492.7757465151356], [0.0, 0.0, 1.0]], [[809.2209905677063, 0.0, 829.2196003259838], [0.0, 809.2209905677063, 481.77842384512485], [0.0, 0.0, 1.0]], [[1259.5137405846733, 0.0, 807.2529053838625], [0.0, 1259.5137405846733, 501.19579884916527], [0.0, 0.0, 1.0]]], "extrinsics": [[[0.8205813765525818, -0.571500837802887, 0.0057402062229812145, -0.6446533203125], [-0.006637662183493376, -0.019572537392377853, -0.999786376953125, 1.5057029724121094], [0.5714911222457886, 0.8203679919242859, -0.019854290410876274, -1.059326171875], [0.0, 0.0, 0.0, 1.0]], [[0.005508256144821644, -0.9996979832649231, 0.023949529975652695, 0.00830078125], [-0.012067180126905441, -0.024014601483941078, -0.9996387958526611, 1.5167083740234375], [0.9999119639396667, 0.005217225290834904, -0.012195813469588757, -1.37255859375], [0.0, 0.0, 0.0, 1.0]], [[-0.833034098148346, -0.5531401634216309, 0.009490487165749073, 0.826416015625], [-0.006599241867661476, -0.007218129467219114, -0.9999521374702454, 1.5020160675048828], [0.5531823039054871, -0.8330569267272949, 0.0023626449983567, -1.1103978157043457], [0.0, 0.0, 0.0, 1.0]], [[0.9478615522384644, 0.3184906542301178, -0.011049117892980576, -1.138671875], [0.001461667357943952, -0.0390157513320446, -0.9992374777793884, 1.5885238647460938], [-0.3186788558959961, 0.9471227526664734, -0.03744705766439438, -0.10382080078125], [0.0, 0.0, 0.0, 1.0]], [[0.002558112842962146, 0.9995890855789185, -0.02855265885591507, 0.003173828125], [-0.023744769394397736, -0.028483984991908073, -0.999312162399292, 1.5771560668945312], [-0.9997147917747498, 0.00323430891148746, 0.023662144318223, -0.090576171875], [0.0, 0.0, 0.0, 1.0]], [[-0.9348101019859314, 0.35490959882736206, -0.013004712760448456, 0.9681396484375], [0.009111889638006687, -0.012637718580663204, -0.9998786449432373, 1.553098440170288], [-0.35503089427948, -0.9348152279853821, 0.008579970337450504, -0.12646484375], [0.0, 0.0, 0.0, 1.0]]], "view": [[0.0, -2.0, 100.0], [-2.0, 0.0, 100.0], [0.0, 0.0, 1.0]], "bev": "bev_8fe4cfb99d494435aa057581e12e718f.png", "aux": "aux_8fe4cfb99d494435aa057581e12e718f.npz", "visibility": "visibility_8fe4cfb99d494435aa057581e12e718f.png", "pose": [[0.9292001724243164, -0.3695768117904663, 0.0, 1760.7322998046875], [0.3695768117904663, 0.9292001724243164, 0.0, 2541.58544921875], [0.0, 0.0, 1.0, 0.0], [0.0, 0.0, 0.0, 1.0]], "pose_inverse": [[0.9292001724243164, 0.3695768117904663, 0.0, -2575.3837890625], [-0.3695768117904663, 0.9292001724243164, 0.0, -1710.915771484375], [0.0, 0.0, 1.0, 0.0], [0.0, 0.0, 0.0, 1.0]], "cam_ids": [0, 1, 2, 3, 4, 5], "cam_channels": ["CAM_FRONT_LEFT", "CAM_FRONT", "CAM_FRONT_RIGHT", "CAM_BACK_LEFT", "CAM_BACK", "CAM_BACK_RIGHT"], "token": "8fe4cfb99d494435aa057581e12e718f", "scene": "scene-0411"}, {"images": ["samples/CAM_FRONT_LEFT/n015-2018-09-27-15-33-17+0800__CAM_FRONT_LEFT__1538033876154844.jpg", "samples/CAM_FRONT/n015-2018-09-27-15-33-17+0800__CAM_FRONT__1538033876162460.jpg", "samples/CAM_FRONT_RIGHT/n015-2018-09-27-15-33-17+0800__CAM_FRONT_RIGHT__1538033876170339.jpg", "samples/CAM_BACK_LEFT/n015-2018-09-27-15-33-17+0800__CAM_BACK_LEFT__1538033876197423.jpg", "samples/CAM_BACK/n015-2018-09-27-15-33-17+0800__CAM_BACK__1538033876187528.jpg", "samples/CAM_BACK_RIGHT/n015-2018-09-27-15-33-17+0800__CAM_BACK_RIGHT__1538033876177893.jpg"], "intrinsics": [[[1272.5979470598488, 0.0, 826.6154927353808], [0.0, 1272.5979470598488, 479.75165386361925], [0.0, 0.0, 1.0]], [[1266.417203046554, 0.0, 816.2670197447984], [0.0, 1266.417203046554, 491.50706579294757], [0.0, 0.0, 1.0]], [[1260.8474446004698, 0.0, 807.968244525554], [0.0, 1260.8474446004698, 495.3344268742088], [0.0, 0.0, 1.0]], [[1256.7414812095406, 0.0, 792.1125740759628], [0.0, 1256.7414812095406, 492.7757465151356], [0.0, 0.0, 1.0]], [[809.2209905677063, 0.0, 829.2196003259838], [0.0, 809.2209905677063, 481.77842384512485], [0.0, 0.0, 1.0]], [[1259.5137405846733, 0.0, 807.2529053838625], [0.0, 1259.5137405846733, 501.19579884916527], [0.0, 0.0, 1.0]]], "extrinsics": [[[0.8207525014877319, -0.5711703300476074, 0.011391878128051758, -0.6424560546875], [-0.007049648091197014, -0.030065398663282394, -0.9995230436325073, 1.5055618286132812], [0.5712403655052185, 0.8202808499336243, -0.02870280109345913, -1.05859375], [0.0, 0.0, 0.0, 1.0]], [[0.0058207749389112, -0.9994116425514221, 0.03379940614104271, 0.0089111328125], [-0.011678059585392475, -0.033865612000226974, -0.9993581771850586, 1.516845703125], [0.9999148845672607, 0.005422297399491072, -0.011868313886225224, -1.37109375], [0.0, 0.0, 0.0, 1.0]], [[-0.8328431248664856, -0.5533455014228821, 0.013456558808684349, 0.82568359375], [-0.005276721902191639, -0.0163729265332222, -0.9998520016670227, 1.502349853515625], [0.5534839630126953, -0.8327909111976624, 0.010716230608522892, -1.1093826293945312], [0.0, 0.0, 0.0, 1.0]], [[0.94770747423172, 0.3190274238586426, -0.008487147279083729, -1.141357421875], [0.006466386374086142, -0.0457838736474514, -0.9989304542541504, 1.5885658264160156], [-0.3190747797489166, 0.9466390013694763, -0.045452672988176346, -0.1038818359375], [0.0, 0.0, 0.0, 1.0]], [[0.002154072979465127, 0.9993453025817871, -0.03611656650900841, 0.002197265625], [-0.020141052082180977, -0.0360659696161747, -0.9991464614868164, 1.5775375366210938], [-0.9997948408126831, 0.0028796722181141376, 0.020050175487995148, -0.08935546875], [0.0, 0.0, 0.0, 1.0]], [[-0.9349229335784912, 0.35438573360443115, -0.018163518980145454, 0.9676513671875], [0.01142826210707426, -0.021089307963848114, -0.9997122883796692, 1.5535216331481934], [-0.3546668291091919, -0.9348614811897278, 0.015666864812374115, -0.12646484375], [0.0, 0.0, 0.0, 1.0]]], "view": [[0.0, -2.0, 100.0], [-2.0, 0.0, 100.0], [0.0, 0.0, 1.0]], "bev": "bev_888994b5a4744079abeb626113319bd9.png", "aux": "aux_888994b5a4744079abeb626113319bd9.npz", "visibility": "visibility_888994b5a4744079abeb626113319bd9.png", "pose": [[0.9281149506568909, -0.37229377031326294, 0.0, 1764.9549560546875], [0.37229377031326294, 0.9281149506568909, 0.0, 2543.236328125], [0.0, 0.0, 1.0, 0.0], [0.0, 0.0, 0.0, 1.0]], "pose_inverse": [[0.9281149506568909, 0.37229377031326294, 0.0, -2584.912109375], [-0.37229377031326294, 0.9281149506568909, 0.0, -1703.3338623046875], [0.0, 0.0, 1.0, 0.0], [0.0, 0.0, 0.0, 1.0]], "cam_ids": [0, 1, 2, 3, 4, 5], "cam_channels": ["CAM_FRONT_LEFT", "CAM_FRONT", "CAM_FRONT_RIGHT", "CAM_BACK_LEFT", "CAM_BACK", "CAM_BACK_RIGHT"], "token": "888994b5a4744079abeb626113319bd9", "scene": "scene-0411"}, {"images": ["samples/CAM_FRONT_LEFT/n015-2018-09-27-15-33-17+0800__CAM_FRONT_LEFT__1538033876654844.jpg", "samples/CAM_FRONT/n015-2018-09-27-15-33-17+0800__CAM_FRONT__1538033876662460.jpg", "samples/CAM_FRONT_RIGHT/n015-2018-09-27-15-33-17+0800__CAM_FRONT_RIGHT__1538033876670339.jpg", "samples/CAM_BACK_LEFT/n015-2018-09-27-15-33-17+0800__CAM_BACK_LEFT__1538033876697423.jpg", "samples/CAM_BACK/n015-2018-09-27-15-33-17+0800__CAM_BACK__1538033876687525.jpg", "samples/CAM_BACK_RIGHT/n015-2018-09-27-15-33-17+0800__CAM_BACK_RIGHT__1538033876677893.jpg"], "intrinsics": [[[1272.5979470598488, 0.0, 826.6154927353808], [0.0, 1272.5979470598488, 479.75165386361925], [0.0, 0.0, 1.0]], [[1266.417203046554, 0.0, 816.2670197447984], [0.0, 1266.417203046554, 491.50706579294757], [0.0, 0.0, 1.0]], [[1260.8474446004698, 0.0, 807.968244525554], [0.0, 1260.8474446004698, 495.3344268742088], [0.0, 0.0, 1.0]], [[1256.7414812095406, 0.0, 792.1125740759628], [0.0, 1256.7414812095406, 492.7757465151356], [0.0, 0.0, 1.0]], [[809.2209905677063, 0.0, 829.2196003259838], [0.0, 809.2209905677063, 481.77842384512485], [0.0, 0.0, 1.0]], [[1259.5137405846733, 0.0, 807.2529053838625], [0.0, 1259.5137405846733, 501.19579884916527], [0.0, 0.0, 1.0]]], "extrinsics": [[[0.8206576704978943, -0.5712732672691345, 0.012956705875694752, -0.6458740234375], [0.0111374007537961, -0.006679151672869921, -0.9999156594276428, 1.5125751495361328], [0.5713115334510803, 0.8207327723503113, 0.0008812015294097364, -1.060302734375], [0.0, 0.0, 0.0, 1.0]], [[0.005585206672549248, -0.9999319911003113, 0.01023635733872652, 0.008056640625], [0.005764602683484554, -0.010204151272773743, -0.9999313354492188, 1.5223824977874756], [0.9999678134918213, 0.005643830168992281, 0.005707216914743185, -1.37353515625], [0.0, 0.0, 0.0, 1.0]], [[-0.8328052163124084, -0.5533994436264038, -0.013582799583673477, 0.82666015625], [0.01130574569106102, 0.007528129033744335, -0.9999076724052429, 1.506439208984375], [0.5534506440162659, -0.8328819870948792, -1.2870093087258283e-05, -1.111114501953125], [0.0, 0.0, 0.0, 1.0]], [[0.9476692080497742, 0.31903451681137085, 0.011836838908493519, -1.1376953125], [0.019651278853416443, -0.02128622867166996, -0.9995802640914917, 1.5886459350585938], [-0.3186486065387726, 0.9475040435791016, -0.02644173800945282, -0.1051025390625], [0.0, 0.0, 0.0, 1.0]], [[0.002487524412572384, 0.9999275207519531, -0.01178607065230608, 0.0032958984375], [-0.00563711766153574, -0.011771898716688156, -0.999914824962616, 1.578826904296875], [-0.9999810457229614, 0.0025537118781358004, 0.005607424303889275, -0.09130859375], [0.0, 0.0, 0.0, 1.0]], [[-0.934586226940155, 0.35490724444389343, -0.02427845448255539, 0.968505859375], [0.027103889733552933, 0.002990908920764923, -0.9996281266212463, 1.5563125610351562], [-0.3547026813030243, -0.9348967671394348, -0.012414629571139812, -0.126953125], [0.0, 0.0, 0.0, 1.0]]], "view": [[0.0, -2.0, 100.0], [-2.0, 0.0, 100.0], [0.0, 0.0, 1.0]], "bev": "bev_d5b427d1313d4d199dd1d7f2d5d88f95.png", "aux": "aux_d5b427d1313d4d199dd1d7f2d5d88f95.npz", "visibility": "visibility_d5b427d1313d4d199dd1d7f2d5d88f95.png", "pose": [[0.9270491600036621, -0.37493985891342163, 0.0, 1769.2003173828125], [0.37493985891342163, 0.9270491600036621, 0.0, 2544.91064453125], [0.0, 0.0, 1.0, 0.0], [0.0, 0.0, 0.0, 1.0]], "pose_inverse": [[0.9270491600036621, 0.37493985891342163, 0.0, -2594.323974609375], [-0.37493985891342163, 0.9270491600036621, 0.0, -1695.9134521484375], [0.0, 0.0, 1.0, 0.0], [0.0, 0.0, 0.0, 1.0]], "cam_ids": [0, 1, 2, 3, 4, 5], "cam_channels": ["CAM_FRONT_LEFT", "CAM_FRONT", "CAM_FRONT_RIGHT", "CAM_BACK_LEFT", "CAM_BACK", "CAM_BACK_RIGHT"], "token": "d5b427d1313d4d199dd1d7f2d5d88f95", "scene": "scene-0411"}, {"images": ["samples/CAM_FRONT_LEFT/n015-2018-09-27-15-33-17+0800__CAM_FRONT_LEFT__1538033877154844.jpg", "samples/CAM_FRONT/n015-2018-09-27-15-33-17+0800__CAM_FRONT__1538033877162460.jpg", "samples/CAM_FRONT_RIGHT/n015-2018-09-27-15-33-17+0800__CAM_FRONT_RIGHT__1538033877170339.jpg", "samples/CAM_BACK_LEFT/n015-2018-09-27-15-33-17+0800__CAM_BACK_LEFT__1538033877197423.jpg", "samples/CAM_BACK/n015-2018-09-27-15-33-17+0800__CAM_BACK__1538033877187525.jpg", "samples/CAM_BACK_RIGHT/n015-2018-09-27-15-33-17+0800__CAM_BACK_RIGHT__1538033877177893.jpg"], "intrinsics": [[[1272.5979470598488, 0.0, 826.6154927353808], [0.0, 1272.5979470598488, 479.75165386361925], [0.0, 0.0, 1.0]], [[1266.417203046554, 0.0, 816.2670197447984], [0.0, 1266.417203046554, 491.50706579294757], [0.0, 0.0, 1.0]], [[1260.8474446004698, 0.0, 807.968244525554], [0.0, 1260.8474446004698, 495.3344268742088], [0.0, 0.0, 1.0]], [[1256.7414812095406, 0.0, 792.1125740759628], [0.0, 1256.7414812095406, 492.7757465151356], [0.0, 0.0, 1.0]], [[809.2209905677063, 0.0, 829.2196003259838], [0.0, 809.2209905677063, 481.77842384512485], [0.0, 0.0, 1.0]], [[1259.5137405846733, 0.0, 807.2529053838625], [0.0, 1259.5137405846733, 501.19579884916527], [0.0, 0.0, 1.0]]], "extrinsics": [[[0.8209608197212219, -0.5709844827651978, 0.00020413713355083019, -0.628662109375], [-0.0023009013384580612, -0.0036657473538070917, -0.9999906420707703, 1.5073156356811523], [0.5709798336029053, 0.8209526538848877, -0.004323213826864958, -1.048583984375], [0.0, 0.0, 0.0, 1.0]], [[0.00596612598747015, -0.9999522566795349, 0.00772454496473074, 0.008544921875], [-0.0073861368000507355, -0.007768537849187851, -0.9999425411224365, 1.5180625915527344], [0.9999548196792603, 0.005908694583922625, -0.007432133425027132, -1.355712890625], [0.0, 0.0, 0.0, 1.0]], [[-0.8328340649604797, -0.553508460521698, -0.0039565423503518105, 0.814453125], [-0.0014893562765792012, 0.00938874576240778, -0.9999548196792603, 1.5032415390014648], [0.5535206198692322, -0.8327906131744385, -0.008643639273941517, -1.1022224426269531], [0.0, 0.0, 0.0, 1.0]], [[0.947756826877594, 0.3189910650253296, 0.001258675823919475, -1.134033203125], [0.008427443914115429, -0.02109406143426895, -0.9997419118881226, 1.5886268615722656], [-0.3188822865486145, 0.9475229978561401, -0.022680319845676422, -0.10662841796875], [0.0, 0.0, 0.0, 1.0]], [[0.0023558910470455885, 0.9999353289604187, -0.01112343743443489, 0.00244140625], [-0.017514770850539207, -0.011080500669777393, -0.9997852444648743, 1.5775985717773438], [-0.9998437762260437, 0.0025502294301986694, 0.017487535253167152, -0.09912109375], [0.0, 0.0, 0.0, 1.0]], [[-0.9348276853561401, 0.3548913896083832, -0.012211503461003304, 0.9571533203125], [0.014700611121952534, 0.004318135790526867, -0.9998826384544373, 1.5542526245117188], [-0.35479700565338135, -0.9348974823951721, -0.009253837168216705, -0.13037109375], [0.0, 0.0, 0.0, 1.0]]], "view": [[0.0, -2.0, 100.0], [-2.0, 0.0, 100.0], [0.0, 0.0, 1.0]], "bev": "bev_edd1615940ad47dea39aab1204016d7a.png", "aux": "aux_edd1615940ad47dea39aab1204016d7a.npz", "visibility": "visibility_edd1615940ad47dea39aab1204016d7a.png", "pose": [[0.9270769953727722, -0.3748708963394165, 0.0, 1773.534423828125], [0.3748708963394165, 0.9270769953727722, 0.0, 2546.641357421875], [0.0, 0.0, 1.0, 0.0], [0.0, 0.0, 0.0, 1.0]], "pose_inverse": [[0.9270769953727722, 0.3748708963394165, 0.0, -2598.86474609375], [-0.3748708963394165, 0.9270769953727722, 0.0, -1696.0863037109375], [0.0, 0.0, 1.0, 0.0], [0.0, 0.0, 0.0, 1.0]], "cam_ids": [0, 1, 2, 3, 4, 5], "cam_channels": ["CAM_FRONT_LEFT", "CAM_FRONT", "CAM_FRONT_RIGHT", "CAM_BACK_LEFT", "CAM_BACK", "CAM_BACK_RIGHT"], "token": "edd1615940ad47dea39aab1204016d7a", "scene": "scene-0411"}, {"images": ["samples/CAM_FRONT_LEFT/n015-2018-09-27-15-33-17+0800__CAM_FRONT_LEFT__1538033877604844.jpg", "samples/CAM_FRONT/n015-2018-09-27-15-33-17+0800__CAM_FRONT__1538033877612460.jpg", "samples/CAM_FRONT_RIGHT/n015-2018-09-27-15-33-17+0800__CAM_FRONT_RIGHT__1538033877620339.jpg", "samples/CAM_BACK_LEFT/n015-2018-09-27-15-33-17+0800__CAM_BACK_LEFT__1538033877647423.jpg", "samples/CAM_BACK/n015-2018-09-27-15-33-17+0800__CAM_BACK__1538033877637537.jpg", "samples/CAM_BACK_RIGHT/n015-2018-09-27-15-33-17+0800__CAM_BACK_RIGHT__1538033877627893.jpg"], "intrinsics": [[[1272.5979470598488, 0.0, 826.6154927353808], [0.0, 1272.5979470598488, 479.75165386361925], [0.0, 0.0, 1.0]], [[1266.417203046554, 0.0, 816.2670197447984], [0.0, 1266.417203046554, 491.50706579294757], [0.0, 0.0, 1.0]], [[1260.8474446004698, 0.0, 807.968244525554], [0.0, 1260.8474446004698, 495.3344268742088], [0.0, 0.0, 1.0]], [[1256.7414812095406, 0.0, 792.1125740759628], [0.0, 1256.7414812095406, 492.7757465151356], [0.0, 0.0, 1.0]], [[809.2209905677063, 0.0, 829.2196003259838], [0.0, 809.2209905677063, 481.77842384512485], [0.0, 0.0, 1.0]], [[1259.5137405846733, 0.0, 807.2529053838625], [0.0, 1259.5137405846733, 501.19579884916527], [0.0, 0.0, 1.0]]], "extrinsics": [[[0.8208850026130676, -0.5710083246231079, 0.009860792197287083, -0.6287841796875], [0.018903151154518127, 0.009910127148032188, -0.9997721910476685, 1.5159149169921875], [0.5707805752754211, 0.8208844661712646, 0.018928930163383484, -1.05029296875], [0.0, 0.0, 0.0, 1.0]], [[0.0059942821972072124, -0.9999637603759766, -0.00603650975972414, 0.0096435546875], [0.013257645070552826, 0.006115558557212353, -0.9998934864997864, 1.5249748229980469], [0.9998941421508789, 0.005913643632084131, 0.013293823227286339, -1.3564453125], [0.0, 0.0, 0.0, 1.0]], [[-0.8324872255325317, -0.5533116459846497, -0.02848413586616516, 0.814697265625], [0.018512215465307236, 0.02360357716679573, -0.9995499849319458, 1.5084609985351562], [0.5537349581718445, -0.8326398134231567, -0.009406649507582188, -1.1017227172851562], [0.0, 0.0, 0.0, 1.0]], [[0.9475645422935486, 0.3187839686870575, 0.022318998351693153, -1.134521484375], [0.025592396035790443, -0.006083035375922918, -0.9996539354324341, 1.5887641906738281], [-0.3185378611087799, 0.9478078484535217, -0.013922516256570816, -0.10662841796875], [0.0, 0.0, 0.0, 1.0]], [[0.002410509390756488, 0.9999903440475464, 0.0036849589087069035, 0.0020751953125], [0.0008393260650336742, 0.003682945389300585, -0.9999929070472717, 1.5794358253479004], [-0.9999966621398926, 