[{"images": ["samples/CAM_FRONT_LEFT/n008-2018-08-30-15-16-55-0400__CAM_FRONT_LEFT__1535657435354799.jpg", "samples/CAM_FRONT/n008-2018-08-30-15-16-55-0400__CAM_FRONT__1535657435362404.jpg", "samples/CAM_FRONT_RIGHT/n008-2018-08-30-15-16-55-0400__CAM_FRONT_RIGHT__1535657435370482.jpg", "samples/CAM_BACK_LEFT/n008-2018-08-30-15-16-55-0400__CAM_BACK_LEFT__1535657435397405.jpg", "samples/CAM_BACK/n008-2018-08-30-15-16-55-0400__CAM_BACK__1535657435387558.jpg", "samples/CAM_BACK_RIGHT/n008-2018-08-30-15-16-55-0400__CAM_BACK_RIGHT__1535657435378113.jpg"], "intrinsics": [[[1257.8625342125129, 0.0, 827.2410631095686], [0.0, 1257.8625342125129, 450.915498205774], [0.0, 0.0, 1.0]], [[1252.8131021185304, 0.0, 826.588114781398], [0.0, 1252.8131021185304, 469.9846626224581], [0.0, 0.0, 1.0]], [[1256.7485116440405, 0.0, 817.7887570959712], [0.0, 1256.7485116440403, 451.9541780095127], [0.0, 0.0, 1.0]], [[1254.9860565800168, 0.0, 829.5769333630991], [0.0, 1254.9860565800168, 467.1680561863987], [0.0, 0.0, 1.0]], [[796.8910634503094, 0.0, 857.7774326863696], [0.0, 796.8910634503094, 476.8848988407415], [0.0, 0.0, 1.0]], [[1249.9629280788233, 0.0, 825.3768045375984], [0.0, 1249.9629280788233, 462.54816385708756], [0.0, 0.0, 1.0]]], "extrinsics": [[[0.8236737251281738, -0.5670204162597656, -0.007021124009042978, -0.692138671875], [0.00527122151106596, 0.020036989822983742, -0.999785304069519, 1.49021315574646], [0.567039430141449, 0.8234599828720093, 0.01949283294379711, -1.122314453125], [0.0, 0.0, 0.0, 1.0]], [[0.011921810917556286, -0.9998031854629517, -0.015856189653277397, 0.012054443359375], [0.007239995989948511, 0.015943210572004318, -0.9998466968536377, 1.482398509979248], [0.9999027252197266, 0.011805162765085697, 0.007428641896694899, -1.420166015625], [0.0, 0.0, 0.0, 1.0]], [[-0.8432802557945251, -0.5372119545936584, -0.016785308718681335, 0.8829345703125], [0.01526391226798296, 0.007280468475073576, -0.9998569488525391, 1.4968376159667969], [0.5372573733329773, -0.8434159755706787, 0.002060479251667857, -1.14251708984375], [0.0, 0.0, 0.0, 1.0]], [[0.9478256702423096, 0.3187800347805023, -0.002399235963821411, -1.118408203125], [-0.010101085528731346, 0.02250945195555687, -0.9996955990791321, 1.5617618560791016], [-0.3186289072036743, 0.947561502456665, 0.024555061012506485, -0.1649169921875], [0.0, 0.0, 0.0, 1.0]], [[0.00864665862172842, 0.9998513460159302, 0.0149166164919734, -0.02886962890625], [-0.008018269203603268, 0.014986020512878895, -0.9998555183410645, 1.5671815872192383], [-0.9999304413795471, 0.008525842800736427, 0.00814665574580431, -0.0634765625], [0.0, 0.0, 0.0, 1.0]], [[-0.9241209030151367, 0.38209980726242065, 0.0005839050863869488, 0.9888916015625], [-0.0038438932970166206, -0.007768493611365557, -0.9999623894691467, 1.5471134185791016], [-0.3820808529853821, -0.9240884184837341, 0.008647778071463108, -0.1129302978515625], [0.0, 0.0, 0.0, 1.0]]], "view": [[0.0, -2.0, 100.0], [-2.0, 0.0, 100.0], [0.0, 0.0, 1.0]], "bev": "bev_dcba622b589e42a0b996b3503da6438c.png", "aux": "aux_dcba622b589e42a0b996b3503da6438c.npz", "visibility": "visibility_dcba622b589e42a0b996b3503da6438c.png", "pose": [[0.6632608771324158, -0.7483882904052734, 0.0, 1010.742431640625], [0.7483882904052734, 0.6632608771324158, 0.0, 719.27099609375], [0.0, 0.0, 1.0, 0.0], [0.0, 0.0, 0.0, 1.0]], "pose_inverse": [[0.6632608771324158, 0.7483882904052734, 0.0, -1208.679931640625], [-0.7483882904052734, 0.6632608771324158, 0.0, 279.3634948730469], [0.0, 0.0, 1.0, 0.0], [0.0, 0.0, 0.0, 1.0]], "cam_ids": [0, 1, 2, 3, 4, 5], "cam_channels": ["CAM_FRONT_LEFT", "CAM_FRONT", "CAM_FRONT_RIGHT", "CAM_BACK_LEFT", "CAM_BACK", "CAM_BACK_RIGHT"], "token": "dcba622b589e42a0b996b3503da6438c", "scene": "scene-0767"}, {"images": ["samples/CAM_FRONT_LEFT/n008-2018-08-30-15-16-55-0400__CAM_FRONT_LEFT__1535657435854799.jpg", "samples/CAM_FRONT/n008-2018-08-30-15-16-55-0400__CAM_FRONT__1535657435862404.jpg", "samples/CAM_FRONT_RIGHT/n008-2018-08-30-15-16-55-0400__CAM_FRONT_RIGHT__1535657435870482.jpg", "samples/CAM_BACK_LEFT/n008-2018-08-30-15-16-55-0400__CAM_BACK_LEFT__1535657435897405.jpg", "samples/CAM_BACK/n008-2018-08-30-15-16-55-0400__CAM_BACK__1535657435887558.jpg", "samples/CAM_BACK_RIGHT/n008-2018-08-30-15-16-55-0400__CAM_BACK_RIGHT__1535657435878113.jpg"], "intrinsics": [[[1257.8625342125129, 0.0, 827.2410631095686], [0.0, 1257.8625342125129, 450.915498205774], [0.0, 0.0, 1.0]], [[1252.8131021185304, 0.0, 826.588114781398], [0.0, 1252.8131021185304, 469.9846626224581], [0.0, 0.0, 1.0]], [[1256.7485116440405, 0.0, 817.7887570959712], [0.0, 1256.7485116440403, 451.9541780095127], [0.0, 0.0, 1.0]], [[1254.9860565800168, 0.0, 829.5769333630991], [0.0, 1254.9860565800168, 467.1680561863987], [0.0, 0.0, 1.0]], [[796.8910634503094, 0.0, 857.7774326863696], [0.0, 796.8910634503094, 476.8848988407415], [0.0, 0.0, 1.0]], [[1249.9629280788233, 0.0, 825.3768045375984], [0.0, 1249.9629280788233, 462.54816385708756], [0.0, 0.0, 1.0]]], "extrinsics": [[[0.8231765031814575, -0.567752480506897, -0.006138036958873272, -0.7098388671875], [0.005242717918008566, 0.01841047964990139, -0.9998167753219604, 1.490136742591858], [0.5677614808082581, 0.8229934573173523, 0.018131639808416367, -1.13177490234375], [0.0, 0.0, 0.0, 1.0]], [[0.011116374284029007, -0.9998376965522766, -0.014176703058183193, 0.0101318359375], [0.007305044215172529, 0.014258402399718761, -0.9998716711997986, 1.4823122024536133], [0.9999115467071533, 0.011011378839612007, 0.007462360896170139, -1.43798828125], [0.0, 0.0, 0.0, 1.0]], [[-0.8436705470085144, -0.5366228222846985, -0.01599595695734024, 0.89532470703125], [0.015443295240402222, 0.005524835083633661, -0.9998654127120972, 1.496652603149414], [0.5366390347480774, -0.843804121017456, 0.0036260834895074368, -1.15185546875], [0.0, 0.0, 0.0, 1.0]], [[0.9478530883789062, 0.31869634985923767, -0.0026903213001787663, -1.1209716796875], [-0.00974215753376484, 0.020535241812467575, -0.9997416734695435, 1.5618057250976562], [-0.31855881214141846, 0.9476343989372253, 0.022569183260202408, -0.16387939453125], [0.0, 0.0, 0.0, 1.0]], [[0.008969826623797417, 0.999875545501709, 0.012984761968255043, -0.028533935546875], [-0.007712942082434893, 0.013054079376161098, -0.9998850226402283, 1.5672836303710938], [-0.9999300837516785, 0.008868640288710594, 0.007829074747860432, -0.0557861328125], [0.0, 0.0, 0.0, 1.0]], [[-0.9239069223403931, 0.3826172351837158, -0.000352542323525995, 1.00048828125], [-0.0035943372640758753, -0.009600606746971607, -0.9999474287033081, 1.5471982955932617], [-0.3826003968715668, -0.9238570928573608, 0.010245321318507195, -0.1090087890625], [0.0, 0.0, 0.0, 1.0]]], "view": [[0.0, -2.0, 100.0], [-2.0, 0.0, 100.0], [0.0, 0.0, 1.0]], "bev": "bev_f35331d1dbcf4132ab7a7c8ac9dfef90.png", "aux": "aux_f35331d1dbcf4132ab7a7c8ac9dfef90.npz", "visibility": "visibility_f35331d1dbcf4132ab7a7c8ac9dfef90.png", "pose": [[0.6728065013885498, -0.7398185133934021, 0.0, 1013.4607543945312], [0.7398185133934021, 0.6728065013885498, 0.0, 722.2630004882812], [0.0, 0.0, 1.0, 0.0], [0.0, 0.0, 0.0, 1.0]], "pose_inverse": [[0.6728065013885498, 0.7398185133934021, 0.0, -1216.20654296875], [-0.7398185133934021, 0.6728065013885498, 0.0, 263.83380126953125], [0.0, 0.0, 1.0, 0.0], [0.0, 0.0, 0.0, 1.0]], "cam_ids": [0, 1, 2, 3, 4, 5], "cam_channels": ["CAM_FRONT_LEFT", "CAM_FRONT", "CAM_FRONT_RIGHT", "CAM_BACK_LEFT", "CAM_BACK", "CAM_BACK_RIGHT"], "token": "f35331d1dbcf4132ab7a7c8ac9dfef90", "scene": "scene-0767"}, {"images": ["samples/CAM_FRONT_LEFT/n008-2018-08-30-15-16-55-0400__CAM_FRONT_LEFT__1535657436354799.jpg", "samples/CAM_FRONT/n008-2018-08-30-15-16-55-0400__CAM_FRONT__1535657436362404.jpg", "samples/CAM_FRONT_RIGHT/n008-2018-08-30-15-16-55-0400__CAM_FRONT_RIGHT__1535657436370482.jpg", "samples/CAM_BACK_LEFT/n008-2018-08-30-15-16-55-0400__CAM_BACK_LEFT__1535657436397405.jpg", "samples/CAM_BACK/n008-2018-08-30-15-16-55-0400__CAM_BACK__1535657436387558.jpg", "samples/CAM_BACK_RIGHT/n008-2018-08-30-15-16-55-0400__CAM_BACK_RIGHT__1535657436378113.jpg"], "intrinsics": [[[1257.8625342125129, 0.0, 827.2410631095686], [0.0, 1257.8625342125129, 450.915498205774], [0.0, 0.0, 1.0]], [[1252.8131021185304, 0.0, 826.588114781398], [0.0, 1252.8131021185304, 469.9846626224581], [0.0, 0.0, 1.0]], [[1256.7485116440405, 0.0, 817.7887570959712], [0.0, 1256.7485116440403, 451.9541780095127], [0.0, 0.0, 1.0]], [[1254.9860565800168, 0.0, 829.5769333630991], [0.0, 1254.9860565800168, 467.1680561863987], [0.0, 0.0, 1.0]], [[796.8910634503094, 0.0, 857.7774326863696], [0.0, 796.8910634503094, 476.8848988407415], [0.0, 0.0, 1.0]], [[1249.9629280788233, 0.0, 825.3768045375984], [0.0, 1249.9629280788233, 462.54816385708756], [0.0, 0.0, 1.0]]], "extrinsics": [[[0.8225058317184448, -0.5686579942703247, -0.01059678103774786, -0.7257080078125], [0.001735626719892025, 0.02114093117415905, -0.9997749924659729, 1.4888477325439453], [0.5687540769577026, 0.8223023414611816, 0.018375515937805176, -1.142181396484375], [0.0, 0.0, 0.0, 1.0]], [[0.010078184306621552, -0.9998059868812561, -0.016922108829021454, 0.00946044921875], [0.0035960969980806112, 0.016959097236394882, -0.9998497366905212, 1.4811562299728394], [0.9999427199363708, 0.010015813633799553, 0.0037663159891963005, -1.4532470703125], [0.0, 0.0, 0.0, 1.0]], [[-0.8441713452339172, -0.5358870029449463, -0.014135912992060184, 0.90423583984375], [0.011523590423166752, 0.008223021402955055, -0.9998998045921326, 1.4956159591674805], [0.5359495282173157, -0.8442496061325073, -0.0007662978023290634, -1.15826416015625], [0.0, 0.0, 0.0, 1.0]], [[0.9478657841682434, 0.3186154067516327, -0.0058993264101445675, -1.122802734375], [-0.014158984646201134, 0.023613814264535904, -0.9996209144592285, 1.5617237091064453], [-0.3183553218841553, 0.9475898742675781, 0.026893997564911842, -0.16339111328125], [0.0, 0.0, 0.0, 1.0]], [[0.009394961409270763, 0.9998304843902588, 0.0158376507461071, -0.0283203125], [-0.011855117976665497, 0.01594860665500164, -0.9998024702072144, 1.5669307708740234], [-0.9998855590820312, 0.009205389767885208, 0.012002944946289062, -0.0506591796875], [0.0, 0.0, 0.0, 1.0]], [[-0.9236564636230469, 0.38319605588912964, 0.00441567599773407, 1.008056640625], [-0.007607375271618366, -0.006814152933657169, -0.9999478459358215, 1.5465617179870605], [-0.38314589858055115, -0.9236418604850769, 0.00920905265957117, -0.1063385009765625], [0.0, 0.0, 0.0, 1.0]]], "view": [[0.0, -2.0, 100.0], [-2.0, 0.0, 100.0], [0.0, 0.0, 1.0]], "bev": "bev_6c64ed464c0d404bbd6c8a5c621f5dcf.png", "aux": "aux_6c64ed464c0d404bbd6c8a5c621f5dcf.npz", "visibility": "visibility_6c64ed464c0d404bbd6c8a5c621f5dcf.png", "pose": [[0.6777010560035706, -0.735337495803833, 0.0, 1016.0819702148438], [0.735337495803833, 0.6777010560035706, 0.0, 725.0966796875], [0.0, 0.0, 1.0, 0.0], [0.0, 0.0, 0.0, 1.0]], "pose_inverse": [[0.6777010560035706, 0.735337495803833, 0.0, -1221.7906494140625], [-0.735337495803833, 0.6777010560035706, 0.0, 255.764404296875], [0.0, 0.0, 1.0, 0.0], [0.0, 0.0, 0.0, 1.0]], "cam_ids": [0, 1, 2, 3, 4, 5], "cam_channels": ["CAM_FRONT_LEFT", "CAM_FRONT", "CAM_FRONT_RIGHT", "CAM_BACK_LEFT", "CAM_BACK", "CAM_BACK_RIGHT"], "token": "6c64ed464c0d404bbd6c8a5c621f5dcf", "scene": "scene-0767"}, {"images": ["samples/CAM_FRONT_LEFT/n008-2018-08-30-15-16-55-0400__CAM_FRONT_LEFT__1535657436854799.jpg", "samples/CAM_FRONT/n008-2018-08-30-15-16-55-0400__CAM_FRONT__1535657436862404.jpg", "samples/CAM_FRONT_RIGHT/n008-2018-08-30-15-16-55-0400__CAM_FRONT_RIGHT__1535657436870482.jpg", "samples/CAM_BACK_LEFT/n008-2018-08-30-15-16-55-0400__CAM_BACK_LEFT__1535657436897405.jpg", "samples/CAM_BACK/n008-2018-08-30-15-16-55-0400__CAM_BACK__1535657436887558.jpg", "samples/CAM_BACK_RIGHT/n008-2018-08-30-15-16-55-0400__CAM_BACK_RIGHT__1535657436878113.jpg"], "intrinsics": [[[1257.8625342125129, 0.0, 827.2410631095686], [0.0, 1257.8625342125129, 450.915498205774], [0.0, 0.0, 1.0]], [[1252.8131021185304, 0.0, 826.588114781398], [0.0, 1252.8131021185304, 469.9846626224581], [0.0, 0.0, 1.0]], [[1256.7485116440405, 0.0, 817.7887570959712], [0.0, 1256.7485116440403, 451.9541780095127], [0.0, 0.0, 1.0]], [[1254.9860565800168, 0.0, 829.5769333630991], [0.0, 1254.9860565800168, 467.1680561863987], [0.0, 0.0, 1.0]], [[796.8910634503094, 0.0, 857.7774326863696], [0.0, 796.8910634503094, 476.8848988407415], [0.0, 0.0, 1.0]], [[1249.9629280788233, 0.0, 825.3768045375984], [0.0, 1249.9629280788233, 462.54816385708756], [0.0, 0.0, 1.0]]], "extrinsics": [[[0.82235187292099, -0.5688227415084839, -0.013353162445127964, -0.7308349609375], [-0.00013228716852609068, 0.02327747829258442, -0.9997290372848511, 1.4881935119628906], [0.5689793825149536, 0.8221307396888733, 0.019067024812102318, -1.14678955078125], [0.0, 0.0, 0.0, 1.0]], [[0.009985172189772129, -0.9997718334197998, -0.018886592239141464, 0.010406494140625], [0.0020728514064103365, 0.018908189609646797, -0.9998190999031067, 1.4806921482086182], [0.9999480843544006, 0.00994426291435957, 0.002261181827634573, -1.458984375], [0.0, 0.0, 0.0, 1.0]], [[-0.8441267609596252, -0.5359563827514648, -0.014174806885421276, 0.909423828125], [0.010485917329788208, 0.009929700754582882, -0.9998956918716431, 1.495314598083496], [0.5360412001609802, -0.844187319278717, -0.002761931624263525, -1.1600341796875], [0.0, 0.0, 0.0, 1.0]], [[0.9478623867034912, 0.3186337351799011, -0.005443375091999769, -1.124267578125], [-0.013934212736785412, 0.02437433786690235, -0.9996057748794556, 1.561746597290039], [-0.3183754086494446, 0.9475644826889038, 0.02754342555999756, -0.1629638671875], [0.0, 0.0, 0.0, 1.0]], [[0.009335402399301529, 0.9998121857643127, 0.01698439195752144, -0.0288848876953125], [-0.01224606018513441, 0.017098167911171913, -0.9997788071632385, 1.5669193267822266], [-0.9998815059661865, 0.009125325828790665, 0.012403379194438457, -0.0477294921875], [0.0, 0.0, 0.0, 1.0]], [[-0.9236962199211121, 0.38308295607566833, 0.005731537472456694, 1.01171875], [-0.008423817344009876, -0.005350789055228233, -0.9999501705169678, 1.5464668273925781], [-0.3830331861972809, -0.9236984252929688, 0.008169524371623993, -0.1037139892578125], [0.0, 0.0, 0.0, 1.0]]], "view": [[0.0, -2.0, 100.0], [-2.0, 0.0, 100.0], [0.0, 0.0, 1.0]], "bev": "bev_4b5b7cbf8f1947ec89fb02db613735c4.png", "aux": "aux_4b5b7cbf8f1947ec89fb02db613735c4.npz", "visibility": "visibility_4b5b7cbf8f1947ec89fb02db613735c4.png", "pose": [[0.6790935397148132, -0.7340517640113831, 0.0, 1018.593994140625], [0.7340517640113831, 0.6790935397148132, 0.0, 727.775634765625], [0.0, 0.0, 1.0, 0.0], [0.0, 0.0, 0.0, 1.0]], "pose_inverse": [[0.6790935397148132, 0.7340517640113831, 0.0, -1225.945556640625], [-0.7340517640113831, 0.6790935397148132, 0.0, 253.4729766845703], [0.0, 0.0, 1.0, 0.0], [0.0, 0.0, 0.0, 1.0]], "cam_ids": [0, 1, 2, 3, 4, 5], "cam_channels": ["CAM_FRONT_LEFT", "CAM_FRONT", "CAM_FRONT_RIGHT", "CAM_BACK_LEFT", "CAM_BACK", "CAM_BACK_RIGHT"], "token": "4b5b7cbf8f1947ec89fb02db613735c4", "scene": "scene-0767"}, {"images": ["samples/CAM_FRONT_LEFT/n008-2018-08-30-15-16-55-0400__CAM_FRONT_LEFT__1535657437354799.jpg", "samples/CAM_FRONT/n008-2018-08-30-15-16-55-0400__CAM_FRONT__1535657437362404.jpg", "samples/CAM_FRONT_RIGHT/n008-2018-08-30-15-16-55-0400__CAM_FRONT_RIGHT__1535657437370482.jpg", "samples/CAM_BACK_LEFT/n008-2018-08-30-15-16-55-0400__CAM_BACK_LEFT__1535657437397405.jpg", "samples/CAM_BACK/n008-2018-08-30-15-16-55-0400__CAM_BACK__1535657437387558.jpg", "samples/CAM_BACK_RIGHT/n008-2018-08-30-15-16-55-0400__CAM_BACK_RIGHT__1535657437378113.jpg"], "intrinsics": [[[1257.8625342125129, 0.0, 827.2410631095686], [0.0, 1257.8625342125129, 450.915498205774], [0.0, 0.0, 1.0]], [[1252.8131021185304, 0.0, 826.588114781398], [0.0, 1252.8131021185304, 469.9846626224581], [0.0, 0.0, 1.0]], [[1256.7485116440405, 0.0, 817.7887570959712], [0.0, 1256.7485116440403, 451.9541780095127], [0.0, 0.0, 1.0]], [[1254.9860565800168, 0.0, 829.5769333630991], [0.0, 1254.9860565800168, 467.1680561863987], [0.0, 0.0, 1.0]], [[796.8910634503094, 0.0, 857.7774326863696], [0.0, 796.8910634503094, 476.8848988407415], [0.0, 0.0, 1.0]], [[1249.9629280788233, 0.0, 825.3768045375984], [0.0, 1249.9629280788233, 462.54816385708756], [0.0, 0.0, 1.0]]], "extrinsics": [[[0.821952223777771, -0.5693446397781372, -0.015531016513705254, -0.75244140625], [-0.0028338979464024305, 0.023180076852440834, -0.9997272491455078, 1.48736572265625], [0.5695493817329407, 0.8217720985412598, 0.017439449205994606, -1.16162109375], [0.0, 0.0, 0.0, 1.0]], [[0.009409415535628796, -0.9997745752334595, -0.019032469019293785, 0.010009765625], [-0.0010503348894417286, 0.01902342028915882, -0.9998185038566589, 1.4798545837402344], [0.9999551773071289, 0.009427785873413086, -0.0008710959809832275, -1.481689453125], [0.0, 0.0, 0.0, 1.0]], [[-0.8443843126296997, -0.5356200933456421, -0.011233838275074959, 0.9249267578125], [0.006772721651941538, 0.010294992476701736, -0.9999240040779114, 1.494389533996582], [0.5356950759887695, -0.8443963527679443, -0.0050653256475925446, -1.17022705078125], [0.0, 0.0, 0.0, 1.0]], [[0.9478299617767334, 0.31861865520477295, -0.010026747360825539, -1.1298828125], [-0.01905670575797558, 0.025236384943127632, -0.9994998574256897, 1.5617523193359375], [-0.3182062804698944, 0.9475469589233398, 0.029991623014211655, -0.1610107421875], [0.0, 0.0, 0.0, 1.0]], [[0.009577350690960884, 0.9997976422309875, 0.017690254375338554, -0.02886962890625], [-0.016816189512610435, 0.017849599942564964, -0.9996992349624634, 1.5666751861572266], [-0.9998127818107605, 0.009276940487325191, 0.01698373816907406, -0.037353515625], [0.0, 0.0, 0.0, 1.0]], [[-0.9235561490058899, 0.3833431005477905, 0.009591672569513321, 1.0257568359375], [-0.012381767854094505, -0.004811439197510481, -0.9999117255210876, 1.5460147857666016], [-0.3832632005214691, -0.9235935211181641, 0.009190099313855171, -0.0983734130859375], [0.0, 0.0, 0.0, 1.0]]], "view": [[0.0, -2.0, 100.0], [-2.0, 0.0, 100.0], [0.0, 0.0, 1.0]], "bev": "bev_d6a593f2d8d34eeab0808d2b11d1832f.png", "aux": "aux_d6a593f2d8d34eeab0808d2b11d1832f.npz", "visibility": "visibility_d6a593f2d8d34eeab0808d2b11d1832f.png", "pose": [[0.6761030554771423, -0.7368070483207703, 0.0, 1021.0225830078125], [0.7368070483207703, 0.6761030554771423, 0.0, 730.3639526367188], [0.0, 0.0, 1.0, 0.0], [0.0, 0.0, 0.0, 1.0]], "pose_inverse": [[0.6761030554771423, 0.7368070483207703, 0.0, -1228.453857421875], [-0.7368070483207703, 0.6761030554771423, 0.0, 258.4953308105469], [0.0, 0.0, 1.0, 0.0], [0.0, 0.0, 0.0, 1.0]], "cam_ids": [0, 1, 2, 3, 4, 5], "cam_channels": ["CAM_FRONT_LEFT", "CAM_FRONT", "CAM_FRONT_RIGHT", "CAM_BACK_LEFT", "CAM_BACK", "CAM_BACK_RIGHT"], "token": "d6a593f2d8d34eeab0808d2b11d1832f", "scene": "scene-0767"}, {"images": ["samples/CAM_FRONT_LEFT/n008-2018-08-30-15-16-55-0400__CAM_FRONT_LEFT__1535657437854799.jpg", "samples/CAM_FRONT/n008-2018-08-30-15-16-55-0400__CAM_FRONT__1535657437862404.jpg", "samples/CAM_FRONT_RIGHT/n008-2018-08-30-15-16-55-0400__CAM_FRONT_RIGHT__1535657437870482.jpg", "samples/CAM_BACK_LEFT/n008-2018-08-30-15-16-55-0400__CAM_BACK_LEFT__1535657437897405.jpg", "samples/CAM_BACK/n008-2018-08-30-15-16-55-0400__CAM_BACK__1535657437887558.jpg", "samples/CAM_BACK_RIGHT/n008-2018-08-30-15-16-55-0400__CAM_BACK_RIGHT__1535657437878113.jpg"], "intrinsics": [[[1257.8625342125129, 0.0, 827.2410631095686], [0.0, 1257.8625342125129, 450.915498205774], [0.0, 0.0, 1.0]], [[1252.8131021185304, 0.0, 826.588114781398], [0.0, 1252.8131021185304, 469.9846626224581], [0.0, 0.0, 1.0]], [[1256.7485116440405, 0.0, 817.7887570959712], [0.0, 1256.7485116440403, 451.9541780095127], [0.0, 0.0, 1.0]], [[1254.9860565800168, 0.0, 829.5769333630991], [0.0, 1254.9860565800168, 467.1680561863987], [0.0, 0.0, 1.0]], [[796.8910634503094, 0.0, 857.7774326863696], [0.0, 796.8910634503094, 476.8848988407415], [0.0, 0.0, 1.0]], [[1249.9629280788233, 0.0, 825.3768045375984], [0.0, 1249.9629280788233, 462.54816385708756], [0.0, 0.0, 1.0]]], "extrinsics": [[[0.8215718865394592, -0.569958508014679, -0.012921413406729698, -0.76171875], [-0.0014210785739123821, 0.0206175334751606, -0.999786376953125, 1.4878253936767578], [0.570103108882904, 0.8214148283004761, 0.01612882874906063, -1.16729736328125], [0.0, 0.0, 0.0, 1.0]], [[0.0089079849421978, -0.999825656414032, -0.016409050673246384, 0.009521484375], [0.0005650548846460879, 0.016414731740951538, -0.9998651146888733, 1.4802708625793457], [0.9999601244926453, 0.008897460997104645, 0.0007111773011274636, -1.490478515625], [0.0, 0.0, 0.0, 1.0]], [[-0.8445491194725037, -0.5353569388389587, -0.011388949118554592, 0.93048095703125], [0.008632909506559372, 0.007653349544852972, -0.9999334216117859, 1.4947047233581543], [0.5354084372520447, -0.8445912599563599, -0.0018419420812278986, -1.1741943359375], [0.0, 0.0, 0.0, 1.0]], [[0.947858989238739, 0.3185836374759674, -0.008233252912759781, -1.1312255859375], [-0.016349827870726585, 0.022811342030763626, -0.9996060729026794, 1.5618171691894531], [-0.31827041506767273, 0.9476202726364136, 0.026830721646547318, -0.1605224609375], [0.0, 0.0, 0.0, 1.0]], [[0.009662401862442493, 0.9998388886451721, 0.015126693062484264, -0.0286865234375], [-0.014309490099549294, 0.01526410412043333, -0.99978107213974, 1.566934585571289], [-0.9998509883880615, 0.009443807415664196, 0.014454673044383526, -0.033935546875], [0.0, 0.0, 0.0, 1.0]], [[-0.9234820008277893, 0.3835838735103607, 0.006665631663054228, 1.0303955078125], [-0.010302001610398293, -0.007426325231790543, -0.9999193549156189, 1.546372413635254], [-0.38350340723991394, -0.9234761595726013, 0.010809758678078651, -0.096588134765625], [0.0, 0.0, 0.0, 1.0]]], "view": [[0.0, -2.0, 100.0], [-2.0, 0.0, 100.0], [0.0, 0.0, 1.0]], "bev": "bev_0ce5a6320c554e30966a361771d4be6c.png", "aux": "aux_0ce5a6320c554e30966a361771d4be6c.npz", "visibility": "visibility_0ce5a6320c554e30966a361771d4be6c.png", "pose": [[0.6660637259483337, -0.7458948493003845, 0.0, 1023.3090209960938], [0.7458948493003845, 0.6660637259483337, 0.0, 732.8325805664062], [0.0, 0.0, 1.0, 0.0], [0.0, 0.0, 0.0, 1.0]], "pose_inverse": [[0.6660637259483337, 0.7458948493003845, 0.0, -1228.205078125], [-0.7458948493003845, 0.6660637259483337, 0.0, 275.1677551269531], [0.0, 0.0, 1.0, 0.0], [0.0, 0.0, 0.0, 1.0]], "cam_ids": [0, 1, 2, 3, 4, 5], "cam_channels": ["CAM_FRONT_LEFT", "CAM_FRONT", "CAM_FRONT_RIGHT", "CAM_BACK_LEFT", "CAM_BACK", "CAM_BACK_RIGHT"], "token": "0ce5a6320c554e30966a361771d4be6c", "scene": "scene-0767"}, {"images": ["samples/CAM_FRONT_LEFT/n008-2018-08-30-15-16-55-0400__CAM_FRONT_LEFT__1535657438404799.jpg", "samples/CAM_FRONT/n008-2018-08-30-15-16-55-0400__CAM_FRONT__1535657438412404.jpg", "samples/CAM_FRONT_RIGHT/n008-2018-08-30-15-16-55-0400__CAM_FRONT_RIGHT__1535657438420482.jpg", "samples/CAM_BACK_LEFT/n008-2018-08-30-15-16-55-0400__CAM_BACK_LEFT__1535657438447405.jpg", "samples/CAM_BACK/n008-2018-08-30-15-16-55-0400__CAM_BACK__1535657438437558.jpg", "samples/CAM_BACK_RIGHT/n008-2018-08-30-15-16-55-0400__CAM_BACK_RIGHT__1535657438428113.jpg"], "intrinsics": [[[1257.8625342125129, 0.0, 827.2410631095686], [0.0, 1257.8625342125129, 450.915498205774], [0.0, 0.0, 1.0]], [[1252.8131021185304, 0.0, 826.588114781398], [0.0, 1252.8131021185304, 469.9846626224581], [0.0, 0.0, 1.0]], [[1256.7485116440405, 0.0, 817.7887570959712], [0.0, 1256.7485116440403, 451.9541780095127], [0.0, 0.0, 1.0]], [[1254.9860565800168, 0.0, 829.5769333630991], [0.0, 1254.9860565800168, 467.1680561863987], [0.0, 0.0, 1.0]], [[796.8910634503094, 0.0, 857.7774326863696], [0.0, 796.8910634503094, 476.8848988407415], [0.0, 0.0, 1.0]], [[1249.9629280788233, 0.0, 825.3768045375984], [0.0, 1249.9629280788233, 462.54816385708756], [0.0, 0.0, 1.0]]], "extrinsics": [[[0.8214565515518188, -0.5701810121536255, -0.010141409933567047, -0.7767333984375], [0.003037431975826621, 0.022157860919833183, -0.9997498989105225, 1.4890468120574951], [0.5702630281448364, 0.8212202191352844, 0.019933605566620827, -1.17950439453125], [0.0, 0.0, 0.0, 1.0]], [[0.008604341186583042, -0.9997998476028442, -0.01805960014462471, 0.01031494140625], [0.005025250371545553, 0.01810327358543873, -0.9998235106468201, 1.48126220703125], [0.9999503493309021, 0.008512101136147976, 0.005180011037737131, -1.5057373046875], [0.0, 0.0, 0.0, 1.0]], [[-0.8447033166885376, -0.5349920988082886, -0.016115235164761543, 0.94091796875], [0.013078201562166214, 0.009469173848628998, -0.9998696446418762, 1.4953880310058594], [0.5350749492645264, -0.8448039889335632, -0.0010019080946221948, -1.17999267578125], [0.0, 0.0, 0.0, 1.0]], [[0.9478620886802673, 0.3186607360839844, -0.0035708120558410883, -1.1339111328125], [-0.012143664062023163, 0.024920174852013588, -0.9996157288551331, 1.5619029998779297], [-0.3184492886066437, 0.9475411772727966, 0.02749059908092022, -0.15997314453125], [0.0, 0.0, 0.0, 1.0]], [[0.009731106460094452, 0.9998047947883606, 0.017196085304021835, -0.029266357421875], [-0.010037786327302456, 0.01729370281100273, -0.9998000264167786, 1.5673198699951172], [-0.9999023079872131, 0.009556544944643974, 0.010204114951193333, -0.0279541015625], [0.0, 0.0, 0.0, 1.0]], [[-0.9233828186988831, 0.3838660717010498, 0.003330473555251956, 1.0389404296875], [-0.005898790899664164, -0.005513584706932306, -0.9999673962593079, 1.547048568725586], [-0.383835107088089, -0.9233723282814026, 0.007355494424700737, -0.0924224853515625], [0.0, 0.0, 0.0, 1.0]]], "view": [[0.0, -2.0, 100.0], [-2.0, 0.0, 100.0], [0.0, 0.0, 1.0]], "bev": "bev_feb50bea90264538a2f8d99f9ebe7808.png", "aux": "aux_feb50bea90264538a2f8d99f9ebe7808.npz", "visibility": "visibility_feb50bea90264538a2f8d99f9ebe7808.png", "pose": [[0.6515459418296814, -0.7586091756820679, 0.0, 1025.6632080078125], [0.7586091756820679, 0.6515459418296814, 0.0, 735.4658813476562], [0.0, 0.0, 1.0, 0.0], [0.0, 0.0, 0.0, 1.0]], "pose_inverse": [[0.6515459418296814, 0.7586091756820679, 0.0, -1226.1978759765625], [-0.7586091756820679, 0.6515459418296814, 0.0, 298.8877258300781], [0.0, 0.0, 1.0, 0.0], [0.0, 0.0, 0.0, 1.0]], "cam_ids": [0, 1, 2, 3, 4, 5], "cam_channels": ["CAM_FRONT_LEFT", "CAM_FRONT", "CAM_FRONT_RIGHT", "CAM_BACK_LEFT", "CAM_BACK", "CAM_BACK_RIGHT"], "token": "feb50bea90264538a2f8d99f9ebe7808", "scene": "scene-0767"}, {"images": ["samples/CAM_FRONT_LEFT/n008-2018-08-30-15-16-55-0400__CAM_FRONT_LEFT__1535657438854799.jpg", "samples/CAM_FRONT/n008-2018-08-30-15-16-55-0400__CAM_FRONT__1535657438862404.jpg", "samples/CAM_FRONT_RIGHT/n008-2018-08-30-15-16-55-0400__CAM_FRONT_RIGHT__1535657438870482.jpg", "samples/CAM_BACK_LEFT/n008-2018-08-30-15-16-55-0400__CAM_BACK_LEFT__1535657438897405.jpg", "samples/CAM_BACK/n008-2018-08-30-15-16-55-0400__CAM_BACK__1535657438887558.jpg", "samples/CAM_BACK_RIGHT/n008-2018-08-30-15-16-55-0400__CAM_BACK_RIGHT__1535657438878113.jpg"], "intrinsics": [[[1257.8625342125129, 0.0, 827.2410631095686], [0.0, 1257.8625342125129, 450.915498205774], [0.0, 0.0, 1.0]], [[1252.8131021185304, 0.0, 826.588114781398], [0.0, 1252.8131021185304, 469.9846626224581], [0.0, 0.0, 1.0]], [[1256.7485116440405, 0.0, 817.7887570959712], [0.0, 1256.7485116440403, 451.9541780095127], [0.0, 0.0, 1.0]], [[1254.9860565800168, 0.0, 829.5769333630991], [0.0, 1254.9860565800168, 467.1680561863987], [0.0, 0.0, 1.0]], [[796.8910634503094, 0.0, 857.7774326863696], [0.0, 796.8910634503094, 476.8848988407415], [0.0, 0.0, 1.0]], [[1249.9629280788233, 0.0, 825.3768045375984], [0.0, 1249.9629280788233, 462.54816385708756], [0.0, 0.0, 1.0]]], "extrinsics": [[[0.82178795337677, -0.5697603821754456, -0.006144180428236723, -0.7762451171875], [0.00828021764755249, 0.02272353135049343, -0.9997075200080872, 1.4905011653900146], [0.5697332620620728, 0.8214966654777527, 0.023391664028167725, -1.17901611328125], [0.0, 0.0, 0.0, 1.0]], [[0.009167284704744816, -0.9997848868370056, -0.018605785444378853, 0.01025390625], [0.010467416606843472, 0.018701493740081787, -0.9997703433036804, 1.48250150680542], [0.9999030828475952, 0.008970455266535282, 0.010636607185006142, -1.5067138671875], [0.0, 0.0, 0.0, 1.0]], [[-0.8444117307662964, -0.535272479057312, -0.021266000345349312, 0.94189453125], [0.01877821609377861, 0.010096953250467777, -0.9997726678848267, 1.4963836669921875], [0.5353654623031616, -0.84461909532547, 0.0015254744794219732, -1.18084716796875], [0.0, 0.0, 0.0, 1.0]], [[0.9478874802589417, 0.3185945749282837, 0.002609816612675786, -1.1365966796875], [-0.005842968821525574, 0.025572923943400383, -0.9996558427810669, 1.5619916915893555], [-0.3185517191886902, 0.9475460052490234, 0.026101792231202126, -0.15875244140625], [0.0, 0.0, 0.0, 1.0]], [[0.009519555605947971, 0.9997946619987488, 0.01789025589823723, -0.028961181640625], [-0.004020478576421738, 0.017929190769791603, -0.9998311400413513, 1.5677661895751953], [-0.999946653842926, 0.009446061216294765, 0.004190331324934959, -0.025634765625], [0.0, 0.0, 0.0, 1.0]], [[-0.9234834909439087, 0.3836342692375183, -0.0017107815947383642, 1.0406494140625], [-0.00017200424917973578, -0.0048734028823673725, -0.9999881386756897, 1.547796607017517], [-0.38363802433013916, -0.9234722256660461, 0.0045664943754673, -0.091949462890625], [0.0, 0.0, 0.0, 1.0]]], "view": [[0.0, -2.0, 100.0], [-2.0, 0.0, 100.0], [0.0, 0.0, 1.0]], "bev": "bev_7a309d39e31f44a7b8edf22f46cc2cda.png", "aux": "aux_7a309d39e31f44a7b8edf22f46cc2cda.npz", "visibility": "visibility_7a309d39e31f44a7b8edf22f46cc2cda.png", "pose": [[0.6380075812339783, -0.7700300812721252, 0.0, 1027.5076904296875], [0.7700300812721252, 0.6380075812339783, 0.0, 737.61572265625], [0.0, 0.0, 1.0, 0.0], [0.0, 0.0, 0.0, 1.0]], "pose_inverse": [[0.6380075812339783, 0.7700300812721252, 0.0, -1223.5439453125], [-0.7700300812721252, 0.6380075812339783, 0.0, 320.6074523925781], [0.0, 0.0, 1.0, 0.0], [0.0, 0.0, 0.0, 1.0]], "cam_ids": [0, 1, 2, 3, 4, 5], "cam_channels": ["CAM_FRONT_LEFT", "CAM_FRONT", "CAM_FRONT_RIGHT", "CAM_BACK_LEFT", "CAM_BACK", "CAM_BACK_RIGHT"], "token": "7a309d39e31f44a7b8edf22f46cc2cda", "scene": "scene-0767"}, {"images": ["samples/CAM_FRONT_LEFT/n008-2018-08-30-15-16-55-0400__CAM_FRONT_LEFT__1535657439354799.jpg", "samples/CAM_FRONT/n008-2018-08-30-15-16-55-0400__CAM_FRONT__1535657439362404.jpg", "samples/CAM_FRONT_RIGHT/n008-2018-08-30-15-16-55-0400__CAM_FRONT_RIGHT__1535657439370482.jpg", "samples/CAM_BACK_LEFT/n008-2018-08-30-15-16-55-0400__CAM_BACK_LEFT__1535657439397405.jpg", "samples/CAM_BACK/n008-2018-08-30-15-16-55-0400__CAM_BACK__1535657439387571.jpg", "samples/CAM_BACK_RIGHT/n008-2018-08-30-15-16-55-0400__CAM_BACK_RIGHT__1535657439378113.jpg"], "intrinsics": [[[1257.8625342125129, 0.0, 827.2410631095686], [0.0, 1257.8625342125129, 450.915498205774], [0.0, 0.0, 1.0]], [[1252.8131021185304, 0.0, 826.588114781398], [0.0, 1252.8131021185304, 469.9846626224581], [0.0, 0.0, 1.0]], [[1256.7485116440405, 0.0, 817.7887570959712], [0.0, 1256.7485116440403, 451.9541780095127], [0.0, 0.0, 1.0]], [[1254.9860565800168, 0.0, 829.5769333630991], [0.0, 1254.9860565800168, 467.1680561863987], [0.0, 0.0, 1.0]], [[796.8910634503094, 0.0, 857.7774326863696], [0.0, 796.8910634503094, 476.8848988407415], [0.0, 0.0, 1.0]], [[1249.9629280788233, 0.0, 825.3768045375984], [0.0, 1249.9629280788233, 462.54816385708756], [0.0, 0.0, 1.0]]], "extrinsics": [[[0.8220752477645874, -0.5693724155426025, -0.002737766597419977, -0.7427978515625], [0.010736467316746712, 0.02030872367322445, -0.9997360706329346, 1.4916486740112305], [0.5692777633666992, 0.8218288421630859, 0.022808345034718513, -1.154876708984375], [0.0, 0.0, 0.0, 1.0]], [[0.009552204981446266, -0.9998279809951782, -0.0158965103328228, 0.009857177734375], [0.012526711449027061, 0.016015635803341866, -0.999793291091919, 1.4834394454956055], [0.9998759031295776, 0.009351149201393127, 0.012677541933953762, -1.470947265625], [0.0, 0.0, 0.0, 1.0]], [[-0.8442682027816772, -0.5355072617530823, -0.021055012941360474, 0.916015625], [0.020366089418530464, 0.007200013380497694, -0.9997666478157043, 1.4972896575927734], [0.5355338454246521, -0.844499945640564, 0.004827445838600397, -1.1651611328125], [0.0, 0.0, 0.0, 1.0]], [[0.9478955864906311, 0.3185744881629944, 0.0020636506378650665, -1.12548828125], [-0.005361918825656176, 0.022430047392845154, -0.9997339844703674, 1.561934471130371], [-0.31853610277175903, 0.947632372379303, 0.022969510406255722, -0.1624755859375], [0.0, 0.0, 0.0, 1.0]], [[0.009457170963287354, 0.9998459219932556, 0.014784533530473709, -0.028656005859375], [-0.003044123062863946, 0.014813913032412529, -0.999885618686676, 1.5677833557128906], [-0.9999505877494812, 0.009411114268004894, 0.003183751367032528, -0.0439453125], [0.0, 0.0, 0.0, 1.0]], [[-0.9235290288925171, 0.38350579142570496, -0.004166360944509506, 1.017822265625], [0.0012337760999798775, -0.007892449386417866, -0.9999680519104004, 1.5480108261108398], [-0.38352638483047485, -0.9235047698020935, 0.006815746426582336, -0.10186767578125], [0.0, 0.0, 0.0, 1.0]]], "view": [[0.0, -2.0, 100.0], [-2.0, 0.0, 100.0], [0.0, 0.0, 1.0]], "bev": "bev_0587ea367b2e419c8c44e46ddf46394c.png", "aux": "aux_0587ea367b2e419c8c44e46ddf46394c.npz", "visibility": "visibility_0587ea367b2e419c8c44e46ddf46394c.png", "pose": [[0.6277711987495422, -0.7783979177474976, 0.0, 1029.620849609375], [0.7783979177474976, 0.6277711987495422, 0.0, 740.1602783203125], [0.0, 0.0, 1.0, 0.0], [0.0, 0.0, 0.0, 1.0]], "pose_inverse": [[0.6277711987495422, 0.7783979177474976, 0.0, -1222.5054931640625], [-0.7783979177474976, 0.6277711987495422, 0.0, 336.80340576171875], [0.0, 0.0, 1.0, 0.0], [0.0, 0.0, 0.0, 1.0]], "cam_ids": [0, 1, 2, 3, 4, 5], "cam_channels": ["CAM_FRONT_LEFT", "CAM_FRONT", "CAM_FRONT_RIGHT", "CAM_BACK_LEFT", "CAM_BACK", "CAM_BACK_RIGHT"], "token": "0587ea367b2e419c8c44e46ddf46394c", "scene": "scene-0767"}, {"images": ["samples/CAM_FRONT_LEFT/n008-2018-08-30-15-16-55-0400__CAM_FRONT_LEFT__1535657439854799.jpg", "samples/CAM_FRONT/n008-2018-08-30-15-16-55-0400__CAM_FRONT__1535657439862404.jpg", "samples/CAM_FRONT_RIGHT/n008-2018-08-30-15-16-55-0400__CAM_FRONT_RIGHT__1535657439870575.jpg", "samples/CAM_BACK_LEFT/n008-2018-08-30-15-16-55-0400__CAM_BACK_LEFT__1535657439897405.jpg", "samples/CAM_BACK/n008-2018-08-30-15-16-55-0400__CAM_BACK__1535657439887558.jpg", "samples/CAM_BACK_RIGHT/n008-2018-08-30-15-16-55-0400__CAM_BACK_RIGHT__1535657439878113.jpg"], "intrinsics": [[[1257.8625342125129, 0.0, 827.2410631095686], [0.0, 1257.8625342125129, 450.915498205774], [0.0, 0.0, 1.0]], [[1252.8131021185304, 0.0, 826.588114781398], [0.0, 1252.8131021185304, 469.9846626224581], [0.0, 0.0, 1.0]], [[1256.7485116440405, 0.0, 817.7887570959712], [0.0, 1256.7485116440403, 451.9541780095127], [0.0, 0.0, 1.0]], [[1254.9860565800168, 0.0, 829.5769333630991], [0.0, 1254.9860565800168, 467.1680561863987], [0.0, 0.0, 1.0]], [[796.8910634503094, 0.0, 857.7774326863696], [0.0, 796.8910634503094, 476.8848988407415], [0.0, 0.0, 1.0]], [[1249.9629280788233, 0.0, 825.3768045375984], [0.0, 1249.9629280788233, 462.54816385708756], [0.0, 0.0, 1.0]]], "extrinsics": [[[0.8224789500236511, -0.5687451362609863, -0.0075789387337863445, -0.7523193359375], [0.004937720950692892, 0.020463353022933006, -0.9997783899307251, 1.4897277355194092], [0.5687741637229919, 0.822259247303009, 0.01963897980749607, -1.162811279296875], [0.0, 0.0, 0.0, 1.0]], [[0.01007675938308239, -0.9998170733451843, -0.016257330775260925, 0.010833740234375], [0.0067301723174750805, 0.01632560044527054, -0.9998441338539124, 1.4818178415298462], [0.9999265074729919, 0.009965730831027031, 0.006893450394272804, -1.4820556640625], [0.0, 0.0, 0.0, 1.0]], [[-0.8441286683082581, -0.5358906388282776, -0.016365762799978256, 0.926025390625], [0.014540242031216621, 0.007631631102412939, -0.9998651146888733, 1.4959144592285156], [0.535943329334259, -0.8442528247833252, 0.0013499001506716013, -1.17041015625], [0.0, 0.0, 0.0, 1.0]], [[0.947874128818512, 0.31862467527389526, -0.003598685609176755, -1.1336669921875], [-0.011566326022148132, 0.0231179092079401, -0.9996657967567444, 1.5619144439697266], [-0.31843510270118713, 0.947598934173584, 0.025598186999559402, -0.1597900390625], [0.0, 0.0, 0.0, 1.0]], [[0.009347367100417614, 0.9998372793197632, 0.015427677892148495, -0.029144287109375], [-0.009175566025078297, 0.015513462945818901, -0.9998375177383423, 1.56732177734375], [-0.9999142289161682, 0.009204342029988766, 0.009319084696471691, -0.034912109375], [0.0, 0.0, 0.0, 1.0]], [[-0.9236657619476318, 0.3831958472728729, 0.0015448428457602859, 1.026611328125], [-0.00471437256783247, -0.007332335226237774, -0.9999620318412781, 1.547142505645752], [-0.3831700086593628, -0.9236379265785217, 0.00857915636152029, -0.0975799560546875], [0.0, 0.0, 0.0, 1.0]]], "view": [[0.0, -2.0, 100.0], [-2.0, 0.0, 100.0], [0.0, 0.0, 1.0]], "bev": "bev_bc0d814955954444b7bf57ee359235ef.png", "aux": "aux_bc0d814955954444b7bf57ee359235ef.npz", "visibility": "visibility_bc0d814955954444b7bf57ee359235ef.png", "pose": [[0.6249406933784485, -0.7806721925735474, 0.0, 1031.7862548828125], [0.7806721925735474, 0.6249406933784485, 0.0, 742.8179931640625], [0.0, 0.0, 1.0, 0.0], [0.0, 0.0, 0.0, 1.0]], "pose_inverse": [[0.6249406933784485, 0.7806721925735474, 0.0, -1224.70263671875], [-0.7806721925735474, 0.6249406933784485, 0.0, 341.2696533203125], [0.0, 0.0, 1.0, 0.0], [0.0, 0.0, 0.0, 1.0]], "cam_ids": [0, 1, 2, 3, 4, 5], "cam_channels": ["CAM_FRONT_LEFT", "CAM_FRONT", "CAM_FRONT_RIGHT", "CAM_BACK_LEFT", "CAM_BACK", "CAM_BACK_RIGHT"], "token": "bc0d814955954444b7bf57ee359235ef", "scene": "scene-0767"}, {"images": ["samples/CAM_FRONT_LEFT/n008-2018-08-30-15-16-55-0400__CAM_FRONT_LEFT__1535657440354799.jpg", "samples/CAM_FRONT/n008-2018-08-30-15-16-55-0400__CAM_FRONT__1535657440362404.jpg", "samples/CAM_FRONT_RIGHT/n008-2018-08-30-15-16-55-0400__CAM_FRONT_RIGHT__1535657440370482.jpg", "samples/CAM_BACK_LEFT/n008-2018-08-30-15-16-55-0400__CAM_BACK_LEFT__1535657440397405.jpg", "samples/CAM_BACK/n008-2018-08-30-15-16-55-0400__CAM_BACK__1535657440387558.jpg", "samples/CAM_BACK_RIGHT/n008-2018-08-30-15-16-55-0400__CAM_BACK_RIGHT__1535657440378113.jpg"], "intrinsics": [[[1257.8625342125129, 0.0, 827.2410631095686], [0.0, 1257.8625342125129, 450.915498205774], [0.0, 0.0, 1.0]], [[1252.8131021185304, 0.0, 826.588114781398], [0.0, 1252.8131021185304, 469.9846626224581], [0.0, 0.0, 1.0]], [[1256.7485116440405, 0.0, 817.7887570959712], [0.0, 1256.7485116440403, 451.9541780095127], [0.0, 0.0, 1.0]], [[1254.9860565800168, 0.0, 829.5769333630991], [0.0, 1254.9860565800168, 467.1680561863987], [0.0, 0.0, 1.0]], [[796.8910634503094, 0.0, 857.7774326863696], [0.0, 796.8910634503094, 476.8848988407415], [0.0, 0.0, 1.0]], [[1249.9629280788233, 0.0, 825.3768045375984], [0.0, 1249.9629280788233, 462.54816385708756], [0.0, 0.0, 1.0]]], "extrinsics": [[[0.8231487274169922, -0.5677897930145264, -0.006403118837624788, -0.7586669921875], [0.00819324515759945, 0.023151962086558342, -0.9996984004974365, 1.4906816482543945], [0.5677667260169983, 0.8228479623794556, 0.023709548637270927, -1.16619873046875], [0.0, 0.0, 0.0, 1.0]], [[0.011183292604982853, -0.9997577667236328, -0.018954914063215256, 0.009979248046875], [0.010225692763924599, 0.019069449976086617, -0.9997658729553223, 1.482645034790039], [0.9998851418495178, 0.010986857116222382, 0.010436476208269596, -1.48876953125], [0.0, 0.0, 0.0, 1.0]], [[-0.8435506820678711, -0.536637008190155, -0.021041439846158028, 0.9302978515625], [0.0182973463088274, 0.010439139790832996, -0.9997780919075012, 1.4965534210205078], [0.5367376208305359, -0.8437485694885254, 0.0010130886221304536, -1.173583984375], [0.0, 0.0, 0.0, 1.0]], [[0.9478715062141418, 0.31864771246910095, 0.001847933977842331, -1.13818359375], [-0.006771918851882219, 0.025941437110304832, -0.9996405243873596, 1.5620002746582031], [-0.31858107447624207, 0.9475181698799133, 0.026747003197669983, -0.15814208984375], [0.0, 0.0, 0.0, 1.0]], [[0.008888579905033112, 0.9997944831848145, 0.018218519166111946, -0.028778076171875], [-0.004776988178491592, 0.018261486664414406, -0.99982184171