[{"images": ["samples/CAM_FRONT_LEFT/n008-2018-08-31-11-19-57-0400__CAM_FRONT_LEFT__1535729218504799.jpg", "samples/CAM_FRONT/n008-2018-08-31-11-19-57-0400__CAM_FRONT__1535729218512404.jpg", "samples/CAM_FRONT_RIGHT/n008-2018-08-31-11-19-57-0400__CAM_FRONT_RIGHT__1535729218520482.jpg", "samples/CAM_BACK_LEFT/n008-2018-08-31-11-19-57-0400__CAM_BACK_LEFT__1535729218547405.jpg", "samples/CAM_BACK/n008-2018-08-31-11-19-57-0400__CAM_BACK__1535729218537558.jpg", "samples/CAM_BACK_RIGHT/n008-2018-08-31-11-19-57-0400__CAM_BACK_RIGHT__1535729218528113.jpg"], "intrinsics": [[[1257.8625342125129, 0.0, 827.2410631095686], [0.0, 1257.8625342125129, 450.915498205774], [0.0, 0.0, 1.0]], [[1252.8131021185304, 0.0, 826.588114781398], [0.0, 1252.8131021185304, 469.9846626224581], [0.0, 0.0, 1.0]], [[1256.7485116440405, 0.0, 817.7887570959712], [0.0, 1256.7485116440403, 451.9541780095127], [0.0, 0.0, 1.0]], [[1254.9860565800168, 0.0, 829.5769333630991], [0.0, 1254.9860565800168, 467.1680561863987], [0.0, 0.0, 1.0]], [[796.8910634503094, 0.0, 857.7774326863696], [0.0, 796.8910634503094, 476.8848988407415], [0.0, 0.0, 1.0]], [[1249.9629280788233, 0.0, 825.3768045375984], [0.0, 1249.9629280788233, 462.54816385708756], [0.0, 0.0, 1.0]]], "extrinsics": [[[0.8223531246185303, -0.5684090256690979, -0.025426100939512253, -1.0050048828125], [-0.010030323639512062, 0.03019789047539234, -0.9994935989379883, 1.4882965087890625], [0.5688890814781189, 0.8221917152404785, 0.01913200132548809, -1.3333740234375], [0.0, 0.0, 0.0, 1.0]], [[0.010028919205069542, -0.9996074438095093, -0.02616032585501671, 0.0054931640625], [-0.008089452050626278, 0.026079680770635605, -0.9996271729469299, 1.48016357421875], [0.9999169707298279, 0.010236765258014202, -0.007824725471436977, -1.73468017578125], [0.0, 0.0, 0.0, 1.0]], [[-0.8441426753997803, -0.5360386967658997, -0.009250817820429802, 1.090576171875], [-8.219700248446316e-05, 0.017384575679898262, -0.9998488426208496, 1.4930706024169922], [0.5361185073852539, -0.8440143465995789, -0.014719124883413315, -1.2777099609375], [0.0, 0.0, 0.0, 1.0]], [[0.9477182030677795, 0.31881073117256165, -0.013776478357613087, -1.1439208984375], [-0.025473404675722122, 0.03254879266023636, -0.9991455078125, 1.562042236328125], [-0.31808996200561523, 0.9472593069076538, 0.0389682836830616, -0.15625], [0.0, 0.0, 0.0, 1.0]], [[0.009436522610485554, 0.9996475577354431, 0.02481161430478096, -0.0286865234375], [-0.023351335898041725, 0.025026248767971992, -0.9994139671325684, 1.5680618286132812], [-0.9996828436851501, 0.00885167345404625, 0.023579269647598267, 0.044219970703125], [0.0, 0.0, 0.0, 1.0]], [[-0.9236293435096741, 0.38283663988113403, 0.018570467829704285, 1.1605224609375], [-0.019141914322972298, 0.0023168676998466253, -0.9998140931129456, 1.547811508178711], [-0.3828084170818329, -0.9238131642341614, 0.005188300274312496, -0.043701171875], [0.0, 0.0, 0.0, 1.0]]], "view": [[0.0, -2.0, 100.0], [-2.0, 0.0, 100.0], [0.0, 0.0, 1.0]], "bev": "bev_765c7fca57dd4c01b3f700966c3b4bde.png", "aux": "aux_765c7fca57dd4c01b3f700966c3b4bde.npz", "visibility": "visibility_765c7fca57dd4c01b3f700966c3b4bde.png", "pose": [[-0.8537904620170593, -0.5206167697906494, 0.0, 431.58392333984375], [0.5206167697906494, -0.8537904620170593, 0.0, 1620.2327880859375], [0.0, 0.0, 1.0, 0.0], [0.0, 0.0, 0.0, 1.0]], "pose_inverse": [[-0.8537904620170593, 0.5206167697906494, 0.0, -475.0381164550781], [-0.5206167697906494, -0.8537904620170593, 0.0, 1608.0291748046875], [0.0, 0.0, 1.0, 0.0], [0.0, 0.0, 0.0, 1.0]], "cam_ids": [0, 1, 2, 3, 4, 5], "cam_channels": ["CAM_FRONT_LEFT", "CAM_FRONT", "CAM_FRONT_RIGHT", "CAM_BACK_LEFT", "CAM_BACK", "CAM_BACK_RIGHT"], "token": "765c7fca57dd4c01b3f700966c3b4bde", "scene": "scene-0296"}, {"images": ["samples/CAM_FRONT_LEFT/n008-2018-08-31-11-19-57-0400__CAM_FRONT_LEFT__1535729219004799.jpg", "samples/CAM_FRONT/n008-2018-08-31-11-19-57-0400__CAM_FRONT__1535729219012404.jpg", "samples/CAM_FRONT_RIGHT/n008-2018-08-31-11-19-57-0400__CAM_FRONT_RIGHT__1535729219020482.jpg", "samples/CAM_BACK_LEFT/n008-2018-08-31-11-19-57-0400__CAM_BACK_LEFT__1535729219047405.jpg", "samples/CAM_BACK/n008-2018-08-31-11-19-57-0400__CAM_BACK__1535729219037558.jpg", "samples/CAM_BACK_RIGHT/n008-2018-08-31-11-19-57-0400__CAM_BACK_RIGHT__1535729219028113.jpg"], "intrinsics": [[[1257.8625342125129, 0.0, 827.2410631095686], [0.0, 1257.8625342125129, 450.915498205774], [0.0, 0.0, 1.0]], [[1252.8131021185304, 0.0, 826.588114781398], [0.0, 1252.8131021185304, 469.9846626224581], [0.0, 0.0, 1.0]], [[1256.7485116440405, 0.0, 817.7887570959712], [0.0, 1256.7485116440403, 451.9541780095127], [0.0, 0.0, 1.0]], [[1254.9860565800168, 0.0, 829.5769333630991], [0.0, 1254.9860565800168, 467.1680561863987], [0.0, 0.0, 1.0]], [[796.8910634503094, 0.0, 857.7774326863696], [0.0, 796.8910634503094, 476.8848988407415], [0.0, 0.0, 1.0]], [[1249.9629280788233, 0.0, 825.3768045375984], [0.0, 1249.9629280788233, 462.54816385708756], [0.0, 0.0, 1.0]]], "extrinsics": [[[0.822343111038208, -0.5684276819229126, -0.025335265323519707, -1.0048828125], [-0.009947563521564007, 0.03015718422830105, -0.9994956254959106, 1.4882926940917969], [0.5689049959182739, 0.8221803903579712, 0.01914508081972599, -1.3333740234375], [0.0, 0.0, 0.0, 1.0]], [[0.010017109103500843, -0.9996088147163391, -0.026112599298357964, 0.0054931640625], [-0.007988975383341312, 0.026033073663711548, -0.9996291399002075, 1.48016357421875], [0.9999178647994995, 0.010221953503787518, -0.007725075352936983, -1.734619140625], [0.0, 0.0, 0.0, 1.0]], [[-0.8441469073295593, -0.5360308885574341, -0.009323110803961754, 1.090667724609375], [3.7190700822975487e-05, 0.0173316802829504, -0.999849796295166, 1.4930706024169922], [0.5361119508743286, -0.844020426273346, -0.014610548503696918, -1.277587890625], [0.0, 0.0, 0.0, 1.0]], [[0.9477243423461914, 0.31879723072052, -0.013667927123606205, -1.1439399719238281], [-0.025341549888253212, 0.03249867632985115, -0.9991504549980164, 1.562042236328125], [-0.3180822730064392, 0.947265625, 0.038878604769706726, -0.15625], [0.0, 0.0, 0.0, 1.0]], [[0.009439893066883087, 0.9996487498283386, 0.02476450428366661, -0.02880859375], [-0.0232236310839653, 0.024978097528219223, -0.9994181990623474, 1.5680618286132812], [-0.9996858239173889, 0.008859300054609776, 0.023451266810297966, 0.044219970703125], [0.0, 0.0, 0.0, 1.0]], [[-0.9236287474632263, 0.38284462690353394, 0.018437489867210388, 1.1605224609375], [-0.01902071200311184, 0.002262100577354431, -0.9998165369033813, 1.5478105545043945], [-0.38281601667404175, -0.9238099455833435, 0.005192635580897331, -0.043701171875], [0.0, 0.0, 0.0, 1.0]]], "view": [[0.0, -2.0, 100.0], [-2.0, 0.0, 100.0], [0.0, 0.0, 1.0]], "bev": "bev_4b912018dd9b48f08285f80401a41a93.png", "aux": "aux_4b912018dd9b48f08285f80401a41a93.npz", "visibility": "visibility_4b912018dd9b48f08285f80401a41a93.png", "pose": [[-0.85379958152771, -0.5206018090248108, 0.0, 431.58392333984375], [0.5206018090248108, -0.85379958152771, 0.0, 1620.2327880859375], [0.0, 0.0, 1.0, 0.0], [0.0, 0.0, 0.0, 1.0]], "pose_inverse": [[-0.85379958152771, 0.5206018090248108, 0.0, -475.0099182128906], [-0.5206018090248108, -0.85379958152771, 0.0, 1608.0374755859375], [0.0, 0.0, 1.0, 0.0], [0.0, 0.0, 0.0, 1.0]], "cam_ids": [0, 1, 2, 3, 4, 5], "cam_channels": ["CAM_FRONT_LEFT", "CAM_FRONT", "CAM_FRONT_RIGHT", "CAM_BACK_LEFT", "CAM_BACK", "CAM_BACK_RIGHT"], "token": "4b912018dd9b48f08285f80401a41a93", "scene": "scene-0296"}, {"images": ["samples/CAM_FRONT_LEFT/n008-2018-08-31-11-19-57-0400__CAM_FRONT_LEFT__1535729219504799.jpg", "samples/CAM_FRONT/n008-2018-08-31-11-19-57-0400__CAM_FRONT__1535729219512404.jpg", "samples/CAM_FRONT_RIGHT/n008-2018-08-31-11-19-57-0400__CAM_FRONT_RIGHT__1535729219520482.jpg", "samples/CAM_BACK_LEFT/n008-2018-08-31-11-19-57-0400__CAM_BACK_LEFT__1535729219547405.jpg", "samples/CAM_BACK/n008-2018-08-31-11-19-57-0400__CAM_BACK__1535729219537558.jpg", "samples/CAM_BACK_RIGHT/n008-2018-08-31-11-19-57-0400__CAM_BACK_RIGHT__1535729219528113.jpg"], "intrinsics": [[[1257.8625342125129, 0.0, 827.2410631095686], [0.0, 1257.8625342125129, 450.915498205774], [0.0, 0.0, 1.0]], [[1252.8131021185304, 0.0, 826.588114781398], [0.0, 1252.8131021185304, 469.9846626224581], [0.0, 0.0, 1.0]], [[1256.7485116440405, 0.0, 817.7887570959712], [0.0, 1256.7485116440403, 451.9541780095127], [0.0, 0.0, 1.0]], [[1254.9860565800168, 0.0, 829.5769333630991], [0.0, 1254.9860565800168, 467.1680561863987], [0.0, 0.0, 1.0]], [[796.8910634503094, 0.0, 857.7774326863696], [0.0, 796.8910634503094, 476.8848988407415], [0.0, 0.0, 1.0]], [[1249.9629280788233, 0.0, 825.3768045375984], [0.0, 1249.9629280788233, 462.54816385708756], [0.0, 0.0, 1.0]]], "extrinsics": [[[0.8223628401756287, -0.5684000849723816, -0.025311900302767754, -1.005126953125], [-0.010028273798525333, 0.03000061959028244, -0.9994995594024658, 1.4882926940917969], [0.5688750743865967, 0.8222051858901978, 0.018971320241689682, -1.3333740234375], [0.0, 0.0, 0.0, 1.0]], [[0.010044964961707592, -0.9996119737625122, -0.025982342660427094, 0.0054931640625], [-0.008082191459834576, 0.025901643559336662, -0.9996318221092224, 1.48016357421875], [0.9999168515205383, 0.010251225903630257, -0.007818873971700668, -1.734710693359375], [0.0, 0.0, 0.0, 1.0]], [[-0.8441354632377625, -0.5360514521598816, -0.009177425876259804, 1.09063720703125], [-6.93209731252864e-05, 0.017227042466402054, -0.9998515844345093, 1.4930744171142578], [0.5361299514770508, -0.8440095782279968, -0.01457911916077137, -1.2777099609375], [0.0, 0.0, 0.0, 1.0]], [[0.9477218985557556, 0.31879979372024536, -0.013782043941318989, -1.1439056396484375], [-0.025426924228668213, 0.03239430859684944, -0.9991516470909119, 1.5620498657226562], [-0.31808289885520935, 0.9472683668136597, 0.038806892931461334, -0.1561279296875], [0.0, 0.0, 0.0, 1.0]], [[0.009430772624909878, 0.9996514320373535, 0.024660922586917877, -0.02880859375], [-0.02330853044986725, 0.024875080212950706, -0.9994187951087952, 1.5680580139160156], [-0.9996838569641113, 0.008850482292473316, 0.023534996435046196, 0.044403076171875], [0.0, 0.0, 0.0, 1.0]], [[-0.9236335754394531, 0.38283005356788635, 0.018498102203011513, 1.16064453125], [-0.01912524178624153, 0.002167958300560713, -0.9998146891593933, 1.547811508178711], [-0.3827992081642151, -0.9238162636756897, 0.00531931733712554, -0.0438232421875], [0.0, 0.0, 0.0, 1.0]]], "view": [[0.0, -2.0, 100.0], [-2.0, 0.0, 100.0], [0.0, 0.0, 1.0]], "bev": "bev_e486aaaa778c4f7f9f7d9726d5399ef9.png", "aux": "aux_e486aaaa778c4f7f9f7d9726d5399ef9.npz", "visibility": "visibility_e486aaaa778c4f7f9f7d9726d5399ef9.png", "pose": [[-0.8537588119506836, -0.5206687450408936, 0.0, 431.58392333984375], [0.5206687450408936, -0.8537588119506836, 0.0, 1620.2327880859375], [0.0, 0.0, 1.0, 0.0], [0.0, 0.0, 0.0, 1.0]], "pose_inverse": [[-0.8537588119506836, 0.5206687450408936, 0.0, -475.135986328125], [-0.5206687450408936, -0.8537588119506836, 0.0, 1608.000244140625], [0.0, 0.0, 1.0, 0.0], [0.0, 0.0, 0.0, 1.0]], "cam_ids": [0, 1, 2, 3, 4, 5], "cam_channels": ["CAM_FRONT_LEFT", "CAM_FRONT", "CAM_FRONT_RIGHT", "CAM_BACK_LEFT", "CAM_BACK", "CAM_BACK_RIGHT"], "token": "e486aaaa778c4f7f9f7d9726d5399ef9", "scene": "scene-0296"}, {"images": ["samples/CAM_FRONT_LEFT/n008-2018-08-31-11-19-57-0400__CAM_FRONT_LEFT__1535729220004799.jpg", "samples/CAM_FRONT/n008-2018-08-31-11-19-57-0400__CAM_FRONT__1535729220012404.jpg", "samples/CAM_FRONT_RIGHT/n008-2018-08-31-11-19-57-0400__CAM_FRONT_RIGHT__1535729220020482.jpg", "samples/CAM_BACK_LEFT/n008-2018-08-31-11-19-57-0400__CAM_BACK_LEFT__1535729220047405.jpg", "samples/CAM_BACK/n008-2018-08-31-11-19-57-0400__CAM_BACK__1535729220037558.jpg", "samples/CAM_BACK_RIGHT/n008-2018-08-31-11-19-57-0400__CAM_BACK_RIGHT__1535729220028113.jpg"], "intrinsics": [[[1257.8625342125129, 0.0, 827.2410631095686], [0.0, 1257.8625342125129, 450.915498205774], [0.0, 0.0, 1.0]], [[1252.8131021185304, 0.0, 826.588114781398], [0.0, 1252.8131021185304, 469.9846626224581], [0.0, 0.0, 1.0]], [[1256.7485116440405, 0.0, 817.7887570959712], [0.0, 1256.7485116440403, 451.9541780095127], [0.0, 0.0, 1.0]], [[1254.9860565800168, 0.0, 829.5769333630991], [0.0, 1254.9860565800168, 467.1680561863987], [0.0, 0.0, 1.0]], [[796.8910634503094, 0.0, 857.7774326863696], [0.0, 796.8910634503094, 476.8848988407415], [0.0, 0.0, 1.0]], [[1249.9629280788233, 0.0, 825.3768045375984], [0.0, 1249.9629280788233, 462.54816385708756], [0.0, 0.0, 1.0]]], "extrinsics": [[[0.8223360180854797, -0.5684352517127991, -0.025392839685082436, -1.0050048828125], [-0.01012981217354536, 0.029994625598192215, -0.999498724937439, 1.4882888793945312], [0.5689119100570679, 0.8221810460090637, 0.018907519057393074, -1.3333740234375], [0.0, 0.0, 0.0, 1.0]], [[0.010004127398133278, -0.9996127486228943, -0.025964517146348953, 0.00537109375], [-0.008173147216439247, 0.025883207097649574, -0.9996315240859985, 1.4801673889160156], [0.9999165534973145, 0.010212666355073452, -0.007911043241620064, -1.7347412109375], [0.0, 0.0, 0.0, 1.0]], [[-0.8441529273986816, -0.5360252261161804, -0.00909245852380991, 1.090576171875], [-0.00014919934619683772, 0.01719520054757595, -0.9998521208763123, 1.4930744171142578], [0.5361023545265198, -0.8440268635749817, -0.01459535676985979, -1.277587890625], [0.0, 0.0, 0.0, 1.0]], [[0.9477226138114929, 0.3187938928604126, -0.013864614069461823, -1.1439552307128906], [-0.0254951361566782, 0.03233896568417549, -0.9991517663002014, 1.562042236328125], [-0.3180750906467438, 0.9472722411155701, 0.03877606615424156, -0.15625], [0.0, 0.0, 0.0, 1.0]], [[0.00944518018513918, 0.9996523857116699, 0.024612298235297203, -0.028564453125], [-0.023368926718831062, 0.024827338755130768, -0.9994185566902161, 1.5680618286132812], [-0.9996822476387024, 0.008864506147801876, 0.023595305159687996, 0.04437255859375], [0.0, 0.0, 0.0, 1.0]], [[-0.9236233830451965, 0.3828517496585846, 0.018553653731942177, 1.16064453125], [-0.019202247262001038, 0.002127567073330283, -0.9998133182525635, 1.5478143692016602], [-0.38281968235969543, -0.9238073229789734, 0.00538654113188386, -0.043701171875], [0.0, 0.0, 0.0, 1.0]]], "view": [[0.0, -2.0, 100.0], [-2.0, 0.0, 100.0], [0.0, 0.0, 1.0]], "bev": "bev_0f0791dc554f4b25ada52101345d8c40.png", "aux": "aux_0f0791dc554f4b25ada52101345d8c40.npz", "visibility": "visibility_0f0791dc554f4b25ada52101345d8c40.png", "pose": [[-0.8537243604660034, -0.5207251310348511, 0.0, 431.58392333984375], [0.5207251310348511, -0.8537243604660034, 0.0, 1620.2327880859375], [0.0, 0.0, 1.0, 0.0], [0.0, 0.0, 0.0, 1.0]], "pose_inverse": [[-0.8537243604660034, 0.5207251310348511, 0.0, -475.2422180175781], [-0.5207251310348511, -0.8537243604660034, 0.0, 1607.9688720703125], [0.0, 0.0, 1.0, 0.0], [0.0, 0.0, 0.0, 1.0]], "cam_ids": [0, 1, 2, 3, 4, 5], "cam_channels": ["CAM_FRONT_LEFT", "CAM_FRONT", "CAM_FRONT_RIGHT", "CAM_BACK_LEFT", "CAM_BACK", "CAM_BACK_RIGHT"], "token": "0f0791dc554f4b25ada52101345d8c40", "scene": "scene-0296"}, {"images": ["samples/CAM_FRONT_LEFT/n008-2018-08-31-11-19-57-0400__CAM_FRONT_LEFT__1535729220504799.jpg", "samples/CAM_FRONT/n008-2018-08-31-11-19-57-0400__CAM_FRONT__1535729220512404.jpg", "samples/CAM_FRONT_RIGHT/n008-2018-08-31-11-19-57-0400__CAM_FRONT_RIGHT__1535729220520482.jpg", "samples/CAM_BACK_LEFT/n008-2018-08-31-11-19-57-0400__CAM_BACK_LEFT__1535729220547405.jpg", "samples/CAM_BACK/n008-2018-08-31-11-19-57-0400__CAM_BACK__1535729220537558.jpg", "samples/CAM_BACK_RIGHT/n008-2018-08-31-11-19-57-0400__CAM_BACK_RIGHT__1535729220528113.jpg"], "intrinsics": [[[1257.8625342125129, 0.0, 827.2410631095686], [0.0, 1257.8625342125129, 450.915498205774], [0.0, 0.0, 1.0]], [[1252.8131021185304, 0.0, 826.588114781398], [0.0, 1252.8131021185304, 469.9846626224581], [0.0, 0.0, 1.0]], [[1256.7485116440405, 0.0, 817.7887570959712], [0.0, 1256.7485116440403, 451.9541780095127], [0.0, 0.0, 1.0]], [[1254.9860565800168, 0.0, 829.5769333630991], [0.0, 1254.9860565800168, 467.1680561863987], [0.0, 0.0, 1.0]], [[796.8910634503094, 0.0, 857.7774326863696], [0.0, 796.8910634503094, 476.8848988407415], [0.0, 0.0, 1.0]], [[1249.9629280788233, 0.0, 825.3768045375984], [0.0, 1249.9629280788233, 462.54816385708756], [0.0, 0.0, 1.0]]], "extrinsics": [[[0.8223455548286438, -0.5684202313423157, -0.02542082406580448, -1.0050048828125], [-0.010215031914412975, 0.02992122434079647, -0.999500036239624, 1.4882965087890625], [0.5688966512680054, 0.8221941590309143, 0.018799155950546265, -1.33349609375], [0.0, 0.0, 0.0, 1.0]], [[0.010020691901445389, -0.9996144771575928, -0.02589220553636551, 0.00537109375], [-0.00827119778841734, 0.0258097592741251, -0.9996326565742493, 1.48016357421875], [0.999915599822998, 0.010231228545308113, -0.008009376935660839, -1.734710693359375], [0.0, 0.0, 0.0, 1.0]], [[-0.8441452383995056, -0.5360398292541504, -0.008959118276834488, 1.09063720703125], [-0.000260807981248945, 0.017121795564889908, -0.9998533725738525, 1.493072509765625], [0.5361146330833435, -0.8440190553665161, -0.014593085274100304, -1.2777099609375], [0.0, 0.0, 0.0, 1.0]], [[0.947717547416687, 0.3188020884990692, -0.014021403156220913, -1.1439476013183594], [-0.025648362934589386, 0.03230196610093117, -0.999148964881897, 1.562042236328125], [-0.3180778920650482, 0.9472706913948059, 0.03878989443182945, -0.1561279296875], [0.0, 0.0, 0.0, 1.0]], [[0.009439107030630112, 0.9996539354324341, 0.024556051939725876, -0.0289306640625], [-0.023511970415711403, 0.02477223053574562, -0.9994165897369385, 1.5680580139160156], [-0.9996789693832397, 0.008856204338371754, 0.02373766154050827, 0.044342041015625], [0.0, 0.0, 0.0, 1.0]], [[-0.9236260652542114, 0.38284096121788025, 0.01864367350935936, 1.16064453125], [-0.01932886615395546, 0.002057001693174243, -0.999811053276062, 1.547811508178711], [-0.3828068971633911, -0.9238119721412659, 0.005499982740730047, -0.0435791015625], [0.0, 0.0, 0.0, 1.0]]], "view": [[0.0, -2.0, 100.0], [-2.0, 0.0, 100.0], [0.0, 0.0, 1.0]], "bev": "bev_83bd7bd9a0a245a6a7e4c6975dba881b.png", "aux": "aux_83bd7bd9a0a245a6a7e4c6975dba881b.npz", "visibility": "visibility_83bd7bd9a0a245a6a7e4c6975dba881b.png", "pose": [[-0.8537294268608093, -0.5207168459892273, 0.0, 431.58392333984375], [0.5207168459892273, -0.8537294268608093, 0.0, 1620.2327880859375], [0.0, 0.0, 1.0, 0.0], [0.0, 0.0, 0.0, 1.0]], "pose_inverse": [[-0.8537294268608093, 0.5207168459892273, 0.0, -475.22662353515625], [-0.5207168459892273, -0.8537294268608093, 0.0, 1607.9735107421875], [0.0, 0.0, 1.0, 0.0], [0.0, 0.0, 0.0, 1.0]], "cam_ids": [0, 1, 2, 3, 4, 5], "cam_channels": ["CAM_FRONT_LEFT", "CAM_FRONT", "CAM_FRONT_RIGHT", "CAM_BACK_LEFT", "CAM_BACK", "CAM_BACK_RIGHT"], "token": "83bd7bd9a0a245a6a7e4c6975dba881b", "scene": "scene-0296"}, {"images": ["samples/CAM_FRONT_LEFT/n008-2018-08-31-11-19-57-0400__CAM_FRONT_LEFT__1535729221005355.jpg", "samples/CAM_FRONT/n008-2018-08-31-11-19-57-0400__CAM_FRONT__1535729221012404.jpg", "samples/CAM_FRONT_RIGHT/n008-2018-08-31-11-19-57-0400__CAM_FRONT_RIGHT__1535729221020482.jpg", "samples/CAM_BACK_LEFT/n008-2018-08-31-11-19-57-0400__CAM_BACK_LEFT__1535729221047405.jpg", "samples/CAM_BACK/n008-2018-08-31-11-19-57-0400__CAM_BACK__1535729221037558.jpg", "samples/CAM_BACK_RIGHT/n008-2018-08-31-11-19-57-0400__CAM_BACK_RIGHT__1535729221028113.jpg"], "intrinsics": [[[1257.8625342125129, 0.0, 827.2410631095686], [0.0, 1257.8625342125129, 450.915498205774], [0.0, 0.0, 1.0]], [[1252.8131021185304, 0.0, 826.588114781398], [0.0, 1252.8131021185304, 469.9846626224581], [0.0, 0.0, 1.0]], [[1256.7485116440405, 0.0, 817.7887570959712], [0.0, 1256.7485116440403, 451.9541780095127], [0.0, 0.0, 1.0]], [[1254.9860565800168, 0.0, 829.5769333630991], [0.0, 1254.9860565800168, 467.1680561863987], [0.0, 0.0, 1.0]], [[796.8910634503094, 0.0, 857.7774326863696], [0.0, 796.8910634503094, 476.8848988407415], [0.0, 0.0, 1.0]], [[1249.9629280788233, 0.0, 825.3768045375984], [0.0, 1249.9629280788233, 462.54816385708756], [0.0, 0.0, 1.0]]], "extrinsics": [[[0.8223572373390198, -0.5684020519256592, -0.02545316144824028, -1.0048828125], [-0.010238813236355782, 0.029944388195872307, -0.9994991421699524, 1.4882965087890625], [0.5688795447349548, 0.8222059011459351, 0.01880522072315216, -1.333251953125], [0.0, 0.0, 0.0, 1.0]], [[0.010040540248155594, -0.9996137619018555, -0.025914276018738747, 0.0054931640625], [-0.008290191181004047, 0.02583147957921028, -0.999631941318512, 1.4801597595214844], [0.9999152421951294, 0.010251699015498161, -0.008027627132833004, -1.734710693359375], [0.0, 0.0, 0.0, 1.0]], [[-0.8441361784934998, -0.5360540747642517, -0.008958368562161922, 1.090606689453125], [-0.000275064172456041, 0.01714238151907921, -0.9998530149459839, 1.4930706024169922], [0.5361288189888, -0.8440095782279968, -0.014617953449487686, -1.2777099609375], [0.0, 0.0, 0.0, 1.0]], [[0.947716474533081, 0.31880542635917664, -0.0140194958075881, -1.1439704895019531], [-0.025651603937149048, 0.03231717646121979, -0.999148428440094, 1.562042236328125], [-0.3180808424949646, 0.947269082069397, 0.038805391639471054, -0.156005859375], [0.0, 0.0, 0.0, 1.0]], [[0.009432090446352959, 0.999653697013855, 0.024566765874624252, -0.02880859375], [-0.023528747260570526, 0.024782927706837654, -0.999415934085846, 1.5680618286132812], [-0.9996786117553711, 0.008848549798130989, 0.023754354566335678, 0.04437255859375], [0.0, 0.0, 0.0, 1.0]], [[-0.9236307740211487, 0.3828289806842804, 0.018659785389900208, 1.1607666015625], [-0.019337890669703484, 0.0020771336276084185, -0.9998108744621277, 1.5478076934814453], [-0.3827953040599823, -0.9238169193267822, 0.005484601017087698, -0.0435791015625], [0.0, 0.0, 0.0, 1.0]]], "view": [[0.0, -2.0, 100.0], [-2.0, 0.0, 100.0], [0.0, 0.0, 1.0]], "bev": "bev_8ca2d311a1dc43459b638c4f121234e6.png", "aux": "aux_8ca2d311a1dc43459b638c4f121234e6.npz", "visibility": "visibility_8ca2d311a1dc43459b638c4f121234e6.png", "pose": [[-0.8537291288375854, -0.5207173824310303, 0.0, 431.58392333984375], [0.5207173824310303, -0.8537291288375854, 0.0, 1620.2327880859375], [0.0, 0.0, 1.0, 0.0], [0.0, 0.0, 0.0, 1.0]], "pose_inverse": [[-0.8537291288375854, 0.5207173824310303, 0.0, -475.22760009765625], [-0.5207173824310303, -0.8537291288375854, 0.0, 1607.97314453125], [0.0, 0.0, 1.0, 0.0], [0.0, 0.0, 0.0, 1.0]], "cam_ids": [0, 1, 2, 3, 4, 5], "cam_channels": ["CAM_FRONT_LEFT", "CAM_FRONT", "CAM_FRONT_RIGHT", "CAM_BACK_LEFT", "CAM_BACK", "CAM_BACK_RIGHT"], "token": "8ca2d311a1dc43459b638c4f121234e6", "scene": "scene-0296"}, {"images": ["samples/CAM_FRONT_LEFT/n008-2018-08-31-11-19-57-0400__CAM_FRONT_LEFT__1535729221504799.jpg", "samples/CAM_FRONT/n008-2018-08-31-11-19-57-0400__CAM_FRONT__1535729221512404.jpg", "samples/CAM_FRONT_RIGHT/n008-2018-08-31-11-19-57-0400__CAM_FRONT_RIGHT__1535729221520482.jpg", "samples/CAM_BACK_LEFT/n008-2018-08-31-11-19-57-0400__CAM_BACK_LEFT__1535729221547405.jpg", "samples/CAM_BACK/n008-2018-08-31-11-19-57-0400__CAM_BACK__1535729221537558.jpg", "samples/CAM_BACK_RIGHT/n008-2018-08-31-11-19-57-0400__CAM_BACK_RIGHT__1535729221528113.jpg"], "intrinsics": [[[1257.8625342125129, 0.0, 827.2410631095686], [0.0, 1257.8625342125129, 450.915498205774], [0.0, 0.0, 1.0]], [[1252.8131021185304, 0.0, 826.588114781398], [0.0, 1252.8131021185304, 469.9846626224581], [0.0, 0.0, 1.0]], [[1256.7485116440405, 0.0, 817.7887570959712], [0.0, 1256.7485116440403, 451.9541780095127], [0.0, 0.0, 1.0]], [[1254.9860565800168, 0.0, 829.5769333630991], [0.0, 1254.9860565800168, 467.1680561863987], [0.0, 0.0, 1.0]], [[796.8910634503094, 0.0, 857.7774326863696], [0.0, 796.8910634503094, 476.8848988407415], [0.0, 0.0, 1.0]], [[1249.9629280788233, 0.0, 825.3768045375984], [0.0, 1249.9629280788233, 462.54816385708756], [0.0, 0.0, 1.0]]], "extrinsics": [[[0.8223462700843811, -0.568415105342865, -0.02551223523914814, -1.005126953125], [-0.01027370523661375, 0.0299972016364336, -0.9994971752166748, 1.4882926940917969], [0.5688945651054382, 0.8221949338912964, 0.01882835663855076, -1.33349609375], [0.0, 0.0, 0.0, 1.0]], [[0.010025668889284134, -0.9996126890182495, -0.025960326194763184, 0.0052490234375], [-0.008324483409523964, 0.025877296924591064, -0.9996305108070374, 1.48016357421875], [0.9999150037765503, 0.0102379834279418, -0.008061820641160011, -1.734588623046875], [0.0, 0.0, 0.0, 1.0]], [[-0.8441420793533325, -0.536044716835022, -0.008950580842792988, 1.090545654296875], [-0.0003082666080445051, 0.0171804316341877, -0.9998523592948914, 1.4930744171142578], [0.5361193418502808, -0.8440147042274475, -0.014667972922325134, -1.2777099609375], [0.0, 0.0, 0.0, 1.0]], [[0.947717010974884, 0.3188028931617737, -0.014040223322808743, -1.1438865661621094], [-0.025685304775834084, 0.032352790236473083, -0.9991464018821716, 1.562042236328125], [-0.3180765211582184, 0.9472686648368835, 0.0388498418033123, -0.15625], [0.0, 0.0, 0.0, 1.0]], [[0.009438220411539078, 0.9996524453163147, 0.024615351110696793, -0.0289306640625], [-0.023572344332933426, 0.024832027032971382, -0.9994136691093445, 1.5680656433105469], [-0.9996776580810547, 0.008852419443428516, 0.023798523470759392, 0.0443115234375], [0.0, 0.0, 0.0, 1.0]], [[-0.9236271977424622, 0.3828355371952057, 0.018700482323765755, 1.16064453125], [-0.01936434768140316, 0.0021196994930505753, -0.9998102784156799, 1.5478134155273438], [-0.3828025758266449, -0.9238139986991882, 0.005455548409372568, -0.0438232421875], [0.0, 0.0, 0.0, 1.0]]], "view": [[0.0, -2.0, 100.0], [-2.0, 0.0, 100.0], [0.0, 0.0, 1.0]], "bev": "bev_72fa2adafd0249b4b92fe511defdde3b.png", "aux": "aux_72fa2adafd0249b4b92fe511defdde3b.npz", "visibility": "visibility_72fa2adafd0249b4b92fe511defdde3b.png", "pose": [[-0.8537675142288208, -0.5206543803215027, 0.0, 431.58392333984375], [0.5206543803215027, -0.8537675142288208, 0.0, 1620.2327880859375], [0.0, 0.0, 1.0, 0.0], [0.0, 0.0, 0.0, 1.0]], "pose_inverse": [[-0.8537675142288208, 0.5206543803215027, 0.0, -475.1089782714844], [-0.5206543803215027, -0.8537675142288208, 0.0, 1608.0081787109375], [0.0, 0.0, 1.0, 0.0], [0.0, 0.0, 0.0, 1.0]], "cam_ids": [0, 1, 2, 3, 4, 5], "cam_channels": ["CAM_FRONT_LEFT", "CAM_FRONT", "CAM_FRONT_RIGHT", "CAM_BACK_LEFT", "CAM_BACK", "CAM_BACK_RIGHT"], "token": "72fa2adafd0249b4b92fe511defdde3b", "scene": "scene-0296"}, {"images": ["samples/CAM_FRONT_LEFT/n008-2018-08-31-11-19-57-0400__CAM_FRONT_LEFT__1535729222004799.jpg", "samples/CAM_FRONT/n008-2018-08-31-11-19-57-0400__CAM_FRONT__1535729222012404.jpg", "samples/CAM_FRONT_RIGHT/n008-2018-08-31-11-19-57-0400__CAM_FRONT_RIGHT__1535729222020482.jpg", "samples/CAM_BACK_LEFT/n008-2018-08-31-11-19-57-0400__CAM_BACK_LEFT__1535729222047405.jpg", "samples/CAM_BACK/n008-2018-08-31-11-19-57-0400__CAM_BACK__1535729222037558.jpg", "samples/CAM_BACK_RIGHT/n008-2018-08-31-11-19-57-0400__CAM_BACK_RIGHT__1535729222028113.jpg"], "intrinsics": [[[1257.8625342125129, 0.0, 827.2410631095686], [0.0, 1257.8625342125129, 450.915498205774], [0.0, 0.0, 1.0]], [[1252.8131021185304, 0.0, 826.588114781398], [0.0, 1252.8131021185304, 469.9846626224581], [0.0, 0.0, 1.0]], [[1256.7485116440405, 0.0, 817.7887570959712], [0.0, 1256.7485116440403, 451.9541780095127], [0.0, 0.0, 1.0]], [[1254.9860565800168, 0.0, 829.5769333630991], [0.0, 1254.9860565800168, 467.1680561863987], [0.0, 0.0, 1.0]], [[796.8910634503094, 0.0, 857.7774326863696], [0.0, 796.8910634503094, 476.8848988407415], [0.0, 0.0, 1.0]], [[1249.9629280788233, 0.0, 825.3768045375984], [0.0, 1249.9629280788233, 462.54816385708756], [0.0, 0.0, 1.0]]], "extrinsics": [[[0.8223466277122498, -0.5684127807617188, -0.02555399388074875, -1.0050048828125], [-0.010302684269845486, 0.030028773471713066, -0.9994959235191345, 1.4882965087890625], [0.5688936114311218, 0.8221954107284546, 0.018837880343198776, -1.3333740234375], [0.0, 0.0, 0.0, 1.0]], [[0.010027565062046051, -0.9996116757392883, -0.025996772572398186, 0.0052490234375], [-0.00834597833454609, 0.025913508608937263, -0.9996293187141418, 1.48016357421875], [0.9999149441719055, 0.010240794159471989, -0.008082889020442963, -1.73468017578125], [0.0, 0.0, 0.0, 1.0]], [[-0.8441410660743713, -0.5360462665557861, -0.008961278013885021, 1.09063720703125], [-0.000321781262755394, 0.0172216035425663, -0.999851644039154, 1.493072509765625], [0.5361210703849792, -0.844012975692749, -0.014709952287375927, -1.2777099609375], [0.0, 0.0, 0.0, 1.0]], [[0.9477162957191467, 0.31880465149879456, -0.014055000618100166, -1.1439590454101562], [-0.025702664628624916, 0.03235786408185959, -0.9991458058357239, 1.562042236328125], [-0.31807756423950195, 0.9472679495811462, 0.038860201835632324, -0.1561279296875], [0.0, 0.0, 0.0, 1.0]], [[0.009437344036996365, 0.999652087688446, 0.024632548913359642, -0.02880859375], [-0.023583991453051567, 0.02484930492937565, -0.9994129538536072, 1.5680580139160156], [-0.9996773600578308, 0.008850861340761185, 0.02381029538810253, 0.04425048828125], [0.0, 0.0, 0.0, 1.0]], [[-0.9236275553703308, 0.38283345103263855, 0.018730323761701584, 1.16064453125], [-0.01938505470752716, 0.0021476522088050842, -0.999809741973877, 1.5478105545043945], [-0.3828008472919464, -0.9238148331642151, 0.005437617655843496, -0.043701171875], [0.0, 0.0, 0.0, 1.0]]], "view": [[0.0, -2.0, 100.0], [-2.0, 0.0, 100.0], [0.0, 0.0, 1.0]], "bev": "bev_27e0304919224976868fbe1e869cefea.png", "aux": "aux_27e0304919224976868fbe1e869cefea.npz", "visibility": "visibility_27e0304919224976868fbe1e869cefea.png", "pose": [[-0.853789746761322, -0.5206180214881897, 0.0, 431.58392333984375], [0.5206180214881897, -0.853789746761322, 0.0, 1620.2327880859375], [0.0, 0.0, 1.0, 0.0], [0.0, 0.0, 0.0, 1.0]], "pose_inverse": [[-0.853789746761322, 0.5206180214881897, 0.0, -475.0404357910156], [-0.5206180214881897, -0.853789746761322, 0.0, 1608.0284423828125], [0.0, 0.0, 1.0, 0.0], [0.0, 0.0, 0.0, 1.0]], "cam_ids": [0, 1, 2, 3, 4, 5], "cam_channels": ["CAM_FRONT_LEFT", "CAM_FRONT", "CAM_FRONT_RIGHT", "CAM_BACK_LEFT", "CAM_BACK", "CAM_BACK_RIGHT"], "token": "27e0304919224976868fbe1e869cefea", "scene": "scene-0296"}, {"images": ["samples/CAM_FRONT_LEFT/n008-2018-08-31-11-19-57-0400__CAM_FRONT_LEFT__1535729222504799.jpg", "samples/CAM_FRONT/n008-2018-08-31-11-19-57-0400__CAM_FRONT__1535729222512404.jpg", "samples/CAM_FRONT_RIGHT/n008-2018-08-31-11-19-57-0400__CAM_FRONT_RIGHT__1535729222520482.jpg", "samples/CAM_BACK_LEFT/n008-2018-08-31-11-19-57-0400__CAM_BACK_LEFT__1535729222547405.jpg", "samples/CAM_BACK/n008-2018-08-31-11-19-57-0400__CAM_BACK__1535729222537558.jpg", "samples/CAM_BACK_RIGHT/n008-2018-08-31-11-19-57-0400__CAM_BACK_RIGHT__1535729222528113.jpg"], "intrinsics": [[[1257.8625342125129, 0.0, 827.2410631095686], [0.0, 1257.8625342125129, 450.915498205774], [0.0, 0.0, 1.0]], [[1252.8131021185304, 0.0, 826.588114781398], [0.0, 1252.8131021185304, 469.9846626224581], [0.0, 0.0, 1.0]], [[1256.7485116440405, 0.0, 817.7887570959712], [0.0, 1256.7485116440403, 451.9541780095127], [0.0, 0.0, 1.0]], [[1254.9860565800168, 0.0, 829.5769333630991], [0.0, 1254.9860565800168, 467.1680561863987], [0.0, 0.0, 1.0]], [[796.8910634503094, 0.0, 857.7774326863696], [0.0, 796.8910634503094, 476.8848988407415], [0.0, 0.0, 1.0]], [[1249.9629280788233, 0.0, 825.3768045375984], [0.0, 1249.9629280788233, 462.54816385708756], [0.0, 0.0, 1.0]]], "extrinsics": [[[0.8223431706428528, -0.5684204697608948, -0.02549426443874836, -1.0050048828125], [-0.010322513990104198, 0.029894882813096046, -0.9994997382164001, 1.4882926940917969], [0.5688982605934143, 0.8221949934959412, 0.018716322258114815, -1.3333740234375], [0.0, 0.0, 0.0, 1.0]], [[0.010019255802035332, -0.9996155500411987, -0.025853833183646202, 0.0054931640625], [-0.008357904851436615, 0.025770511478185654, -0.9996329545974731, 1.4801673889160156], [0.9999148845672607, 0.010231690481305122, -0.008096490055322647, -1.73468017578125], [0.0, 0.0, 0.0, 1.0]], [[-0.8441451787948608, -0.5360411405563354, -0.008876174688339233, 1.090667724609375], [-0.000325440225424245, 0.01706884056329727, -0.9998542070388794, 1.4930706024169922], [0.5361145734786987, -0.8440192937850952, -0.01458303164690733, -1.277587890625], [0.0, 0.0, 0.0, 1.0]], [[0.9477160573005676, 0.3188035786151886, -0.014089261181652546, -1.1438636779785156], [-0.025693178176879883, 0.03222217783331871, -0.9991504549980164, 1.5620498657226562], [-0.31807878613471985, 0.9472728967666626, 0.03872855752706528, -0.156005859375], [0.0, 0.0, 0.0, 1.0]], [[0.009439214132726192, 0.9996557235717773, 0.02448178455233574, -0.0286865234375], [-0.023578645661473274, 0.024698574095964432, -0.9994168281555176, 1.5680618286132812], [-0.9996774792671204, 0.00885644182562828, 0.02380366250872612, 0.04437255859375], [0.0, 0.0, 0.0, 1.0]], [[-0.9236254692077637, 0.3828410506248474, 0.01867116242647171, 1.1607666015625], [-0.019384104758501053, 0.0019955155439674854, -0.9998100996017456, 1.5478124618530273], [-0.38280561566352844, -0.9238120913505554, 0.005577921401709318, -0.0435791015625], [0.0, 0.0, 0.0, 1.0]]], "view": [[0.0, -2.0, 100.0], [-2.0, 0.0, 100.0], [0.0, 0.0, 1.0]], "bev": "bev_c3ca62b90b974025a0c23203c3f3d14e.png", "aux": "aux_c3ca62b90b974025a0c23203c3f3d14e.npz", "visibility": "visibility_c3ca62b90b974025a0c23203c3f3d14e.png", "pose": [[-0.8538085222244263, -0.5205872058868408, 0.0, 431.58392333984375], [0.5205872058868408, -0.8538085222244263, 0.0, 1620.2327880859375], [0.0, 0.0, 1.0, 0.0], [0.0, 0.0, 0.0, 1.0]], "pose_inverse": [[-0.8538085222244263, 0.5205872058868408, 0.0, -474.9823913574219], [-0.5205872058868408, -0.8538085222244263, 0.0, 1608.045654296875], [0.0, 0.0, 1.0, 0.0], [0.0, 0.0, 0.0, 1.0]], "cam_ids": [0, 1, 2, 3, 4, 5], "cam_channels": ["CAM_FRONT_LEFT", "CAM_FRONT", "CAM_FRONT_RIGHT", "CAM_BACK_LEFT", "CAM_BACK", "CAM_BACK_RIGHT"], "token": "c3ca62b90b974025a0c23203c3f3d14e", "scene": "scene-0296"}, {"images": ["samples/CAM_FRONT_LEFT/n008-2018-08-31-11-19-57-0400__CAM_FRONT_LEFT__1535729223004799.jpg", "samples/CAM_FRONT/n008-2018-08-31-11-19-57-0400__CAM_FRONT__1535729223012404.jpg", "samples/CAM_FRONT_RIGHT/n008-2018-08-31-11-19-57-0400__CAM_FRONT_RIGHT__1535729223020485.jpg", "samples/CAM_BACK_LEFT/n008-2018-08-31-11-19-57-0400__CAM_BACK_LEFT__1535729223047405.jpg", "samples/CAM_BACK/n008-2018-08-31-11-19-57-0400__CAM_BACK__1535729223037558.jpg", "samples/CAM_BACK_RIGHT/n008-2018-08-31-11-19-57-0400__CAM_BACK_RIGHT__1535729223028113.jpg"], "intrinsics": [[[1257.8625342125129, 0.0, 827.2410631095686], [0.0, 1257.8625342125129, 450.915498205774], [0.0, 0.0, 1.0]], [[1252.8131021185304, 0.0, 826.588114781398], [0.0, 1252.8131021185304, 469.9846626224581], [0.0, 0.0, 1.0]], [[1256.7485116440405, 0.0, 817.7887570959712], [0.0, 1256.7485116440403, 451.9541780095127], [0.0, 0.0, 1.0]], [[1254.9860565800168, 0.0, 829.5769333630991], [0.0, 1254.9860565800168, 467.1680561863987], [0.0, 0.0, 1.0]], [[796.8910634503094, 0.0, 857.7774326863696], [0.0, 796.8910634503094, 476.8848988407415], [0.0, 0.0, 1.0]], [[1249.9629280788233, 0.0, 825.3768045375984], [0.0, 1249.9629280788233, 462.54816385708756], [0.0, 0.0, 1.0]]], "extrinsics": [[[0.8223477602005005, -0.5684138536453247, -0.02549094520509243, -1.0050048828125], [-0.01030139159411192, 0.029919838532805443, -0.9994992017745972, 1.4883003234863281], [0.5688918828964233, 0.8221985697746277, 0.018749060109257698, -1.3333740234375], [0.0, 0.0, 0.0, 1.0]], [[0.01002590823918581, -0.9996145963668823, -0.025886600837111473, 0.00537109375], [-0.008345996960997581, 0.025803348049521446, -0.9996321797370911, 1.48016357421875], [0.999914824962616, 0.010238323360681534, -0.008084077388048172, -1.734771728515625], [0.0, 0.0, 0.0, 1.0]], [[-0.844142496585846, -0.5360449552536011, -0.008900168351829052, 1.090576171875], [-0.00032329405075870454, 0.017110075801610947, -0.9998535513877869, 1.493072509765625], [0.536118745803833, -0.8440159559249878, -0.014616644009947777, -1.2777099609375], [0.0, 0.0, 0.0, 1.0]], [[0.9477134346961975, 0.3188116252422333, -0.014085044153034687, -1.143951416015625], [-0.02569974958896637, 0.03225395455956459, -0.9991492629051208, 1.562042236328125], [-0.318086177110672, 0.947269082069397, 0.03876088932156563, -0.15625], [0.0, 0.0, 0.0, 1.0]], [[0.009436446242034435, 0.9996547698974609, 0.024520164355635643, -0.0286865234375], [-0.02357945218682289, 0.024736886844038963, -0.9994158744812012, 1.5680618286132812], [-0.9996774196624756, 0.008852801285684109, 0.023804740980267525, 0.044281005859375], [0.0, 0.0, 0.0, 1.0]], [[-0.9236268997192383, 0.382837176322937, 0.018683098256587982, 1.16064453125], [-0.01937883533537388, 0.0020393452141433954, -0.9998101592063904, 1.5478134155273438], [-0.3828025460243225, -0.9238135814666748, 0.005535343661904335, -0.043701171875], [0.0, 0.0, 0.0, 1.0]]], "view": [[0.0, -2.0, 100.0], [-2.0, 0.0, 100.0], [0.0, 0.0, 1.0]], "bev": "bev_2282ca20f2c74ee8b31eb559664fc66a.png", "aux": "aux_2282ca20f2c74ee8b31eb559664fc66a.npz", "visibility": "visibility_2282ca20f2c74ee8b31eb559664fc66a.png", "pose": [[-0.8537635803222656, -0.5206608176231384, 0.0, 431.58392333984375], [0.5206608176231384, -0.8537635803222656, 0.0, 1620.2327880859375], [0.0, 0.0, 1.0, 0.0], [0.0, 0.0, 0.0, 1.0]], "pose_inverse": [[-0.8537635803222656, 0.5206608176231384, 0.0, -475.12109375], [-0.5206608176231384, -0.8537635803222656, 0.0, 1608.004638671875], [0.0, 0.0, 1.0, 0.0], [0.0, 0.0, 0.0, 1.0]], "cam_ids": [0, 1, 2, 3, 4, 5], "cam_channels": ["CAM_FRONT_LEFT", "CAM_FRONT", "CAM_FRONT_RIGHT", "CAM_BACK_LEFT", "CAM_BACK", "CAM_BACK_RIGHT"], "token": "2282ca20f2c74ee8b31eb559664fc66a", "scene": "scene-0296"}, {"images": ["samples/CAM_FRONT_LEFT/n008-2018-08-31-11-19-57-0400__CAM_FRONT_LEFT__1535729223504799.jpg", "samples/CAM_FRONT/n008-2018-08-31-11-19-57-0400__CAM_FRONT__1535729223512404.jpg", "samples/CAM_FRONT_RIGHT/n008-2018-08-31-11-19-57-0400__CAM_FRONT_RIGHT__1535729223520482.jpg", "samples/CAM_BACK_LEFT/n008-2018-08-31-11-19-57-0400__CAM_BACK_LEFT__1535729223547405.jpg", "samples/CAM_BACK/n008-2018-08-31-11-19-57-0400__CAM_BACK__1535729223537558.jpg", "samples/CAM_BACK_RIGHT/n008-2018-08-31-11-19-57-0400__CAM_BACK_RIGHT__1535729223528113.jpg"], "intrinsics": [[[1257.8625342125129, 0.0, 827.2410631095686], [0.0, 1257.8625342125129, 450.915498205774], [0.0, 0.0, 1.0]], [[1252.8131021185304, 0.0, 826.588114781398], [0.0, 1252.8131021185304, 469.9846626224581], [0.0, 0.0, 1.0]], [[1256.7485116440405, 0.0, 817.7887570959712], [0.0, 1256.7485116440403, 451.9541780095127], [0.0, 0.0, 1.0]], [[1254.9860565800168, 0.0, 829.5769333630991], [0.0, 1254.9860565800168, 467.1680561863987], [0.0, 0.0, 1.0]], [[796.8910634503094, 0.0, 857.7774326863696], [0.0, 796.8910634503094, 476.8848988407415], [0.0, 0.0, 1.0]], [[1249.9629280788233, 0.0, 825.3768045375984], [0.0, 1249.9629280788233, 462.54816385708756], [0.0, 0.0, 1.0]]], "extrinsics": [[[0.8223161101341248, -0.5684616565704346, -0.025449030101299286, -1.0050048828125], [-0.010265939868986607, 0.029895532876253128, -0.9995002746582031, 1.4883003234863281], [0.5689384937286377, 0.8221664428710938, 0.018747784197330475, -1.3333740234375], [0.0, 0.0, 0.0, 1.0]], [[0.009975643828511238, -0.9996156096458435, -0.02586641162633896, 0.00537109375], [-0.008326893672347069, 0.025783758610486984, -0.9996328949928284, 1.48016357421875], [0.9999155402183533, 0.01018737256526947, -0.008066481910645962, -1.73468017578125], [0.0, 0.0, 0.0, 1.0]], [[-0.8441643118858337, -0.5360108017921448, -0.008892941288650036, 1.090667724609375], [-0.00032174660009332, 0.01709526777267456, -0.999853789806366, 1.493072509765625], [0.5360844731330872, -0.8440379500389099, -0.014603675343096256, -1.2777099609375], [0.0, 0.0, 0.0, 1.0]], [[0.9477190375328064, 0.31879523396492004, -0.014081381261348724, -1.1438827514648438], [-0.025697635486721992, 0.03226126730442047, -0.9991490840911865, 1.5620498657226562], [-0.3180697560310364, 0.9472744464874268, 0.038766905665397644, -0.1563720703125], [0.0, 0.0, 0.0, 1.0]], [[0.00945337675511837, 0.9996547102928162, 0.024517515674233437, -0.0286865234375], [-0.02357744239270687, 0.024734623730182648, -0.999415934085846, 1.5680656433105469]