[{"images": ["samples/CAM_FRONT_LEFT/n008-2018-09-18-14-43-59-0400__CAM_FRONT_LEFT__1537296324354799.jpg", "samples/CAM_FRONT/n008-2018-09-18-14-43-59-0400__CAM_FRONT__1537296324362709.jpg", "samples/CAM_FRONT_RIGHT/n008-2018-09-18-14-43-59-0400__CAM_FRONT_RIGHT__1537296324370482.jpg", "samples/CAM_BACK_LEFT/n008-2018-09-18-14-43-59-0400__CAM_BACK_LEFT__1537296324397405.jpg", "samples/CAM_BACK/n008-2018-09-18-14-43-59-0400__CAM_BACK__1537296324387880.jpg", "samples/CAM_BACK_RIGHT/n008-2018-09-18-14-43-59-0400__CAM_BACK_RIGHT__1537296324378113.jpg"], "intrinsics": [[[1257.8625342125129, 0.0, 827.2410631095686], [0.0, 1257.8625342125129, 450.915498205774], [0.0, 0.0, 1.0]], [[1252.8131021185304, 0.0, 826.588114781398], [0.0, 1252.8131021185304, 469.9846626224581], [0.0, 0.0, 1.0]], [[1256.7485116440405, 0.0, 817.7887570959712], [0.0, 1256.7485116440403, 451.9541780095127], [0.0, 0.0, 1.0]], [[1254.9860565800168, 0.0, 829.5769333630991], [0.0, 1254.9860565800168, 467.1680561863987], [0.0, 0.0, 1.0]], [[796.8910634503094, 0.0, 857.7774326863696], [0.0, 796.8910634503094, 476.8848988407415], [0.0, 0.0, 1.0]], [[1249.9629280788233, 0.0, 825.3768045375984], [0.0, 1249.9629280788233, 462.54816385708756], [0.0, 0.0, 1.0]]], "extrinsics": [[[0.8220939040184021, -0.5681490898132324, 0.0369890034198761, -0.7454833984375], [0.059602390974760056, 0.021268900483846664, -0.9979956150054932, 1.5069351196289062], [0.5662235021591187, 0.8226507306098938, 0.05134807899594307, -1.15789794921875], [0.0, 0.0, 0.0, 1.0]], [[0.011547957547008991, -0.9997966289520264, -0.016533393412828445, 0.01055908203125], [0.0616968497633934, 0.017215415835380554, -0.9979464411735535, 1.495941162109375], [0.9980280995368958, 0.010504180565476418, 0.061883099377155304, -1.478759765625], [0.0, 0.0, 0.0, 1.0]], [[-0.8417127728462219, -0.5361753702163696, -0.06352612376213074, 0.921875], [0.06983660161495209, 0.008553788997232914, -0.9975217580795288, 1.5071334838867188], [0.5353900194168091, -0.8440633416175842, 0.03024483472108841, -1.168212890625], [0.0, 0.0, 0.0, 1.0]], [[0.9467781186103821, 0.31794530153274536, 0.05021888017654419, -1.1300048828125], [0.045012183487415314, 0.023706283420324326, -0.9987051486968994, 1.5626983642578125], [-0.3187241554260254, 0.9478126168251038, 0.0081331767141819, -0.160888671875], [0.0, 0.0, 0.0, 1.0]], [[0.008768768049776554, 0.9998232126235962, 0.016632264479994774, -0.02862548828125], [0.04698094353079796, 0.016202609986066818, -0.9987643361091614, 1.57183837890625], [-0.998857319355011, 0.009539335034787655, -0.04683056101202965, -0.0364990234375], [0.0, 0.0, 0.0, 1.0]], [[-0.9223616123199463, 0.38313740491867065, -0.049546897411346436, 1.0233154296875], [0.05094316601753235, -0.00650809844955802, -0.9986803531646729, 1.5553817749023438], [-0.3829541802406311, -0.9236685037612915, -0.013515409082174301, -0.099456787109375], [0.0, 0.0, 0.0, 1.0]]], "view": [[0.0, -2.0, 100.0], [-2.0, 0.0, 100.0], [0.0, 0.0, 1.0]], "bev": "bev_9305cb9363a84ff0946c72d1e01114f1.png", "aux": "aux_9305cb9363a84ff0946c72d1e01114f1.npz", "visibility": "visibility_9305cb9363a84ff0946c72d1e01114f1.png", "pose": [[-0.6413978338241577, 0.767208456993103, 0.0, 1380.0557861328125], [-0.767208456993103, -0.6413978338241577, 0.0, 1160.3304443359375], [0.0, 0.0, 1.0, 0.0], [0.0, 0.0, 0.0, 1.0]], "pose_inverse": [[-0.6413978338241577, -0.767208456993103, 0.0, 1775.380126953125], [0.767208456993103, -0.6413978338241577, 0.0, -314.5570983886719], [0.0, 0.0, 1.0, 0.0], [0.0, 0.0, 0.0, 1.0]], "cam_ids": [0, 1, 2, 3, 4, 5], "cam_channels": ["CAM_FRONT_LEFT", "CAM_FRONT", "CAM_FRONT_RIGHT", "CAM_BACK_LEFT", "CAM_BACK", "CAM_BACK_RIGHT"], "token": "9305cb9363a84ff0946c72d1e01114f1", "scene": "scene-0639"}, {"images": ["samples/CAM_FRONT_LEFT/n008-2018-09-18-14-43-59-0400__CAM_FRONT_LEFT__1537296324854799.jpg", "samples/CAM_FRONT/n008-2018-09-18-14-43-59-0400__CAM_FRONT__1537296324862404.jpg", "samples/CAM_FRONT_RIGHT/n008-2018-09-18-14-43-59-0400__CAM_FRONT_RIGHT__1537296324870482.jpg", "samples/CAM_BACK_LEFT/n008-2018-09-18-14-43-59-0400__CAM_BACK_LEFT__1537296324897405.jpg", "samples/CAM_BACK/n008-2018-09-18-14-43-59-0400__CAM_BACK__1537296324887558.jpg", "samples/CAM_BACK_RIGHT/n008-2018-09-18-14-43-59-0400__CAM_BACK_RIGHT__1537296324878113.jpg"], "intrinsics": [[[1257.8625342125129, 0.0, 827.2410631095686], [0.0, 1257.8625342125129, 450.915498205774], [0.0, 0.0, 1.0]], [[1252.8131021185304, 0.0, 826.588114781398], [0.0, 1252.8131021185304, 469.9846626224581], [0.0, 0.0, 1.0]], [[1256.7485116440405, 0.0, 817.7887570959712], [0.0, 1256.7485116440403, 451.9541780095127], [0.0, 0.0, 1.0]], [[1254.9860565800168, 0.0, 829.5769333630991], [0.0, 1254.9860565800168, 467.1680561863987], [0.0, 0.0, 1.0]], [[796.8910634503094, 0.0, 857.7774326863696], [0.0, 796.8910634503094, 476.8848988407415], [0.0, 0.0, 1.0]], [[1249.9629280788233, 0.0, 825.3768045375984], [0.0, 1249.9629280788233, 462.54816385708756], [0.0, 0.0, 1.0]]], "extrinsics": [[[0.8219743967056274, -0.5683754086494446, 0.03615954518318176, -0.76708984375], [0.05556616932153702, 0.016847029328346252, -0.9983128309249878, 1.5042800903320312], [0.5668072700500488, 0.8225969076156616, 0.0454302653670311, -1.17138671875], [0.0, 0.0, 0.0, 1.0]], [[0.011090481653809547, -0.9998655319213867, -0.012076317332684994, 0.009613037109375], [0.05744405463337898, 0.012694191187620163, -0.9982680678367615, 1.4939117431640625], [0.9982870817184448, 0.010377506725490093, 0.057577118277549744, -1.4957275390625], [0.0, 0.0, 0.0, 1.0]], [[-0.8421578407287598, -0.5361777544021606, -0.057302314788103104, 0.9339599609375], [0.06537053734064102, 0.003966927994042635, -0.99785315990448, 1.5052719116210938], [0.5352540612220764, -0.844095766544342, 0.0317094549536705, -1.1767578125], [0.0, 0.0, 0.0, 1.0]], [[0.947040319442749, 0.31812384724617004, 0.04372542351484299, -1.1351318359375], [0.039725594222545624, 0.019053040072321892, -0.9990289211273193, 1.562408447265625], [-0.318648099899292, 0.9478576183319092, 0.005406332202255726, -0.1590576171875], [0.0, 0.0, 0.0, 1.0]], [[0.008974339812994003, 0.9998884797096252, 0.011942285113036633, -0.028717041015625], [0.04191253334283829, 0.01155614573508501, -0.9990544319152832, 1.5711593627929688], [-0.999081015586853, 0.009466392919421196, -0.041804149746894836, -0.0296630859375], [0.0, 0.0, 0.0, 1.0]], [[-0.9224952459335327, 0.3831382989883423, -0.04698267951607704, 1.034423828125], [0.04625054448843002, -0.011128039099276066, -0.9988678693771362, 1.55413818359375], [-0.38322731852531433, -0.9236239194869995, -0.007454788777977228, -0.095123291015625], [0.0, 0.0, 0.0, 1.0]]], "view": [[0.0, -2.0, 100.0], [-2.0, 0.0, 100.0], [0.0, 0.0, 1.0]], "bev": "bev_b6a1b1aa646f46a4a391f4d3e8a53d5f.png", "aux": "aux_b6a1b1aa646f46a4a391f4d3e8a53d5f.npz", "visibility": "visibility_b6a1b1aa646f46a4a391f4d3e8a53d5f.png", "pose": [[-0.6499063968658447, 0.7600142359733582, 0.0, 1377.861572265625], [-0.7600142359733582, -0.6499063968658447, 0.0, 1157.76025390625], [0.0, 0.0, 1.0, 0.0], [0.0, 0.0, 0.0, 1.0]], "pose_inverse": [[-0.6499063968658447, -0.7600142359733582, 0.0, 1775.3953857421875], [0.7600142359733582, -0.6499063968658447, 0.0, -294.7585754394531], [0.0, 0.0, 1.0, 0.0], [0.0, 0.0, 0.0, 1.0]], "cam_ids": [0, 1, 2, 3, 4, 5], "cam_channels": ["CAM_FRONT_LEFT", "CAM_FRONT", "CAM_FRONT_RIGHT", "CAM_BACK_LEFT", "CAM_BACK", "CAM_BACK_RIGHT"], "token": "b6a1b1aa646f46a4a391f4d3e8a53d5f", "scene": "scene-0639"}, {"images": ["samples/CAM_FRONT_LEFT/n008-2018-09-18-14-43-59-0400__CAM_FRONT_LEFT__1537296325354799.jpg", "samples/CAM_FRONT/n008-2018-09-18-14-43-59-0400__CAM_FRONT__1537296325362404.jpg", "samples/CAM_FRONT_RIGHT/n008-2018-09-18-14-43-59-0400__CAM_FRONT_RIGHT__1537296325370482.jpg", "samples/CAM_BACK_LEFT/n008-2018-09-18-14-43-59-0400__CAM_BACK_LEFT__1537296325397405.jpg", "samples/CAM_BACK/n008-2018-09-18-14-43-59-0400__CAM_BACK__1537296325387558.jpg", "samples/CAM_BACK_RIGHT/n008-2018-09-18-14-43-59-0400__CAM_BACK_RIGHT__1537296325378113.jpg"], "intrinsics": [[[1257.8625342125129, 0.0, 827.2410631095686], [0.0, 1257.8625342125129, 450.915498205774], [0.0, 0.0, 1.0]], [[1252.8131021185304, 0.0, 826.588114781398], [0.0, 1252.8131021185304, 469.9846626224581], [0.0, 0.0, 1.0]], [[1256.7485116440405, 0.0, 817.7887570959712], [0.0, 1256.7485116440403, 451.9541780095127], [0.0, 0.0, 1.0]], [[1254.9860565800168, 0.0, 829.5769333630991], [0.0, 1254.9860565800168, 467.1680561863987], [0.0, 0.0, 1.0]], [[796.8910634503094, 0.0, 857.7774326863696], [0.0, 796.8910634503094, 476.8848988407415], [0.0, 0.0, 1.0]], [[1249.9629280788233, 0.0, 825.3768045375984], [0.0, 1249.9629280788233, 462.54816385708756], [0.0, 0.0, 1.0]]], "extrinsics": [[[0.821729838848114, -0.5689120888710022, 0.03315277397632599, -0.7828369140625], [0.05077456682920456, 0.01514605525881052, -0.9985952377319336, 1.5019683837890625], [0.5676108002662659, 0.8222588300704956, 0.04133223369717598, -1.181396484375], [0.0, 0.0, 0.0, 1.0]], [[0.01040306780487299, -0.9998921751976013, -0.010367031209170818, 0.008697509765625], [0.05268186330795288, 0.010901249945163727, -0.9985518455505371, 1.4918441772460938], [0.9985570907592773, 0.009841886349022388, 0.052789587527513504, -1.5133056640625], [0.0, 0.0, 0.0, 1.0]], [[-0.8426855802536011, -0.5358588695526123, -0.052308302372694016, 0.946533203125], [0.06063365936279297, 0.0020841911900788546, -0.9981579184532166, 1.5034561157226562], [0.534980833530426, -0.8443050384521484, 0.030734771862626076, -1.1854248046875], [0.0, 0.0, 0.0, 1.0]], [[0.9472367167472839, 0.318184494972229, 0.03874484822154045, -1.1390380859375], [0.03514375910162926, 0.017052408307790756, -0.9992368221282959, 1.5622138977050781], [-0.31860241293907166, 0.947875440120697, 0.004970467649400234, -0.157470703125], [0.0, 0.0, 0.0, 1.0]], [[0.00920470803976059, 0.9999085664749146, 0.009907588362693787, -0.0283203125], [0.03730273246765137, 0.009557751938700676, -0.999258279800415, 1.5705108642578125], [-0.9992616176605225, 0.009567475877702236, -0.0372113473713398, -0.0213623046875], [0.0, 0.0, 0.0, 1.0]], [[-0.9225730895996094, 0.3833771347999573, -0.04336827993392944, 1.046142578125], [0.041532181203365326, -0.013069852255284786, -0.9990516304969788, 1.5529708862304688], [-0.38358035683631897, -0.9234994053840637, -0.0038645961321890354, -0.090972900390625], [0.0, 0.0, 0.0, 1.0]]], "view": [[0.0, -2.0, 100.0], [-2.0, 0.0, 100.0], [0.0, 0.0, 1.0]], "bev": "bev_296141e7652f41408c34451332bc2be2.png", "aux": "aux_296141e7652f41408c34451332bc2be2.npz", "visibility": "visibility_296141e7652f41408c34451332bc2be2.png", "pose": [[-0.6583229303359985, 0.7527356147766113, 0.0, 1375.7109375], [-0.7527356147766113, -0.6583229303359985, 0.0, 1155.3212890625], [0.0, 0.0, 1.0, 0.0], [0.0, 0.0, 0.0, 1.0]], "pose_inverse": [[-0.6583229303359985, -0.7527356147766113, 0.0, 1775.3135986328125], [0.7527356147766113, -0.6583229303359985, 0.0, -274.9720764160156], [0.0, 0.0, 1.0, 0.0], [0.0, 0.0, 0.0, 1.0]], "cam_ids": [0, 1, 2, 3, 4, 5], "cam_channels": ["CAM_FRONT_LEFT", "CAM_FRONT", "CAM_FRONT_RIGHT", "CAM_BACK_LEFT", "CAM_BACK", "CAM_BACK_RIGHT"], "token": "296141e7652f41408c34451332bc2be2", "scene": "scene-0639"}, {"images": ["samples/CAM_FRONT_LEFT/n008-2018-09-18-14-43-59-0400__CAM_FRONT_LEFT__1537296325904799.jpg", "samples/CAM_FRONT/n008-2018-09-18-14-43-59-0400__CAM_FRONT__1537296325912404.jpg", "samples/CAM_FRONT_RIGHT/n008-2018-09-18-14-43-59-0400__CAM_FRONT_RIGHT__1537296325920482.jpg", "samples/CAM_BACK_LEFT/n008-2018-09-18-14-43-59-0400__CAM_BACK_LEFT__1537296325947405.jpg", "samples/CAM_BACK/n008-2018-09-18-14-43-59-0400__CAM_BACK__1537296325937558.jpg", "samples/CAM_BACK_RIGHT/n008-2018-09-18-14-43-59-0400__CAM_BACK_RIGHT__1537296325928113.jpg"], "intrinsics": [[[1257.8625342125129, 0.0, 827.2410631095686], [0.0, 1257.8625342125129, 450.915498205774], [0.0, 0.0, 1.0]], [[1252.8131021185304, 0.0, 826.588114781398], [0.0, 1252.8131021185304, 469.9846626224581], [0.0, 0.0, 1.0]], [[1256.7485116440405, 0.0, 817.7887570959712], [0.0, 1256.7485116440403, 451.9541780095127], [0.0, 0.0, 1.0]], [[1254.9860565800168, 0.0, 829.5769333630991], [0.0, 1254.9860565800168, 467.1680561863987], [0.0, 0.0, 1.0]], [[796.8910634503094, 0.0, 857.7774326863696], [0.0, 796.8910634503094, 476.8848988407415], [0.0, 0.0, 1.0]], [[1249.9629280788233, 0.0, 825.3768045375984], [0.0, 1249.9629280788233, 462.54816385708756], [0.0, 0.0, 1.0]]], "extrinsics": [[[0.8222934603691101, -0.5682653784751892, 0.030132124200463295, -0.7967529296875], [0.05011875182390213, 0.019575096666812897, -0.9985514283180237, 1.5009231567382812], [0.566852331161499, 0.8226125240325928, 0.0445772260427475, -1.191162109375], [0.0, 0.0, 0.0, 1.0]], [[0.011223061010241508, -0.9998234510421753, -0.015073055401444435, 0.008453369140625], [0.052080925554037094, 0.015638019889593124, -0.9985204339027405, 1.4909515380859375], [0.998579740524292, 0.01042143814265728, 0.05224723368883133, -1.5277099609375], [0.0, 0.0, 0.0, 1.0]], [[-0.8423551321029663, -0.5361550450325012, -0.054549723863601685, 0.9564208984375], [0.060097940266132355, 0.007135865744203329, -0.9981669783592224, 1.502655029296875], [0.5355615019798279, -0.8440893888473511, 0.026210879907011986, -1.1915283203125], [0.0, 0.0, 0.0, 1.0]], [[0.9471961259841919, 0.3181361258029938, 0.04011178016662598, -1.138671875], [0.0345928929746151, 0.022980477660894394, -0.9991372227668762, 1.5622291564941406], [-0.3187834918498993, 0.9477665424346924, 0.010761766694486141, -0.15789794921875], [0.0, 0.0, 0.0, 1.0]], [[0.008852940052747726, 0.999839723110199, 0.015564252622425556, -0.0285491943359375], [0.036809876561164856, 0.01522846706211567, -0.9992062449455261, 1.5703163146972656], [-0.9992830753326416, 0.009418775327503681, -0.036669157445430756, -0.01708984375], [0.0, 0.0, 0.0, 1.0]], [[-0.9227942824363708, 0.3831203579902649, -0.04086049646139145, 1.05419921875], [0.041031498461961746, -0.007729256525635719, -0.999127984046936, 1.5525360107421875], [-0.3831019401550293, -0.9236661195755005, -0.008587486110627651, -0.08746337890625], [0.0, 0.0, 0.0, 1.0]]], "view": [[0.0, -2.0, 100.0], [-2.0, 0.0, 100.0], [0.0, 0.0, 1.0]], "bev": "bev_391e7dde38e8406eb0882fa6aba62e53.png", "aux": "aux_391e7dde38e8406eb0882fa6aba62e53.npz", "visibility": "visibility_391e7dde38e8406eb0882fa6aba62e53.png", "pose": [[-0.6655575633049011, 0.7463465332984924, 0.0, 1373.5091552734375], [-0.7463465332984924, -0.6655575633049011, 0.0, 1152.851318359375], [0.0, 0.0, 1.0, 0.0], [0.0, 0.0, 0.0, 1.0]], "pose_inverse": [[-0.6655575633049011, -0.7463465332984924, 0.0, 1774.575927734375], [0.7463465332984924, -0.6655575633049011, 0.0, -257.82489013671875], [0.0, 0.0, 1.0, 0.0], [0.0, 0.0, 0.0, 1.0]], "cam_ids": [0, 1, 2, 3, 4, 5], "cam_channels": ["CAM_FRONT_LEFT", "CAM_FRONT", "CAM_FRONT_RIGHT", "CAM_BACK_LEFT", "CAM_BACK", "CAM_BACK_RIGHT"], "token": "391e7dde38e8406eb0882fa6aba62e53", "scene": "scene-0639"}, {"images": ["samples/CAM_FRONT_LEFT/n008-2018-09-18-14-43-59-0400__CAM_FRONT_LEFT__1537296326404799.jpg", "samples/CAM_FRONT/n008-2018-09-18-14-43-59-0400__CAM_FRONT__1537296326412404.jpg", "samples/CAM_FRONT_RIGHT/n008-2018-09-18-14-43-59-0400__CAM_FRONT_RIGHT__1537296326420482.jpg", "samples/CAM_BACK_LEFT/n008-2018-09-18-14-43-59-0400__CAM_BACK_LEFT__1537296326447405.jpg", "samples/CAM_BACK/n008-2018-09-18-14-43-59-0400__CAM_BACK__1537296326437558.jpg", "samples/CAM_BACK_RIGHT/n008-2018-09-18-14-43-59-0400__CAM_BACK_RIGHT__1537296326428113.jpg"], "intrinsics": [[[1257.8625342125129, 0.0, 827.2410631095686], [0.0, 1257.8625342125129, 450.915498205774], [0.0, 0.0, 1.0]], [[1252.8131021185304, 0.0, 826.588114781398], [0.0, 1252.8131021185304, 469.9846626224581], [0.0, 0.0, 1.0]], [[1256.7485116440405, 0.0, 817.7887570959712], [0.0, 1256.7485116440403, 451.9541780095127], [0.0, 0.0, 1.0]], [[1254.9860565800168, 0.0, 829.5769333630991], [0.0, 1254.9860565800168, 467.1680561863987], [0.0, 0.0, 1.0]], [[796.8910634503094, 0.0, 857.7774326863696], [0.0, 796.8910634503094, 476.8848988407415], [0.0, 0.0, 1.0]], [[1249.9629280788233, 0.0, 825.3768045375984], [0.0, 1249.9629280788233, 462.54816385708756], [0.0, 0.0, 1.0]]], "extrinsics": [[[0.8224765062332153, -0.5682497024536133, 0.024992620572447777, -0.8206787109375], [0.04684827849268913, 0.023886632174253464, -0.9986163973808289, 1.4987030029296875], [0.5668665170669556, 0.8225094079971313, 0.04626771807670593, -1.20831298828125], [0.0, 0.0, 0.0, 1.0]], [[0.011303595267236233, -0.9997503757476807, -0.01927359588444233, 0.0089111328125], [0.04854181408882141, 0.019800733774900436, -0.9986249208450317, 1.489013671875], [0.9987570643424988, 0.01035244669765234, 0.048753514885902405, -1.552001953125], [0.0, 0.0, 0.0, 1.0]], [[-0.8424977660179138, -0.5360377430915833, -0.05348822847008705, 0.972900390625], [0.05629773065447807, 0.011136088520288467, -0.9983518719673157, 1.5009613037109375], [0.5357500314712524, -0.8441205024719238, 0.020795583724975586, -1.201171875], [0.0, 0.0, 0.0, 1.0]], [[0.9473068714141846, 0.31817418336868286, 0.037079568952322006, -1.14013671875], [0.030274100601673126, 0.026309072971343994, -0.9991952776908875, 1.5621719360351562], [-0.3188936710357666, 0.947667121887207, 0.01529032550752163, -0.15753173828125], [0.0, 0.0, 0.0, 1.0]], [[0.008780344389379025, 0.9997789263725281, 0.019107844680547714, -0.0288848876953125], [0.032594192773103714, 0.018812282010912895, -0.9992915987968445, 1.5698051452636719], [-0.9994301199913025, 0.00939691811800003, -0.03242180868983269, -0.00927734375], [0.0, 0.0, 0.0, 1.0]], [[-0.9229899644851685, 0.38315942883491516, -0.03575490042567253, 1.06689453125], [0.03708649054169655, -0.003913708496838808, -0.9993044137954712, 1.5515670776367188], [-0.3830328583717346, -0.9236739277839661, -0.010597726330161095, -0.08154296875], [0.0, 0.0, 0.0, 1.0]]], "view": [[0.0, -2.0, 100.0], [-2.0, 0.0, 100.0], [0.0, 0.0, 1.0]], "bev": "bev_3c86b242d5a14d0e9836d7c44cc17c78.png", "aux": "aux_3c86b242d5a14d0e9836d7c44cc17c78.npz", "visibility": "visibility_3c86b242d5a14d0e9836d7c44cc17c78.png", "pose": [[-0.673285722732544, 0.7393823862075806, 0.0, 1371.67626953125], [-0.7393823862075806, -0.673285722732544, 0.0, 1150.837890625], [0.0, 0.0, 1.0, 0.0], [0.0, 0.0, 0.0, 1.0]], "pose_inverse": [[-0.673285722732544, -0.7393823862075806, 0.0, 1774.4393310546875], [0.7393823862075806, -0.673285722732544, 0.0, -239.35055541992188], [0.0, 0.0, 1.0, 0.0], [0.0, 0.0, 0.0, 1.0]], "cam_ids": [0, 1, 2, 3, 4, 5], "cam_channels": ["CAM_FRONT_LEFT", "CAM_FRONT", "CAM_FRONT_RIGHT", "CAM_BACK_LEFT", "CAM_BACK", "CAM_BACK_RIGHT"], "token": "3c86b242d5a14d0e9836d7c44cc17c78", "scene": "scene-0639"}, {"images": ["samples/CAM_FRONT_LEFT/n008-2018-09-18-14-43-59-0400__CAM_FRONT_LEFT__1537296326904799.jpg", "samples/CAM_FRONT/n008-2018-09-18-14-43-59-0400__CAM_FRONT__1537296326912404.jpg", "samples/CAM_FRONT_RIGHT/n008-2018-09-18-14-43-59-0400__CAM_FRONT_RIGHT__1537296326920482.jpg", "samples/CAM_BACK_LEFT/n008-2018-09-18-14-43-59-0400__CAM_BACK_LEFT__1537296326947405.jpg", "samples/CAM_BACK/n008-2018-09-18-14-43-59-0400__CAM_BACK__1537296326937558.jpg", "samples/CAM_BACK_RIGHT/n008-2018-09-18-14-43-59-0400__CAM_BACK_RIGHT__1537296326928113.jpg"], "intrinsics": [[[1257.8625342125129, 0.0, 827.2410631095686], [0.0, 1257.8625342125129, 450.915498205774], [0.0, 0.0, 1.0]], [[1252.8131021185304, 0.0, 826.588114781398], [0.0, 1252.8131021185304, 469.9846626224581], [0.0, 0.0, 1.0]], [[1256.7485116440405, 0.0, 817.7887570959712], [0.0, 1256.7485116440403, 451.9541780095127], [0.0, 0.0, 1.0]], [[1254.9860565800168, 0.0, 829.5769333630991], [0.0, 1254.9860565800168, 467.1680561863987], [0.0, 0.0, 1.0]], [[796.8910634503094, 0.0, 857.7774326863696], [0.0, 796.8910634503094, 476.8848988407415], [0.0, 0.0, 1.0]], [[1249.9629280788233, 0.0, 825.3768045375984], [0.0, 1249.9629280788233, 462.54816385708756], [0.0, 0.0, 1.0]]], "extrinsics": [[[0.8221352100372314, -0.5688735842704773, 0.021832209080457687, -0.841552734375], [0.043262869119644165, 0.02419264055788517, -0.9987707734107971, 1.4968414306640625], [0.5676462054252625, 0.8220691084861755, 0.04450072720646858, -1.2218017578125], [0.0, 0.0, 0.0, 1.0]], [[0.010686183348298073, -0.9997504949569702, -0.01961599290370941, 0.0079193115234375], [0.045348357409238815, 0.02008146606385708, -0.9987693428993225, 1.4875946044921875], [0.9989140629768372, 0.009783441200852394, 0.04555163159966469, -1.57080078125], [0.0, 0.0, 0.0, 1.0]], [[-0.8428303003311157, -0.5357314944267273, -0.05127205327153206, 0.98291015625], [0.05350147560238838, 0.01139118243008852, -0.998502790927887, 1.4999237060546875], [0.5355134606361389, -0.844311535358429, 0.01906159333884716, -1.2086181640625], [0.0, 0.0, 0.0, 1.0]], [[0.9473557472229004, 0.3181965947151184, 0.03561001271009445, -1.138671875], [0.028608569875359535, 0.026651110500097275, -0.9992353916168213, 1.5622062683105469], [-0.3189023733139038, 0.9476500749588013, 0.016144929453730583, -0.1578369140625], [0.0, 0.0, 0.0, 1.0]], [[0.008901757188141346, 0.9997727274894714, 0.019368572160601616, -0.028594970703125], [0.030567845329642296, 0.019088219851255417, -0.999350368976593, 1.5696067810058594], [-0.9994931221008301, 0.009487991221249104, -0.03039098158478737, -0.006103515625], [0.0, 0.0, 0.0, 1.0]], [[-0.9230016469955444, 0.3833481967449188, -0.033348601311445236, 1.073974609375], [0.034591905772686005, -0.0036521253641694784, -0.9993948340415955, 1.551055908203125], [-0.3832380175590515, -0.9235966801643372, -0.009889822453260422, -0.079254150390625], [0.0, 0.0, 0.0, 1.0]]], "view": [[0.0, -2.0, 100.0], [-2.0, 0.0, 100.0], [0.0, 0.0, 1.0]], "bev": "bev_56e957f241fd439a82d9a712446ccd49.png", "aux": "aux_56e957f241fd439a82d9a712446ccd49.npz", "visibility": "visibility_56e957f241fd439a82d9a712446ccd49.png", "pose": [[-0.6765404343605042, 0.7364054918289185, 0.0, 1370.07080078125], [-0.7364054918289185, -0.6765404343605042, 0.0, 1149.1036376953125], [0.0, 0.0, 1.0, 0.0], [0.0, 0.0, 0.0, 1.0]], "pose_inverse": [[-0.6765404343605042, -0.7364054918289185, 0.0, 1773.114501953125], [0.7364054918289185, -0.6765404343605042, 0.0, -231.51263427734375], [0.0, 0.0, 1.0, 0.0], [0.0, 0.0, 0.0, 1.0]], "cam_ids": [0, 1, 2, 3, 4, 5], "cam_channels": ["CAM_FRONT_LEFT", "CAM_FRONT", "CAM_FRONT_RIGHT", "CAM_BACK_LEFT", "CAM_BACK", "CAM_BACK_RIGHT"], "token": "56e957f241fd439a82d9a712446ccd49", "scene": "scene-0639"}, {"images": ["samples/CAM_FRONT_LEFT/n008-2018-09-18-14-43-59-0400__CAM_FRONT_LEFT__1537296327404799.jpg", "samples/CAM_FRONT/n008-2018-09-18-14-43-59-0400__CAM_FRONT__1537296327412404.jpg", "samples/CAM_FRONT_RIGHT/n008-2018-09-18-14-43-59-0400__CAM_FRONT_RIGHT__1537296327420482.jpg", "samples/CAM_BACK_LEFT/n008-2018-09-18-14-43-59-0400__CAM_BACK_LEFT__1537296327447405.jpg", "samples/CAM_BACK/n008-2018-09-18-14-43-59-0400__CAM_BACK__1537296327437558.jpg", "samples/CAM_BACK_RIGHT/n008-2018-09-18-14-43-59-0400__CAM_BACK_RIGHT__1537296327428113.jpg"], "intrinsics": [[[1257.8625342125129, 0.0, 827.2410631095686], [0.0, 1257.8625342125129, 450.915498205774], [0.0, 0.0, 1.0]], [[1252.8131021185304, 0.0, 826.588114781398], [0.0, 1252.8131021185304, 469.9846626224581], [0.0, 0.0, 1.0]], [[1256.7485116440405, 0.0, 817.7887570959712], [0.0, 1256.7485116440403, 451.9541780095127], [0.0, 0.0, 1.0]], [[1254.9860565800168, 0.0, 829.5769333630991], [0.0, 1254.9860565800168, 467.1680561863987], [0.0, 0.0, 1.0]], [[796.8910634503094, 0.0, 857.7774326863696], [0.0, 796.8910634503094, 476.8848988407415], [0.0, 0.0, 1.0]], [[1249.9629280788233, 0.0, 825.3768045375984], [0.0, 1249.9629280788233, 462.54816385708756], [0.0, 0.0, 1.0]]], "extrinsics": [[[0.822052538394928, -0.56899493932724, 0.021783320233225822, -0.8553466796875], [0.04461145028471947, 0.026219604536890984, -0.9986602663993835, 1.4962692260742188], [0.567661464214325, 0.8219230771064758, 0.04693758115172386, -1.23291015625], [0.0, 0.0, 0.0, 1.0]], [[0.010616389103233814, -0.9997075200080872, -0.021732058376073837, 0.0088958740234375], [0.046636901795864105, 0.022204658016562462, -0.9986650943756104, 1.4870529174804688], [0.998855471611023, 0.009588618762791157, 0.04685898870229721, -1.5863037109375], [0.0, 0.0, 0.0, 1.0]], [[-0.8428212404251099, -0.5355283617973328, -0.05349693074822426, 0.9947509765625], [0.05472157523036003, 0.013615173287689686, -0.9984087944030762, 1.4993515014648438], [0.535404622554779, -0.8444074988365173, 0.01782979629933834, -1.214599609375], [0.0, 0.0, 0.0, 1.0]], [[0.9473149180412292, 0.3181372284889221, 0.03718998283147812, -1.1416015625], [0.02947014756500721, 0.02904602512717247, -0.9991435408592224, 1.562103271484375], [-0.318945050239563, 0.9475996494293213, 0.01814018003642559, -0.15679931640625], [0.0, 0.0, 0.0, 1.0]], [[0.008908148854970932, 0.9997235536575317, 0.021762002259492874, -0.02911376953125], [0.0315764844417572, 0.021470777690410614, -0.9992706775665283, 1.569427490234375], [-0.9994616508483887, 0.009588825516402721, -0.03137649595737457, 0.000732421875], [0.0, 0.0, 0.0, 1.0]], [[-0.9229310750961304, 0.3835063576698303, -0.03348353132605553, 1.0831298828125], [0.03569987416267395, -0.001339310547336936, -0.9993616938591003, 1.5507965087890625], [-0.3833063244819641, -0.9235373139381409, -0.01245503406971693, -0.074554443359375], [0.0, 0.0, 0.0, 1.0]]], "view": [[0.0, -2.0, 100.0], [-2.0, 0.0, 100.0], [0.0, 0.0, 1.0]], "bev": "bev_0d590fc3a5bf465eb6d0dac82ed357fa.png", "aux": "aux_0d590fc3a5bf465eb6d0dac82ed357fa.npz", "visibility": "visibility_0d590fc3a5bf465eb6d0dac82ed357fa.png", "pose": [[-0.6766098141670227, 0.7363417744636536, 0.0, 1368.6226806640625], [-0.7363417744636536, -0.6766098141670227, 0.0, 1147.5565185546875], [0.0, 0.0, 1.0, 0.0], [0.0, 0.0, 0.0, 1.0]], "pose_inverse": [[-0.6766098141670227, -0.7363417744636536, 0.0, 1771.017333984375], [0.7363417744636536, -0.6766098141670227, 0.0, -231.32606506347656], [0.0, 0.0, 1.0, 0.0], [0.0, 0.0, 0.0, 1.0]], "cam_ids": [0, 1, 2, 3, 4, 5], "cam_channels": ["CAM_FRONT_LEFT", "CAM_FRONT", "CAM_FRONT_RIGHT", "CAM_BACK_LEFT", "CAM_BACK", "CAM_BACK_RIGHT"], "token": "0d590fc3a5bf465eb6d0dac82ed357fa", "scene": "scene-0639"}, {"images": ["samples/CAM_FRONT_LEFT/n008-2018-09-18-14-43-59-0400__CAM_FRONT_LEFT__1537296327854799.jpg", "samples/CAM_FRONT/n008-2018-09-18-14-43-59-0400__CAM_FRONT__1537296327862404.jpg", "samples/CAM_FRONT_RIGHT/n008-2018-09-18-14-43-59-0400__CAM_FRONT_RIGHT__1537296327870482.jpg", "samples/CAM_BACK_LEFT/n008-2018-09-18-14-43-59-0400__CAM_BACK_LEFT__1537296327897405.jpg", "samples/CAM_BACK/n008-2018-09-18-14-43-59-0400__CAM_BACK__1537296327887558.jpg", "samples/CAM_BACK_RIGHT/n008-2018-09-18-14-43-59-0400__CAM_BACK_RIGHT__1537296327878113.jpg"], "intrinsics": [[[1257.8625342125129, 0.0, 827.2410631095686], [0.0, 1257.8625342125129, 450.915498205774], [0.0, 0.0, 1.0]], [[1252.8131021185304, 0.0, 826.588114781398], [0.0, 1252.8131021185304, 469.9846626224581], [0.0, 0.0, 1.0]], [[1256.7485116440405, 0.0, 817.7887570959712], [0.0, 1256.7485116440403, 451.9541780095127], [0.0, 0.0, 1.0]], [[1254.9860565800168, 0.0, 829.5769333630991], [0.0, 1254.9860565800168, 467.1680561863987], [0.0, 0.0, 1.0]], [[796.8910634503094, 0.0, 857.7774326863696], [0.0, 796.8910634503094, 476.8848988407415], [0.0, 0.0, 1.0]], [[1249.9629280788233, 0.0, 825.3768045375984], [0.0, 1249.9629280788233, 462.54816385708756], [0.0, 0.0, 1.0]]], "extrinsics": [[[0.8217421174049377, -0.5693910121917725, 0.023104418069124222, -0.8726806640625], [0.04554746672511101, 0.025211472064256668, -0.9986439943313599, 1.4955673217773438], [0.5680363774299622, 0.8216801881790161, 0.04665164276957512, -1.24334716796875], [0.0, 0.0, 0.0, 1.0]], [[0.010221121832728386, -0.9997351765632629, -0.020616259425878525, 0.007781982421875], [0.047514259815216064, 0.021079614758491516, -0.9986481070518494, 1.4863739013671875], [0.9988182187080383, 0.009227667935192585, 0.04771713539958, -1.6038818359375], [0.0, 0.0, 0.0, 1.0]], [[-0.8429490923881531, -0.5353288650512695, -0.0534776970744133, 1.005859375], [0.05550249665975571, 0.012338981032371521, -0.9983822703361511, 1.4986724853515625], [0.5351227521896362, -0.8445536494255066, 0.019310956820845604, -1.222900390625], [0.0, 0.0, 0.0, 1.0]], [[0.9473170042037964, 0.3181363046169281, 0.03714606910943985, -1.1412353515625], [0.03001764975488186, 0.02728160284459591, -0.9991769790649414, 1.5621261596679688], [-0.318887859582901, 0.9476523995399475, 0.01629462093114853, -0.1571044921875], [0.0, 0.0, 0.0, 1.0]], [[0.009048525243997574, 0.9997557997703552, 0.020158054307103157, -0.0289154052734375], [0.03220822662115097, 0.019857028499245644, -0.9992838501930237, 1.5692977905273438], [-0.9994402527809143, 0.009691297076642513, -0.0320206917822361, 0.0057373046875], [0.0, 0.0, 0.0, 1.0]], [[-0.9228162169456482, 0.3836752474308014, -0.0346936471760273, 1.093017578125], [0.03641805797815323, -0.002771432511508465, -0.999332845211029, 1.55047607421875], [-0.3835153579711914, -0.9234639406204224, -0.011415179818868637, -0.07110595703125], [0.0, 0.0, 0.0, 1.0]]], "view": [[0.0, -2.0, 100.0], [-2.0, 0.0, 100.0], [0.0, 0.0, 1.0]], "bev": "bev_2024e9806b3a4b2e99ddbc1434907c7e.png", "aux": "aux_2024e9806b3a4b2e99ddbc1434907c7e.npz", "visibility": "visibility_2024e9806b3a4b2e99ddbc1434907c7e.png", "pose": [[-0.6762707829475403, 0.7366531491279602, 0.0, 1367.384765625], [-0.7366531491279602, -0.6762707829475403, 0.0, 1146.2391357421875], [0.0, 0.0, 1.0, 0.0], [0.0, 0.0, 0.0, 1.0]], "pose_inverse": [[-0.6762707829475403, -0.7366531491279602, 0.0, 1769.10302734375], [0.7366531491279602, -0.6762707829475403, 0.0, -232.12025451660156], [0.0, 0.0, 1.0, 0.0], [0.0, 0.0, 0.0, 1.0]], "cam_ids": [0, 1, 2, 3, 4, 5], "cam_channels": ["CAM_FRONT_LEFT", "CAM_FRONT", "CAM_FRONT_RIGHT", "CAM_BACK_LEFT", "CAM_BACK", "CAM_BACK_RIGHT"], "token": "2024e9806b3a4b2e99ddbc1434907c7e", "scene": "scene-0639"}, {"images": ["samples/CAM_FRONT_LEFT/n008-2018-09-18-14-43-59-0400__CAM_FRONT_LEFT__1537296328354799.jpg", "samples/CAM_FRONT/n008-2018-09-18-14-43-59-0400__CAM_FRONT__1537296328362404.jpg", "samples/CAM_FRONT_RIGHT/n008-2018-09-18-14-43-59-0400__CAM_FRONT_RIGHT__1537296328370482.jpg", "samples/CAM_BACK_LEFT/n008-2018-09-18-14-43-59-0400__CAM_BACK_LEFT__1537296328397405.jpg", "samples/CAM_BACK/n008-2018-09-18-14-43-59-0400__CAM_BACK__1537296328387558.jpg", "samples/CAM_BACK_RIGHT/n008-2018-09-18-14-43-59-0400__CAM_BACK_RIGHT__1537296328378113.jpg"], "intrinsics": [[[1257.8625342125129, 0.0, 827.2410631095686], [0.0, 1257.8625342125129, 450.915498205774], [0.0, 0.0, 1.0]], [[1252.8131021185304, 0.0, 826.588114781398], [0.0, 1252.8131021185304, 469.9846626224581], [0.0, 0.0, 1.0]], [[1256.7485116440405, 0.0, 817.7887570959712], [0.0, 1256.7485116440403, 451.9541780095127], [0.0, 0.0, 1.0]], [[1254.9860565800168, 0.0, 829.5769333630991], [0.0, 1254.9860565800168, 467.1680561863987], [0.0, 0.0, 1.0]], [[796.8910634503094, 0.0, 857.7774326863696], [0.0, 796.8910634503094, 476.8848988407415], [0.0, 0.0, 1.0]], [[1249.9629280788233, 0.0, 825.3768045375984], [0.0, 1249.9629280788233, 462.54816385708756], [0.0, 0.0, 1.0]]], "extrinsics": [[[0.8219411969184875, -0.5690295100212097, 0.024863746017217636, -0.8780517578125], [0.046542443335056305, 0.02359328605234623, -0.9986376166343689, 1.4953536987304688], [0.5676676630973816, 0.8219785690307617, 0.045876313000917435, -1.2484130859375], [0.0, 0.0, 0.0, 1.0]], [[0.010510869324207306, -0.9997664093971252, -0.018884819000959396, 0.008697509765625], [0.04857281595468521, 0.019374044612050056, -0.9986317753791809, 1.486297607421875], [0.9987643361091614, 0.009579196572303772, 0.04876510798931122, -1.60791015625], [0.0, 0.0, 0.0, 1.0]], [[-0.8427948355674744, -0.5355701446533203, -0.05349265784025192, 1.00830078125], [0.05666034296154976, 0.010550808161497116, -0.9983377456665039, 1.4986419677734375], [0.5352442860603333, -0.844424843788147, 0.02145342156291008, -1.2235107421875], [0.0, 0.0, 0.0, 1.0]], [[0.9472899436950684, 0.31814417243003845, 0.037763211876153946, -1.1419677734375], [0.03136029094457626, 0.025225428864359856, -0.9991897940635681, 1.5621109008789062], [-0.31883904337882996, 0.9477066397666931, 0.013918702490627766, -0.15673828125], [0.0, 0.0, 0.0, 1.0]], [[0.0090186707675457, 0.999793291091919, 0.018221601843833923, -0.0290985107421875], [0.0334184430539608, 0.01791081391274929, -0.9992809295654297, 1.5692939758300781], [-0.9994007349014282, 0.00962110236287117, -0.033250004053115845, 0.007080078125], [0.0, 0.0, 0.0, 1.0]], [[-0.9228086471557617, 0.38352030515670776, -0.036556024104356766, 1.0946044921875], [0.037658676505088806, -0.004635857418179512, -0.9992799162864685, 1.5504989624023438], [-0.38341352343559265, -0.9235207438468933, -0.010164855048060417, -0.0699462890625], [0.0, 0.0, 0.0, 1.0]]], "view": [[0.0, -2.0, 100.0], [-2.0, 0.0, 100.0], [0.0, 0.0, 1.0]], "bev": "bev_036bf00b8bb145feb179ac598f92d566.png", "aux": "aux_036bf00b8bb145feb179ac598f92d566.npz", "visibility": "visibility_036bf00b8bb145feb179ac598f92d566.png", "pose": [[-0.676578938961029, 0.7363700866699219, 0.0, 1366.117431640625], [-0.7363700866699219, -0.676578938961029, 0.0, 1144.8956298828125], [0.0, 0.0, 1.0, 0.0], [0.0, 0.0, 0.0, 1.0]], "pose_inverse": [[-0.676578938961029, -0.7363700866699219, 0.0, 1767.3531494140625], [0.7363700866699219, -0.676578938961029, 0.0, -231.35574340820312], [0.0, 0.0, 1.0, 0.0], [0.0, 0.0, 0.0, 1.0]], "cam_ids": [0, 1, 2, 3, 4, 5], "cam_channels": ["CAM_FRONT_LEFT", "CAM_FRONT", "CAM_FRONT_RIGHT", "CAM_BACK_LEFT", "CAM_BACK", "CAM_BACK_RIGHT"], "token": "036bf00b8bb145feb179ac598f92d566", "scene": "scene-0639"}, {"images": ["samples/CAM_FRONT_LEFT/n008-2018-09-18-14-43-59-0400__CAM_FRONT_LEFT__1537296328854799.jpg", "samples/CAM_FRONT/n008-2018-09-18-14-43-59-0400__CAM_FRONT__1537296328862404.jpg", "samples/CAM_FRONT_RIGHT/n008-2018-09-18-14-43-59-0400__CAM_FRONT_RIGHT__1537296328870482.jpg", "samples/CAM_BACK_LEFT/n008-2018-09-18-14-43-59-0400__CAM_BACK_LEFT__1537296328897405.jpg", "samples/CAM_BACK/n008-2018-09-18-14-43-59-0400__CAM_BACK__1537296328887558.jpg", "samples/CAM_BACK_RIGHT/n008-2018-09-18-14-43-59-0400__CAM_BACK_RIGHT__1537296328878113.jpg"], "intrinsics": [[[1257.8625342125129, 0.0, 827.2410631095686], [0.0, 1257.8625342125129, 450.915498205774], [0.0, 0.0, 1.0]], [[1252.8131021185304, 0.0, 826.588114781398], [0.0, 1252.8131021185304, 469.9846626224581], [0.0, 0.0, 1.0]], [[1256.7485116440405, 0.0, 817.7887570959712], [0.0, 1256.7485116440403, 451.9541780095127], [0.0, 0.0, 1.0]], [[1254.9860565800168, 0.0, 829.5769333630991], [0.0, 1254.9860565800168, 467.1680561863987], [0.0, 0.0, 1.0]], [[796.8910634503094, 0.0, 857.7774326863696], [0.0, 796.8910634503094, 476.8848988407415], [0.0, 0.0, 1.0]], [[1249.9629280788233, 0.0, 825.3768045375984], [0.0, 1249.9629280788233, 462.54816385708756], [0.0, 0.0, 1.0]]], "extrinsics": [[[0.8217677474021912, -0.5694130063056946, 0.021604308858513832, -0.895263671875], [0.04021299630403519, 0.020131772384047508, -0.9989883303642273, 1.4935531616210938], [0.5684019923210144, 0.8218051791191101, 0.039441440254449844, -1.26031494140625], [0.0, 0.0, 0.0, 1.0]], [[0.00998153816908598, -0.9998220801353455, -0.016004953533411026, 0.0084228515625], [0.04196558892726898, 0.016410499811172485, -0.9989842772483826, 1.48468017578125], [0.9990691542625427, 0.009299752302467823, 0.042121924459934235, -1.62646484375], [0.0, 0.0, 0.0, 1.0]], [[-0.8432860374450684, -0.5354575514793396, -0.04641038551926613, 1.0208740234375], [0.04977747052907944, 0.008169940672814846, -0.9987269043922424, 1.497222900390625], [0.5351550579071045, -0.8445226550102234, 0.0197641272097826, -1.2315673828125], [0.0, 0.0, 0.0, 1.0]], [[0.9475032687187195, 0.3182947635650635, 0.030429814010858536, -1.142333984375], [0.02371457777917385, 0.024952152743935585, -0.9994073510169983, 1.5620803833007812], [-0.31886547803878784, 0.9476633667945862, 0.016094019636511803, -0.156494140625], [0.0, 0.0, 0.0, 1.0]], [[0.009146521799266338, 0.999811589717865, 0.017124436795711517, -0.0290679931640625], [0.026064058765769005, 0.016880962997674942, -0.9995176792144775, 1.568878173828125], [-0.9996184706687927, 0.009588459506630898, -0.025904744863510132, 0.0126953125], [0.0, 0.0, 0.0, 1.0]], [[-0.9229907989501953, 0.3835985064506531, -0.030662652105093002, 1.1044921875], [0.030536964535713196, -0.006419176235795021, -0.9995130300521851, 1.5496673583984375], [-0.38360849022865295, -0.9234776496887207, -0.005789088550955057, -0.06573486328125], [0.0, 0.0, 0.0, 1.0]]], "view": [[0.0, -2.0, 100.0], [-2.0, 0.0, 100.0], [0.0, 0.0, 1.0]], "bev": "bev_dcae4ed51b5a44b3961fbe0e40cf679f.png", "aux": "aux_dcae4ed51b5a44b3961fbe0e40cf679f.npz", "visibility": "visibility_dcae4ed51b5a44b3961fbe0e40cf679f.png", "pose": [[-0.67379230260849, 0.7389208078384399, 0.0, 1365.006103515625], [-0.7389208078384399, -0.67379230260849, 0.0, 1143.717041015625], [0.0, 0.0, 1.0, 0.0], [0.0, 0.0, 0.0, 1.0]], "pose_inverse": [[-0.67379230260849, -0.7389208078384399, 0.0, 1764.846923828125], [0.7389208078384399, -0.67379230260849, 0.0, -238.00369262695312], [0.0, 0.0, 1.0, 0.0], [0.0, 0.0, 0.0, 1.0]], "cam_ids": [0, 1, 2, 3, 4, 5], "cam_channels": ["CAM_FRONT_LEFT", "CAM_FRONT", "CAM_FRONT_RIGHT", "CAM_BACK_LEFT", "CAM_BACK", "CAM_BACK_RIGHT"], "token": "dcae4ed51b5a44b3961fbe0e40cf679f", "scene": "scene-0639"}, {"images": ["samples/CAM_FRONT_LEFT/n008-2018-09-18-14-43-59-0400__CAM_FRONT_LEFT__1537296329354799.jpg", "samples/CAM_FRONT/n008-2018-09-18-14-43-59-0400__CAM_FRONT__1537296329362404.jpg", "samples/CAM_FRONT_RIGHT/n008-2018-09-18-14-43-59-0400__CAM_FRONT_RIGHT__1537296329370482.jpg", "samples/CAM_BACK_LEFT/n008-2018-09-18-14-43-59-0400__CAM_BACK_LEFT__1537296329397405.jpg", "samples/CAM_BACK/n008-2018-09-18-14-43-59-0400__CAM_BACK__1537296329387558.jpg", "samples/CAM_BACK_RIGHT/n008-2018-09-18-14-43-59-0400__CAM_BACK_RIGHT__1537296329378113.jpg"], "intrinsics": [[[1257.8625342125129, 0.0, 827.2410631095686], [0.0, 1257.8625342125129, 450.915498205774], [0.0, 0.0, 1.0]], [[1252.8131021185304, 0.0, 826.588114781398], [0.0, 1252.8131021185304, 469.9846626224581], [0.0, 0.0, 1.0]], [[1256.7485116440405, 0.0, 817.7887570959712], [0.0, 1256.7485116440403, 451.9541780095127], [0.0, 0.0, 1.0]], [[1254.9860565800168, 0.0, 829.5769333630991], [0.0, 1254.9860565800168, 467.1680561863987], [0.0, 0.0, 1.0]], [[796.8910634503094, 0.0, 857.7774326863696], [0.0, 796.8910634503094, 476.8848988407415], [0.0, 0.0, 1.0]], [[1249.9629280788233, 0.0, 825.3768045375984], [0.0, 1249.9629280788233, 462.54816385708756], [0.0, 0.0, 1.0]]], "extrinsics": [[[0.8218216896057129, -0.5691380500793457, 0.026288088411092758, -0.9193115234375], [0.04318027198314667, 0.01621112786233425, -0.9989356994628906, 1.4926910400390625], [0.5681062340736389, 0.8220822215080261, 0.037898190319538116, -1.27685546875], [0.0, 0.0, 0.0, 1.0]], [[0.010252634063363075, -0.9998787641525269, -0.011719666421413422, 0.008056640625], [0.045163340866565704, 0.012171358801424503, -0.9989054799079895, 1.48394775390625], [0.9989269971847534, 0.009712137281894684, 0.045282650738954544, -1.6505126953125], [0.0, 0.0, 0.0, 1.0]], [[-0.8430413007736206, -0.53580641746521, -0.04682927578687668, 1.0364990234375], [0.05320923402905464, 0.003555495757609606, -0.9985769987106323, 1.4965362548828125], [0.5352104306221008, -0.8443334102630615, 0.025512414053082466, -1.2415771484375], [0.0, 0.0, 0.0, 1.0]], [[0.9474524855613708, 0.3182239532470703, 0.03266977518796921, -1.1429443359375], [0.02809780091047287, 0.018947912380099297, -0.9994255304336548, 1.5620765686035156], [-0.3186602294445038, 0.9478262066841125, 0.00901084765791893, -0.1563720703125], [0.0, 0.0, 0.0, 1.0]], [[0.00917142629623413, 0.9998902082443237, 0.011639006435871124, -0.0290985107421875], [0.03010006807744503, 0.011358169838786125, -0.9994823336601257, 1.56878662109375], [-0.999504804611206, 0.009517062455415726, -0.029992595314979553, 0.02001953125], [0.0, 0.0, 0.0, 1.0]], [[-0.9228909015655518, 0.3833