[{"images": ["samples/CAM_FRONT_LEFT/n008-2018-08-21-11-53-44-0400__CAM_FRONT_LEFT__1534867432904799.jpg", "samples/CAM_FRONT/n008-2018-08-21-11-53-44-0400__CAM_FRONT__1534867432912404.jpg", "samples/CAM_FRONT_RIGHT/n008-2018-08-21-11-53-44-0400__CAM_FRONT_RIGHT__1534867432920482.jpg", "samples/CAM_BACK_LEFT/n008-2018-08-21-11-53-44-0400__CAM_BACK_LEFT__1534867432947405.jpg", "samples/CAM_BACK/n008-2018-08-21-11-53-44-0400__CAM_BACK__1534867432937558.jpg", "samples/CAM_BACK_RIGHT/n008-2018-08-21-11-53-44-0400__CAM_BACK_RIGHT__1534867432928113.jpg"], "intrinsics": [[[1257.8625342125129, 0.0, 827.2410631095686], [0.0, 1257.8625342125129, 450.915498205774], [0.0, 0.0, 1.0]], [[1252.8131021185304, 0.0, 826.588114781398], [0.0, 1252.8131021185304, 469.9846626224581], [0.0, 0.0, 1.0]], [[1256.7485116440405, 0.0, 817.7887570959712], [0.0, 1256.7485116440403, 451.9541780095127], [0.0, 0.0, 1.0]], [[1254.9860565800168, 0.0, 829.5769333630991], [0.0, 1254.9860565800168, 467.1680561863987], [0.0, 0.0, 1.0]], [[796.8910634503094, 0.0, 857.7774326863696], [0.0, 796.8910634503094, 476.8848988407415], [0.0, 0.0, 1.0]], [[1249.9629280788233, 0.0, 825.3768045375984], [0.0, 1249.9629280788233, 462.54816385708756], [0.0, 0.0, 1.0]]], "extrinsics": [[[0.822641909122467, -0.568541407585144, -0.004589300137013197, -0.7626953125], [0.0019989185966551304, 0.010963860899209976, -0.999937891960144, 1.4888420104980469], [0.5685564279556274, 0.8225815892219543, 0.010155799798667431, -1.1697998046875], [0.0, 0.0, 0.0, 1.0]], [[0.010383177548646927, -0.9999222755432129, -0.006905646529048681, 0.01025390625], [0.003967785742133856, 0.006947163492441177, -0.9999679923057556, 1.4811067581176758], [0.9999381899833679, 0.010355465114116669, 0.004039611667394638, -1.493194580078125], [0.0, 0.0, 0.0, 1.0]], [[-0.8439675569534302, -0.5363143086433411, -0.009253168478608131, 0.93359375], [0.012005009688436985, -0.001639615511521697, -0.9999265670776367, 1.4953250885009766], [0.5362597703933716, -0.8440166711807251, 0.007822241634130478, -1.17529296875], [0.0, 0.0, 0.0, 1.0]], [[0.9478539228439331, 0.31860092282295227, -0.008149850182235241, -1.1356201171875], [-0.013252119533717632, 0.013850306160748005, -0.9998162388801575, 1.5619258880615234], [-0.31842952966690063, 0.9477877020835876, 0.017350206151604652, -0.158935546875], [0.0, 0.0, 0.0, 1.0]], [[0.009206033311784267, 0.9999386668205261, 0.0061482894234359264, -0.02880859375], [-0.011226745322346687, 0.006251517683267593, -0.9999173879623413, 1.567225456237793], [-0.9998945593833923, 0.009136212058365345, 0.01128361001610756, -0.02972412109375], [0.0, 0.0, 0.0, 1.0]], [[-0.9237749576568604, 0.3829355835914612, 0.00012387233437038958, 1.033935546875], [-0.0070150489918887615, -0.016599327325820923, -0.9998376369476318, 1.546875], [-0.3828713893890381, -0.9236258268356323, 0.018020356073975563, -0.0947265625], [0.0, 0.0, 0.0, 1.0]]], "view": [[0.0, -2.0, 100.0], [-2.0, 0.0, 100.0], [0.0, 0.0, 1.0]], "bev": "bev_2d553d0e814d4b1c8e4b3ad43d57943c.png", "aux": "aux_2d553d0e814d4b1c8e4b3ad43d57943c.npz", "visibility": "visibility_2d553d0e814d4b1c8e4b3ad43d57943c.png", "pose": [[0.7666553854942322, 0.642058789730072, 0.0, 812.592041015625], [-0.642058789730072, 0.7666553854942322, 0.0, 1469.3814697265625], [0.0, 0.0, 1.0, 0.0], [0.0, 0.0, 0.0, 1.0]], "pose_inverse": [[0.7666553854942322, -0.642058789730072, 0.0, 320.45123291015625], [0.642058789730072, 0.7666553854942322, 0.0, -1648.2410888671875], [0.0, 0.0, 1.0, 0.0], [0.0, 0.0, 0.0, 1.0]], "cam_ids": [0, 1, 2, 3, 4, 5], "cam_channels": ["CAM_FRONT_LEFT", "CAM_FRONT", "CAM_FRONT_RIGHT", "CAM_BACK_LEFT", "CAM_BACK", "CAM_BACK_RIGHT"], "token": "2d553d0e814d4b1c8e4b3ad43d57943c", "scene": "scene-0252"}, {"images": ["samples/CAM_FRONT_LEFT/n008-2018-08-21-11-53-44-0400__CAM_FRONT_LEFT__1534867433404799.jpg", "samples/CAM_FRONT/n008-2018-08-21-11-53-44-0400__CAM_FRONT__1534867433412404.jpg", "samples/CAM_FRONT_RIGHT/n008-2018-08-21-11-53-44-0400__CAM_FRONT_RIGHT__1534867433420482.jpg", "samples/CAM_BACK_LEFT/n008-2018-08-21-11-53-44-0400__CAM_BACK_LEFT__1534867433447405.jpg", "samples/CAM_BACK/n008-2018-08-21-11-53-44-0400__CAM_BACK__1534867433437558.jpg", "samples/CAM_BACK_RIGHT/n008-2018-08-21-11-53-44-0400__CAM_BACK_RIGHT__1534867433428113.jpg"], "intrinsics": [[[1257.8625342125129, 0.0, 827.2410631095686], [0.0, 1257.8625342125129, 450.915498205774], [0.0, 0.0, 1.0]], [[1252.8131021185304, 0.0, 826.588114781398], [0.0, 1252.8131021185304, 469.9846626224581], [0.0, 0.0, 1.0]], [[1256.7485116440405, 0.0, 817.7887570959712], [0.0, 1256.7485116440403, 451.9541780095127], [0.0, 0.0, 1.0]], [[1254.9860565800168, 0.0, 829.5769333630991], [0.0, 1254.9860565800168, 467.1680561863987], [0.0, 0.0, 1.0]], [[796.8910634503094, 0.0, 857.7774326863696], [0.0, 796.8910634503094, 476.8848988407415], [0.0, 0.0, 1.0]], [[1249.9629280788233, 0.0, 825.3768045375984], [0.0, 1249.9629280788233, 462.54816385708756], [0.0, 0.0, 1.0]]], "extrinsics": [[[0.8226242661476135, -0.5685826539993286, 0.0017951598856598139, -0.7698974609375], [0.012227759696543217, 0.014534414745867252, -0.9998195767402649, 1.4917259216308594], [0.5684540271759033, 0.8224977254867554, 0.018908852711319923, -1.17431640625], [0.0, 0.0, 0.0, 1.0]], [[0.010403641499578953, -0.9998923540115356, -0.01034532394260168, 0.0098876953125], [0.014303476549685001, 0.010493633337318897, -0.999842643737793, 1.4834861755371094], [0.9998435974121094, 0.010253997519612312, 0.014411107636988163, -1.500946044921875], [0.0, 0.0, 0.0, 1.0]], [[-0.8438588976860046, -0.5361937284469604, -0.01996023952960968, 0.93902587890625], [0.022452715784311295, 0.0018803777638822794, -0.9997461438179016, 1.4971251487731934], [0.5360952019691467, -0.8440929055213928, 0.01045223232358694, -1.1795654296875], [0.0, 0.0, 0.0, 1.0]], [[0.9478742480278015, 0.31863075494766235, 0.0029870858415961266, -1.13671875], [-0.0026787989772856236, 0.017342301085591316, -0.9998459815979004, 1.5620231628417969], [-0.3186335265636444, 0.9477202296257019, 0.01729186624288559, -0.15869140625], [0.0, 0.0, 0.0, 1.0]], [[0.009145915508270264, 0.9999105334281921, 0.009768275544047356, -0.0286865234375], [-0.0006457711569964886, 0.0097745880484581, -0.9999520182609558, 1.568009376525879], [-0.9999579787254333, 0.009139150381088257, 0.0007351101958192885, -0.026336669921875], [0.0, 0.0, 0.0, 1.0]], [[-0.9237053990364075, 0.38301563262939453, -0.008208765648305416, 1.0391845703125], [0.0034624249674379826, -0.013079764321446419, -0.999908447265625, 1.54827880859375], [-0.3830879032611847, -0.9236491918563843, 0.010755687020719051, -0.0928955078125], [0.0, 0.0, 0.0, 1.0]]], "view": [[0.0, -2.0, 100.0], [-2.0, 0.0, 100.0], [0.0, 0.0, 1.0]], "bev": "bev_2a98b77712254d968f361d6fdac33264.png", "aux": "aux_2a98b77712254d968f361d6fdac33264.npz", "visibility": "visibility_2a98b77712254d968f361d6fdac33264.png", "pose": [[0.7655552625656128, 0.6433701515197754, 0.0, 815.0942993164062], [-0.6433701515197754, 0.7655552625656128, 0.0, 1467.2491455078125], [0.0, 0.0, 1.0, 0.0], [0.0, 0.0, 0.0, 1.0]], "pose_inverse": [[0.7655552625656128, -0.6433701515197754, 0.0, 319.98455810546875], [0.6433701515197754, 0.7655552625656128, 0.0, -1647.6676025390625], [0.0, 0.0, 1.0, 0.0], [0.0, 0.0, 0.0, 1.0]], "cam_ids": [0, 1, 2, 3, 4, 5], "cam_channels": ["CAM_FRONT_LEFT", "CAM_FRONT", "CAM_FRONT_RIGHT", "CAM_BACK_LEFT", "CAM_BACK", "CAM_BACK_RIGHT"], "token": "2a98b77712254d968f361d6fdac33264", "scene": "scene-0252"}, {"images": ["samples/CAM_FRONT_LEFT/n008-2018-08-21-11-53-44-0400__CAM_FRONT_LEFT__1534867433854799.jpg", "samples/CAM_FRONT/n008-2018-08-21-11-53-44-0400__CAM_FRONT__1534867433862404.jpg", "samples/CAM_FRONT_RIGHT/n008-2018-08-21-11-53-44-0400__CAM_FRONT_RIGHT__1534867433870482.jpg", "samples/CAM_BACK_LEFT/n008-2018-08-21-11-53-44-0400__CAM_BACK_LEFT__1534867433897405.jpg", "samples/CAM_BACK/n008-2018-08-21-11-53-44-0400__CAM_BACK__1534867433887558.jpg", "samples/CAM_BACK_RIGHT/n008-2018-08-21-11-53-44-0400__CAM_BACK_RIGHT__1534867433878113.jpg"], "intrinsics": [[[1257.8625342125129, 0.0, 827.2410631095686], [0.0, 1257.8625342125129, 450.915498205774], [0.0, 0.0, 1.0]], [[1252.8131021185304, 0.0, 826.588114781398], [0.0, 1252.8131021185304, 469.9846626224581], [0.0, 0.0, 1.0]], [[1256.7485116440405, 0.0, 817.7887570959712], [0.0, 1256.7485116440403, 451.9541780095127], [0.0, 0.0, 1.0]], [[1254.9860565800168, 0.0, 829.5769333630991], [0.0, 1254.9860565800168, 467.1680561863987], [0.0, 0.0, 1.0]], [[796.8910634503094, 0.0, 857.7774326863696], [0.0, 796.8910634503094, 476.8848988407415], [0.0, 0.0, 1.0]], [[1249.9629280788233, 0.0, 825.3768045375984], [0.0, 1249.9629280788233, 462.54816385708756], [0.0, 0.0, 1.0]]], "extrinsics": [[[0.8225082755088806, -0.5687392950057983, 0.003980554174631834, -0.7789306640625], [0.014019378460943699, 0.013277160935103893, -0.9998135566711426, 1.4921035766601562], [0.5685804486274719, 0.8224107623100281, 0.018893945962190628, -1.1793212890625], [0.0, 0.0, 0.0, 1.0]], [[0.010280163958668709, -0.9999066591262817, -0.008994553238153458, 0.00927734375], [0.015977608039975166, 0.009158135391771793, -0.999830424785614, 1.4837560653686523], [0.9998195171356201, 0.010134727694094181, 0.01607026346027851, -1.50909423828125], [0.0, 0.0, 0.0, 1.0]], [[-0.8438662886619568, -0.5361613631248474, -0.020510004833340645, 0.94378662109375], [0.024013398215174675, 0.0004476085305213928, -0.9997115135192871, 1.4972667694091797], [0.5360158681869507, -0.8441153764724731, 0.012497334741055965, -1.182861328125], [0.0, 0.0, 0.0, 1.0]], [[0.9478501677513123, 0.31869345903396606, 0.003815570380538702, -1.1398468017578125], [-0.0011541374260559678, 0.015403717756271362, -0.9998806715011597, 1.5620384216308594], [-0.31871429085731506, 0.94773268699646, 0.014968233183026314, -0.1573486328125], [0.0, 0.0, 0.0, 1.0]], [[0.009136002510786057, 0.9999260902404785, 0.008016233332455158, -0.028564453125], [0.0008811706211417913, 0.00800851359963417, -0.9999675154685974, 1.5681161880493164], [-0.9999578595161438, 0.009142824448645115, -0.000807939562946558, -0.0225830078125], [0.0, 0.0, 0.0, 1.0]], [[-0.9236788153648376, 0.38303083181381226, -0.010234078392386436, 1.043212890625], [0.0050046746619045734, -0.01464670617133379, -0.9998801946640015, 1.5484580993652344], [-0.3831349015235901, -0.9236193299293518, 0.011611907742917538, -0.09130859375], [0.0, 0.0, 0.0, 1.0]]], "view": [[0.0, -2.0, 100.0], [-2.0, 0.0, 100.0], [0.0, 0.0, 1.0]], "bev": "bev_10be1473792a4caba90878c51f522016.png", "aux": "aux_10be1473792a4caba90878c51f522016.npz", "visibility": "visibility_10be1473792a4caba90878c51f522016.png", "pose": [[0.7646744251251221, 0.6444168090820312, 0.0, 817.2767944335938], [-0.6444168090820312, 0.7646744251251221, 0.0, 1465.373046875], [0.0, 0.0, 1.0, 0.0], [0.0, 0.0, 0.0, 1.0]], "pose_inverse": [[0.7646744251251221, -0.6444168090820312, 0.0, 319.3603515625], [0.6444168090820312, 0.7646744251251221, 0.0, -1647.2001953125], [0.0, 0.0, 1.0, 0.0], [0.0, 0.0, 0.0, 1.0]], "cam_ids": [0, 1, 2, 3, 4, 5], "cam_channels": ["CAM_FRONT_LEFT", "CAM_FRONT", "CAM_FRONT_RIGHT", "CAM_BACK_LEFT", "CAM_BACK", "CAM_BACK_RIGHT"], "token": "10be1473792a4caba90878c51f522016", "scene": "scene-0252"}, {"images": ["samples/CAM_FRONT_LEFT/n008-2018-08-21-11-53-44-0400__CAM_FRONT_LEFT__1534867434354799.jpg", "samples/CAM_FRONT/n008-2018-08-21-11-53-44-0400__CAM_FRONT__1534867434362404.jpg", "samples/CAM_FRONT_RIGHT/n008-2018-08-21-11-53-44-0400__CAM_FRONT_RIGHT__1534867434370482.jpg", "samples/CAM_BACK_LEFT/n008-2018-08-21-11-53-44-0400__CAM_BACK_LEFT__1534867434397405.jpg", "samples/CAM_BACK/n008-2018-08-21-11-53-44-0400__CAM_BACK__1534867434387558.jpg", "samples/CAM_BACK_RIGHT/n008-2018-08-21-11-53-44-0400__CAM_BACK_RIGHT__1534867434378113.jpg"], "intrinsics": [[[1257.8625342125129, 0.0, 827.2410631095686], [0.0, 1257.8625342125129, 450.915498205774], [0.0, 0.0, 1.0]], [[1252.8131021185304, 0.0, 826.588114781398], [0.0, 1252.8131021185304, 469.9846626224581], [0.0, 0.0, 1.0]], [[1256.7485116440405, 0.0, 817.7887570959712], [0.0, 1256.7485116440403, 451.9541780095127], [0.0, 0.0, 1.0]], [[1254.9860565800168, 0.0, 829.5769333630991], [0.0, 1254.9860565800168, 467.1680561863987], [0.0, 0.0, 1.0]], [[796.8910634503094, 0.0, 857.7774326863696], [0.0, 796.8910634503094, 476.8848988407415], [0.0, 0.0, 1.0]], [[1249.9629280788233, 0.0, 825.3768045375984], [0.0, 1249.9629280788233, 462.54816385708756], [0.0, 0.0, 1.0]]], "extrinsics": [[[0.8227569460868835, -0.5683580040931702, 0.006333197467029095, -0.774169921875], [0.013351858593523502, 0.008186589926481247, -0.9998773336410522, 1.4920167922973633], [0.5682364702224731, 0.8227406144142151, 0.014324209652841091, -1.175537109375], [0.0, 0.0, 0.0, 1.0]], [[0.010628752410411835, -0.9999356865882874, -0.00395530229434371, 0.0089111328125], [0.01528765819966793, 0.004117559641599655, -0.9998746514320374, 1.483674168586731], [0.9998266696929932, 0.010566900484263897, 0.015330438502132893, -1.5050048828125], [0.0, 0.0, 0.0, 1.0]], [[-0.8437384963035583, -0.5364781022071838, -0.01722566783428192, 0.9417724609375], [0.023255547508597374, -0.004475041758269072, -0.999719500541687, 1.4971923828125], [0.5362505316734314, -0.8439024090766907, 0.016251856461167336, -1.1820068359375], [0.0, 0.0, 0.0, 1.0]], [[0.9478224515914917, 0.31879541277885437, 0.0014324908843263984, -1.141998291015625], [-0.0022672151681035757, 0.011233896017074585, -0.9999343156814575, 1.5620346069335938], [-0.3187905550003052, 0.9477569460868835, 0.011370517313480377, -0.1573486328125], [0.0, 0.0, 0.0, 1.0]], [[0.009028219617903233, 0.9999530911445618, 0.0035013698507100344, -0.0286865234375], [-8.425702253589407e-05, 0.003502273466438055, -0.9999938607215881, 1.56805419921875], [-0.9999592900276184, 0.00902787409722805, 0.00011587182234507054, -0.021240234375], [0.0, 0.0, 0.0, 1.0]], [[-0.9237580895423889, 0.3828122913837433, -0.011214076541364193, 1.0433349609375], [0.004101904574781656, -0.019389936700463295, -0.9998036026954651, 1.5483474731445312], [-0.38295453786849976, -0.9236226677894592, 0.016341352835297585, -0.0916748046875], [0.0, 0.0, 0.0, 1.0]]], "view": [[0.0, -2.0, 100.0], [-2.0, 0.0, 100.0], [0.0, 0.0, 1.0]], "bev": "bev_d0fac8b2a753482a859f3a21fe4ff8c2.png", "aux": "aux_d0fac8b2a753482a859f3a21fe4ff8c2.npz", "visibility": "visibility_d0fac8b2a753482a859f3a21fe4ff8c2.png", "pose": [[0.7638644576072693, 0.6453766822814941, 0.0, 819.7488403320312], [-0.6453766822814941, 0.7638644576072693, 0.0, 1463.2628173828125], [0.0, 0.0, 1.0, 0.0], [0.0, 0.0, 0.0, 1.0]], "pose_inverse": [[0.7638644576072693, -0.6453766822814941, 0.0, 318.1787414550781], [0.6453766822814941, 0.7638644576072693, 0.0, -1646.78125], [0.0, 0.0, 1.0, 0.0], [0.0, 0.0, 0.0, 1.0]], "cam_ids": [0, 1, 2, 3, 4, 5], "cam_channels": ["CAM_FRONT_LEFT", "CAM_FRONT", "CAM_FRONT_RIGHT", "CAM_BACK_LEFT", "CAM_BACK", "CAM_BACK_RIGHT"], "token": "d0fac8b2a753482a859f3a21fe4ff8c2", "scene": "scene-0252"}, {"images": ["samples/CAM_FRONT_LEFT/n008-2018-08-21-11-53-44-0400__CAM_FRONT_LEFT__1534867434904799.jpg", "samples/CAM_FRONT/n008-2018-08-21-11-53-44-0400__CAM_FRONT__1534867434912404.jpg", "samples/CAM_FRONT_RIGHT/n008-2018-08-21-11-53-44-0400__CAM_FRONT_RIGHT__1534867434920482.jpg", "samples/CAM_BACK_LEFT/n008-2018-08-21-11-53-44-0400__CAM_BACK_LEFT__1534867434947405.jpg", "samples/CAM_BACK/n008-2018-08-21-11-53-44-0400__CAM_BACK__1534867434937558.jpg", "samples/CAM_BACK_RIGHT/n008-2018-08-21-11-53-44-0400__CAM_BACK_RIGHT__1534867434928113.jpg"], "intrinsics": [[[1257.8625342125129, 0.0, 827.2410631095686], [0.0, 1257.8625342125129, 450.915498205774], [0.0, 0.0, 1.0]], [[1252.8131021185304, 0.0, 826.588114781398], [0.0, 1252.8131021185304, 469.9846626224581], [0.0, 0.0, 1.0]], [[1256.7485116440405, 0.0, 817.7887570959712], [0.0, 1256.7485116440403, 451.9541780095127], [0.0, 0.0, 1.0]], [[1254.9860565800168, 0.0, 829.5769333630991], [0.0, 1254.9860565800168, 467.1680561863987], [0.0, 0.0, 1.0]], [[796.8910634503094, 0.0, 857.7774326863696], [0.0, 796.8910634503094, 476.8848988407415], [0.0, 0.0, 1.0]], [[1249.9629280788233, 0.0, 825.3768045375984], [0.0, 1249.9629280788233, 462.54816385708756], [0.0, 0.0, 1.0]]], "extrinsics": [[[0.8228521347045898, -0.5682530999183655, 0.0016820376040413976, -0.7760009765625], [0.010293866507709026, 0.01194626372307539, -0.9998756647109985, 1.491119384765625], [0.5681623816490173, 0.8227671384811401, 0.015679528936743736, -1.1778564453125], [0.0, 0.0, 0.0, 1.0]], [[0.010735374875366688, -0.9999129176139832, -0.007671918720006943, 0.009521484375], [0.012192174792289734, 0.007802681066095829, -0.9998952746391296, 1.4829292297363281], [0.9998680949211121, 0.01064073946326971, 0.012274878099560738, -1.50701904296875], [0.0, 0.0, 0.0, 1.0]], [[-0.8437379598617554, -0.5365012884140015, -0.01651577837765217, 0.94305419921875], [0.020154142752289772, -0.0009177953470498323, -0.999796450138092, 1.4966144561767578], [0.5363768339157104, -0.8438990712165833, 0.01158710103482008, -1.182373046875], [0.0, 0.0, 0.0, 1.0]], [[0.9478473663330078, 0.31872424483299255, -0.0005820866208523512, -1.14208984375], [-0.005403341259807348, 0.014242793433368206, -0.9998839497566223, 1.5620365142822266], [-0.31867900490760803, 0.9477404952049255, 0.015222168527543545, -0.156494140625], [0.0, 0.0, 0.0, 1.0]], [[0.008994026109576225, 0.9999375343322754, 0.006628154776990414, -0.0286865234375], [-0.0033102945890277624, 0.006658159662038088, -0.9999723434448242, 1.567840576171875], [-0.9999540448188782, 0.008971765637397766, 0.003369971178472042, -0.021209716796875], [0.0, 0.0, 0.0, 1.0]], [[-0.9238207340240479, 0.38276034593582153, -0.007054836954921484, 1.04351806640625], [0.0009978673188015819, -0.01602066680788994, -0.9998711943626404, 1.5479507446289062], [-0.38282403349876404, -0.9237087368965149, 0.014418280683457851, -0.09130859375], [0.0, 0.0, 0.0, 1.0]]], "view": [[0.0, -2.0, 100.0], [-2.0, 0.0, 100.0], [0.0, 0.0, 1.0]], "bev": "bev_be9605f366744ffc93ec5e3c594fb0c9.png", "aux": "aux_be9605f366744ffc93ec5e3c594fb0c9.npz", "visibility": "visibility_be9605f366744ffc93ec5e3c594fb0c9.png", "pose": [[0.7601696252822876, 0.6497246623039246, 0.0, 822.4713134765625], [-0.6497246623039246, 0.7601696252822876, 0.0, 1460.91748046875], [0.0, 0.0, 1.0, 0.0], [0.0, 0.0, 0.0, 1.0]], "pose_inverse": [[0.7601696252822876, -0.6497246623039246, 0.0, 323.9764099121094], [0.6497246623039246, 0.7601696252822876, 0.0, -1644.925048828125], [0.0, 0.0, 1.0, 0.0], [0.0, 0.0, 0.0, 1.0]], "cam_ids": [0, 1, 2, 3, 4, 5], "cam_channels": ["CAM_FRONT_LEFT", "CAM_FRONT", "CAM_FRONT_RIGHT", "CAM_BACK_LEFT", "CAM_BACK", "CAM_BACK_RIGHT"], "token": "be9605f366744ffc93ec5e3c594fb0c9", "scene": "scene-0252"}, {"images": ["samples/CAM_FRONT_LEFT/n008-2018-08-21-11-53-44-0400__CAM_FRONT_LEFT__1534867435404799.jpg", "samples/CAM_FRONT/n008-2018-08-21-11-53-44-0400__CAM_FRONT__1534867435412404.jpg", "samples/CAM_FRONT_RIGHT/n008-2018-08-21-11-53-44-0400__CAM_FRONT_RIGHT__1534867435420482.jpg", "samples/CAM_BACK_LEFT/n008-2018-08-21-11-53-44-0400__CAM_BACK_LEFT__1534867435447405.jpg", "samples/CAM_BACK/n008-2018-08-21-11-53-44-0400__CAM_BACK__1534867435437558.jpg", "samples/CAM_BACK_RIGHT/n008-2018-08-21-11-53-44-0400__CAM_BACK_RIGHT__1534867435428113.jpg"], "intrinsics": [[[1257.8625342125129, 0.0, 827.2410631095686], [0.0, 1257.8625342125129, 450.915498205774], [0.0, 0.0, 1.0]], [[1252.8131021185304, 0.0, 826.588114781398], [0.0, 1252.8131021185304, 469.9846626224581], [0.0, 0.0, 1.0]], [[1256.7485116440405, 0.0, 817.7887570959712], [0.0, 1256.7485116440403, 451.9541780095127], [0.0, 0.0, 1.0]], [[1254.9860565800168, 0.0, 829.5769333630991], [0.0, 1254.9860565800168, 467.1680561863987], [0.0, 0.0, 1.0]], [[796.8910634503094, 0.0, 857.7774326863696], [0.0, 796.8910634503094, 476.8848988407415], [0.0, 0.0, 1.0]], [[1249.9629280788233, 0.0, 825.3768045375984], [0.0, 1249.9629280788233, 462.54816385708756], [0.0, 0.0, 1.0]]], "extrinsics": [[[0.8226864337921143, -0.5684932470321655, -0.0015405010199174285, -0.7791748046875], [0.009045010432600975, 0.015798697248101234, -0.9998342394828796, 1.49072265625], [0.5684233903884888, 0.8225362300872803, 0.01813940331339836, -1.18017578125], [0.0, 0.0, 0.0, 1.0]], [[0.010476593859493732, -0.9998816251754761, -0.011266735382378101, 0.009765625], [0.010812941938638687, 0.011379977688193321, -0.9998767971992493, 1.482574462890625], [0.9998866319656372, 0.010353446006774902, 0.01093088649213314, -1.5098876953125], [0.0, 0.0, 0.0, 1.0]], [[-0.8438690900802612, -0.5362797975540161, -0.016998229548335075, 0.94476318359375], [0.01863611862063408, 0.0023659029975533485, -0.9998235106468201, 1.4963111877441406], [0.536225438117981, -0.8440369367599487, 0.007997661828994751, -1.1827392578125], [0.0, 0.0, 0.0, 1.0]], [[0.9478814601898193, 0.3186178207397461, -0.001866604550741613, -1.142669677734375], [-0.0075490898452699184, 0.016600919887423515, -0.9998337030410767, 1.562032699584961], [-0.31853383779525757, 0.9477379322052002, 0.01814097911119461, -0.1563720703125], [0.0, 0.0, 0.0, 1.0]], [[0.00914832204580307, 0.9999146461486816, 0.009329852648079395, -0.029052734375], [-0.005111339967697859, 0.009376882575452328, -0.99994295835495, 1.5677251815795898], [-0.9999451041221619, 0.00910015869885683, 0.005196686368435621, -0.0201416015625], [0.0, 0.0, 0.0, 1.0]], [[-0.9237670302391052, 0.38292956352233887, -0.004397802520543337, 1.044189453125], [-0.0006238698842935264, -0.012988659553229809, -0.9999154210090637, 1.547750473022461], [-0.38295426964759827, -0.9236862063407898, 0.012237394228577614, -0.0904541015625], [0.0, 0.0, 0.0, 1.0]]], "view": [[0.0, -2.0, 100.0], [-2.0, 0.0, 100.0], [0.0, 0.0, 1.0]], "bev": "bev_9a6448ab32d64f7e8efcb39959d4f21f.png", "aux": "aux_9a6448ab32d64f7e8efcb39959d4f21f.npz", "visibility": "visibility_9a6448ab32d64f7e8efcb39959d4f21f.png", "pose": [[0.7574082612991333, 0.6529415845870972, 0.0, 824.8746948242188], [-0.6529415845870972, 0.7574082612991333, 0.0, 1458.819580078125], [0.0, 0.0, 1.0, 0.0], [0.0, 0.0, 0.0, 1.0]], "pose_inverse": [[0.7574082612991333, -0.6529415845870972, 0.0, 327.7570495605469], [0.6529415845870972, 0.7574082612991333, 0.0, -1643.5169677734375], [0.0, 0.0, 1.0, 0.0], [0.0, 0.0, 0.0, 1.0]], "cam_ids": [0, 1, 2, 3, 4, 5], "cam_channels": ["CAM_FRONT_LEFT", "CAM_FRONT", "CAM_FRONT_RIGHT", "CAM_BACK_LEFT", "CAM_BACK", "CAM_BACK_RIGHT"], "token": "9a6448ab32d64f7e8efcb39959d4f21f", "scene": "scene-0252"}, {"images": ["samples/CAM_FRONT_LEFT/n008-2018-08-21-11-53-44-0400__CAM_FRONT_LEFT__1534867435904799.jpg", "samples/CAM_FRONT/n008-2018-08-21-11-53-44-0400__CAM_FRONT__1534867435912404.jpg", "samples/CAM_FRONT_RIGHT/n008-2018-08-21-11-53-44-0400__CAM_FRONT_RIGHT__1534867435920482.jpg", "samples/CAM_BACK_LEFT/n008-2018-08-21-11-53-44-0400__CAM_BACK_LEFT__1534867435947405.jpg", "samples/CAM_BACK/n008-2018-08-21-11-53-44-0400__CAM_BACK__1534867435937558.jpg", "samples/CAM_BACK_RIGHT/n008-2018-08-21-11-53-44-0400__CAM_BACK_RIGHT__1534867435928113.jpg"], "intrinsics": [[[1257.8625342125129, 0.0, 827.2410631095686], [0.0, 1257.8625342125129, 450.915498205774], [0.0, 0.0, 1.0]], [[1252.8131021185304, 0.0, 826.588114781398], [0.0, 1252.8131021185304, 469.9846626224581], [0.0, 0.0, 1.0]], [[1256.7485116440405, 0.0, 817.7887570959712], [0.0, 1256.7485116440403, 451.9541780095127], [0.0, 0.0, 1.0]], [[1254.9860565800168, 0.0, 829.5769333630991], [0.0, 1254.9860565800168, 467.1680561863987], [0.0, 0.0, 1.0]], [[796.8910634503094, 0.0, 857.7774326863696], [0.0, 796.8910634503094, 476.8848988407415], [0.0, 0.0, 1.0]], [[1249.9629280788233, 0.0, 825.3768045375984], [0.0, 1249.9629280788233, 462.54816385708756], [0.0, 0.0, 1.0]]], "extrinsics": [[[0.8227861523628235, -0.5682774782180786, -0.009157760068774223, -0.785888671875], [-0.0025325939059257507, 0.012446805834770203, -0.9999192953109741, 1.4876022338867188], [0.5683455467224121, 0.8227428197860718, 0.008801840245723724, -1.1842041015625], [0.0, 0.0, 0.0, 1.0]], [[0.010554108768701553, -0.9999099969863892, -0.008287642151117325, 0.009033203125], [-0.0006584124057553709, 0.008281154558062553, -0.999965488910675, 1.4800100326538086], [0.9999440908432007, 0.010559085756540298, -0.0005709534743800759, -1.51666259765625], [0.0, 0.0, 0.0, 1.0]], [[-0.8439511656761169, -0.5363875031471252, -0.00589365791529417, 0.94921875], [0.007277972996234894, -0.0004637567326426506, -0.9999733567237854, 1.494297981262207], [0.5363705158233643, -0.8439717292785645, 0.004295200575143099, -1.1864013671875], [0.0, 0.0, 0.0, 1.0]], [[0.9478003978729248, 0.3186013698577881, -0.01295382808893919, -1.143707275390625], [-0.018430672585964203, 0.0141815897077322, -0.9997295141220093, 1.5620384216308594], [-0.3183314800262451, 0.9477826952934265, 0.019313352182507515, -0.1561279296875], [0.0, 0.0, 0.0, 1.0]], [[0.00921789649873972, 0.9999343156814575, 0.006818003952503204, -0.0286865234375], [-0.01617547497153282, 0.00696650892496109, -0.9998449087142944, 1.5670595169067383], [-0.9998267292976379, 0.009106232784688473, 0.016238627955317497, -0.017425537109375], [0.0, 0.0, 0.0, 1.0]], [[-0.9237784147262573, 0.3828941583633423, 0.005053453613072634, 1.048583984375], [-0.011922407895326614, -0.015568743459880352, -0.9998076558113098, 1.5463809967041016], [-0.38274189829826355, -0.9236609935760498, 0.018947089090943336, -0.0892333984375], [0.0, 0.0, 0.0, 1.0]]], "view": [[0.0, -2.0, 100.0], [-2.0, 0.0, 100.0], [0.0, 0.0, 1.0]], "bev": "bev_7eb76c17ce8d4c4db3473879f881bea0.png", "aux": "aux_7eb76c17ce8d4c4db3473879f881bea0.npz", "visibility": "visibility_7eb76c17ce8d4c4db3473879f881bea0.png", "pose": [[0.7565321922302246, 0.6539564728736877, 0.0, 827.2543334960938], [-0.6539564728736877, 0.7565321922302246, 0.0, 1456.7425537109375], [0.0, 0.0, 1.0, 0.0], [0.0, 0.0, 0.0, 1.0]], "pose_inverse": [[0.7565321922302246, -0.6539564728736877, 0.0, 326.8017272949219], [0.6539564728736877, 0.7565321922302246, 0.0, -1643.0609130859375], [0.0, 0.0, 1.0, 0.0], [0.0, 0.0, 0.0, 1.0]], "cam_ids": [0, 1, 2, 3, 4, 5], "cam_channels": ["CAM_FRONT_LEFT", "CAM_FRONT", "CAM_FRONT_RIGHT", "CAM_BACK_LEFT", "CAM_BACK", "CAM_BACK_RIGHT"], "token": "7eb76c17ce8d4c4db3473879f881bea0", "scene": "scene-0252"}, {"images": ["samples/CAM_FRONT_LEFT/n008-2018-08-21-11-53-44-0400__CAM_FRONT_LEFT__1534867436404799.jpg", "samples/CAM_FRONT/n008-2018-08-21-11-53-44-0400__CAM_FRONT__1534867436412404.jpg", "samples/CAM_FRONT_RIGHT/n008-2018-08-21-11-53-44-0400__CAM_FRONT_RIGHT__1534867436420482.jpg", "samples/CAM_BACK_LEFT/n008-2018-08-21-11-53-44-0400__CAM_BACK_LEFT__1534867436447405.jpg", "samples/CAM_BACK/n008-2018-08-21-11-53-44-0400__CAM_BACK__1534867436437558.jpg", "samples/CAM_BACK_RIGHT/n008-2018-08-21-11-53-44-0400__CAM_BACK_RIGHT__1534867436428113.jpg"], "intrinsics": [[[1257.8625342125129, 0.0, 827.2410631095686], [0.0, 1257.8625342125129, 450.915498205774], [0.0, 0.0, 1.0]], [[1252.8131021185304, 0.0, 826.588114781398], [0.0, 1252.8131021185304, 469.9846626224581], [0.0, 0.0, 1.0]], [[1256.7485116440405, 0.0, 817.7887570959712], [0.0, 1256.7485116440403, 451.9541780095127], [0.0, 0.0, 1.0]], [[1254.9860565800168, 0.0, 829.5769333630991], [0.0, 1254.9860565800168, 467.1680561863987], [0.0, 0.0, 1.0]], [[796.8910634503094, 0.0, 857.7774326863696], [0.0, 796.8910634503094, 476.8848988407415], [0.0, 0.0, 1.0]], [[1249.9629280788233, 0.0, 825.3768045375984], [0.0, 1249.9629280788233, 462.54816385708756], [0.0, 0.0, 1.0]]], "extrinsics": [[[0.8224632740020752, -0.5686219334602356, -0.014944365248084068, -0.7877197265625], [-0.014831376262009144, 0.004826206248253584, -0.9998783469200134, 1.484379768371582], [0.5686249136924744, 0.822584867477417, -0.004464070778340101, -1.1834716796875], [0.0, 0.0, 0.0, 1.0]], [[0.010308412835001945, -0.9999467730522156, -0.000564758840482682, 0.0078125], [-0.012966371141374111, 0.00043107173405587673, -0.9999158382415771, 1.4773473739624023], [0.999862790107727, 0.010314783081412315, -0.012961235828697681, -1.517425537109375], [0.0, 0.0, 0.0, 1.0]], [[-0.8439695835113525, -0.5363181233406067, 0.008842408657073975, 0.94921875], [-0.005038698203861713, -0.008557355962693691, -0.9999507069587708, 1.4922285079956055], [0.5363673567771912, -0.8439725637435913, 0.004519803449511528, -1.1875], [0.0, 0.0, 0.0, 1.0]], [[0.9475518465042114, 0.31843164563179016, -0.027326900511980057, -1.141204833984375], [-0.030795399099588394, 0.005862373858690262, -0.9995085000991821, 1.5619564056396484], [-0.3181150555610657, 0.9479277729988098, 0.01536113303154707, -0.156982421875], [0.0, 0.0, 0.0, 1.0]], [[0.009222730994224548, 0.9999561309814453, -0.0016722814179956913, -0.0283203125], [-0.028565360233187675, -0.0014082093257457018, -0.9995909333229065, 1.5662527084350586], [-0.9995494484901428, 0.009266738779842854, 0.028551120311021805, -0.0189208984375], [0.0, 0.0, 0.0, 1.0]], [[-0.9236646294593811, 0.38297221064567566, 0.013262813910841942, 1.04876708984375], [-0.024238625541329384, -0.02384825237095356, -0.9994217157363892, 1.5448856353759766], [-0.3824343681335449, -0.9234519600868225, 0.03131050616502762, -0.0897216796875], [0.0, 0.0, 0.0, 1.0]]], "view": [[0.0, -2.0, 100.0], [-2.0, 0.0, 100.0], [0.0, 0.0, 1.0]], "bev": "bev_8050d516653a4828b57ba73f5ebdfba7.png", "aux": "aux_8050d516653a4828b57ba73f5ebdfba7.npz", "visibility": "visibility_8050d516653a4828b57ba73f5ebdfba7.png", "pose": [[0.7559601068496704, 0.6546177268028259, 0.0, 829.58642578125], [-0.6546177268028259, 0.7559601068496704, 0.0, 1454.7152099609375], [0.0, 0.0, 1.0, 0.0], [0.0, 0.0, 0.0, 1.0]], "pose_inverse": [[0.7559601068496704, -0.6546177268028259, 0.0, 325.1481018066406], [0.6546177268028259, 0.7559601068496704, 0.0, -1642.7685546875], [0.0, 0.0, 1.0, 0.0], [0.0, 0.0, 0.0, 1.0]], "cam_ids": [0, 1, 2, 3, 4, 5], "cam_channels": ["CAM_FRONT_LEFT", "CAM_FRONT", "CAM_FRONT_RIGHT", "CAM_BACK_LEFT", "CAM_BACK", "CAM_BACK_RIGHT"], "token": "8050d516653a4828b57ba73f5ebdfba7", "scene": "scene-0252"}, {"images": ["samples/CAM_FRONT_LEFT/n008-2018-08-21-11-53-44-0400__CAM_FRONT_LEFT__1534867436904799.jpg", "samples/CAM_FRONT/n008-2018-08-21-11-53-44-0400__CAM_FRONT__1534867436912404.jpg", "samples/CAM_FRONT_RIGHT/n008-2018-08-21-11-53-44-0400__CAM_FRONT_RIGHT__1534867436920482.jpg", "samples/CAM_BACK_LEFT/n008-2018-08-21-11-53-44-0400__CAM_BACK_LEFT__1534867436947405.jpg", "samples/CAM_BACK/n008-2018-08-21-11-53-44-0400__CAM_BACK__1534867436937558.jpg", "samples/CAM_BACK_RIGHT/n008-2018-08-21-11-53-44-0400__CAM_BACK_RIGHT__1534867436928113.jpg"], "intrinsics": [[[1257.8625342125129, 0.0, 827.2410631095686], [0.0, 1257.8625342125129, 450.915498205774], [0.0, 0.0, 1.0]], [[1252.8131021185304, 0.0, 826.588114781398], [0.0, 1252.8131021185304, 469.9846626224581], [0.0, 0.0, 1.0]], [[1256.7485116440405, 0.0, 817.7887570959712], [0.0, 1256.7485116440403, 451.9541780095127], [0.0, 0.0, 1.0]], [[1254.9860565800168, 0.0, 829.5769333630991], [0.0, 1254.9860565800168, 467.1680561863987], [0.0, 0.0, 1.0]], [[796.8910634503094, 0.0, 857.7774326863696], [0.0, 796.8910634503094, 476.8848988407415], [0.0, 0.0, 1.0]], [[1249.9629280788233, 0.0, 825.3768045375984], [0.0, 1249.9629280788233, 462.54816385708756], [0.0, 0.0, 1.0]]], "extrinsics": [[[0.8226965665817261, -0.5683723092079163, -0.011103732511401176, -0.797119140625], [-0.012353231199085712, 0.0016536853509023786, -0.9999223351478577, 1.4851956367492676], [0.5683465600013733, 0.822769820690155, -0.00566075649112463, -1.1934814453125], [0.0, 0.0, 0.0, 1.0]], [[0.01058703288435936, -0.9999416470527649, 0.002128220396116376, 0.010009765625], [-0.010226034559309483, -0.002236496889963746, -0.9999452233314514, 1.4780635833740234], [0.9998916387557983, 0.010564582422375679, -0.010249116457998753, -1.52874755859375], [0.0, 0.0, 0.0, 1.0]], [[-0.8438850045204163, -0.536472499370575, 0.0074383863247931, 0.95751953125], [-0.002019613515585661, -0.010687639005482197, -0.999940812587738, 1.4927730560302734], [0.5365203022956848, -0.8438501358032227, 0.007935671135783195, -1.1907958984375], [0.0, 0.0, 0.0, 1.0]], [[0.9476250410079956, 0.3185003697872162, -0.02375040203332901, -1.14190673828125], [-0.02679552137851715, 0.005182267166674137, -0.9996275305747986, 1.5619821548461914], [-0.318258672952652, 0.9479085206985474, 0.013445231132209301, -0.1571044921875], [0.0, 0.0, 0.0, 1.0]], [[0.00916340108960867, 0.9999541640281677, -0.002776108216494322, -0.029052734375], [-0.02488182671368122, -0.0025473551359027624, -0.999687135219574, 1.5665807723999023], [-0.99964839220047, 0.009229603223502636, 0.02485734410583973, -0.0152587890625], [0.0, 0.0, 0.0, 1.0]], [[-0.9237558841705322, 0.38286295533180237, 0.009537695907056332, 1.05426025390625], [-0.020897837355732918, -0.025523480027914047, -0.9994557499885559, 1.5454559326171875], [-0.3824111819267273, -0.9234524369239807, 0.03157847374677658, -0.0863037109375], [0.0, 0.0, 0.0, 1.0]]], "view": [[0.0, -2.0, 100.0], [-2.0, 0.0, 100.0], [0.0, 0.0, 1.0]], "bev": "bev_8e1e92250bc74d4abbf67e0976732cd4.png", "aux": "aux_8e1e92250bc74d4abbf67e0976732cd4.npz", "visibility": "visibility_8e1e92250bc74d4abbf67e0976732cd4.png", "pose": [[0.7537357807159424, 0.6571775674819946, 0.0, 831.8150634765625], [-0.6571775674819946, 0.7537357807159424, 0.0, 1452.7506103515625], [0.0, 0.0, 1.0, 0.0], [0.0, 0.0, 0.0, 1.0]], "pose_inverse": [[0.7537357807159424, -0.6571775674819946, 0.0, 327.7463684082031], [0.6571775674819946, 0.7537357807159424, 0.0, -1641.640380859375], [0.0, 0.0, 1.0, 0.0], [0.0, 0.0, 0.0, 1.0]], "cam_ids": [0, 1, 2, 3, 4, 5], "cam_channels": ["CAM_FRONT_LEFT", "CAM_FRONT", "CAM_FRONT_RIGHT", "CAM_BACK_LEFT", "CAM_BACK", "CAM_BACK_RIGHT"], "token": "8e1e92250bc74d4abbf67e0976732cd4", "scene": "scene-0252"}, {"images": ["samples/CAM_FRONT_LEFT/n008-2018-08-21-11-53-44-0400__CAM_FRONT_LEFT__1534867437354799.jpg", "samples/CAM_FRONT/n008-2018-08-21-11-53-44-0400__CAM_FRONT__1534867437362404.jpg", "samples/CAM_FRONT_RIGHT/n008-2018-08-21-11-53-44-0400__CAM_FRONT_RIGHT__1534867437370482.jpg", "samples/CAM_BACK_LEFT/n008-2018-08-21-11-53-44-0400__CAM_BACK_LEFT__1534867437397405.jpg", "samples/CAM_BACK/n008-2018-08-21-11-53-44-0400__CAM_BACK__1534867437387558.jpg", "samples/CAM_BACK_RIGHT/n008-2018-08-21-11-53-44-0400__CAM_BACK_RIGHT__1534867437378113.jpg"], "intrinsics": [[[1257.8625342125129, 0.0, 827.2410631095686], [0.0, 1257.8625342125129, 450.915498205774], [0.0, 0.0, 1.0]], [[1252.8131021185304, 0.0, 826.588114781398], [0.0, 1252.8131021185304, 469.9846626224581], [0.0, 0.0, 1.0]], [[1256.7485116440405, 0.0, 817.7887570959712], [0.0, 1256.7485116440403, 451.9541780095127], [0.0, 0.0, 1.0]], [[1254.9860565800168, 0.0, 829.5769333630991], [0.0, 1254.9860565800168, 467.1680561863987], [0.0, 0.0, 1.0]], [[796.8910634503094, 0.0, 857.7774326863696], [0.0, 796.8910634503094, 476.8848988407415], [0.0, 0.0, 1.0]], [[1249.9629280788233, 0.0, 825.3768045375984], [0.0, 1249.9629280788233, 462.54816385708756], [0.0, 0.0, 1.0]]], "extrinsics": [[[0.8223426342010498, -0.5689687132835388, -0.005222071427851915, -0.799072265625], [-0.003876234171912074, 0.003575603011995554, -0.9999861121177673, 1.4873237609863281], [0.5689795017242432, 0.8223513960838318, 0.0007349124061875045, -1.192626953125], [0.0, 0.0, 0.0, 1.0]], [[0.009974822402000427, -0.9999501705169678, 0.00047637426177971065, 0.0084228515625], [-0.001800763770006597, -0.0004943610401824117, -0.9999982714653015, 1.4797965288162231], [0.9999486207962036, 0.009974051266908646, -0.001805605599656701, -1.52880859375], [0.0, 0.0, 0.0, 1.0]], [[-0.8441579341888428, -0.5360944271087646, -0.00043479492887854576, 0.95635986328125], [0.006320609245449305, -0.009141720831394196, -0.9999381899833679, 1.4940872192382812], [0.5360573530197144, -0.8441085815429688, 0.011105500161647797, -1.1912841796875], [0.0, 0.0, 0.0, 1.0]], [[0.9477815628051758, 0.3185327649116516, -0.015718873590230942, -1.13671875], [-0.01866680011153221, 0.006204127334058285, -0.9998064637184143, 1.5618963241577148], [-0.31837356090545654, 0.9478915929794312, 0.011826145462691784, -0.158935546875], [0.0, 0.0, 0.0, 1.0]], [[0.009333635680377483, 0.9999552369117737, -0.0015409622574225068, -0.0286865234375], [-0.01667092554271221, -0.001385209267027676, -0.9998600482940674, 1.5670169591903687], [-0.9998175501823425, 0.009358048439025879, 0.016657251864671707, -0.01824951171875], [0.0, 0.0, 0.0, 1.0]], [[-0.9236814975738525, 0.3831532597541809, 0.0024515921249985695, 1.05316162109375], [-0.012668484821915627, -0.024144291877746582, -0.9996281862258911, 1.546356201171875], [-0.3829515874385834, -0.9233691692352295, 0.02715560793876648, -0.0875244140625], [0.0, 0.0, 0.0, 1.0]]], "view": [[0.0, -2.0, 100.0], [-2.0, 0.0, 100.0], [0.0, 0.0, 1.0]], "bev": "bev_20ff8696dc2140f5ac9f70ca9e96b654.png", "aux": "aux_20ff8696dc2140f5ac9f70ca9e96b654.npz", "visibility": "visibility_20ff8696dc2140f5ac9f70ca9e96b654.png", "pose": [[0.7544973492622375, 0.6563031077384949, 0.0, 833.77734375], [-0.6563031077384949, 0.7544973492622375, 0.0, 1451.0223388671875], [0.0, 0.0, 1.0, 0.0], [0.0, 0.0, 0.0, 1.0]], "pose_inverse": [[0.7544973492622375, -0.6563031077384949, 0.0, 323.2276611328125], [0.6563031077384949, 0.7544973492622375, 0.0, -1642.003173828125], [0.0, 0.0, 1.0, 0.0], [0.0, 0.0, 0.0, 1.0]], "cam_ids": [0, 1, 2, 3, 4, 5], "cam_channels": ["CAM_FRONT_LEFT", "CAM_FRONT", "CAM_FRONT_RIGHT", "CAM_BACK_LEFT", "CAM_BACK", "CAM_BACK_RIGHT"], "token": "20ff8696dc2140f5ac9f70ca9e96b654", "scene": "scene-0252"}, {"images": ["samples/CAM_FRONT_LEFT/n008-2018-08-21-11-53-44-0400__CAM_FRONT_LEFT__1534867437854799.jpg", "samples/CAM_FRONT/n008-2018-08-21-11-53-44-0400__CAM_FRONT__1534867437862404.jpg", "samples/CAM_FRONT_RIGHT/n008-2018-08-21-11-53-44-0400__CAM_FRONT_RIGHT__1534867437870482.jpg", "samples/CAM_BACK_LEFT/n008-2018-08-21-11-53-44-0400__CAM_BACK_LEFT__1534867437897405.jpg", "samples/CAM_BACK/n008-2018-08-21-11-53-44-0400__CAM_BACK__1534867437887558.jpg", "samples/CAM_BACK_RIGHT/n008-2018-08-21-11-53-44-0400__CAM_BACK_RIGHT__1534867437878113.jpg"], "intrinsics": [[[1257.8625342125129, 0.0, 827.2410631095686], [0.0, 1257.8625342125129, 450.915498205774], [0.0, 0.0, 1.0]], [[1252.8131021185304, 0.0, 826.588114781398], [0.0, 1252.8131021185304, 469.9846626224581], [0.0, 0.0, 1.0]], [[1256.7485116440405, 0.0, 817.7887570959712], [0.0, 1256.7485116440403, 451.9541780095127], [0.0, 0.0, 1.0]], [[1254.9860565800168, 0.0, 829.5769333630991], [0.0, 1254.9860565800168, 467.1680561863987], [0.0, 0.0, 1.0]], [[796.8910634503094, 0.0, 857.7774326863696], [0.0, 796.8910634503094, 476.8848988407415], [0.0, 0.0, 1.0]], [[1249.9629280788233, 0.0, 825.3768045375984], [0.0, 1249.9629280788233, 462.54816385708756], [0.0, 0.0, 1.0]]], "extrinsics": [[[0.8223200440406799, -0.569024920463562, -0.0006146046798676252, -0.8045654296875], [0.00041533602052368224, 0.0016803191974759102, -0.9999984502792358, 1.4883928298950195], [0.5690250992774963, 0.8223184943199158, 0.0016180952079594135, -1.196533203125], [0.0, 0.0, 0.0, 1.0]], [[0.009909397922456264, -0.9999479055404663, 0.002429664833471179, 0.0086669921875], [0.0024098174180835485, -0.0024058970157057047, -0.9999942183494568, 1.4806523323059082], [0.9999479055404663, 0.00991517398506403, 0.002385851228609681, -1.534576416015625], [0.0, 0.0, 0.0, 1.0]], [[-0.8441759943962097, -0.536058247089386, -0.0028981026262044907, 0.9603271484375], [0.010448137298226357, -0.011047867126762867, -0.9998843669891357, 1.4947013854980469], [0.53596431016922, -0.8441087007522583, 0.014927154406905174, -1.1937255859375], [0.0, 0.0, 0.0, 1.0]], [[0.9478692412376404, 0.3184041976928711, -0.012748192064464092, -1.1391143798828125], [-0.014930473640561104, 0.0044141728430986404, -0.9998788237571716, 1.5619707107543945], [-0.31830933690071106, 0.947944700717926, 0.008937985636293888, -0.157470703125], [0.0, 0.0, 0.0, 1.0]], [[0.009383504278957844, 0.9999502897262573, -0.0033533307723701, -0.0284423828125], [-0.012823487631976604, -0.0032328693196177483, -0.9999125003814697, 1.567294001579284