[{"images": ["samples/CAM_FRONT_LEFT/n015-2018-07-24-11-13-19+0800__CAM_FRONT_LEFT__1532402042105832.jpg", "samples/CAM_FRONT/n015-2018-07-24-11-13-19+0800__CAM_FRONT__1532402042112460.jpg", "samples/CAM_FRONT_RIGHT/n015-2018-07-24-11-13-19+0800__CAM_FRONT_RIGHT__1532402042120339.jpg", "samples/CAM_BACK_LEFT/n015-2018-07-24-11-13-19+0800__CAM_BACK_LEFT__1532402042147423.jpg", "samples/CAM_BACK/n015-2018-07-24-11-13-19+0800__CAM_BACK__1532402042137525.jpg", "samples/CAM_BACK_RIGHT/n015-2018-07-24-11-13-19+0800__CAM_BACK_RIGHT__1532402042127904.jpg"], "intrinsics": [[[1272.5979470598488, 0.0, 826.6154927353808], [0.0, 1272.5979470598488, 479.75165386361925], [0.0, 0.0, 1.0]], [[1266.417203046554, 0.0, 816.2670197447984], [0.0, 1266.417203046554, 491.50706579294757], [0.0, 0.0, 1.0]], [[1260.8474446004698, 0.0, 807.968244525554], [0.0, 1260.8474446004698, 495.3344268742088], [0.0, 0.0, 1.0]], [[1256.7414812095406, 0.0, 792.1125740759628], [0.0, 1256.7414812095406, 492.7757465151356], [0.0, 0.0, 1.0]], [[809.2209905677063, 0.0, 829.2196003259838], [0.0, 809.2209905677063, 481.77842384512485], [0.0, 0.0, 1.0]], [[1259.5137405846733, 0.0, 807.2529053838625], [0.0, 1259.5137405846733, 501.19579884916527], [0.0, 0.0, 1.0]]], "extrinsics": [[[0.8209720849990845, -0.5709502696990967, -0.004556132480502129, -0.706298828125], [-0.010716119781136513, -0.007429524790495634, -0.9999150037765503, 1.5048809051513672], [0.5708678364753723, 0.8209511041641235, -0.012217801995575428, -1.10107421875], [0.0, 0.0, 0.0, 1.0]], [[0.006088532041758299, -0.9999154806137085, 0.011478745378553867, 0.006988525390625], [-0.014391899108886719, -0.011565391905605793, -0.9998295903205872, 1.5167217254638672], [0.9998778700828552, 0.005922326352447271, -0.014461099170148373, -1.42724609375], [0.0, 0.0, 0.0, 1.0]], [[-0.8328136205673218, -0.5535472631454468, 0.002625060500577092, 0.860595703125], [-0.006847120821475983, 0.005559449549764395, -0.9999610781669617, 1.5022315979003906], [0.5535110831260681, -0.8327991962432861, -0.008420188911259174, -1.134521484375], [0.0, 0.0, 0.0, 1.0]], [[0.9477607011795044, 0.31898233294487, -0.00015747926954645663, -1.138916015625], [0.008213176392018795, -0.024896521121263504, -0.9996562600135803, 1.5885820388793945], [-0.31887659430503845, 0.9474336504936218, -0.026215801015496254, -0.1047210693359375], [0.0, 0.0, 0.0, 1.0]], [[0.002290678210556507, 0.9998859763145447, -0.014925545081496239, 0.00301361083984375], [-0.019457649439573288, -0.014878190122544765, -0.9996999502182007, 1.5778465270996094], [-0.9998079538345337, 0.002580448519438505, 0.019421350210905075, -0.075927734375], [0.0, 0.0, 0.0, 1.0]], [[-0.9348914623260498, 0.3547913134098053, -0.010046709328889847, 0.996337890625], [0.010930289514362812, 0.0004862752102781087, -0.9999400973320007, 1.5530853271484375], [-0.3547651767730713, -0.9349454045295715, -0.004332587122917175, -0.11669921875], [0.0, 0.0, 0.0, 1.0]]], "view": [[0.0, -2.0, 100.0], [-2.0, 0.0, 100.0], [0.0, 0.0, 1.0]], "bev": "bev_de78abb899bf4429a2e1a4cfe8709cc2.png", "aux": "aux_de78abb899bf4429a2e1a4cfe8709cc2.npz", "visibility": "visibility_de78abb899bf4429a2e1a4cfe8709cc2.png", "pose": [[0.4092397093772888, -0.9124268889427185, 0.0, 346.6108093261719], [0.9124268889427185, 0.4092397093772888, 0.0, 1047.7435302734375], [0.0, 0.0, 1.0, 0.0], [0.0, 0.0, 0.0, 1.0]], "pose_inverse": [[0.4092397093772888, 0.9124268889427185, 0.0, -1097.8363037109375], [-0.9124268889427185, 0.4092397093772888, 0.0, -112.5212173461914], [0.0, 0.0, 1.0, 0.0], [0.0, 0.0, 0.0, 1.0]], "cam_ids": [0, 1, 2, 3, 4, 5], "cam_channels": ["CAM_FRONT_LEFT", "CAM_FRONT", "CAM_FRONT_RIGHT", "CAM_BACK_LEFT", "CAM_BACK", "CAM_BACK_RIGHT"], "token": "de78abb899bf4429a2e1a4cfe8709cc2", "scene": "scene-0046"}, {"images": ["samples/CAM_FRONT_LEFT/n015-2018-07-24-11-13-19+0800__CAM_FRONT_LEFT__1532402042504844.jpg", "samples/CAM_FRONT/n015-2018-07-24-11-13-19+0800__CAM_FRONT__1532402042512460.jpg", "samples/CAM_FRONT_RIGHT/n015-2018-07-24-11-13-19+0800__CAM_FRONT_RIGHT__1532402042520339.jpg", "samples/CAM_BACK_LEFT/n015-2018-07-24-11-13-19+0800__CAM_BACK_LEFT__1532402042547423.jpg", "samples/CAM_BACK/n015-2018-07-24-11-13-19+0800__CAM_BACK__1532402042537525.jpg", "samples/CAM_BACK_RIGHT/n015-2018-07-24-11-13-19+0800__CAM_BACK_RIGHT__1532402042527893.jpg"], "intrinsics": [[[1272.5979470598488, 0.0, 826.6154927353808], [0.0, 1272.5979470598488, 479.75165386361925], [0.0, 0.0, 1.0]], [[1266.417203046554, 0.0, 816.2670197447984], [0.0, 1266.417203046554, 491.50706579294757], [0.0, 0.0, 1.0]], [[1260.8474446004698, 0.0, 807.968244525554], [0.0, 1260.8474446004698, 495.3344268742088], [0.0, 0.0, 1.0]], [[1256.7414812095406, 0.0, 792.1125740759628], [0.0, 1256.7414812095406, 492.7757465151356], [0.0, 0.0, 1.0]], [[809.2209905677063, 0.0, 829.2196003259838], [0.0, 809.2209905677063, 481.77842384512485], [0.0, 0.0, 1.0]], [[1259.5137405846733, 0.0, 807.2529053838625], [0.0, 1259.5137405846733, 501.19579884916527], [0.0, 0.0, 1.0]]], "extrinsics": [[[0.820501446723938, -0.5716301202774048, 0.004035591147840023, -0.68603515625], [0.0033878013491630554, -0.002196983201429248, -0.9999918341636658, 1.5094002485275269], [0.5716342329978943, 0.8205084800720215, 0.0001339408481726423, -1.08514404296875], [0.0, 0.0, 0.0, 1.0]], [[0.005308310501277447, -0.9999673962593079, 0.006068598013371229, 0.00611114501953125], [-0.0022068037651479244, -0.006080383434891701, -0.9999790787696838, 1.5199129581451416], [0.9999834895133972, 0.005294777452945709, -0.0022390084341168404, -1.4124755859375], [0.0, 0.0, 0.0, 1.0]], [[-0.8330584168434143, -0.5531141757965088, -0.00885329581797123, 0.85113525390625], [0.0031167047563940287, 0.01131102629005909, -0.9999311566352844, 1.5043251514434814], [0.55317622423172, -0.8330287337303162, -0.007698852103203535, -1.12872314453125], [0.0, 0.0, 0.0, 1.0]], [[0.9477826952934265, 0.31888848543167114, 0.004251160193234682, -1.139892578125], [0.010749796405434608, -0.01862185262143612, -0.9997687339782715, 1.5885772705078125], [-0.3187355399131775, 0.9476092457771301, -0.021077455952763557, -0.1042022705078125], [0.0, 0.0, 0.0, 1.0]], [[0.0025426058564335108, 0.9999585747718811, -0.008747185580432415, 0.0031585693359375], [-0.014297271147370338, -0.008709968067705631, -0.9998598694801331, 1.5782012939453125], [-0.9998946189880371, 0.0026673173997551203, 0.014274531044065952, -0.0789794921875], [0.0, 0.0, 0.0, 1.0]], [[-0.9346659183502197, 0.35520270466804504, -0.01518200896680355, 0.98944091796875], [0.018699124455451965, 0.006470667198300362, -0.9998041987419128, 1.554391860961914], [-0.35503488779067993, -0.934766948223114, -0.012689892202615738, -0.11968994140625], [0.0, 0.0, 0.0, 1.0]]], "view": [[0.0, -2.0, 100.0], [-2.0, 0.0, 100.0], [0.0, 0.0, 1.0]], "bev": "bev_31f06bd961cc4b3495cd5c01539cf55d.png", "aux": "aux_31f06bd961cc4b3495cd5c01539cf55d.npz", "visibility": "visibility_31f06bd961cc4b3495cd5c01539cf55d.png", "pose": [[0.4097248315811157, -0.912209153175354, 0.0, 347.8868713378906], [0.912209153175354, 0.4097248315811157, 0.0, 1050.5689697265625], [0.0, 0.0, 1.0, 0.0], [0.0, 0.0, 0.0, 1.0]], "pose_inverse": [[0.4097248315811157, 0.912209153175354, 0.0, -1100.8765869140625], [-0.912209153175354, 0.4097248315811157, 0.0, -113.09860229492188], [0.0, 0.0, 1.0, 0.0], [0.0, 0.0, 0.0, 1.0]], "cam_ids": [0, 1, 2, 3, 4, 5], "cam_channels": ["CAM_FRONT_LEFT", "CAM_FRONT", "CAM_FRONT_RIGHT", "CAM_BACK_LEFT", "CAM_BACK", "CAM_BACK_RIGHT"], "token": "31f06bd961cc4b3495cd5c01539cf55d", "scene": "scene-0046"}, {"images": ["samples/CAM_FRONT_LEFT/n015-2018-07-24-11-13-19+0800__CAM_FRONT_LEFT__1532402043004844.jpg", "samples/CAM_FRONT/n015-2018-07-24-11-13-19+0800__CAM_FRONT__1532402043012460.jpg", "samples/CAM_FRONT_RIGHT/n015-2018-07-24-11-13-19+0800__CAM_FRONT_RIGHT__1532402043020339.jpg", "samples/CAM_BACK_LEFT/n015-2018-07-24-11-13-19+0800__CAM_BACK_LEFT__1532402043047435.jpg", "samples/CAM_BACK/n015-2018-07-24-11-13-19+0800__CAM_BACK__1532402043037525.jpg", "samples/CAM_BACK_RIGHT/n015-2018-07-24-11-13-19+0800__CAM_BACK_RIGHT__1532402043027893.jpg"], "intrinsics": [[[1272.5979470598488, 0.0, 826.6154927353808], [0.0, 1272.5979470598488, 479.75165386361925], [0.0, 0.0, 1.0]], [[1266.417203046554, 0.0, 816.2670197447984], [0.0, 1266.417203046554, 491.50706579294757], [0.0, 0.0, 1.0]], [[1260.8474446004698, 0.0, 807.968244525554], [0.0, 1260.8474446004698, 495.3344268742088], [0.0, 0.0, 1.0]], [[1256.7414812095406, 0.0, 792.1125740759628], [0.0, 1256.7414812095406, 492.7757465151356], [0.0, 0.0, 1.0]], [[809.2209905677063, 0.0, 829.2196003259838], [0.0, 809.2209905677063, 481.77842384512485], [0.0, 0.0, 1.0]], [[1259.5137405846733, 0.0, 807.2529053838625], [0.0, 1259.5137405846733, 501.19579884916527], [0.0, 0.0, 1.0]]], "extrinsics": [[[0.82024085521698, -0.5719948410987854, 0.005172018893063068, -0.67034912109375], [0.005383526440709829, -0.0013219538377597928, -0.999984622001648, 1.510179042816162], [0.571992814540863, 0.8202560544013977, 0.0019950291607528925, -1.07623291015625], [0.0, 0.0, 0.0, 1.0]], [[0.0050435480661690235, -0.999971866607666, 0.005542915314435959, 0.00745391845703125], [3.2101402211992536e-06, -0.005542969796806574, -0.9999846816062927, 1.5205388069152832], [0.9999872446060181, 0.005043404642492533, -2.4746123017393984e-05, -1.3980712890625], [0.0, 0.0, 0.0, 1.0]], [[-0.8330661058425903, -0.5530643463134766, -0.010983710177242756, 0.84307861328125], [0.005551240406930447, 0.01149643026292324, -0.9999184608459473, 1.5048999786376953], [0.5531455278396606, -0.8330591917037964, -0.006507093086838722, -1.12213134765625], [0.0, 0.0, 0.0, 1.0]], [[0.9477169513702393, 0.3190363049507141, 0.006959655322134495, -1.145751953125], [0.013744665309786797, -0.01902076043188572, -0.9997245669364929, 1.5885047912597656], [-0.31881606578826904, 0.9475515484809875, -0.022411346435546875, -0.102508544921875], [0.0, 0.0, 0.0, 1.0]], [[0.002573306206613779, 0.9999555349349976, -0.009072850458323956, 0.002716064453125], [-0.011452867649495602, -0.009042814373970032, -0.9998935461044312, 1.5784330368041992], [-0.9999310970306396, 0.002676956355571747, 0.011429088190197945, -0.0792236328125], [0.0, 0.0, 0.0, 1.0]], [[-0.9346171021461487, 0.3552146553993225, -0.017703676596283913, 0.98321533203125], [0.021346140652894974, 0.006337518338114023, -0.9997521042823792, 1.554931640625], [-0.3550144135951996, -0.9347632527351379, -0.01350561622530222, -0.12115478515625], [0.0, 0.0, 0.0, 1.0]]], "view": [[0.0, -2.0, 100.0], [-2.0, 0.0, 100.0], [0.0, 0.0, 1.0]], "bev": "bev_4776e574db1f4261a470d33983716cca.png", "aux": "aux_4776e574db1f4261a470d33983716cca.npz", "visibility": "visibility_4776e574db1f4261a470d33983716cca.png", "pose": [[0.4041694402694702, -0.9146841168403625, 0.0, 349.5965881347656], [0.9146841168403625, 0.4041694402694702, 0.0, 1054.3416748046875], [0.0, 0.0, 1.0, 0.0], [0.0, 0.0, 0.0, 1.0]], "pose_inverse": [[0.4041694402694702, 0.9146841168403625, 0.0, -1105.6859130859375], [-0.9146841168403625, 0.4041694402694702, 0.0, -106.36223602294922], [0.0, 0.0, 1.0, 0.0], [0.0, 0.0, 0.0, 1.0]], "cam_ids": [0, 1, 2, 3, 4, 5], "cam_channels": ["CAM_FRONT_LEFT", "CAM_FRONT", "CAM_FRONT_RIGHT", "CAM_BACK_LEFT", "CAM_BACK", "CAM_BACK_RIGHT"], "token": "4776e574db1f4261a470d33983716cca", "scene": "scene-0046"}, {"images": ["samples/CAM_FRONT_LEFT/n015-2018-07-24-11-13-19+0800__CAM_FRONT_LEFT__1532402043504844.jpg", "samples/CAM_FRONT/n015-2018-07-24-11-13-19+0800__CAM_FRONT__1532402043512460.jpg", "samples/CAM_FRONT_RIGHT/n015-2018-07-24-11-13-19+0800__CAM_FRONT_RIGHT__1532402043520339.jpg", "samples/CAM_BACK_LEFT/n015-2018-07-24-11-13-19+0800__CAM_BACK_LEFT__1532402043547423.jpg", "samples/CAM_BACK/n015-2018-07-24-11-13-19+0800__CAM_BACK__1532402043537525.jpg", "samples/CAM_BACK_RIGHT/n015-2018-07-24-11-13-19+0800__CAM_BACK_RIGHT__1532402043527893.jpg"], "intrinsics": [[[1272.5979470598488, 0.0, 826.6154927353808], [0.0, 1272.5979470598488, 479.75165386361925], [0.0, 0.0, 1.0]], [[1266.417203046554, 0.0, 816.2670197447984], [0.0, 1266.417203046554, 491.50706579294757], [0.0, 0.0, 1.0]], [[1260.8474446004698, 0.0, 807.968244525554], [0.0, 1260.8474446004698, 495.3344268742088], [0.0, 0.0, 1.0]], [[1256.7414812095406, 0.0, 792.1125740759628], [0.0, 1256.7414812095406, 492.7757465151356], [0.0, 0.0, 1.0]], [[809.2209905677063, 0.0, 829.2196003259838], [0.0, 809.2209905677063, 481.77842384512485], [0.0, 0.0, 1.0]], [[1259.5137405846733, 0.0, 807.2529053838625], [0.0, 1259.5137405846733, 501.19579884916527], [0.0, 0.0, 1.0]]], "extrinsics": [[[0.8204298615455627, -0.5717265009880066, -0.004863142967224121, -0.67376708984375], [-0.0064680674113333225, -0.0007758191204629838, -0.99997878074646, 1.5059623718261719], [0.5717105865478516, 0.8204439878463745, -0.004334470257163048, -1.0797119140625], [0.0, 0.0, 0.0, 1.0]], [[0.0052854265086352825, -0.9999751448631287, 0.004670031368732452, 0.00830078125], [-0.011772843077778816, -0.004731997847557068, -0.9999195337295532, 1.5171337127685547], [0.9999167323112488, 0.005230009090155363, -0.011797560378909111, -1.40283203125], [0.0, 0.0, 0.0, 1.0]], [[-0.8331238627433777, -0.5530833005905151, -0.0018373156199231744, 0.84698486328125], [-0.006148564629256725, 0.012583370320498943, -0.9999018907546997, 1.5022554397583008], [0.5530522465705872, -0.8330309391021729, -0.013884173706173897, -1.12408447265625], [0.0, 0.0, 0.0, 1.0]], [[0.9477567076683044, 0.31897756457328796, -0.003239306854084134, -1.147705078125], [0.0025288392789661884, -0.017667435109615326, -0.9998407363891602, 1.5885411500930786], [-0.31898394227027893, 0.9475976228713989, -0.017551075667142868, -0.101776123046875], [0.0, 0.0, 0.0, 1.0]], [[0.0024836829397827387, 0.9999673366546631, -0.007695985026657581, 0.002532958984375], [-0.022899247705936432, -0.007637117989361286, -0.9997085928916931, 1.5775585174560547], [-0.9997347593307495, 0.002659163437783718, 0.022879527881741524, -0.0767822265625], [0.0, 0.0, 0.0, 1.0]], [[-0.9347565770149231, 0.3552316129207611, -0.006376533303409815, 0.98663330078125], [0.009728611446917057, 0.007650888524949551, -0.9999234080314636, 1.5529956817626953], [-0.3551555275917053, -0.934747040271759, -0.010607629083096981, -0.119384765625], [0.0, 0.0, 0.0, 1.0]]], "view": [[0.0, -2.0, 100.0], [-2.0, 0.0, 100.0], [0.0, 0.0, 1.0]], "bev": "bev_f31932ce754b408db390251167423dcc.png", "aux": "aux_f31932ce754b408db390251167423dcc.npz", "visibility": "visibility_f31932ce754b408db390251167423dcc.png", "pose": [[0.39441654086112976, -0.918931782245636, 0.0, 351.3082580566406], [0.918931782245636, 0.39441654086112976, 0.0, 1058.2330322265625], [0.0, 0.0, 1.0, 0.0], [0.0, 0.0, 0.0, 1.0]], "pose_inverse": [[0.39441654086112976, 0.918931782245636, 0.0, -1111.0057373046875], [-0.918931782245636, 0.39441654086112976, 0.0, -94.55631256103516], [0.0, 0.0, 1.0, 0.0], [0.0, 0.0, 0.0, 1.0]], "cam_ids": [0, 1, 2, 3, 4, 5], "cam_channels": ["CAM_FRONT_LEFT", "CAM_FRONT", "CAM_FRONT_RIGHT", "CAM_BACK_LEFT", "CAM_BACK", "CAM_BACK_RIGHT"], "token": "f31932ce754b408db390251167423dcc", "scene": "scene-0046"}, {"images": ["samples/CAM_FRONT_LEFT/n015-2018-07-24-11-13-19+0800__CAM_FRONT_LEFT__1532402044004844.jpg", "samples/CAM_FRONT/n015-2018-07-24-11-13-19+0800__CAM_FRONT__1532402044012460.jpg", "samples/CAM_FRONT_RIGHT/n015-2018-07-24-11-13-19+0800__CAM_FRONT_RIGHT__1532402044020339.jpg", "samples/CAM_BACK_LEFT/n015-2018-07-24-11-13-19+0800__CAM_BACK_LEFT__1532402044047423.jpg", "samples/CAM_BACK/n015-2018-07-24-11-13-19+0800__CAM_BACK__1532402044037525.jpg", "samples/CAM_BACK_RIGHT/n015-2018-07-24-11-13-19+0800__CAM_BACK_RIGHT__1532402044027893.jpg"], "intrinsics": [[[1272.5979470598488, 0.0, 826.6154927353808], [0.0, 1272.5979470598488, 479.75165386361925], [0.0, 0.0, 1.0]], [[1266.417203046554, 0.0, 816.2670197447984], [0.0, 1266.417203046554, 491.50706579294757], [0.0, 0.0, 1.0]], [[1260.8474446004698, 0.0, 807.968244525554], [0.0, 1260.8474446004698, 495.3344268742088], [0.0, 0.0, 1.0]], [[1256.7414812095406, 0.0, 792.1125740759628], [0.0, 1256.7414812095406, 492.7757465151356], [0.0, 0.0, 1.0]], [[809.2209905677063, 0.0, 829.2196003259838], [0.0, 809.2209905677063, 481.77842384512485], [0.0, 0.0, 1.0]], [[1259.5137405846733, 0.0, 807.2529053838625], [0.0, 1259.5137405846733, 501.19579884916527], [0.0, 0.0, 1.0]]], "extrinsics": [[[0.8209230303764343, -0.5710278153419495, 0.003567765699699521, -0.6712646484375], [-0.0033518848940730095, -0.011066300794482231, -0.999933123588562, 1.5070867538452148], [0.5710290670394897, 0.8208560347557068, -0.010998600162565708, -1.0794677734375], [0.0, 0.0, 0.0, 1.0]], [[0.005953335203230381, -0.9998669028282166, 0.01518632099032402, 0.00908660888671875], [-0.008817318826913834, -0.015238486230373383, -0.999845027923584, 1.5180034637451172], [0.9999433159828186, 0.0058185332454741, -0.008906866423785686, -1.4012451171875], [0.0, 0.0, 0.0, 1.0]], [[-0.8328307867050171, -0.5535247325897217, 0.0017785790842026472, 0.8465576171875], [-0.0033715381287038326, 0.0018596375593915582, -0.9999925494194031, 1.502885341644287], [0.5535172820091248, -0.832830548286438, -0.00341499294154346, -1.1231689453125], [0.0, 0.0, 0.0, 1.0]], [[0.9477032423019409, 0.3191184997558594, -0.004663622472435236, -1.1473388671875], [0.00477939285337925, -0.028801463544368744, -0.9995737075805664, 1.5885337591171265], [-0.3191168010234833, 0.9472770690917969, -0.02882043458521366, -0.10211181640625], [0.0, 0.0, 0.0, 1.0]], [[0.0022721223067492247, 0.9998218417167664, -0.018735716119408607, 0.0023651123046875], [-0.0204795990139246, -0.01868531107902527, -0.9996156692504883, 1.5777664184570312], [-0.9997876882553101, 0.002654943848028779, 0.020433496683835983, -0.0762939453125], [0.0, 0.0, 0.0, 1.0]], [[-0.9348735213279724, 0.35475361347198486, -0.012699376791715622, 0.98614501953125], [0.012351996265351772, -0.0032439040951430798, -0.9999184608459473, 1.5534286499023438], [-0.3547658324241638, -0.9349541664123535, -0.001349276048131287, -0.119140625], [0.0, 0.0, 0.0, 1.0]]], "view": [[0.0, -2.0, 100.0], [-2.0, 0.0, 100.0], [0.0, 0.0, 1.0]], "bev": "bev_11c869e882034b69b67b121c9deabd9e.png", "aux": "aux_11c869e882034b69b67b121c9deabd9e.npz", "visibility": "visibility_11c869e882034b69b67b121c9deabd9e.png", "pose": [[0.3915538489818573, -0.9201551675796509, 0.0, 353.0107421875], [0.9201551675796509, 0.3915538489818573, 0.0, 1062.1612548828125], [0.0, 0.0, 1.0, 0.0], [0.0, 0.0, 0.0, 1.0]], "pose_inverse": [[0.3915538489818573, 0.9201551675796509, 0.0, -1115.575927734375], [-0.9201551675796509, 0.3915538489818573, 0.0, -91.06867218017578], [0.0, 0.0, 1.0, 0.0], [0.0, 0.0, 0.0, 1.0]], "cam_ids": [0, 1, 2, 3, 4, 5], "cam_channels": ["CAM_FRONT_LEFT", "CAM_FRONT", "CAM_FRONT_RIGHT", "CAM_BACK_LEFT", "CAM_BACK", "CAM_BACK_RIGHT"], "token": "11c869e882034b69b67b121c9deabd9e", "scene": "scene-0046"}, {"images": ["samples/CAM_FRONT_LEFT/n015-2018-07-24-11-13-19+0800__CAM_FRONT_LEFT__1532402044404844.jpg", "samples/CAM_FRONT/n015-2018-07-24-11-13-19+0800__CAM_FRONT__1532402044412460.jpg", "samples/CAM_FRONT_RIGHT/n015-2018-07-24-11-13-19+0800__CAM_FRONT_RIGHT__1532402044420339.jpg", "samples/CAM_BACK_LEFT/n015-2018-07-24-11-13-19+0800__CAM_BACK_LEFT__1532402044447423.jpg", "samples/CAM_BACK/n015-2018-07-24-11-13-19+0800__CAM_BACK__1532402044437525.jpg", "samples/CAM_BACK_RIGHT/n015-2018-07-24-11-13-19+0800__CAM_BACK_RIGHT__1532402044427893.jpg"], "intrinsics": [[[1272.5979470598488, 0.0, 826.6154927353808], [0.0, 1272.5979470598488, 479.75165386361925], [0.0, 0.0, 1.0]], [[1266.417203046554, 0.0, 816.2670197447984], [0.0, 1266.417203046554, 491.50706579294757], [0.0, 0.0, 1.0]], [[1260.8474446004698, 0.0, 807.968244525554], [0.0, 1260.8474446004698, 495.3344268742088], [0.0, 0.0, 1.0]], [[1256.7414812095406, 0.0, 792.1125740759628], [0.0, 1256.7414812095406, 492.7757465151356], [0.0, 0.0, 1.0]], [[809.2209905677063, 0.0, 829.2196003259838], [0.0, 809.2209905677063, 481.77842384512485], [0.0, 0.0, 1.0]], [[1259.5137405846733, 0.0, 807.2529053838625], [0.0, 1259.5137405846733, 501.19579884916527], [0.0, 0.0, 1.0]]], "extrinsics": [[[0.8209466338157654, -0.5709759593009949, 0.005755677819252014, -0.6630859375], [-0.008401565253734589, -0.022157318890094757, -0.9997191429138184, 1.5052118301391602], [0.5709431171417236, 0.8206677436828613, -0.022987069562077522, -1.0726318359375], [0.0, 0.0, 0.0, 1.0]], [[0.00607800018042326, -0.9996361136436462, 0.02628002129495144, 0.00839996337890625], [-0.013818761333823204, -0.026361962780356407, -0.9995569586753845, 1.5164241790771484], [0.9998860359191895, 0.005712155252695084, -0.013973960652947426, -1.391845703125], [0.0, 0.0, 0.0, 1.0]], [[-0.8327730298042297, -0.5534826517105103, 0.012082591652870178, 0.83990478515625], [-0.008325725793838501, -0.009301481768488884, -0.9999220371246338, 1.5017271041870117], [0.5535518527030945, -0.832808792591095, 0.00313787953928113, -1.119384765625], [0.0, 0.0, 0.0, 1.0]], [[0.9476553797721863, 0.3190300166606903, -0.013006158173084259, -1.1439208984375], [-0.00018352671759203076, -0.0401897206902504, -0.9991920590400696, 1.5885586738586426], [-0.3192949593067169, 0.9468920826911926, -0.038027457892894745, -0.1031494140625], [0.0, 0.0, 0.0, 1.0]], [[0.002058865036815405, 0.9995462894439697, -0.030048280954360962, 0.002532958984375], [-0.025417190045118332, -0.02998632937669754, -0.9992271065711975, 1.5772628784179688], [-0.9996747374534607, 0.002821077825501561, 0.025343919172883034, -0.0809326171875], [0.0, 0.0, 0.0, 1.0]], [[-0.9349574446678162, 0.3545547425746918, -0.01205927599221468, 0.9803466796875], [0.007413225714117289, -0.014459355734288692, -0.9998679757118225, 1.5526952743530273], [-0.3546822667121887, -0.934923529624939, 0.01089048758149147, -0.121795654296875], [0.0, 0.0, 0.0, 1.0]]], "view": [[0.0, -2.0, 100.0], [-2.0, 0.0, 100.0], [0.0, 0.0, 1.0]], "bev": "bev_78ba8faa832d4a4197d5bd3128943327.png", "aux": "aux_78ba8faa832d4a4197d5bd3128943327.npz", "visibility": "visibility_78ba8faa832d4a4197d5bd3128943327.png", "pose": [[0.39172935485839844, -0.9200804829597473, 0.0, 354.3538513183594], [0.9200804829597473, 0.39172935485839844, 0.0, 1065.2847900390625], [0.0, 0.0, 1.0, 0.0], [0.0, 0.0, 0.0, 1.0]], "pose_inverse": [[0.39172935485839844, 0.9200804829597473, 0.0, -1118.9586181640625], [-0.9200804829597473, 0.39172935485839844, 0.0, -91.26924133300781], [0.0, 0.0, 1.0, 0.0], [0.0, 0.0, 0.0, 1.0]], "cam_ids": [0, 1, 2, 3, 4, 5], "cam_channels": ["CAM_FRONT_LEFT", "CAM_FRONT", "CAM_FRONT_RIGHT", "CAM_BACK_LEFT", "CAM_BACK", "CAM_BACK_RIGHT"], "token": "78ba8faa832d4a4197d5bd3128943327", "scene": "scene-0046"}, {"images": ["samples/CAM_FRONT_LEFT/n015-2018-07-24-11-13-19+0800__CAM_FRONT_LEFT__1532402044854844.jpg", "samples/CAM_FRONT/n015-2018-07-24-11-13-19+0800__CAM_FRONT__1532402044862460.jpg", "samples/CAM_FRONT_RIGHT/n015-2018-07-24-11-13-19+0800__CAM_FRONT_RIGHT__1532402044870339.jpg", "samples/CAM_BACK_LEFT/n015-2018-07-24-11-13-19+0800__CAM_BACK_LEFT__1532402044897423.jpg", "samples/CAM_BACK/n015-2018-07-24-11-13-19+0800__CAM_BACK__1532402044887525.jpg", "samples/CAM_BACK_RIGHT/n015-2018-07-24-11-13-19+0800__CAM_BACK_RIGHT__1532402044877893.jpg"], "intrinsics": [[[1272.5979470598488, 0.0, 826.6154927353808], [0.0, 1272.5979470598488, 479.75165386361925], [0.0, 0.0, 1.0]], [[1266.417203046554, 0.0, 816.2670197447984], [0.0, 1266.417203046554, 491.50706579294757], [0.0, 0.0, 1.0]], [[1260.8474446004698, 0.0, 807.968244525554], [0.0, 1260.8474446004698, 495.3344268742088], [0.0, 0.0, 1.0]], [[1256.7414812095406, 0.0, 792.1125740759628], [0.0, 1256.7414812095406, 492.7757465151356], [0.0, 0.0, 1.0]], [[809.2209905677063, 0.0, 829.2196003259838], [0.0, 809.2209905677063, 481.77842384512485], [0.0, 0.0, 1.0]], [[1259.5137405846733, 0.0, 807.2529053838625], [0.0, 1259.5137405846733, 501.19579884916527], [0.0, 0.0, 1.0]]], "extrinsics": [[[0.821162760257721, -0.570694088935852, 4.074066600878723e-05, -0.67169189453125], [-0.015071249566972256, -0.02175714448094368, -0.999649703502655, 1.5029449462890625], [0.570495069026947, 0.8208743929862976, -0.026467230170965195, -1.0794677734375], [0.0, 0.0, 0.0, 1.0]], [[0.006501017604023218, -0.9996535778045654, 0.025504399091005325, 0.009002685546875], [-0.020472045987844467, -0.025632642209529877, -0.9994617700576782, 1.5146217346191406], [0.9997692108154297, 0.0059753293171525, -0.020631590858101845, -1.40087890625], [0.0, 0.0, 0.0, 1.0]], [[-0.8325800895690918, -0.5536426901817322, 0.01703346148133278, 0.84552001953125], [-0.014960270375013351, -0.008264081552624702, -0.9998539090156555, 1.5002861022949219], [0.5537025928497314, -0.8327133655548096, -0.0014021327951923013, -1.12261962890625], [0.0, 0.0, 0.0, 1.0]], [[0.9474531412124634, 0.31936055421829224, -0.01847362518310547, -1.1435546875], [-0.006565495394170284, -0.03832394629716873, -0.9992437958717346, 1.5885744094848633], [-0.31982704997062683, 0.9468580484390259, -0.03421338275074959, -0.10357666015625], [0.0, 0.0, 0.0, 1.0]], [[0.001700874068774283, 0.9995936751365662, -0.02845708280801773, 0.00223541259765625], [-0.03191535919904709, -0.028388364240527153, -0.9990873336791992, 1.5767822265625], [-0.9994890689849854, 0.0026075944770127535, 0.03185410425066948, -0.079345703125], [0.0, 0.0, 0.0, 1.0]], [[-0.9350506067276001, 0.3544725477695465, -0.005436865612864494, 0.98431396484375], [0.0008237395086325705, -0.01316365972161293, -0.9999130368232727, 1.551598072052002], [-0.35451334714889526, -0.9349737763404846, 0.01201669406145811, -0.120025634765625], [0.0, 0.0, 0.0, 1.0]]], "view": [[0.0, -2.0, 100.0], [-2.0, 0.0, 100.0], [0.0, 0.0, 1.0]], "bev": "bev_74188da251e34b25804604c1780de55f.png", "aux": "aux_74188da251e34b25804604c1780de55f.npz", "visibility": "visibility_74188da251e34b25804604c1780de55f.png", "pose": [[0.393027663230896, -0.9195266366004944, 0.0, 355.8322448730469], [0.9195266366004944, 0.393027663230896, 0.0, 1068.7047119140625], [0.0, 0.0, 1.0, 0.0], [0.0, 0.0, 0.0, 1.0]], "pose_inverse": [[0.393027663230896, 0.9195266366004944, 0.0, -1122.5543212890625], [-0.9195266366004944, 0.393027663230896, 0.0, -92.8332748413086], [0.0, 0.0, 1.0, 0.0], [0.0, 0.0, 0.0, 1.0]], "cam_ids": [0, 1, 2, 3, 4, 5], "cam_channels": ["CAM_FRONT_LEFT", "CAM_FRONT", "CAM_FRONT_RIGHT", "CAM_BACK_LEFT", "CAM_BACK", "CAM_BACK_RIGHT"], "token": "74188da251e34b25804604c1780de55f", "scene": "scene-0046"}, {"images": ["samples/CAM_FRONT_LEFT/n015-2018-07-24-11-13-19+0800__CAM_FRONT_LEFT__1532402045354844.jpg", "samples/CAM_FRONT/n015-2018-07-24-11-13-19+0800__CAM_FRONT__1532402045362460.jpg", "samples/CAM_FRONT_RIGHT/n015-2018-07-24-11-13-19+0800__CAM_FRONT_RIGHT__1532402045370339.jpg", "samples/CAM_BACK_LEFT/n015-2018-07-24-11-13-19+0800__CAM_BACK_LEFT__1532402045397423.jpg", "samples/CAM_BACK/n015-2018-07-24-11-13-19+0800__CAM_BACK__1532402045387525.jpg", "samples/CAM_BACK_RIGHT/n015-2018-07-24-11-13-19+0800__CAM_BACK_RIGHT__1532402045377893.jpg"], "intrinsics": [[[1272.5979470598488, 0.0, 826.6154927353808], [0.0, 1272.5979470598488, 479.75165386361925], [0.0, 0.0, 1.0]], [[1266.417203046554, 0.0, 816.2670197447984], [0.0, 1266.417203046554, 491.50706579294757], [0.0, 0.0, 1.0]], [[1260.8474446004698, 0.0, 807.968244525554], [0.0, 1260.8474446004698, 495.3344268742088], [0.0, 0.0, 1.0]], [[1256.7414812095406, 0.0, 792.1125740759628], [0.0, 1256.7414812095406, 492.7757465151356], [0.0, 0.0, 1.0]], [[809.2209905677063, 0.0, 829.2196003259838], [0.0, 809.2209905677063, 481.77842384512485], [0.0, 0.0, 1.0]], [[1259.5137405846733, 0.0, 807.2529053838625], [0.0, 1259.5137405846733, 501.19579884916527], [0.0, 0.0, 1.0]]], "extrinsics": [[[0.8210428357124329, -0.5708484053611755, 0.004567752126604319, -0.6907958984375], [-0.012513608671724796, -0.025996500626206398, -0.9995837211608887, 1.504129409790039], [0.5707294344902039, 0.8206438422203064, -0.028487613424658775, -1.09161376953125], [0.0, 0.0, 0.0, 1.0]], [[0.006304086185991764, -0.9995338916778564, 0.029869914054870605, 0.0081634521484375], [-0.017797991633415222, -0.02997792884707451, -0.9993921518325806, 1.5157089233398438], [0.9998217225074768, 0.0057686325162649155, -0.01797867938876152, -1.4189453125], [0.0, 0.0, 0.0, 1.0]], [[-0.8326641917228699, -0.5535120964050293, 0.017167774960398674, 0.856201171875], [-0.012192090041935444, -0.012670371681451797, -0.9998453259468079, 1.5010719299316406], [0.5536440014839172, -0.8327447772026062, 0.0038016957696527243, -1.13037109375], [0.0, 0.0, 0.0, 1.0]], [[0.9475874900817871, 0.31903961300849915, -0.017081426456570625, -1.137451171875], [-0.003622873453423381, -0.04273050278425217, -0.9990800619125366, 1.5885448455810547], [-0.31947600841522217, 0.9467776417732239, -0.03933504596352577, -0.105560302734375], [0.0, 0.0, 0.0, 1.0]], [[0.0018820044351741672, 0.9994580745697021, -0.03286406025290489, 0.00244903564453125], [-0.028991399332880974, -0.03279577195644379, -0.9990414977073669, 1.5770606994628906], [-0.9995778799057007, 0.0028329731430858374, 0.028913967311382294, -0.0780029296875], [0.0, 0.0, 0.0, 1.0]], [[-0.9350245594978333, 0.3544512391090393, -0.009663044475018978, 0.9925537109375], [0.003669456811621785, -0.017577752470970154, -0.9998387694358826, 1.5520257949829102], [-0.35456395149230957, -0.9349093437194824, 0.015134986490011215, -0.11737060546875], [0.0, 0.0, 0.0, 1.0]]], "view": [[0.0, -2.0, 100.0], [-2.0, 0.0, 100.0], [0.0, 0.0, 1.0]], "bev": "bev_e1ef13d0bc334c9eb9a2c2660df1dda8.png", "aux": "aux_e1ef13d0bc334c9eb9a2c2660df1dda8.npz", "visibility": "visibility_e1ef13d0bc334c9eb9a2c2660df1dda8.png", "pose": [[0.39236563444137573, -0.9198093414306641, 0.0, 357.4093017578125], [0.9198093414306641, 0.39236563444137573, 0.0, 1072.33935546875], [0.0, 0.0, 1.0, 0.0], [0.0, 0.0, 0.0, 1.0]], "pose_inverse": [[0.39236563444137573, 0.9198093414306641, 0.0, -1126.5828857421875], [-0.9198093414306641, 0.39236563444137573, 0.0, -92.00070190429688], [0.0, 0.0, 1.0, 0.0], [0.0, 0.0, 0.0, 1.0]], "cam_ids": [0, 1, 2, 3, 4, 5], "cam_channels": ["CAM_FRONT_LEFT", "CAM_FRONT", "CAM_FRONT_RIGHT", "CAM_BACK_LEFT", "CAM_BACK", "CAM_BACK_RIGHT"], "token": "e1ef13d0bc334c9eb9a2c2660df1dda8", "scene": "scene-0046"}, {"images": ["samples/CAM_FRONT_LEFT/n015-2018-07-24-11-13-19+0800__CAM_FRONT_LEFT__1532402045854844.jpg", "samples/CAM_FRONT/n015-2018-07-24-11-13-19+0800__CAM_FRONT__1532402045862460.jpg", "samples/CAM_FRONT_RIGHT/n015-2018-07-24-11-13-19+0800__CAM_FRONT_RIGHT__1532402045870339.jpg", "samples/CAM_BACK_LEFT/n015-2018-07-24-11-13-19+0800__CAM_BACK_LEFT__1532402045897423.jpg", "samples/CAM_BACK/n015-2018-07-24-11-13-19+0800__CAM_BACK__1532402045887525.jpg", "samples/CAM_BACK_RIGHT/n015-2018-07-24-11-13-19+0800__CAM_BACK_RIGHT__1532402045877893.jpg"], "intrinsics": [[[1272.5979470598488, 0.0, 826.6154927353808], [0.0, 1272.5979470598488, 479.75165386361925], [0.0, 0.0, 1.0]], [[1266.417203046554, 0.0, 816.2670197447984], [0.0, 1266.417203046554, 491.50706579294757], [0.0, 0.0, 1.0]], [[1260.8474446004698, 0.0, 807.968244525554], [0.0, 1260.8474446004698, 495.3344268742088], [0.0, 0.0, 1.0]], [[1256.7414812095406, 0.0, 792.1125740759628], [0.0, 1256.7414812095406, 492.7757465151356], [0.0, 0.0, 1.0]], [[809.2209905677063, 0.0, 829.2196003259838], [0.0, 809.2209905677063, 481.77842384512485], [0.0, 0.0, 1.0]], [[1259.5137405846733, 0.0, 807.2529053838625], [0.0, 1259.5137405846733, 501.19579884916527], [0.0, 0.0, 1.0]]], "extrinsics": [[[0.8205532431602478, -0.5715634226799011, -0.0027729030698537827, -0.71240234375], [-0.016865557059645653, -0.019362853839993477, -0.9996702075004578, 1.503103256225586], [0.5713212490081787, 0.8203294277191162, -0.025527985766530037, -1.106201171875], [0.0, 0.0, 0.0, 1.0]], [[0.005684089381247759, -0.9997199177742004, 0.02297297492623329, 0.00771331787109375], [-0.02217378281056881, -0.023093705996870995, -0.9994874000549316, 1.514963150024414], [0.9997379183769226, 0.005171765107661486, -0.022298837080597878, -1.4398193359375], [0.0, 0.0, 0.0, 1.0]], [[-0.8329313397407532, -0.5531190037727356, 0.01687164604663849, 0.86907958984375], [-0.016557160764932632, -0.005564975552260876, -0.999847412109375, 1.5003948211669922], [0.5531285405158997, -0.8330836296081543, -0.004522836767137051, -1.13916015625], [0.0, 0.0, 0.0, 1.0]], [[0.9476063251495361, 0.31889408826828003, -0.01867680996656418, -1.1375732421875], [-0.007832564413547516, -0.035254452377557755, -0.9993476271629333, 1.5885200500488281], [-0.31934449076652527, 0.9471344351768494, -0.03090958297252655, -0.105316162109375], [0.0, 0.0, 0.0, 1.0]], [[0.0021498254500329494, 0.9996740818023682, -0.025439908728003502, 0.002593994140625], [-0.0332549549639225, -0.025354426354169846, -0.9991252422332764, 1.5768775939941406], [-0.9994445443153381, 0.002993968315422535, 0.03318960964679718, -0.072998046875], [0.0, 0.0, 0.0, 1.0]], [[-0.9348737001419067, 0.35496750473976135, -0.0030540318693965673, 1.002197265625], [-0.0006494470871984959, -0.01031368225812912, -0.999946653842926, 1.5513635873794556], [-0.3549800217151642, -0.9348217844963074, 0.00987252127379179, -0.11376953125], [0.0, 0.0, 0.0, 1.0]]], "view": [[0.0, -2.0, 100.0], [-2.0, 0.0, 100.0], [0.0, 0.0, 1.0]], "bev": "bev_2845ebeeef274d59862d9f5384368db9.png", "aux": "aux_2845ebeeef274d59862d9f5384368db9.npz", "visibility": "visibility_2845ebeeef274d59862d9f5384368db9.png", "pose": [[0.39183223247528076, -0.9200366735458374, 0.0, 358.8555908203125], [0.9200366735458374, 0.39183223247528076, 0.0, 1075.6884765625], [0.0, 0.0, 1.0, 0.0], [0.0, 0.0, 0.0, 1.0]], "pose_inverse": [[0.39183223247528076, 0.9200366735458374, 0.0, -1130.2840576171875], [-0.9200366735458374, 0.39183223247528076, 0.0, -91.3291015625], [0.0, 0.0, 1.0, 0.0], [0.0, 0.0, 0.0, 1.0]], "cam_ids": [0, 1, 2, 3, 4, 5], "cam_channels": ["CAM_FRONT_LEFT", "CAM_FRONT", "CAM_FRONT_RIGHT", "CAM_BACK_LEFT", "CAM_BACK", "CAM_BACK_RIGHT"], "token": "2845ebeeef274d59862d9f5384368db9", "scene": "scene-0046"}, {"images": ["samples/CAM_FRONT_LEFT/n015-2018-07-24-11-13-19+0800__CAM_FRONT_LEFT__1532402046404844.jpg", "samples/CAM_FRONT/n015-2018-07-24-11-13-19+0800__CAM_FRONT__1532402046412460.jpg", "samples/CAM_FRONT_RIGHT/n015-2018-07-24-11-13-19+0800__CAM_FRONT_RIGHT__1532402046420339.jpg", "samples/CAM_BACK_LEFT/n015-2018-07-24-11-13-19+0800__CAM_BACK_LEFT__1532402046447423.jpg", "samples/CAM_BACK/n015-2018-07-24-11-13-19+0800__CAM_BACK__1532402046437525.jpg", "samples/CAM_BACK_RIGHT/n015-2018-07-24-11-13-19+0800__CAM_BACK_RIGHT__1532402046427893.jpg"], "intrinsics": [[[1272.5979470598488, 0.0, 826.6154927353808], [0.0, 1272.5979470598488, 479.75165386361925], [0.0, 0.0, 1.0]], [[1266.417203046554, 0.0, 816.2670197447984], [0.0, 1266.417203046554, 491.50706579294757], [0.0, 0.0, 1.0]], [[1260.8474446004698, 0.0, 807.968244525554], [0.0, 1260.8474446004698, 495.3344268742088], [0.0, 0.0, 1.0]], [[1256.7414812095406, 0.0, 792.1125740759628], [0.0, 1256.7414812095406, 492.7757465151356], [0.0, 0.0, 1.0]], [[809.2209905677063, 0.0, 829.2196003259838], [0.0, 809.2209905677063, 481.77842384512485], [0.0, 0.0, 1.0]], [[1259.5137405846733, 0.0, 807.2529053838625], [0.0, 1259.5137405846733, 501.19579884916527], [0.0, 0.0, 1.0]]], "extrinsics": [[[0.8208362460136414, -0.57107013463974, -0.010332050733268261, -0.73992919921875], [-0.020367922261357307, -0.011188587173819542, -0.9997299313545227, 1.5027408599853516], [0.5708003044128418, 0.8208249807357788, -0.02081550844013691, -1.12738037109375], [0.0, 0.0, 0.0, 1.0]], [[0.006145047955214977, -0.9998677372932434, 0.015058302320539951, 0.00885772705078125], [-0.02577902376651764, -0.015211982652544975, -0.9995519518852234, 1.5147876739501953], [0.9996488094329834, 0.005754105746746063, -0.025869090110063553, -1.468017578125], [0.0, 0.0, 0.0, 1.0]], [[-0.8327264189720154, -0.5534603595733643, 0.015763143077492714, 0.88763427734375], [-0.02028106339275837, 0.002039364306256175, -0.9997921586036682, 1.5000934600830078], [0.5533131957054138, -0.8328730463981628, -0.012922994792461395, -1.150390625], [0.0, 0.0, 0.0, 1.0]], [[0.9475459456443787, 0.3189913332462311, -0.020030315965414047, -1.1370849609375], [-0.011569514870643616, -0.028396544978022575, -0.9995297193527222, 1.5884971618652344], [-0.319410115480423, 0.9473321437835693, -0.023216456174850464, -0.105743408203125], [0.0, 0.0, 0.0, 1.0]], [[0.002059023594483733, 0.9998282194137573, -0.018423352390527725, 0.00217437744140625], [-0.03711201995611191, -0.018334299325942993, -0.9991429448127747, 1.576873779296875], [-0.9993090629577637, 0.0027410027105361223, 0.03706788644194603, -0.0654296875], [0.0, 0.0, 0.0, 1.0]], [[-0.934922993183136, 0.3548368513584137, 0.003134416649118066, 1.0164794921875], [-0.004474833607673645, -0.0029570015612989664, -0.9999856352806091, 1.5508842468261719], [-0.3548224866390228, -0.934923529624939, 0.004352402873337269, -0.107635498046875], [0.0, 0.0, 0.0, 1.0]]], "view": [[0.0, -2.0, 100.0], [-2.0, 0.0, 100.0], [0.0, 0.0, 1.0]], "bev": "bev_25ace73eef48498889357c0f13315932.png", "aux": "aux_25ace73eef48498889357c0f13315932.npz", "visibility": "visibility_25ace73eef48498889357c0f13315932.png", "pose": [[0.391824334859848, -0.9200400710105896, 0.0, 360.3186340332031], [0.9200400710105896, 0.391824334859848, 0.0, 1079.078857421875], [0.0, 0.0, 1.0, 0.0], [0.0, 0.0, 0.0, 1.0]], "pose_inverse": [[0.391824334859848, 0.9200400710105896, 0.0, -1133.9774169921875], [-0.9200400710105896, 0.391824334859848, 0.0, -91.3017807006836], [0.0, 0.0, 1.0, 0.0], [0.0, 0.0, 0.0, 1.0]], "cam_ids": [0, 1, 2, 3, 4, 5], "cam_channels": ["CAM_FRONT_LEFT", "CAM_FRONT", "CAM_FRONT_RIGHT", "CAM_BACK_LEFT", "CAM_BACK", "CAM_BACK_RIGHT"], "token": "25ace73eef48498889357c0f13315932", "scene": "scene-0046"}, {"images": ["samples/CAM_FRONT_LEFT/n015-2018-07-24-11-13-19+0800__CAM_FRONT_LEFT__1532402046904844.jpg", "samples/CAM_FRONT/n015-2018-07-24-11-13-19+0800__CAM_FRONT__1532402046912487.jpg", "samples/CAM_FRONT_RIGHT/n015-2018-07-24-11-13-19+0800__CAM_FRONT_RIGHT__1532402046920384.jpg", "samples/CAM_BACK_LEFT/n015-2018-07-24-11-13-19+0800__CAM_BACK_LEFT__1532402046947423.jpg", "samples/CAM_BACK/n015-2018-07-24-11-13-19+0800__CAM_BACK__1532402046937565.jpg", "samples/CAM_BACK_RIGHT/n015-2018-07-24-11-13-19+0800__CAM_BACK_RIGHT__1532402046927900.jpg"], "intrinsics": [[[1272.5979470598488, 0.0, 826.6154927353808], [0.0, 1272.5979470598488, 479.75165386361925], [0.0, 0.0, 1.0]], [[1266.417203046554, 0.0, 816.2670197447984], [0.0, 1266.417203046554, 491.50706579294757], [0.0, 0.0, 1.0]], [[1260.8474446004698, 0.0, 807.968244525554], [0.0, 1260.8474446004698, 495.3344268742088], [0.0, 0.0, 1.0]], [[1256.7414812095406, 0.0, 792.1125740759628], [0.0, 1256.7414812095406, 492.7757465151356], [0.0, 0.0, 1.0]], [[809.2209905677063, 0.0, 829.2196003259838], [0.0, 809.2209905677063, 481.77842384512485], [0.0, 0.0, 1.0]], [[1259.5137405846733, 0.0, 807.2529053838625], [0.0, 1259.5137405846733, 501.19579884916527], [0.0, 0.0, 1.0]]], "extrinsics": [[[0.8207030296325684, -0.5713549852371216, 3.943578485632315e-05, -0.76080322265625], [-0.004481068812310696, -0.006505696102976799, -0.9999688267707825, 1.5071349143981934], [0.5713373422622681, 0.8206772804260254, -0.007899525575339794, -1.13836669921875], [0.0, 0.0, 0.0, 1.0]], [[0.005644054617732763, -0.999926745891571, 0.010706380009651184, 0.0063629150390625], [-0.009822748601436615, -0.010761471465229988, -0.9998939037322998, 1.518524169921875], [0.9999358057975769, 0.005538284778594971, -0.00988276768475771, -1.487548828125], [0.0, 0.0, 0.0, 1.0]], [[-0.832970380783081, -0.5533174276351929, 7.735464896541089e-05, 0.8997802734375], [-0.004243051633238792, 0.0062477425672113895, -0.9999715089797974, 1.5029687881469727], [0.5533010959625244, -0.8329470157623291, -0.0075519392266869545, -1.16064453125], [0.0, 0.0, 0.0, 1.0]], [[0.9477598071098328, 0.31895843148231506, -0.0040979948826134205, -1.1373291015625], [0.004113795235753059, -0.025067724287509918, -0.999677300453186, 1.5885707139968872], [-0.31895825266838074, 0.9474371671676636, -0.0250703115016