[{"images": ["samples/CAM_FRONT_LEFT/n008-2018-08-30-15-16-55-0400__CAM_FRONT_LEFT__1535656895254799.jpg", "samples/CAM_FRONT/n008-2018-08-30-15-16-55-0400__CAM_FRONT__1535656895262404.jpg", "samples/CAM_FRONT_RIGHT/n008-2018-08-30-15-16-55-0400__CAM_FRONT_RIGHT__1535656895270482.jpg", "samples/CAM_BACK_LEFT/n008-2018-08-30-15-16-55-0400__CAM_BACK_LEFT__1535656895297405.jpg", "samples/CAM_BACK/n008-2018-08-30-15-16-55-0400__CAM_BACK__1535656895287558.jpg", "samples/CAM_BACK_RIGHT/n008-2018-08-30-15-16-55-0400__CAM_BACK_RIGHT__1535656895278113.jpg"], "intrinsics": [[[1257.8625342125129, 0.0, 827.2410631095686], [0.0, 1257.8625342125129, 450.915498205774], [0.0, 0.0, 1.0]], [[1252.8131021185304, 0.0, 826.588114781398], [0.0, 1252.8131021185304, 469.9846626224581], [0.0, 0.0, 1.0]], [[1256.7485116440405, 0.0, 817.7887570959712], [0.0, 1256.7485116440403, 451.9541780095127], [0.0, 0.0, 1.0]], [[1254.9860565800168, 0.0, 829.5769333630991], [0.0, 1254.9860565800168, 467.1680561863987], [0.0, 0.0, 1.0]], [[796.8910634503094, 0.0, 857.7774326863696], [0.0, 796.8910634503094, 476.8848988407415], [0.0, 0.0, 1.0]], [[1249.9629280788233, 0.0, 825.3768045375984], [0.0, 1249.9629280788233, 462.54816385708756], [0.0, 0.0, 1.0]]], "extrinsics": [[[0.8226352334022522, -0.568548321723938, -0.004915333352982998, -0.81756591796875], [0.005585724022239447, 0.01672607660293579, -0.999844491481781, 1.489567756652832], [0.5685421228408813, 0.822479784488678, 0.016935212537646294, -1.2037353515625], [0.0, 0.0, 0.0, 1.0]], [[0.010390819050371647, -0.9998655915260315, -0.012678916566073895, 0.00732421875], [0.007596657145768404, 0.012758168391883373, -0.9998897910118103, 1.4816017150878906], [0.9999171495437622, 0.010293293744325638, 0.007728203199803829, -1.545684814453125], [0.0, 0.0, 0.0, 1.0]], [[-0.8439317345619202, -0.5362273454666138, -0.01548308227211237, 0.966064453125], [0.01567772589623928, 0.004196197725832462, -0.9998682737350464, 1.4953880310058594], [0.5362216830253601, -0.8440632820129395, 0.0048655192367732525, -1.19818115234375], [0.0, 0.0, 0.0, 1.0]], [[0.9478947520256042, 0.3185715079307556, -0.0027717393822968006, -1.13427734375], [-0.009525005705654621, 0.01964276283979416, -0.999761700630188, 1.561955451965332], [-0.3184411823749542, 0.9476953148841858, 0.021653667092323303, -0.158935546875], [0.0, 0.0, 0.0, 1.0]], [[0.00918656401336193, 0.9998868107795715, 0.011923112906515598, -0.0283203125], [-0.007434504572302103, 0.011991582810878754, -0.9999004006385803, 1.5676121711730957], [-0.9999301433563232, 0.009096934460103512, 0.007543823681771755, -0.016143798828125], [0.0, 0.0, 0.0, 1.0]], [[-0.9237688779830933, 0.3829489052295685, -0.0011177785927429795, 1.0601615905761719], [-0.003268816974014044, -0.010803893208503723, -0.9999362826347351, 1.5474567413330078], [-0.38293659687042236, -0.9237063527107239, 0.011232090182602406, -0.08538818359375], [0.0, 0.0, 0.0, 1.0]]], "view": [[0.0, -2.0, 100.0], [-2.0, 0.0, 100.0], [0.0, 0.0, 1.0]], "bev": "bev_ec21b678389344e391441bf650f82824.png", "aux": "aux_ec21b678389344e391441bf650f82824.npz", "visibility": "visibility_ec21b678389344e391441bf650f82824.png", "pose": [[-0.7701717615127563, -0.6378365755081177, 0.0, 748.0715942382812], [0.6378365755081177, -0.7701717615127563, 0.0, 443.71185302734375], [0.0, 0.0, 1.0, 0.0], [0.0, 0.0, 0.0, 1.0]], "pose_inverse": [[-0.7701717615127563, 0.6378365755081177, 0.0, 293.1279602050781], [-0.6378365755081177, -0.7701717615127563, 0.0, 818.8817749023438], [0.0, 0.0, 1.0, 0.0], [0.0, 0.0, 0.0, 1.0]], "cam_ids": [0, 1, 2, 3, 4, 5], "cam_channels": ["CAM_FRONT_LEFT", "CAM_FRONT", "CAM_FRONT_RIGHT", "CAM_BACK_LEFT", "CAM_BACK", "CAM_BACK_RIGHT"], "token": "ec21b678389344e391441bf650f82824", "scene": "scene-0751"}, {"images": ["samples/CAM_FRONT_LEFT/n008-2018-08-30-15-16-55-0400__CAM_FRONT_LEFT__1535656895754799.jpg", "samples/CAM_FRONT/n008-2018-08-30-15-16-55-0400__CAM_FRONT__1535656895762404.jpg", "samples/CAM_FRONT_RIGHT/n008-2018-08-30-15-16-55-0400__CAM_FRONT_RIGHT__1535656895771595.jpg", "samples/CAM_BACK_LEFT/n008-2018-08-30-15-16-55-0400__CAM_BACK_LEFT__1535656895797405.jpg", "samples/CAM_BACK/n008-2018-08-30-15-16-55-0400__CAM_BACK__1535656895787558.jpg", "samples/CAM_BACK_RIGHT/n008-2018-08-30-15-16-55-0400__CAM_BACK_RIGHT__1535656895778113.jpg"], "intrinsics": [[[1257.8625342125129, 0.0, 827.2410631095686], [0.0, 1257.8625342125129, 450.915498205774], [0.0, 0.0, 1.0]], [[1252.8131021185304, 0.0, 826.588114781398], [0.0, 1252.8131021185304, 469.9846626224581], [0.0, 0.0, 1.0]], [[1256.7485116440405, 0.0, 817.7887570959712], [0.0, 1256.7485116440403, 451.9541780095127], [0.0, 0.0, 1.0]], [[1254.9860565800168, 0.0, 829.5769333630991], [0.0, 1254.9860565800168, 467.1680561863987], [0.0, 0.0, 1.0]], [[796.8910634503094, 0.0, 857.7774326863696], [0.0, 796.8910634503094, 476.8848988407415], [0.0, 0.0, 1.0]], [[1249.9629280788233, 0.0, 825.3768045375984], [0.0, 1249.9629280788233, 462.54816385708756], [0.0, 0.0, 1.0]]], "extrinsics": [[[0.8227333426475525, -0.5684068202972412, -0.004860822111368179, -0.8011016845703125], [0.008344392292201519, 0.02062753029167652, -0.999752402305603, 1.4903717041015625], [0.5683664083480835, 0.8224890828132629, 0.02171396277844906, -1.1920166015625], [0.0, 0.0, 0.0, 1.0]], [[0.010458806529641151, -0.9998103976249695, -0.016427816823124886, 0.00714111328125], [0.010329133830964565, 0.016535861417651176, -0.9998099207878113, 1.4823017120361328], [0.999891996383667, 0.010287165641784668, 0.01050011906772852, -1.528564453125], [0.0, 0.0, 0.0, 1.0]], [[-0.8438944220542908, -0.5361475348472595, -0.01970229111611843, 0.9591064453125], [0.018364157527685165, 0.007835443131625652, -0.9998006224632263, 1.4959344863891602], [0.5361949801445007, -0.8440880179405212, 0.003233610186725855, -1.1944580078125], [0.0, 0.0, 0.0, 1.0]], [[0.9478791356086731, 0.3186294734477997, 0.0005639069713652134, -1.1309814453125], [-0.007055622059851885, 0.022758791223168373, -0.9997161030769348, 1.56195068359375], [-0.3185519874095917, 0.947606086730957, 0.02382071316242218, -0.1602783203125], [0.0, 0.0, 0.0, 1.0]], [[0.009154761210083961, 0.9998408555984497, 0.015310955233871937, -0.028076171875], [-0.0049166870303452015, 0.015356418676674366, -0.9998700022697449, 1.5677309036254883], [-0.9999460577964783, 0.009078328497707844, 0.005056489259004593, -0.0235595703125], [0.0, 0.0, 0.0, 1.0]], [[-0.9237593412399292, 0.38296741247177124, -0.002147909952327609, 1.050140380859375], [-0.000691979075782001, -0.00727757578715682, -0.9999732971191406, 1.547727108001709], [-0.3829728960990906, -0.9237332344055176, 0.0069877346977591515, -0.08984375], [0.0, 0.0, 0.0, 1.0]]], "view": [[0.0, -2.0, 100.0], [-2.0, 0.0, 100.0], [0.0, 0.0, 1.0]], "bev": "bev_333666642c66422b8f5d8ad3db0a7150.png", "aux": "aux_333666642c66422b8f5d8ad3db0a7150.npz", "visibility": "visibility_333666642c66422b8f5d8ad3db0a7150.png", "pose": [[-0.7653585076332092, -0.6436042189598083, 0.0, 746.0317993164062], [0.6436042189598083, -0.7653585076332092, 0.0, 445.42779541015625], [0.0, 0.0, 1.0, 0.0], [0.0, 0.0, 0.0, 1.0]], "pose_inverse": [[-0.7653585076332092, 0.6436042189598083, 0.0, 284.30255126953125], [-0.6436042189598083, -0.7653585076332092, 0.0, 821.0611572265625], [0.0, 0.0, 1.0, 0.0], [0.0, 0.0, 0.0, 1.0]], "cam_ids": [0, 1, 2, 3, 4, 5], "cam_channels": ["CAM_FRONT_LEFT", "CAM_FRONT", "CAM_FRONT_RIGHT", "CAM_BACK_LEFT", "CAM_BACK", "CAM_BACK_RIGHT"], "token": "333666642c66422b8f5d8ad3db0a7150", "scene": "scene-0751"}, {"images": ["samples/CAM_FRONT_LEFT/n008-2018-08-30-15-16-55-0400__CAM_FRONT_LEFT__1535656896254799.jpg", "samples/CAM_FRONT/n008-2018-08-30-15-16-55-0400__CAM_FRONT__1535656896262404.jpg", "samples/CAM_FRONT_RIGHT/n008-2018-08-30-15-16-55-0400__CAM_FRONT_RIGHT__1535656896270482.jpg", "samples/CAM_BACK_LEFT/n008-2018-08-30-15-16-55-0400__CAM_BACK_LEFT__1535656896297405.jpg", "samples/CAM_BACK/n008-2018-08-30-15-16-55-0400__CAM_BACK__1535656896287558.jpg", "samples/CAM_BACK_RIGHT/n008-2018-08-30-15-16-55-0400__CAM_BACK_RIGHT__1535656896278113.jpg"], "intrinsics": [[[1257.8625342125129, 0.0, 827.2410631095686], [0.0, 1257.8625342125129, 450.915498205774], [0.0, 0.0, 1.0]], [[1252.8131021185304, 0.0, 826.588114781398], [0.0, 1252.8131021185304, 469.9846626224581], [0.0, 0.0, 1.0]], [[1256.7485116440405, 0.0, 817.7887570959712], [0.0, 1256.7485116440403, 451.9541780095127], [0.0, 0.0, 1.0]], [[1254.9860565800168, 0.0, 829.5769333630991], [0.0, 1254.9860565800168, 467.1680561863987], [0.0, 0.0, 1.0]], [[796.8910634503094, 0.0, 857.7774326863696], [0.0, 796.8910634503094, 476.8848988407415], [0.0, 0.0, 1.0]], [[1249.9629280788233, 0.0, 825.3768045375984], [0.0, 1249.9629280788233, 462.54816385708756], [0.0, 0.0, 1.0]]], "extrinsics": [[[0.8231264352798462, -0.5678319334983826, -0.005449824500828981, -0.76568603515625], [0.006842494010925293, 0.01951439492404461, -0.9997861385345459, 1.4902801513671875], [0.567816972732544, 0.8229132294654846, 0.01994819939136505, -1.1683349609375], [0.0, 0.0, 0.0, 1.0]], [[0.011096391826868057, -0.9998204112052917, -0.015360127203166485, 0.0081787109375], [0.008715026080608368, 0.015457188710570335, -0.9998425841331482, 1.4822664260864258], [0.9999004006385803, 0.010960808955132961, 0.008884980343282223, -1.4932861328125], [0.0, 0.0, 0.0, 1.0]], [[-0.8436296582221985, -0.5366326570510864, -0.01772642694413662, 0.9310302734375], [0.01665414124727249, 0.006845697294920683, -0.9998378753662109, 1.4962224960327148], [0.536666989326477, -0.8437881469726562, 0.003161922562867403, -1.1759033203125], [0.0, 0.0, 0.0, 1.0]], [[0.9478089809417725, 0.3188358545303345, -0.00130537711083889, -1.13116455078125], [-0.008879800327122211, 0.022304121404886246, -0.9997117519378662, 1.561929702758789], [-0.3187148869037628, 0.947547435760498, 0.023971248418092728, -0.16021728515625], [0.0, 0.0, 0.0, 1.0]], [[0.008914108388125896, 0.9998537302017212, 0.014591705054044724, -0.02813720703125], [-0.006693772040307522, 0.014651622623205185, -0.999870240688324, 1.5675363540649414], [-0.9999378323554993, 0.008815349079668522, 0.006823400035500526, -0.03411865234375], [0.0, 0.0, 0.0, 1.0]], [[-0.9239183068275452, 0.38258859515190125, -0.0008754542795941234, 1.0315017700195312], [-0.0024310252629220486, -0.008158871904015541, -0.9999637603759766, 1.5474729537963867], [-0.38258183002471924, -0.9238827228546143, 0.008468215353786945, -0.09710693359375], [0.0, 0.0, 0.0, 1.0]]], "view": [[0.0, -2.0, 100.0], [-2.0, 0.0, 100.0], [0.0, 0.0, 1.0]], "bev": "bev_af154963c3b64a59b6c2b33e12ce983c.png", "aux": "aux_af154963c3b64a59b6c2b33e12ce983c.npz", "visibility": "visibility_af154963c3b64a59b6c2b33e12ce983c.png", "pose": [[-0.7587559819221497, -0.6513749361038208, 0.0, 743.756103515625], [0.6513749361038208, -0.7587559819221497, 0.0, 447.3619384765625], [0.0, 0.0, 1.0, 0.0], [0.0, 0.0, 0.0, 1.0]], "pose_inverse": [[-0.7587559819221497, 0.6513749361038208, 0.0, 272.9290466308594], [-0.6513749361038208, -0.7587559819221497, 0.0, 823.9026489257812], [0.0, 0.0, 1.0, 0.0], [0.0, 0.0, 0.0, 1.0]], "cam_ids": [0, 1, 2, 3, 4, 5], "cam_channels": ["CAM_FRONT_LEFT", "CAM_FRONT", "CAM_FRONT_RIGHT", "CAM_BACK_LEFT", "CAM_BACK", "CAM_BACK_RIGHT"], "token": "af154963c3b64a59b6c2b33e12ce983c", "scene": "scene-0751"}, {"images": ["samples/CAM_FRONT_LEFT/n008-2018-08-30-15-16-55-0400__CAM_FRONT_LEFT__1535656896754799.jpg", "samples/CAM_FRONT/n008-2018-08-30-15-16-55-0400__CAM_FRONT__1535656896762404.jpg", "samples/CAM_FRONT_RIGHT/n008-2018-08-30-15-16-55-0400__CAM_FRONT_RIGHT__1535656896770482.jpg", "samples/CAM_BACK_LEFT/n008-2018-08-30-15-16-55-0400__CAM_BACK_LEFT__1535656896797405.jpg", "samples/CAM_BACK/n008-2018-08-30-15-16-55-0400__CAM_BACK__1535656896787558.jpg", "samples/CAM_BACK_RIGHT/n008-2018-08-30-15-16-55-0400__CAM_BACK_RIGHT__1535656896778113.jpg"], "intrinsics": [[[1257.8625342125129, 0.0, 827.2410631095686], [0.0, 1257.8625342125129, 450.915498205774], [0.0, 0.0, 1.0]], [[1252.8131021185304, 0.0, 826.588114781398], [0.0, 1252.8131021185304, 469.9846626224581], [0.0, 0.0, 1.0]], [[1256.7485116440405, 0.0, 817.7887570959712], [0.0, 1256.7485116440403, 451.9541780095127], [0.0, 0.0, 1.0]], [[1254.9860565800168, 0.0, 829.5769333630991], [0.0, 1254.9860565800168, 467.1680561863987], [0.0, 0.0, 1.0]], [[796.8910634503094, 0.0, 857.7774326863696], [0.0, 796.8910634503094, 476.8848988407415], [0.0, 0.0, 1.0]], [[1249.9629280788233, 0.0, 825.3768045375984], [0.0, 1249.9629280788233, 462.54816385708756], [0.0, 0.0, 1.0]]], "extrinsics": [[[0.8235489726066589, -0.5670916438102722, -0.013201335445046425, -0.747528076171875], [0.004418240860104561, 0.029684841632843018, -0.9995495080947876, 1.4896259307861328], [0.5672280788421631, 0.8231196403503418, 0.026952465996146202, -1.15789794921875], [0.0, 0.0, 0.0, 1.0]], [[0.011709005571901798, -0.9996018409729004, -0.025671733543276787, 0.00970458984375], [0.006337551400065422, 0.025747165083885193, -0.9996484518051147, 1.481771469116211], [0.999911367893219, 0.011542188003659248, 0.00663650082424283, -1.475921630859375], [0.0, 0.0, 0.0, 1.0]], [[-0.8433980941772461, -0.5368660092353821, -0.02131754718720913, 0.9202880859375], [0.014310582540929317, 0.017215995118021965, -0.9997493624687195, 1.4959564208984375], [0.5370984673500061, -0.8434918522834778, -0.006837072782218456, -1.167724609375], [0.0, 0.0, 0.0, 1.0]], [[0.9478567838668823, 0.31869637966156006, -0.0003371057682670653, -1.1300048828125], [-0.011384941637516022, 0.032803602516651154, -0.9993969202041626, 1.5618705749511719], [-0.3184932470321655, 0.9472890496253967, 0.034721456468105316, -0.160888671875], [0.0, 0.0, 0.0, 1.0]], [[0.008803151547908783, 0.9996488094329834, 0.024994857609272003, -0.02862548828125], [-0.00915735587477684, 0.025075368583202362, -0.9996435642242432, 1.5672836303710938], [-0.9999192953109741, 0.008571060374379158, 0.009374882094562054, -0.0394134521484375], [0.0, 0.0, 0.0, 1.0]], [[-0.9240548610687256, 0.3822229206562042, 0.0053141298703849316, 1.0221405029296875], [-0.0048278640024363995, 0.0022312705405056477, -0.9999858140945435, 1.5470882654190063], [-0.38222938776016235, -0.924067497253418, -0.00021649587142746896, -0.10015869140625], [0.0, 0.0, 0.0, 1.0]]], "view": [[0.0, -2.0, 100.0], [-2.0, 0.0, 100.0], [0.0, 0.0, 1.0]], "bev": "bev_bb61ae6ab2414f3babd00feb90d4ec39.png", "aux": "aux_bb61ae6ab2414f3babd00feb90d4ec39.npz", "visibility": "visibility_bb61ae6ab2414f3babd00feb90d4ec39.png", "pose": [[-0.7495477199554443, -0.6619502902030945, 0.0, 741.1932373046875], [0.6619502902030945, -0.7495477199554443, 0.0, 449.61090087890625], [0.0, 0.0, 1.0, 0.0], [0.0, 0.0, 0.0, 1.0]], "pose_inverse": [[-0.7495477199554443, 0.6619502902030945, 0.0, 257.9396667480469], [-0.6619502902030945, -0.7495477199554443, 0.0, 827.637939453125], [0.0, 0.0, 1.0, 0.0], [0.0, 0.0, 0.0, 1.0]], "cam_ids": [0, 1, 2, 3, 4, 5], "cam_channels": ["CAM_FRONT_LEFT", "CAM_FRONT", "CAM_FRONT_RIGHT", "CAM_BACK_LEFT", "CAM_BACK", "CAM_BACK_RIGHT"], "token": "bb61ae6ab2414f3babd00feb90d4ec39", "scene": "scene-0751"}, {"images": ["samples/CAM_FRONT_LEFT/n008-2018-08-30-15-16-55-0400__CAM_FRONT_LEFT__1535656897254799.jpg", "samples/CAM_FRONT/n008-2018-08-30-15-16-55-0400__CAM_FRONT__1535656897262404.jpg", "samples/CAM_FRONT_RIGHT/n008-2018-08-30-15-16-55-0400__CAM_FRONT_RIGHT__1535656897270482.jpg", "samples/CAM_BACK_LEFT/n008-2018-08-30-15-16-55-0400__CAM_BACK_LEFT__1535656897297405.jpg", "samples/CAM_BACK/n008-2018-08-30-15-16-55-0400__CAM_BACK__1535656897287558.jpg", "samples/CAM_BACK_RIGHT/n008-2018-08-30-15-16-55-0400__CAM_BACK_RIGHT__1535656897278113.jpg"], "intrinsics": [[[1257.8625342125129, 0.0, 827.2410631095686], [0.0, 1257.8625342125129, 450.915498205774], [0.0, 0.0, 1.0]], [[1252.8131021185304, 0.0, 826.588114781398], [0.0, 1252.8131021185304, 469.9846626224581], [0.0, 0.0, 1.0]], [[1256.7485116440405, 0.0, 817.7887570959712], [0.0, 1256.7485116440403, 451.9541780095127], [0.0, 0.0, 1.0]], [[1254.9860565800168, 0.0, 829.5769333630991], [0.0, 1254.9860565800168, 467.1680561863987], [0.0, 0.0, 1.0]], [[796.8910634503094, 0.0, 857.7774326863696], [0.0, 796.8910634503094, 476.8848988407415], [0.0, 0.0, 1.0]], [[1249.9629280788233, 0.0, 825.3768045375984], [0.0, 1249.9629280788233, 462.54816385708756], [0.0, 0.0, 1.0]]], "extrinsics": [[[0.8228100538253784, -0.5680450201034546, -0.01756577380001545, -0.73382568359375], [0.005158658605068922, 0.03837231546640396, -0.9992501735687256, 1.4899711608886719], [0.5682931542396545, 0.8221025466918945, 0.034503474831581116, -1.14678955078125], [0.0, 0.0, 0.0, 1.0]], [[0.010622646659612656, -0.9993661642074585, -0.03397778794169426, 0.00885009765625], [0.007170164957642555, 0.0340549610555172, -0.9993942379951477, 1.4821090698242188], [0.9999178051948547, 0.010372567921876907, 0.0075273714028298855, -1.4615478515625], [0.0, 0.0, 0.0, 1.0]], [[-0.8438534736633301, -0.5359266400337219, -0.026346109807491302, 0.91064453125], [0.015224612317979336, 0.025166450068354607, -0.9995673298835754, 1.4963130950927734], [0.5363578200340271, -0.8438894748687744, -0.01307752076536417, -1.16259765625], [0.0, 0.0, 0.0, 1.0]], [[0.9479393362998962, 0.3184297978878021, 0.003674096893519163, -1.130157470703125], [-0.009320074692368507, 0.039273861795663834, -0.9991850256919861, 1.561920166015625], [-0.3183146119117737, 0.9471325278282166, 0.04019702598452568, -0.160400390625], [0.0, 0.0, 0.0, 1.0]], [[0.009190545417368412, 0.9994433522224426, 0.03207322955131531, -0.0281982421875], [-0.0073602525517344475, 0.03214132785797119, -0.9994561672210693, 1.5674152374267578], [-0.999930739402771, 0.008949494920670986, 0.007651551626622677, -0.0433197021484375], [0.0, 0.0, 0.0, 1.0]], [[-0.9238040447235107, 0.38280171155929565, 0.007000151090323925, 1.0151596069335938], [-0.0035044208634644747, 0.009828515350818634, -0.9999455213546753, 1.547255516052246], [-0.38284963369369507, -0.923778235912323, -0.007738122716546059, -0.1036376953125], [0.0, 0.0, 0.0, 1.0]]], "view": [[0.0, -2.0, 100.0], [-2.0, 0.0, 100.0], [0.0, 0.0, 1.0]], "bev": "bev_313aa520fe464ef9b05d45dca3ad1a34.png", "aux": "aux_313aa520fe464ef9b05d45dca3ad1a34.npz", "visibility": "visibility_313aa520fe464ef9b05d45dca3ad1a34.png", "pose": [[-0.7430772185325623, -0.6692057251930237, 0.0, 738.47216796875], [0.6692057251930237, -0.7430772185325623, 0.0, 452.0666198730469], [0.0, 0.0, 1.0, 0.0], [0.0, 0.0, 0.0, 1.0]], "pose_inverse": [[-0.7430772185325623, 0.6692057251930237, 0.0, 246.21627807617188], [-0.6692057251930237, -0.7430772185325623, 0.0, 830.1101684570312], [0.0, 0.0, 1.0, 0.0], [0.0, 0.0, 0.0, 1.0]], "cam_ids": [0, 1, 2, 3, 4, 5], "cam_channels": ["CAM_FRONT_LEFT", "CAM_FRONT", "CAM_FRONT_RIGHT", "CAM_BACK_LEFT", "CAM_BACK", "CAM_BACK_RIGHT"], "token": "313aa520fe464ef9b05d45dca3ad1a34", "scene": "scene-0751"}, {"images": ["samples/CAM_FRONT_LEFT/n008-2018-08-30-15-16-55-0400__CAM_FRONT_LEFT__1535656897754799.jpg", "samples/CAM_FRONT/n008-2018-08-30-15-16-55-0400__CAM_FRONT__1535656897762404.jpg", "samples/CAM_FRONT_RIGHT/n008-2018-08-30-15-16-55-0400__CAM_FRONT_RIGHT__1535656897770498.jpg", "samples/CAM_BACK_LEFT/n008-2018-08-30-15-16-55-0400__CAM_BACK_LEFT__1535656897797405.jpg", "samples/CAM_BACK/n008-2018-08-30-15-16-55-0400__CAM_BACK__1535656897787563.jpg", "samples/CAM_BACK_RIGHT/n008-2018-08-30-15-16-55-0400__CAM_BACK_RIGHT__1535656897778119.jpg"], "intrinsics": [[[1257.8625342125129, 0.0, 827.2410631095686], [0.0, 1257.8625342125129, 450.915498205774], [0.0, 0.0, 1.0]], [[1252.8131021185304, 0.0, 826.588114781398], [0.0, 1252.8131021185304, 469.9846626224581], [0.0, 0.0, 1.0]], [[1256.7485116440405, 0.0, 817.7887570959712], [0.0, 1256.7485116440403, 451.9541780095127], [0.0, 0.0, 1.0]], [[1254.9860565800168, 0.0, 829.5769333630991], [0.0, 1254.9860565800168, 467.1680561863987], [0.0, 0.0, 1.0]], [[796.8910634503094, 0.0, 857.7774326863696], [0.0, 796.8910634503094, 476.8848988407415], [0.0, 0.0, 1.0]], [[1249.9629280788233, 0.0, 825.3768045375984], [0.0, 1249.9629280788233, 462.54816385708756], [0.0, 0.0, 1.0]]], "extrinsics": [[[0.8223870396614075, -0.5685290098190308, -0.021318208426237106, -0.727447509765625], [-0.001518957782536745, 0.03527655452489853, -0.9993764162063599, 1.4877243041992188], [0.5689264535903931, 0.821906566619873, 0.02814740501344204, -1.14337158203125], [0.0, 0.0, 0.0, 1.0]], [[0.009958114475011826, -0.9994643330574036, -0.031175587326288223, 0.009521484375], [0.0004402844642754644, 0.031181514263153076, -0.9995136260986328, 1.480245590209961], [0.9999504089355469, 0.009939521551132202, 0.0007505581597797573, -1.4558563232421875], [0.0, 0.0, 0.0, 1.0]], [[-0.8441876769065857, -0.5356991291046143, -0.019326547160744667, 0.90740966796875], [0.008562319912016392, 0.022573690861463547, -0.9997084736824036, 1.4949150085449219], [0.5359792113304138, -0.8441071510314941, -0.01446960773319006, -1.159912109375], [0.0, 0.0, 0.0, 1.0]], [[0.947873055934906, 0.31863078474998474, -0.003328090300783515, -1.1300048828125], [-0.01634116843342781, 0.03817626088857651, -0.9991374015808105, 1.5618000030517578], [-0.31822893023490906, 0.9471097588539124, 0.04139304906129837, -0.160888671875], [0.0, 0.0, 0.0, 1.0]], [[0.009471998549997807, 0.9994927048683167, 0.030408354476094246, -0.02850341796875], [-0.01460243109613657, 0.030544735491275787, -0.9994266629219055, 1.5667457580566406], [-0.999848484992981, 0.009022518992424011, 0.014884342439472675, -0.044586181640625], [0.0, 0.0, 0.0, 1.0]], [[-0.9236489534378052, 0.38302966952323914, 0.012676253914833069, 1.0123748779296875], [-0.010539490729570389, 0.007676651701331139, -0.9999149441719055, 1.5461173057556152], [-0.3830944299697876, -0.9237040877342224, -0.0030535950791090727, -0.1043701171875], [0.0, 0.0, 0.0, 1.0]]], "view": [[0.0, -2.0, 100.0], [-2.0, 0.0, 100.0], [0.0, 0.0, 1.0]], "bev": "bev_1b84eb9375bf4548b6a16e240f9b729f.png", "aux": "aux_1b84eb9375bf4548b6a16e240f9b729f.npz", "visibility": "visibility_1b84eb9375bf4548b6a16e240f9b729f.png", "pose": [[-0.7394073009490967, -0.673258364200592, 0.0, 735.7092895507812], [0.673258364200592, -0.7394073009490967, 0.0, 454.59027099609375], [0.0, 0.0, 1.0, 0.0], [0.0, 0.0, 0.0, 1.0]], "pose_inverse": [[-0.7394073009490967, 0.673258364200592, 0.0, 237.93212890625], [-0.673258364200592, -0.7394073009490967, 0.0, 831.4498291015625], [0.0, 0.0, 1.0, 0.0], [0.0, 0.0, 0.0, 1.0]], "cam_ids": [0, 1, 2, 3, 4, 5], "cam_channels": ["CAM_FRONT_LEFT", "CAM_FRONT", "CAM_FRONT_RIGHT", "CAM_BACK_LEFT", "CAM_BACK", "CAM_BACK_RIGHT"], "token": "1b84eb9375bf4548b6a16e240f9b729f", "scene": "scene-0751"}, {"images": ["samples/CAM_FRONT_LEFT/n008-2018-08-30-15-16-55-0400__CAM_FRONT_LEFT__1535656898254799.jpg", "samples/CAM_FRONT/n008-2018-08-30-15-16-55-0400__CAM_FRONT__1535656898262404.jpg", "samples/CAM_FRONT_RIGHT/n008-2018-08-30-15-16-55-0400__CAM_FRONT_RIGHT__1535656898270482.jpg", "samples/CAM_BACK_LEFT/n008-2018-08-30-15-16-55-0400__CAM_BACK_LEFT__1535656898297405.jpg", "samples/CAM_BACK/n008-2018-08-30-15-16-55-0400__CAM_BACK__1535656898287558.jpg", "samples/CAM_BACK_RIGHT/n008-2018-08-30-15-16-55-0400__CAM_BACK_RIGHT__1535656898278113.jpg"], "intrinsics": [[[1257.8625342125129, 0.0, 827.2410631095686], [0.0, 1257.8625342125129, 450.915498205774], [0.0, 0.0, 1.0]], [[1252.8131021185304, 0.0, 826.588114781398], [0.0, 1252.8131021185304, 469.9846626224581], [0.0, 0.0, 1.0]], [[1256.7485116440405, 0.0, 817.7887570959712], [0.0, 1256.7485116440403, 451.9541780095127], [0.0, 0.0, 1.0]], [[1254.9860565800168, 0.0, 829.5769333630991], [0.0, 1254.9860565800168, 467.1680561863987], [0.0, 0.0, 1.0]], [[796.8910634503094, 0.0, 857.7774326863696], [0.0, 796.8910634503094, 476.8848988407415], [0.0, 0.0, 1.0]], [[1249.9629280788233, 0.0, 825.3768045375984], [0.0, 1249.9629280788233, 462.54816385708756], [0.0, 0.0, 1.0]]], "extrinsics": [[[0.8227208852767944, -0.5681582689285278, -0.018071172758936882, -0.72235107421875], [0.0030592952389270067, 0.03621558099985123, -0.9993392825126648, 1.489206314086914], [0.5684372782707214, 0.8221220374107361, 0.03153347596526146, -1.14239501953125], [0.0, 0.0, 0.0, 1.0]], [[0.010446906089782715, -0.9994285106658936, -0.032146986573934555, 0.01123046875], [0.00491000572219491, 0.03219962492585182, -0.9994694590568542, 1.481454849243164], [0.9999333024024963, 0.010283498093485832, 0.005243584979325533, -1.452911376953125], [0.0, 0.0, 0.0, 1.0]], [[-0.8439611792564392, -0.5358906388282776, -0.023469191044569016, 0.90704345703125], [0.012757636606693268, 0.023687196895480156, -0.9996379613876343, 1.4958114624023438], [0.5362526178359985, -0.8439550399780273, -0.013154378160834312, -1.158203125], [0.0, 0.0, 0.0, 1.0]], [[0.9478203654289246, 0.3188047409057617, 0.0004398333840072155, -1.133148193359375], [-0.012868423014879227, 0.03963681682944298, -0.9991313219070435, 1.5618743896484375], [-0.31854522228240967, 0.9469912648200989, 0.04167109355330467, -0.1602783203125], [0.0, 0.0, 0.0, 1.0]], [[0.009246397763490677, 0.9994555711746216, 0.031673580408096313, -0.0291748046875], [-0.010495781898498535, 0.031770192086696625, -0.9994400143623352, 1.5671157836914062], [-0.9999021291732788, 0.008908692747354507, 0.010783825069665909, -0.04229736328125], [0.0, 0.0, 0.0, 1.0]], [[-0.9237608313560486, 0.38286110758781433, 0.009127621538937092, 1.0125045776367188], [-0.006230213679373264, 0.008807011879980564, -0.9999418258666992, 1.5468029975891113], [-0.38291922211647034, -0.9237639904022217, -0.005750265438109636, -0.1031494140625], [0.0, 0.0, 0.0, 1.0]]], "view": [[0.0, -2.0, 100.0], [-2.0, 0.0, 100.0], [0.0, 0.0, 1.0]], "bev": "bev_9c2e723705f64f3ab75fc5c33eecb238.png", "aux": "aux_9c2e723705f64f3ab75fc5c33eecb238.npz", "visibility": "visibility_9c2e723705f64f3ab75fc5c33eecb238.png", "pose": [[-0.7382853031158447, -0.6744885444641113, 0.0, 732.8849487304688], [0.6744885444641113, -0.7382853031158447, 0.0, 457.1944580078125], [0.0, 0.0, 1.0, 0.0], [0.0, 0.0, 0.0, 1.0]], "pose_inverse": [[-0.7382853031158447, 0.6744885444641113, 0.0, 232.70574951171875], [-0.6744885444641113, -0.7382853031158447, 0.0, 831.8624877929688], [0.0, 0.0, 1.0, 0.0], [0.0, 0.0, 0.0, 1.0]], "cam_ids": [0, 1, 2, 3, 4, 5], "cam_channels": ["CAM_FRONT_LEFT", "CAM_FRONT", "CAM_FRONT_RIGHT", "CAM_BACK_LEFT", "CAM_BACK", "CAM_BACK_RIGHT"], "token": "9c2e723705f64f3ab75fc5c33eecb238", "scene": "scene-0751"}, {"images": ["samples/CAM_FRONT_LEFT/n008-2018-08-30-15-16-55-0400__CAM_FRONT_LEFT__1535656898754799.jpg", "samples/CAM_FRONT/n008-2018-08-30-15-16-55-0400__CAM_FRONT__1535656898762404.jpg", "samples/CAM_FRONT_RIGHT/n008-2018-08-30-15-16-55-0400__CAM_FRONT_RIGHT__1535656898770482.jpg", "samples/CAM_BACK_LEFT/n008-2018-08-30-15-16-55-0400__CAM_BACK_LEFT__1535656898797405.jpg", "samples/CAM_BACK/n008-2018-08-30-15-16-55-0400__CAM_BACK__1535656898787558.jpg", "samples/CAM_BACK_RIGHT/n008-2018-08-30-15-16-55-0400__CAM_BACK_RIGHT__1535656898778113.jpg"], "intrinsics": [[[1257.8625342125129, 0.0, 827.2410631095686], [0.0, 1257.8625342125129, 450.915498205774], [0.0, 0.0, 1.0]], [[1252.8131021185304, 0.0, 826.588114781398], [0.0, 1252.8131021185304, 469.9846626224581], [0.0, 0.0, 1.0]], [[1256.7485116440405, 0.0, 817.7887570959712], [0.0, 1256.7485116440403, 451.9541780095127], [0.0, 0.0, 1.0]], [[1254.9860565800168, 0.0, 829.5769333630991], [0.0, 1254.9860565800168, 467.1680561863987], [0.0, 0.0, 1.0]], [[796.8910634503094, 0.0, 857.7774326863696], [0.0, 796.8910634503094, 476.8848988407415], [0.0, 0.0, 1.0]], [[1249.9629280788233, 0.0, 825.3768045375984], [0.0, 1249.9629280788233, 462.54816385708756], [0.0, 0.0, 1.0]]], "extrinsics": [[[0.8217714428901672, -0.5692856311798096, -0.024607336148619652, -0.72760009765625], [0.0013048546388745308, 0.04506455734372139, -0.9989832043647766, 1.4884986877441406], [0.5698156952857971, 0.8209038376808167, 0.03777560219168663, -1.1473388671875], [0.0, 0.0, 0.0, 1.0]], [[0.009142681024968624, -0.9991191029548645, -0.0409555584192276, 0.0123291015625], [0.0035132253542542458, 0.04098911210894585, -0.9991534352302551, 1.4809455871582031], [0.9999520778656006, 0.008990983478724957, 0.003884881269186735, -1.45947265625], [0.0, 0.0, 0.0, 1.0]], [[-0.8445026874542236, -0.5348576307296753, -0.027247153222560883, 0.91229248046875], [0.011747625656425953, 0.03236393257975578, -0.9994071125984192, 1.4954662322998047], [0.5354223847389221, -0.844322144985199, -0.02104812301695347, -1.1602783203125], [0.0, 0.0, 0.0, 1.0]], [[0.9479551315307617, 0.31838926672935486, 0.003082397161051631, -1.13580322265625], [-0.012757033109664917, 0.04765154421329498, -0.9987825751304626, 1.5619239807128906], [-0.31814849376678467, 0.9467616677284241, 0.049233220517635345, -0.15899658203125], [0.0, 0.0, 0.0, 1.0]], [[0.009755208157002926, 0.9991526007652283, 0.03998640924692154, -0.0294189453125], [-0.01103153359144926, 0.04009340703487396, -0.9991350173950195, 1.5670852661132812], [-0.9998915791511536, 0.009305562824010849, 0.011413305066525936, -0.039215087890625], [0.0, 0.0, 0.0, 1.0]], [[-0.9234728813171387, 0.3834419548511505, 0.01304575428366661, 1.0161514282226562], [-0.006930182222276926, 0.017326343804597855, -0.9998258352279663, 1.5466890335083008], [-0.3836011290550232, -0.9234024286270142, -0.013343085534870625, -0.10101318359375], [0.0, 0.0, 0.0, 1.0]]], "view": [[0.0, -2.0, 100.0], [-2.0, 0.0, 100.0], [0.0, 0.0, 1.0]], "bev": "bev_498ea2c62a8545b3a33ee788abdd04f8.png", "aux": "aux_498ea2c62a8545b3a33ee788abdd04f8.npz", "visibility": "visibility_498ea2c62a8545b3a33ee788abdd04f8.png", "pose": [[-0.7453031539916992, -0.666725754737854, 0.0, 730.0955200195312], [0.666725754737854, -0.7453031539916992, 0.0, 459.7829895019531], [0.0, 0.0, 1.0, 0.0], [0.0, 0.0, 0.0, 1.0]], "pose_inverse": [[-0.7453031539916992, 0.666725754737854, 0.0, 237.59335327148438], [-0.666725754737854, -0.7453031539916992, 0.0, 829.451171875], [0.0, 0.0, 1.0, 0.0], [0.0, 0.0, 0.0, 1.0]], "cam_ids": [0, 1, 2, 3, 4, 5], "cam_channels": ["CAM_FRONT_LEFT", "CAM_FRONT", "CAM_FRONT_RIGHT", "CAM_BACK_LEFT", "CAM_BACK", "CAM_BACK_RIGHT"], "token": "498ea2c62a8545b3a33ee788abdd04f8", "scene": "scene-0751"}, {"images": ["samples/CAM_FRONT_LEFT/n008-2018-08-30-15-16-55-0400__CAM_FRONT_LEFT__1535656899254799.jpg", "samples/CAM_FRONT/n008-2018-08-30-15-16-55-0400__CAM_FRONT__1535656899262404.jpg", "samples/CAM_FRONT_RIGHT/n008-2018-08-30-15-16-55-0400__CAM_FRONT_RIGHT__1535656899270482.jpg", "samples/CAM_BACK_LEFT/n008-2018-08-30-15-16-55-0400__CAM_BACK_LEFT__1535656899297405.jpg", "samples/CAM_BACK/n008-2018-08-30-15-16-55-0400__CAM_BACK__1535656899287558.jpg", "samples/CAM_BACK_RIGHT/n008-2018-08-30-15-16-55-0400__CAM_BACK_RIGHT__1535656899278113.jpg"], "intrinsics": [[[1257.8625342125129, 0.0, 827.2410631095686], [0.0, 1257.8625342125129, 450.915498205774], [0.0, 0.0, 1.0]], [[1252.8131021185304, 0.0, 826.588114781398], [0.0, 1252.8131021185304, 469.9846626224581], [0.0, 0.0, 1.0]], [[1256.7485116440405, 0.0, 817.7887570959712], [0.0, 1256.7485116440403, 451.9541780095127], [0.0, 0.0, 1.0]], [[1254.9860565800168, 0.0, 829.5769333630991], [0.0, 1254.9860565800168, 467.1680561863987], [0.0, 0.0, 1.0]], [[796.8910634503094, 0.0, 857.7774326863696], [0.0, 796.8910634503094, 476.8848988407415], [0.0, 0.0, 1.0]], [[1249.9629280788233, 0.0, 825.3768045375984], [0.0, 1249.9629280788233, 462.54816385708756], [0.0, 0.0, 1.0]]], "extrinsics": [[[0.8217231631278992, -0.569703996181488, -0.014440144412219524, -0.71673583984375], [0.011289898306131363, 0.04160738363862038, -0.9990702867507935, 1.4920158386230469], [0.5697751045227051, 0.8207961916923523, 0.04062164947390556, -1.1392822265625], [0.0, 0.0, 0.0, 1.0]], [[0.009048438630998135, -0.9992624521255493, -0.037318743765354156, 0.0118408203125], [0.013058731332421303, 0.037435173988342285, -0.9992137551307678, 1.4837646484375], [0.9998737573623657, 0.00855396967381239, 0.01338782999664545, -1.4477691650390625], [0.0, 0.0, 0.0, 1.0]], [[-0.8444482684135437, -0.5346166491508484, -0.03304969519376755, 0.90472412109375], [0.020946312695741653, 0.02869487553834915, -0.9993686676025391, 1.4976387023925781], [0.5352274775505066, -0.8446074724197388, -0.01303309015929699, -1.15618896484375], [0.0, 0.0, 0.0, 1.0]], [[0.9479203224182129, 0.31836989521980286, 0.00936608761548996, -1.140533447265625], [-0.004791150335222483, 0.04365576058626175, -0.999035120010376, 1.5620193481445312], [-0.31847161054611206, 0.9469608664512634, 0.04290753975510597, -0.15740966796875], [0.0, 0.0, 0.0, 1.0]], [[0.009615837596356869, 0.9992979168891907, 0.03621130809187889, -0.02911376953125], [-0.0024560727179050446, 0.0362364798784256, -0.9993401765823364, 1.5678176879882812], [-0.9999507069587708, 0.00952058844268322, 0.0028027938678860664, -0.0392303466796875], [0.0, 0.0, 0.0, 1.0]], [[-0.9234247803688049, 0.38376349210739136, 0.0035112062469124794, 1.0120086669921875], [0.0018604109063744545, 0.013625121675431728, -0.9999054074287415, 1.548081398010254], [-0.383774995803833, -0.9233309030532837, -0.013295731507241726, -0.10321044921875], [0.0, 0.0, 0.0, 1.0]]], "view": [[0.0, -2.0, 100.0], [-2.0, 0.0, 100.0], [0.0, 0.0, 1.0]], "bev": "bev_359535505d614159afa33454ba596220.png", "aux": "aux_359535505d614159afa33454ba596220.npz", "visibility": "visibility_359535505d614159afa33454ba596220.png", "pose": [[-0.7566632628440857, -0.6538048386573792, 0.0, 727.1885986328125], [0.6538048386573792, -0.7566632628440857, 0.0, 462.39727783203125], [0.0, 0.0, 1.0, 0.0], [0.0, 0.0, 0.0, 1.0]], "pose_inverse": [[-0.7566632628440857, 0.6538048386573792, 0.0, 247.9193115234375], [-0.6538048386573792, -0.7566632628440857, 0.0, 825.3184204101562], [0.0, 0.0, 1.0, 0.0], [0.0, 0.0, 0.0, 1.0]], "cam_ids": [0, 1, 2, 3, 4, 5], "cam_channels": ["CAM_FRONT_LEFT", "CAM_FRONT", "CAM_FRONT_RIGHT", "CAM_BACK_LEFT", "CAM_BACK", "CAM_BACK_RIGHT"], "token": "359535505d614159afa33454ba596220", "scene": "scene-0751"}, {"images": ["samples/CAM_FRONT_LEFT/n008-2018-08-30-15-16-55-0400__CAM_FRONT_LEFT__1535656899754799.jpg", "samples/CAM_FRONT/n008-2018-08-30-15-16-55-0400__CAM_FRONT__1535656899762404.jpg", "samples/CAM_FRONT_RIGHT/n008-2018-08-30-15-16-55-0400__CAM_FRONT_RIGHT__1535656899770482.jpg", "samples/CAM_BACK_LEFT/n008-2018-08-30-15-16-55-0400__CAM_BACK_LEFT__1535656899797405.jpg", "samples/CAM_BACK/n008-2018-08-30-15-16-55-0400__CAM_BACK__1535656899787558.jpg", "samples/CAM_BACK_RIGHT/n008-2018-08-30-15-16-55-0400__CAM_BACK_RIGHT__1535656899778113.jpg"], "intrinsics": [[[1257.8625342125129, 0.0, 827.2410631095686], [0.0, 1257.8625342125129, 450.915498205774], [0.0, 0.0, 1.0]], [[1252.8131021185304, 0.0, 826.588114781398], [0.0, 1252.8131021185304, 469.9846626224581], [0.0, 0.0, 1.0]], [[1256.7485116440405, 0.0, 817.7887570959712], [0.0, 1256.7485116440403, 451.9541780095127], [0.0, 0.0, 1.0]], [[1254.9860565800168, 0.0, 829.5769333630991], [0.0, 1254.9860565800168, 467.1680561863987], [0.0, 0.0, 1.0]], [[796.8910634503094, 0.0, 857.7774326863696], [0.0, 796.8910634503094, 476.8848988407415], [0.0, 0.0, 1.0]], [[1249.9629280788233, 0.0, 825.3768045375984], [0.0, 1249.9629280788233, 462.54816385708756], [0.0, 0.0, 1.0]]], "extrinsics": [[[0.8217188119888306, -0.5696192979812622, -0.017668211832642555, -0.7003173828125], [0.009283267892897129, 0.04437750205397606, -0.998971700668335, 1.4915618896484375], [0.5698176026344299, 0.820709764957428, 0.041753754019737244, -1.12628173828125], [0.0, 0.0, 0.0, 1.0]], [[0.008955025114119053, -0.9991344213485718, -0.040623437613248825, 0.0106201171875], [0.010838364250957966, 0.040719665586948395, -0.9991118311882019, 1.4833335876464844], [0.9999011754989624, 0.008506779558956623, 0.011193626560270786, -1.43255615234375], [0.0, 0.0, 0.0, 1.0]], [[-0.8445443511009216, -0.5344732403755188, -0.03291066735982895, 0.89501953125], [0.018406035378575325, 0.032448846846818924, -0.9993038773536682, 1.4972991943359375], [0.5351691842079163, -0.8445622324943542, -0.01756695844233036, -1.15142822265625], [0.0, 0.0, 0.0, 1.0]], [[0.9479596018791199, 0.3182963728904724, 0.007744808215647936, -1.140960693359375], [-0.008215349167585373, 0.04876948520541191, -0.9987762570381165, 1.56201171875], [-0.31828463077545166, 0.9467359781265259, 0.04884641617536545, -0.15716552734375], [0.0, 0.0, 0.0, 1.0]], [[0.009756417945027351, 0.9991157054901123, 0.0408974252641201, -0.02874755859375], [-0.005622173193842173, 0.040953535586595535, -0.9991452097892761, 1.5675430297851562], [-0.9999366402626038, 0.009518108330667019, 0.006016762461513281, -0.0426788330078125], [0.0, 0.0, 0.0, 1.0]], [[-0.9234017729759216, 0.3837573230266571, 0.007723510731011629, 1.0053787231445312], [-0.0009696977213025093, 0.017789537087082863, -0.9998412728309631, 1.5476255416870117], [-0.38383370637893677, -0.9232626557350159, -0.016054758802056313, -0.1068115234375], [0.0, 0.0, 0.0, 1.0]]], "view": [[0.0, -2.0, 100.0], [-2.0, 0.0, 100.0], [0.0, 0.0, 1.0]], "bev": "bev_9d50c98bc84d4f11ab91a60954174415.png", "aux": "aux_9d50c98bc84d4f11ab91a60954174415.npz", "visibility": "visibility_9d50c98bc84d4f11ab91a60954174415.png", "pose": [[-0.766204833984375, -0.642596423625946, 0.0, 724.060791015625], [0.642596423625946, -0.766204833984375, 0.0, 465.1095886230469], [0.0, 0.0, 1.0, 0.0], [0.0, 0.0, 0.0, 1.0]], "pose_inverse": [[-0.766204833984375, 0.642596423625946, 0.0, 255.901123046875], [-0.642596423625946, -0.766204833984375, 0.0, 821.6480712890625], [0.0, 0.0, 1.0, 0.0], [0.0, 0.0, 0.0, 1.0]], "cam_ids": [0, 1, 2, 3, 4, 5], "cam_channels": ["CAM_FRONT_LEFT", "CAM_FRONT", "CAM_FRONT_RIGHT", "CAM_BACK_LEFT", "CAM_BACK", "CAM_BACK_RIGHT"], "token": "9d50c98bc84d4f11ab91a60954174415", "scene": "scene-0751"}, {"images": ["samples/CAM_FRONT_LEFT/n008-2018-08-30-15-16-55-0400__CAM_FRONT_LEFT__1535656900254799.jpg", "samples/CAM_FRONT/n008-2018-08-30-15-16-55-0400__CAM_FRONT__1535656900262404.jpg", "samples/CAM_FRONT_RIGHT/n008-2018-08-30-15-16-55-0400__CAM_FRONT_RIGHT__1535656900270482.jpg", "samples/CAM_BACK_LEFT/n008-2018-08-30-15-16-55-0400__CAM_BACK_LEFT__1535656900297405.jpg", "samples/CAM_BACK/n008-2018-08-30-15-16-55-0400__CAM_BACK__1535656900287559.jpg", "samples/CAM_BACK_RIGHT/n008-2018-08-30-15-16-55-0400__CAM_BACK_RIGHT__1535656900278113.jpg"], "intrinsics": [[[1257.8625342125129, 0.0, 827.2410631095686], [0.0, 1257.8625342125129, 450.915498205774], [0.0, 0.0, 1.0]], [[1252.8131021185304, 0.0, 826.588114781398], [0.0, 1252.8131021185304, 469.9846626224581], [0.0, 0.0, 1.0]], [[1256.7485116440405, 0.0, 817.7887570959712], [0.0, 1256.7485116440403, 451.9541780095127], [0.0, 0.0, 1.0]], [[1254.9860565800168, 0.0, 829.5769333630991], [0.0, 1254.9860565800168, 467.1680561863987], [0.0, 0.0, 1.0]], [[796.8910634503094, 0.0, 857.7774326863696], [0.0, 796.8910634503094, 476.8848988407415], [0.0, 0.0, 1.0]], [[1249.9629280788233, 0.0, 825.3768045375984], [0.0, 1249.9629280788233, 462.54816385708756], [0.0, 0.0, 1.0]]], "extrinsics": [[[0.8224825263023376, -0.5687170624732971, -0.009133609011769295, -0.6956939697265625], [0.01949850469827652, 0.044240109622478485, -0.9988306164741516, 1.495574951171875], [0.5684560537338257, 0.8213425874710083, 0.047475848346948624, -1.12066650390625], [0.0, 0.0, 0.0, 1.0]], [[0.010436316952109337, -0.9991452693939209, -0.03999719396233559, 0.00946044921875], [0.02175138145685196, 0.04021674022078514, -0.9989542365074158, 1.486846923828125], [0.999708890914917, 0.009555387310683727, 0.022152505815029144, -1.425872802734375], [0.0, 0.0, 0.0, 1.0]], [[-0.8436653017997742, -0.5352056622505188, -0.04223184287548065, 0.8900146484375], [0.029930783435702324, 0.03165172412991524, -0.9990506768226624, 1.5001792907714844], [0.536034345626831, -0.8441285490989685, -0.010684339329600334, -1.14923095703125], [0.0, 0.0, 0.0, 1.0]], [[0.9478169679641724, 0.3182961940765381, 0.01817815937101841, -1.142364501953125], [0.0033616824075579643, 0.04703691974282265, -0.9988874793052673, 1.5620384216308594], [-0.31879714131355286, 0.9468236565589905, 0.04351238161325455, -0.1568603515625], [0.0, 0.0, 0.0, 1.0]], [[0.009055311791598797, 0.9991766214370728, 0.03954833745956421, 