[{"images": ["samples/CAM_FRONT_LEFT/n015-2018-07-11-11-54-16+0800__CAM_FRONT_LEFT__1531281835754844.jpg", "samples/CAM_FRONT/n015-2018-07-11-11-54-16+0800__CAM_FRONT__1531281835762460.jpg", "samples/CAM_FRONT_RIGHT/n015-2018-07-11-11-54-16+0800__CAM_FRONT_RIGHT__1531281835770339.jpg", "samples/CAM_BACK_LEFT/n015-2018-07-11-11-54-16+0800__CAM_BACK_LEFT__1531281835797423.jpg", "samples/CAM_BACK/n015-2018-07-11-11-54-16+0800__CAM_BACK__1531281835787525.jpg", "samples/CAM_BACK_RIGHT/n015-2018-07-11-11-54-16+0800__CAM_BACK_RIGHT__1531281835777893.jpg"], "intrinsics": [[[1272.5979470598488, 0.0, 826.6154927353808], [0.0, 1272.5979470598488, 479.75165386361925], [0.0, 0.0, 1.0]], [[1266.417203046554, 0.0, 816.2670197447984], [0.0, 1266.417203046554, 491.50706579294757], [0.0, 0.0, 1.0]], [[1260.8474446004698, 0.0, 807.968244525554], [0.0, 1260.8474446004698, 495.3344268742088], [0.0, 0.0, 1.0]], [[1256.7414812095406, 0.0, 792.1125740759628], [0.0, 1256.7414812095406, 492.7757465151356], [0.0, 0.0, 1.0]], [[809.2209905677063, 0.0, 829.2196003259838], [0.0, 809.2209905677063, 481.77842384512485], [0.0, 0.0, 1.0]], [[1259.5137405846733, 0.0, 807.2529053838625], [0.0, 1259.5137405846733, 501.19579884916527], [0.0, 0.0, 1.0]]], "extrinsics": [[[0.8202482461929321, -0.5719634890556335, 0.007109745405614376, -0.692626953125], [-0.0147384749725461, -0.03355839475989342, -0.999328076839447, 1.5034313201904297], [0.5718176960945129, 0.8195923566818237, -0.03595608472824097, -1.0924072265625], [0.0, 0.0, 0.0, 1.0]], [[0.005280572921037674, -0.9992794394493103, 0.03758498653769493, 0.007965087890625], [-0.020154820755124092, -0.037684228271245956, -0.9990864396095276, 1.5151176452636719], [0.999782919883728, 0.004518222529441118, -0.020339293405413628, -1.4210205078125], [0.0, 0.0, 0.0, 1.0]], [[-0.8330670595169067, -0.5526703596115112, 0.023555127903819084, 0.8577880859375], [-0.01463769469410181, -0.020542897284030914, -0.9996817708015442, 1.5005912780761719], [0.5529783964157104, -0.8331467509269714, 0.009023790247738361, -1.131591796875], [0.0, 0.0, 0.0, 1.0]], [[0.9475231170654297, 0.31891965866088867, -0.022142015397548676, -1.1414794921875], [-0.00613868422806263, -0.05109791085124016, -0.998674750328064, 1.5885505676269531], [-0.31962838768959045, 0.9464033246040344, -0.04645870625972748, -0.10400390625], [0.0, 0.0, 0.0, 1.0]], [[0.0020345961675047874, 0.9991535544395447, -0.04108787700533867, 0.002532958984375], [-0.03151029348373413, -0.041003499180078506, -0.9986620545387268, 1.576934814453125], [-0.9995013475418091, 0.0033266162499785423, 0.03140018880367279, -0.0753173828125], [0.0, 0.0, 0.0, 1.0]], [[-0.9348559975624084, 0.3548808693885803, -0.01019335724413395, 0.994140625], [0.001174423610791564, -0.025620112195611, -0.9996711015701294, 1.5516488552093506], [-0.3550253212451935, -0.9345604181289673, 0.02353433333337307, -0.1168212890625], [0.0, 0.0, 0.0, 1.0]]], "view": [[0.0, -2.0, 100.0], [-2.0, 0.0, 100.0], [0.0, 0.0, 1.0]], "bev": "bev_040a956bf0c04ad09fffc286cab5bc56.png", "aux": "aux_040a956bf0c04ad09fffc286cab5bc56.npz", "visibility": "visibility_040a956bf0c04ad09fffc286cab5bc56.png", "pose": [[-0.479875385761261, 0.8773366808891296, 0.0, 468.44049072265625], [-0.8773366808891296, -0.479875385761261, 0.0, 1310.194091796875], [0.0, 0.0, 1.0, 0.0], [0.0, 0.0, 0.0, 1.0]], "pose_inverse": [[-0.479875385761261, -0.8773366808891296, 0.0, 1374.2744140625], [0.8773366808891296, -0.479875385761261, 0.0, 217.74990844726562], [0.0, 0.0, 1.0, 0.0], [0.0, 0.0, 0.0, 1.0]], "cam_ids": [0, 1, 2, 3, 4, 5], "cam_channels": ["CAM_FRONT_LEFT", "CAM_FRONT", "CAM_FRONT_RIGHT", "CAM_BACK_LEFT", "CAM_BACK", "CAM_BACK_RIGHT"], "token": "040a956bf0c04ad09fffc286cab5bc56", "scene": "scene-0274"}, {"images": ["samples/CAM_FRONT_LEFT/n015-2018-07-11-11-54-16+0800__CAM_FRONT_LEFT__1531281836254844.jpg", "samples/CAM_FRONT/n015-2018-07-11-11-54-16+0800__CAM_FRONT__1531281836262460.jpg", "samples/CAM_FRONT_RIGHT/n015-2018-07-11-11-54-16+0800__CAM_FRONT_RIGHT__1531281836270339.jpg", "samples/CAM_BACK_LEFT/n015-2018-07-11-11-54-16+0800__CAM_BACK_LEFT__1531281836297423.jpg", "samples/CAM_BACK/n015-2018-07-11-11-54-16+0800__CAM_BACK__1531281836287525.jpg", "samples/CAM_BACK_RIGHT/n015-2018-07-11-11-54-16+0800__CAM_BACK_RIGHT__1531281836277893.jpg"], "intrinsics": [[[1272.5979470598488, 0.0, 826.6154927353808], [0.0, 1272.5979470598488, 479.75165386361925], [0.0, 0.0, 1.0]], [[1266.417203046554, 0.0, 816.2670197447984], [0.0, 1266.417203046554, 491.50706579294757], [0.0, 0.0, 1.0]], [[1260.8474446004698, 0.0, 807.968244525554], [0.0, 1260.8474446004698, 495.3344268742088], [0.0, 0.0, 1.0]], [[1256.7414812095406, 0.0, 792.1125740759628], [0.0, 1256.7414812095406, 492.7757465151356], [0.0, 0.0, 1.0]], [[809.2209905677063, 0.0, 829.2196003259838], [0.0, 809.2209905677063, 481.77842384512485], [0.0, 0.0, 1.0]], [[1259.5137405846733, 0.0, 807.2529053838625], [0.0, 1259.5137405846733, 501.19579884916527], [0.0, 0.0, 1.0]]], "extrinsics": [[[0.8202827572822571, -0.5718365907669067, 0.011793450452387333, -0.6956787109375], [-0.013084366917610168, -0.039375189691782, -0.9991388320922852, 1.5040283203125], [0.5718085765838623, 0.8194220662117004, -0.03978090360760689, -1.094482421875], [0.0, 0.0, 0.0, 1.0]], [[0.0052795493975281715, -0.9990459680557251, 0.04334855079650879, 0.0077667236328125], [-0.018518075346946716, -0.04343940317630768, -0.9988844394683838, 1.5156135559082031], [0.9998145699501038, 0.004470969084650278, -0.01872975006699562, -1.423583984375], [0.0, 0.0, 0.0, 1.0]], [[-0.8330560922622681, -0.5526068806648254, 0.02536248415708542, 0.859619140625], [-0.013032826595008373, -0.026229368522763252, -0.9995709657669067, 1.5009613037109375], [0.5530350804328918, -0.8330291509628296, 0.014648507349193096, -1.1328125], [0.0, 0.0, 0.0, 1.0]], [[0.9474717378616333, 0.31903621554374695, -0.022649910300970078, -1.1422119140625], [-0.004780069459229708, -0.056684013456106186, -0.998380720615387, 1.5885629653930664], [-0.31980350613594055, 0.9460458755493164, -0.05218149349093437, -0.10382080078125], [0.0, 0.0, 0.0, 1.0]], [[0.0019172015599906445, 0.998907208442688, -0.04669967666268349, 0.0025177001953125], [-0.030064132064580917, -0.04662107676267624, -0.9984601140022278, 1.5770912170410156], [-0.9995461702346802, 0.003318230388686061, 0.029941895976662636, -0.0740966796875], [0.0, 0.0, 0.0, 1.0]], [[-0.9348785281181335, 0.3547058701515198, -0.01363244466483593, 0.995849609375], [0.0027175352443009615, -0.031251728534698486, -0.9995079040527344, 1.5518784523010254], [-0.35495737195014954, -0.9344555139541626, 0.02825264260172844, -0.1163330078125], [0.0, 0.0, 0.0, 1.0]]], "view": [[0.0, -2.0, 100.0], [-2.0, 0.0, 100.0], [0.0, 0.0, 1.0]], "bev": "bev_ea5dbccb2a7a4b4e9ce8c0f5e0509d17.png", "aux": "aux_ea5dbccb2a7a4b4e9ce8c0f5e0509d17.npz", "visibility": "visibility_ea5dbccb2a7a4b4e9ce8c0f5e0509d17.png", "pose": [[-0.46302446722984314, 0.8863455057144165, 0.0, 466.6047058105469], [-0.8863455057144165, -0.46302446722984314, 0.0, 1306.7996826171875], [0.0, 0.0, 1.0, 0.0], [0.0, 0.0, 0.0, 1.0]], "pose_inverse": [[-0.46302446722984314, -0.8863455057144165, 0.0, 1374.325439453125], [0.8863455057144165, -0.46302446722984314, 0.0, 191.50721740722656], [0.0, 0.0, 1.0, 0.0], [0.0, 0.0, 0.0, 1.0]], "cam_ids": [0, 1, 2, 3, 4, 5], "cam_channels": ["CAM_FRONT_LEFT", "CAM_FRONT", "CAM_FRONT_RIGHT", "CAM_BACK_LEFT", "CAM_BACK", "CAM_BACK_RIGHT"], "token": "ea5dbccb2a7a4b4e9ce8c0f5e0509d17", "scene": "scene-0274"}, {"images": ["samples/CAM_FRONT_LEFT/n015-2018-07-11-11-54-16+0800__CAM_FRONT_LEFT__1531281836654844.jpg", "samples/CAM_FRONT/n015-2018-07-11-11-54-16+0800__CAM_FRONT__1531281836662460.jpg", "samples/CAM_FRONT_RIGHT/n015-2018-07-11-11-54-16+0800__CAM_FRONT_RIGHT__1531281836670339.jpg", "samples/CAM_BACK_LEFT/n015-2018-07-11-11-54-16+0800__CAM_BACK_LEFT__1531281836697423.jpg", "samples/CAM_BACK/n015-2018-07-11-11-54-16+0800__CAM_BACK__1531281836687525.jpg", "samples/CAM_BACK_RIGHT/n015-2018-07-11-11-54-16+0800__CAM_BACK_RIGHT__1531281836677893.jpg"], "intrinsics": [[[1272.5979470598488, 0.0, 826.6154927353808], [0.0, 1272.5979470598488, 479.75165386361925], [0.0, 0.0, 1.0]], [[1266.417203046554, 0.0, 816.2670197447984], [0.0, 1266.417203046554, 491.50706579294757], [0.0, 0.0, 1.0]], [[1260.8474446004698, 0.0, 807.968244525554], [0.0, 1260.8474446004698, 495.3344268742088], [0.0, 0.0, 1.0]], [[1256.7414812095406, 0.0, 792.1125740759628], [0.0, 1256.7414812095406, 492.7757465151356], [0.0, 0.0, 1.0]], [[809.2209905677063, 0.0, 829.2196003259838], [0.0, 809.2209905677063, 481.77842384512485], [0.0, 0.0, 1.0]], [[1259.5137405846733, 0.0, 807.2529053838625], [0.0, 1259.5137405846733, 501.19579884916527], [0.0, 0.0, 1.0]]], "extrinsics": [[[0.820131242275238, -0.5720640420913696, 0.01128943357616663, -0.7049560546875], [-0.014655768871307373, -0.040727097541093826, -0.9990628361701965, 1.503671646118164], [0.5719876885414124, 0.8191971778869629, -0.041785601526498795, -1.10052490234375], [0.0, 0.0, 0.0, 1.0]], [[0.0051605356857180595, -0.9989815354347229, 0.04482331499457359, 0.007659912109375], [-0.01997286267578602, -0.04491794481873512, -0.9987910389900208, 1.5153694152832031], [0.9997872114181519, 0.004259082954376936, -0.02018432319164276, -1.43115234375], [0.0, 0.0, 0.0, 1.0]], [[-0.8330721855163574, -0.5524854063987732, 0.02739531360566616, 0.8629150390625], [-0.014378485269844532, -0.02788039669394493, -0.9995077848434448, 1.5007400512695312], [0.5529773235321045, -0.8330560922622681, 0.015282479114830494, -1.1348876953125], [0.0, 0.0, 0.0, 1.0]], [[0.947437584400177, 0.31901612877845764, -0.024304505437612534, -1.14013671875], [-0.005835782270878553, -0.05872151255607605, -0.9982573390007019, 1.5885448455810547], [-0.3198873996734619, 0.9459283351898193, -0.05377326160669327, -0.104461669921875], [0.0, 0.0, 0.0, 1.0]], [[0.001838806550949812, 0.9988153576850891, -0.04862553998827934, 0.00238037109375], [-0.031208205968141556, -0.04854461923241615, -0.9983333945274353, 1.5769805908203125], [-0.9995113015174866, 0.0033532048109918833, 0.031081970781087875, -0.0751953125], [0.0, 0.0, 0.0, 1.0]], [[-0.9348925948143005, 0.35468900203704834, -0.013097016140818596, 0.996337890625], [0.0014612601371482015, -0.03305353596806526, -0.999452531337738, 1.5516977310180664], [-0.3549277186393738, -0.9343999028205872, 0.030383214354515076, -0.11578369140625], [0.0, 0.0, 0.0, 1.0]]], "view": [[0.0, -2.0, 100.0], [-2.0, 0.0, 100.0], [0.0, 0.0, 1.0]], "bev": "bev_fc651dc8a36846fdba3f705117d3d0d0.png", "aux": "aux_fc651dc8a36846fdba3f705117d3d0d0.npz", "visibility": "visibility_fc651dc8a36846fdba3f705117d3d0d0.png", "pose": [[-0.4501937925815582, 0.8929308652877808, 0.0, 465.23162841796875], [-0.8929308652877808, -0.4501937925815582, 0.0, 1304.1383056640625], [0.0, 0.0, 1.0, 0.0], [0.0, 0.0, 0.0, 1.0]], "pose_inverse": [[-0.4501937925815582, -0.8929308652877808, 0.0, 1373.94970703125], [0.8929308652877808, -0.4501937925815582, 0.0, 171.69529724121094], [0.0, 0.0, 1.0, 0.0], [0.0, 0.0, 0.0, 1.0]], "cam_ids": [0, 1, 2, 3, 4, 5], "cam_channels": ["CAM_FRONT_LEFT", "CAM_FRONT", "CAM_FRONT_RIGHT", "CAM_BACK_LEFT", "CAM_BACK", "CAM_BACK_RIGHT"], "token": "fc651dc8a36846fdba3f705117d3d0d0", "scene": "scene-0274"}, {"images": ["samples/CAM_FRONT_LEFT/n015-2018-07-11-11-54-16+0800__CAM_FRONT_LEFT__1531281837154844.jpg", "samples/CAM_FRONT/n015-2018-07-11-11-54-16+0800__CAM_FRONT__1531281837162460.jpg", "samples/CAM_FRONT_RIGHT/n015-2018-07-11-11-54-16+0800__CAM_FRONT_RIGHT__1531281837170339.jpg", "samples/CAM_BACK_LEFT/n015-2018-07-11-11-54-16+0800__CAM_BACK_LEFT__1531281837197423.jpg", "samples/CAM_BACK/n015-2018-07-11-11-54-16+0800__CAM_BACK__1531281837187525.jpg", "samples/CAM_BACK_RIGHT/n015-2018-07-11-11-54-16+0800__CAM_BACK_RIGHT__1531281837177893.jpg"], "intrinsics": [[[1272.5979470598488, 0.0, 826.6154927353808], [0.0, 1272.5979470598488, 479.75165386361925], [0.0, 0.0, 1.0]], [[1266.417203046554, 0.0, 816.2670197447984], [0.0, 1266.417203046554, 491.50706579294757], [0.0, 0.0, 1.0]], [[1260.8474446004698, 0.0, 807.968244525554], [0.0, 1260.8474446004698, 495.3344268742088], [0.0, 0.0, 1.0]], [[1256.7414812095406, 0.0, 792.1125740759628], [0.0, 1256.7414812095406, 492.7757465151356], [0.0, 0.0, 1.0]], [[809.2209905677063, 0.0, 829.2196003259838], [0.0, 809.2209905677063, 481.77842384512485], [0.0, 0.0, 1.0]], [[1259.5137405846733, 0.0, 807.2529053838625], [0.0, 1259.5137405846733, 501.19579884916527], [0.0, 0.0, 1.0]]], "extrinsics": [[[0.8204799294471741, -0.5715998411178589, 0.009291570633649826, -0.70556640625], [-0.01912032626569271, -0.04368238523602486, -0.9988625049591064, 1.5023231506347656], [0.5713555216789246, 0.8193689584732056, -0.04676968976855278, -1.10211181640625], [0.0, 0.0, 0.0, 1.0]], [[0.005770521704107523, -0.9988428354263306, 0.047744739800691605, 0.00823974609375], [-0.024416759610176086, -0.047872044146060944, -0.9985550045967102, 1.5142784118652344], [0.9996851682662964, 0.00459642056375742, -0.024664755910634995, -1.43310546875], [0.0, 0.0, 0.0, 1.0]], [[-0.8327872157096863, -0.552626371383667, 0.03270241990685463, 0.8648681640625], [-0.01878880336880684, -0.03082377091050148, -0.9993481636047363, 1.4998893737792969], [0.5532741546630859, -0.8328588604927063, 0.015286453999578953, -1.1357421875], [0.0, 0.0, 0.0, 1.0]], [[0.9473162293434143, 0.31895333528518677, -0.02933679148554802, -1.1368408203125], [-0.010158169083297253, -0.06162817031145096, -0.9980474710464478, 1.5885066986083984], [-0.320138543844223, 0.9457646012306213, -0.0551413893699646, -0.105621337890625], [0.0, 0.0, 0.0, 1.0]], [[0.001549766631796956, 0.9986705183982849, -0.05152496322989464, 0.0023345947265625], [-0.03553931042551994, -0.05143747106194496, -0.9980437159538269, 1.5766372680664062], [-0.9993671178817749, 0.0033778578508645296, 0.035412345081567764, -0.075439453125], [0.0, 0.0, 0.0, 1.0]], [[-0.9349970817565918, 0.3545132875442505, -0.010040897876024246, 0.9984130859375], [-0.0029032216407358646, -0.03596160188317299, -0.9993489980697632, 1.5510587692260742], [-0.3546435534954071, -0.9343592524528503, 0.034653227776288986, -0.1148681640625], [0.0, 0.0, 0.0, 1.0]]], "view": [[0.0, -2.0, 100.0], [-2.0, 0.0, 100.0], [0.0, 0.0, 1.0]], "bev": "bev_3d65380e1e2b470bbe0c944ecec05616.png", "aux": "aux_3d65380e1e2b470bbe0c944ecec05616.npz", "visibility": "visibility_3d65380e1e2b470bbe0c944ecec05616.png", "pose": [[-0.4365696310997009, 0.8996704816818237, 0.0, 463.56103515625], [-0.8996704816818237, -0.4365696310997009, 0.0, 1300.8106689453125], [0.0, 0.0, 1.0, 0.0], [0.0, 0.0, 0.0, 1.0]], "pose_inverse": [[-0.4365696310997009, -0.8996704816818237, 0.0, 1372.6776123046875], [0.8996704816818237, -0.4365696310997009, 0.0, 150.84225463867188], [0.0, 0.0, 1.0, 0.0], [0.0, 0.0, 0.0, 1.0]], "cam_ids": [0, 1, 2, 3, 4, 5], "cam_channels": ["CAM_FRONT_LEFT", "CAM_FRONT", "CAM_FRONT_RIGHT", "CAM_BACK_LEFT", "CAM_BACK", "CAM_BACK_RIGHT"], "token": "3d65380e1e2b470bbe0c944ecec05616", "scene": "scene-0274"}, {"images": ["samples/CAM_FRONT_LEFT/n015-2018-07-11-11-54-16+0800__CAM_FRONT_LEFT__1531281837754844.jpg", "samples/CAM_FRONT/n015-2018-07-11-11-54-16+0800__CAM_FRONT__1531281837762460.jpg", "samples/CAM_FRONT_RIGHT/n015-2018-07-11-11-54-16+0800__CAM_FRONT_RIGHT__1531281837770339.jpg", "samples/CAM_BACK_LEFT/n015-2018-07-11-11-54-16+0800__CAM_BACK_LEFT__1531281837797423.jpg", "samples/CAM_BACK/n015-2018-07-11-11-54-16+0800__CAM_BACK__1531281837787525.jpg", "samples/CAM_BACK_RIGHT/n015-2018-07-11-11-54-16+0800__CAM_BACK_RIGHT__1531281837777893.jpg"], "intrinsics": [[[1272.5979470598488, 0.0, 826.6154927353808], [0.0, 1272.5979470598488, 479.75165386361925], [0.0, 0.0, 1.0]], [[1266.417203046554, 0.0, 816.2670197447984], [0.0, 1266.417203046554, 491.50706579294757], [0.0, 0.0, 1.0]], [[1260.8474446004698, 0.0, 807.968244525554], [0.0, 1260.8474446004698, 495.3344268742088], [0.0, 0.0, 1.0]], [[1256.7414812095406, 0.0, 792.1125740759628], [0.0, 1256.7414812095406, 492.7757465151356], [0.0, 0.0, 1.0]], [[809.2209905677063, 0.0, 829.2196003259838], [0.0, 809.2209905677063, 481.77842384512485], [0.0, 0.0, 1.0]], [[1259.5137405846733, 0.0, 807.2529053838625], [0.0, 1259.5137405846733, 501.19579884916527], [0.0, 0.0, 1.0]]], "extrinsics": [[[0.8208709359169006, -0.5709280967712402, 0.01456072460860014, -0.713134765625], [-0.016827542334794998, -0.04966288432478905, -0.9986242651939392, 1.5031795501708984], [0.5708657503128052, 0.8194966316223145, -0.05037413910031319, -1.10693359375], [0.0, 0.0, 0.0, 1.0]], [[0.006256868597120047, -0.9985427260398865, 0.05360240489244461, 0.0080413818359375], [-0.02193237841129303, -0.05372759699821472, -0.9983147978782654, 1.5150413513183594], [0.9997398853302002, 0.005070744547992945, -0.02223658375442028, -1.438720703125], [0.0, 0.0, 0.0, 1.0]], [[-0.8325971364974976, -0.5528563261032104, 0.03364253789186478, 0.8662109375], [-0.016115156933665276, -0.036534395068883896, -0.9992023706436157, 1.500457763671875], [0.5536444783210754, -0.8324753642082214, 0.021509068086743355, -1.13702392578125], [0.0, 0.0, 0.0, 1.0]], [[0.9473451375961304, 0.31900522112846375, -0.02780131809413433, -1.130126953125], [-0.00682670995593071, -0.06668087095022202, -0.997750997543335, 1.5884780883789062], [-0.32014158368110657, 0.9454043507575989, -0.0609920434653759, -0.107879638671875], [0.0, 0.0, 0.0, 1.0]], [[0.0014161786530166864, 0.9983834624290466, -0.05681929364800453, 0.0023651123046875], [-0.03246822953224182, -0.05674348771572113, -0.9978607296943665, 1.5767250061035156], [-0.9994717240333557, 0.0032579731196165085, 0.03233538568019867, -0.0799560546875], [0.0, 0.0, 0.0, 1.0]], [[-0.9351034164428711, 0.35407182574272156, -0.014651838690042496, 0.9970703125], [-5.401022281148471e-05, -0.041488002985715866, -0.9991390109062195, 1.5514740943908691], [-0.35437485575675964, -0.9342976212501526, 0.038814693689346313, -0.115478515625], [0.0, 0.0, 0.0, 1.0]]], "view": [[0.0, -2.0, 100.0], [-2.0, 0.0, 100.0], [0.0, 0.0, 1.0]], "bev": "bev_6d32f67b3307453aae7b942c91b7b9e8.png", "aux": "aux_6d32f67b3307453aae7b942c91b7b9e8.npz", "visibility": "visibility_6d32f67b3307453aae7b942c91b7b9e8.png", "pose": [[-0.4279525876045227, 0.9038012027740479, 0.0, 461.7293701171875], [-0.9038012027740479, -0.4279525876045227, 0.0, 1297.0218505859375], [0.0, 0.0, 1.0, 0.0], [0.0, 0.0, 0.0, 1.0]], "pose_inverse": [[-0.4279525876045227, -0.9038012027740479, 0.0, 1369.84814453125], [0.9038012027740479, -0.4279525876045227, 0.0, 137.7523193359375], [0.0, 0.0, 1.0, 0.0], [0.0, 0.0, 0.0, 1.0]], "cam_ids": [0, 1, 2, 3, 4, 5], "cam_channels": ["CAM_FRONT_LEFT", "CAM_FRONT", "CAM_FRONT_RIGHT", "CAM_BACK_LEFT", "CAM_BACK", "CAM_BACK_RIGHT"], "token": "6d32f67b3307453aae7b942c91b7b9e8", "scene": "scene-0274"}, {"images": ["samples/CAM_FRONT_LEFT/n015-2018-07-11-11-54-16+0800__CAM_FRONT_LEFT__1531281838254844.jpg", "samples/CAM_FRONT/n015-2018-07-11-11-54-16+0800__CAM_FRONT__1531281838262460.jpg", "samples/CAM_FRONT_RIGHT/n015-2018-07-11-11-54-16+0800__CAM_FRONT_RIGHT__1531281838270339.jpg", "samples/CAM_BACK_LEFT/n015-2018-07-11-11-54-16+0800__CAM_BACK_LEFT__1531281838297423.jpg", "samples/CAM_BACK/n015-2018-07-11-11-54-16+0800__CAM_BACK__1531281838287525.jpg", "samples/CAM_BACK_RIGHT/n015-2018-07-11-11-54-16+0800__CAM_BACK_RIGHT__1531281838277893.jpg"], "intrinsics": [[[1272.5979470598488, 0.0, 826.6154927353808], [0.0, 1272.5979470598488, 479.75165386361925], [0.0, 0.0, 1.0]], [[1266.417203046554, 0.0, 816.2670197447984], [0.0, 1266.417203046554, 491.50706579294757], [0.0, 0.0, 1.0]], [[1260.8474446004698, 0.0, 807.968244525554], [0.0, 1260.8474446004698, 495.3344268742088], [0.0, 0.0, 1.0]], [[1256.7414812095406, 0.0, 792.1125740759628], [0.0, 1256.7414812095406, 492.7757465151356], [0.0, 0.0, 1.0]], [[809.2209905677063, 0.0, 829.2196003259838], [0.0, 809.2209905677063, 481.77842384512485], [0.0, 0.0, 1.0]], [[1259.5137405846733, 0.0, 807.2529053838625], [0.0, 1259.5137405846733, 501.19579884916527], [0.0, 0.0, 1.0]]], "extrinsics": [[[0.8213903307914734, -0.5698615908622742, 0.023993751034140587, -0.7236328125], [-0.006500050891190767, -0.05141701176762581, -0.9986560940742493, 1.5063743591308594], [0.570329487323761, 0.820130467414856, -0.045937567949295044, -1.11346435546875], [0.0, 0.0, 0.0, 1.0]], [[0.006791647057980299, -0.9984424710273743, 0.05537504702806473, 0.00727081298828125], [-0.011717751622200012, -0.05545198917388916, -0.9983925819396973, 1.5177173614501953], [0.9999083280563354, 0.006131852511316538, -0.012076110579073429, -1.449462890625], [0.0, 0.0, 0.0, 1.0]], [[-0.8323895931243896, -0.5535715222358704, 0.026197092607617378, 0.8739013671875], [-0.006036314647644758, -0.03821171820163727, -0.9992513656616211, 1.502511978149414], [0.554158091545105, -0.831924557685852, 0.028465505689382553, -1.142578125], [0.0, 0.0, 0.0, 1.0]], [[0.9475008249282837, 0.31918662786483765, -0.019028039649128914, -1.131591796875], [0.0030016684904694557, -0.06838473677635193, -0.9976544380187988, 1.5885868072509766], [-0.3197392225265503, 0.9452214241027832, -0.06575267761945724, -0.10723876953125], [0.0, 0.0, 0.0, 1.0]], [[0.0014841947704553604, 0.9982867240905762, -0.058493781834840775, 0.0027618408203125], [-0.022558286786079407, -0.05844553932547569, -0.9980356693267822, 1.5776329040527344], [-0.9997444152832031, 0.002800798276439309, 0.02243289165198803, -0.074951171875], [0.0, 0.0, 0.0, 1.0]], [[-0.9351750612258911, 0.3533327877521515, -0.0245665293186903, 1.004638671875], [0.009935558773577213, -0.04316308721899986, -0.9990186095237732, 1.5528578758239746], [-0.35404643416404724, -0.9345013499259949, 0.03685448691248894, -0.11322021484375], [0.0, 0.0, 0.0, 1.0]]], "view": [[0.0, -2.0, 100.0], [-2.0, 0.0, 100.0], [0.0, 0.0, 1.0]], "bev": "bev_d6f9027a85474ee4bbd4103cc7619f4f.png", "aux": "aux_d6f9027a85474ee4bbd4103cc7619f4f.npz", "visibility": "visibility_d6f9027a85474ee4bbd4103cc7619f4f.png", "pose": [[-0.4253025949001312, 0.9050512313842773, 0.0, 460.2942810058594], [-0.9050512313842773, -0.4253025949001312, 0.0, 1293.985595703125], [0.0, 0.0, 1.0, 0.0], [0.0, 0.0, 0.0, 1.0]], "pose_inverse": [[-0.4253025949001312, -0.9050512313842773, 0.0, 1366.8875732421875], [0.9050512313842773, -0.4253025949001312, 0.0, 133.74551391601562], [0.0, 0.0, 1.0, 0.0], [0.0, 0.0, 0.0, 1.0]], "cam_ids": [0, 1, 2, 3, 4, 5], "cam_channels": ["CAM_FRONT_LEFT", "CAM_FRONT", "CAM_FRONT_RIGHT", "CAM_BACK_LEFT", "CAM_BACK", "CAM_BACK_RIGHT"], "token": "d6f9027a85474ee4bbd4103cc7619f4f", "scene": "scene-0274"}, {"images": ["samples/CAM_FRONT_LEFT/n015-2018-07-11-11-54-16+0800__CAM_FRONT_LEFT__1531281838754844.jpg", "samples/CAM_FRONT/n015-2018-07-11-11-54-16+0800__CAM_FRONT__1531281838762460.jpg", "samples/CAM_FRONT_RIGHT/n015-2018-07-11-11-54-16+0800__CAM_FRONT_RIGHT__1531281838770339.jpg", "samples/CAM_BACK_LEFT/n015-2018-07-11-11-54-16+0800__CAM_BACK_LEFT__1531281838797423.jpg", "samples/CAM_BACK/n015-2018-07-11-11-54-16+0800__CAM_BACK__1531281838787525.jpg", "samples/CAM_BACK_RIGHT/n015-2018-07-11-11-54-16+0800__CAM_BACK_RIGHT__1531281838777893.jpg"], "intrinsics": [[[1272.5979470598488, 0.0, 826.6154927353808], [0.0, 1272.5979470598488, 479.75165386361925], [0.0, 0.0, 1.0]], [[1266.417203046554, 0.0, 816.2670197447984], [0.0, 1266.417203046554, 491.50706579294757], [0.0, 0.0, 1.0]], [[1260.8474446004698, 0.0, 807.968244525554], [0.0, 1260.8474446004698, 495.3344268742088], [0.0, 0.0, 1.0]], [[1256.7414812095406, 0.0, 792.1125740759628], [0.0, 1256.7414812095406, 492.7757465151356], [0.0, 0.0, 1.0]], [[809.2209905677063, 0.0, 829.2196003259838], [0.0, 809.2209905677063, 481.77842384512485], [0.0, 0.0, 1.0]], [[1259.5137405846733, 0.0, 807.2529053838625], [0.0, 1259.5137405846733, 501.19579884916527], [0.0, 0.0, 1.0]]], "extrinsics": [[[0.8212231397628784, -0.5701228976249695, 0.023505067452788353, -0.7164306640625], [-0.005574255716055632, -0.049206823110580444, -0.9987730383872986, 1.5065650939941406], [0.5705799460411072, 0.8200844526290894, -0.04358779266476631, -1.1075439453125], [0.0, 0.0, 0.0, 1.0]], [[0.006530418526381254, -0.9985652565956116, 0.053147681057453156, 0.0068206787109375], [-0.01099796686321497, -0.0532173253595829, -0.9985224008560181, 1.5177726745605469], [0.9999181628227234, 0.005936337169259787, -0.01132972165942192, -1.44140625], [0.0, 0.0, 0.0, 1.0]], [[-0.8325080275535583, -0.5534693002700806, 0.02453722432255745, 0.8675537109375], [-0.005535333417356014, -0.035978060215711594, -0.9993371963500977, 1.5025501251220703], [0.5539852976799011, -0.8320921063423157, 0.02688838727772236, -1.13909912109375], [0.0, 0.0, 0.0, 1.0]], [[0.9475074410438538, 0.31918349862098694, -0.018748166039586067, -1.128662109375], [0.002565486589446664, -0.06622449308633804, -0.9978014230728149, 1.5885930061340332], [-0.31972330808639526, 0.9453762173652649, -0.06356706470251083, -0.108306884765625], [0.0, 0.0, 0.0, 1.0]], [[0.0015870563220232725, 0.9984133839607239, -0.056286610662937164, 0.0030059814453125], [-0.02263343706727028, -0.056236401200294495, -0.9981608986854553, 1.5775146484375], [-0.9997425079345703, 0.0028581605292856693, 0.022508272901177406, -0.07958984375], [0.0, 0.0, 0.0, 1.0]], [[-0.9351117014884949, 0.3535377085208893, -0.024025743827223778, 0.999267578125], [0.010194306261837482, -0.0409335233271122, -0.9991098642349243, 1.5529460906982422], [-0.35420653223991394, -0.9345241785049438, 0.03467334061861038, -0.11553955078125], [0.0, 0.0, 0.0, 1.0]]], "view": [[0.0, -2.0, 100.0], [-2.0, 0.0, 100.0], [0.0, 0.0, 1.0]], "bev": "bev_573172be3eda4aae94e875fe4403c57b.png", "aux": "aux_573172be3eda4aae94e875fe4403c57b.npz", "visibility": "visibility_573172be3eda4aae94e875fe4403c57b.png", "pose": [[-0.4294191896915436, 0.9031052589416504, 0.0, 458.8570556640625], [-0.9031052589416504, -0.4294191896915436, 0.0, 1290.9510498046875], [0.0, 0.0, 1.0, 0.0], [0.0, 0.0, 0.0, 1.0]], "pose_inverse": [[-0.4294191896915436, -0.9031052589416504, 0.0, 1362.90673828125], [0.9031052589416504, -0.4294191896915436, 0.0, 139.9629364013672], [0.0, 0.0, 1.0, 0.0], [0.0, 0.0, 0.0, 1.0]], "cam_ids": [0, 1, 2, 3, 4, 5], "cam_channels": ["CAM_FRONT_LEFT", "CAM_FRONT", "CAM_FRONT_RIGHT", "CAM_BACK_LEFT", "CAM_BACK", "CAM_BACK_RIGHT"], "token": "573172be3eda4aae94e875fe4403c57b", "scene": "scene-0274"}, {"images": ["samples/CAM_FRONT_LEFT/n015-2018-07-11-11-54-16+0800__CAM_FRONT_LEFT__1531281839254844.jpg", "samples/CAM_FRONT/n015-2018-07-11-11-54-16+0800__CAM_FRONT__1531281839262460.jpg", "samples/CAM_FRONT_RIGHT/n015-2018-07-11-11-54-16+0800__CAM_FRONT_RIGHT__1531281839270339.jpg", "samples/CAM_BACK_LEFT/n015-2018-07-11-11-54-16+0800__CAM_BACK_LEFT__1531281839297423.jpg", "samples/CAM_BACK/n015-2018-07-11-11-54-16+0800__CAM_BACK__1531281839287525.jpg", "samples/CAM_BACK_RIGHT/n015-2018-07-11-11-54-16+0800__CAM_BACK_RIGHT__1531281839277893.jpg"], "intrinsics": [[[1272.5979470598488, 0.0, 826.6154927353808], [0.0, 1272.5979470598488, 479.75165386361925], [0.0, 0.0, 1.0]], [[1266.417203046554, 0.0, 816.2670197447984], [0.0, 1266.417203046554, 491.50706579294757], [0.0, 0.0, 1.0]], [[1260.8474446004698, 0.0, 807.968244525554], [0.0, 1260.8474446004698, 495.3344268742088], [0.0, 0.0, 1.0]], [[1256.7414812095406, 0.0, 792.1125740759628], [0.0, 1256.7414812095406, 492.7757465151356], [0.0, 0.0, 1.0]], [[809.2209905677063, 0.0, 829.2196003259838], [0.0, 809.2209905677063, 481.77842384512485], [0.0, 0.0, 1.0]], [[1259.5137405846733, 0.0, 807.2529053838625], [0.0, 1259.5137405846733, 501.19579884916527], [0.0, 0.0, 1.0]]], "extrinsics": [[[0.8216022253036499, -0.5698291063308716, 0.016266604885458946, -0.71728515625], [-0.011049260385334492, -0.044447772204875946, -0.9989506006240845, 1.5049972534179688], [0.5699540972709656, 0.8205603361129761, -0.042814575135707855, -1.11029052734375], [0.0, 0.0, 0.0, 1.0]], [[0.007155236788094044, -0.9988033175468445, 0.048380717635154724, 0.0081634521484375], [-0.016280800104141235, -0.048491910099983215, -0.9986909031867981, 1.5165462493896484], [0.9998418688774109, 0.006358146667480469, -0.016608284786343575, -1.443359375], [0.0, 0.0, 0.0, 1.0]], [[-0.8322441577911377, -0.5537910461425781, 0.026176312938332558, 0.869873046875], [-0.010610941797494888, -0.031295422464609146, -0.9994538426399231, 1.5015983581542969], [0.554307758808136, -0.8320673108100891, 0.02016918733716011, -1.13922119140625], [0.0, 0.0, 0.0, 1.0]], [[0.947429895401001, 0.3192600905895233, -0.02120436541736126, -1.129638671875], [-0.0015849238261580467, -0.06158766150474548, -0.9981003999710083, 1.5885772705078125], [-0.3199595510959625, 0.9456638097763062, -0.05784398689866066, -0.1087646484375], [0.0, 0.0, 0.0, 1.0]], [[0.0012918978463858366, 0.9986631870269775, -0.05167467147111893, 0.002197265625], [-0.027138933539390564, -0.05162066966295242, -0.998297929763794, 1.5772209167480469], [-0.999630868434906, 0.0026921264361590147, 0.02703595906496048, -0.078369140625], [0.0, 0.0, 0.0, 1.0]], [[-0.9352613091468811, 0.3535076975822449, -0.017850814387202263, 1.0003662109375], [0.005357693415135145, -0.03628764674067497, -0.9993270039558411, 1.5522558689117432], [-0.35391753911972046, -0.9347275495529175, 0.032044440507888794, -0.1142578125], [0.0, 0.0, 0.0, 1.0]]], "view": [[0.0, -2.0, 100.0], [-2.0, 0.0, 100.0], [0.0, 0.0, 1.0]], "bev": "bev_3387d937c3864cdcaf0454542ebaa961.png", "aux": "aux_3387d937c3864cdcaf0454542ebaa961.npz", "visibility": "visibility_3387d937c3864cdcaf0454542ebaa961.png", "pose": [[-0.4340110421180725, 0.900907576084137, 0.0, 457.3866271972656], [-0.900907576084137, -0.4340110421180725, 0.0, 1287.900146484375], [0.0, 0.0, 1.0, 0.0], [0.0, 0.0, 0.0, 1.0]], "pose_inverse": [[-0.4340110421180725, -0.900907576084137, 0.0, 1358.789794921875], [0.900907576084137, -0.4340110421180725, 0.0, 146.89979553222656], [0.0, 0.0, 1.0, 0.0], [0.0, 0.0, 0.0, 1.0]], "cam_ids": [0, 1, 2, 3, 4, 5], "cam_channels": ["CAM_FRONT_LEFT", "CAM_FRONT", "CAM_FRONT_RIGHT", "CAM_BACK_LEFT", "CAM_BACK", "CAM_BACK_RIGHT"], "token": "3387d937c3864cdcaf0454542ebaa961", "scene": "scene-0274"}, {"images": ["samples/CAM_FRONT_LEFT/n015-2018-07-11-11-54-16+0800__CAM_FRONT_LEFT__1531281839654844.jpg", "samples/CAM_FRONT/n015-2018-07-11-11-54-16+0800__CAM_FRONT__1531281839662460.jpg", "samples/CAM_FRONT_RIGHT/n015-2018-07-11-11-54-16+0800__CAM_FRONT_RIGHT__1531281839670339.jpg", "samples/CAM_BACK_LEFT/n015-2018-07-11-11-54-16+0800__CAM_BACK_LEFT__1531281839697423.jpg", "samples/CAM_BACK/n015-2018-07-11-11-54-16+0800__CAM_BACK__1531281839687525.jpg", "samples/CAM_BACK_RIGHT/n015-2018-07-11-11-54-16+0800__CAM_BACK_RIGHT__1531281839677893.jpg"], "intrinsics": [[[1272.5979470598488, 0.0, 826.6154927353808], [0.0, 1272.5979470598488, 479.75165386361925], [0.0, 0.0, 1.0]], [[1266.417203046554, 0.0, 816.2670197447984], [0.0, 1266.417203046554, 491.50706579294757], [0.0, 0.0, 1.0]], [[1260.8474446004698, 0.0, 807.968244525554], [0.0, 1260.8474446004698, 495.3344268742088], [0.0, 0.0, 1.0]], [[1256.7414812095406, 0.0, 792.1125740759628], [0.0, 1256.7414812095406, 492.7757465151356], [0.0, 0.0, 1.0]], [[809.2209905677063, 0.0, 829.2196003259838], [0.0, 809.2209905677063, 481.77842384512485], [0.0, 0.0, 1.0]], [[1259.5137405846733, 0.0, 807.2529053838625], [0.0, 1259.5137405846733, 501.19579884916527], [0.0, 0.0, 1.0]]], "extrinsics": [[[0.8214892148971558, -0.5699961185455322, 0.016122005879878998, -0.7105712890625], [-0.009389603510499, -0.041790932416915894, -0.9990822076797485, 1.5054359436035156], [0.5701467394828796, 0.8205839395523071, -0.039682839065790176, -1.10614013671875], [0.0, 0.0, 0.0, 1.0]], [[0.006941267289221287, -0.9989287853240967, 0.04574846476316452, 0.008544921875], [-0.014666234143078327, -0.045846350491046906, -0.998840868473053, 1.5168590545654297], [0.9998683333396912, 0.006262299604713917, -0.014968756586313248, -1.4364013671875], [0.0, 0.0, 0.0, 1.0]], [[-0.8323485851287842, -0.5537588596343994, 0.02338601090013981, 0.864990234375], [-0.009033196605741978, -0.028634659945964813, -0.9995490908622742, 1.5018587112426758], [0.5541788339614868, -0.8321845531463623, 0.018831809982657433, -1.1357421875], [0.0, 0.0, 0.0, 1.0]], [[0.9475740790367126, 0.3189692497253418, -0.019026512280106544, -1.1322021484375], [-0.00016920770576689392, -0.05904325842857361, -0.9982554316520691, 1.5885329246520996], [-0.31953611969947815, 0.9459241032600403, -0.05589389428496361, -0.106658935546875], [0.0, 0.0, 0.0, 1.0]], [[0.0015759922098368406, 0.9987953901290894, -0.04904282093048096, 0.0025482177734375], [-0.025648100301623344, -0.048986371606588364, -0.99847012758255, 1.5772933959960938], [-0.9996697306632996, 0.002831444377079606, 0.025540001690387726, -0.07958984375], [0.0, 0.0, 0.0, 1.0]], [[-0.935198187828064, 0.35364800691604614, -0.01836487650871277, 0.9954833984375], [0.00690662395209074, -0.03363509848713875, -0.9994103312492371, 1.5525197982788086], [-0.3540571928024292, -0.9347736835479736, 0.029012976214289665, -0.1158447265625], [0.0, 0.0, 0.0, 1.0]]], "view": [[0.0, -2.0, 100.0], [-2.0, 0.0, 100.0], [0.0, 0.0, 1.0]], "bev": "bev_2bb8324710ae4fb1a000cdf7f1eb253c.png", "aux": "aux_2bb8324710ae4fb1a000cdf7f1eb253c.npz", "visibility": "visibility_2bb8324710ae4fb1a000cdf7f1eb253c.png", "pose": [[-0.4358897805213928, 0.9000000357627869, 0.0, 456.2030944824219], [-0.9000000357627869, -0.4358897805213928, 0.0, 1285.468017578125], [0.0, 0.0, 1.0, 0.0], [0.0, 0.0, 0.0, 1.0]], "pose_inverse": [[-0.4358897805213928, -0.9000000357627869, 0.0, 1355.7755126953125], [0.9000000357627869, -0.4358897805213928, 0.0, 149.73956298828125], [0.0, 0.0, 1.0, 0.0], [0.0, 0.0, 0.0, 1.0]], "cam_ids": [0, 1, 2, 3, 4, 5], "cam_channels": ["CAM_FRONT_LEFT", "CAM_FRONT", "CAM_FRONT_RIGHT", "CAM_BACK_LEFT", "CAM_BACK", "CAM_BACK_RIGHT"], "token": "2bb8324710ae4fb1a000cdf7f1eb253c", "scene": "scene-0274"}, {"images": ["samples/CAM_FRONT_LEFT/n015-2018-07-11-11-54-16+0800__CAM_FRONT_LEFT__1531281840154844.jpg", "samples/CAM_FRONT/n015-2018-07-11-11-54-16+0800__CAM_FRONT__1531281840162472.jpg", "samples/CAM_FRONT_RIGHT/n015-2018-07-11-11-54-16+0800__CAM_FRONT_RIGHT__1531281840170339.jpg", "samples/CAM_BACK_LEFT/n015-2018-07-11-11-54-16+0800__CAM_BACK_LEFT__1531281840197423.jpg", "samples/CAM_BACK/n015-2018-07-11-11-54-16+0800__CAM_BACK__1531281840187525.jpg", "samples/CAM_BACK_RIGHT/n015-2018-07-11-11-54-16+0800__CAM_BACK_RIGHT__1531281840177893.jpg"], "intrinsics": [[[1272.5979470598488, 0.0, 826.6154927353808], [0.0, 1272.5979470598488, 479.75165386361925], [0.0, 0.0, 1.0]], [[1266.417203046554, 0.0, 816.2670197447984], [0.0, 1266.417203046554, 491.50706579294757], [0.0, 0.0, 1.0]], [[1260.8474446004698, 0.0, 807.968244525554], [0.0, 1260.8474446004698, 495.3344268742088], [0.0, 0.0, 1.0]], [[1256.7414812095406, 0.0, 792.1125740759628], [0.0, 1256.7414812095406, 492.7757465151356], [0.0, 0.0, 1.0]], [[809.2209905677063, 0.0, 829.2196003259838], [0.0, 809.2209905677063, 481.77842384512485], [0.0, 0.0, 1.0]], [[1259.5137405846733, 0.0, 807.2529053838625], [0.0, 1259.5137405846733, 501.19579884916527], [0.0, 0.0, 1.0]]], "extrinsics": [[[0.8209345936775208, -0.5707137584686279, 0.01876452937722206, -0.6966552734375], [-0.00628705695271492, -0.04189306125044823, -0.9991022944450378, 1.506251335144043], [0.5709875822067261, 0.8200796842575073, -0.037979573011398315, -1.0950927734375], [0.0, 0.0, 0.0, 1.0]], [[0.006087105255573988, -0.9989274144172668, 0.04590116813778877, 0.0077362060546875], [-0.011715678498148918, -0.04597011208534241, -0.9988741278648376, 1.5174026489257812], [0.9999128580093384, 0.005542489234358072, -0.011982939206063747, -1.4212646484375], [0.0, 0.0, 0.0, 1.0]], [[-0.8327218294143677, -0.5532885193824768, 0.021121898666024208, 0.8541259765625], [-0.006228616461157799, -0.028784312307834625, -0.9995661973953247, 1.5023307800292969], [0.5536564588546753, -0.8324922323226929, 0.020523104816675186, -1.12933349609375], [0.0, 0.0, 0.0, 1.0]], [[0.9475535750389099, 0.3191421329975128, -0.017042670398950577, -1.123291015625], [0.00198059412650764, -0.05918828770518303, -0.9982448816299438, 1.588602066040039], [-0.3195907175540924, 0.9458567500114441, -0.05671616643667221, -0.110198974609375], [0.0, 0.0, 0.0, 1.0]], [[0.0018214418087154627, 0.9987877011299133, -0.04919055476784706, 0.0025482177734375], [-0.023267675191164017, -0.0491349883377552, -0.998521089553833, 1.5772552490234375], [-0.9997276067733765, 0.0029633084777742624, 0.023149976506829262, -0.089111328125], [0.0, 0.0, 0.0, 1.0]], [[-0.9350013732910156, 0.35402876138687134, -0.02087986283004284, 0.986083984375], [0.009525268338620663, -0.03378498554229736, -0.9993837475776672, 1.552994728088379], [-0.354515939950943, -0.9346241354942322, 0.02821679599583149, -0.1199951171875], [0.0, 0.0, 0.0, 1.0]]], "view": [[0.0, -2.0, 100.0], [-2.0, 0.0, 100.0], [0.0, 0.0, 1.0]], "bev": "bev_34cf97ab4d6b452d862ae6c8374f7ee9.png", "aux": "aux_34cf97ab4d6b452d862ae6c8374f7ee9.npz", "visibility": "visibility_34cf97ab4d6b452d862ae6c8374f7ee9.png", "pose": [[-0.435223251581192, 0.9003225564956665, 0.0, 454.66497802734375], [-0.9003225564956665, -0.435223251581192, 0.0, 1282.3125], [0.0, 0.0, 1.0, 0.0], [0.0, 0.0, 0.0, 1.0]], "pose_inverse": [[-0.435223251581192, -0.9003225564956665, 0.0, 1352.3756103515625], [0.9003225564956665, -0.435223251581192, 0.0, 148.74708557128906], [0.0, 0.0, 1.0, 0.0], [0.0, 0.0, 0.0, 1.0]], "cam_ids": [0, 1, 2, 3, 4, 5], "cam_channels": ["CAM_FRONT_LEFT", "CAM_FRONT", "CAM_FRONT_RIGHT", "CAM_BACK_LEFT", "CAM_BACK", "CAM_BACK_RIGHT"], "token": "34cf97ab4d6b452d862ae6c8374f7ee9", "scene": "scene-0274"}, {"images": ["samples/CAM_FRONT_LEFT/n015-2018-07-11-11-54-16+0800__CAM_FRONT_LEFT__1531281840654844.jpg", "samples/CAM_FRONT/n015-2018-07-11-11-54-16+0800__CAM_FRONT__1531281840662460.jpg", "samples/CAM_FRONT_RIGHT/n015-2018-07-11-11-54-16+0800__CAM_FRONT_RIGHT__1531281840670339.jpg", "samples/CAM_BACK_LEFT/n015-2018-07-11-11-54-16+0800__CAM_BACK_LEFT__1531281840697423.jpg", "samples/CAM_BACK/n015-2018-07-11-11-54-16+0800__CAM_BACK__1531281840687525.jpg", "samples/CAM_BACK_RIGHT/n015-2018-07-11-11-54-16+0800__CAM_BACK_RIGHT__1531281840677893.jpg"], "intrinsics": [[[1272.5979470598488, 0.0, 826.6154927353808], [0.0, 1272.5979470598488, 479.75165386361925], [0.0, 0.0, 1.0]], [[1266.417203046554, 0.0, 816.2670197447984], [0.0, 1266.417203046554, 491.50706579294757], [0.0, 0.0, 1.0]], [[1260.8474446004698, 0.0, 807.968244525554], [0.0, 1260.8474446004698, 495.3344268742088], [0.0, 0.0, 1.0]], [[1256.7414812095406, 0.0, 792.1125740759628], [0.0, 1256.7414812095406, 492.7757465151356], [0.0, 0.0, 1.0]], [[809.2209905677063, 0.0, 829.2196003259838], [0.0, 809.2209905677063, 481.77842384512485], [0.0, 0.0, 1.0]], [[1259.5137405846733, 0.0, 807.2529053838625], [0.0, 1259.5137405846733, 501.19579884916527], [0.0, 0.0, 1.0]]], "extrinsics": [[[0.8197917342185974, -0.5723692774772644, 0.018297182396054268, -0.6922607421875], [-0.00600452208891511, -0.04054071754217148, -0.9991598129272461, 1.5063743591308594], [0.5726302266120911, 0.8189932107925415, -0.036671750247478485, -1.0931396484375], [0.0, 0.0, 0.0, 1.0]], [[0.004447899293154478, -0.9989928603172302, 0.04464678466320038, 0.008758544921875], [-0.011163627728819847, -0.04469405114650726, -0.9989383816719055, 1.5175666809082031], [0.9999276995658875, 0.003944794647395611, -0.011351183988153934, -1.4168701171875], [0.0, 0.0, 0.0, 1.0]], [[-0.8334447145462036, -0.5522502064704895, 0.01973595656454563, 0.85205078125], [-0.005367453675717115, -0.027622733265161514, -0.9996039867401123, 1.502528190612793], [0.5525766611099243, -0.8332206606864929, 0.02005784772336483, -1.1268310546875], [0.0, 0.0, 0.0, 1.0]], [[0.9476257562637329, 0.3190270960330963, -0.0150692667812109, -1.1240234375], [0.0038249031640589237, -0.05851512402296066, -0.9982792139053345, 1.5886491537094116], [-0.3193599283695221, 0.94593745470047, -0.056670695543289185, -0.11016845703125], [0.0, 0.0, 0.0, 1.0]], [[0.0024394781794399023, 0.998826801776886, -0.0483655110001564, 0.002197265625], [-0.02179902419447899, 