[{"images": ["samples/CAM_FRONT_LEFT/n015-2018-08-02-17-28-51+0800__CAM_FRONT_LEFT__1533202668604844.jpg", "samples/CAM_FRONT/n015-2018-08-02-17-28-51+0800__CAM_FRONT__1533202668612460.jpg", "samples/CAM_FRONT_RIGHT/n015-2018-08-02-17-28-51+0800__CAM_FRONT_RIGHT__1533202668620339.jpg", "samples/CAM_BACK_LEFT/n015-2018-08-02-17-28-51+0800__CAM_BACK_LEFT__1533202668647423.jpg", "samples/CAM_BACK/n015-2018-08-02-17-28-51+0800__CAM_BACK__1533202668637525.jpg", "samples/CAM_BACK_RIGHT/n015-2018-08-02-17-28-51+0800__CAM_BACK_RIGHT__1533202668627893.jpg"], "intrinsics": [[[1272.5979470598488, 0.0, 826.6154927353808], [0.0, 1272.5979470598488, 479.75165386361925], [0.0, 0.0, 1.0]], [[1266.417203046554, 0.0, 816.2670197447984], [0.0, 1266.417203046554, 491.50706579294757], [0.0, 0.0, 1.0]], [[1260.8474446004698, 0.0, 807.968244525554], [0.0, 1260.8474446004698, 495.3344268742088], [0.0, 0.0, 1.0]], [[1256.7414812095406, 0.0, 792.1125740759628], [0.0, 1256.7414812095406, 492.7757465151356], [0.0, 0.0, 1.0]], [[809.2209905677063, 0.0, 829.2196003259838], [0.0, 809.2209905677063, 481.77842384512485], [0.0, 0.0, 1.0]], [[1259.5137405846733, 0.0, 807.2529053838625], [0.0, 1259.5137405846733, 501.19579884916527], [0.0, 0.0, 1.0]]], "extrinsics": [[[0.8208222389221191, -0.5710100531578064, 0.014077100902795792, -0.96484375], [0.000876363948918879, -0.02338646538555622, -0.9997261166572571, 1.5082467794418335], [0.5711828470230103, 0.8206098675727844, -0.01869571954011917, -1.2801513671875], [0.0, 0.0, 0.0, 1.0]], [[0.005791693460196257, -0.9996074438095093, 0.027411261573433876, 0.005035400390625], [-0.004404969047755003, -0.027436960488557816, -0.999613881111145, 1.5205321311950684], [0.9999735355377197, 0.005668718833476305, -0.004562146496027708, -1.6922607421875], [0.0, 0.0, 0.0, 1.0]], [[-0.8328583240509033, -0.5534668564796448, 0.004628518130630255, 1.0323486328125], [0.001233138027600944, -0.010217959992587566, -0.9999470114707947, 1.5036450624465942], [0.5534847974777222, -0.8328085541725159, 0.009192616678774357, -1.24871826171875], [0.0, 0.0, 0.0, 1.0]], [[0.9477205276489258, 0.31908178329467773, -0.003552872221916914, -1.1422119140625], [0.009906092658638954, -0.04054754972457886, -0.9991284608840942, 1.5885562896728516], [-0.3189477324485779, 0.9468594789505005, -0.04158860072493553, -0.1036834716796875], [0.0, 0.0, 0.0, 1.0]], [[0.0023182628210633993, 0.9995296001434326, -0.03058343566954136, 0.0027923583984375], [-0.015510054305195808, -0.030543899163603783, -0.9994130730628967, 1.5793590545654297], [-0.9998769760131836, 0.0027912587393075228, 0.015431947074830532, 0.001708984375], [0.0, 0.0, 0.0, 1.0]], [[-0.9347996115684509, 0.35453012585639954, -0.021402131766080856, 1.13623046875], [0.01711665838956833, -0.015219787135720253, -0.9997376203536987, 1.5514507293701172], [-0.3547629117965698, -0.9349206686019897, 0.00815907958894968, -0.06365966796875], [0.0, 0.0, 0.0, 1.0]]], "view": [[0.0, -2.0, 100.0], [-2.0, 0.0, 100.0], [0.0, 0.0, 1.0]], "bev": "bev_aef432bdd6004dbc847cfb4e6172663d.png", "aux": "aux_aef432bdd6004dbc847cfb4e6172663d.npz", "visibility": "visibility_aef432bdd6004dbc847cfb4e6172663d.png", "pose": [[-0.42828020453453064, 0.9036459922790527, 0.0, 385.5610656738281], [-0.9036459922790527, -0.42828020453453064, 0.0, 1133.5523681640625], [0.0, 0.0, 1.0, 0.0], [0.0, 0.0, 0.0, 1.0]], "pose_inverse": [[-0.42828020453453064, -0.9036459922790527, 0.0, 1189.458251953125], [0.9036459922790527, -0.42828020453453064, 0.0, 137.0673370361328], [0.0, 0.0, 1.0, 0.0], [0.0, 0.0, 0.0, 1.0]], "cam_ids": [0, 1, 2, 3, 4, 5], "cam_channels": ["CAM_FRONT_LEFT", "CAM_FRONT", "CAM_FRONT_RIGHT", "CAM_BACK_LEFT", "CAM_BACK", "CAM_BACK_RIGHT"], "token": "aef432bdd6004dbc847cfb4e6172663d", "scene": "scene-0358"}, {"images": ["samples/CAM_FRONT_LEFT/n015-2018-08-02-17-28-51+0800__CAM_FRONT_LEFT__1533202669104844.jpg", "samples/CAM_FRONT/n015-2018-08-02-17-28-51+0800__CAM_FRONT__1533202669112460.jpg", "samples/CAM_FRONT_RIGHT/n015-2018-08-02-17-28-51+0800__CAM_FRONT_RIGHT__1533202669120339.jpg", "samples/CAM_BACK_LEFT/n015-2018-08-02-17-28-51+0800__CAM_BACK_LEFT__1533202669147423.jpg", "samples/CAM_BACK/n015-2018-08-02-17-28-51+0800__CAM_BACK__1533202669137525.jpg", "samples/CAM_BACK_RIGHT/n015-2018-08-02-17-28-51+0800__CAM_BACK_RIGHT__1533202669127893.jpg"], "intrinsics": [[[1272.5979470598488, 0.0, 826.6154927353808], [0.0, 1272.5979470598488, 479.75165386361925], [0.0, 0.0, 1.0]], [[1266.417203046554, 0.0, 816.2670197447984], [0.0, 1266.417203046554, 491.50706579294757], [0.0, 0.0, 1.0]], [[1260.8474446004698, 0.0, 807.968244525554], [0.0, 1260.8474446004698, 495.3344268742088], [0.0, 0.0, 1.0]], [[1256.7414812095406, 0.0, 792.1125740759628], [0.0, 1256.7414812095406, 492.7757465151356], [0.0, 0.0, 1.0]], [[809.2209905677063, 0.0, 829.2196003259838], [0.0, 809.2209905677063, 481.77842384512485], [0.0, 0.0, 1.0]], [[1259.5137405846733, 0.0, 807.2529053838625], [0.0, 1259.5137405846733, 501.19579884916527], [0.0, 0.0, 1.0]]], "extrinsics": [[[0.8208125233650208, -0.5710259079933167, 0.014007804915308952, -0.96490478515625], [0.0008719159523025155, -0.023270970210433006, -0.999728798866272, 1.5082484483718872], [0.5711970329284668, 0.8206021189689636, -0.018603214994072914, -1.28021240234375], [0.0, 0.0, 0.0, 1.0]], [[0.005776714533567429, -0.9996106028556824, 0.027299752458930016, 0.0050506591796875], [-0.0044168876484036446, -0.027325451374053955, -0.9996168613433838, 1.5205321311950684], [0.9999735951423645, 0.005653910338878632, -0.0045730192214250565, -1.6922607421875], [0.0, 0.0, 0.0, 1.0]], [[-0.8328655958175659, -0.5534563660621643, 0.004585144575685263, 1.0323486328125], [0.0012132928241044283, -0.010109951719641685, -0.9999480843544006, 1.5036450624465942], [0.5534740090370178, -0.8328168392181396, 0.009091737680137157, -1.24871826171875], [0.0, 0.0, 0.0, 1.0]], [[0.9477211236953735, 0.31908008456230164, -0.00353519176132977, -1.14208984375], [0.009892581962049007, -0.04045233130455017, -0.999132513999939, 1.5885553359985352], [-0.3189462721347809, 0.9468640685081482, -0.04149405658245087, -0.1037139892578125], [0.0, 0.0, 0.0, 1.0]], [[0.0023234672844409943, 0.9995326995849609, -0.030481193214654922, 0.0027618408203125], [-0.015532483346760273, -0.03044152446091175, -0.9994158744812012, 1.5793571472167969], [-0.9998766779899597, 0.0027954792603850365, 0.015454495325684547, 0.0018310546875], [0.0, 0.0, 0.0, 1.0]], [[-0.9347965121269226, 0.354542076587677, -0.021341362968087196, 1.1361083984375], [0.017094574868679047, -0.015106421895325184, -0.9997397065162659, 1.5514469146728516], [-0.3547721803188324, -0.9349180459976196, 0.008060682564973831, -0.06365966796875], [0.0, 0.0, 0.0, 1.0]]], "view": [[0.0, -2.0, 100.0], [-2.0, 0.0, 100.0], [0.0, 0.0, 1.0]], "bev": "bev_432c0c00ecae45a886313b4457f98399.png", "aux": "aux_432c0c00ecae45a886313b4457f98399.npz", "visibility": "visibility_432c0c00ecae45a886313b4457f98399.png", "pose": [[-0.42826738953590393, 0.9036520719528198, 0.0, 385.5610656738281], [-0.9036520719528198, -0.42826738953590393, 0.0, 1133.5523681640625], [0.0, 0.0, 1.0, 0.0], [0.0, 0.0, 0.0, 1.0]], "pose_inverse": [[-0.42826738953590393, -0.9036520719528198, 0.0, 1189.460205078125], [0.9036520719528198, -0.42826738953590393, 0.0, 137.0504608154297], [0.0, 0.0, 1.0, 0.0], [0.0, 0.0, 0.0, 1.0]], "cam_ids": [0, 1, 2, 3, 4, 5], "cam_channels": ["CAM_FRONT_LEFT", "CAM_FRONT", "CAM_FRONT_RIGHT", "CAM_BACK_LEFT", "CAM_BACK", "CAM_BACK_RIGHT"], "token": "432c0c00ecae45a886313b4457f98399", "scene": "scene-0358"}, {"images": ["samples/CAM_FRONT_LEFT/n015-2018-08-02-17-28-51+0800__CAM_FRONT_LEFT__1533202669654844.jpg", "samples/CAM_FRONT/n015-2018-08-02-17-28-51+0800__CAM_FRONT__1533202669662469.jpg", "samples/CAM_FRONT_RIGHT/n015-2018-08-02-17-28-51+0800__CAM_FRONT_RIGHT__1533202669670339.jpg", "samples/CAM_BACK_LEFT/n015-2018-08-02-17-28-51+0800__CAM_BACK_LEFT__1533202669697423.jpg", "samples/CAM_BACK/n015-2018-08-02-17-28-51+0800__CAM_BACK__1533202669687540.jpg", "samples/CAM_BACK_RIGHT/n015-2018-08-02-17-28-51+0800__CAM_BACK_RIGHT__1533202669677893.jpg"], "intrinsics": [[[1272.5979470598488, 0.0, 826.6154927353808], [0.0, 1272.5979470598488, 479.75165386361925], [0.0, 0.0, 1.0]], [[1266.417203046554, 0.0, 816.2670197447984], [0.0, 1266.417203046554, 491.50706579294757], [0.0, 0.0, 1.0]], [[1260.8474446004698, 0.0, 807.968244525554], [0.0, 1260.8474446004698, 495.3344268742088], [0.0, 0.0, 1.0]], [[1256.7414812095406, 0.0, 792.1125740759628], [0.0, 1256.7414812095406, 492.7757465151356], [0.0, 0.0, 1.0]], [[809.2209905677063, 0.0, 829.2196003259838], [0.0, 809.2209905677063, 481.77842384512485], [0.0, 0.0, 1.0]], [[1259.5137405846733, 0.0, 807.2529053838625], [0.0, 1259.5137405846733, 501.19579884916527], [0.0, 0.0, 1.0]]], "extrinsics": [[[0.8208281993865967, -0.5710012912750244, 0.014093389734625816, -0.96490478515625], [0.0009243190288543701, -0.023346422240138054, -0.9997270107269287, 1.50824773311615], [0.5711743235588074, 0.820617139339447, -0.018635613843798637, -1.28009033203125], [0.0, 0.0, 0.0, 1.0]], [[0.0057978760451078415, -0.9996083974838257, 0.027372263371944427, 0.0051116943359375], [-0.004371349234133959, -0.027397802099585533, -0.9996150732040405, 1.5205330848693848], [0.9999736547470093, 0.005676025990396738, -0.004528488032519817, -1.6923828125], [0.0, 0.0, 0.0, 1.0]], [[-0.8328550457954407, -0.5534721612930298, 0.0045836749486625195, 1.0323486328125], [0.0012685243273153901, -0.010190087370574474, -0.9999472498893738, 1.5036438703536987], [0.5534896850585938, -0.832805335521698, 0.009188959375023842, -1.24871826171875], [0.0, 0.0, 0.0, 1.0]], [[0.9477181434631348, 0.319089412689209, -0.0034891320392489433, -1.1422119140625], [0.009975356049835682, -0.04055262729525566, -0.9991275668144226, 1.5885562896728516], [-0.3189525306224823, 0.9468566179275513, -0.04161549359560013, -0.1037139892578125], [0.0, 0.0, 0.0, 1.0]], [[0.0023151778150349855, 0.9995296597480774, -0.030579885467886925, 0.0027923583984375], [-0.015445803292095661, -0.030540574342012405, -0.9994142055511475, 1.5793590545654297], [-0.9998779296875, 0.0027861744165420532, 0.015367831103503704, 0.001708984375], [0.0, 0.0, 0.0, 1.0]], [[-0.9348001480102539, 0.3545260429382324, -0.02144714444875717, 1.1363525390625], [0.017171518877148628, -0.015202171169221401, -0.9997369647026062, 1.55145263671875], [-0.3547588288784027, -0.9349225163459778, 0.008123241364955902, -0.0635986328125], [0.0, 0.0, 0.0, 1.0]]], "view": [[0.0, -2.0, 100.0], [-2.0, 0.0, 100.0], [0.0, 0.0, 1.0]], "bev": "bev_01ff43ef29ea43bc9c8f0de34f0e6572.png", "aux": "aux_01ff43ef29ea43bc9c8f0de34f0e6572.npz", "visibility": "visibility_01ff43ef29ea43bc9c8f0de34f0e6572.png", "pose": [[-0.428261935710907, 0.9036546349525452, 0.0, 385.5610656738281], [-0.9036546349525452, -0.428261935710907, 0.0, 1133.5523681640625], [0.0, 0.0, 1.0, 0.0], [0.0, 0.0, 0.0, 1.0]], "pose_inverse": [[-0.428261935710907, -0.9036546349525452, 0.0, 1189.4609375], [0.9036546349525452, -0.428261935710907, 0.0, 137.04327392578125], [0.0, 0.0, 1.0, 0.0], [0.0, 0.0, 0.0, 1.0]], "cam_ids": [0, 1, 2, 3, 4, 5], "cam_channels": ["CAM_FRONT_LEFT", "CAM_FRONT", "CAM_FRONT_RIGHT", "CAM_BACK_LEFT", "CAM_BACK", "CAM_BACK_RIGHT"], "token": "01ff43ef29ea43bc9c8f0de34f0e6572", "scene": "scene-0358"}, {"images": ["samples/CAM_FRONT_LEFT/n015-2018-08-02-17-28-51+0800__CAM_FRONT_LEFT__1533202670154844.jpg", "samples/CAM_FRONT/n015-2018-08-02-17-28-51+0800__CAM_FRONT__1533202670162460.jpg", "samples/CAM_FRONT_RIGHT/n015-2018-08-02-17-28-51+0800__CAM_FRONT_RIGHT__1533202670170339.jpg", "samples/CAM_BACK_LEFT/n015-2018-08-02-17-28-51+0800__CAM_BACK_LEFT__1533202670197423.jpg", "samples/CAM_BACK/n015-2018-08-02-17-28-51+0800__CAM_BACK__1533202670187525.jpg", "samples/CAM_BACK_RIGHT/n015-2018-08-02-17-28-51+0800__CAM_BACK_RIGHT__1533202670177893.jpg"], "intrinsics": [[[1272.5979470598488, 0.0, 826.6154927353808], [0.0, 1272.5979470598488, 479.75165386361925], [0.0, 0.0, 1.0]], [[1266.417203046554, 0.0, 816.2670197447984], [0.0, 1266.417203046554, 491.50706579294757], [0.0, 0.0, 1.0]], [[1260.8474446004698, 0.0, 807.968244525554], [0.0, 1260.8474446004698, 495.3344268742088], [0.0, 0.0, 1.0]], [[1256.7414812095406, 0.0, 792.1125740759628], [0.0, 1256.7414812095406, 492.7757465151356], [0.0, 0.0, 1.0]], [[809.2209905677063, 0.0, 829.2196003259838], [0.0, 809.2209905677063, 481.77842384512485], [0.0, 0.0, 1.0]], [[1259.5137405846733, 0.0, 807.2529053838625], [0.0, 1259.5137405846733, 501.19579884916527], [0.0, 0.0, 1.0]]], "extrinsics": [[[0.8208163380622864, -0.5710181593894958, 0.014096839353442192, -0.9649658203125], [0.0009571543196216226, -0.023304609581828117, -0.9997279644012451, 1.50824773311615], [0.5711913108825684, 0.820606529712677, -0.01858225278556347, -1.2801513671875], [0.0, 0.0, 0.0, 1.0]], [[0.005785010755062103, -0.9996097087860107, 0.02732918970286846, 0.00506591796875], [-0.004347218666225672, -0.02735452726483345, -0.9996163249015808, 1.5205340385437012], [0.999973714351654, 0.0056639728136360645, -0.004503768403083086, -1.692138671875], [0.0, 0.0, 0.0, 1.0]], [[-0.8328602910041809, -0.553464412689209, 0.004554547369480133, 1.0323486328125], [0.0012699555372819304, -0.010139776393771172, -0.9999477863311768, 1.5036441087722778], [0.5534816980361938, -0.8328110575675964, 0.009147892706096172, -1.2486572265625], [0.0, 0.0, 0.0, 1.0]], [[0.9477197527885437, 0.3190845251083374, -0.0035196112003177404, -1.1422119140625], [0.009919751435518265, -0.040483616292476654, -0.99913090467453, 1.5885553359985352], [-0.31894969940185547, 0.946861207485199, -0.04153236001729965, -0.10369873046875], [0.0, 0.0, 0.0, 1.0]], [[0.002319536404684186, 0.9995318055152893, -0.030509833246469498, 0.0028228759765625], [-0.015495539642870426, -0.03047032654285431, -0.9994155168533325, 1.5793571472167969], [-0.9998772144317627, 0.0027909534983336926, 0.015417607501149178, 0.0018310546875], [0.0, 0.0, 0.0, 1.0]], [[-0.9347981810569763, 0.3545340597629547, -0.02140136994421482, 1.1361083984375], [0.017145488411188126, -0.015141569077968597, -0.9997383952140808, 1.5514545440673828], [-0.3547653257846832, -0.9349204897880554, 0.008075649850070477, -0.063720703125], [0.0, 0.0, 0.0, 1.0]]], "view": [[0.0, -2.0, 100.0], [-2.0, 0.0, 100.0], [0.0, 0.0, 1.0]], "bev": "bev_2d85f7d8477243d7ab6efd80feb750db.png", "aux": "aux_2d85f7d8477243d7ab6efd80feb750db.npz", "visibility": "visibility_2d85f7d8477243d7ab6efd80feb750db.png", "pose": [[-0.4282449781894684, 0.9036626815795898, 0.0, 385.5610656738281], [-0.9036626815795898, -0.4282449781894684, 0.0, 1133.5523681640625], [0.0, 0.0, 1.0, 0.0], [0.0, 0.0, 0.0, 1.0]], "pose_inverse": [[-0.4282449781894684, -0.9036626815795898, 0.0, 1189.4635009765625], [0.9036626815795898, -0.4282449781894684, 0.0, 137.02098083496094], [0.0, 0.0, 1.0, 0.0], [0.0, 0.0, 0.0, 1.0]], "cam_ids": [0, 1, 2, 3, 4, 5], "cam_channels": ["CAM_FRONT_LEFT", "CAM_FRONT", "CAM_FRONT_RIGHT", "CAM_BACK_LEFT", "CAM_BACK", "CAM_BACK_RIGHT"], "token": "2d85f7d8477243d7ab6efd80feb750db", "scene": "scene-0358"}, {"images": ["samples/CAM_FRONT_LEFT/n015-2018-08-02-17-28-51+0800__CAM_FRONT_LEFT__1533202670654844.jpg", "samples/CAM_FRONT/n015-2018-08-02-17-28-51+0800__CAM_FRONT__1533202670662460.jpg", "samples/CAM_FRONT_RIGHT/n015-2018-08-02-17-28-51+0800__CAM_FRONT_RIGHT__1533202670670339.jpg", "samples/CAM_BACK_LEFT/n015-2018-08-02-17-28-51+0800__CAM_BACK_LEFT__1533202670697423.jpg", "samples/CAM_BACK/n015-2018-08-02-17-28-51+0800__CAM_BACK__1533202670687525.jpg", "samples/CAM_BACK_RIGHT/n015-2018-08-02-17-28-51+0800__CAM_BACK_RIGHT__1533202670677893.jpg"], "intrinsics": [[[1272.5979470598488, 0.0, 826.6154927353808], [0.0, 1272.5979470598488, 479.75165386361925], [0.0, 0.0, 1.0]], [[1266.417203046554, 0.0, 816.2670197447984], [0.0, 1266.417203046554, 491.50706579294757], [0.0, 0.0, 1.0]], [[1260.8474446004698, 0.0, 807.968244525554], [0.0, 1260.8474446004698, 495.3344268742088], [0.0, 0.0, 1.0]], [[1256.7414812095406, 0.0, 792.1125740759628], [0.0, 1256.7414812095406, 492.7757465151356], [0.0, 0.0, 1.0]], [[809.2209905677063, 0.0, 829.2196003259838], [0.0, 809.2209905677063, 481.77842384512485], [0.0, 0.0, 1.0]], [[1259.5137405846733, 0.0, 807.2529053838625], [0.0, 1259.5137405846733, 501.19579884916527], [0.0, 0.0, 1.0]]], "extrinsics": [[[0.8208158016204834, -0.5710204839706421, 0.014036099426448345, -0.9649658203125], [0.0007954388274811208, -0.023430567234754562, -0.9997251629829407, 1.5082484483718872], [0.5711922645568848, 0.8206014037132263, -0.018777970224618912, -1.2801513671875], [0.0, 0.0, 0.0, 1.0]], [[0.005784163251519203, -0.9996061325073242, 0.027459729462862015, 0.0050506591796875], [-0.004495253320783377, -0.027485903352499008, -0.9996120929718018, 1.5205321311950684], [0.9999731779098511, 0.005658483132719994, -0.00465246569365263, -1.6922607421875], [0.0, 0.0, 0.0, 1.0]], [[-0.8328616619110107, -0.5534607768058777, 0.0047452920116484165, 1.0323486328125], [0.0011246423237025738, -0.01026578713208437, -0.999946653842926, 1.5036450624465942], [0.5534799695014954, -0.8328119516372681, 0.009172429330646992, -1.24871826171875], [0.0, 0.0, 0.0, 1.0]], [[0.9477219581604004, 0.319076269865036, -0.0036501793656498194, -1.1422119140625], [0.00981277134269476, -0.04057580232620239, -0.9991282224655151, 1.5885553359985352], [-0.3189462125301361, 0.9468600153923035, -0.04158560559153557, -0.103729248046875], [0.0, 0.0, 0.0, 1.0]], [[0.002320442348718643, 0.9995285272598267, -0.030617842450737953, 0.002777099609375], [-0.015607921406626701, -0.030577994883060455, -0.9994105696678162, 1.5793571472167969], [-0.9998754858970642, 0.002796989632770419, 0.015529608353972435, 0.001708984375], [0.0, 0.0, 0.0, 1.0]], [[-0.9348000884056091, 0.35453397035598755, -0.02131883054971695, 1.1363525390625], [0.0170122142881155, -0.015260160900652409, -0.999738872051239, 1.5514488220214844], [-0.3547666668891907, -0.9349185824394226, 0.008233790285885334, -0.063720703125], [0.0, 0.0, 0.0, 1.0]]], "view": [[0.0, -2.0, 100.0], [-2.0, 0.0, 100.0], [0.0, 0.0, 1.0]], "bev": "bev_729da3e7f4334e1fb6658f66b24616ed.png", "aux": "aux_729da3e7f4334e1fb6658f66b24616ed.npz", "visibility": "visibility_729da3e7f4334e1fb6658f66b24616ed.png", "pose": [[-0.4282490015029907, 0.903660774230957, 0.0, 385.5610656738281], [-0.903660774230957, -0.4282490015029907, 0.0, 1133.5523681640625], [0.0, 0.0, 1.0, 0.0], [0.0, 0.0, 0.0, 1.0]], "pose_inverse": [[-0.4282490015029907, -0.903660774230957, 0.0, 1189.462890625], [0.903660774230957, -0.4282490015029907, 0.0, 137.02626037597656], [0.0, 0.0, 1.0, 0.0], [0.0, 0.0, 0.0, 1.0]], "cam_ids": [0, 1, 2, 3, 4, 5], "cam_channels": ["CAM_FRONT_LEFT", "CAM_FRONT", "CAM_FRONT_RIGHT", "CAM_BACK_LEFT", "CAM_BACK", "CAM_BACK_RIGHT"], "token": "729da3e7f4334e1fb6658f66b24616ed", "scene": "scene-0358"}, {"images": ["samples/CAM_FRONT_LEFT/n015-2018-08-02-17-28-51+0800__CAM_FRONT_LEFT__1533202671154844.jpg", "samples/CAM_FRONT/n015-2018-08-02-17-28-51+0800__CAM_FRONT__1533202671162460.jpg", "samples/CAM_FRONT_RIGHT/n015-2018-08-02-17-28-51+0800__CAM_FRONT_RIGHT__1533202671170339.jpg", "samples/CAM_BACK_LEFT/n015-2018-08-02-17-28-51+0800__CAM_BACK_LEFT__1533202671197423.jpg", "samples/CAM_BACK/n015-2018-08-02-17-28-51+0800__CAM_BACK__1533202671187525.jpg", "samples/CAM_BACK_RIGHT/n015-2018-08-02-17-28-51+0800__CAM_BACK_RIGHT__1533202671177893.jpg"], "intrinsics": [[[1272.5979470598488, 0.0, 826.6154927353808], [0.0, 1272.5979470598488, 479.75165386361925], [0.0, 0.0, 1.0]], [[1266.417203046554, 0.0, 816.2670197447984], [0.0, 1266.417203046554, 491.50706579294757], [0.0, 0.0, 1.0]], [[1260.8474446004698, 0.0, 807.968244525554], [0.0, 1260.8474446004698, 495.3344268742088], [0.0, 0.0, 1.0]], [[1256.7414812095406, 0.0, 792.1125740759628], [0.0, 1256.7414812095406, 492.7757465151356], [0.0, 0.0, 1.0]], [[809.2209905677063, 0.0, 829.2196003259838], [0.0, 809.2209905677063, 481.77842384512485], [0.0, 0.0, 1.0]], [[1259.5137405846733, 0.0, 807.2529053838625], [0.0, 1259.5137405846733, 501.19579884916527], [0.0, 0.0, 1.0]]], "extrinsics": [[[0.8208295106887817, -0.5710017681121826, 0.01399573590606451, -0.96490478515625], [0.0008169289212673903, -0.023329809308052063, -0.9997274875640869, 1.5082484483718872], [0.5711726546287537, 0.8206172585487366, -0.018683329224586487, -1.2801513671875], [0.0, 0.0, 0.0, 1.0]], [[0.005803954321891069, -0.9996087551116943, 0.027358761057257652, 0.005096435546875], [-0.004489031620323658, -0.027384992688894272, -0.9996148943901062, 1.5205340385437012], [0.9999730587005615, 0.0056789410300552845, -0.004646216984838247, -1.692138671875], [0.0, 0.0, 0.0, 1.0]], [[-0.8328530788421631, -0.5534740686416626, 0.004694517236202955, 1.0323486328125], [0.0011286373483017087, -0.01017980556935072, -0.9999474883079529, 1.5036441087722778], [0.5534928441047668, -0.8328041434288025, 0.009102955460548401, -1.24871826171875], [0.0, 0.0, 0.0, 1.0]], [[0.9477182626724243, 0.31908729672431946, -0.00363564002327621, -1.14208984375], [0.009821131825447083, -0.040553610771894455, -0.999129056930542, 1.588557243347168], [-0.31895682215690613, 0.9468572735786438, -0.04156719893217087, -0.103668212890625], [0.0, 0.0, 0.0, 1.0]], [[0.002310022944584489, 0.999530017375946, -0.030565429478883743, 0.0027923583984375], [-0.015620575286448002, -0.03052571415901184, -0.9994118809700012, 1.5793571472167969], [-0.9998752474784851, 0.0027861385606229305, 0.015542719513177872, 0.0018310546875], [0.0, 0.0, 0.0, 1.0]], [[-0.9348041415214539, 0.3545248210430145, -0.021292278543114662, 1.13623046875], [0.017009904608130455, -0.015191636048257351, -0.9997398853302002, 1.5514507293701172], [-0.35475608706474304, -0.9349232316017151, 0.008170771412551403, -0.06353759765625], [0.0, 0.0, 0.0, 1.0]]], "view": [[0.0, -2.0, 100.0], [-2.0, 0.0, 100.0], [0.0, 0.0, 1.0]], "bev": "bev_349dae1f3f034d88a43274562d24cf99.png", "aux": "aux_349dae1f3f034d88a43274562d24cf99.npz", "visibility": "visibility_349dae1f3f034d88a43274562d24cf99.png", "pose": [[-0.4282739758491516, 0.9036489129066467, 0.0, 385.5610656738281], [-0.9036489129066467, -0.4282739758491516, 0.0, 1133.5523681640625], [0.0, 0.0, 1.0, 0.0], [0.0, 0.0, 0.0, 1.0]], "pose_inverse": [[-0.4282739758491516, -0.9036489129066467, 0.0, 1189.4591064453125], [0.9036489129066467, -0.4282739758491516, 0.0, 137.05914306640625], [0.0, 0.0, 1.0, 0.0], [0.0, 0.0, 0.0, 1.0]], "cam_ids": [0, 1, 2, 3, 4, 5], "cam_channels": ["CAM_FRONT_LEFT", "CAM_FRONT", "CAM_FRONT_RIGHT", "CAM_BACK_LEFT", "CAM_BACK", "CAM_BACK_RIGHT"], "token": "349dae1f3f034d88a43274562d24cf99", "scene": "scene-0358"}, {"images": ["samples/CAM_FRONT_LEFT/n015-2018-08-02-17-28-51+0800__CAM_FRONT_LEFT__1533202671654844.jpg", "samples/CAM_FRONT/n015-2018-08-02-17-28-51+0800__CAM_FRONT__1533202671662460.jpg", "samples/CAM_FRONT_RIGHT/n015-2018-08-02-17-28-51+0800__CAM_FRONT_RIGHT__1533202671670339.jpg", "samples/CAM_BACK_LEFT/n015-2018-08-02-17-28-51+0800__CAM_BACK_LEFT__1533202671697423.jpg", "samples/CAM_BACK/n015-2018-08-02-17-28-51+0800__CAM_BACK__1533202671687525.jpg", "samples/CAM_BACK_RIGHT/n015-2018-08-02-17-28-51+0800__CAM_BACK_RIGHT__1533202671677893.jpg"], "intrinsics": [[[1272.5979470598488, 0.0, 826.6154927353808], [0.0, 1272.5979470598488, 479.75165386361925], [0.0, 0.0, 1.0]], [[1266.417203046554, 0.0, 816.2670197447984], [0.0, 1266.417203046554, 491.50706579294757], [0.0, 0.0, 1.0]], [[1260.8474446004698, 0.0, 807.968244525554], [0.0, 1260.8474446004698, 495.3344268742088], [0.0, 0.0, 1.0]], [[1256.7414812095406, 0.0, 792.1125740759628], [0.0, 1256.7414812095406, 492.7757465151356], [0.0, 0.0, 1.0]], [[809.2209905677063, 0.0, 829.2196003259838], [0.0, 809.2209905677063, 481.77842384512485], [0.0, 0.0, 1.0]], [[1259.5137405846733, 0.0, 807.2529053838625], [0.0, 1259.5137405846733, 501.19579884916527], [0.0, 0.0, 1.0]]], "extrinsics": [[[0.8208283185958862, -0.5710012316703796, 0.014088918454945087, -0.96490478515625], [0.0008559229900129139, -0.023436862975358963, -0.9997249841690063, 1.5082489252090454], [0.5711743235588074, 0.8206146359443665, -0.01874890923500061, -1.28021240234375], [0.0, 0.0, 0.0, 1.0]], [[0.005801512859761715, -0.9996052980422974, 0.027485007420182228, 0.005096435546875], [-0.00443324726074934, -0.027510911226272583, -0.9996116757392883, 1.5205321311950684], [0.9999732971191406, 0.005677469540387392, -0.004591104108840227, -1.6922607421875], [0.0, 0.0, 0.0, 1.0]], [[-0.8328536748886108, -0.553473174571991, 0.004705609288066626, 1.0323486328125], [0.0011988090118393302, -0.01030544750392437, -0.9999461770057678, 1.5036447048187256], [0.5534919500350952, -0.8328031897544861, 0.00924643874168396, -1.2486572265625], [0.0, 0.0, 0.0, 1.0]], [[0.9477182030677795, 0.31908807158470154, -0.0035934876650571823, -1.1422119140625], [0.009904252365231514, -0.04066833108663559, -0.9991235733032227, 1.5885567665100098], [-0.31895455718040466, 0.9468520879745483, -0.041702449321746826, -0.10369873046875], [0.0, 0.0, 0.0, 1.0]], [[0.0023123291321098804, 0.99952632188797, -0.030690517276525497, 0.0028228759765625], [-0.01552172563970089, -0.030651025474071503, -0.9994096159934998, 1.5793590545654297], [-0.9998767971992493, 0.0027874137740582228, 0.015443493612110615, 0.001708984375], [0.0, 0.0, 0.0, 1.0]], [[-0.9348024129867554, 0.35452213883399963, -0.02141411416232586, 1.13623046875], [0.01709415577352047, -0.015313058160245419, -0.9997366070747375, 1.55145263671875], [-0.354756623506546, -0.9349223375320435, 0.008254427462816238, -0.06365966796875], [0.0, 0.0, 0.0, 1.0]]], "view": [[0.0, -2.0, 100.0], [-2.0, 0.0, 100.0], [0.0, 0.0, 1.0]], "bev": "bev_8d4f472ef5864d17b71492d9359b72fe.png", "aux": "aux_8d4f472ef5864d17b71492d9359b72fe.npz", "visibility": "visibility_8d4f472ef5864d17b71492d9359b72fe.png", "pose": [[-0.42824849486351013, 0.9036610126495361, 0.0, 385.5610656738281], [-0.9036610126495361, -0.42824849486351013, 0.0, 1133.5523681640625], [0.0, 0.0, 1.0, 0.0], [0.0, 0.0, 0.0, 1.0]], "pose_inverse": [[-0.42824849486351013, -0.9036610126495361, 0.0, 1189.4630126953125], [0.9036610126495361, -0.42824849486351013, 0.0, 137.02560424804688], [0.0, 0.0, 1.0, 0.0], [0.0, 0.0, 0.0, 1.0]], "cam_ids": [0, 1, 2, 3, 4, 5], "cam_channels": ["CAM_FRONT_LEFT", "CAM_FRONT", "CAM_FRONT_RIGHT", "CAM_BACK_LEFT", "CAM_BACK", "CAM_BACK_RIGHT"], "token": "8d4f472ef5864d17b71492d9359b72fe", "scene": "scene-0358"}, {"images": ["samples/CAM_FRONT_LEFT/n015-2018-08-02-17-28-51+0800__CAM_FRONT_LEFT__1533202672154844.jpg", "samples/CAM_FRONT/n015-2018-08-02-17-28-51+0800__CAM_FRONT__1533202672162460.jpg", "samples/CAM_FRONT_RIGHT/n015-2018-08-02-17-28-51+0800__CAM_FRONT_RIGHT__1533202672170339.jpg", "samples/CAM_BACK_LEFT/n015-2018-08-02-17-28-51+0800__CAM_BACK_LEFT__1533202672197423.jpg", "samples/CAM_BACK/n015-2018-08-02-17-28-51+0800__CAM_BACK__1533202672187525.jpg", "samples/CAM_BACK_RIGHT/n015-2018-08-02-17-28-51+0800__CAM_BACK_RIGHT__1533202672177893.jpg"], "intrinsics": [[[1272.5979470598488, 0.0, 826.6154927353808], [0.0, 1272.5979470598488, 479.75165386361925], [0.0, 0.0, 1.0]], [[1266.417203046554, 0.0, 816.2670197447984], [0.0, 1266.417203046554, 491.50706579294757], [0.0, 0.0, 1.0]], [[1260.8474446004698, 0.0, 807.968244525554], [0.0, 1260.8474446004698, 495.3344268742088], [0.0, 0.0, 1.0]], [[1256.7414812095406, 0.0, 792.1125740759628], [0.0, 1256.7414812095406, 492.7757465151356], [0.0, 0.0, 1.0]], [[809.2209905677063, 0.0, 829.2196003259838], [0.0, 809.2209905677063, 481.77842384512485], [0.0, 0.0, 1.0]], [[1259.5137405846733, 0.0, 807.2529053838625], [0.0, 1259.5137405846733, 501.19579884916527], [0.0, 0.0, 1.0]]], "extrinsics": [[[0.8208391070365906, -0.5709835886955261, 0.014173256233334541, -0.9649658203125], [0.0010087087284773588, -0.023365629836916924, -0.9997264742851257, 1.5082484483718872], [0.5711585283279419, 0.8206288814544678, -0.01860346645116806, -1.2801513671875], [0.0, 0.0, 0.0, 1.0]], [[0.0058173518627882, -0.9996076226234436, 0.027397919446229935, 0.00506591796875], [-0.0042895362712442875, -0.027423078194260597, -0.9996147751808167, 1.5205340385437012], [0.9999738931655884, 0.005697614513337612, -0.0044473824091255665, -1.6922607421875], [0.0, 0.0, 0.0, 1.0]], [[-0.8328456878662109, -0.5534865260124207, 0.004539743065834045, 1.0323486328125], [0.0013349351938813925, -0.01021035946905613, -0.9999469518661499, 1.5036439895629883], [0.5535035729408264, -0.8327955007553101, 0.009242523461580276, -1.248779296875], [0.0, 0.0, 0.0, 1.0]], [[0.9477181434631348, 0.3190898299217224, -0.0034685747232288122, -1.142333984375], [0.01000471506267786, -0.04057538881897926, -0.9991263747215271, 1.588554859161377], [-0.318951815366745, 0.9468554854393005, -0.04164643585681915, -0.1036834716796875], [0.0, 0.0, 0.0, 1.0]], [[0.002309097209945321, 0.9995291829109192, -0.03059459663927555, 0.002777099609375], [-0.015415837988257408, -0.03055546246469021, -0.9994142055511475, 1.579355239868164], [-0.9998784065246582, 0.002779402770102024, 0.015338025987148285, 0.001708984375], [0.0, 0.0, 0.0, 1.0]], [[-0.9348037838935852, 0.354513555765152, -0.021495727822184563, 1.13623046875], [0.01721818931400776, -0.01521641667932272, -0.9997360110282898, 1.5514488220214844], [-0.3547469973564148, -0.9349271059036255, 0.008120282553136349, -0.06365966796875], [0.0, 0.0, 0.0, 1.0]]], "view": [[0.0, -2.0, 100.0], [-2.0, 0.0, 100.0], [0.0, 0.0, 1.0]], "bev": "bev_1acec12df03f4ab5abca83c61a6e2e26.png", "aux": "aux_1acec12df03f4ab5abca83c61a6e2e26.npz", "visibility": "visibility_1acec12df03f4ab5abca83c61a6e2e26.png", "pose": [[-0.4282810688018799, 0.9036455750465393, 0.0, 385.5610656738281], [-0.9036455750465393, -0.4282810688018799, 0.0, 1133.5523681640625], [0.0, 0.0, 1.0, 0.0], [0.0, 0.0, 0.0, 1.0]], "pose_inverse": [[-0.4282810688018799, -0.9036455750465393, 0.0, 1189.4581298828125], [0.9036455750465393, -0.4282810688018799, 0.0, 137.0684814453125], [0.0, 0.0, 1.0, 0.0], [0.0, 0.0, 0.0, 1.0]], "cam_ids": [0, 1, 2, 3, 4, 5], "cam_channels": ["CAM_FRONT_LEFT", "CAM_FRONT", "CAM_FRONT_RIGHT", "CAM_BACK_LEFT", "CAM_BACK", "CAM_BACK_RIGHT"], "token": "1acec12df03f4ab5abca83c61a6e2e26", "scene": "scene-0358"}, {"images": ["samples/CAM_FRONT_LEFT/n015-2018-08-02-17-28-51+0800__CAM_FRONT_LEFT__1533202672654844.jpg", "samples/CAM_FRONT/n015-2018-08-02-17-28-51+0800__CAM_FRONT__1533202672662460.jpg", "samples/CAM_FRONT_RIGHT/n015-2018-08-02-17-28-51+0800__CAM_FRONT_RIGHT__1533202672670339.jpg", "samples/CAM_BACK_LEFT/n015-2018-08-02-17-28-51+0800__CAM_BACK_LEFT__1533202672697423.jpg", "samples/CAM_BACK/n015-2018-08-02-17-28-51+0800__CAM_BACK__1533202672687525.jpg", "samples/CAM_BACK_RIGHT/n015-2018-08-02-17-28-51+0800__CAM_BACK_RIGHT__1533202672677893.jpg"], "intrinsics": [[[1272.5979470598488, 0.0, 826.6154927353808], [0.0, 1272.5979470598488, 479.75165386361925], [0.0, 0.0, 1.0]], [[1266.417203046554, 0.0, 816.2670197447984], [0.0, 1266.417203046554, 491.50706579294757], [0.0, 0.0, 1.0]], [[1260.8474446004698, 0.0, 807.968244525554], [0.0, 1260.8474446004698, 495.3344268742088], [0.0, 0.0, 1.0]], [[1256.7414812095406, 0.0, 792.1125740759628], [0.0, 1256.7414812095406, 492.7757465151356], [0.0, 0.0, 1.0]], [[809.2209905677063, 0.0, 829.2196003259838], [0.0, 809.2209905677063, 481.77842384512485], [0.0, 0.0, 1.0]], [[1259.5137405846733, 0.0, 807.2529053838625], [0.0, 1259.5137405846733, 501.19579884916527], [0.0, 0.0, 1.0]]], "extrinsics": [[[0.820817232131958, -0.5710139274597168, 0.014214943163096905, -0.9649658203125], [0.0009688222780823708, -0.023494672030210495, -0.9997234344482422, 1.508247971534729], [0.5711900591850281, 0.8206040263175964, -0.018731622025370598, -1.2801513671875], [0.0, 0.0, 0.0, 1.0]], [[0.005785032175481319, -0.9996041655540466, 0.027532706037163734, 0.0050506591796875], [-0.004321200307458639, -0.02755790203809738, -0.9996109008789062, 1.5205321311950684], [0.9999738931655884, 0.005663831252604723, -0.004478914197534323, -1.692138671875], [0.0, 0.0, 0.0, 1.0]], [[-0.8328599333763123, -0.5534642934799194, 0.004646646790206432, 1.0323486328125], [0.0012994982535019517, -0.010350610129535198, -0.9999455213546753, 1.50364351272583], [0.5534822940826416, -0.8328086137771606, 0.009339835494756699, -1.2486572265625], [0.0, 0.0, 0.0, 1.0]], [[0.9477183818817139, 0.3190884292125702, -0.00352183124050498, -1.1422119140625], [0.009988291189074516, -0.040693506598472595, -0.9991217255592346, 1.5885567665100098], [-0.31895148754119873, 0.9468509554862976, -0.0417531281709671, -0.1037445068359375], [0.0, 0.0, 0.0, 1.0]], [[0.002318756887689233, 0.999525249004364, -0.03072366677224636, 0.0027923583984375], [-0.015435018576681614, -0.030684316530823708, -0.9994099736213684, 1.5793571472167969], [-0.9998781681060791, 0.002791633130982518, 0.015356541611254215, 0.0015869140625], [0.0, 0.0, 0.0, 1.0]], [[-0.9347977042198181, 0.3545283079147339, -0.0215151347219944, 1.13623046875], [0.01718592643737793, -0.015355780720710754, -0.9997344017028809, 1.5514488220214844], [-0.354764461517334, -0.9349192380905151, 0.008261650800704956, -0.06365966796875], [0.0, 0.0, 0.0, 1.0]]], "view": [[0.0, -2.0, 100.0], [-2.0, 0.0, 100.0], [0.0, 0.0, 1.0]], "bev": "bev_459fe82a1ee94f0789eea73bad1e37ee.png", "aux": "aux_459fe82a1ee94f0789eea73bad1e37ee.npz", "visibility": "visibility_459fe82a1ee94f0789eea73bad1e37ee.png", "pose": [[-0.4282442629337311, 0.9036630392074585, 0.0, 385.5610656738281], [-0.9036630392074585, -0.4282442629337311, 0.0, 1133.5523681640625], [0.0, 0.0, 1.0, 0.0], [0.0, 0.0, 0.0, 1.0]], "pose_inverse": [[-0.4282442629337311, -0.9036630392074585, 0.0, 1189.463623046875], [0.9036630392074585, -0.4282442629337311, 0.0, 137.02003479003906], [0.0, 0.0, 1.0, 0.0], [0.0, 0.0, 0.0, 1.0]], "cam_ids": [0, 1, 2, 3, 4, 5], "cam_channels": ["CAM_FRONT_LEFT", "CAM_FRONT", "CAM_FRONT_RIGHT", "CAM_BACK_LEFT", "CAM_BACK", "CAM_BACK_RIGHT"], "token": "459fe82a1ee94f0789eea73bad1e37ee", "scene": "scene-0358"}, {"images": ["samples/CAM_FRONT_LEFT/n015-2018-08-02-17-28-51+0800__CAM_FRONT_LEFT__1533202673154844.jpg", "samples/CAM_FRONT/n015-2018-08-02-17-28-51+0800__CAM_FRONT__1533202673162460.jpg", "samples/CAM_FRONT_RIGHT/n015-2018-08-02-17-28-51+0800__CAM_FRONT_RIGHT__1533202673170339.jpg", "samples/CAM_BACK_LEFT/n015-2018-08-02-17-28-51+0800__CAM_BACK_LEFT__1533202673197423.jpg", "samples/CAM_BACK/n015-2018-08-02-17-28-51+0800__CAM_BACK__1533202673187525.jpg", "samples/CAM_BACK_RIGHT/n015-2018-08-02-17-28-51+0800__CAM_BACK_RIGHT__1533202673177893.jpg"], "intrinsics": [[[1272.5979470598488, 0.0, 826.6154927353808], [0.0, 1272.5979470598488, 479.75165386361925], [0.0, 0.0, 1.0]], [[1266.417203046554, 0.0, 816.2670197447984], [0.0, 1266.417203046554, 491.50706579294757], [0.0, 0.0, 1.0]], [[1260.8474446004698, 0.0, 807.968244525554], [0.0, 1260.8474446004698, 495.3344268742088], [0.0, 0.0, 1.0]], [[1256.7414812095406, 0.0, 792.1125740759628], [0.0, 1256.7414812095406, 492.7757465151356], [0.0, 0.0, 1.0]], [[809.2209905677063, 0.0, 829.2196003259838], [0.0, 809.2209905677063, 481.77842384512485], [0.0, 0.0, 1.0]], [[1259.5137405846733, 0.0, 807.2529053838625], [0.0, 1259.5137405846733, 501.19579884916527], [0.0, 0.0, 1.0]]], "extrinsics": [[[0.8208231329917908, -0.571002721786499, 0.014325371943414211, -0.9649658203125], [0.0010462631471455097, -0.023577092215418816, -0.9997214674949646, 1.5082489252090454], [0.5711815357208252, 0.8206095695495605, -0.018755203112959862, -1.2802734375], [0.0, 0.0, 0.0, 1.0]], [[0.005796676501631737, -0.9996019601821899, 0.027611898258328438, 0.00506591796875], [-0.00426316587254405, -0.02763681672513485, -0.9996089339256287, 1.5205330848693848], [0.9999740719795227, 0.0056766620837152, -0.004421670455485582, -1.692138671875], [0.0, 0.0, 0.0, 1.0]], [[-0.8328530192375183, -0.5534748435020447, 0.0046376329846680164, 1.0322265625], [0.0013563131215050817, -0.010419598780572414, -0.9999447464942932, 1.5036447048187256], [0.5534926652908325, -0.8328007459640503, 0.009428679943084717, -1.24871826171875], [0.0, 0.0, 0.0, 1.0]], [[0.9477192759513855, 0.3190864324569702, -0.003475049277767539, -1.142333984375], [0.010058761574327946, -0.04075656831264496, -0.999118447303772, 1.5885543823242188], [-0.3189467489719391, 0.9468488693237305, -0.041835397481918335, -0.1036834716796875], [0.0, 0.0, 0.0, 1.0]], [[0.002312926109880209, 0.9995234608650208, -0.030782215297222137, 0.0027923583984375], [-0.015376376919448376, -0.030743110924959183, -0.9994090795516968, 1.579355239868164], [-0.9998790621757507, 0.002784902462735772, 0.01529794279485941, 0.0015869140625], [0.0, 0.0, 0.0, 1.0]], [[-0.9348009824752808, 0.354515016078949, -0.021590258926153183, 1.13623046875], [0.017243411391973495, -0.015416343696415424, -0.999732494354248, 1.5514507293701172], [-0.35475295782089233, -0.9349232912063599, 0.008298163302242756, -0.063720703125], [0.0, 0.0, 0.0, 1.0]]], "view": [[0.0, -2.0, 100.0], [-2.0, 0.0, 100.0], [0.0, 0.0, 1.0]], "bev": "bev_8c7ff251e6c8424398d5ebe0360f4d0e.png", "aux": "aux_8c7ff251e6c8424398d5ebe0360f4d0e.npz", "visibility": "visibility_8c7ff251e6c8424398d5ebe0360f4d0e.png", "pose": [[-0.4282476603984833, 0.9036614298820496, 0.0, 385.5610656738281], [-0.9036614298820496, -0.4282476603984833, 0.0, 1133.5523681640625], [0.0, 0.0, 1.0, 0.0], [0.0, 0.0, 0.0, 1.0]], "pose_inverse": [[-0.4282476603984833, -0.9036614298820496, 0.0, 1189.463134765625], [0.9036614298820496, -0.4282476603984833, 0.0, 137.0244903564453], [0.0, 0.0, 1.0, 0.0], [0.0, 0.0, 0.0, 1.0]], "cam_ids": [0, 1, 2, 3, 4, 5], "cam_channels": ["CAM_FRONT_LEFT", "CAM_FRONT", "CAM_FRONT_RIGHT", "CAM_BACK_LEFT", "CAM_BACK", "CAM_BACK_RIGHT"], "token": "8c7ff251e6c8424398d5ebe0360f4d0e", "scene": "scene-0358"}, {"images": ["samples/CAM_FRONT_LEFT/n015-2018-08-02-17-28-51+0800__CAM_FRONT_LEFT__1533202673654844.jpg", "samples/CAM_FRONT/n015-2018-08-02-17-28-51+0800__CAM_FRONT__1533202673662460.jpg", "samples/CAM_FRONT_RIGHT/n015-2018-08-02-17-28-51+0800__CAM_FRONT_RIGHT__1533202673670339.jpg", "samples/CAM_BACK_LEFT/n015-2018-08-02-17-28-51+0800__CAM_BACK_LEFT__1533202673697423.jpg", "samples/CAM_BACK/n015-2018-08-02-17-28-51+0800__CAM_BACK__1533202673687525.jpg", "samples/CAM_BACK_RIGHT/n015-2018-08-02-17-28-51+0800__CAM_BACK_RIGHT__1533202673677893.jpg"], "intrinsics": [[[1272.5979470598488, 0.0, 826.6154927353808], [0.0, 1272.5979470598488, 479.75165386361925], [0.0, 0.0, 1.0]], [[1266.417203046554, 0.0, 816.2670197447984], [0.0, 1266.417203046554, 491.50706579294757], [0.0, 0.0, 1.0]], [[1260.8474446004698, 0.0, 807.968244525554], [0.0, 1260.8474446004698, 495.3344268742088], [0.0, 0.0, 1.0]], [[1256.7414812095406, 0.0, 792.1125740759628], [0.0, 1256.7414812095406, 492.7757465151356], [0.0, 0.0, 1.0]], [[809.2209905677063, 0.0, 829.2196003259838], [0.0, 809.2209905677063, 481.77842384512485], [0.0, 0.0, 1.0]], [[1259.5137405846733, 0.0, 807.2529053838625], [0.0, 1259.5137405846733, 501.19579884916527], [0.0, 0.0, 1.0]]], "extrinsics": [[[0.8208220601081848, -0.5710020065307617, 0.01442089956253767, -0.96502685546875], [0.0011414851760491729, -0.02360747568309307, -0.9997206926345825, 1.508247971534729], [0.571182906627655, 0.8206092119216919, -0.018725743517279625, -1.28021240234375], [0.0, 0.0, 0.0, 1.0]], [[0.0057892571203410625, -0.9996009469032288, 0.02764562889933586, 0.0050811767578125], [-0.004159166011959314, -0.02766992710530758, -0.9996085166931152, 1.5205340385437012], [0.9999746084213257, 0.005672025959938765, -0.004317695740610361, -1.6922607421875], [0.0, 0.0, 0.0, 1.0]], [[-0.8328566551208496, -0.5534698367118835, 0.004571694880723953, 1.0323486328125], [0.001463812543079257, -0.010462330654263496, -0.9999441504478455, 1.5036447048187256], [0.5534868240356445, -0.8328035473823547, 0.009523800574243069, -1.24871826171875], [0.0, 0.0, 0.0, 1.0]], [[0.9477211236953735, 0.31908145546913147, -0.00342715997248888, -1.1422119140625], [0.010131805203855038, -0.040824227035045624, -0.999114990234375, 1.5885553359985352], [-0.3189389407634735, 0.9468476176261902, -0.04192285239696503, -0.1037445068359375], [0.0, 0