[{"images": ["samples/CAM_FRONT_LEFT/n015-2018-09-25-11-10-38+0800__CAM_FRONT_LEFT__1537845512354844.jpg", "samples/CAM_FRONT/n015-2018-09-25-11-10-38+0800__CAM_FRONT__1537845512362460.jpg", "samples/CAM_FRONT_RIGHT/n015-2018-09-25-11-10-38+0800__CAM_FRONT_RIGHT__1537845512370423.jpg", "samples/CAM_BACK_LEFT/n015-2018-09-25-11-10-38+0800__CAM_BACK_LEFT__1537845512397423.jpg", "samples/CAM_BACK/n015-2018-09-25-11-10-38+0800__CAM_BACK__1537845512387525.jpg", "samples/CAM_BACK_RIGHT/n015-2018-09-25-11-10-38+0800__CAM_BACK_RIGHT__1537845512377893.jpg"], "intrinsics": [[[1272.5979470598488, 0.0, 826.6154927353808], [0.0, 1272.5979470598488, 479.75165386361925], [0.0, 0.0, 1.0]], [[1266.417203046554, 0.0, 816.2670197447984], [0.0, 1266.417203046554, 491.50706579294757], [0.0, 0.0, 1.0]], [[1260.8474446004698, 0.0, 807.968244525554], [0.0, 1260.8474446004698, 495.3344268742088], [0.0, 0.0, 1.0]], [[1256.7414812095406, 0.0, 792.1125740759628], [0.0, 1256.7414812095406, 492.7757465151356], [0.0, 0.0, 1.0]], [[809.2209905677063, 0.0, 829.2196003259838], [0.0, 809.2209905677063, 481.77842384512485], [0.0, 0.0, 1.0]], [[1259.5137405846733, 0.0, 807.2529053838625], [0.0, 1259.5137405846733, 501.19579884916527], [0.0, 0.0, 1.0]]], "extrinsics": [[[0.8199651837348938, -0.572382926940918, -0.005909181199967861, -0.88812255859375], [-0.001909490441903472, 0.007588075008243322, -0.9999693632125854, 1.5080652236938477], [0.5724102854728699, 0.8199513554573059, 0.005128997378051281, -1.227294921875], [0.0, 0.0, 0.0, 1.0]], [[0.0045576016418635845, -0.9999827742576599, -0.0036952714435756207, 0.005859375], [-0.007105744443833828, 0.0036628309171646833, -0.9999681115150452, 1.5199896097183228], [0.9999643564224243, 0.004583714995533228, -0.007088928949087858, -1.616058349609375], [0.0, 0.0, 0.0, 1.0]], [[-0.833419680595398, -0.5525406002998352, -0.010515231639146805, 0.98388671875], [-0.0013356625568121672, 0.021041100844740868, -0.9997777342796326, 1.5035591125488281], [0.5526390075683594, -0.833220362663269, -0.01827407442033291, -1.21612548828125], [0.0, 0.0, 0.0, 1.0]], [[0.94776451587677, 0.31893637776374817, 0.004693233408033848, -1.14215087890625], [0.007860674522817135, -0.008644846267998219, -0.9999316930770874, 1.5885567665100098], [-0.3188740015029907, 0.9477367401123047, -0.010700332932174206, -0.103759765625], [0.0, 0.0, 0.0, 1.0]], [[0.002732829889282584, 0.9999957084655762, 0.0010793065885081887, 0.00274658203125], [-0.017766451463103294, 0.001127693336457014, -0.999841570854187, 1.5789785385131836], [-0.9998384118080139, 0.00271320971660316, 0.017769455909729004, -0.019439697265625], [0.0, 0.0, 0.0, 1.0]], [[-0.9345665574073792, 0.3556995093822479, -0.007955689914524555, 1.0969114303588867], [0.014676559716463089, 0.016200276091694832, -0.9997610449790955, 1.5520610809326172], [-0.35548561811447144, -0.9344600439071655, -0.020360682159662247, -0.078369140625], [0.0, 0.0, 0.0, 1.0]]], "view": [[0.0, -2.0, 100.0], [-2.0, 0.0, 100.0], [0.0, 0.0, 1.0]], "bev": "bev_8a9e4bdc608445808d3074473ee4ac18.png", "aux": "aux_8a9e4bdc608445808d3074473ee4ac18.npz", "visibility": "visibility_8a9e4bdc608445808d3074473ee4ac18.png", "pose": [[-0.9807989001274109, 0.19502177834510803, 0.0, 164.36912536621094], [-0.19502177834510803, -0.9807989001274109, 0.0, 917.1282958984375], [0.0, 0.0, 1.0, 0.0], [0.0, 0.0, 0.0, 1.0]], "pose_inverse": [[-0.9807989001274109, -0.19502177834510803, 0.0, 340.07305908203125], [0.19502177834510803, -0.9807989001274109, 0.0, 867.462890625], [0.0, 0.0, 1.0, 0.0], [0.0, 0.0, 0.0, 1.0]], "cam_ids": [0, 1, 2, 3, 4, 5], "cam_channels": ["CAM_FRONT_LEFT", "CAM_FRONT", "CAM_FRONT_RIGHT", "CAM_BACK_LEFT", "CAM_BACK", "CAM_BACK_RIGHT"], "token": "8a9e4bdc608445808d3074473ee4ac18", "scene": "scene-0988"}, {"images": ["samples/CAM_FRONT_LEFT/n015-2018-09-25-11-10-38+0800__CAM_FRONT_LEFT__1537845512904844.jpg", "samples/CAM_FRONT/n015-2018-09-25-11-10-38+0800__CAM_FRONT__1537845512912460.jpg", "samples/CAM_FRONT_RIGHT/n015-2018-09-25-11-10-38+0800__CAM_FRONT_RIGHT__1537845512920339.jpg", "samples/CAM_BACK_LEFT/n015-2018-09-25-11-10-38+0800__CAM_BACK_LEFT__1537845512947423.jpg", "samples/CAM_BACK/n015-2018-09-25-11-10-38+0800__CAM_BACK__1537845512937525.jpg", "samples/CAM_BACK_RIGHT/n015-2018-09-25-11-10-38+0800__CAM_BACK_RIGHT__1537845512927893.jpg"], "intrinsics": [[[1272.5979470598488, 0.0, 826.6154927353808], [0.0, 1272.5979470598488, 479.75165386361925], [0.0, 0.0, 1.0]], [[1266.417203046554, 0.0, 816.2670197447984], [0.0, 1266.417203046554, 491.50706579294757], [0.0, 0.0, 1.0]], [[1260.8474446004698, 0.0, 807.968244525554], [0.0, 1260.8474446004698, 495.3344268742088], [0.0, 0.0, 1.0]], [[1256.7414812095406, 0.0, 792.1125740759628], [0.0, 1256.7414812095406, 492.7757465151356], [0.0, 0.0, 1.0]], [[809.2209905677063, 0.0, 829.2196003259838], [0.0, 809.2209905677063, 481.77842384512485], [0.0, 0.0, 1.0]], [[1259.5137405846733, 0.0, 807.2529053838625], [0.0, 1259.5137405846733, 501.19579884916527], [0.0, 0.0, 1.0]]], "extrinsics": [[[0.8204164505004883, -0.5717162489891052, -0.007577721495181322, -0.90106201171875], [-0.0011281544575467706, 0.011634524911642075, -0.9999316930770874, 1.508157730102539], [0.5717653632164001, 0.8203688859939575, 0.008900170214474201, -1.2359619140625], [0.0, 0.0, 0.0, 1.0]], [[0.005200686398893595, -0.9999575018882751, -0.0076173413544893265, 0.00567626953125], [-0.006431302987039089, 0.0075838398188352585, -0.9999505877494812, 1.5201196670532227], [0.9999657869338989, 0.005249420180916786, -0.006391588598489761, -1.62841796875], [0.0, 0.0, 0.0, 1.0]], [[-0.8331432938575745, -0.5529032349586487, -0.013045825995504856, 0.99102783203125], [-0.0008037362131290138, 0.024798979982733727, -0.9996921420097351, 1.50360107421875], [0.553056538105011, -0.8328763246536255, -0.021105492487549782, -1.2210693359375], [0.0, 0.0, 0.0, 1.0]], [[0.9477894306182861, 0.3188461363315582, 0.005681139416992664, -1.13848876953125], [0.00783331599086523, -0.0054680099710822105, -0.999954342842102, 1.5885846614837646], [-0.31880056858062744, 0.9477907419204712, -0.007680144160985947, -0.10479736328125], [0.0, 0.0, 0.0, 1.0]], [[0.002571017248556018, 0.9999867677688599, 0.004459514748305082, 0.00286865234375], [-0.0175563246011734, 0.004503979813307524, -0.999835729598999, 1.5790208578109741], [-0.9998425841331482, 0.0024923093151301146, 0.017567671835422516, -0.017242431640625], [0.0, 0.0, 0.0, 1.0]], [[-0.9346885085105896, 0.3553977906703949, -0.007059203926473856, 1.1025638580322266], [0.015076925046741962, 0.019795307889580727, -0.9996903538703918, 1.5519886016845703], [-0.35514798760414124, -0.9345055222511292, -0.023860754445195198, -0.0762939453125], [0.0, 0.0, 0.0, 1.0]]], "view": [[0.0, -2.0, 100.0], [-2.0, 0.0, 100.0], [0.0, 0.0, 1.0]], "bev": "bev_805cfb761a5d4d6cb01b0bbe7f5d137d.png", "aux": "aux_805cfb761a5d4d6cb01b0bbe7f5d137d.npz", "visibility": "visibility_805cfb761a5d4d6cb01b0bbe7f5d137d.png", "pose": [[-0.9780661463737488, 0.2082945555448532, 0.0, 163.2644805908203], [-0.2082945555448532, -0.9780661463737488, 0.0, 916.906982421875], [0.0, 0.0, 1.0, 0.0], [0.0, 0.0, 0.0, 1.0]], "pose_inverse": [[-0.9780661463737488, -0.2082945555448532, 0.0, 350.6701965332031], [0.2082945555448532, -0.9780661463737488, 0.0, 862.78857421875], [0.0, 0.0, 1.0, 0.0], [0.0, 0.0, 0.0, 1.0]], "cam_ids": [0, 1, 2, 3, 4, 5], "cam_channels": ["CAM_FRONT_LEFT", "CAM_FRONT", "CAM_FRONT_RIGHT", "CAM_BACK_LEFT", "CAM_BACK", "CAM_BACK_RIGHT"], "token": "805cfb761a5d4d6cb01b0bbe7f5d137d", "scene": "scene-0988"}, {"images": ["samples/CAM_FRONT_LEFT/n015-2018-09-25-11-10-38+0800__CAM_FRONT_LEFT__1537845513404844.jpg", "samples/CAM_FRONT/n015-2018-09-25-11-10-38+0800__CAM_FRONT__1537845513412460.jpg", "samples/CAM_FRONT_RIGHT/n015-2018-09-25-11-10-38+0800__CAM_FRONT_RIGHT__1537845513420339.jpg", "samples/CAM_BACK_LEFT/n015-2018-09-25-11-10-38+0800__CAM_BACK_LEFT__1537845513447423.jpg", "samples/CAM_BACK/n015-2018-09-25-11-10-38+0800__CAM_BACK__1537845513437525.jpg", "samples/CAM_BACK_RIGHT/n015-2018-09-25-11-10-38+0800__CAM_BACK_RIGHT__1537845513427893.jpg"], "intrinsics": [[[1272.5979470598488, 0.0, 826.6154927353808], [0.0, 1272.5979470598488, 479.75165386361925], [0.0, 0.0, 1.0]], [[1266.417203046554, 0.0, 816.2670197447984], [0.0, 1266.417203046554, 491.50706579294757], [0.0, 0.0, 1.0]], [[1260.8474446004698, 0.0, 807.968244525554], [0.0, 1260.8474446004698, 495.3344268742088], [0.0, 0.0, 1.0]], [[1256.7414812095406, 0.0, 792.1125740759628], [0.0, 1256.7414812095406, 492.7757465151356], [0.0, 0.0, 1.0]], [[809.2209905677063, 0.0, 829.2196003259838], [0.0, 809.2209905677063, 481.77842384512485], [0.0, 0.0, 1.0]], [[1259.5137405846733, 0.0, 807.2529053838625], [0.0, 1259.5137405846733, 501.19579884916527], [0.0, 0.0, 1.0]]], "extrinsics": [[[0.8204719424247742, -0.5716335773468018, -0.0077978805638849735, -0.9123687744140625], [-0.00121656886767596, 0.011894266121089458, -0.9999284744262695, 1.5081596374511719], [0.5716854333877563, 0.8204227089881897, 0.00906348042190075, -1.24462890625], [0.0, 0.0, 0.0, 1.0]], [[0.005274390801787376, -0.9999560713768005, -0.0077400244772434235, 0.00616455078125], [-0.006453892216086388, 0.007705931086093187, -0.9999494552612305, 1.520190715789795], [0.999965250492096, 0.005324100144207478, -0.00641296524554491, -1.64007568359375], [0.0, 0.0, 0.0, 1.0]], [[-0.8331121802330017, -0.5529495477676392, -0.013071787543594837, 0.99884033203125], [-0.0007607335573993623, 0.02477901428937912, -0.9996926188468933, 1.5035991668701172], [0.553103506565094, -0.8328461050987244, -0.02106434479355812, -1.225830078125], [0.0, 0.0, 0.0, 1.0]], [[0.9477311968803406, 0.31901586055755615, 0.005859654862433672, -1.14483642578125], [0.008215351030230522, -0.006039180792868137, -0.9999480247497559, 1.5885344743728638], [-0.318963885307312, 0.9477301836013794, -0.008344347588717937, -0.10296630859375], [0.0, 0.0, 0.0, 1.0]], [[0.002512501087039709, 0.9999884366989136, 0.004095983691513538, 0.00262451171875], [-0.017330292612314224, 0.004138924181461334, -0.9998412728309631, 1.5791090726852417], [-0.9998465776443481, 0.0024411152116954327, 0.017340490594506264, -0.01239013671875], [0.0, 0.0, 0.0, 1.0]], [[-0.9347016215324402, 0.3553595542907715, -0.007230058312416077, 1.1086883544921875], [0.015197047963738441, 0.01963328942656517, -0.9996917843818665, 1.5518836975097656], [-0.3551080822944641, -0.9345234632492065, -0.02375168725848198, -0.07366943359375], [0.0, 0.0, 0.0, 1.0]]], "view": [[0.0, -2.0, 100.0], [-2.0, 0.0, 100.0], [0.0, 0.0, 1.0]], "bev": "bev_fa838cd3d1364a799d980ab27b2ef20d.png", "aux": "aux_fa838cd3d1364a799d980ab27b2ef20d.npz", "visibility": "visibility_fa838cd3d1364a799d980ab27b2ef20d.png", "pose": [[-0.9760822057723999, 0.2174016386270523, 0.0, 162.4238739013672], [-0.2174016386270523, -0.9760822057723999, 0.0, 916.732177734375], [0.0, 0.0, 1.0, 0.0], [0.0, 0.0, 0.0, 1.0]], "pose_inverse": [[-0.9760822057723999, -0.2174016386270523, 0.0, 357.838134765625], [0.2174016386270523, -0.9760822057723999, 0.0, 859.4947509765625], [0.0, 0.0, 1.0, 0.0], [0.0, 0.0, 0.0, 1.0]], "cam_ids": [0, 1, 2, 3, 4, 5], "cam_channels": ["CAM_FRONT_LEFT", "CAM_FRONT", "CAM_FRONT_RIGHT", "CAM_BACK_LEFT", "CAM_BACK", "CAM_BACK_RIGHT"], "token": "fa838cd3d1364a799d980ab27b2ef20d", "scene": "scene-0988"}, {"images": ["samples/CAM_FRONT_LEFT/n015-2018-09-25-11-10-38+0800__CAM_FRONT_LEFT__1537845513904844.jpg", "samples/CAM_FRONT/n015-2018-09-25-11-10-38+0800__CAM_FRONT__1537845513912460.jpg", "samples/CAM_FRONT_RIGHT/n015-2018-09-25-11-10-38+0800__CAM_FRONT_RIGHT__1537845513920344.jpg", "samples/CAM_BACK_LEFT/n015-2018-09-25-11-10-38+0800__CAM_BACK_LEFT__1537845513947423.jpg", "samples/CAM_BACK/n015-2018-09-25-11-10-38+0800__CAM_BACK__1537845513937525.jpg", "samples/CAM_BACK_RIGHT/n015-2018-09-25-11-10-38+0800__CAM_BACK_RIGHT__1537845513927893.jpg"], "intrinsics": [[[1272.5979470598488, 0.0, 826.6154927353808], [0.0, 1272.5979470598488, 479.75165386361925], [0.0, 0.0, 1.0]], [[1266.417203046554, 0.0, 816.2670197447984], [0.0, 1266.417203046554, 491.50706579294757], [0.0, 0.0, 1.0]], [[1260.8474446004698, 0.0, 807.968244525554], [0.0, 1260.8474446004698, 495.3344268742088], [0.0, 0.0, 1.0]], [[1256.7414812095406, 0.0, 792.1125740759628], [0.0, 1256.7414812095406, 492.7757465151356], [0.0, 0.0, 1.0]], [[809.2209905677063, 0.0, 829.2196003259838], [0.0, 809.2209905677063, 481.77842384512485], [0.0, 0.0, 1.0]], [[1259.5137405846733, 0.0, 807.2529053838625], [0.0, 1259.5137405846733, 501.19579884916527], [0.0, 0.0, 1.0]]], "extrinsics": [[[0.8204042315483093, -0.5716973543167114, -0.009949950501322746, -0.9201812744140625], [-0.0031081943307071924, 0.012942323461174965, -0.9999114274978638, 1.508070945739746], [0.5717754364013672, 0.8203625082969666, 0.00884099118411541, -1.24993896484375], [0.0, 0.0, 0.0, 1.0]], [[0.005205471534281969, -0.9999457597732544, -0.009011581540107727, 0.005859375], [-0.008444471284747124, 0.008967426605522633, -0.9999241828918457, 1.5201549530029297], [0.9999507665634155, 0.005281162913888693, -0.008397335186600685, -1.64813232421875], [0.0, 0.0, 0.0, 1.0]], [[-0.833152711391449, -0.5529094338417053, -0.012148646637797356, 1.0042724609375], [-0.0028507967945188284, 0.02626027725636959, -0.9996510744094849, 1.5035362243652344], [0.55303555727005, -0.8328273892402649, -0.023455053567886353, -1.22967529296875], [0.0, 0.0, 0.0, 1.0]], [[0.9477728605270386, 0.3189164102077484, 0.004338038619607687, -1.14202880859375], [0.005859854631125927, -0.0038125331047922373, -0.9999755024909973, 1.5885564088821411], [-0.3188920021057129, 0.94777512550354, -0.005482219159603119, -0.103759765625], [0.0, 0.0, 0.0, 1.0]], [[0.0025315165985375643, 0.9999786019325256, 0.006041380576789379, 0.002685546875], [-0.019602356478571892, 0.006089862436056137, -0.9997893571853638, 1.5791250467300415], [-0.999804675579071, 0.0024125981144607067, 0.0196173507720232, -0.009979248046875], [0.0, 0.0, 0.0, 1.0]], [[-0.9347133636474609, 0.35537275671958923, -0.004588110372424126, 1.1136512756347656], [0.013011221773922443, 0.021315881982445717, -0.9996880888938904, 1.5517578125], [-0.35516414046287537, -0.9344815611839294, -0.02454807609319687, -0.07196044921875], [0.0, 0.0, 0.0, 1.0]]], "view": [[0.0, -2.0, 100.0], [-2.0, 0.0, 100.0], [0.0, 0.0, 1.0]], "bev": "bev_dfb22bf12f7e4661a79753efb8dbfc12.png", "aux": "aux_dfb22bf12f7e4661a79753efb8dbfc12.npz", "visibility": "visibility_dfb22bf12f7e4661a79753efb8dbfc12.png", "pose": [[-0.9743135571479797, 0.22519561648368835, 0.0, 161.70767211914062], [-0.22519561648368835, -0.9743135571479797, 0.0, 916.5811767578125], [0.0, 0.0, 1.0, 0.0], [0.0, 0.0, 0.0, 1.0]], "pose_inverse": [[-0.9743135571479797, -0.22519561648368835, 0.0, 363.96405029296875], [0.22519561648368835, -0.9743135571479797, 0.0, 856.6216430664062], [0.0, 0.0, 1.0, 0.0], [0.0, 0.0, 0.0, 1.0]], "cam_ids": [0, 1, 2, 3, 4, 5], "cam_channels": ["CAM_FRONT_LEFT", "CAM_FRONT", "CAM_FRONT_RIGHT", "CAM_BACK_LEFT", "CAM_BACK", "CAM_BACK_RIGHT"], "token": "dfb22bf12f7e4661a79753efb8dbfc12", "scene": "scene-0988"}, {"images": ["samples/CAM_FRONT_LEFT/n015-2018-09-25-11-10-38+0800__CAM_FRONT_LEFT__1537845514404844.jpg", "samples/CAM_FRONT/n015-2018-09-25-11-10-38+0800__CAM_FRONT__1537845514412460.jpg", "samples/CAM_FRONT_RIGHT/n015-2018-09-25-11-10-38+0800__CAM_FRONT_RIGHT__1537845514420339.jpg", "samples/CAM_BACK_LEFT/n015-2018-09-25-11-10-38+0800__CAM_BACK_LEFT__1537845514447423.jpg", "samples/CAM_BACK/n015-2018-09-25-11-10-38+0800__CAM_BACK__1537845514437525.jpg", "samples/CAM_BACK_RIGHT/n015-2018-09-25-11-10-38+0800__CAM_BACK_RIGHT__1537845514427893.jpg"], "intrinsics": [[[1272.5979470598488, 0.0, 826.6154927353808], [0.0, 1272.5979470598488, 479.75165386361925], [0.0, 0.0, 1.0]], [[1266.417203046554, 0.0, 816.2670197447984], [0.0, 1266.417203046554, 491.50706579294757], [0.0, 0.0, 1.0]], [[1260.8474446004698, 0.0, 807.968244525554], [0.0, 1260.8474446004698, 495.3344268742088], [0.0, 0.0, 1.0]], [[1256.7414812095406, 0.0, 792.1125740759628], [0.0, 1256.7414812095406, 492.7757465151356], [0.0, 0.0, 1.0]], [[809.2209905677063, 0.0, 829.2196003259838], [0.0, 809.2209905677063, 481.77842384512485], [0.0, 0.0, 1.0]], [[1259.5137405846733, 0.0, 807.2529053838625], [0.0, 1259.5137405846733, 501.19579884916527], [0.0, 0.0, 1.0]]], "extrinsics": [[[0.8206838965415955, -0.5713120698928833, -0.008959743194282055, -0.9321746826171875], [-0.0016873393906280398, 0.013257501646876335, -0.9999106526374817, 1.5081777572631836], [0.5713798999786377, 0.8206258416175842, 0.009916221722960472, -1.2576904296875], [0.0, 0.0, 0.0, 1.0]], [[0.005581762176007032, -0.9999418258666992, -0.00923520140349865, 0.00555419921875], [-0.0070165120996534824, 0.009195954538881779, -0.999933123588562, 1.5203022956848145], [0.9999597072601318, 0.005646233446896076, -0.006964773405343294, -1.65972900390625], [0.0, 0.0, 0.0, 1.0]], [[-0.8329854011535645, -0.5531320571899414, -0.013425277546048164, 1.01141357421875], [-0.0014222643803805113, 0.026404738426208496, -0.9996502995491028, 1.5036048889160156], [0.5532931089401245, -0.8326749801635742, -0.022781461477279663, -1.234619140625], [0.0, 0.0, 0.0, 1.0]], [[0.9477710127830505, 0.3189038038253784, 0.00550870643928647, -1.14251708984375], [0.007135909516364336, -0.003934367094188929, -0.9999667406082153, 1.5885521173477173], [-0.3188715875148773, 0.9477788209915161, -0.006004547234624624, -0.1033935546875], [0.0, 0.0, 0.0, 1.0]], [[0.0024455764796584845, 0.99997878074646, 0.0060313050635159016, 0.00286865234375], [-0.018242929130792618, 0.006074932869523764, -0.9998151659965515, 1.5791916847229004], [-0.9998306035995483, 0.0023351090494543314, 0.018257400020956993, -0.0072021484375], [0.0, 0.0, 0.0, 1.0]], [[-0.934770941734314, 0.35520216822624207, -0.0058902110904455185, 1.1192092895507812], [0.014432317577302456, 0.021403761580586433, -0.9996667504310608, 1.5517082214355469], [-0.3549577295780182, -0.9345443844795227, -0.025134006515145302, -0.07000732421875], [0.0, 0.0, 0.0, 1.0]]], "view": [[0.0, -2.0, 100.0], [-2.0, 0.0, 100.0], [0.0, 0.0, 1.0]], "bev": "bev_8291a6aaf2d5429ba446f8fec76f1f69.png", "aux": "aux_8291a6aaf2d5429ba446f8fec76f1f69.npz", "visibility": "visibility_8291a6aaf2d5429ba446f8fec76f1f69.png", "pose": [[-0.9731335043907166, 0.23024152219295502, 0.0, 161.16888427734375], [-0.23024152219295502, -0.9731335043907166, 0.0, 916.45849609375], [0.0, 0.0, 1.0, 0.0], [0.0, 0.0, 0.0, 1.0]], "pose_inverse": [[-0.9731335043907166, -0.23024152219295502, 0.0, 367.84564208984375], [0.23024152219295502, -0.9731335043907166, 0.0, 854.7286987304688], [0.0, 0.0, 1.0, 0.0], [0.0, 0.0, 0.0, 1.0]], "cam_ids": [0, 1, 2, 3, 4, 5], "cam_channels": ["CAM_FRONT_LEFT", "CAM_FRONT", "CAM_FRONT_RIGHT", "CAM_BACK_LEFT", "CAM_BACK", "CAM_BACK_RIGHT"], "token": "8291a6aaf2d5429ba446f8fec76f1f69", "scene": "scene-0988"}, {"images": ["samples/CAM_FRONT_LEFT/n015-2018-09-25-11-10-38+0800__CAM_FRONT_LEFT__1537845514854844.jpg", "samples/CAM_FRONT/n015-2018-09-25-11-10-38+0800__CAM_FRONT__1537845514862460.jpg", "samples/CAM_FRONT_RIGHT/n015-2018-09-25-11-10-38+0800__CAM_FRONT_RIGHT__1537845514870339.jpg", "samples/CAM_BACK_LEFT/n015-2018-09-25-11-10-38+0800__CAM_BACK_LEFT__1537845514897423.jpg", "samples/CAM_BACK/n015-2018-09-25-11-10-38+0800__CAM_BACK__1537845514887525.jpg", "samples/CAM_BACK_RIGHT/n015-2018-09-25-11-10-38+0800__CAM_BACK_RIGHT__1537845514877893.jpg"], "intrinsics": [[[1272.5979470598488, 0.0, 826.6154927353808], [0.0, 1272.5979470598488, 479.75165386361925], [0.0, 0.0, 1.0]], [[1266.417203046554, 0.0, 816.2670197447984], [0.0, 1266.417203046554, 491.50706579294757], [0.0, 0.0, 1.0]], [[1260.8474446004698, 0.0, 807.968244525554], [0.0, 1260.8474446004698, 495.3344268742088], [0.0, 0.0, 1.0]], [[1256.7414812095406, 0.0, 792.1125740759628], [0.0, 1256.7414812095406, 492.7757465151356], [0.0, 0.0, 1.0]], [[809.2209905677063, 0.0, 829.2196003259838], [0.0, 809.2209905677063, 481.77842384512485], [0.0, 0.0, 1.0]], [[1259.5137405846733, 0.0, 807.2529053838625], [0.0, 1259.5137405846733, 501.19579884916527], [0.0, 0.0, 1.0]]], "extrinsics": [[[0.8206567168235779, -0.5713446736335754, -0.009366615675389767, -0.943328857421875], [-0.002584839938208461, 0.01267984975129366, -0.9999162554740906, 1.508173942565918], [0.5714156627655029, 0.8206121921539307, 0.008928969502449036, -1.26580810546875], [0.0, 0.0, 0.0, 1.0]], [[0.005545639432966709, -0.9999473094940186, -0.008633398450911045, 0.00567626953125], [-0.007886514067649841, 0.008589528501033783, -0.999932050704956, 1.5203614234924316], [0.9999535083770752, 0.005613353103399277, -0.00783846527338028, -1.671051025390625], [0.0, 0.0, 0.0, 1.0]], [[-0.8330116271972656, -0.5531172156333923, -0.012366962619125843, 1.01885986328125], [-0.002271725330501795, 0.025772469118237495, -0.9996652007102966, 1.5035991668701172], [0.5532508492469788, -0.8327047228813171, -0.022725297138094902, -1.2393798828125], [0.0, 0.0, 0.0, 1.0]], [[0.9477636218070984, 0.3189410865306854, 0.004535965621471405, -1.14202880859375], [0.006353399250656366, -0.004658217541873455, -0.999968945980072, 1.5885568857192993], [-0.3189101219177246, 0.9477630257606506, -0.0064412495121359825, -0.1036376953125], [0.0, 0.0, 0.0, 1.0]], [[0.002450203523039818, 0.9999827742576599, 0.00533323734998703, 0.00274658203125], [-0.019041547551751137, 0.005378941539674997, -0.9998041987419128, 1.5792485475540161], [-0.9998157024383545, 0.0023481473326683044, 0.01905439794063568, -0.003814697265625], [0.0, 0.0, 0.0, 1.0]], [[-0.934767484664917, 0.35521966218948364, -0.005350152961909771, 1.125244140625], [0.013601585291326046, 0.020735936239361763, -0.999692440032959, 1.5516033172607422], [-0.35499948263168335, -0.934552788734436, -0.024214833974838257, -0.0675048828125], [0.0, 0.0, 0.0, 1.0]]], "view": [[0.0, -2.0, 100.0], [-2.0, 0.0, 100.0], [0.0, 0.0, 1.0]], "bev": "bev_483177b167fc44d19598b6552bf9d0b9.png", "aux": "aux_483177b167fc44d19598b6552bf9d0b9.npz", "visibility": "visibility_483177b167fc44d19598b6552bf9d0b9.png", "pose": [[-0.9728902578353882, 0.23126713931560516, 0.0, 160.8279571533203], [-0.23126713931560516, -0.9728902578353882, 0.0, 916.383544921875], [0.0, 0.0, 1.0, 0.0], [0.0, 0.0, 0.0, 1.0]], "pose_inverse": [[-0.9728902578353882, -0.23126713931560516, 0.0, 368.3973693847656], [0.23126713931560516, -0.9728902578353882, 0.0, 854.346435546875], [0.0, 0.0, 1.0, 0.0], [0.0, 0.0, 0.0, 1.0]], "cam_ids": [0, 1, 2, 3, 4, 5], "cam_channels": ["CAM_FRONT_LEFT", "CAM_FRONT", "CAM_FRONT_RIGHT", "CAM_BACK_LEFT", "CAM_BACK", "CAM_BACK_RIGHT"], "token": "483177b167fc44d19598b6552bf9d0b9", "scene": "scene-0988"}, {"images": ["samples/CAM_FRONT_LEFT/n015-2018-09-25-11-10-38+0800__CAM_FRONT_LEFT__1537845515404844.jpg", "samples/CAM_FRONT/n015-2018-09-25-11-10-38+0800__CAM_FRONT__1537845515412460.jpg", "samples/CAM_FRONT_RIGHT/n015-2018-09-25-11-10-38+0800__CAM_FRONT_RIGHT__1537845515420339.jpg", "samples/CAM_BACK_LEFT/n015-2018-09-25-11-10-38+0800__CAM_BACK_LEFT__1537845515447423.jpg", "samples/CAM_BACK/n015-2018-09-25-11-10-38+0800__CAM_BACK__1537845515437525.jpg", "samples/CAM_BACK_RIGHT/n015-2018-09-25-11-10-38+0800__CAM_BACK_RIGHT__1537845515427893.jpg"], "intrinsics": [[[1272.5979470598488, 0.0, 826.6154927353808], [0.0, 1272.5979470598488, 479.75165386361925], [0.0, 0.0, 1.0]], [[1266.417203046554, 0.0, 816.2670197447984], [0.0, 1266.417203046554, 491.50706579294757], [0.0, 0.0, 1.0]], [[1260.8474446004698, 0.0, 807.968244525554], [0.0, 1260.8474446004698, 495.3344268742088], [0.0, 0.0, 1.0]], [[1256.7414812095406, 0.0, 792.1125740759628], [0.0, 1256.7414812095406, 492.7757465151356], [0.0, 0.0, 1.0]], [[809.2209905677063, 0.0, 829.2196003259838], [0.0, 809.2209905677063, 481.77842384512485], [0.0, 0.0, 1.0]], [[1259.5137405846733, 0.0, 807.2529053838625], [0.0, 1259.5137405846733, 501.19579884916527], [0.0, 0.0, 1.0]]], "extrinsics": [[[0.8208107948303223, -0.5711191296577454, -0.00962028931826353, -0.9577789306640625], [-0.003065867582336068, 0.012436989694833755, -0.9999179244041443, 1.508218765258789], [0.5711919069290161, 0.8207730054855347, 0.008457439951598644, -1.27557373046875], [0.0, 0.0, 0.0, 1.0]], [[0.005782533437013626, -0.9999477863311768, -0.008424770087003708, 0.00531005859375], [-0.008353045210242271, 0.008376317098736763, -0.9999300837516785, 1.5204720497131348], [0.9999484419822693, 0.005852482747286558, -0.00830417312681675, -1.685272216796875], [0.0, 0.0, 0.0, 1.0]], [[-0.8329081535339355, -0.5532832145690918, -0.011896642856299877, 1.02783203125], [-0.002718650968745351, 0.0255874190479517, -0.9996688961982727, 1.5036277770996094], [0.5534044504165649, -0.8326001167297363, -0.02281615510582924, -1.245574951171875], [0.0, 0.0, 0.0, 1.0]], [[0.9477648138999939, 0.3189428746700287, 0.004150591790676117, -1.1422119140625], [0.005988937336951494, -0.004783409181982279, -0.9999706149101257, 1.5885554552078247], [-0.31891360878944397, 0.9477618336677551, -0.0064436765387654305, -0.10369873046875], [0.0, 0.0, 0.0, 1.0]], [[0.002378512639552355, 0.9999836683273315, 0.005187210161238909, 0.0028076171875], [-0.01943983882665634, 0.005232481751590967, -0.9997973442077637, 1.5793200731277466], [-0.9998081922531128, 0.0022772017400711775, 0.019451966509222984, -9.1552734375e-05], [0.0, 0.0, 0.0, 1.0]], [[-0.934821605682373, 0.3550818860530853, -0.0050158314406871796, 1.1325531005859375], [0.013177772983908653, 0.020571403205394745, -0.9997015595436096, 1.5514984130859375], [-0.35487276315689087, -0.9346088767051697, -0.023909784853458405, -0.06494140625], [0.0, 0.0, 0.0, 1.0]]], "view": [[0.0, -2.0, 100.0], [-2.0, 0.0, 100.0], [0.0, 0.0, 1.0]], "bev": "bev_ac5c49caa46946de98824d0a3d414677.png", "aux": "aux_ac5c49caa46946de98824d0a3d414677.npz", "visibility": "visibility_ac5c49caa46946de98824d0a3d414677.png", "pose": [[-0.972756028175354, 0.23183117806911469, 0.0, 160.6651611328125], [-0.23183117806911469, -0.972756028175354, 0.0, 916.3494262695312], [0.0, 0.0, 1.0, 0.0], [0.0, 0.0, 0.0, 1.0]], "pose_inverse": [[-0.972756028175354, -0.23183117806911469, 0.0, 368.72637939453125], [0.23183117806911469, -0.972756028175354, 0.0, 854.1372680664062], [0.0, 0.0, 1.0, 0.0], [0.0, 0.0, 0.0, 1.0]], "cam_ids": [0, 1, 2, 3, 4, 5], "cam_channels": ["CAM_FRONT_LEFT", "CAM_FRONT", "CAM_FRONT_RIGHT", "CAM_BACK_LEFT", "CAM_BACK", "CAM_BACK_RIGHT"], "token": "ac5c49caa46946de98824d0a3d414677", "scene": "scene-0988"}, {"images": ["samples/CAM_FRONT_LEFT/n015-2018-09-25-11-10-38+0800__CAM_FRONT_LEFT__1537845515904844.jpg", "samples/CAM_FRONT/n015-2018-09-25-11-10-38+0800__CAM_FRONT__1537845515912460.jpg", "samples/CAM_FRONT_RIGHT/n015-2018-09-25-11-10-38+0800__CAM_FRONT_RIGHT__1537845515920339.jpg", "samples/CAM_BACK_LEFT/n015-2018-09-25-11-10-38+0800__CAM_BACK_LEFT__1537845515947423.jpg", "samples/CAM_BACK/n015-2018-09-25-11-10-38+0800__CAM_BACK__1537845515937525.jpg", "samples/CAM_BACK_RIGHT/n015-2018-09-25-11-10-38+0800__CAM_BACK_RIGHT__1537845515927893.jpg"], "intrinsics": [[[1272.5979470598488, 0.0, 826.6154927353808], [0.0, 1272.5979470598488, 479.75165386361925], [0.0, 0.0, 1.0]], [[1266.417203046554, 0.0, 816.2670197447984], [0.0, 1266.417203046554, 491.50706579294757], [0.0, 0.0, 1.0]], [[1260.8474446004698, 0.0, 807.968244525554], [0.0, 1260.8474446004698, 495.3344268742088], [0.0, 0.0, 1.0]], [[1256.7414812095406, 0.0, 792.1125740759628], [0.0, 1256.7414812095406, 492.7757465151356], [0.0, 0.0, 1.0]], [[809.2209905677063, 0.0, 829.2196003259838], [0.0, 809.2209905677063, 481.77842384512485], [0.0, 0.0, 1.0]], [[1259.5137405846733, 0.0, 807.2529053838625], [0.0, 1259.5137405846733, 501.19579884916527], [0.0, 0.0, 1.0]]], "extrinsics": [[[0.8207549452781677, -0.5712229609489441, -0.008095037192106247, -0.9658355712890625], [-0.0009990307735279202, 0.012734810821712017, -0.9999184012413025, 1.5082454681396484], [0.5712793469429016, 0.8206961154937744, 0.009881490841507912, -1.28106689453125], [0.0, 0.0, 0.0, 1.0]], [[0.005681691691279411, -0.9999457597732544, -0.008713766001164913, 0.0052490234375], [-0.006229139398783445, 0.008678345941007137, -0.99994295835495, 1.5205378532409668], [0.9999644160270691, 0.0057356576435267925, -0.006179495714604855, -1.693359375], [0.0, 0.0, 0.0, 1.0]], [[-0.8329349160194397, -0.5531967282295227, -0.013882950879633427, 1.03302001953125], [-0.000534805643837899, 0.02589269168674946, -0.9996645450592041, 1.5036430358886719], [0.5533705949783325, -0.8326480984687805, -0.021862780675292015, -1.24908447265625], [0.0, 0.0, 0.0, 1.0]], [[0.9477562308311462, 0.31892845034599304, 0.006520996801555157, -1.1422119140625], [0.008380046114325523, -0.004457238595932722, -0.9999549388885498, 1.588556170463562], [-0.3188849687576294, 0.9477683305740356, -0.006897010840475559, -0.10382080078125], [0.0, 0.0, 0.0, 1.0]], [[0.002412868896499276, 0.9999818801879883, 0.005520930048078299, 0.0028076171875], [-0.017128273844718933, 0.005561464931815863, -0.9998378157615662, 1.5793617963790894], [-0.9998503923416138, 0.002317940816283226, 0.01714138127863407, 0.00213623046875], [0.0, 0.0, 0.0, 1.0]], [[-0.934781014919281, 0.35515546798706055, -0.0070004211738705635, 1.1367301940917969], [0.015422572381794453, 0.02088850550353527, -0.9996628761291504, 1.5514392852783203], [-0.35488951206207275, -0.9345738291740417, -0.025003589689731598, -0.0633544921875], [0.0, 0.0, 0.0, 1.0]]], "view": [[0.0, -2.0, 100.0], [-2.0, 0.0, 100.0], [0.0, 0.0, 1.0]], "bev": "bev_c2495bee946149858b48381f635a8043.png", "aux": "aux_c2495bee946149858b48381f635a8043.npz", "visibility": "visibility_c2495bee946149858b48381f635a8043.png", "pose": [[-0.9728232026100159, 0.23154906928539276, 0.0, 160.6295166015625], [-0.23154906928539276, -0.9728232026100159, 0.0, 916.34423828125], [0.0, 0.0, 1.0, 0.0], [0.0, 0.0, 0.0, 1.0]], "pose_inverse": [[-0.9728232026100159, -0.23154906928539276, 0.0, 368.4427795410156], [0.23154906928539276, -0.9728232026100159, 0.0, 854.247314453125], [0.0, 0.0, 1.0, 0.0], [0.0, 0.0, 0.0, 1.0]], "cam_ids": [0, 1, 2, 3, 4, 5], "cam_channels": ["CAM_FRONT_LEFT", "CAM_FRONT", "CAM_FRONT_RIGHT", "CAM_BACK_LEFT", "CAM_BACK", "CAM_BACK_RIGHT"], "token": "c2495bee946149858b48381f635a8043", "scene": "scene-0988"}, {"images": ["samples/CAM_FRONT_LEFT/n015-2018-09-25-11-10-38+0800__CAM_FRONT_LEFT__1537845516404844.jpg", "samples/CAM_FRONT/n015-2018-09-25-11-10-38+0800__CAM_FRONT__1537845516412460.jpg", "samples/CAM_FRONT_RIGHT/n015-2018-09-25-11-10-38+0800__CAM_FRONT_RIGHT__1537845516420339.jpg", "samples/CAM_BACK_LEFT/n015-2018-09-25-11-10-38+0800__CAM_BACK_LEFT__1537845516447423.jpg", "samples/CAM_BACK/n015-2018-09-25-11-10-38+0800__CAM_BACK__1537845516437525.jpg", "samples/CAM_BACK_RIGHT/n015-2018-09-25-11-10-38+0800__CAM_BACK_RIGHT__1537845516427893.jpg"], "intrinsics": [[[1272.5979470598488, 0.0, 826.6154927353808], [0.0, 1272.5979470598488, 479.75165386361925], [0.0, 0.0, 1.0]], [[1266.417203046554, 0.0, 816.2670197447984], [0.0, 1266.417203046554, 491.50706579294757], [0.0, 0.0, 1.0]], [[1260.8474446004698, 0.0, 807.968244525554], [0.0, 1260.8474446004698, 495.3344268742088], [0.0, 0.0, 1.0]], [[1256.7414812095406, 0.0, 792.1125740759628], [0.0, 1256.7414812095406, 492.7757465151356], [0.0, 0.0, 1.0]], [[809.2209905677063, 0.0, 829.2196003259838], [0.0, 809.2209905677063, 481.77842384512485], [0.0, 0.0, 1.0]], [[1259.5137405846733, 0.0, 807.2529053838625], [0.0, 1259.5137405846733, 501.19579884916527], [0.0, 0.0, 1.0]]], "extrinsics": [[[0.8207877278327942, -0.5711864233016968, -0.007314988411962986, -0.9651031494140625], [-0.00013319370918907225, 0.012614240869879723, -0.9999204277992249, 1.5082454681396484], [0.5712331533432007, 0.8207234740257263, 0.010277535766363144, -1.280517578125], [0.0, 0.0, 0.0, 1.0]], [[0.005729470867663622, -0.9999467134475708, -0.008582061156630516, 0.00518798828125], [-0.005446094553917646, 0.008550872094929218, -0.9999486207962036, 1.520533561706543], [0.9999687671661377, 0.005775916390120983, -0.005396811757236719, -1.692474365234375], [0.0, 0.0, 0.0, 1.0]], [[-0.8329073190689087, -0.5532252788543701, -0.014389549382030964, 1.032470703125], [0.00016217281518038362, 0.025757499039173126, -0.9996681809425354, 1.5036430358886719], [0.5534123182296753, -0.8326333165168762, -0.021363893523812294, -1.248809814453125], [0.0, 0.0, 0.0, 1.0]], [[0.9477541446685791, 0.318925142288208, 0.006980672478675842, -1.14215087890625], [0.008928312920033932, -0.004645379260182381, -0.9999493360519409, 1.5885562896728516], [-0.31887656450271606, 0.94776850938797, -0.007250141352415085, -0.10369873046875], [0.0, 0.0, 0.0, 1.0]], [[0.002401309786364436, 0.9999828338623047, 0.0053450437262654305, 0.0028076171875], [-0.0165520329028368, 0.005384073127061129, -0.9998485445976257, 1.5793575048446655], [-0.9998601078987122, 0.0023124816361814737, 0.01656467840075493, 0.00189208984375], [0.0, 0.0, 0.0, 1.0]], [[-0.9347841143608093, 0.3551340699195862, -0.007642728742212057, 1.1363258361816406], [0.016048891469836235, 0.02073061093688011, -0.9996563196182251, 1.5514469146728516], [-0.3548536002635956, -0.9345855116844177, -0.02507815510034561, -0.06353759765625], [0.0, 0.0, 0.0, 1.0]]], "view": [[0.0, -2.0, 100.0], [-2.0, 0.0, 100.0], [0.0, 0.0, 1.0]], "bev": "bev_ea5ab64f3b294f409c18d8545a0d3afc.png", "aux": "aux_ea5ab64f3b294f409c18d8545a0d3afc.npz", "visibility": "visibility_ea5ab64f3b294f409c18d8545a0d3afc.png", "pose": [[-0.9728190898895264, 0.2315663844347, 0.0, 160.63800048828125], [-0.2315663844347, -0.9728190898895264, 0.0, 916.3488159179688], [0.0, 0.0, 1.0, 0.0], [0.0, 0.0, 0.0, 1.0]], "pose_inverse": [[-0.9728190898895264, -0.2315663844347, 0.0, 368.46728515625], [0.2315663844347, -0.9728190898895264, 0.0, 854.2432861328125], [0.0, 0.0, 1.0, 0.0], [0.0, 0.0, 0.0, 1.0]], "cam_ids": [0, 1, 2, 3, 4, 5], "cam_channels": ["CAM_FRONT_LEFT", "CAM_FRONT", "CAM_FRONT_RIGHT", "CAM_BACK_LEFT", "CAM_BACK", "CAM_BACK_RIGHT"], "token": "ea5ab64f3b294f409c18d8545a0d3afc", "scene": "scene-0988"}, {"images": ["samples/CAM_FRONT_LEFT/n015-2018-09-25-11-10-38+0800__CAM_FRONT_LEFT__1537845516904844.jpg", "samples/CAM_FRONT/n015-2018-09-25-11-10-38+0800__CAM_FRONT__1537845516912460.jpg", "samples/CAM_FRONT_RIGHT/n015-2018-09-25-11-10-38+0800__CAM_FRONT_RIGHT__1537845516920339.jpg", "samples/CAM_BACK_LEFT/n015-2018-09-25-11-10-38+0800__CAM_BACK_LEFT__1537845516947423.jpg", "samples/CAM_BACK/n015-2018-09-25-11-10-38+0800__CAM_BACK__1537845516937525.jpg", "samples/CAM_BACK_RIGHT/n015-2018-09-25-11-10-38+0800__CAM_BACK_RIGHT__1537845516927893.jpg"], "intrinsics": [[[1272.5979470598488, 0.0, 826.6154927353808], [0.0, 1272.5979470598488, 479.75165386361925], [0.0, 0.0, 1.0]], [[1266.417203046554, 0.0, 816.2670197447984], [0.0, 1266.417203046554, 491.50706579294757], [0.0, 0.0, 1.0]], [[1260.8474446004698, 0.0, 807.968244525554], [0.0, 1260.8474446004698, 495.3344268742088], [0.0, 0.0, 1.0]], [[1256.7414812095406, 0.0, 792.1125740759628], [0.0, 1256.7414812095406, 492.7757465151356], [0.0, 0.0, 1.0]], [[809.2209905677063, 0.0, 829.2196003259838], [0.0, 809.2209905677063, 481.77842384512485], [0.0, 0.0, 1.0]], [[1259.5137405846733, 0.0, 807.2529053838625], [0.0, 1259.5137405846733, 501.19579884916527], [0.0, 0.0, 1.0]]], "extrinsics": [[[0.820769727230072, -0.5712543725967407, -0.0023171664215624332, -0.9551544189453125], [0.005854514893144369, 0.012467574328184128, -0.9999051094055176, 1.5083122253417969], [0.571229100227356, 0.8206784129142761, 0.013577425852417946, -1.2738037109375], [0.0, 0.0, 0.0, 1.0]], [[0.005698548164218664, -0.9999485611915588, -0.008387296460568905, 0.00543212890625], [0.0005423237453214824, 0.008390521630644798, -0.9999646544456482, 1.520535945892334], [0.9999836683273315, 0.005693806800991297, 0.000590108975302428, -1.6822509765625], [0.0, 0.0, 0.0, 1.0]], [[-0.8328497409820557, -0.5531631112098694, -0.01928049325942993, 1.02569580078125], [0.006150258705019951, 0.02558300830423832, -0.9996537566184998, 1.5036907196044922], [0.5534648299217224, -0.8326800465583801, -0.01790470816195011, -1.244110107421875], [0.0, 0.0, 0.0, 1.0]], [[0.9477169513702393, 0.3188683092594147, 0.012470419518649578, -1.1419677734375], [0.014785573817789555, -0.004840964451432228, -0.9998789429664612, 1.5885605812072754], [-0.318769246339798, 0.9477866888046265, -0.009302513673901558, -0.1038818359375], [0.0, 0.0, 0.0, 1.0]], [[0.0024379966780543327, 0.9999836087226868, 0.005175695288926363, 0.00286865234375], [-0.010630249977111816, 0.005201334599405527, -0.9999299645423889, 1.579322099685669], [-0.9999405145645142, 0.002382825594395399, 0.010642756707966328, -0.00146484375], [0.0, 0.0, 0.0, 1.0]], [[-0.9346956014633179, 0.3552010655403137, -0.013279917649924755, 1.130523681640625], [0.022012265399098396, 0.02055419608950615, -0.9995464086532593, 1.5515785217285156], [-0.3547670245170593, -0.9345638751983643, -0.02703069895505905, -0.06573486328125], [0.0, 0.0, 0.0, 1.0]]], "view": [[0.0, -2.0, 100.0], [-2.0, 0.0, 100.0], [0.0, 0.0, 1.0]], "bev": "bev_f51b0fbefda844caaa1d6efd54148481.png", "aux": "aux_f51b0fbefda844caaa1d6efd54148481.npz", "visibility": "visibility_f51b0fbefda844caaa1d6efd54148481.png", "pose": [[-0.9728264808654785, 0.23153527081012726, 0.0, 160.5961456298828], [-0.23153527081012726, -0.9728264808654785, 0.0, 916.3411254882812], [0.0, 0.0, 1.0, 0.0], [0.0, 0.0, 0.0, 1.0]], "pose_inverse": [[-0.9728264808654785, -0.23153527081012726, 0.0, 368.3974914550781], [0.23153527081012726, -0.9728264808654785, 0.0, 854.2572631835938], [0.0, 0.0, 1.0, 0.0], [0.0, 0.0, 0.0, 1.0]], "cam_ids": [0, 1, 2, 3, 4, 5], "cam_channels": ["CAM_FRONT_LEFT", "CAM_FRONT", "CAM_FRONT_RIGHT", "CAM_BACK_LEFT", "CAM_BACK", "CAM_BACK_RIGHT"], "token": "f51b0fbefda844caaa1d6efd54148481", "scene": "scene-0988"}, {"images": ["samples/CAM_FRONT_LEFT/n015-2018-09-25-11-10-38+0800__CAM_FRONT_LEFT__1537845517404844.jpg", "samples/CAM_FRONT/n015-2018-09-25-11-10-38+0800__CAM_FRONT__1537845517412460.jpg", "samples/CAM_FRONT_RIGHT/n015-2018-09-25-11-10-38+0800__CAM_FRONT_RIGHT__1537845517420339.jpg", "samples/CAM_BACK_LEFT/n015-2018-09-25-11-10-38+0800__CAM_BACK_LEFT__1537845517447423.jpg", "samples/CAM_BACK/n015-2018-09-25-11-10-38+0800__CAM_BACK__1537845517437534.jpg", "samples/CAM_BACK_RIGHT/n015-2018-09-25-11-10-38+0800__CAM_BACK_RIGHT__1537845517427893.jpg"], "intrinsics": [[[1272.5979470598488, 0.0, 826.6154927353808], [0.0, 1272.5979470598488, 479.75165386361925], [0.0, 0.0, 1.0]], [[1266.417203046554, 0.0, 816.2670197447984], [0.0, 1266.417203046554, 491.50706579294757], [0.0, 0.0, 1.0]], [[1260.8474446004698, 0.0, 807.968244525554], [0.0, 1260.8474446004698, 495.3344268742088], [0.0, 0.0, 1.0]], [[1256.7414812095406, 0.0, 792.1125740759628], [0.0, 1256.7414812095406, 492.7757465151356], [0.0, 0.0, 1.0]], [[809.2209905677063, 0.0, 829.2196003259838], [0.0, 809.2209905677063, 481.77842384512485], [0.0, 0.0, 1.0]], [[1259.5137405846733, 0.0, 807.2529053838625], [0.0, 1259.5137405846733, 501.19579884916527], [0.0, 0.0, 1.0]]], "extrinsics": [[[0.8221518397331238, -0.5692656636238098, -0.0016777693526819348, -0.924041748046875], [0.005014581140130758, 0.010189281776547432, -0.999935507774353, 1.5084857940673828], [0.5692460536956787, 0.8220904469490051, 0.01123176608234644, -1.25299072265625], [0.0, 0.0, 0.0, 1.0]], [[0.007722891867160797, -0.9999517798423767, -0.0060640545561909676, 0.00616455078125], [-0.00032198952976614237, 0.006061748135834932, -0.9999816417694092, 1.5205163955688477], [0.9999701380729675, 0.007724690716713667, -0.00027515972033143044, -1.65142822265625], [0.0, 0.0, 0.0, 1.0]], [[-0.8319815993309021, -0.5545355081558228, -0.01722954958677292, 1.00592041015625], [0.005223617423325777, 0.023224325850605965, -0.9997166395187378, 1.5037994384765625], [0.554778516292572, -0.8318358659744263, -0.01642553135752678, -1.23040771484375], [0.0, 0.0, 0.0, 1.0]], [[0.9477207064628601, 0.31892117857933044, 0.01071164384484291, -1.14141845703125], [0.01376853697001934, -0.0073321801610291, -0.9998782873153687, 1.588568925857544], [-0.3188037574291229, 0.9477528929710388, -0.0