[{"images": ["samples/CAM_FRONT_LEFT/n008-2018-08-30-15-16-55-0400__CAM_FRONT_LEFT__1535657288354799.jpg", "samples/CAM_FRONT/n008-2018-08-30-15-16-55-0400__CAM_FRONT__1535657288362404.jpg", "samples/CAM_FRONT_RIGHT/n008-2018-08-30-15-16-55-0400__CAM_FRONT_RIGHT__1535657288370482.jpg", "samples/CAM_BACK_LEFT/n008-2018-08-30-15-16-55-0400__CAM_BACK_LEFT__1535657288397405.jpg", "samples/CAM_BACK/n008-2018-08-30-15-16-55-0400__CAM_BACK__1535657288387558.jpg", "samples/CAM_BACK_RIGHT/n008-2018-08-30-15-16-55-0400__CAM_BACK_RIGHT__1535657288378113.jpg"], "intrinsics": [[[1257.8625342125129, 0.0, 827.2410631095686], [0.0, 1257.8625342125129, 450.915498205774], [0.0, 0.0, 1.0]], [[1252.8131021185304, 0.0, 826.588114781398], [0.0, 1252.8131021185304, 469.9846626224581], [0.0, 0.0, 1.0]], [[1256.7485116440405, 0.0, 817.7887570959712], [0.0, 1256.7485116440403, 451.9541780095127], [0.0, 0.0, 1.0]], [[1254.9860565800168, 0.0, 829.5769333630991], [0.0, 1254.9860565800168, 467.1680561863987], [0.0, 0.0, 1.0]], [[796.8910634503094, 0.0, 857.7774326863696], [0.0, 796.8910634503094, 476.8848988407415], [0.0, 0.0, 1.0]], [[1249.9629280788233, 0.0, 825.3768045375984], [0.0, 1249.9629280788233, 462.54816385708756], [0.0, 0.0, 1.0]]], "extrinsics": [[[0.8223438858985901, -0.5689260363578796, -0.008590543642640114, -0.706451416015625], [0.0033333091996610165, 0.019914574921131134, -0.9997961521148682, 1.4894256591796875], [0.5689810514450073, 0.8221476078033447, 0.018273035064339638, -1.13104248046875], [0.0, 0.0, 0.0, 1.0]], [[0.009952728636562824, -0.9998274445533752, -0.015682460740208626, 0.01123046875], [0.005429757293313742, 0.01573704369366169, -0.9998614192008972, 1.4817399978637695], [0.9999357461929321, 0.009866209700703621, 0.005585447419434786, -1.436309814453125], [0.0, 0.0, 0.0, 1.0]], [[-0.8441342711448669, -0.5359147191047668, -0.015255256555974483, 0.89569091796875], [0.013611611910164356, 0.007022455800324678, -0.999882698059082, 1.4962162971496582], [0.5359589457511902, -0.8442429304122925, 0.0013667662860825658, -1.15106201171875], [0.0, 0.0, 0.0, 1.0]], [[0.9478633403778076, 0.3186573088169098, -0.0035606399178504944, -1.131988525390625], [-0.01134477648884058, 0.02257532998919487, -0.9996808171272278, 1.5618972778320312], [-0.31847527623176575, 0.9476010799407959, 0.025013424456119537, -0.1602783203125], [0.0, 0.0, 0.0, 1.0]], [[0.009331230074167252, 0.999847412109375, 0.014769019559025764, -0.02886962890625], [-0.009360361844301224, 0.014856352470815182, -0.9998458027839661, 1.5671796798706055], [-0.9999126195907593, 0.009191506542265415, 0.009497561492025852, -0.04836273193359375], [0.0, 0.0, 0.0, 1.0]], [[-0.9236787557601929, 0.38316333293914795, 0.0018715551123023033, 1.003265380859375], [-0.005331320222467184, -0.007967773824930191, -0.9999540448188782, 1.5469202995300293], [-0.3831307291984558, -0.9236462116241455, 0.009402429684996605, -0.10711669921875], [0.0, 0.0, 0.0, 1.0]]], "view": [[0.0, -2.0, 100.0], [-2.0, 0.0, 100.0], [0.0, 0.0, 1.0]], "bev": "bev_90376c128b9046c1986aea77093b8702.png", "aux": "aux_90376c128b9046c1986aea77093b8702.npz", "visibility": "visibility_90376c128b9046c1986aea77093b8702.png", "pose": [[0.7623629570007324, 0.6471496820449829, 0.0, 690.4185180664062], [-0.6471496820449829, 0.7623629570007324, 0.0, 617.8515014648438], [0.0, 0.0, 1.0, 0.0], [0.0, 0.0, 0.0, 1.0]], "pose_inverse": [[0.7623629570007324, -0.6471496820449829, 0.0, -126.50708770751953], [0.6471496820449829, 0.7623629570007324, 0.0, -917.8312377929688], [0.0, 0.0, 1.0, 0.0], [0.0, 0.0, 0.0, 1.0]], "cam_ids": [0, 1, 2, 3, 4, 5], "cam_channels": ["CAM_FRONT_LEFT", "CAM_FRONT", "CAM_FRONT_RIGHT", "CAM_BACK_LEFT", "CAM_BACK", "CAM_BACK_RIGHT"], "token": "90376c128b9046c1986aea77093b8702", "scene": "scene-0764"}, {"images": ["samples/CAM_FRONT_LEFT/n008-2018-08-30-15-16-55-0400__CAM_FRONT_LEFT__1535657288904799.jpg", "samples/CAM_FRONT/n008-2018-08-30-15-16-55-0400__CAM_FRONT__1535657288915760.jpg", "samples/CAM_FRONT_RIGHT/n008-2018-08-30-15-16-55-0400__CAM_FRONT_RIGHT__1535657288920482.jpg", "samples/CAM_BACK_LEFT/n008-2018-08-30-15-16-55-0400__CAM_BACK_LEFT__1535657288947405.jpg", "samples/CAM_BACK/n008-2018-08-30-15-16-55-0400__CAM_BACK__1535657288937558.jpg", "samples/CAM_BACK_RIGHT/n008-2018-08-30-15-16-55-0400__CAM_BACK_RIGHT__1535657288928113.jpg"], "intrinsics": [[[1257.8625342125129, 0.0, 827.2410631095686], [0.0, 1257.8625342125129, 450.915498205774], [0.0, 0.0, 1.0]], [[1252.8131021185304, 0.0, 826.588114781398], [0.0, 1252.8131021185304, 469.9846626224581], [0.0, 0.0, 1.0]], [[1256.7485116440405, 0.0, 817.7887570959712], [0.0, 1256.7485116440403, 451.9541780095127], [0.0, 0.0, 1.0]], [[1254.9860565800168, 0.0, 829.5769333630991], [0.0, 1254.9860565800168, 467.1680561863987], [0.0, 0.0, 1.0]], [[796.8910634503094, 0.0, 857.7774326863696], [0.0, 796.8910634503094, 476.8848988407415], [0.0, 0.0, 1.0]], [[1249.9629280788233, 0.0, 825.3768045375984], [0.0, 1249.9629280788233, 462.54816385708756], [0.0, 0.0, 1.0]]], "extrinsics": [[[0.822109580039978, -0.5686741471290588, -0.027305394411087036, -0.728302001953125], [-0.018402213230729103, 0.021393422037363052, -0.9996017217636108, 1.4820728302001953], [0.569031834602356, 0.8222846984863281, 0.007122873328626156, -1.14556884765625], [0.0, 0.0, 0.0, 1.0]], [[0.009851282462477684, -0.9998024702072144, -0.01725834608078003, 0.0101318359375], [-0.017522228881716728, 0.01708393543958664, -0.9997004866600037, 1.475724220275879], [0.9997978806495667, 0.010150724090635777, -0.017350468784570694, -1.4835052490234375], [0.0, 0.0, 0.0, 1.0]], [[-0.8441320061683655, -0.5361207723617554, 0.003958858549594879, 0.9100341796875], [-0.00996495969593525, 0.008306368254125118, -0.9999158382415771, 1.490912914276123], [0.5360427498817444, -0.8441004157066345, -0.012354094535112381, -1.1605224609375], [0.0, 0.0, 0.0, 1.0]], [[0.9473480582237244, 0.3189127743244171, -0.02874538116157055, -1.13543701171875], [-0.03802597150206566, 0.022911569103598595, -0.9990140199661255, 1.561697006225586], [-0.31793978810310364, 0.9475070834159851, 0.03383219987154007, -0.1590576171875], [0.0, 0.0, 0.0, 1.0]], [[0.009448862634599209, 0.9998382329940796, 0.015306961722671986, -0.02880859375], [-0.03496469929814339, 0.0156286358833313, -0.9992663264274597, 1.565101146697998], [-0.999343991279602, 0.008906709030270576, 0.03510671481490135, -0.0399627685546875], [0.0, 0.0, 0.0, 1.0]], [[-0.9234494566917419, 0.3829120993614197, 0.024886032566428185, 1.0154876708984375], [-0.029790380969643593, -0.006882817950099707, -0.9995324611663818, 1.5431547164916992], [-0.38256171345710754, -0.9237591624259949, 0.017763031646609306, -0.10235595703125], [0.0, 0.0, 0.0, 1.0]]], "view": [[0.0, -2.0, 100.0], [-2.0, 0.0, 100.0], [0.0, 0.0, 1.0]], "bev": "bev_27c627f145bc49049462961f7a8c3491.png", "aux": "aux_27c627f145bc49049462961f7a8c3491.npz", "visibility": "visibility_27c627f145bc49049462961f7a8c3491.png", "pose": [[0.7669512629508972, 0.641705334186554, 0.0, 693.666015625], [-0.641705334186554, 0.7669512629508972, 0.0, 615.0776977539062], [0.0, 0.0, 1.0, 0.0], [0.0, 0.0, 0.0, 1.0]], "pose_inverse": [[0.7669512629508972, -0.641705334186554, 0.0, -137.30938720703125], [0.641705334186554, 0.7669512629508972, 0.0, -916.8638305664062], [0.0, 0.0, 1.0, 0.0], [0.0, 0.0, 0.0, 1.0]], "cam_ids": [0, 1, 2, 3, 4, 5], "cam_channels": ["CAM_FRONT_LEFT", "CAM_FRONT", "CAM_FRONT_RIGHT", "CAM_BACK_LEFT", "CAM_BACK", "CAM_BACK_RIGHT"], "token": "27c627f145bc49049462961f7a8c3491", "scene": "scene-0764"}, {"images": ["samples/CAM_FRONT_LEFT/n008-2018-08-30-15-16-55-0400__CAM_FRONT_LEFT__1535657289404799.jpg", "samples/CAM_FRONT/n008-2018-08-30-15-16-55-0400__CAM_FRONT__1535657289412404.jpg", "samples/CAM_FRONT_RIGHT/n008-2018-08-30-15-16-55-0400__CAM_FRONT_RIGHT__1535657289420482.jpg", "samples/CAM_BACK_LEFT/n008-2018-08-30-15-16-55-0400__CAM_BACK_LEFT__1535657289447405.jpg", "samples/CAM_BACK/n008-2018-08-30-15-16-55-0400__CAM_BACK__1535657289437655.jpg", "samples/CAM_BACK_RIGHT/n008-2018-08-30-15-16-55-0400__CAM_BACK_RIGHT__1535657289428113.jpg"], "intrinsics": [[[1257.8625342125129, 0.0, 827.2410631095686], [0.0, 1257.8625342125129, 450.915498205774], [0.0, 0.0, 1.0]], [[1252.8131021185304, 0.0, 826.588114781398], [0.0, 1252.8131021185304, 469.9846626224581], [0.0, 0.0, 1.0]], [[1256.7485116440405, 0.0, 817.7887570959712], [0.0, 1256.7485116440403, 451.9541780095127], [0.0, 0.0, 1.0]], [[1254.9860565800168, 0.0, 829.5769333630991], [0.0, 1254.9860565800168, 467.1680561863987], [0.0, 0.0, 1.0]], [[796.8910634503094, 0.0, 857.7774326863696], [0.0, 796.8910634503094, 476.8848988407415], [0.0, 0.0, 1.0]], [[1249.9629280788233, 0.0, 825.3768045375984], [0.0, 1249.9629280788233, 462.54816385708756], [0.0, 0.0, 1.0]]], "extrinsics": [[[0.8220263719558716, -0.5690086483955383, -0.022401832044124603, -0.75299072265625], [-0.02001854218542576, 0.010439825244247913, -0.9997451305389404, 1.482165813446045], [0.5690975189208984, 0.8222652673721313, -0.00280891265720129, -1.16204833984375], [0.0, 0.0, 0.0, 1.0]], [[0.009787766262888908, -0.999929666519165, -0.006693879142403603, 0.00994873046875], [-0.017461160197854042, 0.006522268522530794, -0.9998263120651245, 1.4757667779922485], [0.9997996687889099, 0.00990298856049776, -0.017396094277501106, -1.483642578125], [0.0, 0.0, 0.0, 1.0]], [[-0.8441540598869324, -0.536033570766449, 0.008478974923491478, 0.92718505859375], [-0.008798965252935886, -0.001960599794983864, -0.9999593496322632, 1.4913618564605713], [0.5360283851623535, -0.8441943526268005, -0.00306149385869503, -1.17181396484375], [0.0, 0.0, 0.0, 1.0]], [[0.947506844997406, 0.31863972544670105, -0.026447996497154236, -1.13702392578125], [-0.0323898009955883, 0.013362428173422813, -0.9993860125541687, 1.5618066787719727], [-0.31809067726135254, 0.9477817416191101, 0.0229816697537899, -0.158447265625], [0.0, 0.0, 0.0, 1.0]], [[0.009406786412000656, 0.9999399185180664, 0.005630227271467447, -0.02880859375], [-0.030856575816869736, 0.005918063689023256, -0.9995062947273254, 1.5657410621643066], [-0.9994795918464661, 0.009228356182575226, 0.030910391360521317, -0.0307464599609375], [0.0, 0.0, 0.0, 1.0]], [[-0.9234985709190369, 0.38314369320869446, 0.018743494525551796, 1.02960205078125], [-0.027282118797302246, -0.0168635044246912, -0.9994855523109436, 1.5439701080322266], [-0.38263046741485596, -0.9235348105430603, 0.026026394218206406, -0.0968017578125], [0.0, 0.0, 0.0, 1.0]]], "view": [[0.0, -2.0, 100.0], [-2.0, 0.0, 100.0], [0.0, 0.0, 1.0]], "bev": "bev_c6ccb72dba684576875aa426633c0d82.png", "aux": "aux_c6ccb72dba684576875aa426633c0d82.npz", "visibility": "visibility_c6ccb72dba684576875aa426633c0d82.png", "pose": [[0.7687745094299316, 0.6395199298858643, 0.0, 696.401611328125], [-0.6395199298858643, 0.7687745094299316, 0.0, 612.7630004882812], [0.0, 0.0, 1.0, 0.0], [0.0, 0.0, 0.0, 1.0]], "pose_inverse": [[0.7687745094299316, -0.6395199298858643, 0.0, -143.50167846679688], [0.6395199298858643, 0.7687745094299316, 0.0, -916.4392700195312], [0.0, 0.0, 1.0, 0.0], [0.0, 0.0, 0.0, 1.0]], "cam_ids": [0, 1, 2, 3, 4, 5], "cam_channels": ["CAM_FRONT_LEFT", "CAM_FRONT", "CAM_FRONT_RIGHT", "CAM_BACK_LEFT", "CAM_BACK", "CAM_BACK_RIGHT"], "token": "c6ccb72dba684576875aa426633c0d82", "scene": "scene-0764"}, {"images": ["samples/CAM_FRONT_LEFT/n008-2018-08-30-15-16-55-0400__CAM_FRONT_LEFT__1535657290004799.jpg", "samples/CAM_FRONT/n008-2018-08-30-15-16-55-0400__CAM_FRONT__1535657290012404.jpg", "samples/CAM_FRONT_RIGHT/n008-2018-08-30-15-16-55-0400__CAM_FRONT_RIGHT__1535657290020482.jpg", "samples/CAM_BACK_LEFT/n008-2018-08-30-15-16-55-0400__CAM_BACK_LEFT__1535657290047405.jpg", "samples/CAM_BACK/n008-2018-08-30-15-16-55-0400__CAM_BACK__1535657290037558.jpg", "samples/CAM_BACK_RIGHT/n008-2018-08-30-15-16-55-0400__CAM_BACK_RIGHT__1535657290028113.jpg"], "intrinsics": [[[1257.8625342125129, 0.0, 827.2410631095686], [0.0, 1257.8625342125129, 450.915498205774], [0.0, 0.0, 1.0]], [[1252.8131021185304, 0.0, 826.588114781398], [0.0, 1252.8131021185304, 469.9846626224581], [0.0, 0.0, 1.0]], [[1256.7485116440405, 0.0, 817.7887570959712], [0.0, 1256.7485116440403, 451.9541780095127], [0.0, 0.0, 1.0]], [[1254.9860565800168, 0.0, 829.5769333630991], [0.0, 1254.9860565800168, 467.1680561863987], [0.0, 0.0, 1.0]], [[796.8910634503094, 0.0, 857.7774326863696], [0.0, 796.8910634503094, 476.8848988407415], [0.0, 0.0, 1.0]], [[1249.9629280788233, 0.0, 825.3768045375984], [0.0, 1249.9629280788233, 462.54816385708756], [0.0, 0.0, 1.0]]], "extrinsics": [[[0.8224592208862305, -0.5686729550361633, -0.01310547161847353, -0.762115478515625], [-0.009035980328917503, 0.009975077584385872, -0.9999094009399414, 1.4856128692626953], [0.5687522292137146, 0.8225031495094299, 0.0030655749142169952, -1.169189453125], [0.0, 0.0, 0.0, 1.0]], [[0.01018306240439415, -0.9999304413795471, -0.005939729977399111, 0.01043701171875], [-0.007243163418024778, 0.0058661215007305145, -0.9999565482139587, 1.4783978462219238], [0.9999218583106995, 0.010225619189441204, -0.007182926405221224, -1.492889404296875], [0.0, 0.0, 0.0, 1.0]], [[-0.8440669775009155, -0.5362368226051331, 0.000999146606773138, 0.9334716796875], [0.0006072759861126542, -0.002819133922457695, -0.9999958276748657, 1.4931926727294922], [0.536237359046936, -0.8440628051757812, 0.0027051817160099745, -1.17510986328125], [0.0, 0.0, 0.0, 1.0]], [[0.9477066993713379, 0.3185184895992279, -0.019949138164520264, -1.136810302734375], [-0.025192812085151672, 0.012351283803582191, -0.9996063113212585, 1.561842918395996], [-0.31814679503440857, 0.9478361010551453, 0.019729774445295334, -0.1590576171875], [0.0, 0.0, 0.0, 1.0]], [[0.009304911829531193, 0.9999459385871887, 0.0046367887407541275, -0.02899169921875], [-0.02284909412264824, 0.004848393611609936, -0.999727189540863, 1.566389799118042], [-0.9996955990791321, 0.009196432307362556, 0.022892974317073822, -0.0285797119140625], [0.0, 0.0, 0.0, 1.0]], [[-0.9236903190612793, 0.38300180435180664, 0.010276591405272484, 1.0342559814453125], [-0.01853310875594616, -0.01787373051047325, -0.9996684789657593, 1.5453109741210938], [-0.38269123435020447, -0.9235745668411255, 0.02360800839960575, -0.09454345703125], [0.0, 0.0, 0.0, 1.0]]], "view": [[0.0, -2.0, 100.0], [-2.0, 0.0, 100.0], [0.0, 0.0, 1.0]], "bev": "bev_9077a42e13474969887639f5765dfc57.png", "aux": "aux_9077a42e13474969887639f5765dfc57.npz", "visibility": "visibility_9077a42e13474969887639f5765dfc57.png", "pose": [[0.768759548664093, 0.6395378708839417, 0.0, 699.5335083007812], [-0.6395378708839417, 0.768759548664093, 0.0, 610.1181640625], [0.0, 0.0, 1.0, 0.0], [0.0, 0.0, 0.0, 1.0]], "pose_inverse": [[0.768759548664093, -0.6395378708839417, 0.0, -147.5793914794922], [0.6395378708839417, 0.768759548664093, 0.0, -916.412353515625], [0.0, 0.0, 1.0, 0.0], [0.0, 0.0, 0.0, 1.0]], "cam_ids": [0, 1, 2, 3, 4, 5], "cam_channels": ["CAM_FRONT_LEFT", "CAM_FRONT", "CAM_FRONT_RIGHT", "CAM_BACK_LEFT", "CAM_BACK", "CAM_BACK_RIGHT"], "token": "9077a42e13474969887639f5765dfc57", "scene": "scene-0764"}, {"images": ["samples/CAM_FRONT_LEFT/n008-2018-08-30-15-16-55-0400__CAM_FRONT_LEFT__1535657290504799.jpg", "samples/CAM_FRONT/n008-2018-08-30-15-16-55-0400__CAM_FRONT__1535657290512404.jpg", "samples/CAM_FRONT_RIGHT/n008-2018-08-30-15-16-55-0400__CAM_FRONT_RIGHT__1535657290520482.jpg", "samples/CAM_BACK_LEFT/n008-2018-08-30-15-16-55-0400__CAM_BACK_LEFT__1535657290547405.jpg", "samples/CAM_BACK/n008-2018-08-30-15-16-55-0400__CAM_BACK__1535657290537558.jpg", "samples/CAM_BACK_RIGHT/n008-2018-08-30-15-16-55-0400__CAM_BACK_RIGHT__1535657290528113.jpg"], "intrinsics": [[[1257.8625342125129, 0.0, 827.2410631095686], [0.0, 1257.8625342125129, 450.915498205774], [0.0, 0.0, 1.0]], [[1252.8131021185304, 0.0, 826.588114781398], [0.0, 1252.8131021185304, 469.9846626224581], [0.0, 0.0, 1.0]], [[1256.7485116440405, 0.0, 817.7887570959712], [0.0, 1256.7485116440403, 451.9541780095127], [0.0, 0.0, 1.0]], [[1254.9860565800168, 0.0, 829.5769333630991], [0.0, 1254.9860565800168, 467.1680561863987], [0.0, 0.0, 1.0]], [[796.8910634503094, 0.0, 857.7774326863696], [0.0, 796.8910634503094, 476.8848988407415], [0.0, 0.0, 1.0]], [[1249.9629280788233, 0.0, 825.3768045375984], [0.0, 1249.9629280788233, 462.54816385708756], [0.0, 0.0, 1.0]]], "extrinsics": [[[0.8226351141929626, -0.5684837102890015, -0.009887289255857468, -0.779327392578125], [-0.0064856125973165035, 0.008006335236132145, -0.9999468922615051, 1.4865012168884277], [0.5685327649116516, 0.8226555585861206, 0.0028993261512368917, -1.18212890625], [0.0, 0.0, 0.0, 1.0]], [[0.010413877665996552, -0.9999376535415649, -0.004025619011372328, 0.01092529296875], [-0.004329497925937176, 0.003980710636824369, -0.9999827146530151, 1.4791847467422485], [0.9999364018440247, 0.010431208647787571, -0.004287772346287966, -1.5112457275390625], [0.0, 0.0, 0.0, 1.0]], [[-0.843977153301239, -0.5363783836364746, -0.0008221017196774483, 0.946533203125], [0.003907162696123123, -0.00461515411734581, -0.999981701374054, 1.4937567710876465], [0.5363647937774658, -0.8439650535583496, 0.005990802310407162, -1.18304443359375], [0.0, 0.0, 0.0, 1.0]], [[0.9477497935295105, 0.31859061121940613, -0.016438834369182587, -1.141845703125], [-0.02101992256939411, 0.010946370661258698, -0.9997191429138184, 1.5619935989379883], [-0.31832119822502136, 0.9478291869163513, 0.01707117259502411, -0.156982421875], [0.0, 0.0, 0.0, 1.0]], [[0.009215888567268848, 0.9999528527259827, 0.003081608796492219, -0.0291748046875], [-0.01899418979883194, 0.0032562396954745054, -0.9998142719268799, 1.566837191581726], [-0.9997771382331848, 0.009155703708529472, 0.01902330107986927, -0.0198822021484375], [0.0, 0.0, 0.0, 1.0]], [[-0.923765242099762, 0.38290640711784363, 0.006358956918120384, 1.0455474853515625], [-0.015000151470303535, -0.019585981965065002, -0.9996956586837769, 1.5459842681884766], [-0.38266521692276, -0.9235795140266418, 0.023836500942707062, -0.089599609375], [0.0, 0.0, 0.0, 1.0]]], "view": [[0.0, -2.0, 100.0], [-2.0, 0.0, 100.0], [0.0, 0.0, 1.0]], "bev": "bev_b43afced2e4441f1be711ca1a5e0aa96.png", "aux": "aux_b43afced2e4441f1be711ca1a5e0aa96.npz", "visibility": "visibility_b43afced2e4441f1be711ca1a5e0aa96.png", "pose": [[0.7650730013847351, 0.6439435482025146, 0.0, 702.023681640625], [-0.6439435482025146, 0.7650730013847351, 0.0, 607.9976806640625], [0.0, 0.0, 1.0, 0.0], [0.0, 0.0, 0.0, 1.0]], "pose_inverse": [[0.7650730013847351, -0.6439435482025146, 0.0, -145.58322143554688], [0.6439435482025146, 0.7650730013847351, 0.0, -917.2262573242188], [0.0, 0.0, 1.0, 0.0], [0.0, 0.0, 0.0, 1.0]], "cam_ids": [0, 1, 2, 3, 4, 5], "cam_channels": ["CAM_FRONT_LEFT", "CAM_FRONT", "CAM_FRONT_RIGHT", "CAM_BACK_LEFT", "CAM_BACK", "CAM_BACK_RIGHT"], "token": "b43afced2e4441f1be711ca1a5e0aa96", "scene": "scene-0764"}, {"images": ["samples/CAM_FRONT_LEFT/n008-2018-08-30-15-16-55-0400__CAM_FRONT_LEFT__1535657291004799.jpg", "samples/CAM_FRONT/n008-2018-08-30-15-16-55-0400__CAM_FRONT__1535657291012404.jpg", "samples/CAM_FRONT_RIGHT/n008-2018-08-30-15-16-55-0400__CAM_FRONT_RIGHT__1535657291020482.jpg", "samples/CAM_BACK_LEFT/n008-2018-08-30-15-16-55-0400__CAM_BACK_LEFT__1535657291047405.jpg", "samples/CAM_BACK/n008-2018-08-30-15-16-55-0400__CAM_BACK__1535657291037558.jpg", "samples/CAM_BACK_RIGHT/n008-2018-08-30-15-16-55-0400__CAM_BACK_RIGHT__1535657291028113.jpg"], "intrinsics": [[[1257.8625342125129, 0.0, 827.2410631095686], [0.0, 1257.8625342125129, 450.915498205774], [0.0, 0.0, 1.0]], [[1252.8131021185304, 0.0, 826.588114781398], [0.0, 1252.8131021185304, 469.9846626224581], [0.0, 0.0, 1.0]], [[1256.7485116440405, 0.0, 817.7887570959712], [0.0, 1256.7485116440403, 451.9541780095127], [0.0, 0.0, 1.0]], [[1254.9860565800168, 0.0, 829.5769333630991], [0.0, 1254.9860565800168, 467.1680561863987], [0.0, 0.0, 1.0]], [[796.8910634503094, 0.0, 857.7774326863696], [0.0, 796.8910634503094, 476.8848988407415], [0.0, 0.0, 1.0]], [[1249.9629280788233, 0.0, 825.3768045375984], [0.0, 1249.9629280788233, 462.54816385708756], [0.0, 0.0, 1.0]]], "extrinsics": [[[0.8227921724319458, -0.5683411359786987, -0.0012664759997278452, -0.778472900390625], [0.004208389203995466, 0.008320797234773636, -0.999956488609314, 1.4894342422485352], [0.5683269500732422, 0.822750985622406, 0.009238086640834808, -1.17889404296875], [0.0, 0.0, 0.0, 1.0]], [[0.010667997412383556, -0.9999343156814575, -0.004177741706371307, 0.00927734375], [0.006295544095337391, 0.004245060030370951, -0.9999712109565735, 1.4815902709960938], [0.9999233484268188, 0.010641343891620636, 0.0063404180109500885, -1.5074310302734375], [0.0, 0.0, 0.0, 1.0]], [[-0.8438174724578857, -0.536540150642395, -0.009839721024036407, 0.94232177734375], [0.01445938553661108, -0.004403185565024614, -0.9998857975006104, 1.495627522468567], [0.5364354848861694, -0.8438633680343628, 0.011473524384200573, -1.181884765625], [0.0, 0.0, 0.0, 1.0]], [[0.9478821754455566, 0.31855058670043945, -0.006696052849292755, -1.139373779296875], [-0.010718567296862602, 0.010876347310841084, -0.9998833537101746, 1.561990737915039], [-0.31844058632850647, 0.9478433728218079, 0.013723902404308319, -0.15765380859375], [0.0, 0.0, 0.0, 1.0]], [[0.00910983607172966, 0.9999532103538513, 0.0032519481610506773, -0.0286865234375], [-0.008654688484966755, 0.003330807201564312, -0.9999569654464722, 1.5674749612808228], [-0.9999211430549622, 0.009081280790269375, 0.008684626780450344, -0.0232696533203125], [0.0, 0.0, 0.0, 1.0]], [[-0.9238365292549133, 0.38277319073677063, -0.003271672176197171, 1.0423126220703125], [-0.004508487414568663, -0.01942697912454605, -0.9998010993003845, 1.547250747680664], [-0.38276058435440063, -0.923638105392456, 0.01967308297753334, -0.0919189453125], [0.0, 0.0, 0.0, 1.0]]], "view": [[0.0, -2.0, 100.0], [-2.0, 0.0, 100.0], [0.0, 0.0, 1.0]], "bev": "bev_10ecc2d3abc047ee86a5b983dad78e04.png", "aux": "aux_10ecc2d3abc047ee86a5b983dad78e04.npz", "visibility": "visibility_10ecc2d3abc047ee86a5b983dad78e04.png", "pose": [[0.7607595920562744, 0.649033784866333, 0.0, 704.3822021484375], [-0.649033784866333, 0.7607595920562744, 0.0, 605.961181640625], [0.0, 0.0, 1.0, 0.0], [0.0, 0.0, 0.0, 1.0]], "pose_inverse": [[0.7607595920562744, -0.649033784866333, 0.0, -142.57620239257812], [0.649033784866333, 0.7607595920562744, 0.0, -918.1586303710938], [0.0, 0.0, 1.0, 0.0], [0.0, 0.0, 0.0, 1.0]], "cam_ids": [0, 1, 2, 3, 4, 5], "cam_channels": ["CAM_FRONT_LEFT", "CAM_FRONT", "CAM_FRONT_RIGHT", "CAM_BACK_LEFT", "CAM_BACK", "CAM_BACK_RIGHT"], "token": "10ecc2d3abc047ee86a5b983dad78e04", "scene": "scene-0764"}, {"images": ["samples/CAM_FRONT_LEFT/n008-2018-08-30-15-16-55-0400__CAM_FRONT_LEFT__1535657291504799.jpg", "samples/CAM_FRONT/n008-2018-08-30-15-16-55-0400__CAM_FRONT__1535657291513607.jpg", "samples/CAM_FRONT_RIGHT/n008-2018-08-30-15-16-55-0400__CAM_FRONT_RIGHT__1535657291520482.jpg", "samples/CAM_BACK_LEFT/n008-2018-08-30-15-16-55-0400__CAM_BACK_LEFT__1535657291547405.jpg", "samples/CAM_BACK/n008-2018-08-30-15-16-55-0400__CAM_BACK__1535657291537562.jpg", "samples/CAM_BACK_RIGHT/n008-2018-08-30-15-16-55-0400__CAM_BACK_RIGHT__1535657291528113.jpg"], "intrinsics": [[[1257.8625342125129, 0.0, 827.2410631095686], [0.0, 1257.8625342125129, 450.915498205774], [0.0, 0.0, 1.0]], [[1252.8131021185304, 0.0, 826.588114781398], [0.0, 1252.8131021185304, 469.9846626224581], [0.0, 0.0, 1.0]], [[1256.7485116440405, 0.0, 817.7887570959712], [0.0, 1256.7485116440403, 451.9541780095127], [0.0, 0.0, 1.0]], [[1254.9860565800168, 0.0, 829.5769333630991], [0.0, 1254.9860565800168, 467.1680561863987], [0.0, 0.0, 1.0]], [[796.8910634503094, 0.0, 857.7774326863696], [0.0, 796.8910634503094, 476.8848988407415], [0.0, 0.0, 1.0]], [[1249.9629280788233, 0.0, 825.3768045375984], [0.0, 1249.9629280788233, 462.54816385708756], [0.0, 0.0, 1.0]]], "extrinsics": [[[0.8228135704994202, -0.568311333656311, 0.0003941764298360795, -0.78460693359375], [0.0051486617885529995, 0.006760778836905956, -0.9999638795852661, 1.4896464347839355], [0.5682880878448486, 0.8227859139442444, 0.008488901890814304, -1.18408203125], [0.0, 0.0, 0.0, 1.0]], [[0.010669541545212269, -0.9999396800994873, -0.0026341876946389675, 0.00994873046875], [0.007143082562834024, 0.00271048815920949, -0.9999707937240601, 1.481680154800415], [0.9999176263809204, 0.01065039075911045, 0.007171569857746363, -1.52197265625], [0.0, 0.0, 0.0, 1.0]], [[-0.843812108039856, -0.5365520715713501, -0.009643681347370148, 0.947509765625], [0.015197476372122765, -0.005929369945079088, -0.9998669624328613, 1.4956815242767334], [0.5364235639572144, -0.8438464403152466, 0.013157512992620468, -1.18414306640625], [0.0, 0.0, 0.0, 1.0]], [[0.9478849172592163, 0.3185487687587738, -0.006402845494449139, -1.13714599609375], [-0.009938692674040794, 0.009475770406425, -0.9999057054519653, 1.5619721412658691], [-0.3184579908847809, 0.9478591084480286, 0.01214789692312479, -0.1583251953125], [0.0, 0.0, 0.0, 1.0]], [[0.009106593206524849, 0.9999569654464722, 0.0017799170454964042, -0.029052734375], [-0.007915799506008625, 0.0018520239973440766, -0.9999669194221497, 1.5675294399261475], [-0.999927282333374, 0.009092253632843494, 0.007932323962450027, -0.022613525390625], [0.0, 0.0, 0.0, 1.0]], [[-0.9238331913948059, 0.3827686607837677, -0.004528886638581753, 1.0451507568359375], [-0.003776461584493518, -0.020943935960531235, -0.9997735619544983, 1.5473709106445312], [-0.38277676701545715, -0.923606812953949, 0.020794210955500603, -0.09002685546875], [0.0, 0.0, 0.0, 1.0]]], "view": [[0.0, -2.0, 100.0], [-2.0, 0.0, 100.0], [0.0, 0.0, 1.0]], "bev": "bev_c0a88655e461420bb0137ab6f03c0d39.png", "aux": "aux_c0a88655e461420bb0137ab6f03c0d39.npz", "visibility": "visibility_c0a88655e461420bb0137ab6f03c0d39.png", "pose": [[0.7568190693855286, 0.6536244750022888, 0.0, 706.6757202148438], [-0.6536244750022888, 0.7568190693855286, 0.0, 603.9594116210938], [0.0, 0.0, 1.0, 0.0], [0.0, 0.0, 0.0, 1.0]], "pose_inverse": [[0.7568190693855286, -0.6536244750022888, 0.0, -140.06300354003906], [0.6536244750022888, 0.7568190693855286, 0.0, -918.988525390625], [0.0, 0.0, 1.0, 0.0], [0.0, 0.0, 0.0, 1.0]], "cam_ids": [0, 1, 2, 3, 4, 5], "cam_channels": ["CAM_FRONT_LEFT", "CAM_FRONT", "CAM_FRONT_RIGHT", "CAM_BACK_LEFT", "CAM_BACK", "CAM_BACK_RIGHT"], "token": "c0a88655e461420bb0137ab6f03c0d39", "scene": "scene-0764"}, {"images": ["samples/CAM_FRONT_LEFT/n008-2018-08-30-15-16-55-0400__CAM_FRONT_LEFT__1535657292004799.jpg", "samples/CAM_FRONT/n008-2018-08-30-15-16-55-0400__CAM_FRONT__1535657292012404.jpg", "samples/CAM_FRONT_RIGHT/n008-2018-08-30-15-16-55-0400__CAM_FRONT_RIGHT__1535657292020482.jpg", "samples/CAM_BACK_LEFT/n008-2018-08-30-15-16-55-0400__CAM_BACK_LEFT__1535657292047405.jpg", "samples/CAM_BACK/n008-2018-08-30-15-16-55-0400__CAM_BACK__1535657292037558.jpg", "samples/CAM_BACK_RIGHT/n008-2018-08-30-15-16-55-0400__CAM_BACK_RIGHT__1535657292028113.jpg"], "intrinsics": [[[1257.8625342125129, 0.0, 827.2410631095686], [0.0, 1257.8625342125129, 450.915498205774], [0.0, 0.0, 1.0]], [[1252.8131021185304, 0.0, 826.588114781398], [0.0, 1252.8131021185304, 469.9846626224581], [0.0, 0.0, 1.0]], [[1256.7485116440405, 0.0, 817.7887570959712], [0.0, 1256.7485116440403, 451.9541780095127], [0.0, 0.0, 1.0]], [[1254.9860565800168, 0.0, 829.5769333630991], [0.0, 1254.9860565800168, 467.1680561863987], [0.0, 0.0, 1.0]], [[796.8910634503094, 0.0, 857.7774326863696], [0.0, 796.8910634503094, 476.8848988407415], [0.0, 0.0, 1.0]], [[1249.9629280788233, 0.0, 825.3768045375984], [0.0, 1249.9629280788233, 462.54816385708756], [0.0, 0.0, 1.0]]], "extrinsics": [[[0.8225430846214294, -0.5687017440795898, 0.0010794366244226694, -0.79254150390625], [0.009036650881171227, 0.011172308586537838, -0.999896764755249, 1.4906091690063477], [0.5686308741569519, 0.8224679231643677, 0.01432886440306902, -1.18792724609375], [0.0, 0.0, 0.0, 1.0]], [[0.010233155451714993, -0.9999228119850159, -0.007052266970276833, 0.008544921875], [0.011027388274669647, 0.007165055721998215, -0.9999135136604309, 1.4825115203857422], [0.9998868703842163, 0.010154461488127708, 0.011099856346845627, -1.5213775634765625], [0.0, 0.0, 0.0, 1.0]], [[-0.8439699411392212, -0.5361707806587219, -0.015353883616626263, 0.95062255859375], [0.019086314365267754, -0.0014122403226792812, -0.9998167753219604, 1.4962471723556519], [0.5360509157180786, -0.8441083431243896, 0.011425411328673363, -1.18780517578125], [0.0, 0.0, 0.0, 1.0]], [[0.9478939771652222, 0.31858378648757935, -0.0012569793034344912, -1.135009765625], [-0.0060763489454984665, 0.014134123921394348, -0.9998816251754761, 1.5619878768920898], [-0.31852835416793823, 0.9477893114089966, 0.015333475545048714, -0.15899658203125], [0.0, 0.0, 0.0, 1.0]], [[0.00922122597694397, 0.9999367594718933, 0.006433350965380669, -0.028564453125], [-0.004054421558976173, 0.006470959167927504, -0.9999707937240601, 1.5677886009216309], [-0.9999492764472961, 0.009194836020469666, 0.004113835748285055, -0.0224761962890625], [0.0, 0.0, 0.0, 1.0]], [[-0.9237081408500671, 0.38304388523101807, -0.0063649131916463375, 1.048004150390625], [0.00010086475231219083, -0.016371209174394608, -0.9998659491539001, 1.5478324890136719], [-0.3830966651439667, -0.923585057258606, 0.015083584934473038, -0.08990478515625], [0.0, 0.0, 0.0, 1.0]]], "view": [[0.0, -2.0, 100.0], [-2.0, 0.0, 100.0], [0.0, 0.0, 1.0]], "bev": "bev_a73673f56b34442eacd0b71ecb014e4c.png", "aux": "aux_a73673f56b34442eacd0b71ecb014e4c.npz", "visibility": "visibility_a73673f56b34442eacd0b71ecb014e4c.png", "pose": [[0.7522809505462646, 0.6588424444198608, 0.0, 708.895263671875], [-0.6588424444198608, 0.7522809505462646, 0.0, 601.98388671875], [0.0, 0.0, 1.0, 0.0], [0.0, 0.0, 0.0, 1.0]], "pose_inverse": [[0.7522809505462646, -0.6588424444198608, 0.0, -136.6758270263672], [0.6588424444198608, 0.7522809505462646, 0.0, -919.9113159179688], [0.0, 0.0, 1.0, 0.0], [0.0, 0.0, 0.0, 1.0]], "cam_ids": [0, 1, 2, 3, 4, 5], "cam_channels": ["CAM_FRONT_LEFT", "CAM_FRONT", "CAM_FRONT_RIGHT", "CAM_BACK_LEFT", "CAM_BACK", "CAM_BACK_RIGHT"], "token": "a73673f56b34442eacd0b71ecb014e4c", "scene": "scene-0764"}, {"images": ["samples/CAM_FRONT_LEFT/n008-2018-08-30-15-16-55-0400__CAM_FRONT_LEFT__1535657292604799.jpg", "samples/CAM_FRONT/n008-2018-08-30-15-16-55-0400__CAM_FRONT__1535657292612404.jpg", "samples/CAM_FRONT_RIGHT/n008-2018-08-30-15-16-55-0400__CAM_FRONT_RIGHT__1535657292620482.jpg", "samples/CAM_BACK_LEFT/n008-2018-08-30-15-16-55-0400__CAM_BACK_LEFT__1535657292647405.jpg", "samples/CAM_BACK/n008-2018-08-30-15-16-55-0400__CAM_BACK__1535657292637558.jpg", "samples/CAM_BACK_RIGHT/n008-2018-08-30-15-16-55-0400__CAM_BACK_RIGHT__1535657292628113.jpg"], "intrinsics": [[[1257.8625342125129, 0.0, 827.2410631095686], [0.0, 1257.8625342125129, 450.915498205774], [0.0, 0.0, 1.0]], [[1252.8131021185304, 0.0, 826.588114781398], [0.0, 1252.8131021185304, 469.9846626224581], [0.0, 0.0, 1.0]], [[1256.7485116440405, 0.0, 817.7887570959712], [0.0, 1256.7485116440403, 451.9541780095127], [0.0, 0.0, 1.0]], [[1254.9860565800168, 0.0, 829.5769333630991], [0.0, 1254.9860565800168, 467.1680561863987], [0.0, 0.0, 1.0]], [[796.8910634503094, 0.0, 857.7774326863696], [0.0, 796.8910634503094, 476.8848988407415], [0.0, 0.0, 1.0]], [[1249.9629280788233, 0.0, 825.3768045375984], [0.0, 1249.9629280788233, 462.54816385708756], [0.0, 0.0, 1.0]]], "extrinsics": [[[0.823146641254425, -0.5678288340568542, -0.0002772473671939224, -0.78564453125], [0.011270293034613132, 0.01682601124048233, -0.9997949004173279, 1.4912109375], [0.5677170157432556, 0.8229746222496033, 0.020249871537089348, -1.18634033203125], [0.0, 0.0, 0.0, 1.0]], [[0.01116230245679617, -0.999860405921936, -0.01242754515260458, 0.0107421875], [0.013327065855264664, 0.012575973756611347, -0.9998321533203125, 1.483041763305664], [0.9998488426208496, 0.010994803160429, 0.013465583324432373, -1.51617431640625], [0.0, 0.0, 0.0, 1.0]], [[-0.8435419797897339, -0.5366865396499634, -0.02011416293680668, 0.94818115234375], [0.021457482129335403, 0.0037435356061905622, -0.999762773513794, 1.496717929840088], [0.5366345643997192, -0.843773365020752, 0.008358112536370754, -1.18426513671875], [0.0, 0.0, 0.0, 1.0]], [[0.947771430015564, 0.31894147396087646, 0.0023876051418483257, -1.135284423828125], [-0.0037027851212769747, 0.018487952649593353, -0.999822199344635, 1.5620012283325195], [-0.31892889738082886, 0.9475940465927124, 0.018703322857618332, -0.159423828125], [0.0, 0.0, 0.0, 1.0]], [[0.00884804967790842, 0.9998994469642639, 0.011074366047978401, -0.02923583984375], [-0.0016351190861314535, 0.011089250445365906, -0.9999371767044067, 1.5679388046264648], [-0.9999594688415527, 0.008829382248222828, 0.0017330730333924294, -0.0238494873046875], [0.0, 0.0, 0.0, 1.0]], [[-0.9238966107368469, 0.3825840353965759, -0.006665803026407957, 1.0447998046875], [0.0024640108458697796, -0.01147160679101944, -0.9999311566352844, 1.5481376647949219], [-0.38263413310050964, -0.9238494038581848, 0.009655889123678207, -0.08990478515625], [0.0, 0.0, 0.0, 1.0]]], "view": [[0.0, -2.0, 100.0], [-2.0, 0.0, 100.0], [0.0, 0.0, 1.0]], "bev": "bev_f8778df7039240228b0c848fa723c0fa.png", "aux": "aux_f8778df7039240228b0c848fa723c0fa.npz", "visibility": "visibility_f8778df7039240228b0c848fa723c0fa.png", "pose": [[0.7499008178710938, 0.6615502238273621, 0.0, 711.5431518554688], [-0.6615502238273621, 0.7499008178710938, 0.0, 599.624267578125], [0.0, 0.0, 1.0, 0.0], [0.0, 0.0, 0.0, 1.0]], "pose_inverse": [[0.7499008178710938, -0.6615502238273621, 0.0, -136.9052276611328], [0.6615502238273621, 0.7499008178710938, 0.0, -920.3803100585938], [0.0, 0.0, 1.0, 0.0], [0.0, 0.0, 0.0, 1.0]], "cam_ids": [0, 1, 2, 3, 4, 5], "cam_channels": ["CAM_FRONT_LEFT", "CAM_FRONT", "CAM_FRONT_RIGHT", "CAM_BACK_LEFT", "CAM_BACK", "CAM_BACK_RIGHT"], "token": "f8778df7039240228b0c848fa723c0fa", "scene": "scene-0764"}, {"images": ["samples/CAM_FRONT_LEFT/n008-2018-08-30-15-16-55-0400__CAM_FRONT_LEFT__1535657293154799.jpg", "samples/CAM_FRONT/n008-2018-08-30-15-16-55-0400__CAM_FRONT__1535657293162404.jpg", "samples/CAM_FRONT_RIGHT/n008-2018-08-30-15-16-55-0400__CAM_FRONT_RIGHT__1535657293170511.jpg", "samples/CAM_BACK_LEFT/n008-2018-08-30-15-16-55-0400__CAM_BACK_LEFT__1535657293197417.jpg", "samples/CAM_BACK/n008-2018-08-30-15-16-55-0400__CAM_BACK__1535657293187558.jpg", "samples/CAM_BACK_RIGHT/n008-2018-08-30-15-16-55-0400__CAM_BACK_RIGHT__1535657293178113.jpg"], "intrinsics": [[[1257.8625342125129, 0.0, 827.2410631095686], [0.0, 1257.8625342125129, 450.915498205774], [0.0, 0.0, 1.0]], [[1252.8131021185304, 0.0, 826.588114781398], [0.0, 1252.8131021185304, 469.9846626224581], [0.0, 0.0, 1.0]], [[1256.7485116440405, 0.0, 817.7887570959712], [0.0, 1256.7485116440403, 451.9541780095127], [0.0, 0.0, 1.0]], [[1254.9860565800168, 0.0, 829.5769333630991], [0.0, 1254.9860565800168, 467.1680561863987], [0.0, 0.0, 1.0]], [[796.8910634503094, 0.0, 857.7774326863696], [0.0, 796.8910634503094, 476.8848988407415], [0.0, 0.0, 1.0]], [[1249.9629280788233, 0.0, 825.3768045375984], [0.0, 1249.9629280788233, 462.54816385708756], [0.0, 0.0, 1.0]]], "extrinsics": [[[0.8224951028823853, -0.5687718987464905, -0.0005586487241089344, -0.785919189453125], [0.012817486189305782, 0.019517166540026665, -0.9997273683547974, 1.4916400909423828], [0.5686277747154236, 0.8222637176513672, 0.023342996835708618, -1.184814453125], [0.0, 0.0, 0.0, 1.0]], [[0.010218747891485691, -0.9998308420181274, -0.01529382448643446, 0.009521484375], [0.014845938421785831, 0.015444636344909668, -0.9997705221176147, 1.483367919921875], [0.9998376369476318, 0.009989387355744839, 0.015001252293586731, -1.516998291015625], [0.0, 0.0, 0.0, 1.0]], [[-0.8439317345619202, -0.5359578728675842, -0.022986238822340965, 0.94989013671875], [0.022923650220036507, 0.006779775023460388, -0.999714195728302, 1.4969072341918945], [0.5359606146812439, -0.8442174792289734, 0.006564445327967405, -1.186279296875], [0.0, 0.0, 0.0, 1.0]], [[0.9478710293769836, 0.31861820816993713, 0.004797013010829687, -1.13720703125], [-0.002353373682126403, 0.022053128108382225, -0.999754011631012, 1.5620269775390625], [-0.3186455965042114, 0.947626531124115, 0.021653348580002785, -0.15838623046875], [0.0, 0.0, 0.0, 1.0]], [[0.009202583692967892, 0.9998527765274048, 0.014482411555945873, -0.02886962890625], [-0.00028163069509901106, 0.014485616236925125, -0.9998950362205505, 1.5680341720581055], [-0.9999576807022095, 0.009197592735290527, 0.000414894224377349, -0.0211029052734375], [0.0, 0.0, 0.0, 1.0]], [[-0.9236552119255066, 0.3831648528575897, -0.006754066329449415, 1.048004150390625], [0.003886283142492175, -0.008258060552179813, -0.999958336353302, 1.5482935905456543], [-0.38320472836494446, -0.9236429929733276, 0.006138513796031475, -0.08917236328125], [0.0, 0.0, 0.0, 1.0]]], "view": [[0.0, -2.0, 100.0], [-2.0, 0.0, 100.0], [0.0, 0.0, 1.0]], "bev": "bev_973806cb920745b4a9dad842d54fe3a5.png", "aux": "aux_973806cb920745b4a9dad842d54fe3a5.npz", "visibility": "visibility_973806cb920745b4a9dad842d54fe3a5.png", "pose": [[0.7533531785011292, 0.657616138458252, 0.0, 714.048828125], [-0.657616138458252, 0.7533531785011292, 0.0, 597.3922729492188], [0.0, 0.0, 1.0, 0.0], [0.0, 0.0, 0.0, 1.0]], "pose_inverse": [[0.7533531785011292, -0.657616138458252, 0.0, -145.076171875], [0.657616138458252, 0.7533531785011292, 0.0, -919.6173706054688], [0.0, 0.0, 1.0, 0.0], [0.0, 0.0, 0.0, 1.0]], "cam_ids": [0, 1, 2, 3, 4, 5], "cam_channels": ["CAM_FRONT_LEFT", "CAM_FRONT", "CAM_FRONT_RIGHT", "CAM_BACK_LEFT", "CAM_BACK", "CAM_BACK_RIGHT"], "token": "973806cb920745b4a9dad842d54fe3a5", "scene": "scene-0764"}, {"images": ["samples/CAM_FRONT_LEFT/n008-2018-08-30-15-16-55-0400__CAM_FRONT_LEFT__1535657293604799.jpg", "samples/CAM_FRONT/n008-2018-08-30-15-16-55-0400__CAM_FRONT__1535657293612404.jpg", "samples/CAM_FRONT_RIGHT/n008-2018-08-30-15-16-55-0400__CAM_FRONT_RIGHT__1535657293620482.jpg", "samples/CAM_BACK_LEFT/n008-2018-08-30-15-16-55-0400__CAM_BACK_LEFT__1535657293647405.jpg", "samples/CAM_BACK/n008-2018-08-30-15-16-55-0400__CAM_BACK__1535657293637558.jpg", "samples/CAM_BACK_RIGHT/n008-2018-08-30-15-16-55-0400__CAM_BACK_RIGHT__1535657293628113.jpg"], "intrinsics": [[[1257.8625342125129, 0.0, 827.2410631095686], [0.0, 1257.8625342125129, 450.915498205774], [0.0, 0.0, 1.0]], [[1252.8131021185304, 0.0, 826.588114781398], [0.0, 1252.8131021185304, 469.9846626224581], [0.0, 0.0, 1.0]], [[1256.7485116440405, 0.0, 817.7887570959712], [0.0, 1256.7485116440403, 451.9541780095127], [0.0, 0.0, 1.0]], [[1254.9860565800168, 0.0, 829.5769333630991], [0.0, 1254.9860565800168, 467.1680561863987], [0.0, 0.0, 1.0]], [[796.8910634503094, 0.0, 857.7774326863696], [0.0, 796.8910634503094, 476.8848988407415], [0.0, 0.0, 1.0]], [[1249.9629280788233, 0.0, 825.3768045375984], [0.0, 1249.9629280788233, 462.54816385708756], [0.0, 0.0, 1.0]]], "extrinsics": [[[0.8220382332801819, -0.569424569606781, -0.002975945360958576, -0.780548095703125], [0.012687898240983486, 0.02354099042713642, -0.9996423125267029, 1.4916954040527344], [0.5692909955978394, 0.8217064738273621, 0.026576396077871323, -1.18017578125], [0.0, 0.0, 0.0, 1.0]], [[0.009598605334758759, -0.9997656345367432, -0.019405566155910492, 0.00909423828125], [0.014539181254804134, 0.01954394392669201, -0.9997032880783081, 1.4833908081054688], [0.9998482465744019, 0.00931358989328146, 0.014723368920385838, -1.510711669921875], [0.0, 0.0, 0.0, 1.0]], [[-0.8441715240478516, -0.5354976058006287, -0.024835357442498207, 0.94488525390625], [0.022449593991041183, 0.010973519645631313, -0.9996877312660217, 1.4969520568847656], [0.5356029272079468, -0.8444654941558838, 0.002758169546723366, -1.18365478515625], [0.0, 0.0, 0.0, 1.0]], [[0.9479321837425232, 0.31842657923698425, 0.0053908308036625385, -1.1417236328125], [-0.0032210787758231163, 0.026512455195188522, -0.9996432662010193, 1.562042236328125], [-0.31845593452453613, 0.947576642036438, 0.026157686486840248, -0.1566162109375], [0.0, 0.0, 0.0, 1.0]], [[0.009392728097736835, 0.9997780323028564