[{"images": ["samples/CAM_FRONT_LEFT/n008-2018-09-18-12-07-26-0400__CAM_FRONT_LEFT__1537287285504799.jpg", "samples/CAM_FRONT/n008-2018-09-18-12-07-26-0400__CAM_FRONT__1537287285512404.jpg", "samples/CAM_FRONT_RIGHT/n008-2018-09-18-12-07-26-0400__CAM_FRONT_RIGHT__1537287285520482.jpg", "samples/CAM_BACK_LEFT/n008-2018-09-18-12-07-26-0400__CAM_BACK_LEFT__1537287285547405.jpg", "samples/CAM_BACK/n008-2018-09-18-12-07-26-0400__CAM_BACK__1537287285537558.jpg", "samples/CAM_BACK_RIGHT/n008-2018-09-18-12-07-26-0400__CAM_BACK_RIGHT__1537287285528113.jpg"], "intrinsics": [[[1257.8625342125129, 0.0, 827.2410631095686], [0.0, 1257.8625342125129, 450.915498205774], [0.0, 0.0, 1.0]], [[1252.8131021185304, 0.0, 826.588114781398], [0.0, 1252.8131021185304, 469.9846626224581], [0.0, 0.0, 1.0]], [[1256.7485116440405, 0.0, 817.7887570959712], [0.0, 1256.7485116440403, 451.9541780095127], [0.0, 0.0, 1.0]], [[1254.9860565800168, 0.0, 829.5769333630991], [0.0, 1254.9860565800168, 467.1680561863987], [0.0, 0.0, 1.0]], [[796.8910634503094, 0.0, 857.7774326863696], [0.0, 796.8910634503094, 476.8848988407415], [0.0, 0.0, 1.0]], [[1249.9629280788233, 0.0, 825.3768045375984], [0.0, 1249.9629280788233, 462.54816385708756], [0.0, 0.0, 1.0]]], "extrinsics": [[[0.8315407037734985, -0.5554505586624146, 0.003836650401353836, -0.84088134765625], [0.01325851771980524, 0.012942656874656677, -0.9998282790184021, 1.4909439086914062], [0.5553056001663208, 0.8314488530158997, 0.018126796931028366, -1.2216796875], [0.0, 0.0, 0.0, 1.0]], [[0.02389497496187687, -0.999679446220398, -0.008360152132809162, 0.00830078125], [0.015252060256898403, 0.008726105093955994, -0.999845564365387, 1.4827232360839844], [0.9995981454849243, 0.023763809353113174, 0.015455682761967182, -1.56756591796875], [0.0, 0.0, 0.0, 1.0]], [[-0.8379289507865906, -0.5454290509223938, -0.01955130323767662, 0.978271484375], [0.02333885058760643, -1.8921247828984633e-05, -0.9997276067733765, 1.4961929321289062], [0.5452800989151001, -0.8381569981575012, 0.012745540589094162, -1.2052001953125], [0.0, 0.0, 0.0, 1.0]], [[0.9473108649253845, 0.3203039765357971, 0.002747924067080021, -1.1236572265625], [-0.0020424402318894863, 0.014618772082030773, -0.9998910427093506, 1.5619983673095703], [-0.3203093111515045, 0.9472019672393799, 0.014502723701298237, -0.1632080078125], [0.0, 0.0, 0.0, 1.0]], [[0.003949515987187624, 0.9999660849571228, 0.007230591960251331, -0.028076171875], [6.225106517376844e-06, 0.007230624556541443, -0.9999737739562988, 1.568063735961914], [-0.9999921917915344, 0.003949366044253111, 2.2331560103339143e-05, -0.0185546875], [0.0, 0.0, 0.0, 1.0]], [[-0.9269145727157593, 0.37514403462409973, -0.009809519164264202, 1.0661849975585938], [0.0043702879920601845, -0.015347138047218323, -0.9998726844787598, 1.5482540130615234], [-0.3752468228340149, -0.9268394708633423, 0.012585999444127083, -0.082275390625], [0.0, 0.0, 0.0, 1.0]]], "view": [[0.0, -2.0, 100.0], [-2.0, 0.0, 100.0], [0.0, 0.0, 1.0]], "bev": "bev_a53e4e899d5e4fae8466a71a45158067.png", "aux": "aux_a53e4e899d5e4fae8466a71a45158067.npz", "visibility": "visibility_a53e4e899d5e4fae8466a71a45158067.png", "pose": [[0.682991623878479, 0.7304261922836304, 0.0, 2129.810302734375], [-0.7304261922836304, 0.682991623878479, 0.0, 919.1325073242188], [0.0, 0.0, 1.0, 0.0], [0.0, 0.0, 0.0, 1.0]], "pose_inverse": [[0.682991623878479, -0.7304261922836304, 0.0, -783.2841186523438], [0.7304261922836304, 0.682991623878479, 0.0, -2183.428955078125], [0.0, 0.0, 1.0, 0.0], [0.0, 0.0, 0.0, 1.0]], "cam_ids": [0, 1, 2, 3, 4, 5], "cam_channels": ["CAM_FRONT_LEFT", "CAM_FRONT", "CAM_FRONT_RIGHT", "CAM_BACK_LEFT", "CAM_BACK", "CAM_BACK_RIGHT"], "token": "a53e4e899d5e4fae8466a71a45158067", "scene": "scene-0453"}, {"images": ["samples/CAM_FRONT_LEFT/n008-2018-09-18-12-07-26-0400__CAM_FRONT_LEFT__1537287286004799.jpg", "samples/CAM_FRONT/n008-2018-09-18-12-07-26-0400__CAM_FRONT__1537287286012404.jpg", "samples/CAM_FRONT_RIGHT/n008-2018-09-18-12-07-26-0400__CAM_FRONT_RIGHT__1537287286020482.jpg", "samples/CAM_BACK_LEFT/n008-2018-09-18-12-07-26-0400__CAM_BACK_LEFT__1537287286047405.jpg", "samples/CAM_BACK/n008-2018-09-18-12-07-26-0400__CAM_BACK__1537287286037558.jpg", "samples/CAM_BACK_RIGHT/n008-2018-09-18-12-07-26-0400__CAM_BACK_RIGHT__1537287286028113.jpg"], "intrinsics": [[[1257.8625342125129, 0.0, 827.2410631095686], [0.0, 1257.8625342125129, 450.915498205774], [0.0, 0.0, 1.0]], [[1252.8131021185304, 0.0, 826.588114781398], [0.0, 1252.8131021185304, 469.9846626224581], [0.0, 0.0, 1.0]], [[1256.7485116440405, 0.0, 817.7887570959712], [0.0, 1256.7485116440403, 451.9541780095127], [0.0, 0.0, 1.0]], [[1254.9860565800168, 0.0, 829.5769333630991], [0.0, 1254.9860565800168, 467.1680561863987], [0.0, 0.0, 1.0]], [[796.8910634503094, 0.0, 857.7774326863696], [0.0, 796.8910634503094, 476.8848988407415], [0.0, 0.0, 1.0]], [[1249.9629280788233, 0.0, 825.3768045375984], [0.0, 1249.9629280788233, 462.54816385708756], [0.0, 0.0, 1.0]]], "extrinsics": [[[0.8334012627601624, -0.552632212638855, 0.006322897505015135, -0.8388671875], [0.014272259548306465, 0.010083717294037342, -0.9998472929000854, 1.4911479949951172], [0.5524841547012329, 0.8333642482757568, 0.016291094943881035, -1.222412109375], [0.0, 0.0, 0.0, 1.0]], [[0.02662728726863861, -0.9996301531791687, -0.005521544720977545, 0.009521484375], [0.016419433057308197, 0.005960110109299421, -0.9998474717140198, 1.4829120635986328], [0.9995105266571045, 0.02653256058692932, 0.01657206378877163, -1.567596435546875], [0.0, 0.0, 0.0, 1.0]], [[-0.8367759585380554, -0.5472089648246765, -0.019186589866876602, 0.9796142578125], [0.024672647938132286, -0.002676860662177205, -0.9996920228004456, 1.4963468313217163], [0.5469892024993896, -0.8369917273521423, 0.015741031616926193, -1.205078125], [0.0, 0.0, 0.0, 1.0]], [[0.9472832679748535, 0.320376992225647, 0.0036003494169563055, -1.1260986328125], [-0.00034751728526316583, 0.012264534831047058, -0.9999247193336487, 1.5620403289794922], [-0.3203970193862915, 0.9472106695175171, 0.011729325167834759, -0.161865234375], [0.0, 0.0, 0.0, 1.0]], [[0.003176336409524083, 0.9999837279319763, 0.004743833560496569, -0.02880859375], [0.0015794220380485058, 0.00473883468657732, -0.9999875426292419, 1.568155288696289], [-0.9999936819076538, 0.003183788852766156, -0.001564344041980803, -0.01593017578125], [0.0, 0.0, 0.0, 1.0]], [[-0.9274382591247559, 0.3737785816192627, -0.012152587063610554, 1.06805419921875], [0.0058585889637470245, -0.017970357090234756, -0.9998213648796082, 1.5484046936035156], [-0.3739302158355713, -0.9273438453674316, 0.014476584270596504, -0.08056640625], [0.0, 0.0, 0.0, 1.0]]], "view": [[0.0, -2.0, 100.0], [-2.0, 0.0, 100.0], [0.0, 0.0, 1.0]], "bev": "bev_707487255ccd4b26883c7eeee66f81da.png", "aux": "aux_707487255ccd4b26883c7eeee66f81da.npz", "visibility": "visibility_707487255ccd4b26883c7eeee66f81da.png", "pose": [[0.5315151214599609, 0.8470487594604492, 0.0, 2131.119873046875], [-0.8470487594604492, 0.5315151214599609, 0.0, 917.4418334960938], [0.0, 0.0, 1.0, 0.0], [0.0, 0.0, 0.0, 1.0]], "pose_inverse": [[0.5315151214599609, -0.8470487594604492, 0.0, -355.6045227050781], [0.8470487594604492, 0.5315151214599609, 0.0, -2292.796630859375], [0.0, 0.0, 1.0, 0.0], [0.0, 0.0, 0.0, 1.0]], "cam_ids": [0, 1, 2, 3, 4, 5], "cam_channels": ["CAM_FRONT_LEFT", "CAM_FRONT", "CAM_FRONT_RIGHT", "CAM_BACK_LEFT", "CAM_BACK", "CAM_BACK_RIGHT"], "token": "707487255ccd4b26883c7eeee66f81da", "scene": "scene-0453"}, {"images": ["samples/CAM_FRONT_LEFT/n008-2018-09-18-12-07-26-0400__CAM_FRONT_LEFT__1537287286504799.jpg", "samples/CAM_FRONT/n008-2018-09-18-12-07-26-0400__CAM_FRONT__1537287286512404.jpg", "samples/CAM_FRONT_RIGHT/n008-2018-09-18-12-07-26-0400__CAM_FRONT_RIGHT__1537287286520482.jpg", "samples/CAM_BACK_LEFT/n008-2018-09-18-12-07-26-0400__CAM_BACK_LEFT__1537287286547405.jpg", "samples/CAM_BACK/n008-2018-09-18-12-07-26-0400__CAM_BACK__1537287286537558.jpg", "samples/CAM_BACK_RIGHT/n008-2018-09-18-12-07-26-0400__CAM_BACK_RIGHT__1537287286528113.jpg"], "intrinsics": [[[1257.8625342125129, 0.0, 827.2410631095686], [0.0, 1257.8625342125129, 450.915498205774], [0.0, 0.0, 1.0]], [[1252.8131021185304, 0.0, 826.588114781398], [0.0, 1252.8131021185304, 469.9846626224581], [0.0, 0.0, 1.0]], [[1256.7485116440405, 0.0, 817.7887570959712], [0.0, 1256.7485116440403, 451.9541780095127], [0.0, 0.0, 1.0]], [[1254.9860565800168, 0.0, 829.5769333630991], [0.0, 1254.9860565800168, 467.1680561863987], [0.0, 0.0, 1.0]], [[796.8910634503094, 0.0, 857.7774326863696], [0.0, 796.8910634503094, 476.8848988407415], [0.0, 0.0, 1.0]], [[1249.9629280788233, 0.0, 825.3768045375984], [0.0, 1249.9629280788233, 462.54816385708756], [0.0, 0.0, 1.0]]], "extrinsics": [[[0.8340734839439392, -0.5516533851623535, -2.2317324692266993e-05, -0.8258056640625], [0.010602597147226334, 0.01607106626033783, -0.9998146295547485, 1.4906196594238281], [0.5515515208244324, 0.833918571472168, 0.019253408536314964, -1.212646484375], [0.0, 0.0, 0.0, 1.0]], [[0.02763349749147892, -0.9995495080947876, -0.011716983281075954, 0.009033203125], [0.01238973531872034, 0.012063038535416126, -0.9998505115509033, 1.4824352264404297], [0.9995412826538086, 0.027484232559800148, 0.01271749660372734, -1.5528411865234375], [0.0, 0.0, 0.0, 1.0]], [[-0.8363845348358154, -0.5478172898292542, -0.018900146707892418, 0.96826171875], [0.020264174789190292, 0.003555025439709425, -0.9997882843017578, 1.4960227012634277], [0.5477685928344727, -0.8365904688835144, 0.008127698674798012, -1.1990966796875], [0.0, 0.0, 0.0, 1.0]], [[0.9472668766975403, 0.32044515013694763, 0.0006532823317684233, -1.12469482421875], [-0.005655959714204073, 0.01875784620642662, -0.9998080134391785, 1.5619316101074219], [-0.32039591670036316, 0.9470813274383545, 0.019581109285354614, -0.162353515625], [0.0, 0.0, 0.0, 1.0]], [[0.0028109364211559296, 0.9999341368675232, 0.01113587711006403, -0.028076171875], [-0.0033926484175026417, 0.011145394295454025, -0.999932050704956, 1.5678424835205078], [-0.9999902844429016, 0.002772912150248885, 0.0034237531945109367, -0.02239990234375], [0.0, 0.0, 0.0, 1.0]], [[-0.9277405142784119, 0.37318602204322815, -0.005452590528875589, 1.05816650390625], [0.0011861820239573717, -0.011661067605018616, -0.999931275844574, 1.5479354858398438], [-0.3732239603996277, -0.9276832938194275, 0.010375779122114182, -0.0859375], [0.0, 0.0, 0.0, 1.0]]], "view": [[0.0, -2.0, 100.0], [-2.0, 0.0, 100.0], [0.0, 0.0, 1.0]], "bev": "bev_32b1e9622c8e4aff9705ef9b2f46c45b.png", "aux": "aux_32b1e9622c8e4aff9705ef9b2f46c45b.npz", "visibility": "visibility_32b1e9622c8e4aff9705ef9b2f46c45b.png", "pose": [[0.3454289734363556, 0.9384449124336243, 0.0, 2132.09130859375], [-0.9384449124336243, 0.3454289734363556, 0.0, 915.4487915039062], [0.0, 0.0, 1.0, 0.0], [0.0, 0.0, 0.0, 1.0]], "pose_inverse": [[0.3454289734363556, -0.9384449124336243, 0.0, 122.61214447021484], [0.9384449124336243, 0.3454289734363556, 0.0, -2317.07275390625], [0.0, 0.0, 1.0, 0.0], [0.0, 0.0, 0.0, 1.0]], "cam_ids": [0, 1, 2, 3, 4, 5], "cam_channels": ["CAM_FRONT_LEFT", "CAM_FRONT", "CAM_FRONT_RIGHT", "CAM_BACK_LEFT", "CAM_BACK", "CAM_BACK_RIGHT"], "token": "32b1e9622c8e4aff9705ef9b2f46c45b", "scene": "scene-0453"}, {"images": ["samples/CAM_FRONT_LEFT/n008-2018-09-18-12-07-26-0400__CAM_FRONT_LEFT__1537287287004799.jpg", "samples/CAM_FRONT/n008-2018-09-18-12-07-26-0400__CAM_FRONT__1537287287012404.jpg", "samples/CAM_FRONT_RIGHT/n008-2018-09-18-12-07-26-0400__CAM_FRONT_RIGHT__1537287287020482.jpg", "samples/CAM_BACK_LEFT/n008-2018-09-18-12-07-26-0400__CAM_BACK_LEFT__1537287287047405.jpg", "samples/CAM_BACK/n008-2018-09-18-12-07-26-0400__CAM_BACK__1537287287037558.jpg", "samples/CAM_BACK_RIGHT/n008-2018-09-18-12-07-26-0400__CAM_BACK_RIGHT__1537287287028113.jpg"], "intrinsics": [[[1257.8625342125129, 0.0, 827.2410631095686], [0.0, 1257.8625342125129, 450.915498205774], [0.0, 0.0, 1.0]], [[1252.8131021185304, 0.0, 826.588114781398], [0.0, 1252.8131021185304, 469.9846626224581], [0.0, 0.0, 1.0]], [[1256.7485116440405, 0.0, 817.7887570959712], [0.0, 1256.7485116440403, 451.9541780095127], [0.0, 0.0, 1.0]], [[1254.9860565800168, 0.0, 829.5769333630991], [0.0, 1254.9860565800168, 467.1680561863987], [0.0, 0.0, 1.0]], [[796.8910634503094, 0.0, 857.7774326863696], [0.0, 796.8910634503094, 476.8848988407415], [0.0, 0.0, 1.0]], [[1249.9629280788233, 0.0, 825.3768045375984], [0.0, 1249.9629280788233, 462.54816385708756], [0.0, 0.0, 1.0]]], "extrinsics": [[[0.8326253294944763, -0.5537525415420532, -0.00965205766260624, -0.817626953125], [0.006326725706458092, 0.026936499401926994, -0.9996170997619629, 1.48974609375], [0.5538005232810974, 0.8322454690933228, 0.025931451469659805, -1.20751953125], [0.0, 0.0, 0.0, 1.0]], [[0.02541263960301876, -0.999420166015625, -0.02265883982181549, 0.009521484375], [0.008418681100010872, 0.022879309952259064, -0.9997028112411499, 1.481781005859375], [0.9996415376663208, 0.0252143032848835, 0.008995222859084606, -1.5445556640625], [0.0, 0.0, 0.0, 1.0]], [[-0.8373759388923645, -0.5461953282356262, -0.02173180691897869, 0.96270751953125], [0.016613110899925232, 0.014308367855846882, -0.9997596144676208, 1.4956073760986328], [0.5463749170303345, -0.8375356793403625, -0.0029074798803776503, -1.19482421875], [0.0, 0.0, 0.0, 1.0]], [[0.9473525285720825, 0.32019099593162537, 0.0009345739963464439, -1.1242523193359375], [-0.008863040246069431, 0.029140623286366463, -0.9995360374450684, 1.5618667602539062], [-0.32006964087486267, 0.946904718875885, 0.03044430911540985, -0.162353515625], [0.0, 0.0, 0.0, 1.0]], [[0.003620687872171402, 0.999758243560791, 0.021687090396881104, -0.0283203125], [-0.006697885692119598, 0.021710991859436035, -0.999741792678833, 1.5676078796386719], [-0.9999710321426392, 0.0034744911827147007, 0.006774874869734049, -0.02532958984375], [0.0, 0.0, 0.0, 1.0]], [[-0.9272867441177368, 0.37434762716293335, 0.0017563359579071403, 1.0528564453125], [-0.002280252519994974, -0.0009566440130583942, -0.9999969005584717, 1.547551155090332], [-0.3743448257446289, -0.9272879362106323, 0.0017406911356374621, -0.0870361328125], [0.0, 0.0, 0.0, 1.0]]], "view": [[0.0, -2.0, 100.0], [-2.0, 0.0, 100.0], [0.0, 0.0, 1.0]], "bev": "bev_d7baba5532c3428396df803338ddc5a8.png", "aux": "aux_d7baba5532c3428396df803338ddc5a8.npz", "visibility": "visibility_d7baba5532c3428396df803338ddc5a8.png", "pose": [[0.14725865423679352, 0.9890980124473572, 0.0, 2132.6630859375], [-0.9890980124473572, 0.14725865423679352, 0.0, 913.1851196289062], [0.0, 0.0, 1.0, 0.0], [0.0, 0.0, 0.0, 1.0]], "pose_inverse": [[0.14725865423679352, -0.9890980124473572, 0.0, 589.176513671875], [0.9890980124473572, 0.14725865423679352, 0.0, -2243.88720703125], [0.0, 0.0, 1.0, 0.0], [0.0, 0.0, 0.0, 1.0]], "cam_ids": [0, 1, 2, 3, 4, 5], "cam_channels": ["CAM_FRONT_LEFT", "CAM_FRONT", "CAM_FRONT_RIGHT", "CAM_BACK_LEFT", "CAM_BACK", "CAM_BACK_RIGHT"], "token": "d7baba5532c3428396df803338ddc5a8", "scene": "scene-0453"}, {"images": ["samples/CAM_FRONT_LEFT/n008-2018-09-18-12-07-26-0400__CAM_FRONT_LEFT__1537287287504799.jpg", "samples/CAM_FRONT/n008-2018-09-18-12-07-26-0400__CAM_FRONT__1537287287512404.jpg", "samples/CAM_FRONT_RIGHT/n008-2018-09-18-12-07-26-0400__CAM_FRONT_RIGHT__1537287287520482.jpg", "samples/CAM_BACK_LEFT/n008-2018-09-18-12-07-26-0400__CAM_BACK_LEFT__1537287287547405.jpg", "samples/CAM_BACK/n008-2018-09-18-12-07-26-0400__CAM_BACK__1537287287537558.jpg", "samples/CAM_BACK_RIGHT/n008-2018-09-18-12-07-26-0400__CAM_BACK_RIGHT__1537287287528113.jpg"], "intrinsics": [[[1257.8625342125129, 0.0, 827.2410631095686], [0.0, 1257.8625342125129, 450.915498205774], [0.0, 0.0, 1.0]], [[1252.8131021185304, 0.0, 826.588114781398], [0.0, 1252.8131021185304, 469.9846626224581], [0.0, 0.0, 1.0]], [[1256.7485116440405, 0.0, 817.7887570959712], [0.0, 1256.7485116440403, 451.9541780095127], [0.0, 0.0, 1.0]], [[1254.9860565800168, 0.0, 829.5769333630991], [0.0, 1254.9860565800168, 467.1680561863987], [0.0, 0.0, 1.0]], [[796.8910634503094, 0.0, 857.7774326863696], [0.0, 796.8910634503094, 476.8848988407415], [0.0, 0.0, 1.0]], [[1249.9629280788233, 0.0, 825.3768045375984], [0.0, 1249.9629280788233, 462.54816385708756], [0.0, 0.0, 1.0]]], "extrinsics": [[[0.833166241645813, -0.5530203580856323, 0.0015891784569248557, -0.8197021484375], [0.016818180680274963, 0.022465335205197334, -0.9996061325073242, 1.4920825958251953], [0.5527669191360474, 0.8328648209571838, 0.028018154203891754, -1.2086181640625], [0.0, 0.0, 0.0, 1.0]], [[0.02617708407342434, -0.9995033740997314, -0.017542416229844093, 0.00927734375], [0.019092155620455742, 0.018045101314783096, -0.9996548295021057, 1.4837303161621094], [0.9994750022888184, 0.0258331261575222, 0.019555041566491127, -1.5491943359375], [0.0, 0.0, 0.0, 1.0]], [[-0.8370147347450256, -0.5464648008346558, -0.027974041178822517, 0.968780517578125], [0.027474526315927505, 0.009087029844522476, -0.9995811581611633, 1.4970731735229492], [0.5464900732040405, -0.8374328017234802, 0.007407881785184145, -1.1982421875], [0.0, 0.0, 0.0, 1.0]], [[0.9474437832832336, 0.3197711110115051, 0.009833660908043385, -1.130462646484375], [0.0026374005246907473, 0.022929688915610313, -0.999733567237854, 1.5620803833007812], [-0.3199114501476288, 0.9472173452377319, 0.020881226286292076, -0.16015625], [0.0, 0.0, 0.0, 1.0]], [[0.0037340575363487005, 0.9998682737350464, 0.015795305371284485, -0.02880859375], [0.004548290278762579, 0.015778271481394768, -0.9998651146888733, 1.5683422088623047], [-0.9999827146530151, 0.003805392188951373, -0.004488774575293064, -0.01763916015625], [0.0, 0.0, 0.0, 1.0]], [[-0.9271727204322815, 0.3744858205318451, -0.01053968071937561, 1.060791015625], [0.008729013614356518, -0.006530958693474531, -0.9999405741691589, 1.5487518310546875], [-0.37453240156173706, -0.9272095561027527, 0.0027864347212016582, -0.083740234375], [0.0, 0.0, 0.0, 1.0]]], "view": [[0.0, -2.0, 100.0], [-2.0, 0.0, 100.0], [0.0, 0.0, 1.0]], "bev": "bev_8a009c674c60457da87f9386cbfee63a.png", "aux": "aux_8a009c674c60457da87f9386cbfee63a.npz", "visibility": "visibility_8a009c674c60457da87f9386cbfee63a.png", "pose": [[-0.04779171198606491, 0.998857319355011, 0.0, 2132.7783203125], [-0.998857319355011, -0.04779171198606491, 0.0, 910.7915649414062], [0.0, 0.0, 1.0, 0.0], [0.0, 0.0, 0.0, 1.0]], "pose_inverse": [[-0.04779171198606491, -0.998857319355011, 0.0, 1011.679931640625], [0.998857319355011, -0.04779171198606491, 0.0, -2086.81298828125], [0.0, 0.0, 1.0, 0.0], [0.0, 0.0, 0.0, 1.0]], "cam_ids": [0, 1, 2, 3, 4, 5], "cam_channels": ["CAM_FRONT_LEFT", "CAM_FRONT", "CAM_FRONT_RIGHT", "CAM_BACK_LEFT", "CAM_BACK", "CAM_BACK_RIGHT"], "token": "8a009c674c60457da87f9386cbfee63a", "scene": "scene-0453"}, {"images": ["samples/CAM_FRONT_LEFT/n008-2018-09-18-12-07-26-0400__CAM_FRONT_LEFT__1537287288004799.jpg", "samples/CAM_FRONT/n008-2018-09-18-12-07-26-0400__CAM_FRONT__1537287288012404.jpg", "samples/CAM_FRONT_RIGHT/n008-2018-09-18-12-07-26-0400__CAM_FRONT_RIGHT__1537287288020482.jpg", "samples/CAM_BACK_LEFT/n008-2018-09-18-12-07-26-0400__CAM_BACK_LEFT__1537287288047405.jpg", "samples/CAM_BACK/n008-2018-09-18-12-07-26-0400__CAM_BACK__1537287288037558.jpg", "samples/CAM_BACK_RIGHT/n008-2018-09-18-12-07-26-0400__CAM_BACK_RIGHT__1537287288028113.jpg"], "intrinsics": [[[1257.8625342125129, 0.0, 827.2410631095686], [0.0, 1257.8625342125129, 450.915498205774], [0.0, 0.0, 1.0]], [[1252.8131021185304, 0.0, 826.588114781398], [0.0, 1252.8131021185304, 469.9846626224581], [0.0, 0.0, 1.0]], [[1256.7485116440405, 0.0, 817.7887570959712], [0.0, 1256.7485116440403, 451.9541780095127], [0.0, 0.0, 1.0]], [[1254.9860565800168, 0.0, 829.5769333630991], [0.0, 1254.9860565800168, 467.1680561863987], [0.0, 0.0, 1.0]], [[796.8910634503094, 0.0, 857.7774326863696], [0.0, 796.8910634503094, 476.8848988407415], [0.0, 0.0, 1.0]], [[1249.9629280788233, 0.0, 825.3768045375984], [0.0, 1249.9629280788233, 462.54816385708756], [0.0, 0.0, 1.0]]], "extrinsics": [[[0.8310879468917847, -0.556140124797821, -0.0010502469958737493, -0.818115234375], [0.016340872272849083, 0.0263071246445179, -0.9995203018188477, 1.4921302795410156], [0.5559009909629822, 0.8306720852851868, 0.030951347202062607, -1.20318603515625], [0.0, 0.0, 0.0, 1.0]], [[0.023005109280347824, -0.9994949102401733, -0.021924041211605072, 0.0057373046875], [0.018391521647572517, 0.022349243983626366, -0.9995810389518738, 1.4837322235107422], [0.9995660781860352, 0.02259225957095623, 0.018896380439400673, -1.54541015625], [0.0, 0.0, 0.0, 1.0]], [[-0.8384225368499756, -0.5442049503326416, -0.029808763414621353, 0.9643707275390625], [0.02653416246175766, 0.013870799914002419, -0.9995516538619995, 1.4970569610595703], [0.5443744659423828, -0.8388376235961914, 0.0028104318771511316, -1.19970703125], [0.0, 0.0, 0.0, 1.0]], [[0.947614848613739, 0.31924185156822205, 0.010523525066673756, -1.13262939453125], [0.001269145286642015, 0.029182804748415947, -0.999573290348053, 1.5621490478515625], [-0.3194127380847931, 0.9472237825393677, 0.027248896658420563, -0.156494140625], [0.0, 0.0, 0.0, 1.0]], [[0.004986729007214308, 0.9997549653053284, 0.021566445007920265, -0.025390625], [0.0033852574415504932, 0.021549712866544724, -0.9997619986534119, 1.5683364868164062], [-0.9999818205833435, 0.005058559123426676, -0.0032769665122032166, -0.0169677734375], [0.0, 0.0, 0.0, 1.0]], [[-0.9264538288116455, 0.37633216381073, -0.00758106866851449, 1.060302734375], [0.007676388137042522, -0.001246294705197215, -0.9999697804450989, 1.5486488342285156], [-0.3763302266597748, -0.9264839291572571, -0.0017342375358566642, -0.0875244140625], [0.0, 0.0, 0.0, 1.0]]], "view": [[0.0, -2.0, 100.0], [-2.0, 0.0, 100.0], [0.0, 0.0, 1.0]], "bev": "bev_fa7a1ab62b5245089470eedf17a6d861.png", "aux": "aux_fa7a1ab62b5245089470eedf17a6d861.npz", "visibility": "visibility_fa7a1ab62b5245089470eedf17a6d861.png", "pose": [[-0.22906258702278137, 0.9734116792678833, 0.0, 2132.422119140625], [-0.9734116792678833, -0.22906258702278137, 0.0, 908.3947143554688], [0.0, 0.0, 1.0, 0.0], [0.0, 0.0, 0.0, 1.0]], "pose_inverse": [[-0.22906258702278137, -0.9734116792678833, 0.0, 1372.7001953125], [0.9734116792678833, -0.22906258702278137, 0.0, -1867.6453857421875], [0.0, 0.0, 1.0, 0.0], [0.0, 0.0, 0.0, 1.0]], "cam_ids": [0, 1, 2, 3, 4, 5], "cam_channels": ["CAM_FRONT_LEFT", "CAM_FRONT", "CAM_FRONT_RIGHT", "CAM_BACK_LEFT", "CAM_BACK", "CAM_BACK_RIGHT"], "token": "fa7a1ab62b5245089470eedf17a6d861", "scene": "scene-0453"}, {"images": ["samples/CAM_FRONT_LEFT/n008-2018-09-18-12-07-26-0400__CAM_FRONT_LEFT__1537287288404799.jpg", "samples/CAM_FRONT/n008-2018-09-18-12-07-26-0400__CAM_FRONT__1537287288412404.jpg", "samples/CAM_FRONT_RIGHT/n008-2018-09-18-12-07-26-0400__CAM_FRONT_RIGHT__1537287288420482.jpg", "samples/CAM_BACK_LEFT/n008-2018-09-18-12-07-26-0400__CAM_BACK_LEFT__1537287288447405.jpg", "samples/CAM_BACK/n008-2018-09-18-12-07-26-0400__CAM_BACK__1537287288437558.jpg", "samples/CAM_BACK_RIGHT/n008-2018-09-18-12-07-26-0400__CAM_BACK_RIGHT__1537287288428113.jpg"], "intrinsics": [[[1257.8625342125129, 0.0, 827.2410631095686], [0.0, 1257.8625342125129, 450.915498205774], [0.0, 0.0, 1.0]], [[1252.8131021185304, 0.0, 826.588114781398], [0.0, 1252.8131021185304, 469.9846626224581], [0.0, 0.0, 1.0]], [[1256.7485116440405, 0.0, 817.7887570959712], [0.0, 1256.7485116440403, 451.9541780095127], [0.0, 0.0, 1.0]], [[1254.9860565800168, 0.0, 829.5769333630991], [0.0, 1254.9860565800168, 467.1680561863987], [0.0, 0.0, 1.0]], [[796.8910634503094, 0.0, 857.7774326863696], [0.0, 796.8910634503094, 476.8848988407415], [0.0, 0.0, 1.0]], [[1249.9629280788233, 0.0, 825.3768045375984], [0.0, 1249.9629280788233, 462.54816385708756], [0.0, 0.0, 1.0]]], "extrinsics": [[[0.8285279870033264, -0.5599475502967834, -9.598777251085266e-05, -0.823974609375], [0.01612529717385769, 0.024031195789575577, -0.9995811581611633, 1.4918766021728516], [0.5597153902053833, 0.8281794786453247, 0.02893984131515026, -1.20916748046875], [0.0, 0.0, 0.0, 1.0]], [[0.019150450825691223, -0.9996218085289001, -0.019733602181077003, 0.007568359375], [0.018169600516557693, 0.020081914961338043, -0.999633252620697, 1.4834985733032227], [0.9996514916419983, 0.0187849011272192, 0.018547307699918747, -1.552734375], [0.0, 0.0, 0.0, 1.0]], [[-0.8400947451591492, -0.541696310043335, -0.02838766761124134, 0.970947265625], [0.02629879117012024, 0.011597752571105957, -0.9995868802070618, 1.496816635131836], [0.5418018102645874, -0.8404942154884338, 0.004502748604863882, -1.201416015625], [0.0, 0.0, 0.0, 1.0]], [[0.9476832151412964, 0.3190616965293884, 0.009805642068386078, -1.1346435546875], [0.001143351779319346, 0.027325240895152092, -0.9996259808540344, 1.5620536804199219], [-0.3192102909088135, 0.9473398923873901, 0.025530872866511345, -0.159423828125], [0.0, 0.0, 0.0, 1.0]], [[0.00627480074763298, 0.9997896552085876, 0.019525635987520218, -0.0281982421875], [0.0031572477892041206, 0.019506115466356277, -0.9998047351837158, 1.5682544708251953], [-0.999975323677063, 0.006335225887596607, -0.003034187015146017, -0.013671875], [0.0, 0.0, 0.0, 1.0]], [[-0.9255840182304382, 0.3784559667110443, -0.008075467310845852, 1.064208984375], [0.007322816178202629, -0.0034279341343790293, -0.9999673366546631, 1.548574447631836], [-0.3784712851047516, -0.9256129264831543, 0.0004014786391053349, -0.0836181640625], [0.0, 0.0, 0.0, 1.0]]], "view": [[0.0, -2.0, 100.0], [-2.0, 0.0, 100.0], [0.0, 0.0, 1.0]], "bev": "bev_6a02882ba7974be99ae6c97eebf229c1.png", "aux": "aux_6a02882ba7974be99ae6c97eebf229c1.npz", "visibility": "visibility_6a02882ba7974be99ae6c97eebf229c1.png", "pose": [[-0.3392222225666046, 0.9407062530517578, 0.0, 2131.85009765625], [-0.9407062530517578, -0.3392222225666046, 0.0, 906.517822265625], [0.0, 0.0, 1.0, 0.0], [0.0, 0.0, 0.0, 1.0]], "pose_inverse": [[-0.3392222225666046, -0.9407062530517578, 0.0, 1575.9378662109375], [0.9407062530517578, -0.3392222225666046, 0.0, -1697.9337158203125], [0.0, 0.0, 1.0, 0.0], [0.0, 0.0, 0.0, 1.0]], "cam_ids": [0, 1, 2, 3, 4, 5], "cam_channels": ["CAM_FRONT_LEFT", "CAM_FRONT", "CAM_FRONT_RIGHT", "CAM_BACK_LEFT", "CAM_BACK", "CAM_BACK_RIGHT"], "token": "6a02882ba7974be99ae6c97eebf229c1", "scene": "scene-0453"}, {"images": ["samples/CAM_FRONT_LEFT/n008-2018-09-18-12-07-26-0400__CAM_FRONT_LEFT__1537287288904799.jpg", "samples/CAM_FRONT/n008-2018-09-18-12-07-26-0400__CAM_FRONT__1537287288912404.jpg", "samples/CAM_FRONT_RIGHT/n008-2018-09-18-12-07-26-0400__CAM_FRONT_RIGHT__1537287288920482.jpg", "samples/CAM_BACK_LEFT/n008-2018-09-18-12-07-26-0400__CAM_BACK_LEFT__1537287288947405.jpg", "samples/CAM_BACK/n008-2018-09-18-12-07-26-0400__CAM_BACK__1537287288937558.jpg", "samples/CAM_BACK_RIGHT/n008-2018-09-18-12-07-26-0400__CAM_BACK_RIGHT__1537287288928262.jpg"], "intrinsics": [[[1257.8625342125129, 0.0, 827.2410631095686], [0.0, 1257.8625342125129, 450.915498205774], [0.0, 0.0, 1.0]], [[1252.8131021185304, 0.0, 826.588114781398], [0.0, 1252.8131021185304, 469.9846626224581], [0.0, 0.0, 1.0]], [[1256.7485116440405, 0.0, 817.7887570959712], [0.0, 1256.7485116440403, 451.9541780095127], [0.0, 0.0, 1.0]], [[1254.9860565800168, 0.0, 829.5769333630991], [0.0, 1254.9860565800168, 467.1680561863987], [0.0, 0.0, 1.0]], [[796.8910634503094, 0.0, 857.7774326863696], [0.0, 796.8910634503094, 476.8848988407415], [0.0, 0.0, 1.0]], [[1249.9629280788233, 0.0, 825.3768045375984], [0.0, 1249.9629280788233, 462.54816385708756], [0.0, 0.0, 1.0]]], "extrinsics": [[[0.8262978792190552, -0.5631689429283142, -0.008521336130797863, -0.830322265625], [0.011835908517241478, 0.032487984746694565, -0.9994020462036133, 1.4908180236816406], [0.5631090402603149, 0.8257029056549072, 0.033510368317365646, -1.21356201171875], [0.0, 0.0, 0.0, 1.0]], [[0.015797004103660583, -0.9994810819625854, -0.028071358799934387, 0.008056640625], [0.013745063915848732, 0.02828928269445896, -0.9995052814483643, 1.4825630187988281], [0.9997807145118713, 0.015403338707983494, 0.014184817671775818, -1.560546875], [0.0, 0.0, 0.0, 1.0]], [[-0.8415898680686951, -0.5393471717834473, -0.02882857248187065, 0.9775390625], [0.02172560803592205, 0.01952771097421646, -0.9995731711387634, 1.4959921836853027], [0.539680004119873, -0.8418570160865784, -0.004716677125543356, -1.205078125], [0.0, 0.0, 0.0, 1.0]], [[0.9477581977844238, 0.3189111351966858, 0.007087002042680979, -1.1357421875], [-0.004081338178366423, 0.03433836251497269, -0.9994019269943237, 1.5620079040527344], [-0.3189637362957001, 0.947162389755249, 0.033846043050289154, -0.1590576171875], [0.0, 0.0, 0.0, 1.0]], [[0.007379573304206133, 0.9996111392974854, 0.026889896020293236, -0.028564453125], [-0.0018370579928159714, 0.026904134079813957, -0.9996362924575806, 1.5679588317871094], [-0.9999710917472839, 0.007327549159526825, 0.0020348846446722746, -0.0096435546875], [0.0, 0.0, 0.0, 1.0]], [[-0.9248992800712585, 0.3802112638950348, -0.0007622521952725947, 1.071533203125], [0.0025913340505212545, 0.004298872780054808, -0.9999874234199524, 1.548060417175293], [-0.3802032470703125, -0.9248897433280945, -0.004961278289556503, -0.08026123046875], [0.0, 0.0, 0.0, 1.0]]], "view": [[0.0, -2.0, 100.0], [-2.0, 0.0, 100.0], [0.0, 0.0, 1.0]], "bev": "bev_25393adc5a5246d4874b67396f44e06d.png", "aux": "aux_25393adc5a5246d4874b67396f44e06d.npz", "visibility": "visibility_25393adc5a5246d4874b67396f44e06d.png", "pose": [[-0.41901710629463196, 0.907978355884552, 0.0, 2130.91259765625], [-0.907978355884552, -0.41901710629463196, 0.0, 904.2527465820312], [0.0, 0.0, 1.0, 0.0], [0.0, 0.0, 0.0, 1.0]], "pose_inverse": [[-0.41901710629463196, -0.907978355884552, 0.0, 1713.9307861328125], [0.907978355884552, -0.41901710629463196, 0.0, -1555.925048828125], [0.0, 0.0, 1.0, 0.0], [0.0, 0.0, 0.0, 1.0]], "cam_ids": [0, 1, 2, 3, 4, 5], "cam_channels": ["CAM_FRONT_LEFT", "CAM_FRONT", "CAM_FRONT_RIGHT", "CAM_BACK_LEFT", "CAM_BACK", "CAM_BACK_RIGHT"], "token": "25393adc5a5246d4874b67396f44e06d", "scene": "scene-0453"}, {"images": ["samples/CAM_FRONT_LEFT/n008-2018-09-18-12-07-26-0400__CAM_FRONT_LEFT__1537287289404799.jpg", "samples/CAM_FRONT/n008-2018-09-18-12-07-26-0400__CAM_FRONT__1537287289412404.jpg", "samples/CAM_FRONT_RIGHT/n008-2018-09-18-12-07-26-0400__CAM_FRONT_RIGHT__1537287289420482.jpg", "samples/CAM_BACK_LEFT/n008-2018-09-18-12-07-26-0400__CAM_BACK_LEFT__1537287289447405.jpg", "samples/CAM_BACK/n008-2018-09-18-12-07-26-0400__CAM_BACK__1537287289437558.jpg", "samples/CAM_BACK_RIGHT/n008-2018-09-18-12-07-26-0400__CAM_BACK_RIGHT__1537287289428113.jpg"], "intrinsics": [[[1257.8625342125129, 0.0, 827.2410631095686], [0.0, 1257.8625342125129, 450.915498205774], [0.0, 0.0, 1.0]], [[1252.8131021185304, 0.0, 826.588114781398], [0.0, 1252.8131021185304, 469.9846626224581], [0.0, 0.0, 1.0]], [[1256.7485116440405, 0.0, 817.7887570959712], [0.0, 1256.7485116440403, 451.9541780095127], [0.0, 0.0, 1.0]], [[1254.9860565800168, 0.0, 829.5769333630991], [0.0, 1254.9860565800168, 467.1680561863987], [0.0, 0.0, 1.0]], [[796.8910634503094, 0.0, 857.7774326863696], [0.0, 796.8910634503094, 476.8848988407415], [0.0, 0.0, 1.0]], [[1249.9629280788233, 0.0, 825.3768045375984], [0.0, 1249.9629280788233, 462.54816385708756], [0.0, 0.0, 1.0]]], "extrinsics": [[[0.8252788782119751, -0.5645900368690491, -0.012362709268927574, -0.824951171875], [0.007973108440637589, 0.033538319170475006, -0.9994056224822998, 1.4899978637695312], [0.5646690726280212, 0.8246898651123047, 0.03218000382184982, -1.21124267578125], [0.0, 0.0, 0.0, 1.0]], [[0.014292338863015175, -0.9994716048240662, -0.029191795736551285, 0.0087890625], [0.009993468411266804, 0.029336102306842804, -0.9995197057723999, 1.4819393157958984], [0.9998478889465332, 0.013993711210787296, 0.010407470166683197, -1.5545654296875], [0.0, 0.0, 0.0, 1.0]], [[-0.8422542810440063, -0.53843754529953, -0.0263204388320446, 0.97265625], [0.018091043457388878, 0.02056562528014183, -0.9996247887611389, 1.4956028461456299], [0.5387768149375916, -0.842414379119873, -0.007580587174743414, -1.200927734375], [0.0, 0.0, 0.0, 1.0]], [[0.9477944374084473, 0.3188500702381134, 0.004511852748692036, -1.1357421875], [-0.007117833476513624, 0.03529924899339676, -0.999351441860199, 1.5619888305664062], [-0.31880253553390503, 0.9471475481987, 0.03572595864534378, -0.1588134765625], [0.0, 0.0, 0.0, 1.0]], [[0.007862018421292305, 0.9995808601379395, 0.02786361239850521, -0.0284423828125], [-0.005045946687459946, 0.02790377475321293, -0.9995978474617004, 1.5677680969238281], [-0.9999563097953796, 0.0077183302491903305, 0.005263212602585554, -0.0125732421875], [0.0, 0.0, 0.0, 1.0]], [[-0.9246304035186768, 0.3808549642562866, 0.0028370399959385395, 1.06494140625], [-0.0008696552831679583, 0.005337696988135576, -0.99998539686203, 1.5477194786071777], [-0.38086459040641785, -0.9246193766593933, -0.00460418313741684, -0.08245849609375], [0.0, 0.0, 0.0, 1.0]]], "view": [[0.0, -2.0, 100.0], [-2.0, 0.0, 100.0], [0.0, 0.0, 1.0]], "bev": "bev_b22b9f8a19b246aaaf7933e40f87edab.png", "aux": "aux_b22b9f8a19b246aaaf7933e40f87edab.npz", "visibility": "visibility_b22b9f8a19b246aaaf7933e40f87edab.png", "pose": [[-0.46817442774772644, 0.8836360573768616, 0.0, 2129.814453125], [-0.8836360573768616, -0.46817442774772644, 0.0, 902.060791015625], [0.0, 0.0, 1.0, 0.0], [0.0, 0.0, 0.0, 1.0]], "pose_inverse": [[-0.46817442774772644, -0.8836360573768616, 0.0, 1794.2181396484375], [0.8836360573768616, -0.46817442774772644, 0.0, -1459.6590576171875], [0.0, 0.0, 1.0, 0.0], [0.0, 0.0, 0.0, 1.0]], "cam_ids": [0, 1, 2, 3, 4, 5], "cam_channels": ["CAM_FRONT_LEFT", "CAM_FRONT", "CAM_FRONT_RIGHT", "CAM_BACK_LEFT", "CAM_BACK", "CAM_BACK_RIGHT"], "token": "b22b9f8a19b246aaaf7933e40f87edab", "scene": "scene-0453"}, {"images": ["samples/CAM_FRONT_LEFT/n008-2018-09-18-12-07-26-0400__CAM_FRONT_LEFT__1537287289904799.jpg", "samples/CAM_FRONT/n008-2018-09-18-12-07-26-0400__CAM_FRONT__1537287289912406.jpg", "samples/CAM_FRONT_RIGHT/n008-2018-09-18-12-07-26-0400__CAM_FRONT_RIGHT__1537287289920482.jpg", "samples/CAM_BACK_LEFT/n008-2018-09-18-12-07-26-0400__CAM_BACK_LEFT__1537287289947405.jpg", "samples/CAM_BACK/n008-2018-09-18-12-07-26-0400__CAM_BACK__1537287289937558.jpg", "samples/CAM_BACK_RIGHT/n008-2018-09-18-12-07-26-0400__CAM_BACK_RIGHT__1537287289928113.jpg"], "intrinsics": [[[1257.8625342125129, 0.0, 827.2410631095686], [0.0, 1257.8625342125129, 450.915498205774], [0.0, 0.0, 1.0]], [[1252.8131021185304, 0.0, 826.588114781398], [0.0, 1252.8131021185304, 469.9846626224581], [0.0, 0.0, 1.0]], [[1256.7485116440405, 0.0, 817.7887570959712], [0.0, 1256.7485116440403, 451.9541780095127], [0.0, 0.0, 1.0]], [[1254.9860565800168, 0.0, 829.5769333630991], [0.0, 1254.9860565800168, 467.1680561863987], [0.0, 0.0, 1.0]], [[796.8910634503094, 0.0, 857.7774326863696], [0.0, 796.8910634503094, 476.8848988407415], [0.0, 0.0, 1.0]], [[1249.9629280788233, 0.0, 825.3768045375984], [0.0, 1249.9629280788233, 462.54816385708756], [0.0, 0.0, 1.0]]], "extrinsics": [[[0.8249571919441223, -0.5650867223739624, -0.011077000759541988, -0.8212890625], [0.0073510645888745785, 0.030324408784508705, -0.9995130300521851, 1.4899215698242188], [0.5651473999023438, 0.8244739770889282, 0.02917032688856125, -1.20782470703125], [0.0, 0.0, 0.0, 1.0]], [[0.01384525466710329, -0.99956214427948, -0.026151565834879875, 0.00830078125], [0.009304720908403397, 0.026281733065843582, -0.9996112585067749, 1.4818782806396484], [0.9998608231544495, 0.013596531935036182, 0.009664524346590042, -1.5491943359375], [0.0, 0.0, 0.0, 1.0]], [[-0.8424280881881714, -0.5382684469223022, -0.02412443421781063, 0.96759033203125], [0.01733154058456421, 0.017679769545793533, -0.9996934533119202, 1.4956016540527344], [0.5385299921035767, -0.8425880074501038, -0.005564914550632238, -1.19873046875], [0.0, 0.0, 0.0, 1.0]], [[0.947778582572937, 0.3189176023006439, 0.0027302352245897055, -1.1309814453125], [-0.00827619805932045, 0.03315164893865585, -0.9994160532951355, 1.5619316101074219], [-0.31882190704345703, 0.9472025036811829, 0.03405984491109848, -0.1602783203125], [0.0, 0.0, 0.0, 1.0]], [[0.007939144037663937, 0.9996449947357178, 0.025435052812099457, -0.0283203125], [-0.006099846679717302, 0.025483794510364532, -0.999656617641449, 1.5676803588867188], [-0.9999499320983887, 0.007781253196299076, 0.006300000008195639, -0.01806640625], [0.0, 0.0, 0.0, 1.0]], [[-0.9245670437812805, 0.3810102343559265, 0.0026389823760837317, 1.0595703125], [-0.001761531108058989, 0.002651673275977373, -0.9999949336051941, 1.547616958618164], [-0.38101524114608765, -0.9245669841766357, -0.0017804891103878617, -0.0849609375], [0.0, 0.0, 0.0, 1.0]]], "view": [[0.0, -2.0, 100.0], [-2.0, 0.0, 100.0], [0.0, 0.0, 1.0]], "bev": "bev_566cdd5dd0af4d88a30bc7c35b3b8447.png", "aux": "aux_566cdd5dd0af4d88a30bc7c35b3b8447.npz", "visibility": "visibility_566cdd5dd0af4d88a30bc7c35b3b8447.png", "pose": [[-0.5109614133834839, 0.8596036434173584, 0.0, 2128.591796875], [-0.8596036434173584, -0.5109614133834839, 0.0, 899.9130249023438], [0.0, 0.0, 1.0, 0.0], [0.0, 0.0, 0.0, 1.0]], "pose_inverse": [[-0.5109614133834839, -0.8596036434173584, 0.0, 1861.19677734375], [0.8596036434173584, -0.5109614133834839, 0.0, -1369.9244384765625], [0.0, 0.0, 1.0, 0.0], [0.0, 0.0, 0.0, 1.0]], "cam_ids": [0, 1, 2, 3, 4, 5], "cam_channels": ["CAM_FRONT_LEFT", "CAM_FRONT", "CAM_FRONT_RIGHT", "CAM_BACK_LEFT", "CAM_BACK", "CAM_BACK_RIGHT"], "token": "566cdd5dd0af4d88a30bc7c35b3b8447", "scene": "scene-0453"}, {"images": ["samples/CAM_FRONT_LEFT/n008-2018-09-18-12-07-26-0400__CAM_FRONT_LEFT__1537287290404799.jpg", "samples/CAM_FRONT/n008-2018-09-18-12-07-26-0400__CAM_FRONT__1537287290412422.jpg", "samples/CAM_FRONT_RIGHT/n008-2018-09-18-12-07-26-0400__CAM_FRONT_RIGHT__1537287290420482.jpg", "samples/CAM_BACK_LEFT/n008-2018-09-18-12-07-26-0400__CAM_BACK_LEFT__1537287290447405.jpg", "samples/CAM_BACK/n008-2018-09-18-12-07-26-0400__CAM_BACK__1537287290437558.jpg", "samples/CAM_BACK_RIGHT/n008-2018-09-18-12-07-26-0400__CAM_BACK_RIGHT__1537287290428113.jpg"], "intrinsics": [[[1257.8625342125129, 0.0, 827.2410631095686], [0.0, 1257.8625342125129, 450.915498205774], [0.0, 0.0, 1.0]], [[1252.8131021185304, 0.0, 826.588114781398], [0.0, 1252.8131021185304, 469.9846626224581], [0.0, 0.0, 1.0]], [[1256.7485116440405, 0.0, 817.7887570959712], [0.0, 1256.7485116440403, 451.9541780095127], [0.0, 0.0, 1.0]], [[1254.9860565800168, 0.0, 829.5769333630991], [0.0, 1254.9860565800168, 467.1680561863987], [0.0, 0.0, 1.0]], [[796.8910634503094, 0.0, 857.7774326863696], [0.0, 796.8910634503094, 476.8848988407415], [0.0, 0.0, 1.0]], [[1249.9629280788233, 0.0, 825.3768045375984], [0.0, 1249.9629280788233, 462.54816385708756], [0.0, 0.0, 1.0]]], "extrinsics": [[[0.8234318494796753, -0.5672522783279419, -0.013599371537566185, -0.834228515625], [0.005454877391457558, 0.03187995404005051, -0.9994768500328064, 1.4893989562988281], [0.5673891305923462, 0.822926938533783, 0.029345257207751274, -1.216385841369629], [0.0, 0.0, 0.0, 1.0]], [[0.011546135880053043, -0.9995509386062622, -0.027652693912386894, 0.008056640625], [0.00743800587952137, 0.027739625424146652, -0.9995874762535095, 1.4814319610595703], [0.9999056458473206, 0.011335651390254498, 0.007754950318485498, -1.5616455078125], [0.0, 0.0, 0.0, 1.0]], [[-0.8434476852416992, -0.5367066264152527, -0.023284221068024635, 0.9754638671875], [0.01549161970615387, 0.019025003537535667, -0.9996989369392395, 1.4951796531677246], [0.5369880795478821, -0.8435544967651367, -0.00773213803768158, -1.203369140625], [0.0, 0.0, 0.0, 1.0]], [[0.9478299021720886, 0.318773090839386, 0.0015306989662349224, -1.130126953125], [-0.009874838404357433, 0.03416033461689949, -0.9993675947189331, 1.5618896484375], [-0.318623811006546, 0.9472153186798096, 0.03552601486444473, -0.1610107421875], [0.0, 0.0, 0.0, 1.0]], [[0.008768774569034576, 0.9996084570884705, 0.026572147384285927, -0.0286865234375], [-0.0077554695308208466, 0.026640355587005615, -0.9996150135993958, 1.5675888061523438], [-0.9999315738677979, 0.008559344336390495, 0.007986036129295