[{"images": ["samples/CAM_FRONT_LEFT/n015-2018-07-24-11-03-52+0800__CAM_FRONT_LEFT__1532401490604844.jpg", "samples/CAM_FRONT/n015-2018-07-24-11-03-52+0800__CAM_FRONT__1532401490612460.jpg", "samples/CAM_FRONT_RIGHT/n015-2018-07-24-11-03-52+0800__CAM_FRONT_RIGHT__1532401490620339.jpg", "samples/CAM_BACK_LEFT/n015-2018-07-24-11-03-52+0800__CAM_BACK_LEFT__1532401490647423.jpg", "samples/CAM_BACK/n015-2018-07-24-11-03-52+0800__CAM_BACK__1532401490637525.jpg", "samples/CAM_BACK_RIGHT/n015-2018-07-24-11-03-52+0800__CAM_BACK_RIGHT__1532401490627893.jpg"], "intrinsics": [[[1272.5979470598488, 0.0, 826.6154927353808], [0.0, 1272.5979470598488, 479.75165386361925], [0.0, 0.0, 1.0]], [[1266.417203046554, 0.0, 816.2670197447984], [0.0, 1266.417203046554, 491.50706579294757], [0.0, 0.0, 1.0]], [[1260.8474446004698, 0.0, 807.968244525554], [0.0, 1260.8474446004698, 495.3344268742088], [0.0, 0.0, 1.0]], [[1256.7414812095406, 0.0, 792.1125740759628], [0.0, 1256.7414812095406, 492.7757465151356], [0.0, 0.0, 1.0]], [[809.2209905677063, 0.0, 829.2196003259838], [0.0, 809.2209905677063, 481.77842384512485], [0.0, 0.0, 1.0]], [[1259.5137405846733, 0.0, 807.2529053838625], [0.0, 1259.5137405846733, 501.19579884916527], [0.0, 0.0, 1.0]]], "extrinsics": [[[0.8211349844932556, -0.570345938205719, 0.02104824036359787, -0.674530029296875], [0.005548109300434589, -0.028900671750307083, -0.999566912651062, 1.5101985931396484], [0.5707072019577026, 0.8208960294723511, -0.02056700736284256, -1.0777587890625], [0.0, 0.0, 0.0, 1.0]], [[0.006222344469279051, -0.9994390606880188, 0.032905418425798416, 0.006591796875], [0.0004207033198326826, -0.03290344029664993, -0.9994584918022156, 1.5206527709960938], [0.9999805092811584, 0.006232825107872486, 0.00021572977129835635, -1.39984130859375], [0.0, 0.0, 0.0, 1.0]], [[-0.8326253890991211, -0.5538256168365479, 0.0034867238719016314, 0.84210205078125], [0.00621020095422864, -0.01563127711415291, -0.9998584985733032, 1.5050668716430664], [0.5538017749786377, -0.8324859738349915, 0.016454368829727173, -1.12188720703125], [0.0, 0.0, 0.0, 1.0]], [[0.9478013515472412, 0.3188612163066864, -0.0002961743448395282, -1.13336181640625], [0.01519662793725729, -0.046099089086055756, -0.9988212585449219, 1.5886955261230469], [-0.31849902868270874, 0.9466797113418579, -0.04853839799761772, -0.106689453125], [0.0, 0.0, 0.0, 1.0]], [[0.0024561318568885326, 0.9993475675582886, -0.036034103482961655, 0.0029296875], [-0.010304514318704605, -0.03600700944662094, -0.9992983937263489, 1.5784416198730469], [-0.9999439120292664, 0.0028256268706172705, 0.010209353640675545, -0.08758544921875], [0.0, 0.0, 0.0, 1.0]], [[-0.9347787499427795, 0.3541189134120941, -0.02807893604040146, 0.9793930053710938], [0.022222930565476418, -0.020593425258994102, -0.9995409250259399, 1.5551786422729492], [-0.3545346260070801, -0.9349737167358398, 0.011380736716091633, -0.12255859375], [0.0, 0.0, 0.0, 1.0]]], "view": [[0.0, -2.0, 100.0], [-2.0, 0.0, 100.0], [0.0, 0.0, 1.0]], "bev": "bev_1315ebfd98fd43f4894a95eea2a41761.png", "aux": "aux_1315ebfd98fd43f4894a95eea2a41761.npz", "visibility": "visibility_1315ebfd98fd43f4894a95eea2a41761.png", "pose": [[-0.8039780259132385, -0.5946590304374695, 0.0, 1050.75439453125], [0.5946590304374695, -0.8039780259132385, 0.0, 583.7667846679688], [0.0, 0.0, 1.0, 0.0], [0.0, 0.0, 0.0, 1.0]], "pose_inverse": [[-0.8039780259132385, 0.5946590304374695, 0.0, 497.6412353515625], [-0.5946590304374695, -0.8039780259132385, 0.0, 1094.17626953125], [0.0, 0.0, 1.0, 0.0], [0.0, 0.0, 0.0, 1.0]], "cam_ids": [0, 1, 2, 3, 4, 5], "cam_channels": ["CAM_FRONT_LEFT", "CAM_FRONT", "CAM_FRONT_RIGHT", "CAM_BACK_LEFT", "CAM_BACK", "CAM_BACK_RIGHT"], "token": "1315ebfd98fd43f4894a95eea2a41761", "scene": "scene-0041"}, {"images": ["samples/CAM_FRONT_LEFT/n015-2018-07-24-11-03-52+0800__CAM_FRONT_LEFT__1532401491104862.jpg", "samples/CAM_FRONT/n015-2018-07-24-11-03-52+0800__CAM_FRONT__1532401491112460.jpg", "samples/CAM_FRONT_RIGHT/n015-2018-07-24-11-03-52+0800__CAM_FRONT_RIGHT__1532401491120339.jpg", "samples/CAM_BACK_LEFT/n015-2018-07-24-11-03-52+0800__CAM_BACK_LEFT__1532401491147423.jpg", "samples/CAM_BACK/n015-2018-07-24-11-03-52+0800__CAM_BACK__1532401491137525.jpg", "samples/CAM_BACK_RIGHT/n015-2018-07-24-11-03-52+0800__CAM_BACK_RIGHT__1532401491127893.jpg"], "intrinsics": [[[1272.5979470598488, 0.0, 826.6154927353808], [0.0, 1272.5979470598488, 479.75165386361925], [0.0, 0.0, 1.0]], [[1266.417203046554, 0.0, 816.2670197447984], [0.0, 1266.417203046554, 491.50706579294757], [0.0, 0.0, 1.0]], [[1260.8474446004698, 0.0, 807.968244525554], [0.0, 1260.8474446004698, 495.3344268742088], [0.0, 0.0, 1.0]], [[1256.7414812095406, 0.0, 792.1125740759628], [0.0, 1256.7414812095406, 492.7757465151356], [0.0, 0.0, 1.0]], [[809.2209905677063, 0.0, 829.2196003259838], [0.0, 809.2209905677063, 481.77842384512485], [0.0, 0.0, 1.0]], [[1259.5137405846733, 0.0, 807.2529053838625], [0.0, 1259.5137405846733, 501.19579884916527], [0.0, 0.0, 1.0]]], "extrinsics": [[[0.8205720782279968, -0.5713657736778259, 0.014236873015761375, -0.6969146728515625], [0.002440872834995389, -0.021406002342700958, -0.9997678995132446, 1.5090713500976562], [0.5715379118919373, 0.8204163312911987, -0.01617053523659706, -1.09521484375], [0.0, 0.0, 0.0, 1.0]], [[0.0053859553299844265, -0.9996688961982727, 0.025162767618894577, 0.0074462890625], [-0.002620888873934746, -0.025177162140607834, -0.9996795654296875, 1.5198554992675781], [0.9999820590019226, 0.005318338517099619, -0.002755624707788229, -1.424102783203125], [0.0, 0.0, 0.0, 1.0]], [[-0.8330397605895996, -0.5532109141349792, 0.0015337304212152958, 0.85882568359375], [0.003253387054428458, -0.007671354338526726, -0.999965250492096, 1.5043258666992188], [0.5532034635543823, -0.8330057859420776, 0.008190354332327843, -1.13287353515625], [0.0, 0.0, 0.0, 1.0]], [[0.9477856755256653, 0.31890785694122314, 0.00021430755441542715, -1.13885498046875], [0.012593398801982403, -0.036755748093128204, -0.9992449283599854, 1.5886001586914062], [-0.3186591863632202, 0.9470727443695068, -0.03885270655155182, -0.1048583984375], [0.0, 0.0, 0.0, 1.0]], [[0.0026306642685085535, 0.9996256232261658, -0.027232661843299866, 0.0028076171875], [-0.013001719489693642, -0.027196262031793594, -0.9995455741882324, 1.5783424377441406], [-0.9999120235443115, 0.0029834946617484093, 0.012925309129059315, -0.076507568359375], [0.0, 0.0, 0.0, 1.0]], [[-0.9346502423286438, 0.35485565662384033, -0.022504519671201706, 0.9945907592773438], [0.019373200833797455, -0.01237519085407257, -0.9997357130050659, 1.5543875694274902], [-0.35504037141799927, -0.9348391890525818, 0.004691784735769033, -0.1170654296875], [0.0, 0.0, 0.0, 1.0]]], "view": [[0.0, -2.0, 100.0], [-2.0, 0.0, 100.0], [0.0, 0.0, 1.0]], "bev": "bev_b215c97ce8c845689e51aa44236bab37.png", "aux": "aux_b215c97ce8c845689e51aa44236bab37.npz", "visibility": "visibility_b215c97ce8c845689e51aa44236bab37.png", "pose": [[-0.8013808131217957, -0.5981544852256775, 0.0, 1047.656982421875], [0.5981544852256775, -0.8013808131217957, 0.0, 586.088623046875], [0.0, 0.0, 1.0, 0.0], [0.0, 0.0, 0.0, 1.0]], "pose_inverse": [[-0.8013808131217957, 0.5981544852256775, 0.0, 489.0007019042969], [-0.5981544852256775, -0.8013808131217957, 0.0, 1096.3409423828125], [0.0, 0.0, 1.0, 0.0], [0.0, 0.0, 0.0, 1.0]], "cam_ids": [0, 1, 2, 3, 4, 5], "cam_channels": ["CAM_FRONT_LEFT", "CAM_FRONT", "CAM_FRONT_RIGHT", "CAM_BACK_LEFT", "CAM_BACK", "CAM_BACK_RIGHT"], "token": "b215c97ce8c845689e51aa44236bab37", "scene": "scene-0041"}, {"images": ["samples/CAM_FRONT_LEFT/n015-2018-07-24-11-03-52+0800__CAM_FRONT_LEFT__1532401491604844.jpg", "samples/CAM_FRONT/n015-2018-07-24-11-03-52+0800__CAM_FRONT__1532401491612460.jpg", "samples/CAM_FRONT_RIGHT/n015-2018-07-24-11-03-52+0800__CAM_FRONT_RIGHT__1532401491620339.jpg", "samples/CAM_BACK_LEFT/n015-2018-07-24-11-03-52+0800__CAM_BACK_LEFT__1532401491647423.jpg", "samples/CAM_BACK/n015-2018-07-24-11-03-52+0800__CAM_BACK__1532401491637525.jpg", "samples/CAM_BACK_RIGHT/n015-2018-07-24-11-03-52+0800__CAM_BACK_RIGHT__1532401491627893.jpg"], "intrinsics": [[[1272.5979470598488, 0.0, 826.6154927353808], [0.0, 1272.5979470598488, 479.75165386361925], [0.0, 0.0, 1.0]], [[1266.417203046554, 0.0, 816.2670197447984], [0.0, 1266.417203046554, 491.50706579294757], [0.0, 0.0, 1.0]], [[1260.8474446004698, 0.0, 807.968244525554], [0.0, 1260.8474446004698, 495.3344268742088], [0.0, 0.0, 1.0]], [[1256.7414812095406, 0.0, 792.1125740759628], [0.0, 1256.7414812095406, 492.7757465151356], [0.0, 0.0, 1.0]], [[809.2209905677063, 0.0, 829.2196003259838], [0.0, 809.2209905677063, 481.77842384512485], [0.0, 0.0, 1.0]], [[1259.5137405846733, 0.0, 807.2529053838625], [0.0, 1259.5137405846733, 501.19579884916527], [0.0, 0.0, 1.0]]], "extrinsics": [[[0.8199858069419861, -0.5723202228546143, 0.008540093898773193, -0.7162322998046875], [-0.0017965597799047828, -0.017493577674031258, -0.9998453855514526, 1.5077323913574219], [0.5723810791969299, 0.819843590259552, -0.015372691676020622, -1.1087646484375], [0.0, 0.0, 0.0, 1.0]], [[0.0045143114402890205, -0.9997526407241821, 0.02177884802222252, 0.007568359375], [-0.006933573167771101, -0.021809838712215424, -0.9997380971908569, 1.5188312530517578], [0.9999657273292542, 0.00436211284250021, -0.0070303138345479965, -1.442718505859375], [0.0, 0.0, 0.0, 1.0]], [[-0.8334882855415344, -0.5525252223014832, 0.003629097482189536, 0.87017822265625], [-0.0011202350724488497, -0.004878236446529627, -0.9999874830245972, 1.5034289360046387], [0.5525360107421875, -0.8334819078445435, 0.0034469962120056152, -1.1400146484375], [0.0, 0.0, 0.0, 1.0]], [[0.9478033781051636, 0.31883504986763, -0.0036047485191375017, -1.1395263671875], [0.008307751268148422, -0.03599479794502258, -0.999317467212677, 1.5885772705078125], [-0.3187471330165863, 0.9471264481544495, -0.03676479309797287, -0.10455322265625], [0.0, 0.0, 0.0, 1.0]], [[0.0028779658023267984, 0.9996642470359802, -0.025753360241651535, 0.0025634765625], [-0.017411986365914345, -0.025699470192193985, -0.999518096446991, 1.5780868530273438], [-0.9998443126678467, 0.0033249808475375175, 0.017332175746560097, -0.071533203125], [0.0, 0.0, 0.0, 1.0]], [[-0.9345068335533142, 0.35551080107688904, -0.017581399530172348, 1.0030670166015625], [0.014950943179428577, -0.010145328938961029, -0.9998367428779602, 1.5535845756530762], [-0.35563114285469055, -0.9346172213554382, 0.004165655467659235, -0.1134033203125], [0.0, 0.0, 0.0, 1.0]]], "view": [[0.0, -2.0, 100.0], [-2.0, 0.0, 100.0], [0.0, 0.0, 1.0]], "bev": "bev_49a0f1ea18b44fe8826d4f5492ab3638.png", "aux": "aux_49a0f1ea18b44fe8826d4f5492ab3638.npz", "visibility": "visibility_49a0f1ea18b44fe8826d4f5492ab3638.png", "pose": [[-0.8083744645118713, -0.5886686444282532, 0.0, 1044.7789306640625], [0.5886686444282532, -0.8083744645118713, 0.0, 588.2278442382812], [0.0, 0.0, 1.0, 0.0], [0.0, 0.0, 0.0, 1.0]], "pose_inverse": [[-0.8083744645118713, 0.5886686444282532, 0.0, 498.30133056640625], [-0.5886686444282532, -0.8083744645118713, 0.0, 1090.5369873046875], [0.0, 0.0, 1.0, 0.0], [0.0, 0.0, 0.0, 1.0]], "cam_ids": [0, 1, 2, 3, 4, 5], "cam_channels": ["CAM_FRONT_LEFT", "CAM_FRONT", "CAM_FRONT_RIGHT", "CAM_BACK_LEFT", "CAM_BACK", "CAM_BACK_RIGHT"], "token": "49a0f1ea18b44fe8826d4f5492ab3638", "scene": "scene-0041"}, {"images": ["samples/CAM_FRONT_LEFT/n015-2018-07-24-11-03-52+0800__CAM_FRONT_LEFT__1532401492154844.jpg", "samples/CAM_FRONT/n015-2018-07-24-11-03-52+0800__CAM_FRONT__1532401492162460.jpg", "samples/CAM_FRONT_RIGHT/n015-2018-07-24-11-03-52+0800__CAM_FRONT_RIGHT__1532401492170339.jpg", "samples/CAM_BACK_LEFT/n015-2018-07-24-11-03-52+0800__CAM_BACK_LEFT__1532401492197423.jpg", "samples/CAM_BACK/n015-2018-07-24-11-03-52+0800__CAM_BACK__1532401492187525.jpg", "samples/CAM_BACK_RIGHT/n015-2018-07-24-11-03-52+0800__CAM_BACK_RIGHT__1532401492177893.jpg"], "intrinsics": [[[1272.5979470598488, 0.0, 826.6154927353808], [0.0, 1272.5979470598488, 479.75165386361925], [0.0, 0.0, 1.0]], [[1266.417203046554, 0.0, 816.2670197447984], [0.0, 1266.417203046554, 491.50706579294757], [0.0, 0.0, 1.0]], [[1260.8474446004698, 0.0, 807.968244525554], [0.0, 1260.8474446004698, 495.3344268742088], [0.0, 0.0, 1.0]], [[1256.7414812095406, 0.0, 792.1125740759628], [0.0, 1256.7414812095406, 492.7757465151356], [0.0, 0.0, 1.0]], [[809.2209905677063, 0.0, 829.2196003259838], [0.0, 809.2209905677063, 481.77842384512485], [0.0, 0.0, 1.0]], [[1259.5137405846733, 0.0, 807.2529053838625], [0.0, 1259.5137405846733, 501.19579884916527], [0.0, 0.0, 1.0]]], "extrinsics": [[[0.8186578750610352, -0.5741142630577087, 0.013860016129910946, -0.7441253662109375], [0.004288378171622753, -0.018022412434220314, -0.9998283386230469, 1.5094118118286133], [0.5742654800415039, 0.8185768723487854, -0.012292170897126198, -1.1260986328125], [0.0, 0.0, 0.0, 1.0]], [[0.0025811074301600456, -0.9997600317001343, 0.021754693239927292, 0.005859375], [-0.0008112034411169589, -0.0217568539083004, -0.999763011932373, 1.5203571319580078], [0.9999963641166687, 0.002562741981819272, -0.0008671657997183502, -1.4727783203125], [0.0, 0.0, 0.0, 1.0]], [[-0.8342180848121643, -0.5514311790466309, -0.0019159098155796528, 0.8905029296875], [0.005071556661278009, -0.004198013339191675, -0.9999783039093018, 1.5045056343078613], [0.5514112710952759, -0.8342097997665405, 0.006298674736171961, -1.15509033203125], [0.0, 0.0, 0.0, 1.0]], [[0.947733461856842, 0.3190484344959259, 0.003039487637579441, -1.14178466796875], [0.014353061094880104, -0.03311525657773018, -0.9993484616279602, 1.5885658264160156], [-0.3187398910522461, 0.9471597075462341, -0.0359637625515461, -0.10400390625], [0.0, 0.0, 0.0, 1.0]], [[0.003383927047252655, 0.9997151494026184, -0.023626919835805893, 0.0029296875], [-0.011292638257145882, -0.023587344214320183, -0.9996579885482788, 1.5786571502685547], [-0.9999305009841919, 0.0036496059037745, 0.011209601536393166, -0.06024169921875], [0.0, 0.0, 0.0, 1.0]], [[-0.9340701103210449, 0.3563556969165802, -0.02288425900042057, 1.0217666625976562], [0.021123236045241356, -0.008832966908812523, -0.9997378587722778, 1.5540404319763184], [-0.3564643859863281, -0.934308648109436, 0.0007232227362692356, -0.107177734375], [0.0, 0.0, 0.0, 1.0]]], "view": [[0.0, -2.0, 100.0], [-2.0, 0.0, 100.0], [0.0, 0.0, 1.0]], "bev": "bev_3ce024d9c73e406a910d688504e765e1.png", "aux": "aux_3ce024d9c73e406a910d688504e765e1.npz", "visibility": "visibility_3ce024d9c73e406a910d688504e765e1.png", "pose": [[-0.8201499581336975, -0.5721486210823059, 0.0, 1041.8382568359375], [0.5721486210823059, -0.8201499581336975, 0.0, 590.3553466796875], [0.0, 0.0, 1.0, 0.0], [0.0, 0.0, 0.0, 1.0]], "pose_inverse": [[-0.8201499581336975, 0.5721486210823059, 0.0, 516.692626953125], [-0.5721486210823059, -0.8201499581336975, 0.0, 1080.2662353515625], [0.0, 0.0, 1.0, 0.0], [0.0, 0.0, 0.0, 1.0]], "cam_ids": [0, 1, 2, 3, 4, 5], "cam_channels": ["CAM_FRONT_LEFT", "CAM_FRONT", "CAM_FRONT_RIGHT", "CAM_BACK_LEFT", "CAM_BACK", "CAM_BACK_RIGHT"], "token": "3ce024d9c73e406a910d688504e765e1", "scene": "scene-0041"}, {"images": ["samples/CAM_FRONT_LEFT/n015-2018-07-24-11-03-52+0800__CAM_FRONT_LEFT__1532401492654844.jpg", "samples/CAM_FRONT/n015-2018-07-24-11-03-52+0800__CAM_FRONT__1532401492662460.jpg", "samples/CAM_FRONT_RIGHT/n015-2018-07-24-11-03-52+0800__CAM_FRONT_RIGHT__1532401492670339.jpg", "samples/CAM_BACK_LEFT/n015-2018-07-24-11-03-52+0800__CAM_BACK_LEFT__1532401492697423.jpg", "samples/CAM_BACK/n015-2018-07-24-11-03-52+0800__CAM_BACK__1532401492687525.jpg", "samples/CAM_BACK_RIGHT/n015-2018-07-24-11-03-52+0800__CAM_BACK_RIGHT__1532401492677893.jpg"], "intrinsics": [[[1272.5979470598488, 0.0, 826.6154927353808], [0.0, 1272.5979470598488, 479.75165386361925], [0.0, 0.0, 1.0]], [[1266.417203046554, 0.0, 816.2670197447984], [0.0, 1266.417203046554, 491.50706579294757], [0.0, 0.0, 1.0]], [[1260.8474446004698, 0.0, 807.968244525554], [0.0, 1260.8474446004698, 495.3344268742088], [0.0, 0.0, 1.0]], [[1256.7414812095406, 0.0, 792.1125740759628], [0.0, 1256.7414812095406, 492.7757465151356], [0.0, 0.0, 1.0]], [[809.2209905677063, 0.0, 829.2196003259838], [0.0, 809.2209905677063, 481.77842384512485], [0.0, 0.0, 1.0]], [[1259.5137405846733, 0.0, 807.2529053838625], [0.0, 1259.5137405846733, 501.19579884916527], [0.0, 0.0, 1.0]]], "extrinsics": [[[0.8164301514625549, -0.5773645043373108, 0.009591573849320412, -0.7648696899414062], [0.008143600076436996, -0.005096349399536848, -0.9999538660049438, 1.5102431774139404], [0.5773867964744568, 0.8164705634117126, 0.0005410135490819812, -1.142333984375], [0.0, 0.0, 0.0, 1.0]], [[-0.0004983490216545761, -0.9999585747718811, 0.009083478711545467, 0.0072021484375], [0.002611032221466303, -0.009084749966859818, -0.9999553561210632, 1.521073341369629], [0.9999963641166687, -0.00047462855582125485, 0.0026154518127441406, -1.493408203125], [0.0, 0.0, 0.0, 1.0]], [[-0.835456907749176, -0.5494405627250671, -0.011258329264819622, 0.9052734375], [0.008117439225316048, 0.008146129548549652, -0.9999338388442993, 1.5048751831054688], [0.5494958758354187, -0.8354930877685547, -0.0023456893395632505, -1.16314697265625], [0.0, 0.0, 0.0, 1.0]], [[0.9476819038391113, 0.31910771131515503, 0.008324289694428444, -1.14599609375], [0.016147173941135406, -0.021877169609069824, -0.9996302127838135, 1.5884943008422852], [-0.31880757212638855, 0.9474658966064453, -0.025885283946990967, -0.1026611328125], [0.0, 0.0, 0.0, 1.0]], [[0.004134115297347307, 0.999920129776001, -0.011946308426558971, 0.0023193359375], [-0.00910594966262579, -0.011908271349966526, -0.9998876452445984, 1.578878402709961], [-0.9999500513076782, 0.004242486320436001, 0.009055991657078266, -0.0516357421875], [0.0, 0.0, 0.0, 1.0]], [[-0.9334462881088257, 0.3580978214740753, -0.021069951355457306, 1.0336456298828125], [0.023793498054146767, 0.0032004457898437977, -0.9997117519378662, 1.554046630859375], [-0.35792726278305054, -0.9336786270141602, -0.011507844552397728, -0.1014404296875], [0.0, 0.0, 0.0, 1.0]]], "view": [[0.0, -2.0, 100.0], [-2.0, 0.0, 100.0], [0.0, 0.0, 1.0]], "bev": "bev_339df3b19d8d4127b2a96b6480f672a8.png", "aux": "aux_339df3b19d8d4127b2a96b6480f672a8.npz", "visibility": "visibility_339df3b19d8d4127b2a96b6480f672a8.png", "pose": [[-0.8575003743171692, -0.5144833326339722, 0.0, 1039.332763671875], [0.5144833326339722, -0.8575003743171692, 0.0, 592.0022583007812], [0.0, 0.0, 1.0, 0.0], [0.0, 0.0, 0.0, 1.0]], "pose_inverse": [[-0.8575003743171692, 0.5144833326339722, 0.0, 586.6528930664062], [-0.5144833326339722, -0.8575003743171692, 0.0, 1042.361572265625], [0.0, 0.0, 1.0, 0.0], [0.0, 0.0, 0.0, 1.0]], "cam_ids": [0, 1, 2, 3, 4, 5], "cam_channels": ["CAM_FRONT_LEFT", "CAM_FRONT", "CAM_FRONT_RIGHT", "CAM_BACK_LEFT", "CAM_BACK", "CAM_BACK_RIGHT"], "token": "339df3b19d8d4127b2a96b6480f672a8", "scene": "scene-0041"}, {"images": ["samples/CAM_FRONT_LEFT/n015-2018-07-24-11-03-52+0800__CAM_FRONT_LEFT__1532401493154844.jpg", "samples/CAM_FRONT/n015-2018-07-24-11-03-52+0800__CAM_FRONT__1532401493162460.jpg", "samples/CAM_FRONT_RIGHT/n015-2018-07-24-11-03-52+0800__CAM_FRONT_RIGHT__1532401493170339.jpg", "samples/CAM_BACK_LEFT/n015-2018-07-24-11-03-52+0800__CAM_BACK_LEFT__1532401493197423.jpg", "samples/CAM_BACK/n015-2018-07-24-11-03-52+0800__CAM_BACK__1532401493187525.jpg", "samples/CAM_BACK_RIGHT/n015-2018-07-24-11-03-52+0800__CAM_BACK_RIGHT__1532401493177893.jpg"], "intrinsics": [[[1272.5979470598488, 0.0, 826.6154927353808], [0.0, 1272.5979470598488, 479.75165386361925], [0.0, 0.0, 1.0]], [[1266.417203046554, 0.0, 816.2670197447984], [0.0, 1266.417203046554, 491.50706579294757], [0.0, 0.0, 1.0]], [[1260.8474446004698, 0.0, 807.968244525554], [0.0, 1260.8474446004698, 495.3344268742088], [0.0, 0.0, 1.0]], [[1256.7414812095406, 0.0, 792.1125740759628], [0.0, 1256.7414812095406, 492.7757465151356], [0.0, 0.0, 1.0]], [[809.2209905677063, 0.0, 829.2196003259838], [0.0, 809.2209905677063, 481.77842384512485], [0.0, 0.0, 1.0]], [[1259.5137405846733, 0.0, 807.2529053838625], [0.0, 1259.5137405846733, 501.19579884916527], [0.0, 0.0, 1.0]]], "extrinsics": [[[0.8154330253601074, -0.5787676572799683, 0.009848064742982388, -0.7805797457695007], [0.004086199216544628, -0.01125725731253624, -0.9999282956123352, 1.5091934204101562], [0.5788369178771973, 0.8154147863388062, -0.0068145799450576305, -1.15234375], [0.0, 0.0, 0.0, 1.0]], [[-0.0018459473503753543, -0.9998807311058044, 0.015326956287026405, 0.0064697265625], [-0.0014612141530960798, -0.01532426942139864, -0.9998815059661865, 1.520294189453125], [0.9999971985816956, -0.0018681270303204656, -0.0014327522367238998, -1.5103759765625], [0.0, 0.0, 0.0, 1.0]], [[-0.8360655903816223, -0.548612117767334, -0.004357933532446623, 0.916748046875], [0.00403109984472394, 0.0018002301221713424, -0.9999902248382568, 1.504201889038086], [0.5486146211624146, -0.8360750079154968, 0.00070640241028741, -1.171234130859375], [0.0, 0.0, 0.0, 1.0]], [[0.9476549625396729, 0.31929031014442444, 0.0019607283174991608, -1.149169921875], [0.011650290340185165, -0.028440115973353386, -0.9995275735855103, 1.5884838104248047], [-0.31908369064331055, 0.9472301006317139, -0.030671242624521255, -0.101806640625], [0.0, 0.0, 0.0, 1.0]], [[0.004372207913547754, 0.9998204708099365, -0.018434856086969376, 0.00238037109375], [-0.013412806205451488, -0.018374739214777946, -0.9997411966323853, 1.5787506103515625], [-0.9999004602432251, 0.004618290811777115, 0.013330060057342052, -0.0443115234375], [0.0, 0.0, 0.0, 1.0]], [[-0.9332701563835144, 0.35864800214767456, -0.019452940672636032, 1.044036865234375], [0.019603585824370384, -0.0032166915480047464, -0.9998026490211487, 1.553380012512207], [-0.35863980650901794, -0.9334673285484314, -0.004028744529932737, -0.097900390625], [0.0, 0.0, 0.0, 1.0]]], "view": [[0.0, -2.0, 100.0], [-2.0, 0.0, 100.0], [0.0, 0.0, 1.0]], "bev": "bev_a8b145c416944ea29d18a4fe18ad0a77.png", "aux": "aux_a8b145c416944ea29d18a4fe18ad0a77.npz", "visibility": "visibility_a8b145c416944ea29d18a4fe18ad0a77.png", "pose": [[-0.9078213572502136, -0.4193570613861084, 0.0, 1036.8853759765625], [0.4193570613861084, -0.9078213572502136, 0.0, 593.323486328125], [0.0, 0.0, 1.0, 0.0], [0.0, 0.0, 0.0, 1.0]], "pose_inverse": [[-0.9078213572502136, 0.4193570613861084, 0.0, 692.4923095703125], [-0.4193570613861084, -0.9078213572502136, 0.0, 973.4569702148438], [0.0, 0.0, 1.0, 0.0], [0.0, 0.0, 0.0, 1.0]], "cam_ids": [0, 1, 2, 3, 4, 5], "cam_channels": ["CAM_FRONT_LEFT", "CAM_FRONT", "CAM_FRONT_RIGHT", "CAM_BACK_LEFT", "CAM_BACK", "CAM_BACK_RIGHT"], "token": "a8b145c416944ea29d18a4fe18ad0a77", "scene": "scene-0041"}, {"images": ["samples/CAM_FRONT_LEFT/n015-2018-07-24-11-03-52+0800__CAM_FRONT_LEFT__1532401493654844.jpg", "samples/CAM_FRONT/n015-2018-07-24-11-03-52+0800__CAM_FRONT__1532401493662460.jpg", "samples/CAM_FRONT_RIGHT/n015-2018-07-24-11-03-52+0800__CAM_FRONT_RIGHT__1532401493670339.jpg", "samples/CAM_BACK_LEFT/n015-2018-07-24-11-03-52+0800__CAM_BACK_LEFT__1532401493697442.jpg", "samples/CAM_BACK/n015-2018-07-24-11-03-52+0800__CAM_BACK__1532401493687525.jpg", "samples/CAM_BACK_RIGHT/n015-2018-07-24-11-03-52+0800__CAM_BACK_RIGHT__1532401493677893.jpg"], "intrinsics": [[[1272.5979470598488, 0.0, 826.6154927353808], [0.0, 1272.5979470598488, 479.75165386361925], [0.0, 0.0, 1.0]], [[1266.417203046554, 0.0, 816.2670197447984], [0.0, 1266.417203046554, 491.50706579294757], [0.0, 0.0, 1.0]], [[1260.8474446004698, 0.0, 807.968244525554], [0.0, 1260.8474446004698, 495.3344268742088], [0.0, 0.0, 1.0]], [[1256.7414812095406, 0.0, 792.1125740759628], [0.0, 1256.7414812095406, 492.7757465151356], [0.0, 0.0, 1.0]], [[809.2209905677063, 0.0, 829.2196003259838], [0.0, 809.2209905677063, 481.77842384512485], [0.0, 0.0, 1.0]], [[1259.5137405846733, 0.0, 807.2529053838625], [0.0, 1259.5137405846733, 501.19579884916527], [0.0, 0.0, 1.0]]], "extrinsics": [[[0.8143536448478699, -0.5803654193878174, 0.002041931264102459, -0.7807769775390625], [-0.006182367447763681, -0.012192964553833008, -0.9999065399169922, 1.5068836212158203], [0.5803359746932983, 0.8142650127410889, -0.013517417944967747, -1.1517333984375], [0.0, 0.0, 0.0, 1.0]], [[-0.0033840984106063843, -0.9998652338981628, 0.01606323942542076, 0.0057373046875], [-0.011342627927660942, -0.016023920848965645, -0.9998072981834412, 1.5184764862060547], [0.9999299645423889, -0.0035656599793583155, -0.011286872439086437, -1.50921630859375], [0.0, 0.0, 0.0, 1.0]], [[-0.8367902040481567, -0.5475106835365295, 0.003773835953325033, 0.9156494140625], [-0.00538494111970067, 0.001337486319243908, -0.9999845623970032, 1.5028891563415527], [0.5474971532821655, -0.8367976546287537, -0.0040675075724720955, -1.171173095703125], [0.0, 0.0, 0.0, 1.0]], [[0.9476154446601868, 0.3193705677986145, -0.0052200788632035255, -1.1500244140625], [0.004037033766508102, -0.02831663005053997, -0.9995908141136169, 1.5885353088378906], [-0.3193877041339874, 0.9472066760063171, -0.028122588992118835, -0.1015625], [0.0, 0.0, 0.0, 1.0]], [[0.004674610216170549, 0.9998158812522888, -0.018607906997203827, 0.0025634765625], [-0.021704204380512238, -0.018502285704016685, -0.9995932579040527, 1.5783653259277344], [-0.9997535347938538, 0.005076572764664888, 0.021613718941807747, -0.044189453125], [0.0, 0.0, 0.0, 1.0]], [[-0.9330675601959229, 0.35952553153038025, -0.011240052990615368, 1.043792724609375], [0.010679779574275017, -0.0035446302499622107, -0.9999366998672485, 1.552506923675537], [-0.3595426380634308, -0.9331284761428833, -0.0005322757642716169, -0.098388671875], [0.0, 0.0, 0.0, 1.0]]], "view": [[0.0, -2.0, 100.0], [-2.0, 0.0, 100.0], [0.0, 0.0, 1.0]], "bev": "bev_91a1b5b5ac1b4862b6b5a7e556ca0227.png", "aux": "aux_91a1b5b5ac1b4862b6b5a7e556ca0227.npz", "visibility": "visibility_91a1b5b5ac1b4862b6b5a7e556ca0227.png", "pose": [[-0.9526371359825134, -0.3041093349456787, 0.0, 1034.30712890625], [0.3041093349456787, -0.9526371359825134, 0.0, 594.3363647460938], [0.0, 0.0, 1.0, 0.0], [0.0, 0.0, 0.0, 1.0]], "pose_inverse": [[-0.9526371359825134, 0.3041093349456787, 0.0, 804.576171875], [-0.3041093349456787, -0.9526371359825134, 0.0, 880.7293090820312], [0.0, 0.0, 1.0, 0.0], [0.0, 0.0, 0.0, 1.0]], "cam_ids": [0, 1, 2, 3, 4, 5], "cam_channels": ["CAM_FRONT_LEFT", "CAM_FRONT", "CAM_FRONT_RIGHT", "CAM_BACK_LEFT", "CAM_BACK", "CAM_BACK_RIGHT"], "token": "91a1b5b5ac1b4862b6b5a7e556ca0227", "scene": "scene-0041"}, {"images": ["samples/CAM_FRONT_LEFT/n015-2018-07-24-11-03-52+0800__CAM_FRONT_LEFT__1532401494154844.jpg", "samples/CAM_FRONT/n015-2018-07-24-11-03-52+0800__CAM_FRONT__1532401494162460.jpg", "samples/CAM_FRONT_RIGHT/n015-2018-07-24-11-03-52+0800__CAM_FRONT_RIGHT__1532401494170339.jpg", "samples/CAM_BACK_LEFT/n015-2018-07-24-11-03-52+0800__CAM_BACK_LEFT__1532401494197423.jpg", "samples/CAM_BACK/n015-2018-07-24-11-03-52+0800__CAM_BACK__1532401494187525.jpg", "samples/CAM_BACK_RIGHT/n015-2018-07-24-11-03-52+0800__CAM_BACK_RIGHT__1532401494177893.jpg"], "intrinsics": [[[1272.5979470598488, 0.0, 826.6154927353808], [0.0, 1272.5979470598488, 479.75165386361925], [0.0, 0.0, 1.0]], [[1266.417203046554, 0.0, 816.2670197447984], [0.0, 1266.417203046554, 491.50706579294757], [0.0, 0.0, 1.0]], [[1260.8474446004698, 0.0, 807.968244525554], [0.0, 1260.8474446004698, 495.3344268742088], [0.0, 0.0, 1.0]], [[1256.7414812095406, 0.0, 792.1125740759628], [0.0, 1256.7414812095406, 492.7757465151356], [0.0, 0.0, 1.0]], [[809.2209905677063, 0.0, 829.2196003259838], [0.0, 809.2209905677063, 481.77842384512485], [0.0, 0.0, 1.0]], [[1259.5137405846733, 0.0, 807.2529053838625], [0.0, 1259.5137405846733, 501.19579884916527], [0.0, 0.0, 1.0]]], "extrinsics": [[[0.8125472068786621, -0.5828816890716553, 0.003980455920100212, -0.786895751953125], [-0.005436841398477554, -0.014407170005142689, -0.999881386756897, 1.5070915222167969], [0.582869827747345, 0.8124293088912964, -0.014875543303787708, -1.155029296875], [0.0, 0.0, 0.0, 1.0]], [[-0.005902539938688278, -0.9998117685317993, 0.018479222431778908, 0.00555419921875], [-0.010807650163769722, -0.018414681777358055, -0.9997720718383789, 1.5186405181884766], [0.9999241828918457, -0.006100923288613558, -0.010696923360228539, -1.51470947265625], [0.0, 0.0, 0.0, 1.0]], [[-0.8378244042396545, -0.5459175109863281, 0.004917559213936329, 0.9190673828125], [-0.00504137109965086, -0.0012707192217931151, -0.999986469745636, 1.502960205078125], [0.5459164381027222, -0.8378378748893738, -0.001687532407231629, -1.173431396484375], [0.0, 0.0, 0.0, 1.0]], [[0.9475526809692383, 0.31952810287475586, -0.0067603448405861855, -1.1500244140625], [0.0035523821134120226, -0.03168102353811264, -0.9994916915893555, 1.5885334014892578], [-0.3195798397064209, 0.9470469951629639, -0.03115452639758587, -0.101318359375], [0.0, 0.0, 0.0, 1.0]], [[0.005205623805522919, 0.999751091003418, -0.02169685997068882, 0.0023193359375], [-0.021919967606663704, -0.021577857434749603, -0.999526858329773, 1.578399658203125], [-0.9997461438179016, 0.005678752902895212, 0.021802181378006935, -0.04266357421875], [0.0, 0.0, 0.0, 1.0]], [[-0.9326040148735046, 0.36069008708000183, -0.01233534887433052, 1.04656982421875], [0.010758166201412678, -0.006380192935466766, -0.9999217987060547, 1.5524868965148926], [-0.3607405722141266, -0.9326638579368591, 0.002069829497486353, -0.0972900390625], [0.0, 0.0, 0.0, 1.0]]], "view": [[0.0, -2.0, 100.0], [-2.0, 0.0, 100.0], [0.0, 0.0, 1.0]], "bev": "bev_a87df67c031042d1bbd4e7f75f246064.png", "aux": "aux_a87df67c031042d1bbd4e7f75f246064.npz", "visibility": "visibility_a87df67c031042d1bbd4e7f75f246064.png", "pose": [[-0.9883092045783997, -0.1524626463651657, 0.0, 1031.7235107421875], [0.1524626463651657, -0.9883092045783997, 0.0, 594.95166015625], [0.0, 0.0, 1.0, 0.0], [0.0, 0.0, 0.0, 1.0]], "pose_inverse": [[-0.9883092045783997, 0.1524626463651657, 0.0, 928.9539794921875], [-0.1524626463651657, -0.9883092045783997, 0.0, 745.2955322265625], [0.0, 0.0, 1.0, 0.0], [0.0, 0.0, 0.0, 1.0]], "cam_ids": [0, 1, 2, 3, 4, 5], "cam_channels": ["CAM_FRONT_LEFT", "CAM_FRONT", "CAM_FRONT_RIGHT", "CAM_BACK_LEFT", "CAM_BACK", "CAM_BACK_RIGHT"], "token": "a87df67c031042d1bbd4e7f75f246064", "scene": "scene-0041"}, {"images": ["samples/CAM_FRONT_LEFT/n015-2018-07-24-11-03-52+0800__CAM_FRONT_LEFT__1532401494654844.jpg", "samples/CAM_FRONT/n015-2018-07-24-11-03-52+0800__CAM_FRONT__1532401494662460.jpg", "samples/CAM_FRONT_RIGHT/n015-2018-07-24-11-03-52+0800__CAM_FRONT_RIGHT__1532401494670339.jpg", "samples/CAM_BACK_LEFT/n015-2018-07-24-11-03-52+0800__CAM_BACK_LEFT__1532401494697423.jpg", "samples/CAM_BACK/n015-2018-07-24-11-03-52+0800__CAM_BACK__1532401494687525.jpg", "samples/CAM_BACK_RIGHT/n015-2018-07-24-11-03-52+0800__CAM_BACK_RIGHT__1532401494677902.jpg"], "intrinsics": [[[1272.5979470598488, 0.0, 826.6154927353808], [0.0, 1272.5979470598488, 479.75165386361925], [0.0, 0.0, 1.0]], [[1266.417203046554, 0.0, 816.2670197447984], [0.0, 1266.417203046554, 491.50706579294757], [0.0, 0.0, 1.0]], [[1260.8474446004698, 0.0, 807.968244525554], [0.0, 1260.8474446004698, 495.3344268742088], [0.0, 0.0, 1.0]], [[1256.7414812095406, 0.0, 792.1125740759628], [0.0, 1256.7414812095406, 492.7757465151356], [0.0, 0.0, 1.0]], [[809.2209905677063, 0.0, 829.2196003259838], [0.0, 809.2209905677063, 481.77842384512485], [0.0, 0.0, 1.0]], [[1259.5137405846733, 0.0, 807.2529053838625], [0.0, 1259.5137405846733, 501.19579884916527], [0.0, 0.0, 1.0]]], "extrinsics": [[[0.8115274310112, -0.5842512249946594, 0.008588596247136593, -0.7738037109375], [-0.0017138880211859941, -0.01707860641181469, -0.9998526573181152, 1.5079221725463867], [0.584311842918396, 0.8113930821418762, -0.014861099421977997, -1.14794921875], [0.0, 0.0, 0.0, 1.0]], [[-0.0073809935711324215, -0.9997509121894836, 0.021062523126602173, 0.00677490234375], [-0.007026367355138063, -0.02101072669029236, -0.9997546076774597, 1.5192642211914062], [0.9999480843544006, -0.0075271762907505035, -0.006869536824524403, -1.502197265625], [0.0, 0.0, 0.0, 1.0]], [[-0.8384934663772583, -0.5449029207229614, 0.0030656701419502497, 0.9102783203125], [-0.001190542709082365, -0.003794037736952305, -0.9999920725822449, 1.5034778118133545], [0.544910192489624, -0.8384906053543091, 0.0025325482711195946, -1.1664810180664062], [0.0, 0.0, 0.0, 1.0]], [[0.9477379322052002, 0.3190279006958008, -0.0037266421131789684, -1.1424560546875], [0.0074208201840519905, -0.03371935337781906, -0.9994037747383118, 1.588582992553711], [-0.31896334886550903, 0.9471452832221985, -0.034324560314416885, -0.1044921875], [0.0, 0.0, 0.0, 1.0]], [[0.006081567611545324, 0.9996947646141052, -0.02394816465675831, 0.001953125], [-0.01806260459125042, -0.02383488230407238, -0.9995527267456055, 1.5784111022949219], [-0.9998183250427246, 0.0065114120952785015, 0.017912136390805244, -0.052001953125], [0.0, 0.0, 0.0, 1.0]], [[-0.9321783781051636, 0.3616076111793518, -0.016834871843457222, 1.03668212890625], [0.014635222963988781, -0.00882109347730875, -0.9998540282249451, 1.5530157089233398], [-0.3617033064365387, -0.9322887063026428, 0.0029306255746632814, -0.10028076171875], [0.0, 0.0, 0.0, 1.0]]], "view": [[0.0, -2.0, 100.0], [-2.0, 0.0, 100.0], [0.0, 0.0, 1.0]], "bev": "bev_3bae34beb13648d6822fd39c94da2749.png", "aux": "aux_3bae34beb13648d6822fd39c94da2749.npz", "visibility": "visibility_3bae34beb13648d6822fd39c94da2749.png", "pose": [[-0.9994273781776428, 0.033836837857961655, 0.0, 1029.0068359375], [-0.033836837857961655, -0.9994273781776428, 0.0, 595.1343994140625], [0.0, 0.0, 1.0, 0.0], [0.0, 0.0, 0.0, 1.0]], "pose_inverse": [[-0.9994273781776428, -0.033836837857961655, 0.0, 1048.5550537109375], [0.033836837857961655, -0.9994273781776428, 0.0, 559.9752807617188], [0.0, 0.0, 1.0, 0.0], [0.0, 0.0, 0.0, 1.0]], "cam_ids": [0, 1, 2, 3, 4, 5], "cam_channels": ["CAM_FRONT_LEFT", "CAM_FRONT", "CAM_FRONT_RIGHT", "CAM_BACK_LEFT", "CAM_BACK", "CAM_BACK_RIGHT"], "token": "3bae34beb13648d6822fd39c94da2749", "scene": "scene-0041"}, {"images": ["samples/CAM_FRONT_LEFT/n015-2018-07-24-11-03-52+0800__CAM_FRONT_LEFT__1532401495154844.jpg", "samples/CAM_FRONT/n015-2018-07-24-11-03-52+0800__CAM_FRONT__1532401495162460.jpg", "samples/CAM_FRONT_RIGHT/n015-2018-07-24-11-03-52+0800__CAM_FRONT_RIGHT__1532401495170339.jpg", "samples/CAM_BACK_LEFT/n015-2018-07-24-11-03-52+0800__CAM_BACK_LEFT__1532401495197423.jpg", "samples/CAM_BACK/n015-2018-07-24-11-03-52+0800__CAM_BACK__1532401495187525.jpg", "samples/CAM_BACK_RIGHT/n015-2018-07-24-11-03-52+0800__CAM_BACK_RIGHT__1532401495177893.jpg"], "intrinsics": [[[1272.5979470598488, 0.0, 826.6154927353808], [0.0, 1272.5979470598488, 479.75165386361925], [0.0, 0.0, 1.0]], [[1266.417203046554, 0.0, 816.2670197447984], [0.0, 1266.417203046554, 491.50706579294757], [0.0, 0.0, 1.0]], [[1260.8474446004698, 0.0, 807.968244525554], [0.0, 1260.8474446004698, 495.3344268742088], [0.0, 0.0, 1.0]], [[1256.7414812095406, 0.0, 792.1125740759628], [0.0, 1256.7414812095406, 492.7757465151356], [0.0, 0.0, 1.0]], [[809.2209905677063, 0.0, 829.2196003259838], [0.0, 809.2209905677063, 481.77842384512485], [0.0, 0.0, 1.0]], [[1259.5137405846733, 0.0, 807.2529053838625], [0.0, 1259.5137405846733, 501.19579884916527], [0.0, 0.0, 1.0]]], "extrinsics": [[[0.8113107681274414, -0.5845566391944885, 0.00827705953270197, -0.76580810546875], [-0.000704218284226954, -0.015135316178202629, -0.9998852014541626, 1.5081605911254883], [0.5846148133277893, 0.8112117648124695, -0.01269109919667244, -1.14337158203125], [0.0, 0.0, 0.0, 1.0]], [[-0.00777208199724555, -0.9997854828834534, 0.01919795759022236, 0.007843017578125], [-0.006083173677325249, -0.019150912761688232, -0.9997981190681458, 1.5194082260131836], [0.9999513030052185, -0.007887291721999645, -0.005933026317507029, -1.49365234375], [0.0, 0.0, 0.0, 1.0]], [[-0.8386712074279785, -0.5446367263793945, 0.0012059204746037722, 0.90478515625], [-0.00011916734365513548, -0.002030666684731841, -0.9999978542327881, 1.5036334991455078], [0.5446380972862244, -0.8386695981025696, 0.0016381602035835385, -1.16180419921875], [0.0, 0.0, 0.0, 1.0]], [[0.9477745890617371, 0.318933367729187, -0.00222361390478909, -1.140380859375], [0.008510093204677105, -0.032257601618766785, -0.9994433522224426, 1.588598608970642], [-0.3188275694847107, 0.947227954864502, -0.033287085592746735, -0.10512733459472656], [0.0, 0.0, 0.0, 1.0]], [[0.006294500082731247, 0.9997302293777466, -0.022362004965543747, 0.0015869140625], [-0.017070863395929337, -0.022251762449741364, -0.9996066689491272, 1.5784072875976562], [-0.9998344779014587, 0.006673763506114483, 0.016926191747188568, -0.0560302734375], [0.0, 0.0, 0.0, 1.0]], [[-0.9320610165596008, 0.3618858754634857, -0.017343351617455482, 1.03094482421875], [0.01582757942378521, -0.007152716163545847, -0.9998491406440735, 1.5532426834106445], [-0.36195534467697144, -0.9321950078010559, 0.0009389916085638106, -0.101806640625], [0.0, 0.0, 0.0, 1.0]]], "view": [[0.0, -2.0, 100.0], [-2.0, 0.0, 100.0], [0.0, 0.0, 1.0]], "bev": "bev_f3a4d70109df4c7ab94f41474dc359cf.png", "aux": "aux_f3a4d70109df4c7ab94f41474dc359cf.npz", "visibility": "visibility_f3a4d70109df4c7ab94f41474dc359cf.png", "pose": [[-0.9742507338523865, 0.22546736896038055, 0.0, 1026.2261962890625], [-0.22546736896038055, -0.9742507338523865, 0.0, 594.7899780273438], [0.0, 0.0, 1.0, 0.0], [0.0, 0.0, 0.0, 1.0]], "pose_inverse": [[-0.9742507338523865, -0.22546736896038055, 0.0, 1133.9073486328125], [0.22546736896038055, -0.9742507338523865, 0.0, 348.0940246582031], [0.0, 0.0, 1.0, 0.0], [0.0, 0.0, 0.0, 1.0]], "cam_ids": [0, 1, 2, 3, 4, 5], "cam_channels": ["CAM_FRONT_LEFT", "CAM_FRONT", "CAM_FRONT_RIGHT", "CAM_BACK_LEFT", "CAM_BACK", "CAM_BACK_RIGHT"], "token": "f3a4d70109df4c7ab94f41474dc359cf", "scene": "scene-0041"}, {"images": ["samples/CAM_FRONT_LEFT/n015-2018-07-24-11-03-52+0800__CAM_FRONT_LEFT__1532401495654844.jpg", "samples/CAM_FRONT/n015-2018-07-24-11-03-52+0800__CAM_FRONT__1532401495662460.jpg", "samples/CAM_FRONT_RIGHT/n015-2018-07-24-11-03-52+0800__CAM_FRONT_RIGHT__1532401495670339.jpg", "samples/CAM_BACK_LEFT/n015-2018-07-24-11-03-52+0800__CAM_BACK_LEFT__1532401495697423.jpg", "samples/CAM_BACK/n015-2018-07-24-11-03-52+0800__CAM_BACK__1532401495687525.jpg", "samples/CAM_BACK_RIGHT/n015-2018-07-24-11-03-52+0800__CAM_BACK_RIGHT__1532401495677893.jpg"], "intrinsics": [[[1272.5979470598488, 0.0, 826.6154927353808], [0.0, 1272.5979470598488, 479.75165386361925], [0.0, 0.0, 1.0]], [[1266.417203046554, 0.0, 816.2670197447984], [0.0, 1266.417203046554, 491.50706579294757], [0.0, 0.0, 1.0]], [[1260.8474446004698, 0.0, 807.968244525554], [0.0, 1260.8474446004698, 495.3344268742088], [0.0, 0.0, 1.0]], [[1256.7414812095406, 0.0, 792.1125740759628], [0.0, 1256.7414812095406, 492.7757465151356], [0.0, 0.0, 1.0]], [[809.2209905677063, 0.0, 829.2196003259838], [0.0, 809.2209905677063, 481.77842384512485], [0.0, 0.0, 1.0]], [[1259.5137405846733, 0.0, 807.2529053838625], [0.0, 1259.5137405846733, 501.19579884916527], [0.0, 0.0, 1.0]]], "extrinsics": [[[0.8111342787742615, -0.5848117470741272, 0.007513656746596098, -0.7489013671875], [-0.0005835694028064609, -0.013656205497682095, -0.999906599521637, 1.5081707239151], [0.5848596692085266, 0.8110541105270386, -0.011418293230235577, -1.13116455078125], [0.0, 0.0, 0.0, 1.0]], [[-0.00799290370196104, -0.999813973903656, 0.017553407698869705, 0.00760650634765625], [-0.005953064654022455, -0.017506081610918045, -0.9998290538787842, 1.5193219184875488], [0.9999502897262573, -0.008095995523035526, -0.005812032613903284, -1.4761962890625], [0.0, 0.0, 0.0, 1.0]], [[-0.8387526869773865, -0.5445125699043274, 0.0003007898631040007, 0.8935546875], [-0.00021055193792562932, -0.00022807225468568504, -0.9999998807907104, 1.5036101341247559], [0.5445125699043274, -0.8387526273727417, 7.664977601962164e-05, -1.15447998046875], [0.0, 0.0, 0.0, 1.0]], [[0.9477421641349792, 0.31903380155563354, -0.001495031756348908, -1.144287109375], [0.008602054789662361, -0.03023761697113514, -0.9995056986808777, 1.5885686874389648], [-0.31892129778862, 0.947260856628