[{"images": ["samples/CAM_FRONT_LEFT/n008-2018-08-01-15-16-36-0400__CAM_FRONT_LEFT__1533151203504799.jpg", "samples/CAM_FRONT/n008-2018-08-01-15-16-36-0400__CAM_FRONT__1533151203512404.jpg", "samples/CAM_FRONT_RIGHT/n008-2018-08-01-15-16-36-0400__CAM_FRONT_RIGHT__1533151203520482.jpg", "samples/CAM_BACK_LEFT/n008-2018-08-01-15-16-36-0400__CAM_BACK_LEFT__1533151203547405.jpg", "samples/CAM_BACK/n008-2018-08-01-15-16-36-0400__CAM_BACK__1533151203537558.jpg", "samples/CAM_BACK_RIGHT/n008-2018-08-01-15-16-36-0400__CAM_BACK_RIGHT__1533151203528113.jpg"], "intrinsics": [[[1257.8625342125129, 0.0, 827.2410631095686], [0.0, 1257.8625342125129, 450.915498205774], [0.0, 0.0, 1.0]], [[1252.8131021185304, 0.0, 826.588114781398], [0.0, 1252.8131021185304, 469.9846626224581], [0.0, 0.0, 1.0]], [[1256.7485116440405, 0.0, 817.7887570959712], [0.0, 1256.7485116440403, 451.9541780095127], [0.0, 0.0, 1.0]], [[1254.9860565800168, 0.0, 829.5769333630991], [0.0, 1254.9860565800168, 467.1680561863987], [0.0, 0.0, 1.0]], [[796.8910634503094, 0.0, 857.7774326863696], [0.0, 796.8910634503094, 476.8848988407415], [0.0, 0.0, 1.0]], [[1249.9629280788233, 0.0, 825.3768045375984], [0.0, 1249.9629280788233, 462.54816385708756], [0.0, 0.0, 1.0]]], "extrinsics": [[[0.8227120637893677, -0.5684534311294556, -0.0023711705580353737, -0.62469482421875], [0.026098184287548065, 0.04193759337067604, -0.998779296875, 1.5000381469726562], [0.5678589344024658, 0.8216459155082703, 0.049338165670633316, -1.077392578125], [0.0, 0.0, 0.0, 1.0]], [[0.010876990854740143, -0.9992386102676392, -0.03746754676103592, 0.013916015625], [0.027937423437833786, 0.03775881603360176, -0.9988962411880493, 1.4905319213867188], [0.9995505809783936, 0.009818264283239841, 0.0283268541097641, -1.35784912109375], [0.0, 0.0, 0.0, 1.0]], [[-0.8433400392532349, -0.5354253053665161, -0.04579528793692589, 0.84716796875], [0.035834696143865585, 0.028997069224715233, -0.9989369511604309, 1.5033950805664062], [0.5361840724945068, -0.8440845608711243, -0.005267586559057236, -1.118896484375], [0.0, 0.0, 0.0, 1.0]], [[0.9477366209030151, 0.3181879222393036, 0.023487724363803864, -1.14483642578125], [0.010021702386438847, 0.043892212212085724, -0.998986005783081, 1.5620651245117188], [-0.31889623403549194, 0.9470111131668091, 0.03840947151184082, -0.1551513671875], [0.0, 0.0, 0.0, 1.0]], [[0.008829747326672077, 0.9992936253547668, 0.036528490483760834, -0.02880859375], [0.012298936024308205, 0.036418624222278595, -0.9992609024047852, 1.5693283081054688], [-0.9998853802680969, 0.009272483177483082, -0.011968678794801235, -0.061981201171875], [0.0, 0.0, 0.0, 1.0]], [[-0.9236305952072144, 0.3831511437892914, -0.010080152191221714, 0.96673583984375], [0.01665707491338253, 0.01385144516825676, -0.9997652769088745, 1.5512619018554688], [-0.38292157649993896, -0.9235817193984985, -0.019175797700881958, -0.1217041015625], [0.0, 0.0, 0.0, 1.0]]], "view": [[0.0, -2.0, 100.0], [-2.0, 0.0, 100.0], [0.0, 0.0, 1.0]], "bev": "bev_19ffc60b7e9f429cbca0dbd5e2fc2e03.png", "aux": "aux_19ffc60b7e9f429cbca0dbd5e2fc2e03.npz", "visibility": "visibility_19ffc60b7e9f429cbca0dbd5e2fc2e03.png", "pose": [[-0.7590882182121277, -0.6509877443313599, 0.0, 1427.383544921875], [0.6509877443313599, -0.7590882182121277, 0.0, 941.4244995117188], [0.0, 0.0, 1.0, 0.0], [0.0, 0.0, 0.0, 1.0]], "pose_inverse": [[-0.7590882182121277, 0.6509877443313599, 0.0, 470.6542663574219], [-0.6509877443313599, -0.7590882182121277, 0.0, 1643.83349609375], [0.0, 0.0, 1.0, 0.0], [0.0, 0.0, 0.0, 1.0]], "cam_ids": [0, 1, 2, 3, 4, 5], "cam_channels": ["CAM_FRONT_LEFT", "CAM_FRONT", "CAM_FRONT_RIGHT", "CAM_BACK_LEFT", "CAM_BACK", "CAM_BACK_RIGHT"], "token": "19ffc60b7e9f429cbca0dbd5e2fc2e03", "scene": "scene-0094"}, {"images": ["samples/CAM_FRONT_LEFT/n008-2018-08-01-15-16-36-0400__CAM_FRONT_LEFT__1533151204004799.jpg", "samples/CAM_FRONT/n008-2018-08-01-15-16-36-0400__CAM_FRONT__1533151204012404.jpg", "samples/CAM_FRONT_RIGHT/n008-2018-08-01-15-16-36-0400__CAM_FRONT_RIGHT__1533151204020482.jpg", "samples/CAM_BACK_LEFT/n008-2018-08-01-15-16-36-0400__CAM_BACK_LEFT__1533151204047405.jpg", "samples/CAM_BACK/n008-2018-08-01-15-16-36-0400__CAM_BACK__1533151204037558.jpg", "samples/CAM_BACK_RIGHT/n008-2018-08-01-15-16-36-0400__CAM_BACK_RIGHT__1533151204028113.jpg"], "intrinsics": [[[1257.8625342125129, 0.0, 827.2410631095686], [0.0, 1257.8625342125129, 450.915498205774], [0.0, 0.0, 1.0]], [[1252.8131021185304, 0.0, 826.588114781398], [0.0, 1252.8131021185304, 469.9846626224581], [0.0, 0.0, 1.0]], [[1256.7485116440405, 0.0, 817.7887570959712], [0.0, 1256.7485116440403, 451.9541780095127], [0.0, 0.0, 1.0]], [[1254.9860565800168, 0.0, 829.5769333630991], [0.0, 1254.9860565800168, 467.1680561863987], [0.0, 0.0, 1.0]], [[796.8910634503094, 0.0, 857.7774326863696], [0.0, 796.8910634503094, 476.8848988407415], [0.0, 0.0, 1.0]], [[1249.9629280788233, 0.0, 825.3768045375984], [0.0, 1249.9629280788233, 462.54816385708756], [0.0, 0.0, 1.0]]], "extrinsics": [[[0.8219359517097473, -0.5695695281028748, -0.003452953416854143, -0.62237548828125], [0.02253481186926365, 0.03857593610882759, -0.9990015029907227, 1.4985809326171875], [0.5691340565681458, 0.8210374712944031, 0.044542089104652405, -1.0731201171875], [0.0, 0.0, 0.0, 1.0]], [[0.009668870829045773, -0.9993735551834106, -0.034044299274683, 0.0123291015625], [0.024645265191793442, 0.03427371382713318, -0.9991085529327393, 1.4894256591796875], [0.9996494650840759, 0.008821160532534122, 0.024961214512586594, -1.35443115234375], [0.0, 0.0, 0.0, 1.0]], [[-0.8439186811447144, -0.5348778963088989, -0.04131515324115753, 0.8447265625], [0.03283023461699486, 0.02537686564028263, -0.9991386532783508, 1.50262451171875], [0.5354657173156738, -0.844548225402832, -0.0038558447267860174, -1.1187744140625], [0.0, 0.0, 0.0, 1.0]], [[0.9479320049285889, 0.3178310990333557, 0.020205259323120117, -1.1396484375], [0.007910000160336494, 0.039928045123815536, -0.999171257019043, 1.56207275390625], [-0.31837448477745056, 0.9473062753677368, 0.035335030406713486, -0.1575927734375], [0.0, 0.0, 0.0, 1.0]], [[0.009420493617653847, 0.9994202852249146, 0.03271747753024101, -0.028564453125], [0.009899907745420933, 0.03262411057949066, -0.9994186758995056, 1.5691146850585938], [-0.9999066591262817, 0.009738905355334282, -0.009586834348738194, -0.065093994140625], [0.0, 0.0, 0.0, 1.0]], [[-0.9234292507171631, 0.3836636543273926, -0.008974201045930386, 0.965972900390625], [0.013931135646998882, 0.010143128223717213, -0.9998514652252197, 1.5507259368896484], [-0.3835156261920929, -0.9234172701835632, -0.014711331576108932, -0.122802734375], [0.0, 0.0, 0.0, 1.0]]], "view": [[0.0, -2.0, 100.0], [-2.0, 0.0, 100.0], [0.0, 0.0, 1.0]], "bev": "bev_a442b57b3e044dbcbe729bf3db01af36.png", "aux": "aux_a442b57b3e044dbcbe729bf3db01af36.npz", "visibility": "visibility_a442b57b3e044dbcbe729bf3db01af36.png", "pose": [[-0.7602211236953735, -0.6496644616127014, 0.0, 1423.3369140625], [0.6496644616127014, -0.7602211236953735, 0.0, 944.9458618164062], [0.0, 0.0, 1.0, 0.0], [0.0, 0.0, 0.0, 1.0]], "pose_inverse": [[-0.7602211236953735, 0.6496644616127014, 0.0, 468.1530456542969], [-0.6496644616127014, -0.7602211236953735, 0.0, 1643.0592041015625], [0.0, 0.0, 1.0, 0.0], [0.0, 0.0, 0.0, 1.0]], "cam_ids": [0, 1, 2, 3, 4, 5], "cam_channels": ["CAM_FRONT_LEFT", "CAM_FRONT", "CAM_FRONT_RIGHT", "CAM_BACK_LEFT", "CAM_BACK", "CAM_BACK_RIGHT"], "token": "a442b57b3e044dbcbe729bf3db01af36", "scene": "scene-0094"}, {"images": ["samples/CAM_FRONT_LEFT/n008-2018-08-01-15-16-36-0400__CAM_FRONT_LEFT__1533151204504971.jpg", "samples/CAM_FRONT/n008-2018-08-01-15-16-36-0400__CAM_FRONT__1533151204512404.jpg", "samples/CAM_FRONT_RIGHT/n008-2018-08-01-15-16-36-0400__CAM_FRONT_RIGHT__1533151204520482.jpg", "samples/CAM_BACK_LEFT/n008-2018-08-01-15-16-36-0400__CAM_BACK_LEFT__1533151204547405.jpg", "samples/CAM_BACK/n008-2018-08-01-15-16-36-0400__CAM_BACK__1533151204537558.jpg", "samples/CAM_BACK_RIGHT/n008-2018-08-01-15-16-36-0400__CAM_BACK_RIGHT__1533151204528113.jpg"], "intrinsics": [[[1257.8625342125129, 0.0, 827.2410631095686], [0.0, 1257.8625342125129, 450.915498205774], [0.0, 0.0, 1.0]], [[1252.8131021185304, 0.0, 826.588114781398], [0.0, 1252.8131021185304, 469.9846626224581], [0.0, 0.0, 1.0]], [[1256.7485116440405, 0.0, 817.7887570959712], [0.0, 1256.7485116440403, 451.9541780095127], [0.0, 0.0, 1.0]], [[1254.9860565800168, 0.0, 829.5769333630991], [0.0, 1254.9860565800168, 467.1680561863987], [0.0, 0.0, 1.0]], [[796.8910634503094, 0.0, 857.7774326863696], [0.0, 796.8910634503094, 476.8848988407415], [0.0, 0.0, 1.0]], [[1249.9629280788233, 0.0, 825.3768045375984], [0.0, 1249.9629280788233, 462.54816385708756], [0.0, 0.0, 1.0]]], "extrinsics": [[[0.8219444751739502, -0.5695256590843201, -0.006906154565513134, -0.64068603515625], [0.021050618961453438, 0.04249294847249985, -0.9988749623298645, 1.4975967407226562], [0.5691784024238586, 0.8208744525909424, 0.04691571742296219, -1.0819091796875], [0.0, 0.0, 0.0, 1.0]], [[0.009631386958062649, -0.9992218017578125, -0.03824903815984726, 0.009521484375], [0.023001525551080704, 0.0384620763361454, -0.998995304107666, 1.4885635375976562], [0.9996890425682068, 0.00874181929975748, 0.023354066535830498, -1.368621826171875], [0.0, 0.0, 0.0, 1.0]], [[-0.8439884781837463, -0.5347000360488892, -0.04218094050884247, 0.85205078125], [0.031017350032925606, 0.029855145141482353, -0.9990728497505188, 1.5018348693847656], [0.5354636311531067, -0.8445143699645996, -0.008612421341240406, -1.125732421875], [0.0, 0.0, 0.0, 1.0]], [[0.9478965997695923, 0.31795206665992737, 0.01996259205043316, -1.13885498046875], [0.005841154605150223, 0.04530537873506546, -0.9989561438560486, 1.5620803833007812], [-0.31852465867996216, 0.9470236897468567, 0.04108760878443718, -0.1573486328125], [0.0, 0.0, 0.0, 1.0]], [[0.009384375996887684, 0.9992426037788391, 0.03776339069008827, -0.02783203125], [0.007929909974336624, 0.03768949955701828, -0.9992580413818359, 1.56890869140625], [-0.9999244809150696, 0.009676952846348286, -0.0075702122412621975, -0.06256103515625], [0.0, 0.0, 0.0, 1.0]], [[-0.9234431982040405, 0.3836970329284668, -0.0053971610032022, 0.9720306396484375], [0.012033340521156788, 0.014897006563842297, -0.9998165965080261, 1.5502681732177734], [-0.38354629278182983, -0.923338770866394, -0.018373697996139526, -0.1219482421875], [0.0, 0.0, 0.0, 1.0]]], "view": [[0.0, -2.0, 100.0], [-2.0, 0.0, 100.0], [0.0, 0.0, 1.0]], "bev": "bev_8ddac045b61a412fb54f4d5870e0516f.png", "aux": "aux_8ddac045b61a412fb54f4d5870e0516f.npz", "visibility": "visibility_8ddac045b61a412fb54f4d5870e0516f.png", "pose": [[-0.761019766330719, -0.6487286686897278, 0.0, 1419.3316650390625], [0.6487286686897278, -0.761019766330719, 0.0, 948.4202880859375], [0.0, 0.0, 1.0, 0.0], [0.0, 0.0, 0.0, 1.0]], "pose_inverse": [[-0.761019766330719, 0.6487286686897278, 0.0, 464.8720703125], [-0.6487286686897278, -0.761019766330719, 0.0, 1642.5277099609375], [0.0, 0.0, 1.0, 0.0], [0.0, 0.0, 0.0, 1.0]], "cam_ids": [0, 1, 2, 3, 4, 5], "cam_channels": ["CAM_FRONT_LEFT", "CAM_FRONT", "CAM_FRONT_RIGHT", "CAM_BACK_LEFT", "CAM_BACK", "CAM_BACK_RIGHT"], "token": "8ddac045b61a412fb54f4d5870e0516f", "scene": "scene-0094"}, {"images": ["samples/CAM_FRONT_LEFT/n008-2018-08-01-15-16-36-0400__CAM_FRONT_LEFT__1533151205005567.jpg", "samples/CAM_FRONT/n008-2018-08-01-15-16-36-0400__CAM_FRONT__1533151205012404.jpg", "samples/CAM_FRONT_RIGHT/n008-2018-08-01-15-16-36-0400__CAM_FRONT_RIGHT__1533151205020482.jpg", "samples/CAM_BACK_LEFT/n008-2018-08-01-15-16-36-0400__CAM_BACK_LEFT__1533151205047405.jpg", "samples/CAM_BACK/n008-2018-08-01-15-16-36-0400__CAM_BACK__1533151205037558.jpg", "samples/CAM_BACK_RIGHT/n008-2018-08-01-15-16-36-0400__CAM_BACK_RIGHT__1533151205028113.jpg"], "intrinsics": [[[1257.8625342125129, 0.0, 827.2410631095686], [0.0, 1257.8625342125129, 450.915498205774], [0.0, 0.0, 1.0]], [[1252.8131021185304, 0.0, 826.588114781398], [0.0, 1252.8131021185304, 469.9846626224581], [0.0, 0.0, 1.0]], [[1256.7485116440405, 0.0, 817.7887570959712], [0.0, 1256.7485116440403, 451.9541780095127], [0.0, 0.0, 1.0]], [[1254.9860565800168, 0.0, 829.5769333630991], [0.0, 1254.9860565800168, 467.1680561863987], [0.0, 0.0, 1.0]], [[796.8910634503094, 0.0, 857.7774326863696], [0.0, 796.8910634503094, 476.8848988407415], [0.0, 0.0, 1.0]], [[1249.9629280788233, 0.0, 825.3768045375984], [0.0, 1249.9629280788233, 462.54816385708756], [0.0, 0.0, 1.0]]], "extrinsics": [[[0.8221164345741272, -0.5693186521530151, -0.000998835195787251, -0.6485595703125], [0.026190701872110367, 0.03957277536392212, -0.9988733530044556, 1.499420166015625], [0.5687167048454285, 0.8211640119552612, 0.04744428023695946, -1.0914306640625], [0.0, 0.0, 0.0, 1.0]], [[0.010014616884291172, -0.9993285536766052, -0.03524351119995117, 0.0123291015625], [0.028224173933267593, 0.035513728857040405, -0.9989705681800842, 1.490234375], [0.9995514154434204, 0.009009551256895065, 0.028560876846313477, -1.3739013671875], [0.0, 0.0, 0.0, 1.0]], [[-0.843678891658783, -0.5349518060684204, -0.04508328065276146, 0.8568115234375], [0.036336153745651245, 0.026883086189627647, -0.9989779591560364, 1.5031318664550781], [0.5356169939041138, -0.844454824924469, -0.003242603037506342, -1.1260986328125], [0.0, 0.0, 0.0, 1.0]], [[0.9480006098747253, 0.31733691692352295, 0.024332864210009575, -1.140869140625], [0.01148533821105957, 0.04229377955198288, -0.9990391731262207, 1.5621109008789062], [-0.3180611729621887, 0.9473692178726196, 0.03644980862736702, -0.1561279296875], [0.0, 0.0, 0.0, 1.0]], [[0.009462468326091766, 0.9993492960929871, 0.03480427339673042, -0.0283203125], [0.013457110151648521, 0.03467541188001633, -0.9993079900741577, 1.5694351196289062], [-0.9998645782470703, 0.009924259968101978, -0.013120240531861782, -0.0596923828125], [0.0, 0.0, 0.0, 1.0]], [[-0.923435389995575, 0.3835794925689697, -0.0115684038028121, 0.9744110107421875], [0.0174678023904562, 0.011899923905730247, -0.9997766017913818, 1.5513038635253906], [-0.3833560645580292, -0.9234312176704407, -0.01768910326063633, -0.1190185546875], [0.0, 0.0, 0.0, 1.0]]], "view": [[0.0, -2.0, 100.0], [-2.0, 0.0, 100.0], [0.0, 0.0, 1.0]], "bev": "bev_f216d7a4ff5345dbbbb8b27dce4f0953.png", "aux": "aux_f216d7a4ff5345dbbbb8b27dce4f0953.npz", "visibility": "visibility_f216d7a4ff5345dbbbb8b27dce4f0953.png", "pose": [[-0.760779857635498, -0.6490100026130676, 0.0, 1415.5], [0.6490100026130676, -0.760779857635498, 0.0, 951.7453002929688], [0.0, 0.0, 1.0, 0.0], [0.0, 0.0, 0.0, 1.0]], "pose_inverse": [[-0.760779857635498, 0.6490100026130676, 0.0, 459.191650390625], [-0.6490100026130676, -0.760779857635498, 0.0, 1642.7423095703125], [0.0, 0.0, 1.0, 0.0], [0.0, 0.0, 0.0, 1.0]], "cam_ids": [0, 1, 2, 3, 4, 5], "cam_channels": ["CAM_FRONT_LEFT", "CAM_FRONT", "CAM_FRONT_RIGHT", "CAM_BACK_LEFT", "CAM_BACK", "CAM_BACK_RIGHT"], "token": "f216d7a4ff5345dbbbb8b27dce4f0953", "scene": "scene-0094"}, {"images": ["samples/CAM_FRONT_LEFT/n008-2018-08-01-15-16-36-0400__CAM_FRONT_LEFT__1533151205404799.jpg", "samples/CAM_FRONT/n008-2018-08-01-15-16-36-0400__CAM_FRONT__1533151205412404.jpg", "samples/CAM_FRONT_RIGHT/n008-2018-08-01-15-16-36-0400__CAM_FRONT_RIGHT__1533151205420482.jpg", "samples/CAM_BACK_LEFT/n008-2018-08-01-15-16-36-0400__CAM_BACK_LEFT__1533151205447405.jpg", "samples/CAM_BACK/n008-2018-08-01-15-16-36-0400__CAM_BACK__1533151205437558.jpg", "samples/CAM_BACK_RIGHT/n008-2018-08-01-15-16-36-0400__CAM_BACK_RIGHT__1533151205428113.jpg"], "intrinsics": [[[1257.8625342125129, 0.0, 827.2410631095686], [0.0, 1257.8625342125129, 450.915498205774], [0.0, 0.0, 1.0]], [[1252.8131021185304, 0.0, 826.588114781398], [0.0, 1252.8131021185304, 469.9846626224581], [0.0, 0.0, 1.0]], [[1256.7485116440405, 0.0, 817.7887570959712], [0.0, 1256.7485116440403, 451.9541780095127], [0.0, 0.0, 1.0]], [[1254.9860565800168, 0.0, 829.5769333630991], [0.0, 1254.9860565800168, 467.1680561863987], [0.0, 0.0, 1.0]], [[796.8910634503094, 0.0, 857.7774326863696], [0.0, 796.8910634503094, 476.8848988407415], [0.0, 0.0, 1.0]], [[1249.9629280788233, 0.0, 825.3768045375984], [0.0, 1249.9629280788233, 462.54816385708756], [0.0, 0.0, 1.0]]], "extrinsics": [[[0.822668731212616, -0.568495512008667, -0.005385261494666338, -0.65362548828125], [0.02521493099629879, 0.04594828188419342, -0.9986255168914795, 1.4986572265625], [0.5679616332054138, 0.8214021921157837, 0.052134789526462555, -1.0985107421875], [0.0, 0.0, 0.0, 1.0]], [[0.010802541859447956, -0.9990689754486084, -0.041767418384552, 0.0145263671875], [0.02731512114405632, 0.0420490987598896, -0.9987421035766602, 1.4894638061523438], [0.9995684623718262, 0.009648042730987072, 0.027743926271796227, -1.38616943359375], [0.0, 0.0, 0.0, 1.0]], [[-0.8433547616004944, -0.535212516784668, -0.04796202480792999, 0.86474609375], [0.03548872098326683, 0.033585075289011, -0.998805582523346, 1.5025253295898438], [0.5361840724945068, -0.8440495729446411, -0.009330126456916332, -1.1287841796875], [0.0, 0.0, 0.0, 1.0]], [[0.9476439952850342, 0.3182956576347351, 0.025669004768133163, -1.13494873046875], [0.010462054051458836, 0.04939422383904457, -0.9987245202064514, 1.5621109008789062], [-0.31915754079818726, 0.9467037916183472, 0.0434781089425087, -0.1597900390625], [0.0, 0.0, 0.0, 1.0]], [[0.008673295378684998, 0.9990893602371216, 0.04177578166127205, -0.02978515625], [0.01246220339089632, 0.04166610911488533, -0.9990538358688354, 1.5692901611328125], [-0.999884843826294, 0.009185687638819218, -0.012089475058019161, -0.060821533203125], [0.0, 0.0, 0.0, 1.0]], [[-0.9236519932746887, 0.3831467628479004, -0.008099124766886234, 0.977752685546875], [0.016541097313165665, 0.01874379627406597, -0.9996874332427979, 1.5510025024414062], [-0.3828751742839813, -0.9234973192214966, -0.023650413379073143, -0.1158447265625], [0.0, 0.0, 0.0, 1.0]]], "view": [[0.0, -2.0, 100.0], [-2.0, 0.0, 100.0], [0.0, 0.0, 1.0]], "bev": "bev_16c4a3eac2a54160a30b559855584cd8.png", "aux": "aux_16c4a3eac2a54160a30b559855584cd8.npz", "visibility": "visibility_16c4a3eac2a54160a30b559855584cd8.png", "pose": [[-0.7595047354698181, -0.6505017876625061, 0.0, 1412.4735107421875], [0.6505017876625061, -0.7595047354698181, 0.0, 954.4012451171875], [0.0, 0.0, 1.0, 0.0], [0.0, 0.0, 0.0, 1.0]], "pose_inverse": [[-0.7595047354698181, 0.6505017876625061, 0.0, 451.9406433105469], [-0.6505017876625061, -0.7595047354698181, 0.0, 1643.688720703125], [0.0, 0.0, 1.0, 0.0], [0.0, 0.0, 0.0, 1.0]], "cam_ids": [0, 1, 2, 3, 4, 5], "cam_channels": ["CAM_FRONT_LEFT", "CAM_FRONT", "CAM_FRONT_RIGHT", "CAM_BACK_LEFT", "CAM_BACK", "CAM_BACK_RIGHT"], "token": "16c4a3eac2a54160a30b559855584cd8", "scene": "scene-0094"}, {"images": ["samples/CAM_FRONT_LEFT/n008-2018-08-01-15-16-36-0400__CAM_FRONT_LEFT__1533151205904799.jpg", "samples/CAM_FRONT/n008-2018-08-01-15-16-36-0400__CAM_FRONT__1533151205912404.jpg", "samples/CAM_FRONT_RIGHT/n008-2018-08-01-15-16-36-0400__CAM_FRONT_RIGHT__1533151205920482.jpg", "samples/CAM_BACK_LEFT/n008-2018-08-01-15-16-36-0400__CAM_BACK_LEFT__1533151205947405.jpg", "samples/CAM_BACK/n008-2018-08-01-15-16-36-0400__CAM_BACK__1533151205937558.jpg", "samples/CAM_BACK_RIGHT/n008-2018-08-01-15-16-36-0400__CAM_BACK_RIGHT__1533151205928113.jpg"], "intrinsics": [[[1257.8625342125129, 0.0, 827.2410631095686], [0.0, 1257.8625342125129, 450.915498205774], [0.0, 0.0, 1.0]], [[1252.8131021185304, 0.0, 826.588114781398], [0.0, 1252.8131021185304, 469.9846626224581], [0.0, 0.0, 1.0]], [[1256.7485116440405, 0.0, 817.7887570959712], [0.0, 1256.7485116440403, 451.9541780095127], [0.0, 0.0, 1.0]], [[1254.9860565800168, 0.0, 829.5769333630991], [0.0, 1254.9860565800168, 467.1680561863987], [0.0, 0.0, 1.0]], [[796.8910634503094, 0.0, 857.7774326863696], [0.0, 796.8910634503094, 476.8848988407415], [0.0, 0.0, 1.0]], [[1249.9629280788233, 0.0, 825.3768045375984], [0.0, 1249.9629280788233, 462.54816385708756], [0.0, 0.0, 1.0]]], "extrinsics": [[[0.8231915235519409, -0.5676718354225159, -0.010220967233181, -0.66131591796875], [0.023163797333836555, 0.05156652629375458, -0.998400866985321, 1.4976654052734375], [0.5672910809516907, 0.8216384649276733, 0.055598560720682144, -1.10205078125], [0.0, 0.0, 0.0, 1.0]], [[0.011459719389677048, -0.9988157749176025, -0.04728373885154724, 0.012939453125], [0.025075355544686317, 0.04755902662873268, -0.9985536932945251, 1.4885711669921875], [0.9996199607849121, 0.010257484391331673, 0.025590674951672554, -1.392608642578125], [0.0, 0.0, 0.0, 1.0]], [[-0.8431847095489502, -0.5354044437408447, -0.04880177974700928, 0.867919921875], [0.0330498069524765, 0.03898158296942711, -0.9986932277679443, 1.5017471313476562], [0.5366071462631226, -0.8436957597732544, -0.015173662453889847, -1.13232421875], [0.0, 0.0, 0.0, 1.0]], [[0.9475767016410828, 0.31859076023101807, 0.02446117252111435, -1.13677978515625], [0.007456227205693722, 0.0544862262904644, -0.9984866976737976, 1.56201171875], [-0.31944146752357483, 0.9463251233100891, 0.049254387617111206, -0.1602783203125], [0.0, 0.0, 0.0, 1.0]], [[0.008438052609562874, 0.9988621473312378, 0.046938199549913406, -0.02978515625], [0.009677187539637089, 0.0468561016023159, -0.9988547563552856, 1.5689697265625], [-0.9999176263809204, 0.008882621303200722, -0.009270802140235901, -0.058685302734375], [0.0, 0.0, 0.0, 1.0]], [[-0.9237931966781616, 0.382874071598053, -0.003688590135425329, 0.980804443359375], [0.013950842432677746, 0.024030165746808052, -0.999613881111145, 1.5504646301269531], [-0.38263750076293945, -0.9234879612922668, -0.02754031866788864, -0.1158447265625], [0.0, 0.0, 0.0, 1.0]]], "view": [[0.0, -2.0, 100.0], [-2.0, 0.0, 100.0], [0.0, 0.0, 1.0]], "bev": "bev_442d1845be554fc49b9ee04c70492b29.png", "aux": "aux_442d1845be554fc49b9ee04c70492b29.npz", "visibility": "visibility_442d1845be554fc49b9ee04c70492b29.png", "pose": [[-0.7577676773071289, -0.652524471282959, 0.0, 1408.8248291015625], [0.652524471282959, -0.7577676773071289, 0.0, 957.5958251953125], [0.0, 0.0, 1.0, 0.0], [0.0, 0.0, 0.0, 1.0]], "pose_inverse": [[-0.7577676773071289, 0.652524471282959, 0.0, 442.70721435546875], [-0.652524471282959, -0.7577676773071289, 0.0, 1644.9278564453125], [0.0, 0.0, 1.0, 0.0], [0.0, 0.0, 0.0, 1.0]], "cam_ids": [0, 1, 2, 3, 4, 5], "cam_channels": ["CAM_FRONT_LEFT", "CAM_FRONT", "CAM_FRONT_RIGHT", "CAM_BACK_LEFT", "CAM_BACK", "CAM_BACK_RIGHT"], "token": "442d1845be554fc49b9ee04c70492b29", "scene": "scene-0094"}, {"images": ["samples/CAM_FRONT_LEFT/n008-2018-08-01-15-16-36-0400__CAM_FRONT_LEFT__1533151206404799.jpg", "samples/CAM_FRONT/n008-2018-08-01-15-16-36-0400__CAM_FRONT__1533151206412404.jpg", "samples/CAM_FRONT_RIGHT/n008-2018-08-01-15-16-36-0400__CAM_FRONT_RIGHT__1533151206420482.jpg", "samples/CAM_BACK_LEFT/n008-2018-08-01-15-16-36-0400__CAM_BACK_LEFT__1533151206447405.jpg", "samples/CAM_BACK/n008-2018-08-01-15-16-36-0400__CAM_BACK__1533151206437563.jpg", "samples/CAM_BACK_RIGHT/n008-2018-08-01-15-16-36-0400__CAM_BACK_RIGHT__1533151206428113.jpg"], "intrinsics": [[[1257.8625342125129, 0.0, 827.2410631095686], [0.0, 1257.8625342125129, 450.915498205774], [0.0, 0.0, 1.0]], [[1252.8131021185304, 0.0, 826.588114781398], [0.0, 1252.8131021185304, 469.9846626224581], [0.0, 0.0, 1.0]], [[1256.7485116440405, 0.0, 817.7887570959712], [0.0, 1256.7485116440403, 451.9541780095127], [0.0, 0.0, 1.0]], [[1254.9860565800168, 0.0, 829.5769333630991], [0.0, 1254.9860565800168, 467.1680561863987], [0.0, 0.0, 1.0]], [[796.8910634503094, 0.0, 857.7774326863696], [0.0, 796.8910634503094, 476.8848988407415], [0.0, 0.0, 1.0]], [[1249.9629280788233, 0.0, 825.3768045375984], [0.0, 1249.9629280788233, 462.54816385708756], [0.0, 0.0, 1.0]]], "extrinsics": [[[0.8220628499984741, -0.5692667961120605, -0.012172142043709755, -0.66302490234375], [0.021517058834433556, 0.0524199903011322, -0.9983932375907898, 1.4968948364257812], [0.568990170955658, 0.8204800486564636, 0.05534147098660469, -1.1029052734375], [0.0, 0.0, 0.0, 1.0]], [[0.009793508797883987, -0.9987960457801819, -0.048068687319755554, 0.0130615234375], [0.023437589406967163, 0.04828706756234169, -0.998558521270752, 1.4879150390625], [0.999677300453186, 0.008652743883430958, 0.023882271721959114, -1.39520263671875], [0.0, 0.0, 0.0, 1.0]], [[-0.8439208269119263, -0.5343409776687622, -0.04772135242819786, 0.87109375], [0.03142068535089493, 0.0395699068903923, -0.9987226128578186, 1.501190185546875], [0.5355468392372131, -0.8443422913551331, -0.016604507341980934, -1.13427734375], [0.0, 0.0, 0.0, 1.0]], [[0.947854220867157, 0.3178800642490387, 0.0229046531021595, -1.1417236328125], [0.005842242855578661, 0.05452558398246765, -0.9984952211380005, 1.5620269775390625], [-0.31865060329437256, 0.9465618133544922, 0.04982517287135124, -0.157470703125], [0.0, 0.0, 0.0, 1.0]], [[0.009299336932599545, 0.9988429546356201, 0.04718152806162834, -0.0291748046875], [0.008063510991632938, 0.04710712656378746, -0.9988572597503662, 1.56878662109375], [-0.9999242424964905, 0.009669166058301926, -0.007616118527948856, -0.053741455078125], [0.0, 0.0, 0.0, 1.0]], [[-0.9234592318534851, 0.3836912214756012, -0.0019760210998356342, 0.98480224609375], [0.012317934073507786, 0.024498427286744118, -0.9996240139007568, 1.5500907897949219], [-0.38349854946136475, -0.9231364130973816, -0.02734958752989769, -0.1141357421875], [0.0, 0.0, 0.0, 1.0]]], "view": [[0.0, -2.0, 100.0], [-2.0, 0.0, 100.0], [0.0, 0.0, 1.0]], "bev": "bev_a92511954d004ec9922e75be59fbb109.png", "aux": "aux_a92511954d004ec9922e75be59fbb109.npz", "visibility": "visibility_a92511954d004ec9922e75be59fbb109.png", "pose": [[-0.7569708228111267, -0.6534486413002014, 0.0, 1405.23828125], [0.6534486413002014, -0.7569708228111267, 0.0, 960.7530517578125], [0.0, 0.0, 1.0, 0.0], [0.0, 0.0, 0.0, 1.0]], "pose_inverse": [[-0.7569708228111267, 0.6534486413002014, 0.0, 435.921630859375], [-0.6534486413002014, -0.7569708228111267, 0.0, 1645.5130615234375], [0.0, 0.0, 1.0, 0.0], [0.0, 0.0, 0.0, 1.0]], "cam_ids": [0, 1, 2, 3, 4, 5], "cam_channels": ["CAM_FRONT_LEFT", "CAM_FRONT", "CAM_FRONT_RIGHT", "CAM_BACK_LEFT", "CAM_BACK", "CAM_BACK_RIGHT"], "token": "a92511954d004ec9922e75be59fbb109", "scene": "scene-0094"}, {"images": ["samples/CAM_FRONT_LEFT/n008-2018-08-01-15-16-36-0400__CAM_FRONT_LEFT__1533151206854799.jpg", "samples/CAM_FRONT/n008-2018-08-01-15-16-36-0400__CAM_FRONT__1533151206862404.jpg", "samples/CAM_FRONT_RIGHT/n008-2018-08-01-15-16-36-0400__CAM_FRONT_RIGHT__1533151206870482.jpg", "samples/CAM_BACK_LEFT/n008-2018-08-01-15-16-36-0400__CAM_BACK_LEFT__1533151206897405.jpg", "samples/CAM_BACK/n008-2018-08-01-15-16-36-0400__CAM_BACK__1533151206887558.jpg", "samples/CAM_BACK_RIGHT/n008-2018-08-01-15-16-36-0400__CAM_BACK_RIGHT__1533151206878113.jpg"], "intrinsics": [[[1257.8625342125129, 0.0, 827.2410631095686], [0.0, 1257.8625342125129, 450.915498205774], [0.0, 0.0, 1.0]], [[1252.8131021185304, 0.0, 826.588114781398], [0.0, 1252.8131021185304, 469.9846626224581], [0.0, 0.0, 1.0]], [[1256.7485116440405, 0.0, 817.7887570959712], [0.0, 1256.7485116440403, 451.9541780095127], [0.0, 0.0, 1.0]], [[1254.9860565800168, 0.0, 829.5769333630991], [0.0, 1254.9860565800168, 467.1680561863987], [0.0, 0.0, 1.0]], [[796.8910634503094, 0.0, 857.7774326863696], [0.0, 796.8910634503094, 476.8848988407415], [0.0, 0.0, 1.0]], [[1249.9629280788233, 0.0, 825.3768045375984], [0.0, 1249.9629280788233, 462.54816385708756], [0.0, 0.0, 1.0]]], "extrinsics": [[[0.8226152658462524, -0.5685563683509827, -0.006925132591277361, -0.66943359375], [0.024145327508449554, 0.04709777608513832, -0.9985983967781067, 1.4979324340820312], [0.5680856704711914, 0.8212950229644775, 0.05247132480144501, -1.105712890625], [0.0, 0.0, 0.0, 1.0]], [[0.010600801557302475, -0.9990381598472595, -0.04254760965704918, 0.01123046875], [0.026102634146809578, 0.04281197488307953, -0.9987421631813049, 1.48870849609375], [0.9996030330657959, 0.009476802311837673, 0.026531372219324112, -1.40362548828125], [0.0, 0.0, 0.0, 1.0]], [[-0.8435542583465576, -0.5349826216697693, -0.04700740426778793, 0.878662109375], [0.034142836928367615, 0.033929284662008286, -0.998840868473053, 1.5016403198242188], [0.5359574556350708, -0.8441815376281738, -0.010355370119214058, -1.141357421875], [0.0, 0.0, 0.0, 1.0]], [[0.9477441310882568, 0.3181399405002594, 0.023835832253098488, -1.142822265625], [0.008873777464032173, 0.04839660972356796, -0.9987887740135193, 1.5620574951171875], [-0.31890812516212463, 0.9468076825141907, 0.043044496327638626, -0.1563720703125], [0.0, 0.0, 0.0, 1.0]], [[0.008951693773269653, 0.9991087317466736, 0.04125143960118294, -0.028564453125], [0.010935383848845959, 0.04115281254053116, -0.9990929961204529, 1.569061279296875], [-0.999900221824646, 0.009394696913659573, -0.010557252913713455, -0.048431396484375], [0.0, 0.0, 0.0, 1.0]], [[-0.9235723614692688, 0.3833642899990082, -0.006775102578103542, 0.9931640625], [0.015094112604856491, 0.018695948645472527, -0.9997112154960632, 1.5505256652832031], [-0.3831269145011902, -0.923408031463623, -0.02305360697209835, -0.1121826171875], [0.0, 0.0, 0.0, 1.0]]], "view": [[0.0, -2.0, 100.0], [-2.0, 0.0, 100.0], [0.0, 0.0, 1.0]], "bev": "bev_665e155d1c3c4abdb5129b35b80c3b1b.png", "aux": "aux_665e155d1c3c4abdb5129b35b80c3b1b.npz", "visibility": "visibility_665e155d1c3c4abdb5129b35b80c3b1b.png", "pose": [[-0.7561339139938354, -0.6544169187545776, 0.0, 1402.00537109375], [0.6544169187545776, -0.7561339139938354, 0.0, 963.6207885742188], [0.0, 0.0, 1.0, 0.0], [0.0, 0.0, 0.0, 1.0]], "pose_inverse": [[-0.7561339139938354, 0.6544169187545776, 0.0, 429.4940185546875], [-0.6544169187545776, -0.7561339139938354, 0.0, 1646.1224365234375], [0.0, 0.0, 1.0, 0.0], [0.0, 0.0, 0.0, 1.0]], "cam_ids": [0, 1, 2, 3, 4, 5], "cam_channels": ["CAM_FRONT_LEFT", "CAM_FRONT", "CAM_FRONT_RIGHT", "CAM_BACK_LEFT", "CAM_BACK", "CAM_BACK_RIGHT"], "token": "665e155d1c3c4abdb5129b35b80c3b1b", "scene": "scene-0094"}, {"images": ["samples/CAM_FRONT_LEFT/n008-2018-08-01-15-16-36-0400__CAM_FRONT_LEFT__1533151207354799.jpg", "samples/CAM_FRONT/n008-2018-08-01-15-16-36-0400__CAM_FRONT__1533151207362404.jpg", "samples/CAM_FRONT_RIGHT/n008-2018-08-01-15-16-36-0400__CAM_FRONT_RIGHT__1533151207370482.jpg", "samples/CAM_BACK_LEFT/n008-2018-08-01-15-16-36-0400__CAM_BACK_LEFT__1533151207397405.jpg", "samples/CAM_BACK/n008-2018-08-01-15-16-36-0400__CAM_BACK__1533151207387558.jpg", "samples/CAM_BACK_RIGHT/n008-2018-08-01-15-16-36-0400__CAM_BACK_RIGHT__1533151207378113.jpg"], "intrinsics": [[[1257.8625342125129, 0.0, 827.2410631095686], [0.0, 1257.8625342125129, 450.915498205774], [0.0, 0.0, 1.0]], [[1252.8131021185304, 0.0, 826.588114781398], [0.0, 1252.8131021185304, 469.9846626224581], [0.0, 0.0, 1.0]], [[1256.7485116440405, 0.0, 817.7887570959712], [0.0, 1256.7485116440403, 451.9541780095127], [0.0, 0.0, 1.0]], [[1254.9860565800168, 0.0, 829.5769333630991], [0.0, 1254.9860565800168, 467.1680561863987], [0.0, 0.0, 1.0]], [[796.8910634503094, 0.0, 857.7774326863696], [0.0, 796.8910634503094, 476.8848988407415], [0.0, 0.0, 1.0]], [[1249.9629280788233, 0.0, 825.3768045375984], [0.0, 1249.9629280788233, 462.54816385708756], [0.0, 0.0, 1.0]]], "extrinsics": [[[0.8227201104164124, -0.5684090852737427, -0.006536742672324181, -0.6795654296875], [0.02364720031619072, 0.04571199044585228, -0.998674750328064, 1.4975128173828125], [0.5679545998573303, 0.8214752674102783, 0.05104946717619896, -1.1116943359375], [0.0, 0.0, 0.0, 1.0]], [[0.01080486923456192, -0.9990867972373962, -0.04133687540888786, 0.0108642578125], [0.025549214333295822, 0.04160162806510925, -0.9988075494766235, 1.48834228515625], [0.9996151924133301, 0.00973588041961193, 0.025975387543439865, -1.411407470703125], [0.0, 0.0, 0.0, 1.0]], [[-0.8434413075447083, -0.5352548956871033, -0.04592302814126015, 0.8817138671875], [0.03351185470819473, 0.03289476037025452, -0.9988968372344971, 1.5013580322265625], [0.5361750721931458, -0.844049870967865, -0.00980741623789072, -1.1429443359375], [0.0, 0.0, 0.0, 1.0]], [[0.9477617144584656, 0.318162739276886, 0.022804686799645424, -1.1448974609375], [0.007917087525129318, 0.048007380217313766, -0.9988155961036682, 1.5620574951171875], [-0.31888073682785034, 0.9468197822570801, 0.04298064112663269, -0.1553955078125], [0.0, 0.0, 0.0, 1.0]], [[0.008882579393684864, 0.9991362690925598, 0.04059259593486786, -0.028564453125], [0.010093105025589466, 0.04050254449248314, -0.9991284012794495, 1.5689544677734375], [-0.9999096393585205, 0.00928460992872715, -0.009724617935717106, -0.04644775390625], [0.0, 0.0, 0.0, 1.0]], [[-0.9236509799957275, 0.3831803798675537, -0.006449070759117603, 0.9956817626953125], [0.014375829137861729, 0.01782677322626114, -0.9997377395629883, 1.5503501892089844], [-0.3829649090766907, -0.9235014915466309, -0.02197425439953804, -0.11083984375], [0.0, 0.0, 0.0, 1.0]]], "view": [[0.0, -2.0, 100.0], [-2.0, 0.0, 100.0], [0.0, 0.0, 1.0]], "bev": "bev_abccb4eda68e441d893861429fdd5605.png", "aux": "aux_abccb4eda68e441d893861429fdd5605.npz", "visibility": "visibility_abccb4eda68e441d893861429fdd5605.png", "pose": [[-0.756118655204773, -0.6544345021247864, 0.0, 1398.4677734375], [0.6544345021247864, -0.756118655204773, 0.0, 966.7247924804688], [0.0, 0.0, 1.0, 0.0], [0.0, 0.0, 0.0, 1.0]], "pose_inverse": [[-0.756118655204773, 0.6544345021247864, 0.0, 424.7495422363281], [-0.6544345021247864, -0.756118655204773, 0.0, 1646.164306640625], [0.0, 0.0, 1.0, 0.0], [0.0, 0.0, 0.0, 1.0]], "cam_ids": [0, 1, 2, 3, 4, 5], "cam_channels": ["CAM_FRONT_LEFT", "CAM_FRONT", "CAM_FRONT_RIGHT", "CAM_BACK_LEFT", "CAM_BACK", "CAM_BACK_RIGHT"], "token": "abccb4eda68e441d893861429fdd5605", "scene": "scene-0094"}, {"images": ["samples/CAM_FRONT_LEFT/n008-2018-08-01-15-16-36-0400__CAM_FRONT_LEFT__1533151207854799.jpg", "samples/CAM_FRONT/n008-2018-08-01-15-16-36-0400__CAM_FRONT__1533151207862404.jpg", "samples/CAM_FRONT_RIGHT/n008-2018-08-01-15-16-36-0400__CAM_FRONT_RIGHT__1533151207870482.jpg", "samples/CAM_BACK_LEFT/n008-2018-08-01-15-16-36-0400__CAM_BACK_LEFT__1533151207897405.jpg", "samples/CAM_BACK/n008-2018-08-01-15-16-36-0400__CAM_BACK__1533151207887558.jpg", "samples/CAM_BACK_RIGHT/n008-2018-08-01-15-16-36-0400__CAM_BACK_RIGHT__1533151207878113.jpg"], "intrinsics": [[[1257.8625342125129, 0.0, 827.2410631095686], [0.0, 1257.8625342125129, 450.915498205774], [0.0, 0.0, 1.0]], [[1252.8131021185304, 0.0, 826.588114781398], [0.0, 1252.8131021185304, 469.9846626224581], [0.0, 0.0, 1.0]], [[1256.7485116440405, 0.0, 817.7887570959712], [0.0, 1256.7485116440403, 451.9541780095127], [0.0, 0.0, 1.0]], [[1254.9860565800168, 0.0, 829.5769333630991], [0.0, 1254.9860565800168, 467.1680561863987], [0.0, 0.0, 1.0]], [[796.8910634503094, 0.0, 857.7774326863696], [0.0, 796.8910634503094, 476.8848988407415], [0.0, 0.0, 1.0]], [[1249.9629280788233, 0.0, 825.3768045375984], [0.0, 1249.9629280788233, 462.54816385708756], [0.0, 0.0, 1.0]]], "extrinsics": [[[0.8225728869438171, -0.5686150789260864, -0.007133152801543474, -0.6798095703125], [0.02235683985054493, 0.04487098008394241, -0.9987425804138184, 1.4969024658203125], [0.5682200789451599, 0.8213791251182556, 0.04962208494544029, -1.11328125], [0.0, 0.0, 0.0, 1.0]], [[0.010481087490916252, -0.999123215675354, -0.040535423904657364, 0.0115966796875], [0.024225877597928047, 0.0407794713973999, -0.9988744258880615, 1.4878082275390625], [0.9996515512466431, 0.009487270377576351, 0.0246320441365242, -1.414306640625], [0.0, 0.0, 0.0, 1.0]], [[-0.8436623811721802, -0.5350406169891357, -0.044331956654787064, 0.8858642578125], [0.03214855492115021, 0.032079216092824936, -0.9989681243896484, 1.5008468627929688], [0.5359106659889221, -0.8442171216011047, -0.009863246232271194, -1.1448974609375], [0.0, 0.0, 0.0, 1.0]], [[0.9477890729904175, 0.3181943893432617, 0.021169070154428482, -1.15008544921875], [0.006458613555878401, 0.04721522331237793, -0.9988638758659363, 1.5619964599609375], [-0.3188323378562927, 0.9468490481376648, 0.042694978415966034, -0.154052734375], [0.0, 0.0, 0.0, 1.0]], [[0.009035352617502213, 0.9991673827171326, 0.03978687897324562, -0.02880859375], [0.008669327944517136, 0.039708737283945084, -0.999173641204834, 1.5687713623046875], [-0.9999216198921204, 0.009372835978865623, -0.008303326554596424, -0.040771484375], [0.0, 0.0, 0.0, 1.0]], [[-0.9235792756080627, 0.38336846232414246, -0.005467581562697887, 1.000396728515625], [0.012983042746782303, 0.01701897382736206, -0.9997708201408386, 1.5500297546386719], [-0.3831876218318939, -0.9234386682510376, -0.020695658400654793, -0.1085205078125], [0.0, 0.0, 0.0, 1.0]]], "view": [[0.0, -2.0, 100.0], [-2.0, 0.0, 100.0], [0.0, 0.0, 1.0]], "bev": "bev_ac83bf9a407f40ec8182fb5d2ba88444.png", "aux": "aux_ac83bf9a407f40ec8182fb5d2ba88444.npz", "visibility": "visibility_ac83bf9a407f40ec8182fb5d2ba88444.png", "pose": [[-0.7551560401916504, -0.6555451154708862, 0.0, 1394.9281005859375], [0.6555451154708862, -0.7551560401916504, 0.0, 969.8694458007812], [0.0, 0.0, 1.0, 0.0], [0.0, 0.0, 0.0, 1.0]], "pose_inverse": [[-0.7551560401916504, 0.6555451154708862, 0.0, 417.59521484375], [-0.6555451154708862, -0.7551560401916504, 0.0, 1646.841064453125], [0.0, 0.0, 1.0, 0.0], [0.0, 0.0, 0.0, 1.0]], "cam_ids": [0, 1, 2, 3, 4, 5], "cam_channels": ["CAM_FRONT_LEFT", "CAM_FRONT", "CAM_FRONT_RIGHT", "CAM_BACK_LEFT", "CAM_BACK", "CAM_BACK_RIGHT"], "token": "ac83bf9a407f40ec8182fb5d2ba88444", "scene": "scene-0094"}, {"images": ["samples/CAM_FRONT_LEFT/n008-2018-08-01-15-16-36-0400__CAM_FRONT_LEFT__1533151208404799.jpg", "samples/CAM_FRONT/n008-2018-08-01-15-16-36-0400__CAM_FRONT__1533151208412404.jpg", "samples/CAM_FRONT_RIGHT/n008-2018-08-01-15-16-36-0400__CAM_FRONT_RIGHT__1533151208420482.jpg", "samples/CAM_BACK_LEFT/n008-2018-08-01-15-16-36-0400__CAM_BACK_LEFT__1533151208447405.jpg", "samples/CAM_BACK/n008-2018-08-01-15-16-36-0400__CAM_BACK__1533151208438006.jpg", "samples/CAM_BACK_RIGHT/n008-2018-08-01-15-16-36-0400__CAM_BACK_RIGHT__1533151208428113.jpg"], "intrinsics": [[[1257.8625342125129, 0.0, 827.2410631095686], [0.0, 1257.8625342125129, 450.915498205774], [0.0, 0.0, 1.0]], [[1252.8131021185304, 0.0, 826.588114781398], [0.0, 1252.8131021185304, 469.9846626224581], [0.0, 0.0, 1.0]], [[1256.7485116440405, 0.0, 817.7887570959712], [0.0, 1256.7485116440403, 451.9541780095127], [0.0, 0.0, 1.0]], [[1254.9860565800168, 0.0, 829.5769333630991], [0.0, 1254.9860565800168, 467.1680561863987], [0.0, 0.0, 1.0]], [[796.8910634503094, 0.0, 857.7774326863696], [0.0, 796.8910634503094, 476.8848988407415], [0.0, 0.0, 1.0]], [[1249.9629280788233, 0.0, 825.3768045375984], [0.0, 1249.9629280788233, 462.54816385708756], [0.0, 0.0, 1.0]]], "extrinsics": [[[0.8225715160369873, -0.5685402154922485, -0.011745953001081944, -0.67864990234375], [0.018216902390122414, 0.0469900444149971, -0.9987291693687439, 1.4953079223632812], [0.5683696866035461, 0.8213123083114624, 0.04900972172617912, -1.112060546875], [0.0, 0.0, 0.0, 1.0]], [[0.01053615752607584, -0.9990317225456238, -0.04271388798952103, 0.0118408203125], [0.02008599042892456, 0.042919088155031204, -0.9988766312599182, 1.4865264892578125], [0.9997426271438599, 0.009666431695222855, 0.020518744364380836, -1.41156005859375], [0.0, 0.0, 0.0, 1.0]], [[-0.843628466129303, -0.5352803468704224, -0.04202265292406082, 0.8829345703125], [0.028017016127705574, 0.034272700548172, -0.9990197420120239, 1.4999313354492188], [0.5361958146095276, -0.8439788818359375, -0.013916471973061562, -1.142578125], [0.0, 0.0, 0.0, 1.0]], [[0.9478635787963867, 0.3181513845920563, 0.01828322373330593, -1.14862060546875], [0.002601218642666936, 0.04964622110128403, -0.9987634420394897, 1.5620269775390625], [-0.31866565346717834, 0.9467390179634094, 0.0462302640080452, -0.154541015625], [0.0, 0.0, 0.0, 1.0]], [[0.008957882411777973, 0.9990734457969666, 0.04209493473172188, -0.029052734375], [0.004742247052490711, 0.0420537032186985, -0.9991040825843811, 1.56842041015625], [-0.9999486804008484, 0.009149446152150631, -0.0043611410073935986, -0.03912353515625], [0.0, 0.0, 0.0, 1.0]], [[-0.9237590432167053, 0.382973074913024