[{"images": ["samples/CAM_FRONT_LEFT/n008-2018-07-27-12-07-38-0400__CAM_FRONT_LEFT__1532707811004799.jpg", "samples/CAM_FRONT/n008-2018-07-27-12-07-38-0400__CAM_FRONT__1532707811012460.jpg", "samples/CAM_FRONT_RIGHT/n008-2018-07-27-12-07-38-0400__CAM_FRONT_RIGHT__1532707811020482.jpg", "samples/CAM_BACK_LEFT/n008-2018-07-27-12-07-38-0400__CAM_BACK_LEFT__1532707811047405.jpg", "samples/CAM_BACK/n008-2018-07-27-12-07-38-0400__CAM_BACK__1532707811037568.jpg", "samples/CAM_BACK_RIGHT/n008-2018-07-27-12-07-38-0400__CAM_BACK_RIGHT__1532707811028113.jpg"], "intrinsics": [[[1257.8625342125129, 0.0, 827.2410631095686], [0.0, 1257.8625342125129, 450.915498205774], [0.0, 0.0, 1.0]], [[1252.8131021185304, 0.0, 826.588114781398], [0.0, 1252.8131021185304, 469.9846626224581], [0.0, 0.0, 1.0]], [[1256.7485116440405, 0.0, 817.7887570959712], [0.0, 1256.7485116440403, 451.9541780095127], [0.0, 0.0, 1.0]], [[1254.9860565800168, 0.0, 829.5769333630991], [0.0, 1254.9860565800168, 467.1680561863987], [0.0, 0.0, 1.0]], [[796.8910634503094, 0.0, 857.7774326863696], [0.0, 796.8910634503094, 476.8848988407415], [0.0, 0.0, 1.0]], [[1249.9629280788233, 0.0, 825.3768045375984], [0.0, 1249.9629280788233, 462.54816385708756], [0.0, 0.0, 1.0]]], "extrinsics": [[[0.8234938383102417, -0.5673245787620544, 0.0008351166034117341, -0.7283935546875], [0.008818842470645905, 0.01132902130484581, -0.9998968839645386, 1.4911842346191406], [0.5672566294670105, 0.8234164118766785, 0.014332525432109833, -1.14794921875], [0.0, 0.0, 0.0, 1.0]], [[0.011662847362458706, -0.9999074935913086, -0.007000053767114878, 0.0120849609375], [0.010780228301882744, 0.007125857751816511, -0.9999164938926697, 1.4831085205078125], [0.9998738765716553, 0.011586418375372887, 0.010862338356673717, -1.45947265625], [0.0, 0.0, 0.0, 1.0]], [[-0.8433612585067749, -0.5371382236480713, -0.014979162253439426, 0.910888671875], [0.018810829147696495, -0.001652897335588932, -0.999821662902832, 1.4971275329589844], [0.5370177626609802, -0.8434926271438599, 0.01149800606071949, -1.1597900390625], [0.0, 0.0, 0.0, 1.0]], [[0.9478629231452942, 0.31867170333862305, -0.002064337022602558, -1.132080078125], [-0.006691684480756521, 0.013426649384200573, -0.9998874664306641, 1.5619573593139648], [-0.3186081647872925, 0.9477699995040894, 0.014859073795378208, -0.16035079956054688], [0.0, 0.0, 0.0, 1.0]], [[0.008753784000873566, 0.9999446868896484, 0.00583555456250906, -0.02923583984375], [-0.0045621576718986034, 0.005875654984265566, -0.9999722838401794, 1.5676579475402832], [-0.9999513030052185, 0.00872692558914423, 0.004613339435309172, -0.04248046875], [0.0, 0.0, 0.0, 1.0]], [[-0.9240322113037109, 0.3822644352912903, -0.006201667245477438, 1.0140380859375], [-0.00024015025701373816, -0.01680171675980091, -0.9998587965965271, 1.5478076934814453], [-0.38231468200683594, -0.9239002466201782, 0.015617127530276775, -0.1019287109375], [0.0, 0.0, 0.0, 1.0]]], "view": [[0.0, -2.0, 100.0], [-2.0, 0.0, 100.0], [0.0, 0.0, 1.0]], "bev": "bev_273ee6e5e1984a32a325cfeaf005ca0c.png", "aux": "aux_273ee6e5e1984a32a325cfeaf005ca0c.npz", "visibility": "visibility_273ee6e5e1984a32a325cfeaf005ca0c.png", "pose": [[-0.9986273050308228, 0.05237876996397972, 0.0, 2247.35888671875], [-0.05237876996397972, -0.9986273050308228, 0.0, 881.1724243164062], [0.0, 0.0, 1.0, 0.0], [0.0, 0.0, 0.0, 1.0]], "pose_inverse": [[-0.9986273050308228, -0.05237876996397972, 0.0, 2290.4287109375], [0.05237876996397972, -0.9986273050308228, 0.0, 762.2489624023438], [0.0, 0.0, 1.0, 0.0], [0.0, 0.0, 0.0, 1.0]], "cam_ids": [0, 1, 2, 3, 4, 5], "cam_channels": ["CAM_FRONT_LEFT", "CAM_FRONT", "CAM_FRONT_RIGHT", "CAM_BACK_LEFT", "CAM_BACK", "CAM_BACK_RIGHT"], "token": "273ee6e5e1984a32a325cfeaf005ca0c", "scene": "scene-0220"}, {"images": ["samples/CAM_FRONT_LEFT/n008-2018-07-27-12-07-38-0400__CAM_FRONT_LEFT__1532707811504799.jpg", "samples/CAM_FRONT/n008-2018-07-27-12-07-38-0400__CAM_FRONT__1532707811512404.jpg", "samples/CAM_FRONT_RIGHT/n008-2018-07-27-12-07-38-0400__CAM_FRONT_RIGHT__1532707811520498.jpg", "samples/CAM_BACK_LEFT/n008-2018-07-27-12-07-38-0400__CAM_BACK_LEFT__1532707811547405.jpg", "samples/CAM_BACK/n008-2018-07-27-12-07-38-0400__CAM_BACK__1532707811537558.jpg", "samples/CAM_BACK_RIGHT/n008-2018-07-27-12-07-38-0400__CAM_BACK_RIGHT__1532707811528113.jpg"], "intrinsics": [[[1257.8625342125129, 0.0, 827.2410631095686], [0.0, 1257.8625342125129, 450.915498205774], [0.0, 0.0, 1.0]], [[1252.8131021185304, 0.0, 826.588114781398], [0.0, 1252.8131021185304, 469.9846626224581], [0.0, 0.0, 1.0]], [[1256.7485116440405, 0.0, 817.7887570959712], [0.0, 1256.7485116440403, 451.9541780095127], [0.0, 0.0, 1.0]], [[1254.9860565800168, 0.0, 829.5769333630991], [0.0, 1254.9860565800168, 467.1680561863987], [0.0, 0.0, 1.0]], [[796.8910634503094, 0.0, 857.7774326863696], [0.0, 796.8910634503094, 476.8848988407415], [0.0, 0.0, 1.0]], [[1249.9629280788233, 0.0, 825.3768045375984], [0.0, 1249.9629280788233, 462.54816385708756], [0.0, 0.0, 1.0]]], "extrinsics": [[[0.8233552575111389, -0.5675118565559387, -0.00406193220987916, -0.70703125], [0.006500503048300743, 0.016587339341640472, -0.9998412728309631, 1.4905738830566406], [0.5674891471862793, 0.823198139667511, 0.01734638400375843, -1.1322021484375], [0.0, 0.0, 0.0, 1.0]], [[0.011373938992619514, -0.9998583793640137, -0.012401923537254333, 0.0115966796875], [0.008387427777051926, 0.012497685849666595, -0.9998867511749268, 1.4826316833496094], [0.9999001026153564, 0.01126862596720457, 0.008528388105332851, -1.436279296875], [0.0, 0.0, 0.0, 1.0]], [[-0.8435606360435486, -0.5368002653121948, -0.015842989087104797, 0.895263671875], [0.016337506473064423, 0.003835841082036495, -0.9998591542243958, 1.4968719482421875], [0.5367854833602905, -0.8437007069587708, 0.0055342125706374645, -1.15087890625], [0.0, 0.0, 0.0, 1.0]], [[0.9478739500045776, 0.31863611936569214, -0.0024532245006412268, -1.131591796875], [-0.00902935117483139, 0.019162965938448906, -0.9997755885124207, 1.5619239807128906], [-0.3185175955295563, 0.9476834535598755, 0.021041152998805046, -0.16033554077148438], [0.0, 0.0, 0.0, 1.0]], [[0.00890648178756237, 0.999894380569458, 0.01148138102144003, -0.02880859375], [-0.006754239555448294, 0.011541729792952538, -0.9999105334281921, 1.567420482635498], [-0.9999376535415649, 0.00882813986390829, 0.006856322288513184, -0.048828125], [0.0, 0.0, 0.0, 1.0]], [[-0.923951268196106, 0.3825052082538605, -0.0019421263132244349, 1.002197265625], [-0.002541346475481987, -0.01121574081480503, -0.9999338984489441, 1.547393798828125], [-0.38250163197517395, -0.9238852858543396, 0.011334876529872417, -0.107666015625], [0.0, 0.0, 0.0, 1.0]]], "view": [[0.0, -2.0, 100.0], [-2.0, 0.0, 100.0], [0.0, 0.0, 1.0]], "bev": "bev_2e17a5ae5d26425a952c9fa0754df4af.png", "aux": "aux_2e17a5ae5d26425a952c9fa0754df4af.npz", "visibility": "visibility_2e17a5ae5d26425a952c9fa0754df4af.png", "pose": [[-0.9995285868644714, 0.030702577903866768, 0.0, 2243.368896484375], [-0.030702577903866768, -0.9995285868644714, 0.0, 881.0496215820312], [0.0, 0.0, 1.0, 0.0], [0.0, 0.0, 0.0, 1.0]], "pose_inverse": [[-0.9995285868644714, -0.030702577903866768, 0.0, 2269.36181640625], [0.030702577903866768, -0.9995285868644714, 0.0, 811.757080078125], [0.0, 0.0, 1.0, 0.0], [0.0, 0.0, 0.0, 1.0]], "cam_ids": [0, 1, 2, 3, 4, 5], "cam_channels": ["CAM_FRONT_LEFT", "CAM_FRONT", "CAM_FRONT_RIGHT", "CAM_BACK_LEFT", "CAM_BACK", "CAM_BACK_RIGHT"], "token": "2e17a5ae5d26425a952c9fa0754df4af", "scene": "scene-0220"}, {"images": ["samples/CAM_FRONT_LEFT/n008-2018-07-27-12-07-38-0400__CAM_FRONT_LEFT__1532707812004799.jpg", "samples/CAM_FRONT/n008-2018-07-27-12-07-38-0400__CAM_FRONT__1532707812012404.jpg", "samples/CAM_FRONT_RIGHT/n008-2018-07-27-12-07-38-0400__CAM_FRONT_RIGHT__1532707812020482.jpg", "samples/CAM_BACK_LEFT/n008-2018-07-27-12-07-38-0400__CAM_BACK_LEFT__1532707812047405.jpg", "samples/CAM_BACK/n008-2018-07-27-12-07-38-0400__CAM_BACK__1532707812037558.jpg", "samples/CAM_BACK_RIGHT/n008-2018-07-27-12-07-38-0400__CAM_BACK_RIGHT__1532707812028113.jpg"], "intrinsics": [[[1257.8625342125129, 0.0, 827.2410631095686], [0.0, 1257.8625342125129, 450.915498205774], [0.0, 0.0, 1.0]], [[1252.8131021185304, 0.0, 826.588114781398], [0.0, 1252.8131021185304, 469.9846626224581], [0.0, 0.0, 1.0]], [[1256.7485116440405, 0.0, 817.7887570959712], [0.0, 1256.7485116440403, 451.9541780095127], [0.0, 0.0, 1.0]], [[1254.9860565800168, 0.0, 829.5769333630991], [0.0, 1254.9860565800168, 467.1680561863987], [0.0, 0.0, 1.0]], [[796.8910634503094, 0.0, 857.7774326863696], [0.0, 796.8910634503094, 476.8848988407415], [0.0, 0.0, 1.0]], [[1249.9629280788233, 0.0, 825.3768045375984], [0.0, 1249.9629280788233, 462.54816385708756], [0.0, 0.0, 1.0]]], "extrinsics": [[[0.8227527737617493, -0.5683199763298035, -0.009501882828772068, -0.7117919921875], [0.0041969832964241505, 0.022790702059864998, -0.9997314810752869, 1.4897174835205078], [0.5683838725090027, 0.8224919438362122, 0.021136343479156494, -1.13427734375], [0.0, 0.0, 0.0, 1.0]], [[0.010617000050842762, -0.9997695088386536, -0.018656717613339424, 0.01092529296875], [0.006023951806128025, 0.018721379339694977, -0.9998066425323486, 1.4818954467773438], [0.9999255537986755, 0.010502560995519161, 0.006221328862011433, -1.43994140625], [0.0, 0.0, 0.0, 1.0]], [[-0.8438084721565247, -0.5363703966140747, -0.017147857695817947, 0.896728515625], [0.013911761343479156, 0.010079722851514816, -0.9998523592948914, 1.4962692260742188], [0.5364640355110168, -0.84392249584198, -0.0010434995638206601, -1.151641845703125], [0.0, 0.0, 0.0, 1.0]], [[0.947856605052948, 0.31868302822113037, -0.003006062703207135, -1.12841796875], [-0.011732490733265877, 0.02546679973602295, -0.9996068477630615, 1.5618462562561035], [-0.3184812366962433, 0.9475191235542297, 0.027877820655703545, -0.1614532470703125], [0.0, 0.0, 0.0, 1.0]], [[0.00907457061111927, 0.9998008608818054, 0.017773473635315895, -0.02886962890625], [-0.009524904191493988, 0.017859824001789093, -0.999795138835907, 1.5671424865722656], [-0.9999134540557861, 0.00890341866761446, 0.009685077704489231, -0.05078125], [0.0, 0.0, 0.0, 1.0]], [[-0.9238558411598206, 0.3827294707298279, 0.002924397587776184, 1.0023193359375], [-0.0052090357057750225, -0.004933186341077089, -0.999974250793457, 1.5469322204589844], [-0.3827051818370819, -0.9238472580909729, 0.00655120424926281, -0.1075439453125], [0.0, 0.0, 0.0, 1.0]]], "view": [[0.0, -2.0, 100.0], [-2.0, 0.0, 100.0], [0.0, 0.0, 1.0]], "bev": "bev_43733546de1840daa988615de072e121.png", "aux": "aux_43733546de1840daa988615de072e121.npz", "visibility": "visibility_43733546de1840daa988615de072e121.png", "pose": [[-0.9997292757034302, 0.023267166689038277, 0.0, 2239.392822265625], [-0.023267166689038277, -0.9997292757034302, 0.0, 880.9867553710938], [0.0, 0.0, 1.0, 0.0], [0.0, 0.0, 0.0, 1.0]], "pose_inverse": [[-0.9997292757034302, -0.023267166689038277, 0.0, 2259.28466796875], [0.023267166689038277, -0.9997292757034302, 0.0, 828.6439208984375], [0.0, 0.0, 1.0, 0.0], [0.0, 0.0, 0.0, 1.0]], "cam_ids": [0, 1, 2, 3, 4, 5], "cam_channels": ["CAM_FRONT_LEFT", "CAM_FRONT", "CAM_FRONT_RIGHT", "CAM_BACK_LEFT", "CAM_BACK", "CAM_BACK_RIGHT"], "token": "43733546de1840daa988615de072e121", "scene": "scene-0220"}, {"images": ["samples/CAM_FRONT_LEFT/n008-2018-07-27-12-07-38-0400__CAM_FRONT_LEFT__1532707812404799.jpg", "samples/CAM_FRONT/n008-2018-07-27-12-07-38-0400__CAM_FRONT__1532707812412404.jpg", "samples/CAM_FRONT_RIGHT/n008-2018-07-27-12-07-38-0400__CAM_FRONT_RIGHT__1532707812420482.jpg", "samples/CAM_BACK_LEFT/n008-2018-07-27-12-07-38-0400__CAM_BACK_LEFT__1532707812447405.jpg", "samples/CAM_BACK/n008-2018-07-27-12-07-38-0400__CAM_BACK__1532707812437558.jpg", "samples/CAM_BACK_RIGHT/n008-2018-07-27-12-07-38-0400__CAM_BACK_RIGHT__1532707812428113.jpg"], "intrinsics": [[[1257.8625342125129, 0.0, 827.2410631095686], [0.0, 1257.8625342125129, 450.915498205774], [0.0, 0.0, 1.0]], [[1252.8131021185304, 0.0, 826.588114781398], [0.0, 1252.8131021185304, 469.9846626224581], [0.0, 0.0, 1.0]], [[1256.7485116440405, 0.0, 817.7887570959712], [0.0, 1256.7485116440403, 451.9541780095127], [0.0, 0.0, 1.0]], [[1254.9860565800168, 0.0, 829.5769333630991], [0.0, 1254.9860565800168, 467.1680561863987], [0.0, 0.0, 1.0]], [[796.8910634503094, 0.0, 857.7774326863696], [0.0, 796.8910634503094, 476.8848988407415], [0.0, 0.0, 1.0]], [[1249.9629280788233, 0.0, 825.3768045375984], [0.0, 1249.9629280788233, 462.54816385708756], [0.0, 0.0, 1.0]]], "extrinsics": [[[0.8224289417266846, -0.5687732100486755, -0.010381682775914669, -0.70703125], [0.005475178360939026, 0.026163186877965927, -0.9996426701545715, 1.4901504516601562], [0.5688415765762329, 0.8220781683921814, 0.024631494656205177, -1.1322021484375], [0.0, 0.0, 0.0, 1.0]], [[0.010073947720229626, -0.9997075200080872, -0.02198384515941143, 0.01177978515625], [0.0073678200133144855, 0.022058572620153427, -0.999729573726654, 1.4822807312011719], [0.9999220967292786, 0.009909247979521751, 0.007587882690131664, -1.43701171875], [0.0, 0.0, 0.0, 1.0]], [[-0.8440757989883423, -0.5358468294143677, -0.02010565809905529, 0.89599609375], [0.015323183499276638, 0.01337615679949522, -0.9997930526733398, 1.4965972900390625], [0.5360049605369568, -0.8442092537879944, -0.0030796118080615997, -1.1507568359375], [0.0, 0.0, 0.0, 1.0]], [[0.9478282928466797, 0.3187808394432068, -0.0004849919059779495, -1.130859375], [-0.010089126415550709, 0.02847721241414547, -0.9995435476303101, 1.5618934631347656], [-0.31862154603004456, 0.9474005103111267, 0.03020773082971573, -0.16076278686523438], [0.0, 0.0, 0.0, 1.0]], [[0.009288755245506763, 0.9997381567955017, 0.020912684500217438, -0.0291748046875], [-0.00795828364789486, 0.020986834540963173, -0.9997480511665344, 1.567286729812622], [-0.9999251365661621, 0.009119981899857521, 0.008151142857968807, -0.050048828125], [0.0, 0.0, 0.0, 1.0]], [[-0.9236955642700195, 0.38311687111854553, 0.0027916114777326584, 1.0023193359375], [-0.0037181293591856956, -0.0016779009019955993, -0.9999916553497314, 1.54718017578125], [-0.3831089437007904, -0.923698365688324, 0.002974348608404398, -0.1072998046875], [0.0, 0.0, 0.0, 1.0]]], "view": [[0.0, -2.0, 100.0], [-2.0, 0.0, 100.0], [0.0, 0.0, 1.0]], "bev": "bev_e357c569ade047e49329d3cfa2d4b550.png", "aux": "aux_e357c569ade047e49329d3cfa2d4b550.npz", "visibility": "visibility_e357c569ade047e49329d3cfa2d4b550.png", "pose": [[-0.9996063113212585, 0.028056923300027847, 0.0, 2236.141845703125], [-0.028056923300027847, -0.9996063113212585, 0.0, 880.9306030273438], [0.0, 0.0, 1.0, 0.0], [0.0, 0.0, 0.0, 1.0]], "pose_inverse": [[-0.9996063113212585, -0.028056923300027847, 0.0, 2259.977783203125], [0.028056923300027847, -0.9996063113212585, 0.0, 817.8445434570312], [0.0, 0.0, 1.0, 0.0], [0.0, 0.0, 0.0, 1.0]], "cam_ids": [0, 1, 2, 3, 4, 5], "cam_channels": ["CAM_FRONT_LEFT", "CAM_FRONT", "CAM_FRONT_RIGHT", "CAM_BACK_LEFT", "CAM_BACK", "CAM_BACK_RIGHT"], "token": "e357c569ade047e49329d3cfa2d4b550", "scene": "scene-0220"}, {"images": ["samples/CAM_FRONT_LEFT/n008-2018-07-27-12-07-38-0400__CAM_FRONT_LEFT__1532707812904799.jpg", "samples/CAM_FRONT/n008-2018-07-27-12-07-38-0400__CAM_FRONT__1532707812912404.jpg", "samples/CAM_FRONT_RIGHT/n008-2018-07-27-12-07-38-0400__CAM_FRONT_RIGHT__1532707812920482.jpg", "samples/CAM_BACK_LEFT/n008-2018-07-27-12-07-38-0400__CAM_BACK_LEFT__1532707812947405.jpg", "samples/CAM_BACK/n008-2018-07-27-12-07-38-0400__CAM_BACK__1532707812937558.jpg", "samples/CAM_BACK_RIGHT/n008-2018-07-27-12-07-38-0400__CAM_BACK_RIGHT__1532707812928113.jpg"], "intrinsics": [[[1257.8625342125129, 0.0, 827.2410631095686], [0.0, 1257.8625342125129, 450.915498205774], [0.0, 0.0, 1.0]], [[1252.8131021185304, 0.0, 826.588114781398], [0.0, 1252.8131021185304, 469.9846626224581], [0.0, 0.0, 1.0]], [[1256.7485116440405, 0.0, 817.7887570959712], [0.0, 1256.7485116440403, 451.9541780095127], [0.0, 0.0, 1.0]], [[1254.9860565800168, 0.0, 829.5769333630991], [0.0, 1254.9860565800168, 467.1680561863987], [0.0, 0.0, 1.0]], [[796.8910634503094, 0.0, 857.7774326863696], [0.0, 796.8910634503094, 476.8848988407415], [0.0, 0.0, 1.0]], [[1249.9629280788233, 0.0, 825.3768045375984], [0.0, 1249.9629280788233, 462.54816385708756], [0.0, 0.0, 1.0]]], "extrinsics": [[[0.8223137259483337, -0.5689023733139038, -0.01225882675498724, -0.7012939453125], [0.006818536669015884, 0.031392864882946014, -0.9994838237762451, 1.490692138671875], [0.5689936280250549, 0.8218056559562683, 0.029693864285945892, -1.127197265625], [0.0, 0.0, 0.0, 1.0]], [[0.009937378577888012, -0.9995744824409485, -0.027427244931459427, 0.01116943359375], [0.008606997318565845, 0.027513086795806885, -0.999584436416626, 1.4827079772949219], [0.9999135136604309, 0.009697187691926956, 0.008876742795109749, -1.4306640625], [0.0, 0.0, 0.0, 1.0]], [[-0.8441051244735718, -0.5356353521347046, -0.024108706042170525, 0.891357421875], [0.01645173691213131, 0.019069064408540726, -0.9996827840805054, 1.4969215393066406], [0.5359252095222473, -0.844234049320221, -0.00728416396304965, -1.14862060546875], [0.0, 0.0, 0.0, 1.0]], [[0.9478703737258911, 0.31864529848098755, 0.0026464827824383974, -1.131103515625], [-0.008969547227025032, 0.03498160466551781, -0.9993476867675781, 1.561910629272461], [-0.31853002309799194, 0.9472283124923706, 0.03601612523198128, -0.16077041625976562], [0.0, 0.0, 0.0, 1.0]], [[0.009303111582994461, 0.9995895028114319, 0.027096964418888092, -0.02886962890625], [-0.0067617017775774, 0.0271604023873806, -0.9996082186698914, 1.567387580871582], [-0.9999338984489441, 0.009116243571043015, 0.007011602632701397, -0.051513671875], [0.0, 0.0, 0.0, 1.0]], [[-0.9236723780632019, 0.38316190242767334, 0.004034362733364105, 0.9996337890625], [-0.0026147288735955954, 0.004225783050060272, -0.9999876618385315, 1.5473506450653076], [-0.38317421078681946, -0.923671543598175, -0.002901374828070402, -0.10888671875], [0.0, 0.0, 0.0, 1.0]]], "view": [[0.0, -2.0, 100.0], [-2.0, 0.0, 100.0], [0.0, 0.0, 1.0]], "bev": "bev_1761196e896746d3a9009d0884772a6d.png", "aux": "aux_1761196e896746d3a9009d0884772a6d.npz", "visibility": "visibility_1761196e896746d3a9009d0884772a6d.png", "pose": [[-0.9992717504501343, 0.03815721720457077, 0.0, 2232.079345703125], [-0.03815721720457077, -0.9992717504501343, 0.0, 880.8305053710938], [0.0, 0.0, 1.0, 0.0], [0.0, 0.0, 0.0, 1.0]], "pose_inverse": [[-0.9992717504501343, -0.03815721720457077, 0.0, 2264.06396484375], [0.03815721720457077, -0.9992717504501343, 0.0, 795.0191040039062], [0.0, 0.0, 1.0, 0.0], [0.0, 0.0, 0.0, 1.0]], "cam_ids": [0, 1, 2, 3, 4, 5], "cam_channels": ["CAM_FRONT_LEFT", "CAM_FRONT", "CAM_FRONT_RIGHT", "CAM_BACK_LEFT", "CAM_BACK", "CAM_BACK_RIGHT"], "token": "1761196e896746d3a9009d0884772a6d", "scene": "scene-0220"}, {"images": ["samples/CAM_FRONT_LEFT/n008-2018-07-27-12-07-38-0400__CAM_FRONT_LEFT__1532707813404799.jpg", "samples/CAM_FRONT/n008-2018-07-27-12-07-38-0400__CAM_FRONT__1532707813412404.jpg", "samples/CAM_FRONT_RIGHT/n008-2018-07-27-12-07-38-0400__CAM_FRONT_RIGHT__1532707813420482.jpg", "samples/CAM_BACK_LEFT/n008-2018-07-27-12-07-38-0400__CAM_BACK_LEFT__1532707813447405.jpg", "samples/CAM_BACK/n008-2018-07-27-12-07-38-0400__CAM_BACK__1532707813437558.jpg", "samples/CAM_BACK_RIGHT/n008-2018-07-27-12-07-38-0400__CAM_BACK_RIGHT__1532707813428113.jpg"], "intrinsics": [[[1257.8625342125129, 0.0, 827.2410631095686], [0.0, 1257.8625342125129, 450.915498205774], [0.0, 0.0, 1.0]], [[1252.8131021185304, 0.0, 826.588114781398], [0.0, 1252.8131021185304, 469.9846626224581], [0.0, 0.0, 1.0]], [[1256.7485116440405, 0.0, 817.7887570959712], [0.0, 1256.7485116440403, 451.9541780095127], [0.0, 0.0, 1.0]], [[1254.9860565800168, 0.0, 829.5769333630991], [0.0, 1254.9860565800168, 467.1680561863987], [0.0, 0.0, 1.0]], [[796.8910634503094, 0.0, 857.7774326863696], [0.0, 796.8910634503094, 476.8848988407415], [0.0, 0.0, 1.0]], [[1249.9629280788233, 0.0, 825.3768045375984], [0.0, 1249.9629280788233, 462.54816385708756], [0.0, 0.0, 1.0]]], "extrinsics": [[[0.8222240209579468, -0.5688055157661438, -0.020199812948703766, -0.6771240234375], [0.01296545471996069, 0.054199423640966415, -0.9984459280967712, 1.4929275512695312], [0.5690163969993591, 0.8206843733787537, 0.05193888768553734, -1.1170654296875], [0.0, 0.0, 0.0, 1.0]], [[0.009885272942483425, -0.9987086057662964, -0.04983393847942352, 0.015625], [0.01551955658942461, 0.04998360574245453, -0.9986294507980347, 1.4848403930664062], [0.9998306632041931, 0.009098323993384838, 0.015993615612387657, -1.410400390625], [0.0, 0.0, 0.0, 1.0]], [[-0.8440112471580505, -0.5346412062644958, -0.042471107095479965, 0.88134765625], [0.024176770821213722, 0.04118123650550842, -0.9988591074943542, 1.4989166259765625], [0.5357803702354431, -0.8440751433372498, -0.021831529214978218, -1.1383056640625], [0.0, 0.0, 0.0, 1.0]], [[0.9478518962860107, 0.3181750774383545, 0.018476860597729683, -1.13525390625], [0.0007017310126684606, 0.055890098214149475, -0.9984366297721863, 1.5620269775390625], [-0.3187103569507599, 0.9463830590248108, 0.052752260118722916, -0.1595134735107422], [0.0, 0.0, 0.0, 1.0]], [[0.0092212725430727, 0.9987784624099731, 0.0485454685986042, -0.0301513671875], [0.0022157069761306047, 0.04852700233459473, -0.9988193511962891, 1.56817626953125], [-0.9999550580978394, 0.009317949414253235, -0.0017655196134001017, -0.05322265625], [0.0, 0.0, 0.0, 1.0]], [[-0.9235997796058655, 0.38332945108413696, 0.0046859378926455975, 0.990234375], [0.005715607665479183, 0.025991249829530716, -0.9996458292007446, 1.5487556457519531], [-0.38331547379493713, -0.9232458472251892, -0.026196472346782684, -0.1103515625], [0.0, 0.0, 0.0, 1.0]]], "view": [[0.0, -2.0, 100.0], [-2.0, 0.0, 100.0], [0.0, 0.0, 1.0]], "bev": "bev_67c55cb985584d71a82b0c88dc15d9b0.png", "aux": "aux_67c55cb985584d71a82b0c88dc15d9b0.npz", "visibility": "visibility_67c55cb985584d71a82b0c88dc15d9b0.png", "pose": [[-0.9990642666816711, 0.043250374495983124, 0.0, 2227.860595703125], [-0.043250374495983124, -0.9990642666816711, 0.0, 880.7235107421875], [0.0, 0.0, 1.0, 0.0], [0.0, 0.0, 0.0, 1.0]], "pose_inverse": [[-0.9990642666816711, -0.043250374495983124, 0.0, 2263.867431640625], [0.043250374495983124, -0.9990642666816711, 0.0, 783.5435791015625], [0.0, 0.0, 1.0, 0.0], [0.0, 0.0, 0.0, 1.0]], "cam_ids": [0, 1, 2, 3, 4, 5], "cam_channels": ["CAM_FRONT_LEFT", "CAM_FRONT", "CAM_FRONT_RIGHT", "CAM_BACK_LEFT", "CAM_BACK", "CAM_BACK_RIGHT"], "token": "67c55cb985584d71a82b0c88dc15d9b0", "scene": "scene-0220"}, {"images": ["samples/CAM_FRONT_LEFT/n008-2018-07-27-12-07-38-0400__CAM_FRONT_LEFT__1532707813904799.jpg", "samples/CAM_FRONT/n008-2018-07-27-12-07-38-0400__CAM_FRONT__1532707813912404.jpg", "samples/CAM_FRONT_RIGHT/n008-2018-07-27-12-07-38-0400__CAM_FRONT_RIGHT__1532707813920482.jpg", "samples/CAM_BACK_LEFT/n008-2018-07-27-12-07-38-0400__CAM_BACK_LEFT__1532707813947405.jpg", "samples/CAM_BACK/n008-2018-07-27-12-07-38-0400__CAM_BACK__1532707813937558.jpg", "samples/CAM_BACK_RIGHT/n008-2018-07-27-12-07-38-0400__CAM_BACK_RIGHT__1532707813928113.jpg"], "intrinsics": [[[1257.8625342125129, 0.0, 827.2410631095686], [0.0, 1257.8625342125129, 450.915498205774], [0.0, 0.0, 1.0]], [[1252.8131021185304, 0.0, 826.588114781398], [0.0, 1252.8131021185304, 469.9846626224581], [0.0, 0.0, 1.0]], [[1256.7485116440405, 0.0, 817.7887570959712], [0.0, 1256.7485116440403, 451.9541780095127], [0.0, 0.0, 1.0]], [[1254.9860565800168, 0.0, 829.5769333630991], [0.0, 1254.9860565800168, 467.1680561863987], [0.0, 0.0, 1.0]], [[796.8910634503094, 0.0, 857.7774326863696], [0.0, 796.8910634503094, 476.8848988407415], [0.0, 0.0, 1.0]], [[1249.9629280788233, 0.0, 825.3768045375984], [0.0, 1249.9629280788233, 462.54816385708756], [0.0, 0.0, 1.0]]], "extrinsics": [[[0.8223955035209656, -0.5688710808753967, -0.007163260597735643, -0.68408203125], [0.013040349818766117, 0.03143671527504921, -0.9994206428527832, 1.4932365417480469], [0.5687666535377502, 0.8218256831169128, 0.03327168896794319, -1.11572265625], [0.0, 0.0, 0.0, 1.0]], [[0.010106727480888367, -0.9995858669281006, -0.026942426338791847, 0.0115966796875], [0.014918731525540352, 0.027091538533568382, -0.9995216727256775, 1.4848556518554688], [0.9998375773429871, 0.009699949063360691, 0.015186361037194729, -1.414794921875], [0.0, 0.0, 0.0, 1.0]], [[-0.843958854675293, -0.5356221199035645, -0.029026823118329048, 0.883056640625], [0.022858314216136932, 0.018152683973312378, -0.9995738863945007, 1.498687744140625], [0.5359207987785339, -0.8442627191543579, -0.003076699795201421, -1.14288330078125], [0.0, 0.0, 0.0, 1.0]], [[0.947869062423706, 0.31856000423431396, 0.008001789450645447, -1.13623046875], [-0.002480139257386327, 0.03248490020632744, -0.9994691610336304, 1.562021255493164], [-0.31865087151527405, 0.9473459124565125, 0.03158149868249893, -0.15882301330566406], [0.0, 0.0, 0.0, 1.0]], [[0.009210105985403061, 0.9996368885040283, 0.025325268507003784, -0.02886962890625], [-0.000322023406624794, 0.025329306721687317, -0.9996790885925293, 1.5680084228515625], [-0.9999575614929199, 0.00919898971915245, 0.0005551912472583354, -0.05126953125], [0.0, 0.0, 0.0, 1.0]], [[-0.9236539006233215, 0.38322001695632935, -0.0024359682574868202, 0.993896484375], [0.003828982822597027, 0.0028722770512104034, -0.9999885559082031, 1.5484952926635742], [-0.38320860266685486, -0.9236526489257812, -0.004120332654565573, -0.111083984375], [0.0, 0.0, 0.0, 1.0]]], "view": [[0.0, -2.0, 100.0], [-2.0, 0.0, 100.0], [0.0, 0.0, 1.0]], "bev": "bev_b0541fef525d4657a0f75b300d2f6e1a.png", "aux": "aux_b0541fef525d4657a0f75b300d2f6e1a.npz", "visibility": "visibility_b0541fef525d4657a0f75b300d2f6e1a.png", "pose": [[-0.9990754723548889, 0.04299130663275719, 0.0, 2223.464599609375], [-0.04299130663275719, -0.9990754723548889, 0.0, 880.6067504882812], [0.0, 0.0, 1.0, 0.0], [0.0, 0.0, 0.0, 1.0]], "pose_inverse": [[-0.9990754723548889, -0.04299130663275719, 0.0, 2259.267333984375], [0.04299130663275719, -0.9990754723548889, 0.0, 784.2029418945312], [0.0, 0.0, 1.0, 0.0], [0.0, 0.0, 0.0, 1.0]], "cam_ids": [0, 1, 2, 3, 4, 5], "cam_channels": ["CAM_FRONT_LEFT", "CAM_FRONT", "CAM_FRONT_RIGHT", "CAM_BACK_LEFT", "CAM_BACK", "CAM_BACK_RIGHT"], "token": "b0541fef525d4657a0f75b300d2f6e1a", "scene": "scene-0220"}, {"images": ["samples/CAM_FRONT_LEFT/n008-2018-07-27-12-07-38-0400__CAM_FRONT_LEFT__1532707814404799.jpg", "samples/CAM_FRONT/n008-2018-07-27-12-07-38-0400__CAM_FRONT__1532707814412404.jpg", "samples/CAM_FRONT_RIGHT/n008-2018-07-27-12-07-38-0400__CAM_FRONT_RIGHT__1532707814420482.jpg", "samples/CAM_BACK_LEFT/n008-2018-07-27-12-07-38-0400__CAM_BACK_LEFT__1532707814447419.jpg", "samples/CAM_BACK/n008-2018-07-27-12-07-38-0400__CAM_BACK__1532707814437558.jpg", "samples/CAM_BACK_RIGHT/n008-2018-07-27-12-07-38-0400__CAM_BACK_RIGHT__1532707814428113.jpg"], "intrinsics": [[[1257.8625342125129, 0.0, 827.2410631095686], [0.0, 1257.8625342125129, 450.915498205774], [0.0, 0.0, 1.0]], [[1252.8131021185304, 0.0, 826.588114781398], [0.0, 1252.8131021185304, 469.9846626224581], [0.0, 0.0, 1.0]], [[1256.7485116440405, 0.0, 817.7887570959712], [0.0, 1256.7485116440403, 451.9541780095127], [0.0, 0.0, 1.0]], [[1254.9860565800168, 0.0, 829.5769333630991], [0.0, 1254.9860565800168, 467.1680561863987], [0.0, 0.0, 1.0]], [[796.8910634503094, 0.0, 857.7774326863696], [0.0, 796.8910634503094, 476.8848988407415], [0.0, 0.0, 1.0]], [[1249.9629280788233, 0.0, 825.3768045375984], [0.0, 1249.9629280788233, 462.54816385708756], [0.0, 0.0, 1.0]]], "extrinsics": [[[0.8228253722190857, -0.568290114402771, -0.0021915151737630367, -0.69677734375], [0.01080362033098936, 0.019497906789183617, -0.9997515082359314, 1.4922904968261719], [0.568191647529602, 0.822597324848175, 0.02218296192586422, -1.1229248046875], [0.0, 0.0, 0.0, 1.0]], [[0.010692262090742588, -0.9998276829719543, -0.015171374194324017, 0.01025390625], [0.012752272188663483, 0.01530735194683075, -0.999801516532898, 1.4840736389160156], [0.9998615384101868, 0.010496667586266994, 0.012913744896650314, -1.42626953125], [0.0, 0.0, 0.0, 1.0]], [[-0.8437543511390686, -0.5363173484802246, -0.02103286050260067, 0.88818359375], [0.020767396315932274, 0.00653586070984602, -0.9997629523277283, 1.4980697631835938], [0.5363277196884155, -0.8439911007881165, 0.005623253993690014, -1.1474609375], [0.0, 0.0, 0.0, 1.0]], [[0.9478720426559448, 0.31864333152770996, 0.002267133677378297, -1.130859375], [-0.004809718579053879, 0.02142077125608921, -0.9997589588165283, 1.5619707107543945], [-0.31861504912376404, 0.9476326107978821, 0.02183673344552517, -0.1607646942138672], [0.0, 0.0, 0.0, 1.0]], [[0.009058387950062752, 0.9998613595962524, 0.0139696029946208, -0.0284423828125], [-0.002618236932903528, 0.013993843458592892, -0.9998986721038818, 1.5678009986877441], [-0.9999556541442871, 0.009020897559821606, 0.0027446357998996973, -0.052490234375], [0.0, 0.0, 0.0, 1.0]], [[-0.9237961173057556, 0.38285431265830994, -0.00481993705034256, 0.9970703125], [0.001650923746638, -0.008605453185737133, -0.9999616146087646, 1.5481114387512207], [-0.3828810453414917, -0.9237686395645142, 0.007317621260881424, -0.1104736328125], [0.0, 0.0, 0.0, 1.0]]], "view": [[0.0, -2.0, 100.0], [-2.0, 0.0, 100.0], [0.0, 0.0, 1.0]], "bev": "bev_4410086c2fb440ed996925235dd2d962.png", "aux": "aux_4410086c2fb440ed996925235dd2d962.npz", "visibility": "visibility_4410086c2fb440ed996925235dd2d962.png", "pose": [[-0.9989694356918335, 0.04538821801543236, 0.0, 2219.097900390625], [-0.04538821801543236, -0.9989694356918335, 0.0, 880.4291381835938], [0.0, 0.0, 1.0, 0.0], [0.0, 0.0, 0.0, 1.0]], "pose_inverse": [[-0.9989694356918335, -0.04538821801543236, 0.0, 2256.77197265625], [0.04538821801543236, -0.9989694356918335, 0.0, 778.8009033203125], [0.0, 0.0, 1.0, 0.0], [0.0, 0.0, 0.0, 1.0]], "cam_ids": [0, 1, 2, 3, 4, 5], "cam_channels": ["CAM_FRONT_LEFT", "CAM_FRONT", "CAM_FRONT_RIGHT", "CAM_BACK_LEFT", "CAM_BACK", "CAM_BACK_RIGHT"], "token": "4410086c2fb440ed996925235dd2d962", "scene": "scene-0220"}, {"images": ["samples/CAM_FRONT_LEFT/n008-2018-07-27-12-07-38-0400__CAM_FRONT_LEFT__1532707814904799.jpg", "samples/CAM_FRONT/n008-2018-07-27-12-07-38-0400__CAM_FRONT__1532707814912404.jpg", "samples/CAM_FRONT_RIGHT/n008-2018-07-27-12-07-38-0400__CAM_FRONT_RIGHT__1532707814920482.jpg", "samples/CAM_BACK_LEFT/n008-2018-07-27-12-07-38-0400__CAM_BACK_LEFT__1532707814947405.jpg", "samples/CAM_BACK/n008-2018-07-27-12-07-38-0400__CAM_BACK__1532707814937558.jpg", "samples/CAM_BACK_RIGHT/n008-2018-07-27-12-07-38-0400__CAM_BACK_RIGHT__1532707814928113.jpg"], "intrinsics": [[[1257.8625342125129, 0.0, 827.2410631095686], [0.0, 1257.8625342125129, 450.915498205774], [0.0, 0.0, 1.0]], [[1252.8131021185304, 0.0, 826.588114781398], [0.0, 1252.8131021185304, 469.9846626224581], [0.0, 0.0, 1.0]], [[1256.7485116440405, 0.0, 817.7887570959712], [0.0, 1256.7485116440403, 451.9541780095127], [0.0, 0.0, 1.0]], [[1254.9860565800168, 0.0, 829.5769333630991], [0.0, 1254.9860565800168, 467.1680561863987], [0.0, 0.0, 1.0]], [[796.8910634503094, 0.0, 857.7774326863696], [0.0, 796.8910634503094, 476.8848988407415], [0.0, 0.0, 1.0]], [[1249.9629280788233, 0.0, 825.3768045375984], [0.0, 1249.9629280788233, 462.54816385708756], [0.0, 0.0, 1.0]]], "extrinsics": [[[0.8225042819976807, -0.568753719329834, -0.002436241367831826, -0.7135009765625], [0.008812607266008854, 0.017027057707309723, -0.9998161792755127, 1.4913711547851562], [0.5686906576156616, 0.8223317265510559, 0.01901702769100666, -1.134521484375], [0.0, 0.0, 0.0, 1.0]], [[0.010214690119028091, -0.9998658895492554, -0.012798429466784, 0.01007080078125], [0.010785586200654507, 0.012908521108329296, -0.999858558177948, 1.4832763671875], [0.9998896718025208, 0.010075205005705357, 0.010915996506810188, -1.44384765625], [0.0, 0.0, 0.0, 1.0]], [[-0.8439730405807495, -0.5360785722732544, -0.018150296062231064, 0.90185546875], [0.018826253712177277, 0.004212198778986931, -0.9998138546943665, 1.4972877502441406], [0.5360552668571472, -0.8441576361656189, 0.006537368521094322, -1.15606689453125], [0.0, 0.0, 0.0, 1.0]], [[0.9478763341903687, 0.3186381757259369, -0.00028951256535947323, -1.138671875], [-0.006772912107408047, 0.019239479675889015, -0.9997919201850891, 1.5619993209838867], [-0.31856632232666016, 0.947681188583374, 0.02039475552737713, -0.15801239013671875], [0.0, 0.0, 0.0, 1.0]], [[0.00921403244137764, 0.9998884201049805, 0.011754472739994526, -0.02850341796875], [-0.004533509723842144, 0.011796622537076473, -0.999920129776001, 1.5676689147949219], [-0.9999473094940186, 0.009160005487501621, 0.004641699139028788, -0.040771484375], [0.0, 0.0, 0.0, 1.0]], [[-0.9237115383148193, 0.38306891918182373, -0.0038965411949902773, 1.0103759765625], [-0.0002870408643502742, -0.01086346060037613, -0.9999409317970276, 1.5477747917175293], [-0.383088618516922, -0.9236558675765991, 0.01014466118067503, -0.10498046875], [0.0, 0.0, 0.0, 1.0]]], "view": [[0.0, -2.0, 100.0], [-2.0, 0.0, 100.0], [0.0, 0.0, 1.0]], "bev": "bev_f2ed588e3a05400787687148402a42c7.png", "aux": "aux_f2ed588e3a05400787687148402a42c7.npz", "visibility": "visibility_f2ed588e3a05400787687148402a42c7.png", "pose": [[-0.998923122882843, 0.04639652371406555, 0.0, 2214.916015625], [-0.04639652371406555, -0.998923122882843, 0.0, 880.260009765625], [0.0, 0.0, 1.0, 0.0], [0.0, 0.0, 0.0, 1.0]], "pose_inverse": [[-0.998923122882843, -0.04639652371406555, 0.0, 2253.371826171875], [0.04639652371406555, -0.998923122882843, 0.0, 776.5476684570312], [0.0, 0.0, 1.0, 0.0], [0.0, 0.0, 0.0, 1.0]], "cam_ids": [0, 1, 2, 3, 4, 5], "cam_channels": ["CAM_FRONT_LEFT", "CAM_FRONT", "CAM_FRONT_RIGHT", "CAM_BACK_LEFT", "CAM_BACK", "CAM_BACK_RIGHT"], "token": "f2ed588e3a05400787687148402a42c7", "scene": "scene-0220"}, {"images": ["samples/CAM_FRONT_LEFT/n008-2018-07-27-12-07-38-0400__CAM_FRONT_LEFT__1532707815404799.jpg", "samples/CAM_FRONT/n008-2018-07-27-12-07-38-0400__CAM_FRONT__1532707815412404.jpg", "samples/CAM_FRONT_RIGHT/n008-2018-07-27-12-07-38-0400__CAM_FRONT_RIGHT__1532707815420482.jpg", "samples/CAM_BACK_LEFT/n008-2018-07-27-12-07-38-0400__CAM_BACK_LEFT__1532707815447405.jpg", "samples/CAM_BACK/n008-2018-07-27-12-07-38-0400__CAM_BACK__1532707815437558.jpg", "samples/CAM_BACK_RIGHT/n008-2018-07-27-12-07-38-0400__CAM_BACK_RIGHT__1532707815428113.jpg"], "intrinsics": [[[1257.8625342125129, 0.0, 827.2410631095686], [0.0, 1257.8625342125129, 450.915498205774], [0.0, 0.0, 1.0]], [[1252.8131021185304, 0.0, 826.588114781398], [0.0, 1252.8131021185304, 469.9846626224581], [0.0, 0.0, 1.0]], [[1256.7485116440405, 0.0, 817.7887570959712], [0.0, 1256.7485116440403, 451.9541780095127], [0.0, 0.0, 1.0]], [[1254.9860565800168, 0.0, 829.5769333630991], [0.0, 1254.9860565800168, 467.1680561863987], [0.0, 0.0, 1.0]], [[796.8910634503094, 0.0, 857.7774326863696], [0.0, 796.8910634503094, 476.8848988407415], [0.0, 0.0, 1.0]], [[1249.9629280788233, 0.0, 825.3768045375984], [0.0, 1249.9629280788233, 462.54816385708756], [0.0, 0.0, 1.0]]], "extrinsics": [[[0.8226678967475891, -0.5685049891471863, -0.004438797943294048, -0.73583984375], [0.006935101468116045, 0.01784200593829155, -0.9998167753219604, 1.4905052185058594], [0.5684799551963806, 0.8224863409996033, 0.01862068474292755, -1.150634765625], [0.0, 0.0, 0.0, 1.0]], [[0.010436655953526497, -0.9998521208763123, -0.013666672632098198, 0.01031494140625], [0.008836700581014156, 0.01375910546630621, -0.9998663067817688, 1.4824943542480469], [0.9999065399169922, 0.010314487852156162, 0.008978992700576782, -1.467529296875], [0.0, 0.0, 0.0, 1.0]], [[-0.8439047932624817, -0.5362261533737183, -0.016917522996664047, 0.918212890625], [0.01680208370089531, 0.005101499613374472, -0.9998458027839661, 1.4965133666992188], [0.5362297892570496, -0.8440588712692261, 0.004704535938799381, -1.16595458984375], [0.0, 0.0, 0.0, 1.0]], [[0.9478925466537476, 0.318586140871048, -0.0016052663559094071, -1.14404296875], [-0.008512986823916435, 0.020291272550821304, -0.9997578859329224, 1.5620485544204712], [-0.3184764087200165, 0.9476767182350159, 0.021946066990494728, -0.15601730346679688], [0.0, 0.0, 0.0, 1.0]], [[0.009163388051092625, 0.999877393245697, 0.012700057588517666, -0.02880859375], [-0.006354098208248615, 0.012758557684719563, -0.9998984336853027, 1.567577838897705], [-0.9999377727508545, 0.00908175390213728, 0.006470230873674154, -0.030517578125], [0.0, 0.0, 0.0, 1.0]], [[-0.9237706065177917, 0.38294222950935364, -0.0017611323855817318, 1.0244140625], [-0.0022166292183101177, -0.009945880621671677, -0.9999480843544006, 1.5474977493286133], [-0.38293981552124023, -0.9237186908721924, 0.01003655418753624, -0.0989990234375], [0.0, 0.0, 0.0, 1.0]]], "view": [[0.0, -2.0, 100.0], [-2.0, 0.0, 100.0], [0.0, 0.0, 1.0]], "bev": "bev_40b54f98c31c4c84a5ee04e369487d43.png", "aux": "aux_40b54f98c31c4c84a5ee04e369487d43.npz", "visibility": "visibility_40b54f98c31c4c84a5ee04e369487d43.png", "pose": [[-0.9989039897918701, 0.046805839985609055, 0.0, 2211.032470703125], [-0.046805839985609055, -0.9989039897918701, 0.0, 880.0982055664062], [0.0, 0.0, 1.0, 0.0], [0.0, 0.0, 0.0, 1.0]], "pose_inverse": [[-0.9989039897918701, -0.046805839985609055, 0.0, 2249.802978515625], [0.046805839985609055, -0.9989039897918701, 0.0, 775.6444091796875], [0.0, 0.0, 1.0, 0.0], [0.0, 0.0, 0.0, 1.0]], "cam_ids": [0, 1, 2, 3, 4, 5], "cam_channels": ["CAM_FRONT_LEFT", "CAM_FRONT", "CAM_FRONT_RIGHT", "CAM_BACK_LEFT", "CAM_BACK", "CAM_BACK_RIGHT"], "token": "40b54f98c31c4c84a5ee04e369487d43", "scene": "scene-0220"}, {"images": ["samples/CAM_FRONT_LEFT/n008-2018-07-27-12-07-38-0400__CAM_FRONT_LEFT__1532707815904799.jpg", "samples/CAM_FRONT/n008-2018-07-27-12-07-38-0400__CAM_FRONT__1532707815912404.jpg", "samples/CAM_FRONT_RIGHT/n008-2018-07-27-12-07-38-0400__CAM_FRONT_RIGHT__1532707815920482.jpg", "samples/CAM_BACK_LEFT/n008-2018-07-27-12-07-38-0400__CAM_BACK_LEFT__1532707815947405.jpg", "samples/CAM_BACK/n008-2018-07-27-12-07-38-0400__CAM_BACK__1532707815937569.jpg", "samples/CAM_BACK_RIGHT/n008-2018-07-27-12-07-38-0400__CAM_BACK_RIGHT__1532707815928113.jpg"], "intrinsics": [[[1257.8625342125129, 0.0, 827.2410631095686], [0.0, 1257.8625342125129, 450.915498205774], [0.0, 0.0, 1.0]], [[1252.8131021185304, 0.0, 826.588114781398], [0.0, 1252.8131021185304, 469.9846626224581], [0.0, 0.0, 1.0]], [[1256.7485116440405, 0.0, 817.7887570959712], [0.0, 1256.7485116440403, 451.9541780095127], [0.0, 0.0, 1.0]], [[1254.9860565800168, 0.0, 829.5769333630991], [0.0, 1254.9860565800168, 467.1680561863987], [0.0, 0.0, 1.0]], [[796.8910634503094, 0.0, 857.7774326863696], [0.0, 796.8910634503094, 476.8848988407415], [0.0, 0.0, 1.0]], [[1249.9629280788233, 0.0, 825.3768045375984], [0.0, 1249.9629280788233, 462.54816385708756], [0.0, 0.0, 1.0]]], "extrinsics": [[[0.8231096267700195, -0.5678697824478149, -0.003801882965490222, -0.7520751953125], [0.006696093361824751, 0.016399716958403587, -0.9998431205749512, 1.4902381896972656], [0.5678430199623108, 0.8229550123214722, 0.017301276326179504, -1.16552734375], [0.0, 0.0, 0.0, 1.0]], [[0.011055821552872658, -0.9998648762702942, -0.012163782492280006, 0.01263427734375], [0.008704791776835918, 0.012260302901268005, -0.9998869299888611, 1.4822845458984375], [0.9999009966850281, 0.010948694311082363, 0.00883916299790144, -1.48486328125], [0.0, 0.0, 0.0, 1.0]], [[-0.8436621427536011, -0.5366339683532715, -0.016065020114183426, 0.929931640625], [0.016784457489848137, 0.0035447683185338974, -0.9998528361320496, 1.4962959289550781], [0.5366120934486389, -0.8438076376914978, 0.006016524974256754, -1.17144775390625], [0.0, 0.0, 0.0, 1.0]], [[0.9478484392166138, 0.31871527433395386, -0.001932685379870236, -1.141845703125], [-0.008315720595419407, 0.018667953088879585, -0.999791145324707, 1.562011957168579], [-0.31861263513565063, 0.947666585445404, 0.02034473977982998, -0.15743255615234375], [0.0, 0.0, 0.0, 1.0]], [[0.008994507603347301, 0.999897837638855, 0.011106574907898903, -0.02947998046875], [-0.006313367281109095, 0.011163586750626564, -0.99991774559021, 1.56759