[{"images": ["samples/CAM_FRONT_LEFT/n015-2018-09-25-13-17-43+0800__CAM_FRONT_LEFT__1537852775154844.jpg", "samples/CAM_FRONT/n015-2018-09-25-13-17-43+0800__CAM_FRONT__1537852775162460.jpg", "samples/CAM_FRONT_RIGHT/n015-2018-09-25-13-17-43+0800__CAM_FRONT_RIGHT__1537852775170339.jpg", "samples/CAM_BACK_LEFT/n015-2018-09-25-13-17-43+0800__CAM_BACK_LEFT__1537852775197423.jpg", "samples/CAM_BACK/n015-2018-09-25-13-17-43+0800__CAM_BACK__1537852775187525.jpg", "samples/CAM_BACK_RIGHT/n015-2018-09-25-13-17-43+0800__CAM_BACK_RIGHT__1537852775177893.jpg"], "intrinsics": [[[1272.5979470598488, 0.0, 826.6154927353808], [0.0, 1272.5979470598488, 479.75165386361925], [0.0, 0.0, 1.0]], [[1266.417203046554, 0.0, 816.2670197447984], [0.0, 1266.417203046554, 491.50706579294757], [0.0, 0.0, 1.0]], [[1260.8474446004698, 0.0, 807.968244525554], [0.0, 1260.8474446004698, 495.3344268742088], [0.0, 0.0, 1.0]], [[1256.7414812095406, 0.0, 792.1125740759628], [0.0, 1256.7414812095406, 492.7757465151356], [0.0, 0.0, 1.0]], [[809.2209905677063, 0.0, 829.2196003259838], [0.0, 809.2209905677063, 481.77842384512485], [0.0, 0.0, 1.0]], [[1259.5137405846733, 0.0, 807.2529053838625], [0.0, 1259.5137405846733, 501.19579884916527], [0.0, 0.0, 1.0]]], "extrinsics": [[[0.8223512768745422, -0.5688707828521729, 0.011155243031680584, -0.716064453125], [-0.006693026516586542, -0.029275944456458092, -0.9995489120483398, 1.506227731704712], [0.5689407587051392, 0.8219056129455566, -0.02788257785141468, -1.108123779296875], [0.0, 0.0, 0.0, 1.0]], [[0.008134833537042141, -0.9994192123413086, 0.03308912739157677, 0.00732421875], [-0.011645558290183544, -0.03318266570568085, -0.9993814826011658, 1.5176259279251099], [0.9998990297317505, 0.007744522765278816, -0.01190873235464096, -1.44189453125], [0.0, 0.0, 0.0, 1.0]], [[-0.8318453431129456, -0.5548427700996399, 0.013516821898519993, 0.86956787109375], [-0.005637905560433865, -0.015905460342764854, -0.9998576045036316, 1.5025445222854614], [0.5549787878990173, -0.8318030834197998, 0.010102732107043266, -1.13983154296875], [0.0, 0.0, 0.0, 1.0]], [[0.947655975818634, 0.31913450360298157, -0.010058258660137653, -1.13677978515625], [0.004963030107319355, -0.04622073099017143, -0.998918890953064, 1.5885791778564453], [-0.3192543387413025, 0.9465816020965576, -0.04538523033261299, -0.10546875], [0.0, 0.0, 0.0, 1.0]], [[0.0014322642236948013, 0.999339759349823, -0.036303743720054626, 0.0028076171875], [-0.021206974983215332, -0.03626526519656181, -0.9991171956062317, 1.577768325805664], [-0.9997740983963013, 0.002200832823291421, 0.021141033619642258, -0.0731201171875], [0.0, 0.0, 0.0, 1.0]], [[-0.9353716969490051, 0.35323455929756165, -0.017467275261878967, 1.0028076171875], [0.010770603083074093, -0.020915066823363304, -0.9997231960296631, 1.5529899597167969], [-0.3535020649433136, -0.9353010058403015, 0.0157588142901659, -0.11392974853515625], [0.0, 0.0, 0.0, 1.0]]], "view": [[0.0, -2.0, 100.0], [-2.0, 0.0, 100.0], [0.0, 0.0, 1.0]], "bev": "bev_637fc435f95f4bc1b72f09811f2d78d2.png", "aux": "aux_637fc435f95f4bc1b72f09811f2d78d2.npz", "visibility": "visibility_637fc435f95f4bc1b72f09811f2d78d2.png", "pose": [[-0.7091729044914246, 0.7050345540046692, 0.0, 987.8384399414062], [-0.7050345540046692, -0.7091729044914246, 0.0, 558.9039916992188], [0.0, 0.0, 1.0, 0.0], [0.0, 0.0, 0.0, 1.0]], "pose_inverse": [[-0.7091729044914246, -0.7050345540046692, 0.0, 1094.594970703125], [0.7050345540046692, -0.7091729044914246, 0.0, -300.1006774902344], [0.0, 0.0, 1.0, 0.0], [0.0, 0.0, 0.0, 1.0]], "cam_ids": [0, 1, 2, 3, 4, 5], "cam_channels": ["CAM_FRONT_LEFT", "CAM_FRONT", "CAM_FRONT_RIGHT", "CAM_BACK_LEFT", "CAM_BACK", "CAM_BACK_RIGHT"], "token": "637fc435f95f4bc1b72f09811f2d78d2", "scene": "scene-0963"}, {"images": ["samples/CAM_FRONT_LEFT/n015-2018-09-25-13-17-43+0800__CAM_FRONT_LEFT__1537852775604844.jpg", "samples/CAM_FRONT/n015-2018-09-25-13-17-43+0800__CAM_FRONT__1537852775612460.jpg", "samples/CAM_FRONT_RIGHT/n015-2018-09-25-13-17-43+0800__CAM_FRONT_RIGHT__1537852775620339.jpg", "samples/CAM_BACK_LEFT/n015-2018-09-25-13-17-43+0800__CAM_BACK_LEFT__1537852775647423.jpg", "samples/CAM_BACK/n015-2018-09-25-13-17-43+0800__CAM_BACK__1537852775637525.jpg", "samples/CAM_BACK_RIGHT/n015-2018-09-25-13-17-43+0800__CAM_BACK_RIGHT__1537852775627893.jpg"], "intrinsics": [[[1272.5979470598488, 0.0, 826.6154927353808], [0.0, 1272.5979470598488, 479.75165386361925], [0.0, 0.0, 1.0]], [[1266.417203046554, 0.0, 816.2670197447984], [0.0, 1266.417203046554, 491.50706579294757], [0.0, 0.0, 1.0]], [[1260.8474446004698, 0.0, 807.968244525554], [0.0, 1260.8474446004698, 495.3344268742088], [0.0, 0.0, 1.0]], [[1256.7414812095406, 0.0, 792.1125740759628], [0.0, 1256.7414812095406, 492.7757465151356], [0.0, 0.0, 1.0]], [[809.2209905677063, 0.0, 829.2196003259838], [0.0, 809.2209905677063, 481.77842384512485], [0.0, 0.0, 1.0]], [[1259.5137405846733, 0.0, 807.2529053838625], [0.0, 1259.5137405846733, 501.19579884916527], [0.0, 0.0, 1.0]]], "extrinsics": [[[0.8218894600868225, -0.5695233345031738, 0.011862922459840775, -0.73681640625], [-0.005619342904537916, -0.028929894790053368, -0.999565601348877, 1.5066874027252197], [0.5696191191673279, 0.8214659094810486, -0.026977526023983955, -1.1221923828125], [0.0, 0.0, 0.0, 1.0]], [[0.007397676818072796, -0.9994375109672546, 0.03270943835377693, 0.00677490234375], [-0.011040535755455494, -0.03278997167944908, -0.999401330947876, 1.5180152654647827], [0.9999116659164429, 0.007032145280390978, -0.011276895180344582, -1.464111328125], [0.0, 0.0, 0.0, 1.0]], [[-0.832191526889801, -0.5543320775032043, 0.013156997971236706, 0.88470458984375], [-0.005575641989707947, -0.015361258760094643, -0.9998664259910583, 1.502658486366272], [0.5544601082801819, -0.8321537971496582, 0.009692755527794361, -1.15032958984375], [0.0, 0.0, 0.0, 1.0]], [[0.9476779103279114, 0.3190132975578308, -0.01170516200363636, -1.140380859375], [0.002837027655914426, -0.04508213326334953, -0.9989792704582214, 1.5885648727416992], [-0.3192153573036194, 0.9466773867607117, -0.043628398329019547, -0.1044921875], [0.0, 0.0, 0.0, 1.0]], [[0.0017003128305077553, 0.9993747472763062, -0.035317543894052505, 0.00274658203125], [-0.02248971164226532, -0.03527044504880905, -0.9991247057914734, 1.577876091003418], [-0.9997456073760986, 0.002493001986294985, 0.022415680810809135, -0.0643310546875], [0.0, 0.0, 0.0, 1.0]], [[-0.9352121949195862, 0.35369306802749634, -0.016711296513676643, 1.0159912109375], [0.010243818163871765, -0.020149901509284973, -0.9997444748878479, 1.5527687072753906], [-0.3539394736289978, -0.9351445436477661, 0.015221268869936466, -0.1089935302734375], [0.0, 0.0, 0.0, 1.0]]], "view": [[0.0, -2.0, 100.0], [-2.0, 0.0, 100.0], [0.0, 0.0, 1.0]], "bev": "bev_fba1f4a5c0544ac5ab527d3460f48eac.png", "aux": "aux_fba1f4a5c0544ac5ab527d3460f48eac.npz", "visibility": "visibility_fba1f4a5c0544ac5ab527d3460f48eac.png", "pose": [[-0.7254204750061035, 0.6883059740066528, 0.0, 985.6782836914062], [-0.6883059740066528, -0.7254204750061035, 0.0, 556.8175659179688], [0.0, 0.0, 1.0, 0.0], [0.0, 0.0, 0.0, 1.0]], "pose_inverse": [[-0.7254204750061035, -0.6883059740066528, 0.0, 1098.2921142578125], [0.6883059740066528, -0.7254204750061035, 0.0, -274.52142333984375], [0.0, 0.0, 1.0, 0.0], [0.0, 0.0, 0.0, 1.0]], "cam_ids": [0, 1, 2, 3, 4, 5], "cam_channels": ["CAM_FRONT_LEFT", "CAM_FRONT", "CAM_FRONT_RIGHT", "CAM_BACK_LEFT", "CAM_BACK", "CAM_BACK_RIGHT"], "token": "fba1f4a5c0544ac5ab527d3460f48eac", "scene": "scene-0963"}, {"images": ["samples/CAM_FRONT_LEFT/n015-2018-09-25-13-17-43+0800__CAM_FRONT_LEFT__1537852776104844.jpg", "samples/CAM_FRONT/n015-2018-09-25-13-17-43+0800__CAM_FRONT__1537852776112460.jpg", "samples/CAM_FRONT_RIGHT/n015-2018-09-25-13-17-43+0800__CAM_FRONT_RIGHT__1537852776120339.jpg", "samples/CAM_BACK_LEFT/n015-2018-09-25-13-17-43+0800__CAM_BACK_LEFT__1537852776147423.jpg", "samples/CAM_BACK/n015-2018-09-25-13-17-43+0800__CAM_BACK__1537852776137525.jpg", "samples/CAM_BACK_RIGHT/n015-2018-09-25-13-17-43+0800__CAM_BACK_RIGHT__1537852776127893.jpg"], "intrinsics": [[[1272.5979470598488, 0.0, 826.6154927353808], [0.0, 1272.5979470598488, 479.75165386361925], [0.0, 0.0, 1.0]], [[1266.417203046554, 0.0, 816.2670197447984], [0.0, 1266.417203046554, 491.50706579294757], [0.0, 0.0, 1.0]], [[1260.8474446004698, 0.0, 807.968244525554], [0.0, 1260.8474446004698, 495.3344268742088], [0.0, 0.0, 1.0]], [[1256.7414812095406, 0.0, 792.1125740759628], [0.0, 1256.7414812095406, 492.7757465151356], [0.0, 0.0, 1.0]], [[809.2209905677063, 0.0, 829.2196003259838], [0.0, 809.2209905677063, 481.77842384512485], [0.0, 0.0, 1.0]], [[1259.5137405846733, 0.0, 807.2529053838625], [0.0, 1259.5137405846733, 501.19579884916527], [0.0, 0.0, 1.0]]], "extrinsics": [[[0.8220437169075012, -0.5692523717880249, 0.013996823690831661, -0.7535400390625], [-0.0011401856318116188, -0.026226120069622993, -0.9996553659439087, 1.5079846382141113], [0.569423258304596, 0.821744441986084, -0.022208070382475853, -1.13494873046875], [0.0, 0.0, 0.0, 1.0]], [[0.007559843827039003, -0.9995149970054626, 0.03020668588578701, 0.00750732421875], [-0.006420989986509085, -0.030255449935793877, -0.9995216131210327, 1.5192039012908936], [0.9999508261680603, 0.007362303324043751, -0.006646605208516121, -1.4813232421875], [0.0, 0.0, 0.0, 1.0]], [[-0.8321022987365723, -0.5545660257339478, 0.007885586470365524, 0.89654541015625], [-0.0008138406556099653, -0.012997043319046497, -0.9999151825904846, 1.5035195350646973], [0.5546215176582336, -0.8320382237434387, 0.010363542474806309, -1.157470703125], [0.0, 0.0, 0.0, 1.0]], [[0.9476782083511353, 0.31916868686676025, -0.0061186375096440315, -1.14361572265625], [0.008166005834937096, -0.0433984138071537, -0.9990244507789612, 1.5885658264160156], [-0.3191227912902832, 0.9467036128044128, -0.04373406246304512, -0.103759765625], [0.0, 0.0, 0.0, 1.0]], [[0.0017071207985281944, 0.9994416236877441, -0.03336763009428978, 0.002410888671875], [-0.017394892871379852, -0.0333329513669014, -0.9992929697036743, 1.5783376693725586], [-0.9998471736907959, 0.0022863398771733046, 0.017328277230262756, -0.0577392578125], [0.0, 0.0, 0.0, 1.0]], [[-0.9351912140846252, 0.35354921221733093, -0.02050614543259144, 1.0255126953125], [0.015133300796151161, -0.01795496605336666, -0.999724268913269, 1.5532474517822266], [-0.353819876909256, -0.9352436065673828, 0.011440956965088844, -0.10504150390625], [0.0, 0.0, 0.0, 1.0]]], "view": [[0.0, -2.0, 100.0], [-2.0, 0.0, 100.0], [0.0, 0.0, 1.0]], "bev": "bev_ea4ae9e4046a40e1ae481ef4ede33cfa.png", "aux": "aux_ea4ae9e4046a40e1ae481ef4ede33cfa.npz", "visibility": "visibility_ea4ae9e4046a40e1ae481ef4ede33cfa.png", "pose": [[-0.743155300617218, 0.6691189408302307, 0.0, 983.33154296875], [-0.6691189408302307, -0.743155300617218, 0.0, 554.6646118164062], [0.0, 0.0, 1.0, 0.0], [0.0, 0.0, 0.0, 1.0]], "pose_inverse": [[-0.743155300617218, -0.6691189408302307, 0.0, 1101.9046630859375], [0.6691189408302307, -0.743155300617218, 0.0, -245.76382446289062], [0.0, 0.0, 1.0, 0.0], [0.0, 0.0, 0.0, 1.0]], "cam_ids": [0, 1, 2, 3, 4, 5], "cam_channels": ["CAM_FRONT_LEFT", "CAM_FRONT", "CAM_FRONT_RIGHT", "CAM_BACK_LEFT", "CAM_BACK", "CAM_BACK_RIGHT"], "token": "ea4ae9e4046a40e1ae481ef4ede33cfa", "scene": "scene-0963"}, {"images": ["samples/CAM_FRONT_LEFT/n015-2018-09-25-13-17-43+0800__CAM_FRONT_LEFT__1537852776604844.jpg", "samples/CAM_FRONT/n015-2018-09-25-13-17-43+0800__CAM_FRONT__1537852776612460.jpg", "samples/CAM_FRONT_RIGHT/n015-2018-09-25-13-17-43+0800__CAM_FRONT_RIGHT__1537852776620339.jpg", "samples/CAM_BACK_LEFT/n015-2018-09-25-13-17-43+0800__CAM_BACK_LEFT__1537852776647423.jpg", "samples/CAM_BACK/n015-2018-09-25-13-17-43+0800__CAM_BACK__1537852776637525.jpg", "samples/CAM_BACK_RIGHT/n015-2018-09-25-13-17-43+0800__CAM_BACK_RIGHT__1537852776627893.jpg"], "intrinsics": [[[1272.5979470598488, 0.0, 826.6154927353808], [0.0, 1272.5979470598488, 479.75165386361925], [0.0, 0.0, 1.0]], [[1266.417203046554, 0.0, 816.2670197447984], [0.0, 1266.417203046554, 491.50706579294757], [0.0, 0.0, 1.0]], [[1260.8474446004698, 0.0, 807.968244525554], [0.0, 1260.8474446004698, 495.3344268742088], [0.0, 0.0, 1.0]], [[1256.7414812095406, 0.0, 792.1125740759628], [0.0, 1256.7414812095406, 492.7757465151356], [0.0, 0.0, 1.0]], [[809.2209905677063, 0.0, 829.2196003259838], [0.0, 809.2209905677063, 481.77842384512485], [0.0, 0.0, 1.0]], [[1259.5137405846733, 0.0, 807.2529053838625], [0.0, 1259.5137405846733, 501.19579884916527], [0.0, 0.0, 1.0]]], "extrinsics": [[[0.8207765221595764, -0.5711561441421509, 0.01032120268791914, -0.7623291015625], [-0.0008934851502999663, -0.019351307302713394, -0.9998123645782471, 1.5080454349517822], [0.5712486505508423, 0.8206132650375366, -0.016393419355154037, -1.140380859375], [0.0, 0.0, 0.0, 1.0]], [[0.005734202917665243, -0.9997085332870483, 0.02345152571797371, 0.0069122314453125], [-0.0062232003547251225, -0.023487135767936707, -0.9997047781944275, 1.5192919969558716], [0.9999642372131348, 0.005586584564298391, -0.006356066092848778, -1.489990234375], [0.0, 0.0, 0.0, 1.0]], [[-0.8328970074653625, -0.5534132122993469, 0.004044972825795412, 0.90191650390625], [-0.0006333071505650878, -0.006355847232043743, -0.999979555606842, 1.5035486221313477], [0.5534275770187378, -0.8328825831413269, 0.0049432870000600815, -1.16143798828125], [0.0, 0.0, 0.0, 1.0]], [[0.9476566910743713, 0.3192656636238098, -0.004006396047770977, -1.14031982421875], [0.008104365319013596, -0.036595650017261505, -0.9992972612380981, 1.588592529296875], [-0.3191879391670227, 0.9469583630561829, -0.03726756200194359, -0.1048583984375], [0.0, 0.0, 0.0, 1.0]], [[0.0022216257639229298, 0.9996396899223328, -0.026751050725579262, 0.00250244140625], [-0.017375102266669273, -0.026708491146564484, -0.9994922280311584, 1.578354835510254], [-0.9998466372489929, 0.0026852961163967848, 0.017309503629803658, -0.0565185546875], [0.0, 0.0, 0.0, 1.0]], [[-0.9348129034042358, 0.3546682596206665, -0.018308747559785843, 1.0301513671875], [0.015252623707056046, -0.011410883627831936, -0.9998185634613037, 1.553182601928711], [-0.3548129200935364, -0.9349225759506226, 0.005257417447865009, -0.1034698486328125], [0.0, 0.0, 0.0, 1.0]]], "view": [[0.0, -2.0, 100.0], [-2.0, 0.0, 100.0], [0.0, 0.0, 1.0]], "bev": "bev_a90f1c6e3ad44e41b4d3ffb17071322c.png", "aux": "aux_a90f1c6e3ad44e41b4d3ffb17071322c.npz", "visibility": "visibility_a90f1c6e3ad44e41b4d3ffb17071322c.png", "pose": [[-0.750887393951416, 0.6604302525520325, 0.0, 981.1064453125], [-0.6604302525520325, -0.750887393951416, 0.0, 552.708984375], [0.0, 0.0, 1.0, 0.0], [0.0, 0.0, 0.0, 1.0]], "pose_inverse": [[-0.750887393951416, -0.6604302525520325, 0.0, 1101.7261962890625], [0.6604302525520325, -0.750887393951416, 0.0, -232.9301300048828], [0.0, 0.0, 1.0, 0.0], [0.0, 0.0, 0.0, 1.0]], "cam_ids": [0, 1, 2, 3, 4, 5], "cam_channels": ["CAM_FRONT_LEFT", "CAM_FRONT", "CAM_FRONT_RIGHT", "CAM_BACK_LEFT", "CAM_BACK", "CAM_BACK_RIGHT"], "token": "a90f1c6e3ad44e41b4d3ffb17071322c", "scene": "scene-0963"}, {"images": ["samples/CAM_FRONT_LEFT/n015-2018-09-25-13-17-43+0800__CAM_FRONT_LEFT__1537852777104844.jpg", "samples/CAM_FRONT/n015-2018-09-25-13-17-43+0800__CAM_FRONT__1537852777112460.jpg", "samples/CAM_FRONT_RIGHT/n015-2018-09-25-13-17-43+0800__CAM_FRONT_RIGHT__1537852777120339.jpg", "samples/CAM_BACK_LEFT/n015-2018-09-25-13-17-43+0800__CAM_BACK_LEFT__1537852777147423.jpg", "samples/CAM_BACK/n015-2018-09-25-13-17-43+0800__CAM_BACK__1537852777137525.jpg", "samples/CAM_BACK_RIGHT/n015-2018-09-25-13-17-43+0800__CAM_BACK_RIGHT__1537852777127893.jpg"], "intrinsics": [[[1272.5979470598488, 0.0, 826.6154927353808], [0.0, 1272.5979470598488, 479.75165386361925], [0.0, 0.0, 1.0]], [[1266.417203046554, 0.0, 816.2670197447984], [0.0, 1266.417203046554, 491.50706579294757], [0.0, 0.0, 1.0]], [[1260.8474446004698, 0.0, 807.968244525554], [0.0, 1260.8474446004698, 495.3344268742088], [0.0, 0.0, 1.0]], [[1256.7414812095406, 0.0, 792.1125740759628], [0.0, 1256.7414812095406, 492.7757465151356], [0.0, 0.0, 1.0]], [[809.2209905677063, 0.0, 829.2196003259838], [0.0, 809.2209905677063, 481.77842384512485], [0.0, 0.0, 1.0]], [[1259.5137405846733, 0.0, 807.2529053838625], [0.0, 1259.5137405846733, 501.19579884916527], [0.0, 0.0, 1.0]]], "extrinsics": [[[0.820800244808197, -0.5708564519882202, 0.02024722471833229, -0.768310546875], [0.008758969604969025, -0.02286352403461933, -0.9997001886367798, 1.5103816986083984], [0.5711480975151062, 0.8207314610481262, -0.0137662747874856, -1.1455078125], [0.0, 0.0, 0.0, 1.0]], [[0.005750198382884264, -0.9996272921562195, 0.026686936616897583, 0.0077972412109375], [0.00347817107103765, -0.026667224243283272, -0.9996383786201477, 1.5212593078613281], [0.9999773502349854, 0.005840999539941549, 0.003323532175272703, -1.4959716796875], [0.0, 0.0, 0.0, 1.0]], [[-0.8327769041061401, -0.5536028146743774, -0.00250509986653924, 0.90570068359375], [0.009117355570197105, -0.009190401993691921, -0.999916136264801, 1.5050487518310547], [0.5535334348678589, -0.8327299952507019, 0.012700950726866722, -1.16302490234375], [0.0, 0.0, 0.0, 1.0]], [[0.9474640488624573, 0.3198321759700775, 0.00437863077968359, -1.14129638671875], [0.017689118161797523, -0.03872387483716011, -0.9990933537483215, 1.5886268615722656], [-0.31937262415885925, 0.9466825127601624, -0.042347028851509094, -0.1053466796875], [0.0, 0.0, 0.0, 1.0]], [[0.00212437123991549, 0.9995776414871216, -0.02898329310119152, 0.0018157958984375], [-0.007633882574737072, -0.028966302052140236, -0.9995512366294861, 1.5789527893066406], [-0.9999685287475586, 0.0023446453269571066, 0.007569121662527323, -0.0552978515625], [0.0, 0.0, 0.0, 1.0]], [[-0.9346572756767273, 0.35441985726356506, -0.02832515724003315, 1.0322265625], [0.025007614865899086, -0.013938267715275288, -0.9995900988578796, 1.5542373657226562], [-0.35466939210891724, -0.9349825978279114, 0.004164308775216341, -0.10205078125], [0.0, 0.0, 0.0, 1.0]]], "view": [[0.0, -2.0, 100.0], [-2.0, 0.0, 100.0], [0.0, 0.0, 1.0]], "bev": "bev_2894f77b15804ec1ac6c862f946ae673.png", "aux": "aux_2894f77b15804ec1ac6c862f946ae673.npz", "visibility": "visibility_2894f77b15804ec1ac6c862f946ae673.png", "pose": [[-0.7508437037467957, 0.6604799032211304, 0.0, 979.0153198242188], [-0.6604799032211304, -0.7508437037467957, 0.0, 550.8953857421875], [0.0, 0.0, 1.0, 0.0], [0.0, 0.0, 0.0, 1.0]], "pose_inverse": [[-0.7508437037467957, -0.6604799032211304, 0.0, 1098.94287109375], [0.6604799032211304, -0.7508437037467957, 0.0, -232.98361206054688], [0.0, 0.0, 1.0, 0.0], [0.0, 0.0, 0.0, 1.0]], "cam_ids": [0, 1, 2, 3, 4, 5], "cam_channels": ["CAM_FRONT_LEFT", "CAM_FRONT", "CAM_FRONT_RIGHT", "CAM_BACK_LEFT", "CAM_BACK", "CAM_BACK_RIGHT"], "token": "2894f77b15804ec1ac6c862f946ae673", "scene": "scene-0963"}, {"images": ["samples/CAM_FRONT_LEFT/n015-2018-09-25-13-17-43+0800__CAM_FRONT_LEFT__1537852777604844.jpg", "samples/CAM_FRONT/n015-2018-09-25-13-17-43+0800__CAM_FRONT__1537852777612460.jpg", "samples/CAM_FRONT_RIGHT/n015-2018-09-25-13-17-43+0800__CAM_FRONT_RIGHT__1537852777620339.jpg", "samples/CAM_BACK_LEFT/n015-2018-09-25-13-17-43+0800__CAM_BACK_LEFT__1537852777647423.jpg", "samples/CAM_BACK/n015-2018-09-25-13-17-43+0800__CAM_BACK__1537852777638440.jpg", "samples/CAM_BACK_RIGHT/n015-2018-09-25-13-17-43+0800__CAM_BACK_RIGHT__1537852777627893.jpg"], "intrinsics": [[[1272.5979470598488, 0.0, 826.6154927353808], [0.0, 1272.5979470598488, 479.75165386361925], [0.0, 0.0, 1.0]], [[1266.417203046554, 0.0, 816.2670197447984], [0.0, 1266.417203046554, 491.50706579294757], [0.0, 0.0, 1.0]], [[1260.8474446004698, 0.0, 807.968244525554], [0.0, 1260.8474446004698, 495.3344268742088], [0.0, 0.0, 1.0]], [[1256.7414812095406, 0.0, 792.1125740759628], [0.0, 1256.7414812095406, 492.7757465151356], [0.0, 0.0, 1.0]], [[809.2209905677063, 0.0, 829.2196003259838], [0.0, 809.2209905677063, 481.77842384512485], [0.0, 0.0, 1.0]], [[1259.5137405846733, 0.0, 807.2529053838625], [0.0, 1259.5137405846733, 501.19579884916527], [0.0, 0.0, 1.0]]], "extrinsics": [[[0.8191683292388916, -0.5734009742736816, 0.013215528801083565, -0.778076171875], [6.205117097124457e-05, -0.02295290306210518, -0.9997365474700928, 1.5083141326904297], [0.573553204536438, 0.818953275680542, -0.01876671053469181, -1.152130126953125], [0.0, 0.0, 0.0, 1.0]], [[0.003415746847167611, -0.9996284246444702, 0.027041537687182426, 0.00762939453125], [-0.005151025950908661, -0.027058925479650497, -0.9996205568313599, 1.5196242332458496], [0.9999808073043823, 0.0032751511316746473, -0.005241538863629103, -1.505615234375], [0.0, 0.0, 0.0, 1.0]], [[-0.8338826894760132, -0.5519192218780518, 0.004974932409822941, 0.9114990234375], [0.0006023466703481972, -0.00992350373417139, -0.9999505877494812, 1.5037486553192139], [0.5519413352012634, -0.8338385224342346, 0.008607485331594944, -1.16693115234375], [0.0, 0.0, 0.0, 1.0]], [[0.9476606249809265, 0.3192581236362457, -0.0036774040199816227, -1.137451171875], [0.009728669188916683, -0.040386468172073364, -0.9991368055343628, 1.5886306762695312], [-0.3191309869289398, 0.9468069076538086, -0.041378624737262726, -0.10601806640625], [0.0, 0.0, 0.0, 1.0]], [[0.0028369142673909664, 0.9995325207710266, -0.03044245019555092, 0.0020751953125], [-0.015881536528468132, -0.030393697321414948, -0.9994118213653564, 1.5785632133483887], [-0.9998698234558105, 0.003318824339658022, 0.01578788459300995, -0.0499267578125], [0.0, 0.0, 0.0, 1.0]], [[-0.9343329071998596, 0.3557920753955841, -0.020831076428294182, 1.036376953125], [0.01657242886722088, -0.015013543888926506, -0.9997499585151672, 1.5532341003417969], [-0.35601577162742615, -0.9344445466995239, 0.008131307549774647, -0.100433349609375], [0.0, 0.0, 0.0, 1.0]]], "view": [[0.0, -2.0, 100.0], [-2.0, 0.0, 100.0], [0.0, 0.0, 1.0]], "bev": "bev_97411da2bf3b42aa8a147a8bf9fb950f.png", "aux": "aux_97411da2bf3b42aa8a147a8bf9fb950f.npz", "visibility": "visibility_97411da2bf3b42aa8a147a8bf9fb950f.png", "pose": [[-0.734550952911377, 0.6785535216331482, 0.0, 977.0487670898438], [-0.6785535216331482, -0.734550952911377, 0.0, 549.1436767578125], [0.0, 0.0, 1.0, 0.0], [0.0, 0.0, 0.0, 1.0]], "pose_inverse": [[-0.734550952911377, -0.6785535216331482, 0.0, 1090.3154296875], [0.6785535216331482, -0.734550952911377, 0.0, -259.60589599609375], [0.0, 0.0, 1.0, 0.0], [0.0, 0.0, 0.0, 1.0]], "cam_ids": [0, 1, 2, 3, 4, 5], "cam_channels": ["CAM_FRONT_LEFT", "CAM_FRONT", "CAM_FRONT_RIGHT", "CAM_BACK_LEFT", "CAM_BACK", "CAM_BACK_RIGHT"], "token": "97411da2bf3b42aa8a147a8bf9fb950f", "scene": "scene-0963"}, {"images": ["samples/CAM_FRONT_LEFT/n015-2018-09-25-13-17-43+0800__CAM_FRONT_LEFT__1537852778104844.jpg", "samples/CAM_FRONT/n015-2018-09-25-13-17-43+0800__CAM_FRONT__1537852778113150.jpg", "samples/CAM_FRONT_RIGHT/n015-2018-09-25-13-17-43+0800__CAM_FRONT_RIGHT__1537852778120339.jpg", "samples/CAM_BACK_LEFT/n015-2018-09-25-13-17-43+0800__CAM_BACK_LEFT__1537852778147423.jpg", "samples/CAM_BACK/n015-2018-09-25-13-17-43+0800__CAM_BACK__1537852778137525.jpg", "samples/CAM_BACK_RIGHT/n015-2018-09-25-13-17-43+0800__CAM_BACK_RIGHT__1537852778127893.jpg"], "intrinsics": [[[1272.5979470598488, 0.0, 826.6154927353808], [0.0, 1272.5979470598488, 479.75165386361925], [0.0, 0.0, 1.0]], [[1266.417203046554, 0.0, 816.2670197447984], [0.0, 1266.417203046554, 491.50706579294757], [0.0, 0.0, 1.0]], [[1260.8474446004698, 0.0, 807.968244525554], [0.0, 1260.8474446004698, 495.3344268742088], [0.0, 0.0, 1.0]], [[1256.7414812095406, 0.0, 792.1125740759628], [0.0, 1256.7414812095406, 492.7757465151356], [0.0, 0.0, 1.0]], [[809.2209905677063, 0.0, 829.2196003259838], [0.0, 809.2209905677063, 481.77842384512485], [0.0, 0.0, 1.0]], [[1259.5137405846733, 0.0, 807.2529053838625], [0.0, 1259.5137405846733, 501.19579884916527], [0.0, 0.0, 1.0]]], "extrinsics": [[[0.818423330783844, -0.5745412707328796, 0.009249260649085045, -0.792724609375], [0.0001654517400311306, -0.01586080528795719, -0.9998741745948792, 1.5083189010620117], [0.5746156573295593, 0.818321943283081, -0.012885795906186104, -1.161956787109375], [0.0, 0.0, 0.0, 1.0]], [[0.00242422497831285, -0.9997941255569458, 0.020145973190665245, 0.007476806640625], [-0.005555220413953066, -0.02015918679535389, -0.9997813701629639, 1.5196325778961182], [0.9999816417694092, 0.0023118529934436083, -0.005602948367595673, -1.522705078125], [0.0, 0.0, 0.0, 1.0]], [[-0.8343555927276611, -0.55122309923172, 0.001956039573997259, 0.92034912109375], [-0.00023820227943360806, -0.0031879718881100416, -0.9999948740005493, 1.5036178827285767], [0.5512264966964722, -0.8343517184257507, 0.0025286017917096615, -1.17266845703125], [0.0, 0.0, 0.0, 1.0]], [[0.9477288126945496, 0.3190486431121826, -0.004251082893460989, -1.1361083984375], [0.007186160888522863, -0.034662265330553055, -0.999373197555542, 1.5886516571044922], [-0.31899601221084595, 0.9471042156219482, -0.0351431630551815, -0.107177734375], [0.0, 0.0, 0.0, 1.0]], [[0.0033101520966738462, 0.9997008442878723, -0.024234777316451073, 0.001617431640625], [-0.017842182889580727, -0.02417200803756714, -0.999548614025116, 1.5784311294555664], [-0.9998353123664856, 0.0037409565411508083, 0.017756832763552666, -0.052001953125], [0.0, 0.0, 0.0, 1.0]], [[-0.9341198801994324, 0.35654065012931824, -0.017284592613577843, 1.0428466796875], [0.015261725522577763, -0.008486198261380196, -0.9998475313186646, 1.552978515625], [-0.35663291811943054, -0.9342412948608398, 0.002485701348632574, -0.09780120849609375], [0.0, 0.0, 0.0, 1.0]]], "view": [[0.0, -2.0, 100.0], [-2.0, 0.0, 100.0], [0.0, 0.0, 1.0]], "bev": "bev_1a4bff6fb5ba4d04816886ab6fdce0ab.png", "aux": "aux_1a4bff6fb5ba4d04816886ab6fdce0ab.npz", "visibility": "visibility_1a4bff6fb5ba4d04816886ab6fdce0ab.png", "pose": [[-0.7011787295341492, 0.7129855155944824, 0.0, 975.2572631835938], [-0.7129855155944824, -0.7011787295341492, 0.0, 547.4253540039062], [0.0, 0.0, 1.0, 0.0], [0.0, 0.0, 0.0, 1.0]], "pose_inverse": [[-0.7011787295341492, -0.7129855155944824, 0.0, 1074.135986328125], [0.7129855155944824, -0.7011787295341492, 0.0, -311.5013122558594], [0.0, 0.0, 1.0, 0.0], [0.0, 0.0, 0.0, 1.0]], "cam_ids": [0, 1, 2, 3, 4, 5], "cam_channels": ["CAM_FRONT_LEFT", "CAM_FRONT", "CAM_FRONT_RIGHT", "CAM_BACK_LEFT", "CAM_BACK", "CAM_BACK_RIGHT"], "token": "1a4bff6fb5ba4d04816886ab6fdce0ab", "scene": "scene-0963"}, {"images": ["samples/CAM_FRONT_LEFT/n015-2018-09-25-13-17-43+0800__CAM_FRONT_LEFT__1537852778654844.jpg", "samples/CAM_FRONT/n015-2018-09-25-13-17-43+0800__CAM_FRONT__1537852778662460.jpg", "samples/CAM_FRONT_RIGHT/n015-2018-09-25-13-17-43+0800__CAM_FRONT_RIGHT__1537852778670339.jpg", "samples/CAM_BACK_LEFT/n015-2018-09-25-13-17-43+0800__CAM_BACK_LEFT__1537852778697423.jpg", "samples/CAM_BACK/n015-2018-09-25-13-17-43+0800__CAM_BACK__1537852778687525.jpg", "samples/CAM_BACK_RIGHT/n015-2018-09-25-13-17-43+0800__CAM_BACK_RIGHT__1537852778677893.jpg"], "intrinsics": [[[1272.5979470598488, 0.0, 826.6154927353808], [0.0, 1272.5979470598488, 479.75165386361925], [0.0, 0.0, 1.0]], [[1266.417203046554, 0.0, 816.2670197447984], [0.0, 1266.417203046554, 491.50706579294757], [0.0, 0.0, 1.0]], [[1260.8474446004698, 0.0, 807.968244525554], [0.0, 1260.8474446004698, 495.3344268742088], [0.0, 0.0, 1.0]], [[1256.7414812095406, 0.0, 792.1125740759628], [0.0, 1256.7414812095406, 492.7757465151356], [0.0, 0.0, 1.0]], [[809.2209905677063, 0.0, 829.2196003259838], [0.0, 809.2209905677063, 481.77842384512485], [0.0, 0.0, 1.0]], [[1259.5137405846733, 0.0, 807.2529053838625], [0.0, 1259.5137405846733, 501.19579884916527], [0.0, 0.0, 1.0]]], "extrinsics": [[[0.8180526494979858, -0.5750322937965393, 0.011300596408545971, -0.79833984375], [-0.0015777936205267906, -0.02189197577536106, -0.9997590780258179, 1.5079951286315918], [0.575141191482544, 0.8178377747535706, -0.01881607063114643, -1.166748046875], [0.0, 0.0, 0.0, 1.0]], [[0.001781295402906835, -0.9996598958969116, 0.026016589254140854, 0.0079345703125], [-0.006662570405751467, -0.026027917861938477, -0.999639093875885, 1.5194902420043945], [0.9999762177467346, 0.0016073585720732808, -0.006706668995320797, -1.52587890625], [0.0, 0.0, 0.0, 1.0]], [[-0.8346260190010071, -0.5507889986038208, 0.005554786417633295, 0.9249267578125], [-0.0007506695110350847, -0.008947226218879223, -0.9999596476554871, 1.5035645961761475], [0.5508164763450623, -0.834596574306488, 0.007054128218442202, -1.17547607421875], [0.0, 0.0, 0.0, 1.0]], [[0.9477500915527344, 0.31898099184036255, -0.004570936318486929, -1.1375732421875], [0.008590283803641796, -0.0398411862552166, -0.9991690516471863, 1.5886096954345703], [-0.31889808177948, 0.9469233155250549, -0.04049962759017944, -0.10552978515625], [0.0, 0.0, 0.0, 1.0]], [[0.0035098481457680464, 0.9995547533035278, -0.029630588367581367, 0.00213623046875], [-0.01708659529685974, -0.029566502198576927, -0.9994167685508728, 1.5785150527954102], [-0.9998478293418884, 0.004014028701931238, 0.016975214704871178, -0.0487060546875], [0.0, 0.0, 0.0, 1.0]], [[-0.9340001940727234, 0.35674792528152466, -0.01935483142733574, 1.0469970703125], [0.015324247069656849, -0.014121399261057377, -0.9997828602790833, 1.552927017211914], [-0.3569437265396118, -0.9340939521789551, 0.007722494192421436, -0.09629631042480469], [0.0, 0.0, 0.0, 1.0]]], "view": [[0.0, -2.0, 100.0], [-2.0, 0.0, 100.0], [0.0, 0.0, 1.0]], "bev": "bev_92b0109224704eda8d8ea3b288665377.png", "aux": "aux_92b0109224704eda8d8ea3b288665377.npz", "visibility": "visibility_92b0109224704eda8d8ea3b288665377.png", "pose": [[-0.6567909121513367, 0.7540727257728577, 0.0, 973.4983520507812], [-0.7540727257728577, -0.6567909121513367, 0.0, 545.55810546875], [0.0, 0.0, 1.0, 0.0], [0.0, 0.0, 0.0, 1.0]], "pose_inverse": [[-0.6567909121513367, -0.7540727257728577, 0.0, 1050.775390625], [0.7540727257728577, -0.6567909121513367, 0.0, -375.7709655761719], [0.0, 0.0, 1.0, 0.0], [0.0, 0.0, 0.0, 1.0]], "cam_ids": [0, 1, 2, 3, 4, 5], "cam_channels": ["CAM_FRONT_LEFT", "CAM_FRONT", "CAM_FRONT_RIGHT", "CAM_BACK_LEFT", "CAM_BACK", "CAM_BACK_RIGHT"], "token": "92b0109224704eda8d8ea3b288665377", "scene": "scene-0963"}, {"images": ["samples/CAM_FRONT_LEFT/n015-2018-09-25-13-17-43+0800__CAM_FRONT_LEFT__1537852779104844.jpg", "samples/CAM_FRONT/n015-2018-09-25-13-17-43+0800__CAM_FRONT__1537852779112460.jpg", "samples/CAM_FRONT_RIGHT/n015-2018-09-25-13-17-43+0800__CAM_FRONT_RIGHT__1537852779120339.jpg", "samples/CAM_BACK_LEFT/n015-2018-09-25-13-17-43+0800__CAM_BACK_LEFT__1537852779147423.jpg", "samples/CAM_BACK/n015-2018-09-25-13-17-43+0800__CAM_BACK__1537852779137525.jpg", "samples/CAM_BACK_RIGHT/n015-2018-09-25-13-17-43+0800__CAM_BACK_RIGHT__1537852779127893.jpg"], "intrinsics": [[[1272.5979470598488, 0.0, 826.6154927353808], [0.0, 1272.5979470598488, 479.75165386361925], [0.0, 0.0, 1.0]], [[1266.417203046554, 0.0, 816.2670197447984], [0.0, 1266.417203046554, 491.50706579294757], [0.0, 0.0, 1.0]], [[1260.8474446004698, 0.0, 807.968244525554], [0.0, 1260.8474446004698, 495.3344268742088], [0.0, 0.0, 1.0]], [[1256.7414812095406, 0.0, 792.1125740759628], [0.0, 1256.7414812095406, 492.7757465151356], [0.0, 0.0, 1.0]], [[809.2209905677063, 0.0, 829.2196003259838], [0.0, 809.2209905677063, 481.77842384512485], [0.0, 0.0, 1.0]], [[1259.5137405846733, 0.0, 807.2529053838625], [0.0, 1259.5137405846733, 501.19579884916527], [0.0, 0.0, 1.0]]], "extrinsics": [[[0.8193237781524658, -0.5729633569717407, 0.02053145319223404, -0.8228759765625], [0.005014278460294008, -0.028648339211940765, -0.999576985836029, 1.5091876983642578], [0.5733091831207275, 0.819080114364624, -0.02059926651418209, -1.1842041015625], [0.0, 0.0, 0.0, 1.0]], [[0.0036422947887331247, -0.9994571208953857, 0.032741229981184006, 0.008087158203125], [-0.00024951325030997396, -0.03274235874414444, -0.9994638562202454, 1.5205793380737305], [0.9999933838844299, 0.00363216083496809, -0.0003686347627080977, -1.550537109375], [0.0, 0.0, 0.0, 1.0]], [[-0.8337331414222717, -0.5521525740623474, 0.004069800954312086, 0.94122314453125], [0.005446115043014288, -0.01559324562549591, -0.9998635053634644, 1.5042810440063477], [0.5521406531333923, -0.8335972428321838, 0.016007693484425545, -1.18572998046875], [0.0, 0.0, 0.0, 1.0]], [[0.9476279020309448, 0.3193742036819458, -0.0012083436595275998, -1.138916015625], [0.014146377332508564, -0.04575340077280998, -0.998852550983429, 1.5887107849121094], [-0.31906312704086304, 0.9465235471725464, -0.047875188291072845, -0.10693359375], [0.0, 0.0, 0.0, 1.0]], [[0.0028671417385339737, 0.9993513226509094, -0.035899899899959564, 0.001068115234375], [-0.011310271918773651, -0.03586534410715103, -0.9992926120758057, 1.5789391994476318], [-0.9999319911003113, 0.0032711622770875692, 0.011200102046132088, -0.0411376953125], [0.0, 0.0, 0.0, 1.0]], [[-0.9343087673187256, 0.35542234778404236, -0.027238618582487106, 1.0596923828125], [0.021295296028256416, -0.020624101161956787, -0.9995604753494263, 1.5532112121582031], [-0.3558278977870941, -0.934478223323822, 0.01170045230537653, -0.09083175659179688], [0.0, 0.0, 0.0, 1.0]]], "view": [[0.0, -2.0, 100.0], [-2.0, 0.0, 100.0], [0.0, 0.0, 1.0]], "bev": "bev_c978a780e5cc42f7ac44e515b8d11784.png", "aux": "aux_c978a780e5cc42f7ac44e515b8d11784.npz", "visibility": "visibility_c978a780e5cc42f7ac44e515b8d11784.png", "pose": [[-0.6251798272132874, 0.7804807424545288, 0.0, 972.2734985351562], [-0.7804807424545288, -0.6251798272132874, 0.0, 544.1069946289062], [0.0, 0.0, 1.0, 0.0], [0.0, 0.0, 0.0, 1.0]], "pose_inverse": [[-0.6251798272132874, -0.7804807424545288, 0.0, 1032.5108642578125], [0.7804807424545288, -0.6251798272132874, 0.0, -418.6759948730469], [0.0, 0.0, 1.0, 0.0], [0.0, 0.0, 0.0, 1.0]], "cam_ids": [0, 1, 2, 3, 4, 5], "cam_channels": ["CAM_FRONT_LEFT", "CAM_FRONT", "CAM_FRONT_RIGHT", "CAM_BACK_LEFT", "CAM_BACK", "CAM_BACK_RIGHT"], "token": "c978a780e5cc42f7ac44e515b8d11784", "scene": "scene-0963"}, {"images": ["samples/CAM_FRONT_LEFT/n015-2018-09-25-13-17-43+0800__CAM_FRONT_LEFT__1537852779654844.jpg", "samples/CAM_FRONT/n015-2018-09-25-13-17-43+0800__CAM_FRONT__1537852779662460.jpg", "samples/CAM_FRONT_RIGHT/n015-2018-09-25-13-17-43+0800__CAM_FRONT_RIGHT__1537852779670339.jpg", "samples/CAM_BACK_LEFT/n015-2018-09-25-13-17-43+0800__CAM_BACK_LEFT__1537852779697423.jpg", "samples/CAM_BACK/n015-2018-09-25-13-17-43+0800__CAM_BACK__1537852779687525.jpg", "samples/CAM_BACK_RIGHT/n015-2018-09-25-13-17-43+0800__CAM_BACK_RIGHT__1537852779677893.jpg"], "intrinsics": [[[1272.5979470598488, 0.0, 826.6154927353808], [0.0, 1272.5979470598488, 479.75165386361925], [0.0, 0.0, 1.0]], [[1266.417203046554, 0.0, 816.2670197447984], [0.0, 1266.417203046554, 491.50706579294757], [0.0, 0.0, 1.0]], [[1260.8474446004698, 0.0, 807.968244525554], [0.0, 1260.8474446004698, 495.3344268742088], [0.0, 0.0, 1.0]], [[1256.7414812095406, 0.0, 792.1125740759628], [0.0, 1256.7414812095406, 492.7757465151356], [0.0, 0.0, 1.0]], [[809.2209905677063, 0.0, 829.2196003259838], [0.0, 809.2209905677063, 481.77842384512485], [0.0, 0.0, 1.0]], [[1259.5137405846733, 0.0, 807.2529053838625], [0.0, 1259.5137405846733, 501.19579884916527], [0.0, 0.0, 1.0]]], "extrinsics": [[[0.8196900486946106, -0.5724512338638306, 0.02019198052585125, -0.8377685546875], [0.0035067559219896793, -0.030235184356570244, -0.9995366334915161, 1.5088024139404297], [0.5727965831756592, 0.819381058216095, -0.022776035591959953, -1.1919403076171875], [0.0, 0.0, 0.0, 1.0]], [[0.004141002427786589, -0.9994043111801147, 0.034260302782058716, 0.006011962890625], [-0.0019210975151509047, -0.03426848724484444, -0.99941086769104, 1.5203027725219727], [0.9999895095825195, 0.004072774667292833, -0.002061860403046012, -1.5654296875], [0.0, 0.0, 0.0, 1.0]], [[-0.833549439907074, -0.5524073243141174, 0.006442539859563112, 0.95062255859375], [0.003604079829528928, -0.01709922030568123, -0.9998472929000854, 1.504002571105957], [0.5524330735206604, -0.8333988785743713, 0.016243964433670044, -1.1942138671875], [0.0, 0.0, 0.0, 1.0]], [[0.9476954340934753, 0.31915053725242615, -0.004026869311928749, -1.13916015625], [0.011835557408630848, -0.04774704948067665, -0.9987893104553223, 1.588592529296875], [-0.3189564347267151, 0.9465004205703735, -0.049026984721422195, -0.104736328125], [0.0, 0.0, 0.0, 1.0]], [[0.0027650794945657253, 0.9992877244949341, -0.037633463740348816, 0.002777099609375], [-0.013428292237222195, -0.03759310394525528, -0.9992029070854187, 1.5788612365722656], [-0.9999060034751892, 0.0032681399025022984, 0.013314780779182911, -0.03564453125], [0.0, 0.0, 0.0, 1.0]], [[-0.934443473815918, 0.35516157746315, -0.025989651679992676, 1.0692138671875], [0.019366871565580368, -0.02219025231897831, -0.9995661377906799, 1.5528450012207031], [-0.35558417439460754, -0.9345414638519287, 0.013857170008122921, -0.08890533447265625], [0.0, 0.0, 0.0, 1.0]]], "view": [[0.0, -2.0, 100.0], [-2.0, 0.0, 100.0], [0.0, 0.0, 1.0]], "bev": "bev_12370234411e4d68ae654a6788675a8a.png", "aux": "aux_12370234411e4d68ae654a6788675a8a.npz", "visibility": "visibility_12370234411e4d68ae654a6788675a8a.png", "pose": [[-0.6004117727279663, 0.7996909618377686, 0.0, 970.990478515625], [-0.7996909618377686, -0.6004117727279663, 0.0, 542.441650390625], [0.0, 0.0, 1.0, 0.0], [0.0, 0.0, 0.0, 1.0]], "pose_inverse": [[-0.6004117727279663, -0.7996909618377686, 0.0, 1016.7798461914062], [0.7996909618377686, -0.6004117727279663, 0.0, -450.803955078125], [0.0, 0.0, 1.0, 0.0], [0.0, 0.0, 0.0, 1.0]], "cam_ids": [0, 1, 2, 3, 4, 5], "cam_channels": ["CAM_FRONT_LEFT", "CAM_FRONT", "CAM_FRONT_RIGHT", "CAM_BACK_LEFT", "CAM_BACK", "CAM_BACK_RIGHT"], "token": "12370234411e4d68ae654a6788675a8a", "scene": "scene-0963"}, {"images": ["samples/CAM_FRONT_LEFT/n015-2018-09-25-13-17-43+0800__CAM_FRONT_LEFT__1537852780104844.jpg", "samples/CAM_FRONT/n015-2018-09-25-13-17-43+0800__CAM_FRONT__1537852780112460.jpg", "samples/CAM_FRONT_RIGHT/n015-2018-09-25-13-17-43+0800__CAM_FRONT_RIGHT__1537852780120339.jpg", "samples/CAM_BACK_LEFT/n015-2018-09-25-13-17-43+0800__CAM_BACK_LEFT__1537852780147423.jpg", "samples/CAM_BACK/n015-2018-09-25-13-17-43+0800__CAM_BACK__1537852780137696.jpg", "samples/CAM_BACK_RIGHT/n015-2018-09-25-13-17-43+0800__CAM_BACK_RIGHT__1537852780127893.jpg"], "intrinsics": [[[1272.5979470598488, 0.0, 826.6154927353808], [0.0, 1272.5979470598488, 479.75165386361925], [0.0, 0.0, 1.0]], [[1266.417203046554, 0.0, 816.2670197447984], [0.0, 1266.417203046554, 491.50706579294757], [0.0, 0.0, 1.0]], [[1260.8474446004698, 0.0, 807.968244525554], [0.0, 1260.8474446004698, 495.3344268742088], [0.0, 0.0, 1.0]], [[1256.7414812095406, 0.0, 792.1125740759628], [0.0, 1256.7414812095406, 492.7757465151356], [0.0, 0.0, 1.0]], [[809.2209905677063, 0.0, 829.2196003259838], [0.0, 809.2209905677063, 481.77842384512485], [0.0, 0.0, 1.0]], [[1259.5137405846733, 0.0, 807.2529053838625], [0.0, 1259.5137405846733, 501.19579884916527], [0.0, 0.0, 1.0]]], "extrinsics": [[[0.8205143213272095, -0.5713034868240356, 0.0192016139626503, -0.836181640625], [0.0010344379115849733, -0.0321071594953537, -0.9994838833808899, 1.508443832397461], [0.5716251134872437, 0.8201107382774353, -0.025753403082489967, -1.1916351318359375], [0.0, 0.0, 0.0, 1.0]], [[0.005383672658354044, -0.999333381652832, 0.03610652685165405, 0.006622314453125], [-0.0041084131225943565, -0.036128848791122437, -0.9993387460708618, 1.5200366973876953], [0.9999770522117615, 0.005231803748756647, -0.004300180822610855, -1.56378173828125], [0.0, 0.0, 0.0, 1.0]], [[-0.8330117464065552, -0.5531811714172363, 0.009051117114722729, 0.949462890625], [0.0016801167512312531, -0.018889011815190315, -0.9998201131820679, 1.5038232803344727], [0.5532526969909668, -0.8328468203544617, 0.016664179041981697, -1.19305419921875], [0.0, 0.0, 0.0, 1.0]], [[0.9477184414863586, 0.31905993819236755, -0.005517141427844763, -1.14227294921875], [0.010777299292385578, -0.049282148480415344, -0.9987267255783081, 1.5885543823242188], [-0.3189256191253662, 0.9464523792266846, -0.05014420300722122, -0.1036376953125], [0.0, 0.0, 0.0, 1.0]], [[0.002405