[{"images": ["samples/CAM_FRONT_LEFT/n015-2018-08-01-15-10-21+0800__CAM_FRONT_LEFT__1533107658504844.jpg", "samples/CAM_FRONT/n015-2018-08-01-15-10-21+0800__CAM_FRONT__1533107658512460.jpg", "samples/CAM_FRONT_RIGHT/n015-2018-08-01-15-10-21+0800__CAM_FRONT_RIGHT__1533107658520339.jpg", "samples/CAM_BACK_LEFT/n015-2018-08-01-15-10-21+0800__CAM_BACK_LEFT__1533107658547423.jpg", "samples/CAM_BACK/n015-2018-08-01-15-10-21+0800__CAM_BACK__1533107658537525.jpg", "samples/CAM_BACK_RIGHT/n015-2018-08-01-15-10-21+0800__CAM_BACK_RIGHT__1533107658527893.jpg"], "intrinsics": [[[1272.5979470598488, 0.0, 826.6154927353808], [0.0, 1272.5979470598488, 479.75165386361925], [0.0, 0.0, 1.0]], [[1266.417203046554, 0.0, 816.2670197447984], [0.0, 1266.417203046554, 491.50706579294757], [0.0, 0.0, 1.0]], [[1260.8474446004698, 0.0, 807.968244525554], [0.0, 1260.8474446004698, 495.3344268742088], [0.0, 0.0, 1.0]], [[1256.7414812095406, 0.0, 792.1125740759628], [0.0, 1256.7414812095406, 492.7757465151356], [0.0, 0.0, 1.0]], [[809.2209905677063, 0.0, 829.2196003259838], [0.0, 809.2209905677063, 481.77842384512485], [0.0, 0.0, 1.0]], [[1259.5137405846733, 0.0, 807.2529053838625], [0.0, 1259.5137405846733, 501.19579884916527], [0.0, 0.0, 1.0]]], "extrinsics": [[[0.8213288187980652, -0.5694850087165833, 0.03325491026043892, -0.739044189453125], [0.029295673593878746, -0.016110939905047417, -0.9994409680366516, 1.5162937641143799], [0.5697023868560791, 0.8218439221382141, 0.0034510658588260412, -1.1270751953125], [0.0, 0.0, 0.0, 1.0]], [[0.0068816449493169785, -0.9997703433036804, 0.02029554545879364, 0.0089111328125], [0.023909715935587883, -0.02012571692466736, -0.9995115399360657, 1.5259270668029785], [0.9996904134750366, 0.007363565266132355, 0.023765727877616882, -1.4688720703125], [0.0, 0.0, 0.0, 1.0]], [[-0.8317880630493164, -0.5546209812164307, -0.022895336151123047, 0.8900146484375], [0.029412535950541496, -0.0028481767512857914, -0.9995632767677307, 1.508718490600586], [0.5543135404586792, -0.8320982456207275, 0.01868188939988613, -1.1517333984375], [0.0, 0.0, 0.0, 1.0]], [[0.9471952319145203, 0.319677472114563, 0.02504963055253029, -1.14404296875], [0.03755819797515869, -0.03302285447716713, -0.9987486004829407, 1.5885047912597656], [-0.3184502422809601, 0.9469507932662964, -0.04328559711575508, -0.1036376953125], [0.0, 0.0, 0.0, 1.0]], [[0.0021996470168232918, 0.9997315406799316, -0.023066328838467598, 0.0023193359375], [0.012388655915856361, -0.023091860115528107, -0.999656617641449, 1.5801277160644531], [-0.9999208450317383, 0.0019131465815007687, -0.012436123564839363, -0.05902099609375], [0.0, 0.0, 0.0, 1.0]], [[-0.9342890381813049, 0.35366299748420715, -0.04501459747552872, 1.02056884765625], [0.04518347233533859, -0.007783775683492422, -0.998948335647583, 1.5570297241210938], [-0.3536415100097656, -0.9353405237197876, -0.008707426488399506, -0.10595703125], [0.0, 0.0, 0.0, 1.0]]], "view": [[0.0, -2.0, 100.0], [-2.0, 0.0, 100.0], [0.0, 0.0, 1.0]], "bev": "bev_250bd42d4376480bacd2563e7cba7560.png", "aux": "aux_250bd42d4376480bacd2563e7cba7560.npz", "visibility": "visibility_250bd42d4376480bacd2563e7cba7560.png", "pose": [[-0.9952735900878906, 0.09711077064275742, 0.0, 626.8934326171875], [-0.09711077064275742, -0.9952735900878906, 0.0, 1365.7083740234375], [0.0, 0.0, 1.0, 0.0], [0.0, 0.0, 0.0, 1.0]], "pose_inverse": [[-0.9952735900878906, -0.09711077064275742, 0.0, 756.5554809570312], [0.09711077064275742, -0.9952735900878906, 0.0, 1298.3753662109375], [0.0, 0.0, 1.0, 0.0], [0.0, 0.0, 0.0, 1.0]], "cam_ids": [0, 1, 2, 3, 4, 5], "cam_channels": ["CAM_FRONT_LEFT", "CAM_FRONT", "CAM_FRONT_RIGHT", "CAM_BACK_LEFT", "CAM_BACK", "CAM_BACK_RIGHT"], "token": "250bd42d4376480bacd2563e7cba7560", "scene": "scene-0191"}, {"images": ["samples/CAM_FRONT_LEFT/n015-2018-08-01-15-10-21+0800__CAM_FRONT_LEFT__1533107659004844.jpg", "samples/CAM_FRONT/n015-2018-08-01-15-10-21+0800__CAM_FRONT__1533107659012460.jpg", "samples/CAM_FRONT_RIGHT/n015-2018-08-01-15-10-21+0800__CAM_FRONT_RIGHT__1533107659020339.jpg", "samples/CAM_BACK_LEFT/n015-2018-08-01-15-10-21+0800__CAM_BACK_LEFT__1533107659047423.jpg", "samples/CAM_BACK/n015-2018-08-01-15-10-21+0800__CAM_BACK__1533107659037525.jpg", "samples/CAM_BACK_RIGHT/n015-2018-08-01-15-10-21+0800__CAM_BACK_RIGHT__1533107659027893.jpg"], "intrinsics": [[[1272.5979470598488, 0.0, 826.6154927353808], [0.0, 1272.5979470598488, 479.75165386361925], [0.0, 0.0, 1.0]], [[1266.417203046554, 0.0, 816.2670197447984], [0.0, 1266.417203046554, 491.50706579294757], [0.0, 0.0, 1.0]], [[1260.8474446004698, 0.0, 807.968244525554], [0.0, 1260.8474446004698, 495.3344268742088], [0.0, 0.0, 1.0]], [[1256.7414812095406, 0.0, 792.1125740759628], [0.0, 1256.7414812095406, 492.7757465151356], [0.0, 0.0, 1.0]], [[809.2209905677063, 0.0, 829.2196003259838], [0.0, 809.2209905677063, 481.77842384512485], [0.0, 0.0, 1.0]], [[1259.5137405846733, 0.0, 807.2529053838625], [0.0, 1259.5137405846733, 501.19579884916527], [0.0, 0.0, 1.0]]], "extrinsics": [[[0.8218307495117188, -0.5689289569854736, 0.03023301437497139, -0.7542572021484375], [0.023900534957647324, -0.01859099417924881, -0.9995414614677429, 1.5143790245056152], [0.5692301988601685, 0.822176456451416, -0.001680942950770259, -1.1356201171875], [0.0, 0.0, 0.0, 1.0]], [[0.007485432084649801, -0.999711811542511, 0.022807620465755463, 0.0074462890625], [0.0186843890696764, -0.022664448246359825, -0.999568521976471, 1.5244417190551758], [0.9997974634170532, 0.007908353582024574, 0.01850935071706772, -1.48431396484375], [0.0, 0.0, 0.0, 1.0]], [[-0.8316811919212341, -0.5549857020378113, -0.017238719388842583, 0.89990234375], [0.024353282526135445, -0.0054430547170341015, -0.9996885657310486, 1.507537841796875], [0.5547189712524414, -0.8318420648574829, 0.018042614683508873, -1.15948486328125], [0.0, 0.0, 0.0, 1.0]], [[0.9474150538444519, 0.3193713128566742, 0.02016521617770195, -1.1453857421875], [0.03329600393772125, -0.03570755571126938, -0.998807430267334, 1.5884265899658203], [-0.31827038526535034, 0.9469566345214844, -0.044463664293289185, -0.102294921875], [0.0, 0.0, 0.0, 1.0]], [[0.0020322552882134914, 0.9996656775474548, -0.025777660310268402, 0.0028076171875], [0.007799394894391298, -0.02579277567565441, -0.9996368885040283, 1.5797996520996094], [-0.9999674558639526, 0.0018304538680240512, -0.007849203422665596, -0.05401611328125], [0.0, 0.0, 0.0, 1.0]], [[-0.9345875978469849, 0.35331693291664124, -0.04139065369963646, 1.0294342041015625], [0.04030429571866989, -0.010435031726956367, -0.9991329908370972, 1.5560522079467773], [-0.353442519903183, -0.9354454874992371, -0.004487738944590092, -0.103515625], [0.0, 0.0, 0.0, 1.0]]], "view": [[0.0, -2.0, 100.0], [-2.0, 0.0, 100.0], [0.0, 0.0, 1.0]], "bev": "bev_6e5712ef87144619882e7a23bf30ca6d.png", "aux": "aux_6e5712ef87144619882e7a23bf30ca6d.npz", "visibility": "visibility_6e5712ef87144619882e7a23bf30ca6d.png", "pose": [[-0.9969937205314636, 0.07748216390609741, 0.0, 623.7896728515625], [-0.07748216390609741, -0.9969937205314636, 0.0, 1365.44482421875], [0.0, 0.0, 1.0, 0.0], [0.0, 0.0, 0.0, 1.0]], "pose_inverse": [[-0.9969937205314636, -0.07748216390609741, 0.0, 727.7120361328125], [0.07748216390609741, -0.9969937205314636, 0.0, 1313.00732421875], [0.0, 0.0, 1.0, 0.0], [0.0, 0.0, 0.0, 1.0]], "cam_ids": [0, 1, 2, 3, 4, 5], "cam_channels": ["CAM_FRONT_LEFT", "CAM_FRONT", "CAM_FRONT_RIGHT", "CAM_BACK_LEFT", "CAM_BACK", "CAM_BACK_RIGHT"], "token": "6e5712ef87144619882e7a23bf30ca6d", "scene": "scene-0191"}, {"images": ["samples/CAM_FRONT_LEFT/n015-2018-08-01-15-10-21+0800__CAM_FRONT_LEFT__1533107659504844.jpg", "samples/CAM_FRONT/n015-2018-08-01-15-10-21+0800__CAM_FRONT__1533107659512460.jpg", "samples/CAM_FRONT_RIGHT/n015-2018-08-01-15-10-21+0800__CAM_FRONT_RIGHT__1533107659520339.jpg", "samples/CAM_BACK_LEFT/n015-2018-08-01-15-10-21+0800__CAM_BACK_LEFT__1533107659547423.jpg", "samples/CAM_BACK/n015-2018-08-01-15-10-21+0800__CAM_BACK__1533107659537525.jpg", "samples/CAM_BACK_RIGHT/n015-2018-08-01-15-10-21+0800__CAM_BACK_RIGHT__1533107659527893.jpg"], "intrinsics": [[[1272.5979470598488, 0.0, 826.6154927353808], [0.0, 1272.5979470598488, 479.75165386361925], [0.0, 0.0, 1.0]], [[1266.417203046554, 0.0, 816.2670197447984], [0.0, 1266.417203046554, 491.50706579294757], [0.0, 0.0, 1.0]], [[1260.8474446004698, 0.0, 807.968244525554], [0.0, 1260.8474446004698, 495.3344268742088], [0.0, 0.0, 1.0]], [[1256.7414812095406, 0.0, 792.1125740759628], [0.0, 1256.7414812095406, 492.7757465151356], [0.0, 0.0, 1.0]], [[809.2209905677063, 0.0, 829.2196003259838], [0.0, 809.2209905677063, 481.77842384512485], [0.0, 0.0, 1.0]], [[1259.5137405846733, 0.0, 807.2529053838625], [0.0, 1259.5137405846733, 501.19579884916527], [0.0, 0.0, 1.0]]], "extrinsics": [[[0.8214006423950195, -0.569534420967102, 0.03051896207034588, -0.7659912109375], [0.024342505261301994, -0.018453260883688927, -0.9995333552360535, 1.51414155960083], [0.5698317885398865, 0.8217602968215942, -0.0012936266139149666, -1.1405029296875], [0.0, 0.0, 0.0, 1.0]], [[0.006868930999189615, -0.9997194409370422, 0.022665690630674362, 0.0054931640625], [0.01911868155002594, -0.02253078855574131, -0.9995633363723755, 1.5243330001831055], [0.9997935891151428, 0.007299264892935753, 0.018958555534482002, -1.4925537109375], [0.0, 0.0, 0.0, 1.0]], [[-0.8319327235221863, -0.5545946955680847, -0.01767970807850361, 0.9031982421875], [0.02479102462530136, -0.0053199962712824345, -0.9996784925460815, 1.5074701309204102], [0.554322361946106, -0.8321035504341125, 0.018174855038523674, -1.16375732421875], [0.0, 0.0, 0.0, 1.0]], [[0.9473929405212402, 0.31941941380500793, 0.0204413253813982, -1.143310546875], [0.03365420177578926, -0.035900115966796875, -0.9987885355949402, 1.5884990692138672], [-0.3182986080646515, 0.9469330906867981, -0.04476132616400719, -0.10302734375], [0.0, 0.0, 0.0, 1.0]], [[0.0021963848266750574, 0.9996664524078369, -0.025731904432177544, 0.00341796875], [0.008205140940845013, -0.025749115273356438, -0.9996348023414612, 1.5798015594482422], [-0.9999638795852661, 0.0019844495691359043, -0.008258958347141743, -0.05377197265625], [0.0, 0.0, 0.0, 1.0]], [[-0.9344543814659119, 0.3536262810230255, -0.041755251586437225, 1.0327301025390625], [0.040737371891736984, -0.010324890725314617, -0.9991165399551392, 1.5559673309326172], [-0.3537450134754181, -0.935329794883728, -0.004757666494697332, -0.1036376953125], [0.0, 0.0, 0.0, 1.0]]], "view": [[0.0, -2.0, 100.0], [-2.0, 0.0, 100.0], [0.0, 0.0, 1.0]], "bev": "bev_6813bc2c4074417ab405cbc412e59514.png", "aux": "aux_6813bc2c4074417ab405cbc412e59514.npz", "visibility": "visibility_6813bc2c4074417ab405cbc412e59514.png", "pose": [[-0.9984959363937378, 0.05482538789510727, 0.0, 620.8077392578125], [-0.05482538789510727, -0.9984959363937378, 0.0, 1365.252197265625], [0.0, 0.0, 1.0, 0.0], [0.0, 0.0, 0.0, 1.0]], "pose_inverse": [[-0.9984959363937378, -0.05482538789510727, 0.0, 694.7244873046875], [0.05482538789510727, -0.9984959363937378, 0.0, 1329.1627197265625], [0.0, 0.0, 1.0, 0.0], [0.0, 0.0, 0.0, 1.0]], "cam_ids": [0, 1, 2, 3, 4, 5], "cam_channels": ["CAM_FRONT_LEFT", "CAM_FRONT", "CAM_FRONT_RIGHT", "CAM_BACK_LEFT", "CAM_BACK", "CAM_BACK_RIGHT"], "token": "6813bc2c4074417ab405cbc412e59514", "scene": "scene-0191"}, {"images": ["samples/CAM_FRONT_LEFT/n015-2018-08-01-15-10-21+0800__CAM_FRONT_LEFT__1533107660004844.jpg", "samples/CAM_FRONT/n015-2018-08-01-15-10-21+0800__CAM_FRONT__1533107660012460.jpg", "samples/CAM_FRONT_RIGHT/n015-2018-08-01-15-10-21+0800__CAM_FRONT_RIGHT__1533107660020339.jpg", "samples/CAM_BACK_LEFT/n015-2018-08-01-15-10-21+0800__CAM_BACK_LEFT__1533107660047423.jpg", "samples/CAM_BACK/n015-2018-08-01-15-10-21+0800__CAM_BACK__1533107660037525.jpg", "samples/CAM_BACK_RIGHT/n015-2018-08-01-15-10-21+0800__CAM_BACK_RIGHT__1533107660027904.jpg"], "intrinsics": [[[1272.5979470598488, 0.0, 826.6154927353808], [0.0, 1272.5979470598488, 479.75165386361925], [0.0, 0.0, 1.0]], [[1266.417203046554, 0.0, 816.2670197447984], [0.0, 1266.417203046554, 491.50706579294757], [0.0, 0.0, 1.0]], [[1260.8474446004698, 0.0, 807.968244525554], [0.0, 1260.8474446004698, 495.3344268742088], [0.0, 0.0, 1.0]], [[1256.7414812095406, 0.0, 792.1125740759628], [0.0, 1256.7414812095406, 492.7757465151356], [0.0, 0.0, 1.0]], [[809.2209905677063, 0.0, 829.2196003259838], [0.0, 809.2209905677063, 481.77842384512485], [0.0, 0.0, 1.0]], [[1259.5137405846733, 0.0, 807.2529053838625], [0.0, 1259.5137405846733, 501.19579884916527], [0.0, 0.0, 1.0]]], "extrinsics": [[[0.8214138150215149, -0.5695117712020874, 0.030589159578084946, -0.7756805419921875], [0.023616250604391098, -0.019623860716819763, -0.9995284676551819, 1.5136899948120117], [0.5698434114456177, 0.8217489719390869, -0.002669579116627574, -1.149658203125], [0.0, 0.0, 0.0, 1.0]], [[0.006855069659650326, -0.9996923208236694, 0.023837784305214882, 0.0068359375], [0.01826786808669567, -0.023709172382950783, -0.9995520114898682, 1.5239982604980469], [0.9998095631599426, 0.0072874641045928, 0.018099719658493996, -1.5032958984375], [0.0, 0.0, 0.0, 1.0]], [[-0.8319700360298157, -0.554583728313446, -0.016207654029130936, 0.910400390625], [0.023812299594283104, -0.006506512872874737, -0.9996952414512634, 1.5071425437927246], [0.5543093085289001, -0.8321024775505066, 0.01861913874745369, -1.16717529296875], [0.0, 0.0, 0.0, 1.0]], [[0.9473946690559387, 0.3195125162601471, 0.018841413781046867, -1.142578125], [0.03229963779449463, -0.03687412664294243, -0.9987977743148804, 1.5885391235351562], [-0.31843361258506775, 0.9468642473220825, -0.04525449126958847, -0.1033935546875], [0.0, 0.0, 0.0, 1.0]], [[0.002173809800297022, 0.9996366500854492, -0.026868589222431183, 0.0029296875], [0.006971898954361677, -0.02688314951956272, -0.9996142387390137, 1.5797367095947266], [-0.9999733567237854, 0.001985645852982998, -0.007027804385870695, -0.0521240234375], [0.0, 0.0, 0.0, 1.0]], [[-0.9344884753227234, 0.3536064624786377, -0.04115520045161247, 1.037139892578125], [0.039647966623306274, -0.011508683674037457, -0.9991474151611328, 1.5556535720825195], [-0.3537786602973938, -0.9353234171867371, -0.0032650453504174948, -0.1009521484375], [0.0, 0.0, 0.0, 1.0]]], "view": [[0.0, -2.0, 100.0], [-2.0, 0.0, 100.0], [0.0, 0.0, 1.0]], "bev": "bev_a03519a443d1485da796669f045504c3.png", "aux": "aux_a03519a443d1485da796669f045504c3.npz", "visibility": "visibility_a03519a443d1485da796669f045504c3.png", "pose": [[-0.9993759393692017, 0.03532303869724274, 0.0, 617.9777221679688], [-0.03532303869724274, -0.9993759393692017, 0.0, 1365.1295166015625], [0.0, 0.0, 1.0, 0.0], [0.0, 0.0, 0.0, 1.0]], "pose_inverse": [[-0.9993759393692017, -0.03532303869724274, 0.0, 665.8126220703125], [0.03532303869724274, -0.9993759393692017, 0.0, 1342.44873046875], [0.0, 0.0, 1.0, 0.0], [0.0, 0.0, 0.0, 1.0]], "cam_ids": [0, 1, 2, 3, 4, 5], "cam_channels": ["CAM_FRONT_LEFT", "CAM_FRONT", "CAM_FRONT_RIGHT", "CAM_BACK_LEFT", "CAM_BACK", "CAM_BACK_RIGHT"], "token": "a03519a443d1485da796669f045504c3", "scene": "scene-0191"}, {"images": ["samples/CAM_FRONT_LEFT/n015-2018-08-01-15-10-21+0800__CAM_FRONT_LEFT__1533107660504844.jpg", "samples/CAM_FRONT/n015-2018-08-01-15-10-21+0800__CAM_FRONT__1533107660512460.jpg", "samples/CAM_FRONT_RIGHT/n015-2018-08-01-15-10-21+0800__CAM_FRONT_RIGHT__1533107660520339.jpg", "samples/CAM_BACK_LEFT/n015-2018-08-01-15-10-21+0800__CAM_BACK_LEFT__1533107660547423.jpg", "samples/CAM_BACK/n015-2018-08-01-15-10-21+0800__CAM_BACK__1533107660537525.jpg", "samples/CAM_BACK_RIGHT/n015-2018-08-01-15-10-21+0800__CAM_BACK_RIGHT__1533107660527893.jpg"], "intrinsics": [[[1272.5979470598488, 0.0, 826.6154927353808], [0.0, 1272.5979470598488, 479.75165386361925], [0.0, 0.0, 1.0]], [[1266.417203046554, 0.0, 816.2670197447984], [0.0, 1266.417203046554, 491.50706579294757], [0.0, 0.0, 1.0]], [[1260.8474446004698, 0.0, 807.968244525554], [0.0, 1260.8474446004698, 495.3344268742088], [0.0, 0.0, 1.0]], [[1256.7414812095406, 0.0, 792.1125740759628], [0.0, 1256.7414812095406, 492.7757465151356], [0.0, 0.0, 1.0]], [[809.2209905677063, 0.0, 829.2196003259838], [0.0, 809.2209905677063, 481.77842384512485], [0.0, 0.0, 1.0]], [[1259.5137405846733, 0.0, 807.2529053838625], [0.0, 1259.5137405846733, 501.19579884916527], [0.0, 0.0, 1.0]]], "extrinsics": [[[0.8204993009567261, -0.5707197785377502, 0.032554786652326584, -0.7824554443359375], [0.023775337263941765, -0.022829854860901833, -0.9994565844535828, 1.5135440826416016], [0.5711528658866882, 0.8208274245262146, -0.00516282394528389, -1.1539306640625], [0.0, 0.0, 0.0, 1.0]], [[0.005560880992561579, -0.9996182322502136, 0.02706516534090042, 0.006591796875], [0.01852903701364994, -0.026957936584949493, -0.9994648694992065, 1.5239028930664062], [0.9998127818107605, 0.006059405393898487, 0.018372053280472755, -1.5111083984375], [0.0, 0.0, 0.0, 1.0]], [[-0.8325104117393494, -0.5538138747215271, -0.014718350023031235, 0.9168701171875], [0.024202456697821617, -0.009814608842134476, -0.9996588826179504, 1.5070152282714844], [0.5534805059432983, -0.8325826525688171, 0.021574420854449272, -1.17144775390625], [0.0, 0.0, 0.0, 1.0]], [[0.9473708868026733, 0.31960585713386536, 0.018453501164913177, -1.145751953125], [0.03299231827259064, -0.04013499617576599, -0.9986494183540344, 1.5884265899658203], [-0.31843358278274536, 0.9467002153396606, -0.048567261546850204, -0.102294921875], [0.0, 0.0, 0.0, 1.0]], [[0.0025380877777934074, 0.9995415806770325, -0.030173275619745255, 0.002685546875], [0.007543673738837242, -0.030191650614142418, -0.9995156526565552, 1.5797157287597656], [-0.9999682903289795, 0.0023092366755008698, -0.007616845890879631, -0.0457763671875], [0.0, 0.0, 0.0, 1.0]], [[-0.9342174530029297, 0.3541277348995209, -0.04279135912656784, 1.0438690185546875], [0.04013049975037575, -0.014857769012451172, -0.9990839958190918, 1.5554156303405762], [-0.3544391393661499, -0.935079038143158, -0.00033093371894210577, -0.0985107421875], [0.0, 0.0, 0.0, 1.0]]], "view": [[0.0, -2.0, 100.0], [-2.0, 0.0, 100.0], [0.0, 0.0, 1.0]], "bev": "bev_8e8e071e57d74e6c973ff03a4bf48ec6.png", "aux": "aux_8e8e071e57d74e6c973ff03a4bf48ec6.npz", "visibility": "visibility_8e8e071e57d74e6c973ff03a4bf48ec6.png", "pose": [[-0.9995123744010925, 0.031225277110934258, 0.0, 615.28076171875], [-0.031225277110934258, -0.9995123744010925, 0.0, 1365.046875], [0.0, 0.0, 1.0, 0.0], [0.0, 0.0, 0.0, 1.0]], "pose_inverse": [[-0.9995123744010925, -0.031225277110934258, 0.0, 657.6046752929688], [0.031225277110934258, -0.9995123744010925, 0.0, 1345.1689453125], [0.0, 0.0, 1.0, 0.0], [0.0, 0.0, 0.0, 1.0]], "cam_ids": [0, 1, 2, 3, 4, 5], "cam_channels": ["CAM_FRONT_LEFT", "CAM_FRONT", "CAM_FRONT_RIGHT", "CAM_BACK_LEFT", "CAM_BACK", "CAM_BACK_RIGHT"], "token": "8e8e071e57d74e6c973ff03a4bf48ec6", "scene": "scene-0191"}, {"images": ["samples/CAM_FRONT_LEFT/n015-2018-08-01-15-10-21+0800__CAM_FRONT_LEFT__1533107661004844.jpg", "samples/CAM_FRONT/n015-2018-08-01-15-10-21+0800__CAM_FRONT__1533107661012460.jpg", "samples/CAM_FRONT_RIGHT/n015-2018-08-01-15-10-21+0800__CAM_FRONT_RIGHT__1533107661020339.jpg", "samples/CAM_BACK_LEFT/n015-2018-08-01-15-10-21+0800__CAM_BACK_LEFT__1533107661047423.jpg", "samples/CAM_BACK/n015-2018-08-01-15-10-21+0800__CAM_BACK__1533107661037525.jpg", "samples/CAM_BACK_RIGHT/n015-2018-08-01-15-10-21+0800__CAM_BACK_RIGHT__1533107661027893.jpg"], "intrinsics": [[[1272.5979470598488, 0.0, 826.6154927353808], [0.0, 1272.5979470598488, 479.75165386361925], [0.0, 0.0, 1.0]], [[1266.417203046554, 0.0, 816.2670197447984], [0.0, 1266.417203046554, 491.50706579294757], [0.0, 0.0, 1.0]], [[1260.8474446004698, 0.0, 807.968244525554], [0.0, 1260.8474446004698, 495.3344268742088], [0.0, 0.0, 1.0]], [[1256.7414812095406, 0.0, 792.1125740759628], [0.0, 1256.7414812095406, 492.7757465151356], [0.0, 0.0, 1.0]], [[809.2209905677063, 0.0, 829.2196003259838], [0.0, 809.2209905677063, 481.77842384512485], [0.0, 0.0, 1.0]], [[1259.5137405846733, 0.0, 807.2529053838625], [0.0, 1259.5137405846733, 501.19579884916527], [0.0, 0.0, 1.0]]], "extrinsics": [[[0.8204526901245117, -0.5708996653556824, 0.030510541051626205, -0.796600341796875], [0.02350475825369358, -0.01963862031698227, -0.9995307922363281, 1.5130767822265625], [0.5712310075759888, 0.820784866809845, -0.002693700836971402, -1.1644287109375], [0.0, 0.0, 0.0, 1.0]], [[0.005481984931975603, -0.9996978640556335, 0.02395901083946228, 0.0068359375], [0.01820884272456169, -0.023855606094002724, -0.9995496273040771, 1.5235939025878906], [0.9998190999031067, 0.0059157866053283215, 0.018072566017508507, -1.5255126953125], [0.0, 0.0, 0.0, 1.0]], [[-0.8325561285018921, -0.5537073016166687, -0.016079183667898178, 0.9263916015625], [0.02383265271782875, -0.0068046278320252895, -0.9996927380561829, 1.506692886352539], [0.5534278154373169, -0.8326835632324219, 0.018861548975110054, -1.17730712890625], [0.0, 0.0, 0.0, 1.0]], [[0.9473837018013, 0.3195490539073944, 0.018773125484585762, -1.1483154296875], [0.03245773911476135, -0.03755275905132294, -0.9987673759460449, 1.5883560180664062], [-0.31845012307167053, 0.9468253254890442, -0.04594871401786804, -0.1019287109375], [0.0, 0.0, 0.0, 1.0]], [[0.0025599340442568064, 0.9996204972267151, -0.027429664507508278, 0.0025634765625], [0.0070574539713561535, -0.027447132393717766, -0.9995983242988586, 1.5796699523925781], [-0.999971866607666, 0.002365322783589363, -0.00712504331022501, -0.0411376953125], [0.0, 0.0, 0.0, 1.0]], [[-0.9342162609100342, 0.35430148243904114, -0.04135655239224434, 1.051422119140625], [0.03969705477356911, -0.011954117566347122, -0.9991402626037598, 1.5550518035888672], [-0.35449129343032837, -0.9350548386573792, -0.0028969955164939165, -0.0953369140625], [0.0, 0.0, 0.0, 1.0]]], "view": [[0.0, -2.0, 100.0], [-2.0, 0.0, 100.0], [0.0, 0.0, 1.0]], "bev": "bev_f9c597d6029743388f702596c85dc03e.png", "aux": "aux_f9c597d6029743388f702596c85dc03e.npz", "visibility": "visibility_f9c597d6029743388f702596c85dc03e.png", "pose": [[-0.9994074702262878, 0.03441976383328438, 0.0, 612.7783203125], [-0.03441976383328438, -0.9994074702262878, 0.0, 1364.98095703125], [0.0, 0.0, 1.0, 0.0], [0.0, 0.0, 0.0, 1.0]], "pose_inverse": [[-0.9994074702262878, -0.03441976383328438, 0.0, 659.3975219726562], [0.03441976383328438, -0.9994074702262878, 0.0, 1343.0804443359375], [0.0, 0.0, 1.0, 0.0], [0.0, 0.0, 0.0, 1.0]], "cam_ids": [0, 1, 2, 3, 4, 5], "cam_channels": ["CAM_FRONT_LEFT", "CAM_FRONT", "CAM_FRONT_RIGHT", "CAM_BACK_LEFT", "CAM_BACK", "CAM_BACK_RIGHT"], "token": "f9c597d6029743388f702596c85dc03e", "scene": "scene-0191"}, {"images": ["samples/CAM_FRONT_LEFT/n015-2018-08-01-15-10-21+0800__CAM_FRONT_LEFT__1533107661504844.jpg", "samples/CAM_FRONT/n015-2018-08-01-15-10-21+0800__CAM_FRONT__1533107661512460.jpg", "samples/CAM_FRONT_RIGHT/n015-2018-08-01-15-10-21+0800__CAM_FRONT_RIGHT__1533107661520339.jpg", "samples/CAM_BACK_LEFT/n015-2018-08-01-15-10-21+0800__CAM_BACK_LEFT__1533107661547423.jpg", "samples/CAM_BACK/n015-2018-08-01-15-10-21+0800__CAM_BACK__1533107661537525.jpg", "samples/CAM_BACK_RIGHT/n015-2018-08-01-15-10-21+0800__CAM_BACK_RIGHT__1533107661527893.jpg"], "intrinsics": [[[1272.5979470598488, 0.0, 826.6154927353808], [0.0, 1272.5979470598488, 479.75165386361925], [0.0, 0.0, 1.0]], [[1266.417203046554, 0.0, 816.2670197447984], [0.0, 1266.417203046554, 491.50706579294757], [0.0, 0.0, 1.0]], [[1260.8474446004698, 0.0, 807.968244525554], [0.0, 1260.8474446004698, 495.3344268742088], [0.0, 0.0, 1.0]], [[1256.7414812095406, 0.0, 792.1125740759628], [0.0, 1256.7414812095406, 492.7757465151356], [0.0, 0.0, 1.0]], [[809.2209905677063, 0.0, 829.2196003259838], [0.0, 809.2209905677063, 481.77842384512485], [0.0, 0.0, 1.0]], [[1259.5137405846733, 0.0, 807.2529053838625], [0.0, 1259.5137405846733, 501.19579884916527], [0.0, 0.0, 1.0]]], "extrinsics": [[[0.8203208446502686, -0.5710629820823669, 0.030995937064290047, -0.8163604736328125], [0.024988841265439987, -0.018355531617999077, -0.9995191693305969, 1.5127739906311035], [0.5713573694229126, 0.820701003074646, -0.0007872243295423687, -1.177734375], [0.0, 0.0, 0.0, 1.0]], [[0.005341691896319389, -0.9997366070747375, 0.022319002076983452, 0.0062255859375], [0.02001265622675419, -0.022207973524928093, -0.9995530843734741, 1.5235090255737305], [0.9997854828834534, 0.005785963963717222, 0.019888753071427345, -1.54425048828125], [0.0, 0.0, 0.0, 1.0]], [[-0.832548975944519, -0.5536260604858398, -0.018980015069246292, 0.9371337890625], [0.02596874348819256, -0.004780943039804697, -0.999651312828064, 1.5066261291503906], [0.553342342376709, -0.8327516913414001, 0.01835734397172928, -1.1849365234375], [0.0, 0.0, 0.0, 1.0]], [[0.9473393559455872, 0.3194425404071808, 0.02246495708823204, -1.1436767578125], [0.03537912294268608, -0.03468124940991402, -0.9987719655036926, 1.5885028839111328], [-0.31827113032341003, 0.9469708800315857, -0.0441565066576004, -0.103271484375], [0.0, 0.0, 0.0, 1.0]], [[0.002627812558785081, 0.9996895790100098, -0.024775389581918716, 0.0029296875], [0.009801034815609455, -0.024800032377243042, -0.99964439868927, 1.579763412475586], [-0.9999485015869141, 0.0023840484209358692, -0.009863163344562054, -0.03948974609375], [0.0, 0.0, 0.0, 1.0]], [[-0.934105634689331, 0.35442113876342773, -0.04280610382556915, 1.0590667724609375], [0.042142052203416824, -0.009595868177711964, -0.9990655779838562, 1.5549259185791016], [-0.3545007109642029, -0.9350367188453674, -0.005972480401396751, -0.092529296875], [0.0, 0.0, 0.0, 1.0]]], "view": [[0.0, -2.0, 100.0], [-2.0, 0.0, 100.0], [0.0, 0.0, 1.0]], "bev": "bev_f913cd076646402181cde784125ebbf2.png", "aux": "aux_f913cd076646402181cde784125ebbf2.npz", "visibility": "visibility_f913cd076646402181cde784125ebbf2.png", "pose": [[-0.9991706013679504, 0.040720101445913315, 0.0, 610.4707641601562], [-0.040720101445913315, -0.9991706013679504, 0.0, 1364.9058837890625], [0.0, 0.0, 1.0, 0.0], [0.0, 0.0, 0.0, 1.0]], "pose_inverse": [[-0.9991706013679504, -0.040720101445913315, 0.0, 665.5435180664062], [0.040720101445913315, -0.9991706013679504, 0.0, 1338.9154052734375], [0.0, 0.0, 1.0, 0.0], [0.0, 0.0, 0.0, 1.0]], "cam_ids": [0, 1, 2, 3, 4, 5], "cam_channels": ["CAM_FRONT_LEFT", "CAM_FRONT", "CAM_FRONT_RIGHT", "CAM_BACK_LEFT", "CAM_BACK", "CAM_BACK_RIGHT"], "token": "f913cd076646402181cde784125ebbf2", "scene": "scene-0191"}, {"images": ["samples/CAM_FRONT_LEFT/n015-2018-08-01-15-10-21+0800__CAM_FRONT_LEFT__1533107662004844.jpg", "samples/CAM_FRONT/n015-2018-08-01-15-10-21+0800__CAM_FRONT__1533107662012460.jpg", "samples/CAM_FRONT_RIGHT/n015-2018-08-01-15-10-21+0800__CAM_FRONT_RIGHT__1533107662020339.jpg", "samples/CAM_BACK_LEFT/n015-2018-08-01-15-10-21+0800__CAM_BACK_LEFT__1533107662047423.jpg", "samples/CAM_BACK/n015-2018-08-01-15-10-21+0800__CAM_BACK__1533107662037525.jpg", "samples/CAM_BACK_RIGHT/n015-2018-08-01-15-10-21+0800__CAM_BACK_RIGHT__1533107662027893.jpg"], "intrinsics": [[[1272.5979470598488, 0.0, 826.6154927353808], [0.0, 1272.5979470598488, 479.75165386361925], [0.0, 0.0, 1.0]], [[1266.417203046554, 0.0, 816.2670197447984], [0.0, 1266.417203046554, 491.50706579294757], [0.0, 0.0, 1.0]], [[1260.8474446004698, 0.0, 807.968244525554], [0.0, 1260.8474446004698, 495.3344268742088], [0.0, 0.0, 1.0]], [[1256.7414812095406, 0.0, 792.1125740759628], [0.0, 1256.7414812095406, 492.7757465151356], [0.0, 0.0, 1.0]], [[809.2209905677063, 0.0, 829.2196003259838], [0.0, 809.2209905677063, 481.77842384512485], [0.0, 0.0, 1.0]], [[1259.5137405846733, 0.0, 807.2529053838625], [0.0, 1259.5137405846733, 501.19579884916527], [0.0, 0.0, 1.0]]], "extrinsics": [[[0.8196846842765808, -0.5715574026107788, 0.037935543805360794, -0.8143768310546875], [0.03107459843158722, -0.021759599447250366, -0.9992802143096924, 1.5139579772949219], [0.5719714164733887, 0.8202735185623169, -7.509234274039045e-05, -1.1741943359375], [0.0, 0.0, 0.0, 1.0]], [[0.004581328947097063, -0.9996498227119446, 0.026060733944177628, 0.005126953125], [0.025275113061070442, -0.025936927646398544, -0.9993440508842468, 1.5243568420410156], [0.9996700286865234, 0.00523701636120677, 0.025147438049316406, -1.54052734375], [0.0, 0.0, 0.0, 1.0]], [[-0.8327392339706421, -0.5532886981964111, -0.020420439541339874, 0.9337158203125], [0.030391940847039223, -0.00885316263884306, -0.9994988441467285, 1.5072317123413086], [0.5528305768966675, -0.8329424858093262, 0.02418789267539978, -1.1837158203125], [0.0, 0.0, 0.0, 1.0]], [[0.9472538828849792, 0.31968697905540466, 0.022587411105632782, -1.1363525390625], [0.03711343929171562, -0.03941845893859863, -0.9985332489013672, 1.5887718200683594], [-0.3183276653289795, 0.9467029571533203, -0.04920397326350212, -0.105712890625], [0.0, 0.0, 0.0, 1.0]], [[0.0028594310861080885, 0.9995662569999695, -0.029313091188669205, 0.0030517578125], [0.012443888932466507, -0.029346507042646408, -0.9994918704032898, 1.5799179077148438], [-0.9999184608459473, 0.002493205713108182, -0.01252240501344204, -0.043701171875], [0.0, 0.0, 0.0, 1.0]], [[-0.9338146448135376, 0.3545612394809723, -0.04771384224295616, 1.0558624267578125], [0.04574262350797653, -0.013944342732429504, -0.9988559484481812, 1.5553855895996094], [-0.3548209071159363, -0.9349287748336792, -0.003197131911292672, -0.0946044921875], [0.0, 0.0, 0.0, 1.0]]], "view": [[0.0, -2.0, 100.0], [-2.0, 0.0, 100.0], [0.0, 0.0, 1.0]], "bev": "bev_4e1434a550a049cb817a0cd3a6efc073.png", "aux": "aux_4e1434a550a049cb817a0cd3a6efc073.npz", "visibility": "visibility_4e1434a550a049cb817a0cd3a6efc073.png", "pose": [[-0.9987921714782715, 0.04913429915904999, 0.0, 608.3356323242188], [-0.04913429915904999, -0.9987921714782715, 0.0, 1364.8128662109375], [0.0, 0.0, 1.0, 0.0], [0.0, 0.0, 0.0, 1.0]], "pose_inverse": [[-0.9987921714782715, -0.04913429915904999, 0.0, 674.6599731445312], [0.04913429915904999, -0.9987921714782715, 0.0, 1333.2742919921875], [0.0, 0.0, 1.0, 0.0], [0.0, 0.0, 0.0, 1.0]], "cam_ids": [0, 1, 2, 3, 4, 5], "cam_channels": ["CAM_FRONT_LEFT", "CAM_FRONT", "CAM_FRONT_RIGHT", "CAM_BACK_LEFT", "CAM_BACK", "CAM_BACK_RIGHT"], "token": "4e1434a550a049cb817a0cd3a6efc073", "scene": "scene-0191"}, {"images": ["samples/CAM_FRONT_LEFT/n015-2018-08-01-15-10-21+0800__CAM_FRONT_LEFT__1533107662504844.jpg", "samples/CAM_FRONT/n015-2018-08-01-15-10-21+0800__CAM_FRONT__1533107662512460.jpg", "samples/CAM_FRONT_RIGHT/n015-2018-08-01-15-10-21+0800__CAM_FRONT_RIGHT__1533107662520339.jpg", "samples/CAM_BACK_LEFT/n015-2018-08-01-15-10-21+0800__CAM_BACK_LEFT__1533107662547423.jpg", "samples/CAM_BACK/n015-2018-08-01-15-10-21+0800__CAM_BACK__1533107662537525.jpg", "samples/CAM_BACK_RIGHT/n015-2018-08-01-15-10-21+0800__CAM_BACK_RIGHT__1533107662527893.jpg"], "intrinsics": [[[1272.5979470598488, 0.0, 826.6154927353808], [0.0, 1272.5979470598488, 479.75165386361925], [0.0, 0.0, 1.0]], [[1266.417203046554, 0.0, 816.2670197447984], [0.0, 1266.417203046554, 491.50706579294757], [0.0, 0.0, 1.0]], [[1260.8474446004698, 0.0, 807.968244525554], [0.0, 1260.8474446004698, 495.3344268742088], [0.0, 0.0, 1.0]], [[1256.7414812095406, 0.0, 792.1125740759628], [0.0, 1256.7414812095406, 492.7757465151356], [0.0, 0.0, 1.0]], [[809.2209905677063, 0.0, 829.2196003259838], [0.0, 809.2209905677063, 481.77842384512485], [0.0, 0.0, 1.0]], [[1259.5137405846733, 0.0, 807.2529053838625], [0.0, 1259.5137405846733, 501.19579884916527], [0.0, 0.0, 1.0]]], "extrinsics": [[[0.8201489448547363, -0.5716153383255005, 0.0247318334877491, -0.8354644775390625], [0.019510334357619286, -0.015260028652846813, -0.9996931552886963, 1.5113277435302734], [0.5718173980712891, 0.8203797936439514, -0.0013630882604047656, -1.18994140625], [0.0, 0.0, 0.0, 1.0]], [[0.00498301163315773, -0.999796986579895, 0.019523313269019127, 0.0054931640625], [0.014012952335178852, -0.019451826810836792, -0.9997126460075378, 1.5223493576049805], [0.9998893737792969, 0.0052551571279764175, 0.013913179747760296, -1.56256103515625], [0.0, 0.0, 0.0, 1.0]], [[-0.8328840136528015, -0.5532476902008057, -0.014875554479658604, 0.9486083984375], [0.019438670948147774, -0.002381309401243925, -0.9998081922531128, 1.5055971145629883], [0.5531061887741089, -0.8330134153366089, 0.012737755663692951, -1.19317626953125], [0.0, 0.0, 0.0, 1.0]], [[0.9475221037864685, 0.319314181804657, 0.015503142029047012, -1.140625], [0.02761019766330719, -0.033423829823732376, -0.9990598559379578, 1.5885791778564453], [-0.31849581003189087, 0.9470592737197876, -0.04048614576458931, -0.103515625], [0.0, 0.0, 0.0, 1.0]], [[0.0026900286320596933, 0.9997294545173645, -0.02310347743332386, 0.0030517578125], [0.0023275662679225206, -0.023109756410121918, -0.9997302293777466, 1.5794391632080078], [-0.9999937415122986, 0.002635528100654483, -0.00238910224288702, -0.03533935546875], [0.0, 0.0, 0.0, 1.0]], [[-0.9342606067657471, 0.3548170030117035, -0.03552525117993355, 1.0683746337890625], [0.035137444734573364, -0.007538461592048407, -0.9993540644645691, 1.553999900817871], [-0.35485559701919556, -0.9349054098129272, -0.005424476228654385, -0.08935546875], [0.0, 0.0, 0.0, 1.0]]], "view": [[0.0, -2.0, 100.0], [-2.0, 0.0, 100.0], [0.0, 0.0, 1.0]], "bev": "bev_1f2fc27d1c1e4fa699270892a27cd3fb.png", "aux": "aux_1f2fc27d1c1e4fa699270892a27cd3fb.npz", "visibility": "visibility_1f2fc27d1c1e4fa699270892a27cd3fb.png", "pose": [[-0.9978780150413513, 0.06511138379573822, 0.0, 606.43701171875], [-0.06511138379573822, -0.9978780150413513, 0.0, 1364.70361328125], [0.0, 0.0, 1.0, 0.0], [0.0, 0.0, 0.0, 1.0]], "pose_inverse": [[-0.9978780150413513, -0.06511138379573822, 0.0, 694.0078735351562], [0.06511138379573822, -0.9978780150413513, 0.0, 1322.32177734375], [0.0, 0.0, 1.0, 0.0], [0.0, 0.0, 0.0, 1.0]], "cam_ids": [0, 1, 2, 3, 4, 5], "cam_channels": ["CAM_FRONT_LEFT", "CAM_FRONT", "CAM_FRONT_RIGHT", "CAM_BACK_LEFT", "CAM_BACK", "CAM_BACK_RIGHT"], "token": "1f2fc27d1c1e4fa699270892a27cd3fb", "scene": "scene-0191"}, {"images": ["samples/CAM_FRONT_LEFT/n015-2018-08-01-15-10-21+0800__CAM_FRONT_LEFT__1533107663004844.jpg", "samples/CAM_FRONT/n015-2018-08-01-15-10-21+0800__CAM_FRONT__1533107663012460.jpg", "samples/CAM_FRONT_RIGHT/n015-2018-08-01-15-10-21+0800__CAM_FRONT_RIGHT__1533107663020339.jpg", "samples/CAM_BACK_LEFT/n015-2018-08-01-15-10-21+0800__CAM_BACK_LEFT__1533107663047423.jpg", "samples/CAM_BACK/n015-2018-08-01-15-10-21+0800__CAM_BACK__1533107663037525.jpg", "samples/CAM_BACK_RIGHT/n015-2018-08-01-15-10-21+0800__CAM_BACK_RIGHT__1533107663027893.jpg"], "intrinsics": [[[1272.5979470598488, 0.0, 826.6154927353808], [0.0, 1272.5979470598488, 479.75165386361925], [0.0, 0.0, 1.0]], [[1266.417203046554, 0.0, 816.2670197447984], [0.0, 1266.417203046554, 491.50706579294757], [0.0, 0.0, 1.0]], [[1260.8474446004698, 0.0, 807.968244525554], [0.0, 1260.8474446004698, 495.3344268742088], [0.0, 0.0, 1.0]], [[1256.7414812095406, 0.0, 792.1125740759628], [0.0, 1256.7414812095406, 492.7757465151356], [0.0, 0.0, 1.0]], [[809.2209905677063, 0.0, 829.2196003259838], [0.0, 809.2209905677063, 481.77842384512485], [0.0, 0.0, 1.0]], [[1259.5137405846733, 0.0, 807.2529053838625], [0.0, 1259.5137405846733, 501.19579884916527], [0.0, 0.0, 1.0]]], "extrinsics": [[[0.8201674818992615, -0.5713063478469849, 0.03056752122938633, -0.841094970703125], [0.022920284420251846, -0.02057485468685627, -0.9995255470275879, 1.5117073059082031], [0.5716641545295715, 0.8204789161682129, -0.003780323313549161, -1.194091796875], [0.0, 0.0, 0.0, 1.0]], [[0.00506748678162694, -0.9996830224990845, 0.02466065064072609, 0.0057373046875], [0.017698531970381737, -0.024567443877458572, -0.9995415210723877, 1.5227222442626953], [0.9998305439949036, 0.0055016204714775085, 0.017568424344062805, -1.56884765625], [0.0, 0.0, 0.0, 1.0]], [[-0.8327432870864868, -0.5534433126449585, -0.015462229028344154, 0.9530029296875], [0.02340666949748993, -0.007289205212146044, -0.9996994137763977, 1.505871295928955], [0.5531643033027649, -0.8328549265861511, 0.019024303182959557, -1.19598388671875], [0.0, 0.0, 0.0, 1.0]], [[0.9473756551742554, 0.31957417726516724, 0.018752045929431915, -1.1439208984375], [0.03243298828601837, -0.03754144161939621, -0.9987686276435852, 1.5885009765625], [-0.3184766471385956, 0.9468173384666443, -0.04593059420585632, -0.1031494140625], [0.0, 0.0, 0.0, 1.0]], [[0.002676799427717924, 0.9996178150177002, -0.027516348287463188, 0.0030517578125], [0.006871518678963184, -0.027534184977412224, -0.9995972514152527, 1.57958984375], [-0.9999727606773376, 0.002486633835360408, -0.0069425953552126884, -0.03155517578125], [0.0, 0.0, 0.0, 1.0]], [[-0.9341466426849365, 0.35450872778892517, -0.041152048856019974, 1.072479248046875], [0.039370741695165634, -0.01223951019346714, -0.999149739742279, 1.5541305541992188], [-0.35471099615097046, -0.9349725842475891, -0.0025237752124667168, -0.087646484375], [0.0, 0.0, 0.0, 1.0]]], "view": [[0.0, -2.0, 100.0], [-2.0, 0.0, 100.0], [0.0, 0.0, 1.0]], "bev": "bev_56aaa8300c6e40ee9667eba765c54a09.png", "aux": "aux_56aaa8300c6e40ee9667eba765c54a09.npz", "visibility": "visibility_56aaa8300c6e40ee9667eba765c54a09.png", "pose": [[-0.9970975518226624, 0.07613472640514374, 0.0, 604.62060546875], [-0.07613472640514374, -0.9970975518226624, 0.0, 1364.580078125], [0.0, 0.0, 1.0, 0.0], [0.0, 0.0, 0.0, 1.0]], "pose_inverse": [[-0.9970975518226624, -0.07613472640514374, 0.0, 706.7576293945312], [0.07613472640514374, -0.9970975518226624, 0.0, 1314.5867919921875], [0.0, 0.0, 1.0, 0.0], [0.0, 0.0, 0.0, 1.0]], "cam_ids": [0, 1, 2, 3, 4, 5], "cam_channels": ["CAM_FRONT_LEFT", "CAM_FRONT", "CAM_FRONT_RIGHT", "CAM_BACK_LEFT", "CAM_BACK", "CAM_BACK_RIGHT"], "token": "56aaa8300c6e40ee9667eba765c54a09", "scene": "scene-0191"}, {"images": ["samples/CAM_FRONT_LEFT/n015-2018-08-01-15-10-21+0800__CAM_FRONT_LEFT__1533107663504844.jpg", "samples/CAM_FRONT/n015-2018-08-01-15-10-21+0800__CAM_FRONT__1533107663512460.jpg", "samples/CAM_FRONT_RIGHT/n015-2018-08-01-15-10-21+0800__CAM_FRONT_RIGHT__1533107663520357.jpg", "samples/CAM_BACK_LEFT/n015-2018-08-01-15-10-21+0800__CAM_BACK_LEFT__1533107663547423.jpg", "samples/CAM_BACK/n015-2018-08-01-15-10-21+0800__CAM_BACK__1533107663537525.jpg", "samples/CAM_BACK_RIGHT/n015-2018-08-01-15-10-21+0800__CAM_BACK_RIGHT__1533107663527893.jpg"], "intrinsics": [[[1272.5979470598488, 0.0, 826.6154927353808], [0.0, 1272.5979470598488, 479.75165386361925], [0.0, 0.0, 1.0]], [[1266.417203046554, 0.0, 816.2670197447984], [0.0, 1266.417203046554, 491.50706579294757], [0.0, 0.0, 1.0]], [[1260.8474446004698, 0.0, 807.968244525554], [0.0, 1260.8474446004698, 495.3344268742088], [0.0, 0.0, 1.0]], [[1256.7414812095406, 0.0, 792.1125740759628], [0.0, 1256.7414812095406, 492.7757465151356], [0.0, 0.0, 1.0]], [[809.2209905677063, 0.0, 829.2196003259838], [0.0, 809.2209905677063, 481.77842384512485], [0.0, 0.0, 1.0]], [[1259.5137405846733, 0.0, 807.2529053838625], [0.0, 1259.5137405846733, 501.19579884916527], [0.0, 0.0, 1.0]]], "extrinsics": [[[0.8204867243766785, -0.5706520676612854, 0.0340261273086071, -0.8335723876953125], [0.026423458009958267, -0.02160022221505642, -0.9994174242019653, 1.5124788284301758], [0.5710545778274536, 0.8209078311920166, -0.0026440932415425777, -1.18896484375], [0.0, 0.0, 0.0, 1.0]], [[0.005628593266010284, -0.9996541738510132, 0.025685280561447144, 0.005859375], [0.021033935248851776, -0.025561653077602386, -0.9994519352912903, 1.5232963562011719], [0.9997629523277283, 0.00616576848551631, 0.020882783457636833, -1.56103515625], [0.0, 0.0, 0.0, 1.0]], [[-0.8324042558670044, -0.5538910031318665, -0.01754594035446644, 0.94775390625], [0.026556318625807762, -0.008244284428656101, -0.9996132850646973, 1.5063390731811523], [0.5535321235656738, -0.8325483798980713, 0.02157188393175602, -1.1923828125], [0.0, 0.0, 0.0, 1.0]], [[0.9473605155944824, 0.3194931745529175, 0.020786743611097336, -1.1434326171875], [0.034825269132852554, -0.03828940913081169, -0.9986596703529358, 1.5885066986083984], [-0.3182689845561981, 0.9468146562576294, -0.04740031063556671, -0.1031494140625], [0.0, 0.0, 0.0, 1.0]], [[0.0025449725799262524, 0.9995942711830139, -0.02837098017334938, 0