[{"images": ["samples/CAM_FRONT_LEFT/n015-2018-07-24-11-03-52+0800__CAM_FRONT_LEFT__1532401552604844.jpg", "samples/CAM_FRONT/n015-2018-07-24-11-03-52+0800__CAM_FRONT__1532401552612460.jpg", "samples/CAM_FRONT_RIGHT/n015-2018-07-24-11-03-52+0800__CAM_FRONT_RIGHT__1532401552620339.jpg", "samples/CAM_BACK_LEFT/n015-2018-07-24-11-03-52+0800__CAM_BACK_LEFT__1532401552647423.jpg", "samples/CAM_BACK/n015-2018-07-24-11-03-52+0800__CAM_BACK__1532401552637525.jpg", "samples/CAM_BACK_RIGHT/n015-2018-07-24-11-03-52+0800__CAM_BACK_RIGHT__1532401552627893.jpg"], "intrinsics": [[[1272.5979470598488, 0.0, 826.6154927353808], [0.0, 1272.5979470598488, 479.75165386361925], [0.0, 0.0, 1.0]], [[1266.417203046554, 0.0, 816.2670197447984], [0.0, 1266.417203046554, 491.50706579294757], [0.0, 0.0, 1.0]], [[1260.8474446004698, 0.0, 807.968244525554], [0.0, 1260.8474446004698, 495.3344268742088], [0.0, 0.0, 1.0]], [[1256.7414812095406, 0.0, 792.1125740759628], [0.0, 1256.7414812095406, 492.7757465151356], [0.0, 0.0, 1.0]], [[809.2209905677063, 0.0, 829.2196003259838], [0.0, 809.2209905677063, 481.77842384512485], [0.0, 0.0, 1.0]], [[1259.5137405846733, 0.0, 807.2529053838625], [0.0, 1259.5137405846733, 501.19579884916527], [0.0, 0.0, 1.0]]], "extrinsics": [[[0.8206269145011902, -0.5711151957511902, 0.019972756505012512, -0.569580078125], [0.0004325105401221663, -0.03432941809296608, -0.9994105100631714, 1.5085639953613281], [0.5714641809463501, 0.8201517462730408, -0.027924630790948868, -1.0087890625], [0.0, 0.0, 0.0, 1.0]], [[0.005358733702450991, -0.9992516040802002, 0.038306619971990585, 0.009765625], [-0.004516615532338619, -0.038330961018800735, -0.9992549419403076, 1.5188484191894531], [0.9999754428863525, 0.005181687884032726, -0.004718640353530645, -1.29638671875], [0.0, 0.0, 0.0, 1.0]], [[-0.8331481218338013, -0.5529516339302063, 0.010424393229186535, 0.77557373046875], [0.0014762241626158357, -0.021072328090667725, -0.9997768402099609, 1.5041465759277344], [0.5530479550361633, -0.83294677734375, 0.01837265118956566, -1.0760498046875], [0.0, 0.0, 0.0, 1.0]], [[0.9478521347045898, 0.3186532258987427, -0.00602670107036829, -1.1346435546875], [0.010819083079695702, -0.0510692298412323, -0.9986364841461182, 1.5886459350585938], [-0.31852659583091736, 0.9464946389198303, -0.051853619515895844, -0.1063232421875], [0.0, 0.0, 0.0, 1.0]], [[0.0028107594698667526, 0.9991449117660522, -0.04124857112765312, 0.00238037109375], [-0.014768640510737896, -0.04120275750756264, -0.9990416765213013, 1.5776443481445312], [-0.9998869895935059, 0.003417268628254533, 0.0146402008831501, -0.1162567138671875], [0.0, 0.0, 0.0, 1.0]], [[-0.9346089959144592, 0.35474658012390137, -0.025707807391881943, 0.925048828125], [0.017613060772418976, -0.026029245927929878, -0.9995059967041016, 1.5554580688476562], [-0.35524049401283264, -0.9346001148223877, 0.018078994005918503, -0.1424560546875], [0.0, 0.0, 0.0, 1.0]]], "view": [[0.0, -2.0, 100.0], [-2.0, 0.0, 100.0], [0.0, 0.0, 1.0]], "bev": "bev_9f03829b02694c17a98fbcb20a9d66cc.png", "aux": "aux_9f03829b02694c17a98fbcb20a9d66cc.npz", "visibility": "visibility_9f03829b02694c17a98fbcb20a9d66cc.png", "pose": [[-0.8290708661079407, -0.5591435432434082, 0.0, 726.215576171875], [0.5591435432434082, -0.8290708661079407, 0.0, 735.9579467773438], [0.0, 0.0, 1.0, 0.0], [0.0, 0.0, 0.0, 1.0]], "pose_inverse": [[-0.8290708661079407, 0.5591435432434082, 0.0, 190.57801818847656], [-0.5591435432434082, -0.8290708661079407, 0.0, 1016.2200317382812], [0.0, 0.0, 1.0, 0.0], [0.0, 0.0, 0.0, 1.0]], "cam_ids": [0, 1, 2, 3, 4, 5], "cam_channels": ["CAM_FRONT_LEFT", "CAM_FRONT", "CAM_FRONT_RIGHT", "CAM_BACK_LEFT", "CAM_BACK", "CAM_BACK_RIGHT"], "token": "9f03829b02694c17a98fbcb20a9d66cc", "scene": "scene-0042"}, {"images": ["samples/CAM_FRONT_LEFT/n015-2018-07-24-11-03-52+0800__CAM_FRONT_LEFT__1532401553104844.jpg", "samples/CAM_FRONT/n015-2018-07-24-11-03-52+0800__CAM_FRONT__1532401553112460.jpg", "samples/CAM_FRONT_RIGHT/n015-2018-07-24-11-03-52+0800__CAM_FRONT_RIGHT__1532401553120339.jpg", "samples/CAM_BACK_LEFT/n015-2018-07-24-11-03-52+0800__CAM_BACK_LEFT__1532401553147423.jpg", "samples/CAM_BACK/n015-2018-07-24-11-03-52+0800__CAM_BACK__1532401553137525.jpg", "samples/CAM_BACK_RIGHT/n015-2018-07-24-11-03-52+0800__CAM_BACK_RIGHT__1532401553127893.jpg"], "intrinsics": [[[1272.5979470598488, 0.0, 826.6154927353808], [0.0, 1272.5979470598488, 479.75165386361925], [0.0, 0.0, 1.0]], [[1266.417203046554, 0.0, 816.2670197447984], [0.0, 1266.417203046554, 491.50706579294757], [0.0, 0.0, 1.0]], [[1260.8474446004698, 0.0, 807.968244525554], [0.0, 1260.8474446004698, 495.3344268742088], [0.0, 0.0, 1.0]], [[1256.7414812095406, 0.0, 792.1125740759628], [0.0, 1256.7414812095406, 492.7757465151356], [0.0, 0.0, 1.0]], [[809.2209905677063, 0.0, 829.2196003259838], [0.0, 809.2209905677063, 481.77842384512485], [0.0, 0.0, 1.0]], [[1259.5137405846733, 0.0, 807.2529053838625], [0.0, 1259.5137405846733, 501.19579884916527], [0.0, 0.0, 1.0]]], "extrinsics": [[[0.8206205368041992, -0.5711928009986877, 0.017908599227666855, -0.568145751953125], [-0.004492365289479494, -0.03778437152504921, -0.999275803565979, 1.506103515625], [0.5714558362960815, 0.8199458122253418, -0.033572640269994736, -1.00469970703125], [0.0, 0.0, 0.0, 1.0]], [[0.0055215186439454556, -0.9991043210029602, 0.041954316198825836, 0.00799560546875], [-0.009924092330038548, -0.04200764372944832, -0.999068021774292, 1.5166244506835938], [0.9999355673789978, 0.005100076086819172, -0.010147146880626678, -1.295379638671875], [0.0, 0.0, 0.0, 1.0]], [[-0.8330270051956177, -0.5529550909996033, 0.017514122650027275, 0.77630615234375], [-0.004435254260897636, -0.024981776252388954, -0.9996780753135681, 1.5023059844970703], [0.5532146692276001, -0.8328364491462708, 0.01835799403488636, -1.07763671875], [0.0, 0.0, 0.0, 1.0]], [[0.9478763937950134, 0.3183175325393677, -0.014301066286861897, -1.141510009765625], [0.0036793705075979233, -0.055813029408454895, -0.9984344244003296, 1.5885543823242188], [-0.3186173737049103, 0.9463397264480591, -0.054075054824352264, -0.10382080078125], [0.0, 0.0, 0.0, 1.0]], [[0.002655859338119626, 0.9989520311355591, -0.04569331929087639, 0.00274658203125], [-0.02152915485203266, -0.04562576860189438, -0.9987266063690186, 1.5769386291503906], [-0.9997646808624268, 0.0036361825186759233, 0.021385421976447105, -0.111114501953125], [0.0, 0.0, 0.0, 1.0]], [[-0.93475341796875, 0.35465970635414124, -0.02127409540116787, 0.92816162109375], [0.011312832124531269, -0.03013695776462555, -0.9994817972183228, 1.5539836883544922], [-0.35511696338653564, -0.9345097541809082, 0.0241584200412035, -0.1419677734375], [0.0, 0.0, 0.0, 1.0]]], "view": [[0.0, -2.0, 100.0], [-2.0, 0.0, 100.0], [0.0, 0.0, 1.0]], "bev": "bev_b0dd4347abd74b6aa1b33e813b4e2d44.png", "aux": "aux_b0dd4347abd74b6aa1b33e813b4e2d44.npz", "visibility": "visibility_b0dd4347abd74b6aa1b33e813b4e2d44.png", "pose": [[-0.8307655453681946, -0.5566225647926331, 0.0, 721.5843505859375], [0.5566225647926331, -0.8307655453681946, 0.0, 739.091796875], [0.0, 0.0, 1.0, 0.0], [0.0, 0.0, 0.0, 1.0]], "pose_inverse": [[-0.8307655453681946, 0.5566225647926331, 0.0, 188.07223510742188], [-0.5566225647926331, -0.8307655453681946, 0.0, 1015.662109375], [0.0, 0.0, 1.0, 0.0], [0.0, 0.0, 0.0, 1.0]], "cam_ids": [0, 1, 2, 3, 4, 5], "cam_channels": ["CAM_FRONT_LEFT", "CAM_FRONT", "CAM_FRONT_RIGHT", "CAM_BACK_LEFT", "CAM_BACK", "CAM_BACK_RIGHT"], "token": "b0dd4347abd74b6aa1b33e813b4e2d44", "scene": "scene-0042"}, {"images": ["samples/CAM_FRONT_LEFT/n015-2018-07-24-11-03-52+0800__CAM_FRONT_LEFT__1532401553604844.jpg", "samples/CAM_FRONT/n015-2018-07-24-11-03-52+0800__CAM_FRONT__1532401553612460.jpg", "samples/CAM_FRONT_RIGHT/n015-2018-07-24-11-03-52+0800__CAM_FRONT_RIGHT__1532401553620339.jpg", "samples/CAM_BACK_LEFT/n015-2018-07-24-11-03-52+0800__CAM_BACK_LEFT__1532401553647423.jpg", "samples/CAM_BACK/n015-2018-07-24-11-03-52+0800__CAM_BACK__1532401553637525.jpg", "samples/CAM_BACK_RIGHT/n015-2018-07-24-11-03-52+0800__CAM_BACK_RIGHT__1532401553627893.jpg"], "intrinsics": [[[1272.5979470598488, 0.0, 826.6154927353808], [0.0, 1272.5979470598488, 479.75165386361925], [0.0, 0.0, 1.0]], [[1266.417203046554, 0.0, 816.2670197447984], [0.0, 1266.417203046554, 491.50706579294757], [0.0, 0.0, 1.0]], [[1260.8474446004698, 0.0, 807.968244525554], [0.0, 1260.8474446004698, 495.3344268742088], [0.0, 0.0, 1.0]], [[1256.7414812095406, 0.0, 792.1125740759628], [0.0, 1256.7414812095406, 492.7757465151356], [0.0, 0.0, 1.0]], [[809.2209905677063, 0.0, 829.2196003259838], [0.0, 809.2209905677063, 481.77842384512485], [0.0, 0.0, 1.0]], [[1259.5137405846733, 0.0, 807.2529053838625], [0.0, 1259.5137405846733, 501.19579884916527], [0.0, 0.0, 1.0]]], "extrinsics": [[[0.8210961818695068, -0.5705752372741699, 0.015655532479286194, -0.567840576171875], [-0.00852098036557436, -0.03967781737446785, -0.9991762042045593, 1.5042266845703125], [0.5707263350486755, 0.8202863335609436, -0.03744116052985191, -1.00689697265625], [0.0, 0.0, 0.0, 1.0]], [[0.006410474423319101, -0.9990285634994507, 0.04359889775514603, 0.009521484375], [-0.013847973197698593, -0.043684303760528564, -0.9989494681358337, 1.5151176452636719], [0.9998835921287537, 0.005799998063594103, -0.014114556834101677, -1.2952117919921875], [0.0, 0.0, 0.0, 1.0]], [[-0.832549512386322, -0.5535324811935425, 0.021521655842661858, 0.77569580078125], [-0.008269686251878738, -0.0264274999499321, -0.9996165037155151, 1.5011234283447266], [0.5538889765739441, -0.8324082493782043, 0.01742466352880001, -1.076171875], [0.0, 0.0, 0.0, 1.0]], [[0.9478492140769958, 0.31822317838668823, -0.017771955579519272, -1.136688232421875], [0.0002755089371930808, -0.0565786138176918, -0.9983980655670166, 1.5885543823242188], [-0.31871896982192993, 0.946325957775116, -0.05371566861867905, -0.1055908203125], [0.0, 0.0, 0.0, 1.0]], [[0.002256712643429637, 0.9989053606987, -0.046724699437618256, 0.00244140625], [-0.025097083300352097, -0.04665352776646614, -0.9985957741737366, 1.5764617919921875], [-0.9996825456619263, 0.003426210954785347, 0.02496432140469551, -0.114593505859375], [0.0, 0.0, 0.0, 1.0]], [[-0.9350193738937378, 0.354129821062088, -0.01818808540701866, 0.925811767578125], [0.007557049859315157, -0.031380072236061096, -0.9994789361953735, 1.5531806945800781], [-0.35451608896255493, -0.9346697330474854, 0.026664799079298973, -0.14215087890625], [0.0, 0.0, 0.0, 1.0]]], "view": [[0.0, -2.0, 100.0], [-2.0, 0.0, 100.0], [0.0, 0.0, 1.0]], "bev": "bev_74f1506fb3f348a28783f117d9e50ff7.png", "aux": "aux_74f1506fb3f348a28783f117d9e50ff7.npz", "visibility": "visibility_74f1506fb3f348a28783f117d9e50ff7.png", "pose": [[-0.8272290825843811, -0.5618648529052734, 0.0, 716.9338989257812], [0.5618648529052734, -0.8272290825843811, 0.0, 742.2533569335938], [0.0, 0.0, 1.0, 0.0], [0.0, 0.0, 0.0, 1.0]], "pose_inverse": [[-0.8272290825843811, 0.5618648529052734, 0.0, 176.02249145507812], [-0.5618648529052734, -0.8272290825843811, 0.0, 1016.83349609375], [0.0, 0.0, 1.0, 0.0], [0.0, 0.0, 0.0, 1.0]], "cam_ids": [0, 1, 2, 3, 4, 5], "cam_channels": ["CAM_FRONT_LEFT", "CAM_FRONT", "CAM_FRONT_RIGHT", "CAM_BACK_LEFT", "CAM_BACK", "CAM_BACK_RIGHT"], "token": "74f1506fb3f348a28783f117d9e50ff7", "scene": "scene-0042"}, {"images": ["samples/CAM_FRONT_LEFT/n015-2018-07-24-11-03-52+0800__CAM_FRONT_LEFT__1532401554104844.jpg", "samples/CAM_FRONT/n015-2018-07-24-11-03-52+0800__CAM_FRONT__1532401554112460.jpg", "samples/CAM_FRONT_RIGHT/n015-2018-07-24-11-03-52+0800__CAM_FRONT_RIGHT__1532401554120339.jpg", "samples/CAM_BACK_LEFT/n015-2018-07-24-11-03-52+0800__CAM_BACK_LEFT__1532401554147423.jpg", "samples/CAM_BACK/n015-2018-07-24-11-03-52+0800__CAM_BACK__1532401554137525.jpg", "samples/CAM_BACK_RIGHT/n015-2018-07-24-11-03-52+0800__CAM_BACK_RIGHT__1532401554127893.jpg"], "intrinsics": [[[1272.5979470598488, 0.0, 826.6154927353808], [0.0, 1272.5979470598488, 479.75165386361925], [0.0, 0.0, 1.0]], [[1266.417203046554, 0.0, 816.2670197447984], [0.0, 1266.417203046554, 491.50706579294757], [0.0, 0.0, 1.0]], [[1260.8474446004698, 0.0, 807.968244525554], [0.0, 1260.8474446004698, 495.3344268742088], [0.0, 0.0, 1.0]], [[1256.7414812095406, 0.0, 792.1125740759628], [0.0, 1256.7414812095406, 492.7757465151356], [0.0, 0.0, 1.0]], [[809.2209905677063, 0.0, 829.2196003259838], [0.0, 809.2209905677063, 481.77842384512485], [0.0, 0.0, 1.0]], [[1259.5137405846733, 0.0, 807.2529053838625], [0.0, 1259.5137405846733, 501.19579884916527], [0.0, 0.0, 1.0]]], "extrinsics": [[[0.8208292722702026, -0.570968508720398, 0.015307567082345486, -0.570648193359375], [-0.007763817440718412, -0.0379510372877121, -0.9992493987083435, 1.5046195983886719], [0.5711208581924438, 0.8200943470001221, -0.0355842188000679, -1.00885009765625], [0.0, 0.0, 0.0, 1.0]], [[0.005792723037302494, -0.9990938305854797, 0.042165763676166534, 0.00946044921875], [-0.012996514327824116, -0.042238131165504456, -0.9990230798721313, 1.5155105590820312], [0.9998987317085266, 0.005239055957645178, -0.013229412026703358, -1.2989501953125], [0.0, 0.0, 0.0, 1.0]], [[-0.8329679369926453, -0.5529571771621704, 0.02006939984858036, 0.779052734375], [-0.007305644918233156, -0.025276973843574524, -0.9996537566184998, 1.5014610290527344], [0.5532730221748352, -0.8328261971473694, 0.01701520010828972, -1.078369140625], [0.0, 0.0, 0.0, 1.0]], [[0.9478564262390137, 0.31827130913734436, -0.01648165099322796, -1.1380615234375], [0.0016295301029458642, -0.056554924696683884, -0.9983981251716614, 1.58856201171875], [-0.318693608045578, 0.9463112950325012, -0.05412457883358002, -0.10516357421875], [0.0, 0.0, 0.0, 1.0]], [[0.002586666727438569, 0.9989262223243713, -0.046257663518190384, 0.00238037109375], [-0.023891910910606384, -0.04618287831544876, -0.9986472725868225, 1.5766639709472656], [-0.999711275100708, 0.0036884108558297157, 0.02374679408967495, -0.1123046875], [0.0, 0.0, 0.0, 1.0]], [[-0.9348010420799255, 0.3546673655509949, -0.018925856798887253, 0.9289703369140625], [0.008651120588183403, -0.03053353913128376, -0.999496340751648, 1.5534038543701172], [-0.3550666272640228, -0.934493899345398, 0.025474509224295616, -0.14093017578125], [0.0, 0.0, 0.0, 1.0]]], "view": [[0.0, -2.0, 100.0], [-2.0, 0.0, 100.0], [0.0, 0.0, 1.0]], "bev": "bev_1ba83cad37be40a98e3d6a04ef36e1aa.png", "aux": "aux_1ba83cad37be40a98e3d6a04ef36e1aa.npz", "visibility": "visibility_1ba83cad37be40a98e3d6a04ef36e1aa.png", "pose": [[-0.8278425335884094, -0.560960590839386, 0.0, 712.3279418945312], [0.560960590839386, -0.8278425335884094, 0.0, 745.3991088867188], [0.0, 0.0, 1.0, 0.0], [0.0, 0.0, 0.0, 1.0]], "pose_inverse": [[-0.8278425335884094, 0.560960590839386, 0.0, 171.55584716796875], [-0.560960590839386, -0.8278425335884094, 0.0, 1016.6609497070312], [0.0, 0.0, 1.0, 0.0], [0.0, 0.0, 0.0, 1.0]], "cam_ids": [0, 1, 2, 3, 4, 5], "cam_channels": ["CAM_FRONT_LEFT", "CAM_FRONT", "CAM_FRONT_RIGHT", "CAM_BACK_LEFT", "CAM_BACK", "CAM_BACK_RIGHT"], "token": "1ba83cad37be40a98e3d6a04ef36e1aa", "scene": "scene-0042"}, {"images": ["samples/CAM_FRONT_LEFT/n015-2018-07-24-11-03-52+0800__CAM_FRONT_LEFT__1532401554504844.jpg", "samples/CAM_FRONT/n015-2018-07-24-11-03-52+0800__CAM_FRONT__1532401554512460.jpg", "samples/CAM_FRONT_RIGHT/n015-2018-07-24-11-03-52+0800__CAM_FRONT_RIGHT__1532401554520339.jpg", "samples/CAM_BACK_LEFT/n015-2018-07-24-11-03-52+0800__CAM_BACK_LEFT__1532401554547423.jpg", "samples/CAM_BACK/n015-2018-07-24-11-03-52+0800__CAM_BACK__1532401554537525.jpg", "samples/CAM_BACK_RIGHT/n015-2018-07-24-11-03-52+0800__CAM_BACK_RIGHT__1532401554527893.jpg"], "intrinsics": [[[1272.5979470598488, 0.0, 826.6154927353808], [0.0, 1272.5979470598488, 479.75165386361925], [0.0, 0.0, 1.0]], [[1266.417203046554, 0.0, 816.2670197447984], [0.0, 1266.417203046554, 491.50706579294757], [0.0, 0.0, 1.0]], [[1260.8474446004698, 0.0, 807.968244525554], [0.0, 1260.8474446004698, 495.3344268742088], [0.0, 0.0, 1.0]], [[1256.7414812095406, 0.0, 792.1125740759628], [0.0, 1256.7414812095406, 492.7757465151356], [0.0, 0.0, 1.0]], [[809.2209905677063, 0.0, 829.2196003259838], [0.0, 809.2209905677063, 481.77842384512485], [0.0, 0.0, 1.0]], [[1259.5137405846733, 0.0, 807.2529053838625], [0.0, 1259.5137405846733, 501.19579884916527], [0.0, 0.0, 1.0]]], "extrinsics": [[[0.8202414512634277, -0.571633517742157, 0.02095305733382702, -0.5753173828125], [-0.0067219119518995285, -0.046259962022304535, -0.9989068508148193, 1.5052375793457031], [0.5719779133796692, 0.8192039728164673, -0.0417868047952652, -1.01275634765625], [0.0, 0.0, 0.0, 1.0]], [[0.00479067862033844, -0.9987208247184753, 0.050335563719272614, 0.0096435546875], [-0.012242233380675316, -0.050390951335430145, -0.9986546039581299, 1.5159072875976562], [0.9999135732650757, 0.004168071784079075, -0.012467984110116959, -1.30279541015625], [0.0, 0.0, 0.0, 1.0]], [[-0.8334965705871582, -0.5519996285438538, 0.02407923713326454, 0.7803955078125], [-0.00682798819616437, -0.03328665718436241, -0.9994224905967712, 1.5016326904296875], [0.5524823665618896, -0.8331796526908875, 0.023975273594260216, -1.079345703125], [0.0, 0.0, 0.0, 1.0]], [[0.9479011297225952, 0.31798017024993896, -0.01928609423339367, -1.14117431640625], [0.0010979424696415663, -0.06380124390125275, -0.9979619979858398, 1.5885467529296875], [-0.3185625672340393, 0.9459481835365295, -0.06082640588283539, -0.10400390625], [0.0, 0.0, 0.0, 1.0]], [[0.003027647966518998, 0.9985466003417969, -0.053810182958841324, 0.00244140625], [-0.024034418165683746, -0.05372222140431404, -0.9982666373252869, 1.5767097473144531], [-0.999706506729126, 0.004315688740462065, 0.023836828768253326, -0.1098785400390625], [0.0, 0.0, 0.0, 1.0]], [[-0.9345376491546631, 0.3551866114139557, -0.021944843232631683, 0.93072509765625], [0.008872919715940952, -0.038390301167964935, -0.9992234110832214, 1.5534477233886719], [-0.3557533025741577, -0.9340068101882935, 0.03272564336657524, -0.140380859375], [0.0, 0.0, 0.0, 1.0]]], "view": [[0.0, -2.0, 100.0], [-2.0, 0.0, 100.0], [0.0, 0.0, 1.0]], "bev": "bev_5df6081fa8114b12b0a8c7ecb83f6d4d.png", "aux": "aux_5df6081fa8114b12b0a8c7ecb83f6d4d.npz", "visibility": "visibility_5df6081fa8114b12b0a8c7ecb83f6d4d.png", "pose": [[-0.8283577561378479, -0.5601994395256042, 0.0, 708.7139892578125], [0.5601994395256042, -0.8283577561378479, 0.0, 747.871826171875], [0.0, 0.0, 1.0, 0.0], [0.0, 0.0, 0.0, 1.0]], "pose_inverse": [[-0.8283577561378479, 0.5601994395256042, 0.0, 168.11134338378906], [-0.5601994395256042, -0.8283577561378479, 0.0, 1016.526611328125], [0.0, 0.0, 1.0, 0.0], [0.0, 0.0, 0.0, 1.0]], "cam_ids": [0, 1, 2, 3, 4, 5], "cam_channels": ["CAM_FRONT_LEFT", "CAM_FRONT", "CAM_FRONT_RIGHT", "CAM_BACK_LEFT", "CAM_BACK", "CAM_BACK_RIGHT"], "token": "5df6081fa8114b12b0a8c7ecb83f6d4d", "scene": "scene-0042"}, {"images": ["samples/CAM_FRONT_LEFT/n015-2018-07-24-11-03-52+0800__CAM_FRONT_LEFT__1532401555004844.jpg", "samples/CAM_FRONT/n015-2018-07-24-11-03-52+0800__CAM_FRONT__1532401555012492.jpg", "samples/CAM_FRONT_RIGHT/n015-2018-07-24-11-03-52+0800__CAM_FRONT_RIGHT__1532401555020339.jpg", "samples/CAM_BACK_LEFT/n015-2018-07-24-11-03-52+0800__CAM_BACK_LEFT__1532401555047426.jpg", "samples/CAM_BACK/n015-2018-07-24-11-03-52+0800__CAM_BACK__1532401555037525.jpg", "samples/CAM_BACK_RIGHT/n015-2018-07-24-11-03-52+0800__CAM_BACK_RIGHT__1532401555027893.jpg"], "intrinsics": [[[1272.5979470598488, 0.0, 826.6154927353808], [0.0, 1272.5979470598488, 479.75165386361925], [0.0, 0.0, 1.0]], [[1266.417203046554, 0.0, 816.2670197447984], [0.0, 1266.417203046554, 491.50706579294757], [0.0, 0.0, 1.0]], [[1260.8474446004698, 0.0, 807.968244525554], [0.0, 1260.8474446004698, 495.3344268742088], [0.0, 0.0, 1.0]], [[1256.7414812095406, 0.0, 792.1125740759628], [0.0, 1256.7414812095406, 492.7757465151356], [0.0, 0.0, 1.0]], [[809.2209905677063, 0.0, 829.2196003259838], [0.0, 809.2209905677063, 481.77842384512485], [0.0, 0.0, 1.0]], [[1259.5137405846733, 0.0, 807.2529053838625], [0.0, 1259.5137405846733, 501.19579884916527], [0.0, 0.0, 1.0]]], "extrinsics": [[[0.8204030394554138, -0.5711266994476318, 0.027442744001746178, -0.571807861328125], [-0.004666728898882866, -0.054681356996297836, -0.998492956161499, 1.5061759948730469], [0.5717666745185852, 0.8190385699272156, -0.0475260429084301, -1.00958251953125], [0.0, 0.0, 0.0, 1.0]], [[0.0050839753821492195, -0.9982640147209167, 0.05867714807391167, 0.0091552734375], [-0.010081884451210499, -0.058726098388433456, -0.9982232451438904, 1.5167160034179688], [0.9999362230300903, 0.004483387339860201, -0.010362949222326279, -1.3011474609375], [0.0, 0.0, 0.0, 1.0]], [[-0.8333033323287964, -0.5521678924560547, 0.026762705296278, 0.78076171875], [-0.004564749542623758, -0.041537195444107056, -0.9991264939308167, 1.5023193359375], [0.5527971982955933, -0.8326976299285889, 0.03209257125854492, -1.08013916015625], [0.0, 0.0, 0.0, 1.0]], [[0.9479835033416748, 0.31772053241729736, -0.019517021253705025, -1.141876220703125], [0.0035120630636811256, -0.07174848765134811, -0.9974165558815002, 1.5885467529296875], [-0.3183000981807709, 0.9454659223556519, -0.0691322386264801, -0.103759765625], [0.0, 0.0, 0.0, 1.0]], [[0.003060315502807498, 0.9980795383453369, -0.06187078729271889, 0.002685546875], [-0.02161628007888794, -0.0617905855178833, -0.997855007648468, 1.576995849609375], [-0.9997615814208984, 0.004391219466924667, 0.021385662257671356, -0.1087493896484375], [0.0, 0.0, 0.0, 1.0]], [[-0.9345898032188416, 0.3546994626522064, -0.027021173387765884, 0.9319000244140625], [0.01121421530842781, -0.046545032411813736, -0.9988532662391663, 1.5539398193359375], [-0.35555052757263184, -0.9338210821151733, 0.03952283412218094, -0.14044189453125], [0.0, 0.0, 0.0, 1.0]]], "view": [[0.0, -2.0, 100.0], [-2.0, 0.0, 100.0], [0.0, 0.0, 1.0]], "bev": "bev_67dc968ea21b4644b7d3fefeb440f9e6.png", "aux": "aux_67dc968ea21b4644b7d3fefeb440f9e6.npz", "visibility": "visibility_67dc968ea21b4644b7d3fefeb440f9e6.png", "pose": [[-0.8265968561172485, -0.5627945065498352, 0.0, 704.0991821289062], [0.5627945065498352, -0.8265968561172485, 0.0, 751.039306640625], [0.0, 0.0, 1.0, 0.0], [0.0, 0.0, 0.0, 1.0]], "pose_inverse": [[-0.8265968561172485, 0.5627945065498352, 0.0, 159.32537841796875], [-0.5627945065498352, -0.8265968561172485, 0.0, 1017.0698852539062], [0.0, 0.0, 1.0, 0.0], [0.0, 0.0, 0.0, 1.0]], "cam_ids": [0, 1, 2, 3, 4, 5], "cam_channels": ["CAM_FRONT_LEFT", "CAM_FRONT", "CAM_FRONT_RIGHT", "CAM_BACK_LEFT", "CAM_BACK", "CAM_BACK_RIGHT"], "token": "67dc968ea21b4644b7d3fefeb440f9e6", "scene": "scene-0042"}, {"images": ["samples/CAM_FRONT_LEFT/n015-2018-07-24-11-03-52+0800__CAM_FRONT_LEFT__1532401555504844.jpg", "samples/CAM_FRONT/n015-2018-07-24-11-03-52+0800__CAM_FRONT__1532401555512460.jpg", "samples/CAM_FRONT_RIGHT/n015-2018-07-24-11-03-52+0800__CAM_FRONT_RIGHT__1532401555520339.jpg", "samples/CAM_BACK_LEFT/n015-2018-07-24-11-03-52+0800__CAM_BACK_LEFT__1532401555547423.jpg", "samples/CAM_BACK/n015-2018-07-24-11-03-52+0800__CAM_BACK__1532401555537525.jpg", "samples/CAM_BACK_RIGHT/n015-2018-07-24-11-03-52+0800__CAM_BACK_RIGHT__1532401555527893.jpg"], "intrinsics": [[[1272.5979470598488, 0.0, 826.6154927353808], [0.0, 1272.5979470598488, 479.75165386361925], [0.0, 0.0, 1.0]], [[1266.417203046554, 0.0, 816.2670197447984], [0.0, 1266.417203046554, 491.50706579294757], [0.0, 0.0, 1.0]], [[1260.8474446004698, 0.0, 807.968244525554], [0.0, 1260.8474446004698, 495.3344268742088], [0.0, 0.0, 1.0]], [[1256.7414812095406, 0.0, 792.1125740759628], [0.0, 1256.7414812095406, 492.7757465151356], [0.0, 0.0, 1.0]], [[809.2209905677063, 0.0, 829.2196003259838], [0.0, 809.2209905677063, 481.77842384512485], [0.0, 0.0, 1.0]], [[1259.5137405846733, 0.0, 807.2529053838625], [0.0, 1259.5137405846733, 501.19579884916527], [0.0, 0.0, 1.0]]], "extrinsics": [[[0.8201927542686462, -0.5716399550437927, 0.022619357332587242, -0.592681884765625], [-0.009841575287282467, -0.05363113060593605, -0.998512327671051, 1.5038986206054688], [0.5720025300979614, 0.8187499046325684, -0.04961370304226875, -1.02294921875], [0.0, 0.0, 0.0, 1.0]], [[0.004813356790691614, -0.9983344078063965, 0.057491984218358994, 0.0084228515625], [-0.01541235949844122, -0.05755988880991936, -0.998223066329956, 1.5149116516113281], [0.9998696446418762, 0.003918761387467384, -0.015663743019104004, -1.3221435546875], [0.0, 0.0, 0.0, 1.0]], [[-0.833458662033081, -0.5517330169677734, 0.03061440959572792, 0.79510498046875], [-0.010051479563117027, -0.04025597870349884, -0.9991388320922852, 1.5008201599121094], [0.5524903535842896, -0.8330486416816711, 0.028005965054035187, -1.09039306640625], [0.0, 0.0, 0.0, 1.0]], [[0.9479047656059265, 0.3175959289073944, -0.02468591183423996, -1.149139404296875], [-0.0024349268060177565, -0.07026772201061249, -0.9975252151489258, 1.5885696411132812], [-0.31854450702667236, 0.9456189870834351, -0.06583378463983536, -0.101318359375], [0.0, 0.0, 0.0, 1.0]], [[0.0030226223170757294, 0.9981679320335388, -0.060429319739341736, 0.00274658203125], [-0.0273927990347147, -0.060324277728796005, -0.9978029131889343, 1.5766563415527344], [-0.9996201395988464, 0.004671212751418352, 0.0271602775901556, -0.097564697265625], [0.0, 0.0, 0.0, 1.0]], [[-0.9345606565475464, 0.3551662266254425, -0.02128860540688038, 0.9457550048828125], [0.005588863044977188, -0.045171551406383514, -0.9989636540412903, 1.5526161193847656], [-0.3557596504688263, -0.9337111711502075, 0.040230583399534225, -0.135498046875], [0.0, 0.0, 0.0, 1.0]]], "view": [[0.0, -2.0, 100.0], [-2.0, 0.0, 100.0], [0.0, 0.0, 1.0]], "bev": "bev_c901e00f77d84b79a8d7d6fc5b2f83af.png", "aux": "aux_c901e00f77d84b79a8d7d6fc5b2f83af.npz", "visibility": "visibility_c901e00f77d84b79a8d7d6fc5b2f83af.png", "pose": [[-0.8245466351509094, -0.5657939910888672, 0.0, 699.613525390625], [0.5657939910888672, -0.8245466351509094, 0.0, 754.1495361328125], [0.0, 0.0, 1.0, 0.0], [0.0, 0.0, 0.0, 1.0]], "pose_inverse": [[-0.8245466351509094, 0.5657939910888672, 0.0, 150.1707000732422], [-0.5657939910888672, -0.8245466351509094, 0.0, 1017.6685791015625], [0.0, 0.0, 1.0, 0.0], [0.0, 0.0, 0.0, 1.0]], "cam_ids": [0, 1, 2, 3, 4, 5], "cam_channels": ["CAM_FRONT_LEFT", "CAM_FRONT", "CAM_FRONT_RIGHT", "CAM_BACK_LEFT", "CAM_BACK", "CAM_BACK_RIGHT"], "token": "c901e00f77d84b79a8d7d6fc5b2f83af", "scene": "scene-0042"}, {"images": ["samples/CAM_FRONT_LEFT/n015-2018-07-24-11-03-52+0800__CAM_FRONT_LEFT__1532401556004844.jpg", "samples/CAM_FRONT/n015-2018-07-24-11-03-52+0800__CAM_FRONT__1532401556012460.jpg", "samples/CAM_FRONT_RIGHT/n015-2018-07-24-11-03-52+0800__CAM_FRONT_RIGHT__1532401556020339.jpg", "samples/CAM_BACK_LEFT/n015-2018-07-24-11-03-52+0800__CAM_BACK_LEFT__1532401556047423.jpg", "samples/CAM_BACK/n015-2018-07-24-11-03-52+0800__CAM_BACK__1532401556037525.jpg", "samples/CAM_BACK_RIGHT/n015-2018-07-24-11-03-52+0800__CAM_BACK_RIGHT__1532401556027893.jpg"], "intrinsics": [[[1272.5979470598488, 0.0, 826.6154927353808], [0.0, 1272.5979470598488, 479.75165386361925], [0.0, 0.0, 1.0]], [[1266.417203046554, 0.0, 816.2670197447984], [0.0, 1266.417203046554, 491.50706579294757], [0.0, 0.0, 1.0]], [[1260.8474446004698, 0.0, 807.968244525554], [0.0, 1260.8474446004698, 495.3344268742088], [0.0, 0.0, 1.0]], [[1256.7414812095406, 0.0, 792.1125740759628], [0.0, 1256.7414812095406, 492.7757465151356], [0.0, 0.0, 1.0]], [[809.2209905677063, 0.0, 829.2196003259838], [0.0, 809.2209905677063, 481.77842384512485], [0.0, 0.0, 1.0]], [[1259.5137405846733, 0.0, 807.2529053838625], [0.0, 1259.5137405846733, 501.19579884916527], [0.0, 0.0, 1.0]]], "extrinsics": [[[0.8208978772163391, -0.57107013463974, -0.002375144511461258, -0.60107421875], [-0.030306698754429817, -0.039411090314388275, -0.9987633228302002, 1.4949455261230469], [0.570270299911499, 0.8199546933174133, -0.04965972900390625, -1.02996826171875], [0.0, 0.0, 0.0, 1.0]], [[0.006373633164912462, -0.9990580081939697, 0.042922720313072205, 0.00885009765625], [-0.03584836423397064, -0.04312428459525108, -0.9984263777732849, 1.5076904296875], [0.9993368983268738, 0.004824878182262182, -0.0360894575715065, -1.3323974609375], [0.0, 0.0, 0.0, 1.0]], [[-0.8326407074928284, -0.5524000525474548, 0.03954404592514038, 0.8033447265625], [-0.030487913638353348, -0.025574306026101112, -0.9992079138755798, 1.4952583312988281], [0.552973747253418, -0.8331867456436157, 0.0044526830315589905, -1.09576416015625], [0.0, 0.0, 0.0, 1.0]], [[0.9473304152488708, 0.31790265440940857, -0.03876746818423271, -1.1558837890625], [-0.02250008098781109, -0.054685331881046295, -0.9982500672340393, 1.5888862609863281], [-0.31946638226509094, 0.9465449452400208, -0.04465223848819733, -0.0989990234375], [0.0, 0.0, 0.0, 1.0]], [[0.0020322250202298164, 0.9989726543426514, -0.04527141898870468, 0.00274658203125], [-0.047680921852588654, -0.04512322321534157, -0.9978429079055786, 1.57501220703125], [-0.9988605380058289, 0.004186388570815325, 0.04754023626446724, -0.08941650390625], [0.0, 0.0, 0.0, 1.0]], [[-0.9347675442695618, 0.35524633526802063, 0.0031094993464648724, 0.9540863037109375], [-0.014829849824309349, -0.03027401864528656, -0.9994316697120667, 1.5485763549804688], [-0.35495033860206604, -0.9342823624610901, 0.03356742113828659, -0.13226318359375], [0.0, 0.0, 0.0, 1.0]]], "view": [[0.0, -2.0, 100.0], [-2.0, 0.0, 100.0], [0.0, 0.0, 1.0]], "bev": "bev_e55b8c84665741fdae87c6e2b6215726.png", "aux": "aux_e55b8c84665741fdae87c6e2b6215726.npz", "visibility": "visibility_e55b8c84665741fdae87c6e2b6215726.png", "pose": [[-0.8234068155288696, -0.5674514770507812, 0.0, 695.1506958007812], [0.5674514770507812, -0.8234068155288696, 0.0, 757.2477416992188], [0.0, 0.0, 1.0, 0.0], [0.0, 0.0, 0.0, 1.0]], "pose_inverse": [[-0.8234068155288696, 0.5674514770507812, 0.0, 142.6904754638672], [-0.5674514770507812, -0.8234068155288696, 0.0, 1017.9872436523438], [0.0, 0.0, 1.0, 0.0], [0.0, 0.0, 0.0, 1.0]], "cam_ids": [0, 1, 2, 3, 4, 5], "cam_channels": ["CAM_FRONT_LEFT", "CAM_FRONT", "CAM_FRONT_RIGHT", "CAM_BACK_LEFT", "CAM_BACK", "CAM_BACK_RIGHT"], "token": "e55b8c84665741fdae87c6e2b6215726", "scene": "scene-0042"}, {"images": ["samples/CAM_FRONT_LEFT/n015-2018-07-24-11-03-52+0800__CAM_FRONT_LEFT__1532401556504844.jpg", "samples/CAM_FRONT/n015-2018-07-24-11-03-52+0800__CAM_FRONT__1532401556512460.jpg", "samples/CAM_FRONT_RIGHT/n015-2018-07-24-11-03-52+0800__CAM_FRONT_RIGHT__1532401556520339.jpg", "samples/CAM_BACK_LEFT/n015-2018-07-24-11-03-52+0800__CAM_BACK_LEFT__1532401556547423.jpg", "samples/CAM_BACK/n015-2018-07-24-11-03-52+0800__CAM_BACK__1532401556537525.jpg", "samples/CAM_BACK_RIGHT/n015-2018-07-24-11-03-52+0800__CAM_BACK_RIGHT__1532401556527893.jpg"], "intrinsics": [[[1272.5979470598488, 0.0, 826.6154927353808], [0.0, 1272.5979470598488, 479.75165386361925], [0.0, 0.0, 1.0]], [[1266.417203046554, 0.0, 816.2670197447984], [0.0, 1266.417203046554, 491.50706579294757], [0.0, 0.0, 1.0]], [[1260.8474446004698, 0.0, 807.968244525554], [0.0, 1260.8474446004698, 495.3344268742088], [0.0, 0.0, 1.0]], [[1256.7414812095406, 0.0, 792.1125740759628], [0.0, 1256.7414812095406, 492.7757465151356], [0.0, 0.0, 1.0]], [[809.2209905677063, 0.0, 829.2196003259838], [0.0, 809.2209905677063, 481.77842384512485], [0.0, 0.0, 1.0]], [[1259.5137405846733, 0.0, 807.2529053838625], [0.0, 1259.5137405846733, 501.19579884916527], [0.0, 0.0, 1.0]]], "extrinsics": [[[0.8200497627258301, -0.5718169212341309, -0.023319927975535393, -0.60888671875], [-0.049683213233947754, -0.030538568273186684, -0.9982979893684387, 1.4867706298828125], [0.5701314806938171, 0.8198126554489136, -0.05345284193754196, -1.03436279296875], [0.0, 0.0, 0.0, 1.0]], [[0.006452884525060654, -0.9993951320648193, 0.034170690923929214, 0.00848388671875], [-0.0552535317838192, -0.03447554260492325, -0.9978770017623901, 1.5010795593261719], [0.9984515309333801, 0.004551098681986332, -0.05544257536530495, -1.339935302734375], [0.0, 0.0, 0.0, 1.0]], [[-0.8319119215011597, -0.5525504350662231, 0.05109254643321037, 0.8082275390625], [-0.049936067312955856, -0.017154749482870102, -0.9986050724983215, 1.4901790618896484], [0.5526561737060547, -0.8333028554916382, -0.013320955447852612, -1.098876953125], [0.0, 0.0, 0.0, 1.0]], [[0.9463974833488464, 0.31824278831481934, -0.055257316678762436, -1.157623291015625], [-0.042431946843862534, -0.047098275274038315, -0.9979885816574097, 1.5892524719238281], [-0.3202052116394043, 0.9468385577201843, -0.031070027500391006, -0.0987548828125], [0.0, 0.0, 0.0, 1.0]], [[0.0013571151066571474, 0.9992995858192444, -0.037397801876068115, 0.00262451171875], [-0.067375548183918, -0.037221476435661316, -0.9970331788063049, 1.5733795166015625], [-0.9977267384529114, 0.0038728569634258747, 0.06727783381938934, -0.0867919921875], [0.0, 0.0, 0.0, 1.0]], [[-0.9344267845153809, 0.3553248643875122, 0.02430560439825058, 0.9581298828125], [-0.034374725073575974, -0.022051194682717323, -0.9991657137870789, 1.5449199676513672], [-0.35449251532554626, -0.934482753276825, 0.03281942382454872, -0.1304931640625], [0.0, 0.0, 0.0, 1.0]]], "view": [[0.0, -2.0, 100.0], [-2.0, 0.0, 100.0], [0.0, 0.0, 1.0]], "bev": "bev_c631973ced6f42e0950a16d00036fe8a.png", "aux": "aux_c631973ced6f42e0950a16d00036fe8a.npz", "visibility": "visibility_c631973ced6f42e0950a16d00036fe8a.png", "pose": [[-0.8234087228775024, -0.5674487352371216, 0.0, 690.77734375], [0.5674487352371216, -0.8234087228775024, 0.0, 760.2777709960938], [0.0, 0.0, 1.0, 0.0], [0.0, 0.0, 0.0, 1.0]], "pose_inverse": [[-0.8234087228775024, 0.5674487352371216, 0.0, 137.37342834472656], [-0.5674487352371216, -0.8234087228775024, 0.0, 1018.0000610351562], [0.0, 0.0, 1.0, 0.0], [0.0, 0.0, 0.0, 1.0]], "cam_ids": [0, 1, 2, 3, 4, 5], "cam_channels": ["CAM_FRONT_LEFT", "CAM_FRONT", "CAM_FRONT_RIGHT", "CAM_BACK_LEFT", "CAM_BACK", "CAM_BACK_RIGHT"], "token": "c631973ced6f42e0950a16d00036fe8a", "scene": "scene-0042"}, {"images": ["samples/CAM_FRONT_LEFT/n015-2018-07-24-11-03-52+0800__CAM_FRONT_LEFT__1532401557004844.jpg", "samples/CAM_FRONT/n015-2018-07-24-11-03-52+0800__CAM_FRONT__1532401557012460.jpg", "samples/CAM_FRONT_RIGHT/n015-2018-07-24-11-03-52+0800__CAM_FRONT_RIGHT__1532401557020339.jpg", "samples/CAM_BACK_LEFT/n015-2018-07-24-11-03-52+0800__CAM_BACK_LEFT__1532401557047423.jpg", "samples/CAM_BACK/n015-2018-07-24-11-03-52+0800__CAM_BACK__1532401557037525.jpg", "samples/CAM_BACK_RIGHT/n015-2018-07-24-11-03-52+0800__CAM_BACK_RIGHT__1532401557027893.jpg"], "intrinsics": [[[1272.5979470598488, 0.0, 826.6154927353808], [0.0, 1272.5979470598488, 479.75165386361925], [0.0, 0.0, 1.0]], [[1266.417203046554, 0.0, 816.2670197447984], [0.0, 1266.417203046554, 491.50706579294757], [0.0, 0.0, 1.0]], [[1260.8474446004698, 0.0, 807.968244525554], [0.0, 1260.8474446004698, 495.3344268742088], [0.0, 0.0, 1.0]], [[1256.7414812095406, 0.0, 792.1125740759628], [0.0, 1256.7414812095406, 492.7757465151356], [0.0, 0.0, 1.0]], [[809.2209905677063, 0.0, 829.2196003259838], [0.0, 809.2209905677063, 481.77842384512485], [0.0, 0.0, 1.0]], [[1259.5137405846733, 0.0, 807.2529053838625], [0.0, 1259.5137405846733, 501.19579884916527], [0.0, 0.0, 1.0]]], "extrinsics": [[[0.819747805595398, -0.5707377195358276, -0.04766567051410675, -0.59228515625], [-0.06908814609050751, -0.015925249084830284, -0.9974834322929382, 1.4770088195800781], [0.5685422420501709, 0.8209779262542725, -0.05248590186238289, -1.02496337890625], [0.0, 0.0, 0.0, 1.0]], [[0.007529770489782095, -0.9997902512550354, 0.019044753164052963, 0.01007080078125], [-0.07463093101978302, -0.019554046913981438, -0.9970195293426514, 1.4928207397460938], [0.9971827864646912, 0.006086017936468124, -0.0747625082731247, -1.321533203125], [0.0, 0.0, 0.0, 1.0]], [[-0.830604612827301, -0.5537534356117249, 0.05876374989748001, 0.79388427734375], [-0.0693168118596077, -0.0018915162654593587, -0.9975928664207458, 1.4836692810058594], [0.5525315999984741, -0.8326785564422607, -0.036813315004110336, -1.0880126953125], [0.0, 0.0, 0.0, 1.0]], [[0.945213258266449, 0.3193042278289795, -0.06794530898332596, -1.141204833984375], [-0.06121606379747391, -0.03107619844377041, -0.9976406693458557, 1.5884971618652344], [-0.32066240906715393, 0.9471425414085388, -0.0098270857706666, -0.10394287109375], [0.0, 0.0, 0.0, 1.0]], [[0.00058574671857059, 0.9997678995132446, -0.021538661792874336, 0.00225830078125], [-0.08644246309995651, -0.021407421678304672, -0.9960268139839172, 1.5702323913574219], [-0.9962565898895264, 0.0024452845100313425, 0.08640985190868378, -0.103485107421875], [0.0, 0.0, 0.0, 1.0]], [[-0.9338449835777283, 0.35445213317871094, 0.04793015494942665, 0.9414520263671875], [-0.05370699241757393, -0.006472046487033367, -0.9985358119010925, 1.540287971496582], [-0.35362282395362854, -0.9350518584251404, 0.025080440565943718, -0.13604736328125], [0.0, 0.0, 0.0, 1.0]]], "view": [[0.0, -2.0, 100.0], [-2.0, 0.0, 100.0], [0.0, 0.0, 1.0]], "bev": "bev_20c8eae6cfaf4ccc9642a7a1cd9cd9e1.png", "aux": "aux_20c8eae6cfaf4ccc9642a7a1cd9cd9e1.npz", "visibility": "visibility_20c8eae6cfaf4ccc9642a7a1cd9cd9e1.png", "pose": [[-0.8235933780670166, -0.5671806931495667, 0.0, 686.3616943359375], [0.5671806931495667, -0.8235933780670166, 0.0, 763.3497924804688], [0.0, 0.0, 1.0, 0.0], [0.0, 0.0, 0.0, 1.0]], "pose_inverse": [[-0.8235933780670166, 0.5671806931495667, 0.0, 132.32568359375], [-0.5671806931495667, -0.8235933780670166, 0.0, 1017.98095703125], [0.0, 0.0, 1.0, 0.0], [0.0, 0.0, 0.0, 1.0]], "cam_ids": [0, 1, 2, 3, 4, 5], "cam_channels": ["CAM_FRONT_LEFT", "CAM_FRONT", "CAM_FRONT_RIGHT", "CAM_BACK_LEFT", "CAM_BACK", "CAM_BACK_RIGHT"], "token": "20c8eae6cfaf4ccc9642a7a1cd9cd9e1", "scene": "scene-0042"}, {"images": ["samples/CAM_FRONT_LEFT/n015-2018-07-24-11-03-52+0800__CAM_FRONT_LEFT__1532401557504844.jpg", "samples/CAM_FRONT/n015-2018-07-24-11-03-52+0800__CAM_FRONT__1532401557512460.jpg", "samples/CAM_FRONT_RIGHT/n015-2018-07-24-11-03-52+0800__CAM_FRONT_RIGHT__1532401557520339.jpg", "samples/CAM_BACK_LEFT/n015-2018-07-24-11-03-52+0800__CAM_BACK_LEFT__1532401557547423.jpg", "samples/CAM_BACK/n015-2018-07-24-11-03-52+0800__CAM_BACK__1532401557537525.jpg", "samples/CAM_BACK_RIGHT/n015-2018-07-24-11-03-52+0800__CAM_BACK_RIGHT__1532401557527893.jpg"], "intrinsics": [[[1272.5979470598488, 0.0, 826.6154927353808], [0.0, 1272.5979470598488, 479.75165386361925], [0.0, 0.0, 1.0]], [[1266.417203046554, 0.0, 816.2670197447984], [0.0, 1266.417203046554, 491.50706579294757], [0.0, 0.0, 1.0]], [[1260.8474446004698, 0.0, 807.968244525554], [0.0, 1260.8474446004698, 495.3344268742088], [0.0, 0.0, 1.0]], [[1256.7414812095406, 0.0, 792.1125740759628], [0.0, 1256.7414812095406, 492.7757465151356], [0.0, 0.0, 1.0]], [[809.2209905677063, 0.0, 829.2196003259838], [0.0, 809.2209905677063, 481.77842384512485], [0.0, 0.0, 1.0]], [[1259.5137405846733, 0.0, 807.2529053838625], [0.0, 1259.5137405846733, 501.19579884916527], [0.0, 0.0, 1.0]]], "extrinsics": [[[0.8191221952438354, -0.5705600380897522, -0.05916203558444977, -0.57464599609375], [-0.08354601263999939, -0.01662822626531124, -0.9963651299476624, 1.468597412109375], [0.5675023794174194, 0.821087658405304, -0.061288557946681976, -1.01239013671875], [0.0, 0.0, 0.0, 1.0]], [[0.00813204050064087, -0.9997630715370178, 0.020191052928566933, 0.010009765625], [-0.08917531371116638, -0.020836325362324715, -0.9957979917526245, 1.4857463836669922], [0.9959827661514282, 0.006297383923083544, -0.08932361751794815, -1.3034515380859375], [0.0, 0.0, 0.0, 1.0]], [[-0.8294371366500854, -0.5539409518241882, 0.07199586927890778, 0.78167724609375], [-0.08397510647773743, -0.003771143266931176, -0.9964606761932373, 1.4782094955444336], [0.552251935005188, -0.8325474262237549, -0.043389320373535156, -1.0804443359375], [0.0, 0.0, 0.0, 1.0]], [[0.9439029693603516, 0.3194321393966675, -0.08372870832681656, -1.131500244140625], [-0.07673519104719162, -0.034440647810697556, -0.996456503868103, 1.5876846313476562], [-0.32118383049964905, 0.9469830989837646, -0.007996944710612297, -0.10748291015625], [0.0, 0.0, 0.0, 1.0]], [[-0.0001736853300826624, 0.99970090389251