[{"images": ["samples/CAM_FRONT_LEFT/n008-2018-08-30-15-16-55-0400__CAM_FRONT_LEFT__1535657128354799.jpg", "samples/CAM_FRONT/n008-2018-08-30-15-16-55-0400__CAM_FRONT__1535657128362404.jpg", "samples/CAM_FRONT_RIGHT/n008-2018-08-30-15-16-55-0400__CAM_FRONT_RIGHT__1535657128370482.jpg", "samples/CAM_BACK_LEFT/n008-2018-08-30-15-16-55-0400__CAM_BACK_LEFT__1535657128397418.jpg", "samples/CAM_BACK/n008-2018-08-30-15-16-55-0400__CAM_BACK__1535657128387558.jpg", "samples/CAM_BACK_RIGHT/n008-2018-08-30-15-16-55-0400__CAM_BACK_RIGHT__1535657128378113.jpg"], "intrinsics": [[[1257.8625342125129, 0.0, 827.2410631095686], [0.0, 1257.8625342125129, 450.915498205774], [0.0, 0.0, 1.0]], [[1252.8131021185304, 0.0, 826.588114781398], [0.0, 1252.8131021185304, 469.9846626224581], [0.0, 0.0, 1.0]], [[1256.7485116440405, 0.0, 817.7887570959712], [0.0, 1256.7485116440403, 451.9541780095127], [0.0, 0.0, 1.0]], [[1254.9860565800168, 0.0, 829.5769333630991], [0.0, 1254.9860565800168, 467.1680561863987], [0.0, 0.0, 1.0]], [[796.8910634503094, 0.0, 857.7774326863696], [0.0, 796.8910634503094, 476.8848988407415], [0.0, 0.0, 1.0]], [[1249.9629280788233, 0.0, 825.3768045375984], [0.0, 1249.9629280788233, 462.54816385708756], [0.0, 0.0, 1.0]]], "extrinsics": [[[0.8217578530311584, -0.567319393157959, -0.053504105657339096, -1.005035400390625], [-0.025653235614299774, 0.056967612355947495, -0.9980463981628418, 1.4882965087890625], [0.5692591071128845, 0.8215250968933105, 0.03226000815629959, -1.33331298828125], [0.0, 0.0, 0.0, 1.0]], [[0.009456302970647812, -0.998545229434967, -0.0530841127038002, 0.00537109375], [-0.023699920624494553, 0.052847765386104584, -0.9983212947845459, 1.48016357421875], [0.9996743202209473, 0.010698532685637474, -0.02316569909453392, -1.734701156616211], [0.0, 0.0, 0.0, 1.0]], [[-0.8442657589912415, -0.535823404788971, -0.010420704260468483, 1.09063720703125], [-0.015695815905928612, 0.04415763542056084, -0.9989012479782104, 1.493072509765625], [0.5356947779655457, -0.8431745767593384, -0.04569097235798836, -1.2774658203125], [0.0, 0.0, 0.0, 1.0]], [[0.9474313259124756, 0.3193318843841553, -0.020024139434099197, -1.1439361572265625], [-0.041056469082832336, 0.05926799029111862, -0.9973974823951721, 1.562042236328125], [-0.3173140287399292, 0.9457877278327942, 0.06926298886537552, -0.15606689453125], [0.0, 0.0, 0.0, 1.0]], [[0.00995677337050438, 0.9986280798912048, 0.05140750855207443, -0.02886962890625], [-0.038932736963033676, 0.05175822600722313, -0.9979004263877869, 1.5680618286132812], [-0.9991922378540039, 0.007934405468404293, 0.039394669234752655, 0.04430198669433594], [0.0, 0.0, 0.0, 1.0]], [[-0.9231728315353394, 0.3819463849067688, 0.04323088005185127, 1.160675048828125], [-0.034748468548059464, 0.029081659391522408, -0.9989728927612305, 1.547811508178711], [-0.3828112781047821, -0.9237267374992371, -0.01357534620910883, -0.04376220703125], [0.0, 0.0, 0.0, 1.0]]], "view": [[0.0, -2.0, 100.0], [-2.0, 0.0, 100.0], [0.0, 0.0, 1.0]], "bev": "bev_046974d185c54164982accec3686902f.png", "aux": "aux_046974d185c54164982accec3686902f.npz", "visibility": "visibility_046974d185c54164982accec3686902f.png", "pose": [[-0.8941150903701782, -0.4478372037410736, 0.0, 309.1878662109375], [0.4478372037410736, -0.8941150903701782, 0.0, 668.667724609375], [0.0, 0.0, 1.0, 0.0], [0.0, 0.0, 0.0, 1.0]], "pose_inverse": [[-0.8941150903701782, 0.4478372037410736, 0.0, -23.004745483398438], [-0.4478372037410736, -0.8941150903701782, 0.0, 736.3317260742188], [0.0, 0.0, 1.0, 0.0], [0.0, 0.0, 0.0, 1.0]], "cam_ids": [0, 1, 2, 3, 4, 5], "cam_channels": ["CAM_FRONT_LEFT", "CAM_FRONT", "CAM_FRONT_RIGHT", "CAM_BACK_LEFT", "CAM_BACK", "CAM_BACK_RIGHT"], "token": "046974d185c54164982accec3686902f", "scene": "scene-0758"}, {"images": ["samples/CAM_FRONT_LEFT/n008-2018-08-30-15-16-55-0400__CAM_FRONT_LEFT__1535657128904799.jpg", "samples/CAM_FRONT/n008-2018-08-30-15-16-55-0400__CAM_FRONT__1535657128912404.jpg", "samples/CAM_FRONT_RIGHT/n008-2018-08-30-15-16-55-0400__CAM_FRONT_RIGHT__1535657128920482.jpg", "samples/CAM_BACK_LEFT/n008-2018-08-30-15-16-55-0400__CAM_BACK_LEFT__1535657128947405.jpg", "samples/CAM_BACK/n008-2018-08-30-15-16-55-0400__CAM_BACK__1535657128937558.jpg", "samples/CAM_BACK_RIGHT/n008-2018-08-30-15-16-55-0400__CAM_BACK_RIGHT__1535657128928113.jpg"], "intrinsics": [[[1257.8625342125129, 0.0, 827.2410631095686], [0.0, 1257.8625342125129, 450.915498205774], [0.0, 0.0, 1.0]], [[1252.8131021185304, 0.0, 826.588114781398], [0.0, 1252.8131021185304, 469.9846626224581], [0.0, 0.0, 1.0]], [[1256.7485116440405, 0.0, 817.7887570959712], [0.0, 1256.7485116440403, 451.9541780095127], [0.0, 0.0, 1.0]], [[1254.9860565800168, 0.0, 829.5769333630991], [0.0, 1254.9860565800168, 467.1680561863987], [0.0, 0.0, 1.0]], [[796.8910634503094, 0.0, 857.7774326863696], [0.0, 796.8910634503094, 476.8848988407415], [0.0, 0.0, 1.0]], [[1249.9629280788233, 0.0, 825.3768045375984], [0.0, 1249.9629280788233, 462.54816385708756], [0.0, 0.0, 1.0]]], "extrinsics": [[[0.8217892050743103, -0.5672785043716431, -0.053457435220479965, -1.005035400390625], [-0.025699332356452942, 0.05682208016514778, -0.9980534911155701, 1.4883003234863281], [0.5692118406295776, 0.8215634226799011, 0.0321170911192894, -1.33331298828125], [0.0, 0.0, 0.0, 1.0]], [[0.009503672830760479, -0.9985525012016296, -0.05293888598680496, 0.00537109375], [-0.02374132163822651, 0.052701033651828766, -0.9983280897140503, 1.48016357421875], [0.9996729493141174, 0.010744599625468254, -0.02320609986782074, -1.734670639038086], [0.0, 0.0, 0.0, 1.0]], [[-0.8442460298538208, -0.5358564257621765, -0.010323281399905682, 1.09063720703125], [-0.015718352049589157, 0.044008348137140274, -0.9989075064659119, 1.493072509765625], [0.5357253551483154, -0.843161404132843, -0.04557665437459946, -1.27752685546875], [0.0, 0.0, 0.0, 1.0]], [[0.9474288821220398, 0.3193345367908478, -0.020101862028241158, -1.143951416015625], [-0.04109292849898338, 0.05913219228386879, -0.9974039793014526, 1.5620460510253906], [-0.31731685996055603, 0.9457953572273254, 0.06914593279361725, -0.15606689453125], [0.0, 0.0, 0.0, 1.0]], [[0.009943593293428421, 0.9986353516578674, 0.0512690544128418, -0.02886962890625], [-0.03897130861878395, 0.05161965265870094, -0.9979060888290405, 1.5680656433105469], [-0.9991909265518188, 0.007924686186015606, 0.03943141549825668, 0.04435920715332031], [0.0, 0.0, 0.0, 1.0]], [[-0.9231813549995422, 0.3819294273853302, 0.043197713792324066, 1.16070556640625], [-0.03477269411087036, 0.028937233611941338, -0.9989762306213379, 1.547811508178711], [-0.3827884793281555, -0.9237383008003235, -0.013433599844574928, -0.04376220703125], [0.0, 0.0, 0.0, 1.0]]], "view": [[0.0, -2.0, 100.0], [-2.0, 0.0, 100.0], [0.0, 0.0, 1.0]], "bev": "bev_72dce877509e4fb39012fc1a45dc4ba9.png", "aux": "aux_72dce877509e4fb39012fc1a45dc4ba9.npz", "visibility": "visibility_72dce877509e4fb39012fc1a45dc4ba9.png", "pose": [[-0.894109308719635, -0.4478487968444824, 0.0, 309.1878356933594], [0.4478487968444824, -0.894109308719635, 0.0, 668.6677856445312], [0.0, 0.0, 1.0, 0.0], [0.0, 0.0, 0.0, 1.0]], "pose_inverse": [[-0.894109308719635, 0.4478487968444824, 0.0, -23.01432991027832], [-0.4478487968444824, -0.894109308719635, 0.0, 736.3314819335938], [0.0, 0.0, 1.0, 0.0], [0.0, 0.0, 0.0, 1.0]], "cam_ids": [0, 1, 2, 3, 4, 5], "cam_channels": ["CAM_FRONT_LEFT", "CAM_FRONT", "CAM_FRONT_RIGHT", "CAM_BACK_LEFT", "CAM_BACK", "CAM_BACK_RIGHT"], "token": "72dce877509e4fb39012fc1a45dc4ba9", "scene": "scene-0758"}, {"images": ["samples/CAM_FRONT_LEFT/n008-2018-08-30-15-16-55-0400__CAM_FRONT_LEFT__1535657129404799.jpg", "samples/CAM_FRONT/n008-2018-08-30-15-16-55-0400__CAM_FRONT__1535657129412404.jpg", "samples/CAM_FRONT_RIGHT/n008-2018-08-30-15-16-55-0400__CAM_FRONT_RIGHT__1535657129420482.jpg", "samples/CAM_BACK_LEFT/n008-2018-08-30-15-16-55-0400__CAM_BACK_LEFT__1535657129447405.jpg", "samples/CAM_BACK/n008-2018-08-30-15-16-55-0400__CAM_BACK__1535657129437558.jpg", "samples/CAM_BACK_RIGHT/n008-2018-08-30-15-16-55-0400__CAM_BACK_RIGHT__1535657129428113.jpg"], "intrinsics": [[[1257.8625342125129, 0.0, 827.2410631095686], [0.0, 1257.8625342125129, 450.915498205774], [0.0, 0.0, 1.0]], [[1252.8131021185304, 0.0, 826.588114781398], [0.0, 1252.8131021185304, 469.9846626224581], [0.0, 0.0, 1.0]], [[1256.7485116440405, 0.0, 817.7887570959712], [0.0, 1256.7485116440403, 451.9541780095127], [0.0, 0.0, 1.0]], [[1254.9860565800168, 0.0, 829.5769333630991], [0.0, 1254.9860565800168, 467.1680561863987], [0.0, 0.0, 1.0]], [[796.8910634503094, 0.0, 857.7774326863696], [0.0, 796.8910634503094, 476.8848988407415], [0.0, 0.0, 1.0]], [[1249.9629280788233, 0.0, 825.3768045375984], [0.0, 1249.9629280788233, 462.54816385708756], [0.0, 0.0, 1.0]]], "extrinsics": [[[0.8217845559120178, -0.5672904849052429, -0.05340141803026199, -1.00506591796875], [-0.025703798979520798, 0.05671662464737892, -0.9980593919754028, 1.4882965087890625], [0.5692183971405029, 0.8215624094009399, 0.03202732652425766, -1.333251953125], [0.0, 0.0, 0.0, 1.0]], [[0.009493328630924225, -0.9985572099685669, -0.05285192281007767, 0.00531005859375], [-0.023760227486491203, 0.05261412635445595, -0.9983322024345398, 1.4801597595214844], [0.9996725916862488, 0.01073327288031578, -0.023226460441946983, -1.7346811294555664], [0.0, 0.0, 0.0, 1.0]], [[-0.8442521691322327, -0.535848081111908, -0.010257669724524021, 1.090667724609375], [-0.01575268805027008, 0.04394104704260826, -0.9989099502563477, 1.493072509765625], [0.5357146859169006, -0.8431702256202698, -0.045538369566202164, -1.277587890625], [0.0, 0.0, 0.0, 1.0]], [[0.9474277496337891, 0.3193352520465851, -0.020142141729593277, -1.1439208984375], [-0.04111034795641899, 0.05905754491686821, -0.9974076747894287, 1.562042236328125], [-0.3173179030418396, 0.9457998275756836, 0.06908074021339417, -0.1561279296875], [0.0, 0.0, 0.0, 1.0]], [[0.009947758167982101, 0.9986387491226196, 0.05120318382978439, -0.02880859375], [-0.038992322981357574, 0.05155417323112488, -0.9979086518287659, 1.5680618286132812], [-0.9991900324821472, 0.007930492050945759, 0.039452094584703445, 0.04428672790527344], [0.0, 0.0, 0.0, 1.0]], [[-0.923177182674408, 0.3819391131401062, 0.043201085180044174, 1.16070556640625], [-0.03480339050292969, 0.028871603310108185, -0.9989770650863647, 1.547811508178711], [-0.38279563188552856, -0.9237363934516907, -0.013360830955207348, -0.04376220703125], [0.0, 0.0, 0.0, 1.0]]], "view": [[0.0, -2.0, 100.0], [-2.0, 0.0, 100.0], [0.0, 0.0, 1.0]], "bev": "bev_e63e0158532849afa720aec27a70b144.png", "aux": "aux_e63e0158532849afa720aec27a70b144.npz", "visibility": "visibility_e63e0158532849afa720aec27a70b144.png", "pose": [[-0.8940997123718262, -0.4478679895401001, 0.0, 309.1878662109375], [0.4478679895401001, -0.8940997123718262, 0.0, 668.6677856445312], [0.0, 0.0, 1.0, 0.0], [0.0, 0.0, 0.0, 1.0]], "pose_inverse": [[-0.8940997123718262, 0.4478679895401001, 0.0, -23.03011703491211], [-0.4478679895401001, -0.8940997123718262, 0.0, 736.3309936523438], [0.0, 0.0, 1.0, 0.0], [0.0, 0.0, 0.0, 1.0]], "cam_ids": [0, 1, 2, 3, 4, 5], "cam_channels": ["CAM_FRONT_LEFT", "CAM_FRONT", "CAM_FRONT_RIGHT", "CAM_BACK_LEFT", "CAM_BACK", "CAM_BACK_RIGHT"], "token": "e63e0158532849afa720aec27a70b144", "scene": "scene-0758"}, {"images": ["samples/CAM_FRONT_LEFT/n008-2018-08-30-15-16-55-0400__CAM_FRONT_LEFT__1535657129904799.jpg", "samples/CAM_FRONT/n008-2018-08-30-15-16-55-0400__CAM_FRONT__1535657129912404.jpg", "samples/CAM_FRONT_RIGHT/n008-2018-08-30-15-16-55-0400__CAM_FRONT_RIGHT__1535657129920482.jpg", "samples/CAM_BACK_LEFT/n008-2018-08-30-15-16-55-0400__CAM_BACK_LEFT__1535657129947405.jpg", "samples/CAM_BACK/n008-2018-08-30-15-16-55-0400__CAM_BACK__1535657129937558.jpg", "samples/CAM_BACK_RIGHT/n008-2018-08-30-15-16-55-0400__CAM_BACK_RIGHT__1535657129928113.jpg"], "intrinsics": [[[1257.8625342125129, 0.0, 827.2410631095686], [0.0, 1257.8625342125129, 450.915498205774], [0.0, 0.0, 1.0]], [[1252.8131021185304, 0.0, 826.588114781398], [0.0, 1252.8131021185304, 469.9846626224581], [0.0, 0.0, 1.0]], [[1256.7485116440405, 0.0, 817.7887570959712], [0.0, 1256.7485116440403, 451.9541780095127], [0.0, 0.0, 1.0]], [[1254.9860565800168, 0.0, 829.5769333630991], [0.0, 1254.9860565800168, 467.1680561863987], [0.0, 0.0, 1.0]], [[796.8910634503094, 0.0, 857.7774326863696], [0.0, 796.8910634503094, 476.8848988407415], [0.0, 0.0, 1.0]], [[1249.9629280788233, 0.0, 825.3768045375984], [0.0, 1249.9629280788233, 462.54816385708756], [0.0, 0.0, 1.0]]], "extrinsics": [[[0.8217722773551941, -0.5673145055770874, -0.0533343069255352, -1.005035400390625], [-0.02565000206232071, 0.056674983352422714, -0.9980631470680237, 1.4882926940917969], [0.5692384839057922, 0.8215487003326416, 0.03202231228351593, -1.3333740234375], [0.0, 0.0, 0.0, 1.0]], [[0.009477541781961918, -0.9985606074333191, -0.052790477871894836, 0.00531005859375], [-0.023687757551670074, 0.05255383998155594, -0.9983371496200562, 1.48016357421875], [0.9996744394302368, 0.010712235234677792, -0.02315557934343815, -1.7346763610839844], [0.0, 0.0, 0.0, 1.0]], [[-0.8442578911781311, -0.5358383059501648, -0.010292157530784607, 1.090576171875], [-0.015660328790545464, 0.043860893696546555, -0.9989148378372192, 1.493072509765625], [0.5357082486152649, -0.8431806564331055, -0.04542131349444389, -1.277587890625], [0.0, 0.0, 0.0, 1.0]], [[0.9474313259124756, 0.31932979822158813, -0.020062442868947983, -1.1439208984375], [-0.04100169613957405, 0.05898502469062805, -0.9974164366722107, 1.562042236328125], [-0.31732144951820374, 0.9458061456680298, 0.06897731125354767, -0.15606689453125], [0.0, 0.0, 0.0, 1.0]], [[0.009949143044650555, 0.9986426830291748, 0.051125284284353256, -0.02886962890625], [-0.03888919577002525, 0.051475562155246735, -0.9979167580604553, 1.5680580139160156], [-0.9991939663887024, 0.007940197363495827, 0.0393485464155674, 0.044300079345703125], [0.0, 0.0, 0.0, 1.0]], [[-0.9231773614883423, 0.3819516897201538, 0.043085940182209015, 1.16064453125], [-0.03471073880791664, 0.02879403904080391, -0.9989824891090393, 1.5478134155273438], [-0.38280367851257324, -0.923733651638031, -0.013324180617928505, -0.043701171875], [0.0, 0.0, 0.0, 1.0]]], "view": [[0.0, -2.0, 100.0], [-2.0, 0.0, 100.0], [0.0, 0.0, 1.0]], "bev": "bev_a0843ad9a0d74656bca110058c6243eb.png", "aux": "aux_a0843ad9a0d74656bca110058c6243eb.npz", "visibility": "visibility_a0843ad9a0d74656bca110058c6243eb.png", "pose": [[-0.8941495418548584, -0.4477684795856476, 0.0, 309.1878662109375], [0.4477684795856476, -0.8941495418548584, 0.0, 668.6678466796875], [0.0, 0.0, 1.0, 0.0], [0.0, 0.0, 0.0, 1.0]], "pose_inverse": [[-0.8941495418548584, 0.4477684795856476, 0.0, -22.948190689086914], [-0.4477684795856476, -0.8941495418548584, 0.0, 736.3336181640625], [0.0, 0.0, 1.0, 0.0], [0.0, 0.0, 0.0, 1.0]], "cam_ids": [0, 1, 2, 3, 4, 5], "cam_channels": ["CAM_FRONT_LEFT", "CAM_FRONT", "CAM_FRONT_RIGHT", "CAM_BACK_LEFT", "CAM_BACK", "CAM_BACK_RIGHT"], "token": "a0843ad9a0d74656bca110058c6243eb", "scene": "scene-0758"}, {"images": ["samples/CAM_FRONT_LEFT/n008-2018-08-30-15-16-55-0400__CAM_FRONT_LEFT__1535657130404801.jpg", "samples/CAM_FRONT/n008-2018-08-30-15-16-55-0400__CAM_FRONT__1535657130412404.jpg", "samples/CAM_FRONT_RIGHT/n008-2018-08-30-15-16-55-0400__CAM_FRONT_RIGHT__1535657130420482.jpg", "samples/CAM_BACK_LEFT/n008-2018-08-30-15-16-55-0400__CAM_BACK_LEFT__1535657130447405.jpg", "samples/CAM_BACK/n008-2018-08-30-15-16-55-0400__CAM_BACK__1535657130437558.jpg", "samples/CAM_BACK_RIGHT/n008-2018-08-30-15-16-55-0400__CAM_BACK_RIGHT__1535657130428113.jpg"], "intrinsics": [[[1257.8625342125129, 0.0, 827.2410631095686], [0.0, 1257.8625342125129, 450.915498205774], [0.0, 0.0, 1.0]], [[1252.8131021185304, 0.0, 826.588114781398], [0.0, 1252.8131021185304, 469.9846626224581], [0.0, 0.0, 1.0]], [[1256.7485116440405, 0.0, 817.7887570959712], [0.0, 1256.7485116440403, 451.9541780095127], [0.0, 0.0, 1.0]], [[1254.9860565800168, 0.0, 829.5769333630991], [0.0, 1254.9860565800168, 467.1680561863987], [0.0, 0.0, 1.0]], [[796.8910634503094, 0.0, 857.7774326863696], [0.0, 796.8910634503094, 476.8848988407415], [0.0, 0.0, 1.0]], [[1249.9629280788233, 0.0, 825.3768045375984], [0.0, 1249.9629280788233, 462.54816385708756], [0.0, 0.0, 1.0]]], "extrinsics": [[[0.8217954635620117, -0.5672974586486816, -0.05315862223505974, -1.00506591796875], [-0.025521935895085335, 0.05655302479863167, -0.9980733394622803, 1.4882965087890625], [0.5692108273506165, 0.8215687870979309, 0.03199648857116699, -1.33331298828125], [0.0, 0.0, 0.0, 1.0]], [[0.009504608809947968, -0.9985663294792175, -0.05267715081572533, 0.00537109375], [-0.023573653772473335, 0.05244113504886627, -0.9983457922935486, 1.48016357421875], [0.9996768832206726, 0.010730705223977566, -0.02304142154753208, -1.7346954345703125], [0.0, 0.0, 0.0, 1.0]], [[-0.8442497253417969, -0.5358505845069885, -0.010321483016014099, 1.09063720703125], [-0.015561058185994625, 0.043758027255535126, -0.9989209771156311, 1.493072509765625], [0.5357240438461304, -0.8431780934333801, -0.04528110846877098, -1.277587890625], [0.0, 0.0, 0.0, 1.0]], [[0.9474321007728577, 0.3193305432796478, -0.02001526765525341, -1.1439056396484375], [-0.04091443121433258, 0.05887278914451599, -0.9974266886711121, 1.562042236328125], [-0.3173304796218872, 0.9458128213882446, 0.06884319335222244, -0.156005859375], [0.0, 0.0, 0.0, 1.0]], [[0.00994054228067398, 0.9986484050750732, 0.05101574957370758, -0.02880859375], [-0.038804732263088226, 0.051365096122026443, -0.9979257583618164, 1.5680656433105469], [-0.9991974830627441, 0.0079402606934309, 0.039262883365154266, 0.044361114501953125], [0.0, 0.0, 0.0, 1.0]], [[-0.9231851100921631, 0.3819478154182434, 0.04295527562499046, 1.160675048828125], [-0.03461772948503494, 0.028677424415946007, -0.9989891052246094, 1.547811508178711], [-0.3827935457229614, -0.9237388372421265, -0.01325240544974804, -0.043701171875], [0.0, 0.0, 0.0, 1.0]]], "view": [[0.0, -2.0, 100.0], [-2.0, 0.0, 100.0], [0.0, 0.0, 1.0]], "bev": "bev_4f3fafacde1e49079e26ec72727f740e.png", "aux": "aux_4f3fafacde1e49079e26ec72727f740e.npz", "visibility": "visibility_4f3fafacde1e49079e26ec72727f740e.png", "pose": [[-0.8940944075584412, -0.44787856936454773, 0.0, 309.1878662109375], [0.44787856936454773, -0.8940944075584412, 0.0, 668.6678466796875], [0.0, 0.0, 1.0, 0.0], [0.0, 0.0, 0.0, 1.0]], "pose_inverse": [[-0.8940944075584412, 0.44787856936454773, 0.0, -23.038867950439453], [-0.44787856936454773, -0.8940944075584412, 0.0, 736.330810546875], [0.0, 0.0, 1.0, 0.0], [0.0, 0.0, 0.0, 1.0]], "cam_ids": [0, 1, 2, 3, 4, 5], "cam_channels": ["CAM_FRONT_LEFT", "CAM_FRONT", "CAM_FRONT_RIGHT", "CAM_BACK_LEFT", "CAM_BACK", "CAM_BACK_RIGHT"], "token": "4f3fafacde1e49079e26ec72727f740e", "scene": "scene-0758"}, {"images": ["samples/CAM_FRONT_LEFT/n008-2018-08-30-15-16-55-0400__CAM_FRONT_LEFT__1535657130904799.jpg", "samples/CAM_FRONT/n008-2018-08-30-15-16-55-0400__CAM_FRONT__1535657130912404.jpg", "samples/CAM_FRONT_RIGHT/n008-2018-08-30-15-16-55-0400__CAM_FRONT_RIGHT__1535657130920482.jpg", "samples/CAM_BACK_LEFT/n008-2018-08-30-15-16-55-0400__CAM_BACK_LEFT__1535657130947763.jpg", "samples/CAM_BACK/n008-2018-08-30-15-16-55-0400__CAM_BACK__1535657130937558.jpg", "samples/CAM_BACK_RIGHT/n008-2018-08-30-15-16-55-0400__CAM_BACK_RIGHT__1535657130928113.jpg"], "intrinsics": [[[1257.8625342125129, 0.0, 827.2410631095686], [0.0, 1257.8625342125129, 450.915498205774], [0.0, 0.0, 1.0]], [[1252.8131021185304, 0.0, 826.588114781398], [0.0, 1252.8131021185304, 469.9846626224581], [0.0, 0.0, 1.0]], [[1256.7485116440405, 0.0, 817.7887570959712], [0.0, 1256.7485116440403, 451.9541780095127], [0.0, 0.0, 1.0]], [[1254.9860565800168, 0.0, 829.5769333630991], [0.0, 1254.9860565800168, 467.1680561863987], [0.0, 0.0, 1.0]], [[796.8910634503094, 0.0, 857.7774326863696], [0.0, 796.8910634503094, 476.8848988407415], [0.0, 0.0, 1.0]], [[1249.9629280788233, 0.0, 825.3768045375984], [0.0, 1249.9629280788233, 462.54816385708756], [0.0, 0.0, 1.0]]], "extrinsics": [[[0.8217825293540955, -0.5673250555992126, -0.05306430906057358, -1.0050048828125], [-0.02548501454293728, 0.0564391128718853, -0.9980807304382324, 1.4882965087890625], [0.5692311525344849, 0.8215576410293579, 0.031922392547130585, -1.33331298828125], [0.0, 0.0, 0.0, 1.0]], [[0.009487655013799667, -0.9985727071762085, -0.052560482174158096, 0.00537109375], [-0.02353154495358467, 0.052325330674648285, -0.9983528256416321, 1.48016357421875], [0.9996780753135681, 0.01070883683860302, -0.02300151437520981, -1.734701156616211], [0.0, 0.0, 0.0, 1.0]], [[-0.844255805015564, -0.5358414649963379, -0.010297979228198528, 1.09063720703125], [-0.01551339216530323, 0.0436401441693306, -0.9989268183708191, 1.4930763244628906], [0.5357158184051514, -0.84319007396698, -0.045156169682741165, -1.27752685546875], [0.0, 0.0, 0.0, 1.0]], [[0.9474353790283203, 0.3193214237689972, -0.02000138908624649, -1.1439208984375], [-0.04085990786552429, 0.05875590071082115, -0.9974358081817627, 1.5620384216308594], [-0.31732746958732605, 0.9458231925964355, 0.06871485710144043, -0.15606689453125], [0.0, 0.0, 0.0, 1.0]], [[0.009944549761712551, 0.998654305934906, 0.050899650901556015, -0.02886962890625], [-0.038750696927309036, 0.051248807460069656, -0.9979338049888611, 1.5680580139160156], [-0.9991994500160217, 0.007951557636260986, 0.039208196103572845, 0.04434776306152344], [0.0, 0.0, 0.0, 1.0]], [[-0.9231833815574646, 0.3819618225097656, 0.04286746308207512, 1.16070556640625], [-0.03456864133477211, 0.028566062450408936, -0.998993992805481, 1.547811508178711], [-0.3828020691871643, -0.9237365126609802, -0.01316781435161829, -0.043701171875], [0.0, 0.0, 0.0, 1.0]]], "view": [[0.0, -2.0, 100.0], [-2.0, 0.0, 100.0], [0.0, 0.0, 1.0]], "bev": "bev_3a22e5fdfc5d420886259c36b5b40efa.png", "aux": "aux_3a22e5fdfc5d420886259c36b5b40efa.npz", "visibility": "visibility_3a22e5fdfc5d420886259c36b5b40efa.png", "pose": [[-0.8941233158111572, -0.4478208124637604, 0.0, 309.1878967285156], [0.4478208124637604, -0.8941233158111572, 0.0, 668.6678466796875], [0.0, 0.0, 1.0, 0.0], [0.0, 0.0, 0.0, 1.0]], "pose_inverse": [[-0.8941233158111572, 0.4478208124637604, 0.0, -22.991256713867188], [-0.4478208124637604, -0.8941233158111572, 0.0, 736.332275390625], [0.0, 0.0, 1.0, 0.0], [0.0, 0.0, 0.0, 1.0]], "cam_ids": [0, 1, 2, 3, 4, 5], "cam_channels": ["CAM_FRONT_LEFT", "CAM_FRONT", "CAM_FRONT_RIGHT", "CAM_BACK_LEFT", "CAM_BACK", "CAM_BACK_RIGHT"], "token": "3a22e5fdfc5d420886259c36b5b40efa", "scene": "scene-0758"}, {"images": ["samples/CAM_FRONT_LEFT/n008-2018-08-30-15-16-55-0400__CAM_FRONT_LEFT__1535657131404799.jpg", "samples/CAM_FRONT/n008-2018-08-30-15-16-55-0400__CAM_FRONT__1535657131412404.jpg", "samples/CAM_FRONT_RIGHT/n008-2018-08-30-15-16-55-0400__CAM_FRONT_RIGHT__1535657131420482.jpg", "samples/CAM_BACK_LEFT/n008-2018-08-30-15-16-55-0400__CAM_BACK_LEFT__1535657131447405.jpg", "samples/CAM_BACK/n008-2018-08-30-15-16-55-0400__CAM_BACK__1535657131437558.jpg", "samples/CAM_BACK_RIGHT/n008-2018-08-30-15-16-55-0400__CAM_BACK_RIGHT__1535657131428113.jpg"], "intrinsics": [[[1257.8625342125129, 0.0, 827.2410631095686], [0.0, 1257.8625342125129, 450.915498205774], [0.0, 0.0, 1.0]], [[1252.8131021185304, 0.0, 826.588114781398], [0.0, 1252.8131021185304, 469.9846626224581], [0.0, 0.0, 1.0]], [[1256.7485116440405, 0.0, 817.7887570959712], [0.0, 1256.7485116440403, 451.9541780095127], [0.0, 0.0, 1.0]], [[1254.9860565800168, 0.0, 829.5769333630991], [0.0, 1254.9860565800168, 467.1680561863987], [0.0, 0.0, 1.0]], [[796.8910634503094, 0.0, 857.7774326863696], [0.0, 796.8910634503094, 476.8848988407415], [0.0, 0.0, 1.0]], [[1249.9629280788233, 0.0, 825.3768045375984], [0.0, 1249.9629280788233, 462.54816385708756], [0.0, 0.0, 1.0]]], "extrinsics": [[[0.8217892646789551, -0.5673304200172424, -0.05290263146162033, -1.0050048828125], [-0.02541089616715908, 0.056262314319610596, -0.9980925917625427, 1.4882965087890625], [0.5692247152328491, 0.821566104888916, 0.03181939199566841, -1.33331298828125], [0.0, 0.0, 0.0, 1.0]], [[0.009493722580373287, -0.9985820055007935, -0.05238207057118416, 0.00537109375], [-0.023448562249541283, 0.05214771255850792, -0.9983640909194946, 1.4801597595214844], [0.9996799826622009, 0.010706429369747639, -0.022920234128832817, -1.734710693359375], [0.0, 0.0, 0.0, 1.0]], [[-0.8442555665969849, -0.5358422994613647, -0.010280204005539417, 1.09063720703125], [-0.01542101614177227, 0.043461572378873825, -0.9989360570907593, 1.493072509765625], [0.5357189774513245, -0.843198835849762, -0.04495590552687645, -1.27752685546875], [0.0, 0.0, 0.0, 1.0]], [[0.9474364519119263, 0.3193203806877136, -0.019965797662734985, -1.1439208984375], [-0.0407613068819046, 0.05857394263148308, -0.9974505305290222, 1.5620460510253906], [-0.31733688712120056, 0.9458348155021667, 0.068511001765728, -0.15606689453125], [0.0, 0.0, 0.0, 1.0]], [[0.009938562288880348, 0.9986634254455566, 0.05072054639458656, -0.02886962890625], [-0.038656678050756454, 0.05106884986162186, -0.9979466795921326, 1.5680656433105469], [-0.9992031455039978, 0.007957367226481438, 0.03911255672574043, 0.04432868957519531], [0.0, 0.0, 0.0, 1.0]], [[-0.9231871366500854, 0.3819696605205536, 0.04271577671170235, 1.160675048828125], [-0.03447873145341873, 0.028386637568473816, -0.99900221824646, 1.547811508178711], [-0.3828010559082031, -0.9237388372421265, -0.013036349788308144, -0.04364013671875], [0.0, 0.0, 0.0, 1.0]]], "view": [[0.0, -2.0, 100.0], [-2.0, 0.0, 100.0], [0.0, 0.0, 1.0]], "bev": "bev_3dddb0d1221946e799ff91d095e16f92.png", "aux": "aux_3dddb0d1221946e799ff91d095e16f92.npz", "visibility": "visibility_3dddb0d1221946e799ff91d095e16f92.png", "pose": [[-0.894127368927002, -0.4478127658367157, 0.0, 309.1878967285156], [0.4478127658367157, -0.894127368927002, 0.0, 668.6679077148438], [0.0, 0.0, 1.0, 0.0], [0.0, 0.0, 0.0, 1.0]], "pose_inverse": [[-0.894127368927002, 0.4478127658367157, 0.0, -22.984664916992188], [-0.4478127658367157, -0.894127368927002, 0.0, 736.3325805664062], [0.0, 0.0, 1.0, 0.0], [0.0, 0.0, 0.0, 1.0]], "cam_ids": [0, 1, 2, 3, 4, 5], "cam_channels": ["CAM_FRONT_LEFT", "CAM_FRONT", "CAM_FRONT_RIGHT", "CAM_BACK_LEFT", "CAM_BACK", "CAM_BACK_RIGHT"], "token": "3dddb0d1221946e799ff91d095e16f92", "scene": "scene-0758"}, {"images": ["samples/CAM_FRONT_LEFT/n008-2018-08-30-15-16-55-0400__CAM_FRONT_LEFT__1535657131854799.jpg", "samples/CAM_FRONT/n008-2018-08-30-15-16-55-0400__CAM_FRONT__1535657131862404.jpg", "samples/CAM_FRONT_RIGHT/n008-2018-08-30-15-16-55-0400__CAM_FRONT_RIGHT__1535657131870482.jpg", "samples/CAM_BACK_LEFT/n008-2018-08-30-15-16-55-0400__CAM_BACK_LEFT__1535657131897405.jpg", "samples/CAM_BACK/n008-2018-08-30-15-16-55-0400__CAM_BACK__1535657131887558.jpg", "samples/CAM_BACK_RIGHT/n008-2018-08-30-15-16-55-0400__CAM_BACK_RIGHT__1535657131878113.jpg"], "intrinsics": [[[1257.8625342125129, 0.0, 827.2410631095686], [0.0, 1257.8625342125129, 450.915498205774], [0.0, 0.0, 1.0]], [[1252.8131021185304, 0.0, 826.588114781398], [0.0, 1252.8131021185304, 469.9846626224581], [0.0, 0.0, 1.0]], [[1256.7485116440405, 0.0, 817.7887570959712], [0.0, 1256.7485116440403, 451.9541780095127], [0.0, 0.0, 1.0]], [[1254.9860565800168, 0.0, 829.5769333630991], [0.0, 1254.9860565800168, 467.1680561863987], [0.0, 0.0, 1.0]], [[796.8910634503094, 0.0, 857.7774326863696], [0.0, 796.8910634503094, 476.8848988407415], [0.0, 0.0, 1.0]], [[1249.9629280788233, 0.0, 825.3768045375984], [0.0, 1249.9629280788233, 462.54816385708756], [0.0, 0.0, 1.0]]], "extrinsics": [[[0.8217988610267639, -0.5673224329948425, -0.05283869430422783, -1.005035400390625], [-0.025392446666955948, 0.05617741122841835, -0.998097836971283, 1.4882965087890625], [0.5692116618156433, 0.8215774297714233, 0.03176082298159599, -1.33331298828125], [0.0, 0.0, 0.0, 1.0]], [[0.009508936665952206, -0.9985862970352173, -0.052297383546829224, 0.00537109375], [-0.023443719372153282, 0.0520627424120903, -0.9983686208724976, 1.48016357421875], [0.9996799230575562, 0.010719498619437218, -0.022915514186024666, -1.734705924987793], [0.0, 0.0, 0.0, 1.0]], [[-0.8442476987838745, -0.5358556509017944, -0.010219830088317394, 1.090606689453125], [-0.015442173928022385, 0.04338110238313675, -0.9989392161369324, 1.493072509765625], [0.5357306599617004, -0.8431944251060486, -0.04489917308092117, -1.27752685546875], [0.0, 0.0, 0.0, 1.0]], [[0.947433352470398, 0.31932732462882996, -0.02000410109758377, -1.143890380859375], [-0.04078283905982971, 0.05851633474230766, -0.9974530339241028, 1.5620384216308594], [-0.31734347343444824, 0.9458360075950623, 0.06846340000629425, -0.15606689453125], [0.0, 0.0, 0.0, 1.0]], [[0.009930359199643135, 0.9986662268638611, 0.05066875368356705, -0.02880859375], [-0.038683902472257614, 0.05101698637008667, -0.9979482889175415, 1.5680618286132812], [-0.9992022514343262, 0.007949926890432835, 0.03913892060518265, 0.0443115234375], [0.0, 0.0, 0.0, 1.0]], [[-0.9231910705566406, 0.38196173310279846, 0.042703770101070404, 1.160675048828125], [-0.03449225053191185, 0.02832293137907982, -0.999003529548645, 1.5478096008300781], [-0.38279056549072266, -0.9237440228462219, -0.012972753494977951, -0.04376220703125], [0.0, 0.0, 0.0, 1.0]]], "view": [[0.0, -2.0, 100.0], [-2.0, 0.0, 100.0], [0.0, 0.0, 1.0]], "bev": "bev_fa4d292ea07c4ff0a10dcf53258cc822.png", "aux": "aux_fa4d292ea07c4ff0a10dcf53258cc822.npz", "visibility": "visibility_fa4d292ea07c4ff0a10dcf53258cc822.png", "pose": [[-0.894113302230835, -0.4478408396244049, 0.0, 309.1878967285156], [0.4478408396244049, -0.894113302230835, 0.0, 668.6679077148438], [0.0, 0.0, 1.0, 0.0], [0.0, 0.0, 0.0, 1.0]], "pose_inverse": [[-0.894113302230835, 0.4478408396244049, 0.0, -23.00779914855957], [-0.4478408396244049, -0.894113302230835, 0.0, 736.3318481445312], [0.0, 0.0, 1.0, 0.0], [0.0, 0.0, 0.0, 1.0]], "cam_ids": [0, 1, 2, 3, 4, 5], "cam_channels": ["CAM_FRONT_LEFT", "CAM_FRONT", "CAM_FRONT_RIGHT", "CAM_BACK_LEFT", "CAM_BACK", "CAM_BACK_RIGHT"], "token": "fa4d292ea07c4ff0a10dcf53258cc822", "scene": "scene-0758"}, {"images": ["samples/CAM_FRONT_LEFT/n008-2018-08-30-15-16-55-0400__CAM_FRONT_LEFT__1535657132354799.jpg", "samples/CAM_FRONT/n008-2018-08-30-15-16-55-0400__CAM_FRONT__1535657132362404.jpg", "samples/CAM_FRONT_RIGHT/n008-2018-08-30-15-16-55-0400__CAM_FRONT_RIGHT__1535657132370482.jpg", "samples/CAM_BACK_LEFT/n008-2018-08-30-15-16-55-0400__CAM_BACK_LEFT__1535657132397405.jpg", "samples/CAM_BACK/n008-2018-08-30-15-16-55-0400__CAM_BACK__1535657132387558.jpg", "samples/CAM_BACK_RIGHT/n008-2018-08-30-15-16-55-0400__CAM_BACK_RIGHT__1535657132378113.jpg"], "intrinsics": [[[1257.8625342125129, 0.0, 827.2410631095686], [0.0, 1257.8625342125129, 450.915498205774], [0.0, 0.0, 1.0]], [[1252.8131021185304, 0.0, 826.588114781398], [0.0, 1252.8131021185304, 469.9846626224581], [0.0, 0.0, 1.0]], [[1256.7485116440405, 0.0, 817.7887570959712], [0.0, 1256.7485116440403, 451.9541780095127], [0.0, 0.0, 1.0]], [[1254.9860565800168, 0.0, 829.5769333630991], [0.0, 1254.9860565800168, 467.1680561863987], [0.0, 0.0, 1.0]], [[796.8910634503094, 0.0, 857.7774326863696], [0.0, 796.8910634503094, 476.8848988407415], [0.0, 0.0, 1.0]], [[1249.9629280788233, 0.0, 825.3768045375984], [0.0, 1249.9629280788233, 462.54816385708756], [0.0, 0.0, 1.0]]], "extrinsics": [[[0.821777880191803, -0.5673508644104004, -0.05285893753170967, -1.0050048828125], [-0.02542494796216488, 0.056164056062698364, -0.9980977773666382, 1.4882926940917969], [0.5692404508590698, 0.8215586543083191, 0.03172951191663742, -1.33331298828125], [0.0, 0.0, 0.0, 1.0]], [[0.009482131339609623, -0.9985864758491516, -0.05229705944657326, 0.00543212890625], [-0.023459555581212044, 0.05206286162137985, -0.9983682036399841, 1.48016357421875], [0.9996798038482666, 0.010693554766476154, -0.02293272875249386, -1.7346935272216797], [0.0, 0.0, 0.0, 1.0]], [[-0.8442578315734863, -0.5358396172523499, -0.010219855234026909, 1.090606689453125], [-0.01544187217950821, 0.04338225722312927, -0.9989391565322876, 1.493072509765625], [0.5357146263122559, -0.8432044982910156, -0.044900182634592056, -1.27752685546875], [0.0, 0.0, 0.0, 1.0]], [[0.947434663772583, 0.3193221688270569, -0.02002173289656639, -1.1439361572265625], [-0.04079386964440346, 0.058495067059993744, -0.9974538683891296, 1.562042236328125], [-0.3173379898071289, 0.9458391070365906, 0.06844664365053177, -0.15606689453125], [0.0, 0.0, 0.0, 1.0]], [[0.009938270784914494, 0.9986671209335327, 0.05064750835299492, -0.02886962890625], [-0.038684166967868805, 0.050996068865060806, -0.9979493021965027, 1.5680656433105469], [-0.9992020726203918, 0.00795862264931202, 0.03913942351937294, 0.04430198669433594], [0.0, 0.0, 0.0, 1.0]], [[-0.9231861233711243, 0.38197314739227295, 0.04270509257912636, 1.160675048828125], [-0.03449692949652672, 0.028314689174294472, -0.9990035891532898, 1.5478134155273438], [-0.38280174136161804, -0.9237396121025085, -0.012962831184267998, -0.04364013671875], [0.0, 0.0, 0.0, 1.0]]], "view": [[0.0, -2.0, 100.0], [-2.0, 0.0, 100.0], [0.0, 0.0, 1.0]], "bev": "bev_1cd51c110bab4f64947a05b4ee8aa4f8.png", "aux": "aux_1cd51c110bab4f64947a05b4ee8aa4f8.npz", "visibility": "visibility_1cd51c110bab4f64947a05b4ee8aa4f8.png", "pose": [[-0.8941700458526611, -0.4477274715900421, 0.0, 309.1878662109375], [0.4477274715900421, -0.8941700458526611, 0.0, 668.6679077148438], [0.0, 0.0, 1.0, 0.0], [0.0, 0.0, 0.0, 1.0]], "pose_inverse": [[-0.8941700458526611, 0.4477274715900421, 0.0, -22.914459228515625], [-0.4477274715900421, -0.8941700458526611, 0.0, 736.334716796875], [0.0, 0.0, 1.0, 0.0], [0.0, 0.0, 0.0, 1.0]], "cam_ids": [0, 1, 2, 3, 4, 5], "cam_channels": ["CAM_FRONT_LEFT", "CAM_FRONT", "CAM_FRONT_RIGHT", "CAM_BACK_LEFT", "CAM_BACK", "CAM_BACK_RIGHT"], "token": "1cd51c110bab4f64947a05b4ee8aa4f8", "scene": "scene-0758"}, {"images": ["samples/CAM_FRONT_LEFT/n008-2018-08-30-15-16-55-0400__CAM_FRONT_LEFT__1535657132854799.jpg", "samples/CAM_FRONT/n008-2018-08-30-15-16-55-0400__CAM_FRONT__1535657132862404.jpg", "samples/CAM_FRONT_RIGHT/n008-2018-08-30-15-16-55-0400__CAM_FRONT_RIGHT__1535657132870500.jpg", "samples/CAM_BACK_LEFT/n008-2018-08-30-15-16-55-0400__CAM_BACK_LEFT__1535657132897405.jpg", "samples/CAM_BACK/n008-2018-08-30-15-16-55-0400__CAM_BACK__1535657132887558.jpg", "samples/CAM_BACK_RIGHT/n008-2018-08-30-15-16-55-0400__CAM_BACK_RIGHT__1535657132878113.jpg"], "intrinsics": [[[1257.8625342125129, 0.0, 827.2410631095686], [0.0, 1257.8625342125129, 450.915498205774], [0.0, 0.0, 1.0]], [[1252.8131021185304, 0.0, 826.588114781398], [0.0, 1252.8131021185304, 469.9846626224581], [0.0, 0.0, 1.0]], [[1256.7485116440405, 0.0, 817.7887570959712], [0.0, 1256.7485116440403, 451.9541780095127], [0.0, 0.0, 1.0]], [[1254.9860565800168, 0.0, 829.5769333630991], [0.0, 1254.9860565800168, 467.1680561863987], [0.0, 0.0, 1.0]], [[796.8910634503094, 0.0, 857.7774326863696], [0.0, 796.8910634503094, 476.8848988407415], [0.0, 0.0, 1.0]], [[1249.9629280788233, 0.0, 825.3768045375984], [0.0, 1249.9629280788233, 462.54816385708756], [0.0, 0.0, 1.0]]], "extrinsics": [[[0.8218175172805786, -0.5673077702522278, -0.05270722135901451, -1.005035400390625], [-0.025323839858174324, 0.056046951562166214, -0.9981068968772888, 1.4882926940917969], [0.5691878795623779, 0.8215963840484619, 0.0316939502954483, -1.333251953125], [0.0, 0.0, 0.0, 1.0]], [[0.00953572615981102, -0.9985926151275635, -0.0521722137928009, 0.00537109375], [-0.023378409445285797, 0.051937688142061234, -0.9983766674995422, 1.4801673889160156], [0.9996812343597412, 0.010739960707724094, -0.022850241512060165, -1.7346916198730469], [0.0, 0.0, 0.0, 1.0]], [[-0.8442373275756836, -0.5358722805976868, -0.010202376171946526, 1.090606689453125], [-0.015378210693597794, 0.043246280401945114, -0.9989460706710815, 1.4930686950683594], [0.5357487201690674, -0.8431907892227173, -0.0447508804500103, -1.27752685546875], [0.0, 0.0, 0.0, 1.0]], [[0.9474319219589233, 0.3193318843841553, -0.019999224692583084, -1.1439361572265625], [-0.04072459042072296, 0.058357011526823044, -0.9974647760391235, 1.562042236328125], [-0.317355215549469, 0.9458444118499756, 0.06829395145177841, -0.156005859375], [0.0, 0.0, 0.0, 1.0]], [[0.009915721602737904, 0.998674750328064, 0.050502676516771317, -0.02880859375], [-0.03861108794808388, 0.05084988474845886, -0.9979596138000488, 1.5680618286132812], [-0.9992052316665649, 0.007945474237203598, 0.03906412795186043, 0.044353485107421875], [0.0, 0.0, 0.0, 1.0]], [[-0.9231988191604614, 0.38195595145225525, 0.04258517548441887, 1.16070556640625], [-0.034428175538778305, 0.028168095275759697, -0.9990100860595703, 1.547811508178711], [-0.3827773928642273, -0.923751175403595, -0.012854707427322865, -0.04376220703125], [0.0, 0.0, 0.0, 1.0]]], "view": [[0.0, -2.0, 100.0], [-2.0, 0.0, 100.0], [0.0, 0.0, 1.0]], "bev": "bev_0e95ab70ca0944509587f320d42f25f6.png", "aux": "aux_0e95ab70ca0944509587f320d42f25f6.npz", "visibility": "visibility_0e95ab70ca0944509587f320d42f25f6.png", "pose": [[-0.8941314220428467, -0.44780468940734863, 0.0, 309.1878356933594], [0.44780468940734863, -0.8941314220428467, 0.0, 668.66796875], [0.0, 0.0, 1.0, 0.0], [0.0, 0.0, 0.0, 1.0]], "pose_inverse": [[-0.8941314220428467, 0.44780468940734863, 0.0, -22.978097915649414], [-0.44780468940734863, -0.8941314220428467, 0.0, 736.332763671875], [0.0, 0.0, 1.0, 0.0], [0.0, 0.0, 0.0, 1.0]], "cam_ids": [0, 1, 2, 3, 4, 5], "cam_channels": ["CAM_FRONT_LEFT", "CAM_FRONT", "CAM_FRONT_RIGHT", "CAM_BACK_LEFT", "CAM_BACK", "CAM_BACK_RIGHT"], "token": "0e95ab70ca0944509587f320d42f25f6", "scene": "scene-0758"}, {"images": ["samples/CAM_FRONT_LEFT/n008-2018-08-30-15-16-55-0400__CAM_FRONT_LEFT__1535657133354799.jpg", "samples/CAM_FRONT/n008-2018-08-30-15-16-55-0400__CAM_FRONT__1535657133362404.jpg", "samples/CAM_FRONT_RIGHT/n008-2018-08-30-15-16-55-0400__CAM_FRONT_RIGHT__1535657133370482.jpg", "samples/CAM_BACK_LEFT/n008-2018-08-30-15-16-55-0400__CAM_BACK_LEFT__1535657133397405.jpg", "samples/CAM_BACK/n008-2018-08-30-15-16-55-0400__CAM_BACK__1535657133387558.jpg", "samples/CAM_BACK_RIGHT/n008-2018-08-30-15-16-55-0400__CAM_BACK_RIGHT__1535657133378113.jpg"], "intrinsics": [[[1257.8625342125129, 0.0, 827.2410631095686], [0.0, 1257.8625342125129, 450.915498205774], [0.0, 0.0, 1.0]], [[1252.8131021185304, 0.0, 826.588114781398], [0.0, 1252.8131021185304, 469.9846626224581], [0.0, 0.0, 1.0]], [[1256.7485116440405, 0.0, 817.7887570959712], [0.0, 1256.7485116440403, 451.9541780095127], [0.0, 0.0, 1.0]], [[1254.9860565800168, 0.0, 829.5769333630991], [0.0, 1254.9860565800168, 467.1680561863987], [0.0, 0.0, 1.0]], [[796.8910634503094, 0.0, 857.7774326863696], [0.0, 796.8910634503094, 476.8848988407415], [0.0, 0.0, 1.0]], [[1249.9629280788233, 0.0, 825.3768045375984], [0.0, 1249.9629280788233, 462.54816385708756], [0.0, 0.0, 1.0]]], "extrinsics": [[[0.8218044638633728, -0.5673303604125977, -0.052666764706373215, -1.005035400390625], [-0.02530500292778015, 0.0560017004609108, -0.9981099367141724, 1.4882926940917969], [0.5692074298858643, 0.8215839862823486, 0.03166614845395088, -1.33331298828125], [0.0, 0.0, 0.0, 1.0]], [[0.009519057348370552, -0.9985954761505127, -0.05211939290165901, 0.00543212890625], [-0.02335463836789131, 0.051885515451431274, -0.9983799457550049, 1.4801597595214844], [0.9996819496154785, 0.010720835067331791, -0.022827932611107826, -1.7346878051757812], [0.0, 0.0, 0.0, 1.0]], [[-0.8442443013191223, -0.5358615517616272, -0.010195806622505188, 1.090667724609375], [-0.01534983143210411, 0.04319043830037117, -0.9989489316940308, 1.493072509765625], [0.5357387065887451, -0.8432004451751709, -0.044688668102025986, -1.2774658203125], [0.0, 0.0, 0.0, 1.0]], [[0.9474339485168457, 0.3193255662918091, -0.01999880000948906, -1.1439208984375], [-0.04071076586842537, 0.05831856280565262, -0.997467577457428, 1.5620460510253906], [-0.3173506259918213, 0.945848822593689, 0.06825298070907593, -0.15606689453125], [0.0, 0.0, 0.0, 1.0]], [[0.009922392666339874, 0.998676598072052, 0.05046381056308746, -0.02886962890625], [-0.03859204