[{"images": ["samples/CAM_FRONT_LEFT/n008-2018-08-31-11-19-57-0400__CAM_FRONT_LEFT__1535729099504799.jpg", "samples/CAM_FRONT/n008-2018-08-31-11-19-57-0400__CAM_FRONT__1535729099512404.jpg", "samples/CAM_FRONT_RIGHT/n008-2018-08-31-11-19-57-0400__CAM_FRONT_RIGHT__1535729099520482.jpg", "samples/CAM_BACK_LEFT/n008-2018-08-31-11-19-57-0400__CAM_BACK_LEFT__1535729099547405.jpg", "samples/CAM_BACK/n008-2018-08-31-11-19-57-0400__CAM_BACK__1535729099537558.jpg", "samples/CAM_BACK_RIGHT/n008-2018-08-31-11-19-57-0400__CAM_BACK_RIGHT__1535729099528113.jpg"], "intrinsics": [[[1257.8625342125129, 0.0, 827.2410631095686], [0.0, 1257.8625342125129, 450.915498205774], [0.0, 0.0, 1.0]], [[1252.8131021185304, 0.0, 826.588114781398], [0.0, 1252.8131021185304, 469.9846626224581], [0.0, 0.0, 1.0]], [[1256.7485116440405, 0.0, 817.7887570959712], [0.0, 1256.7485116440403, 451.9541780095127], [0.0, 0.0, 1.0]], [[1254.9860565800168, 0.0, 829.5769333630991], [0.0, 1254.9860565800168, 467.1680561863987], [0.0, 0.0, 1.0]], [[796.8910634503094, 0.0, 857.7774326863696], [0.0, 796.8910634503094, 476.8848988407415], [0.0, 0.0, 1.0]], [[1249.9629280788233, 0.0, 825.3768045375984], [0.0, 1249.9629280788233, 462.54816385708756], [0.0, 0.0, 1.0]]], "extrinsics": [[[0.8219818472862244, -0.5693244338035583, -0.014683131128549576, -0.65057373046875], [-0.0008490781183354557, 0.024556774646043777, -0.9996980428695679, 1.4879264831542969], [0.5695131421089172, 0.8217461705207825, 0.019701819866895676, -1.087890625], [0.0, 0.0, 0.0, 1.0]], [[0.00924138817936182, -0.9997485280036926, -0.020429588854312897, 0.008544921875], [0.0011772976722568274, 0.020441323518753052, -0.999790370464325, 1.4805755615234375], [0.9999566078186035, 0.009215394966304302, 0.001365907839499414, -1.3823013305664062], [0.0, 0.0, 0.0, 1.0]], [[-0.844570517539978, -0.5352582335472107, -0.014116843231022358, 0.86376953125], [0.009270695969462395, 0.011742942966520786, -0.9998880624771118, 1.4955596923828125], [0.5353641510009766, -0.844606876373291, -0.004955527372658253, -1.13330078125], [0.0, 0.0, 0.0, 1.0]], [[0.9478480219841003, 0.3186553418636322, -0.006547430530190468, -1.1483154296875], [-0.01589454896748066, 0.02674160525202751, -0.9995160102844238, 1.5621147155761719], [-0.31832602620124817, 0.947493314743042, 0.030411861836910248, -0.15478515625], [0.0, 0.0, 0.0, 1.0]], [[0.009637599810957909, 0.9997690916061401, 0.019203731790184975, -0.028076171875], [-0.01390061154961586, 0.01933671534061432, -0.9997163414955139, 1.5667343139648438], [-0.9998569488525391, 0.009367905557155609, 0.014083761721849442, -0.05101776123046875], [0.0, 0.0, 0.0, 1.0]], [[-0.923470139503479, 0.38359135389328003, 0.007777323480695486, 0.9840087890625], [-0.009797628968954086, -0.0033131882082670927, -0.9999465346336365, 1.545942783355713], [-0.38354501128196716, -0.9234970211982727, 0.006817915476858616, -0.1168212890625], [0.0, 0.0, 0.0, 1.0]]], "view": [[0.0, -2.0, 100.0], [-2.0, 0.0, 100.0], [0.0, 0.0, 1.0]], "bev": "bev_ef785875f56947faad1e79f91b1b8948.png", "aux": "aux_ef785875f56947faad1e79f91b1b8948.npz", "visibility": "visibility_ef785875f56947faad1e79f91b1b8948.png", "pose": [[-0.8516502976417542, -0.5241104364395142, 0.0, 922.6039428710938], [0.5241104364395142, -0.8516502976417542, 0.0, 1314.1475830078125], [0.0, 0.0, 1.0, 0.0], [0.0, 0.0, 0.0, 1.0]], "pose_inverse": [[-0.8516502976417542, 0.5241104364395142, 0.0, 96.97752380371094], [-0.5241104364395142, -0.8516502976417542, 0.0, 1602.7406005859375], [0.0, 0.0, 1.0, 0.0], [0.0, 0.0, 0.0, 1.0]], "cam_ids": [0, 1, 2, 3, 4, 5], "cam_channels": ["CAM_FRONT_LEFT", "CAM_FRONT", "CAM_FRONT_RIGHT", "CAM_BACK_LEFT", "CAM_BACK", "CAM_BACK_RIGHT"], "token": "ef785875f56947faad1e79f91b1b8948", "scene": "scene-0291"}, {"images": ["samples/CAM_FRONT_LEFT/n008-2018-08-31-11-19-57-0400__CAM_FRONT_LEFT__1535729100104799.jpg", "samples/CAM_FRONT/n008-2018-08-31-11-19-57-0400__CAM_FRONT__1535729100112404.jpg", "samples/CAM_FRONT_RIGHT/n008-2018-08-31-11-19-57-0400__CAM_FRONT_RIGHT__1535729100120482.jpg", "samples/CAM_BACK_LEFT/n008-2018-08-31-11-19-57-0400__CAM_BACK_LEFT__1535729100147405.jpg", "samples/CAM_BACK/n008-2018-08-31-11-19-57-0400__CAM_BACK__1535729100137558.jpg", "samples/CAM_BACK_RIGHT/n008-2018-08-31-11-19-57-0400__CAM_BACK_RIGHT__1535729100128113.jpg"], "intrinsics": [[[1257.8625342125129, 0.0, 827.2410631095686], [0.0, 1257.8625342125129, 450.915498205774], [0.0, 0.0, 1.0]], [[1252.8131021185304, 0.0, 826.588114781398], [0.0, 1252.8131021185304, 469.9846626224581], [0.0, 0.0, 1.0]], [[1256.7485116440405, 0.0, 817.7887570959712], [0.0, 1256.7485116440403, 451.9541780095127], [0.0, 0.0, 1.0]], [[1254.9860565800168, 0.0, 829.5769333630991], [0.0, 1254.9860565800168, 467.1680561863987], [0.0, 0.0, 1.0]], [[796.8910634503094, 0.0, 857.7774326863696], [0.0, 796.8910634503094, 476.8848988407415], [0.0, 0.0, 1.0]], [[1249.9629280788233, 0.0, 825.3768045375984], [0.0, 1249.9629280788233, 462.54816385708756], [0.0, 0.0, 1.0]]], "extrinsics": [[[0.822902262210846, -0.5681028962135315, -0.00954343844205141, -0.64764404296875], [0.0036760393995791674, 0.02211933583021164, -0.9997485876083374, 1.489776611328125], [0.5681712031364441, 0.8226602673530579, 0.020290419459342957, -1.0921630859375], [0.0, 0.0, 0.0, 1.0]], [[0.010770607739686966, -0.9997818470001221, -0.01789821684360504, 0.0130615234375], [0.0056764245964586735, 0.01796009950339794, -0.9998226165771484, 1.4821014404296875], [0.9999259114265442, 0.010666984133422375, 0.0058686272241175175, -1.38128662109375], [0.0, 0.0, 0.0, 1.0]], [[-0.8437891602516174, -0.536419689655304, -0.01654961332678795, 0.86383056640625], [0.013747633434832096, 0.009222710505127907, -0.9998629689216614, 1.4967632293701172], [0.5364988446235657, -0.8439009785652161, -0.0004075207398273051, -1.129638671875], [0.0, 0.0, 0.0, 1.0]], [[0.9478710293769836, 0.3186366558074951, -0.0033422212582081556, -1.14849853515625], [-0.011706899851560593, 0.024340039119124413, -0.9996351599693298, 1.5620956420898438], [-0.3184390962123871, 0.9475643634796143, 0.026801463216543198, -0.1546630859375], [0.0, 0.0, 0.0, 1.0]], [[0.009100701659917831, 0.9998184442520142, 0.016740193590521812, -0.0289306640625], [-0.009677169844508171, 0.016828162595629692, -0.9998115301132202, 1.5671138763427734], [-0.9999117851257324, 0.00893704779446125, 0.00982856098562479, -0.05171966552734375], [0.0, 0.0, 0.0, 1.0]], [[-0.9238547086715698, 0.38273414969444275, 0.0026452699676156044, 0.98193359375], [-0.0053003993816673756, -0.005882967263460159, -0.9999686479568481, 1.546804428100586], [-0.38270658254623413, -0.923839807510376, 0.007463651243597269, -0.115478515625], [0.0, 0.0, 0.0, 1.0]]], "view": [[0.0, -2.0, 100.0], [-2.0, 0.0, 100.0], [0.0, 0.0, 1.0]], "bev": "bev_0faa79264be14cfd8821d15727c2f971.png", "aux": "aux_0faa79264be14cfd8821d15727c2f971.npz", "visibility": "visibility_0faa79264be14cfd8821d15727c2f971.png", "pose": [[-0.8507307767868042, -0.5256017446517944, 0.0, 917.4029541015625], [0.5256017446517944, -0.8507307767868042, 0.0, 1317.3841552734375], [0.0, 0.0, 1.0, 0.0], [0.0, 0.0, 0.0, 1.0]], "pose_inverse": [[-0.8507307767868042, 0.5256017446517944, 0.0, 88.04350280761719], [-0.5256017446517944, -0.8507307767868042, 0.0, 1602.9278564453125], [0.0, 0.0, 1.0, 0.0], [0.0, 0.0, 0.0, 1.0]], "cam_ids": [0, 1, 2, 3, 4, 5], "cam_channels": ["CAM_FRONT_LEFT", "CAM_FRONT", "CAM_FRONT_RIGHT", "CAM_BACK_LEFT", "CAM_BACK", "CAM_BACK_RIGHT"], "token": "0faa79264be14cfd8821d15727c2f971", "scene": "scene-0291"}, {"images": ["samples/CAM_FRONT_LEFT/n008-2018-08-31-11-19-57-0400__CAM_FRONT_LEFT__1535729100604799.jpg", "samples/CAM_FRONT/n008-2018-08-31-11-19-57-0400__CAM_FRONT__1535729100612404.jpg", "samples/CAM_FRONT_RIGHT/n008-2018-08-31-11-19-57-0400__CAM_FRONT_RIGHT__1535729100620482.jpg", "samples/CAM_BACK_LEFT/n008-2018-08-31-11-19-57-0400__CAM_BACK_LEFT__1535729100647405.jpg", "samples/CAM_BACK/n008-2018-08-31-11-19-57-0400__CAM_BACK__1535729100637558.jpg", "samples/CAM_BACK_RIGHT/n008-2018-08-31-11-19-57-0400__CAM_BACK_RIGHT__1535729100628113.jpg"], "intrinsics": [[[1257.8625342125129, 0.0, 827.2410631095686], [0.0, 1257.8625342125129, 450.915498205774], [0.0, 0.0, 1.0]], [[1252.8131021185304, 0.0, 826.588114781398], [0.0, 1252.8131021185304, 469.9846626224581], [0.0, 0.0, 1.0]], [[1256.7485116440405, 0.0, 817.7887570959712], [0.0, 1256.7485116440403, 451.9541780095127], [0.0, 0.0, 1.0]], [[1254.9860565800168, 0.0, 829.5769333630991], [0.0, 1254.9860565800168, 467.1680561863987], [0.0, 0.0, 1.0]], [[796.8910634503094, 0.0, 857.7774326863696], [0.0, 796.8910634503094, 476.8848988407415], [0.0, 0.0, 1.0]], [[1249.9629280788233, 0.0, 825.3768045375984], [0.0, 1249.9629280788233, 462.54816385708756], [0.0, 0.0, 1.0]]], "extrinsics": [[[0.8226849436759949, -0.5683544874191284, -0.01275851484388113, -0.65966796875], [0.0012478874996304512, 0.024247845634818077, -0.9997051954269409, 1.4887466430664062], [0.5684963464736938, 0.822426438331604, 0.020657576620578766, -1.097900390625], [0.0, 0.0, 0.0, 1.0]], [[0.010445933789014816, -0.999741792678833, -0.02017819881439209, 0.010986328125], [0.003135272301733494, 0.020211948081851006, -0.9997907876968384, 1.4811897277832031], [0.9999404549598694, 0.010380459018051624, 0.0033455954398959875, -1.392486572265625], [0.0, 0.0, 0.0, 1.0]], [[-0.8439474105834961, -0.536199688911438, -0.015580452978610992, 0.87060546875], [0.01108612958341837, 0.011604511179029942, -0.9998711943626404, 1.4959564208984375], [0.5363113880157471, -0.8440114259719849, -0.003849219996482134, -1.1357421875], [0.0, 0.0, 0.0, 1.0]], [[0.947854220867157, 0.3186620771884918, -0.005194454919546843, -1.14971923828125], [-0.014550300315022469, 0.026986422017216682, -0.9995298981666565, 1.5621337890625], [-0.31837210059165955, 0.9474840760231018, 0.030215822160243988, -0.154052734375], [0.0, 0.0, 0.0, 1.0]], [[0.009222415275871754, 0.9997711777687073, 0.019305817782878876, -0.028564453125], [-0.012380466796457767, 0.019419318065047264, -0.9997347593307495, 1.566915512084961], [-0.999880850315094, 0.00898097176104784, 0.012556726112961769, -0.0475921630859375], [0.0, 0.0, 0.0, 1.0]], [[-0.9237843751907349, 0.3828640878200531, 0.006122838240116835, 0.98846435546875], [-0.008029901422560215, -0.0033831647597253323, -0.9999620318412781, 1.5463266372680664], [-0.38282883167266846, -0.9237985610961914, 0.006199675612151623, -0.113525390625], [0.0, 0.0, 0.0, 1.0]]], "view": [[0.0, -2.0, 100.0], [-2.0, 0.0, 100.0], [0.0, 0.0, 1.0]], "bev": "bev_a49ba9378d8d4c05ad7554ab04421e16.png", "aux": "aux_a49ba9378d8d4c05ad7554ab04421e16.npz", "visibility": "visibility_a49ba9378d8d4c05ad7554ab04421e16.png", "pose": [[-0.8496217727661133, -0.5273925065994263, 0.0, 913.150390625], [0.5273925065994263, -0.8496217727661133, 0.0, 1320.0655517578125], [0.0, 0.0, 1.0, 0.0], [0.0, 0.0, 0.0, 1.0]], "pose_inverse": [[-0.8496217727661133, 0.5273925065994263, 0.0, 79.6397933959961], [-0.5273925065994263, -0.8496217727661133, 0.0, 1603.1451416015625], [0.0, 0.0, 1.0, 0.0], [0.0, 0.0, 0.0, 1.0]], "cam_ids": [0, 1, 2, 3, 4, 5], "cam_channels": ["CAM_FRONT_LEFT", "CAM_FRONT", "CAM_FRONT_RIGHT", "CAM_BACK_LEFT", "CAM_BACK", "CAM_BACK_RIGHT"], "token": "a49ba9378d8d4c05ad7554ab04421e16", "scene": "scene-0291"}, {"images": ["samples/CAM_FRONT_LEFT/n008-2018-08-31-11-19-57-0400__CAM_FRONT_LEFT__1535729101004946.jpg", "samples/CAM_FRONT/n008-2018-08-31-11-19-57-0400__CAM_FRONT__1535729101012404.jpg", "samples/CAM_FRONT_RIGHT/n008-2018-08-31-11-19-57-0400__CAM_FRONT_RIGHT__1535729101020482.jpg", "samples/CAM_BACK_LEFT/n008-2018-08-31-11-19-57-0400__CAM_BACK_LEFT__1535729101047405.jpg", "samples/CAM_BACK/n008-2018-08-31-11-19-57-0400__CAM_BACK__1535729101037558.jpg", "samples/CAM_BACK_RIGHT/n008-2018-08-31-11-19-57-0400__CAM_BACK_RIGHT__1535729101028113.jpg"], "intrinsics": [[[1257.8625342125129, 0.0, 827.2410631095686], [0.0, 1257.8625342125129, 450.915498205774], [0.0, 0.0, 1.0]], [[1252.8131021185304, 0.0, 826.588114781398], [0.0, 1252.8131021185304, 469.9846626224581], [0.0, 0.0, 1.0]], [[1256.7485116440405, 0.0, 817.7887570959712], [0.0, 1256.7485116440403, 451.9541780095127], [0.0, 0.0, 1.0]], [[1254.9860565800168, 0.0, 829.5769333630991], [0.0, 1254.9860565800168, 467.1680561863987], [0.0, 0.0, 1.0]], [[796.8910634503094, 0.0, 857.7774326863696], [0.0, 796.8910634503094, 476.8848988407415], [0.0, 0.0, 1.0]], [[1249.9629280788233, 0.0, 825.3768045375984], [0.0, 1249.9629280788233, 462.54816385708756], [0.0, 0.0, 1.0]]], "extrinsics": [[[0.8218758702278137, -0.5694808959960938, -0.014546270482242107, -0.6512451171875], [0.0006898668361827731, 0.02652965858578682, -0.9996477365493774, 1.4885597229003906], [0.5696661472320557, 0.8215763568878174, 0.022196950390934944, -1.0894775390625], [0.0, 0.0, 0.0, 1.0]], [[0.00924780871719122, -0.999703586101532, -0.022521495819091797, 0.0093994140625], [0.002676022006198764, 0.022547120228409767, -0.9997422099113464, 1.4810943603515625], [0.99995356798172, 0.009185143746435642, 0.002883739536628127, -1.3810577392578125], [0.0, 0.0, 0.0, 1.0]], [[-0.8444613218307495, -0.5353605151176453, -0.01655607670545578, 0.86175537109375], [0.010730350390076637, 0.013994562439620495, -0.999844491481781, 1.4959754943847656], [0.535508930683136, -0.8445077538490295, -0.0060732620768249035, -1.1317138671875], [0.0, 0.0, 0.0, 1.0]], [[0.9478558897972107, 0.31867098808288574, -0.004242215305566788, -1.146240234375], [-0.014460910111665726, 0.02970762364566326, -0.9994540214538574, 1.5620803833007812], [-0.3183709979057312, 0.9473996758460999, 0.03276682272553444, -0.1551513671875], [0.0, 0.0, 0.0, 1.0]], [[0.009574506431818008, 0.9997153878211975, 0.02185087837278843, -0.0279541015625], [-0.012515201233327389, 0.021969972178339958, -0.99968022108078, 1.5668373107910156], [-0.9998758435249329, 0.009297866374254227, 0.01272199023514986, -0.053173065185546875], [0.0, 0.0, 0.0, 1.0]], [[-0.9235214591026306, 0.3834761381149292, 0.007348466664552689, 0.98150634765625], [-0.00834062322974205, -0.0009245359105989337, -0.9999647736549377, 1.546196699142456], [-0.3834558129310608, -0.9235503077507019, 0.004052258562296629, -0.11767578125], [0.0, 0.0, 0.0, 1.0]]], "view": [[0.0, -2.0, 100.0], [-2.0, 0.0, 100.0], [0.0, 0.0, 1.0]], "bev": "bev_a17eea96fcd94cfda274a5708ab2b9f9.png", "aux": "aux_a17eea96fcd94cfda274a5708ab2b9f9.npz", "visibility": "visibility_a17eea96fcd94cfda274a5708ab2b9f9.png", "pose": [[-0.8495219945907593, -0.5275532007217407, 0.0, 909.7341918945312], [0.5275532007217407, -0.8495219945907593, 0.0, 1322.215576171875], [0.0, 0.0, 1.0, 0.0], [0.0, 0.0, 0.0, 1.0]], "pose_inverse": [[-0.8495219945907593, 0.5275532007217407, 0.0, 75.30009460449219], [-0.5275532007217407, -0.8495219945907593, 0.0, 1603.1844482421875], [0.0, 0.0, 1.0, 0.0], [0.0, 0.0, 0.0, 1.0]], "cam_ids": [0, 1, 2, 3, 4, 5], "cam_channels": ["CAM_FRONT_LEFT", "CAM_FRONT", "CAM_FRONT_RIGHT", "CAM_BACK_LEFT", "CAM_BACK", "CAM_BACK_RIGHT"], "token": "a17eea96fcd94cfda274a5708ab2b9f9", "scene": "scene-0291"}, {"images": ["samples/CAM_FRONT_LEFT/n008-2018-08-31-11-19-57-0400__CAM_FRONT_LEFT__1535729101504799.jpg", "samples/CAM_FRONT/n008-2018-08-31-11-19-57-0400__CAM_FRONT__1535729101512404.jpg", "samples/CAM_FRONT_RIGHT/n008-2018-08-31-11-19-57-0400__CAM_FRONT_RIGHT__1535729101521340.jpg", "samples/CAM_BACK_LEFT/n008-2018-08-31-11-19-57-0400__CAM_BACK_LEFT__1535729101547405.jpg", "samples/CAM_BACK/n008-2018-08-31-11-19-57-0400__CAM_BACK__1535729101537558.jpg", "samples/CAM_BACK_RIGHT/n008-2018-08-31-11-19-57-0400__CAM_BACK_RIGHT__1535729101528113.jpg"], "intrinsics": [[[1257.8625342125129, 0.0, 827.2410631095686], [0.0, 1257.8625342125129, 450.915498205774], [0.0, 0.0, 1.0]], [[1252.8131021185304, 0.0, 826.588114781398], [0.0, 1252.8131021185304, 469.9846626224581], [0.0, 0.0, 1.0]], [[1256.7485116440405, 0.0, 817.7887570959712], [0.0, 1256.7485116440403, 451.9541780095127], [0.0, 0.0, 1.0]], [[1254.9860565800168, 0.0, 829.5769333630991], [0.0, 1254.9860565800168, 467.1680561863987], [0.0, 0.0, 1.0]], [[796.8910634503094, 0.0, 857.7774326863696], [0.0, 796.8910634503094, 476.8848988407415], [0.0, 0.0, 1.0]], [[1249.9629280788233, 0.0, 825.3768045375984], [0.0, 1249.9629280788233, 462.54816385708756], [0.0, 0.0, 1.0]]], "extrinsics": [[[0.8216590881347656, -0.569867730140686, -0.011273671872913837, -0.6552734375], [0.006683622486889362, 0.02941068820655346, -0.9995450377464294, 1.4911270141601562], [0.5699400305747986, 0.8212099075317383, 0.027974342927336693, -1.0914306640625], [0.0, 0.0, 0.0, 1.0]], [[0.008983105421066284, -0.9996418952941895, -0.025206144899129868, 0.009033203125], [0.008559237234294415, 0.025283105671405792, -0.9996436834335327, 1.4831390380859375], [0.9999229907989502, 0.008764182217419147, 0.008783292956650257, -1.386260986328125], [0.0, 0.0, 0.0, 1.0]], [[-0.8444890975952148, -0.5350874066352844, -0.02279672957956791, 0.87249755859375], [0.016487203538417816, 0.016571564599871635, -0.9997267127037048, 1.4973297119140625], [0.5353189706802368, -0.8446341156959534, -0.00517240958288312, -1.13916015625], [0.0, 0.0, 0.0, 1.0]], [[0.9478873610496521, 0.318602591753006, 0.001422070781700313, -1.147705078125], [-0.00913289561867714, 0.0316326878964901, -0.999457836151123, 1.5620765686035156], [-0.31847479939460754, 0.9473603367805481, 0.032893989235162735, -0.1549072265625], [0.0, 0.0, 0.0, 1.0]], [[0.009591619484126568, 0.9996631741523743, 0.0241156704723835, -0.0279541015625], [-0.006944752763956785, 0.024182790890336037, -0.9996833801269531, 1.5674018859863281], [-0.9999299049377441, 0.009421093389391899, 0.007174365222454071, -0.050876617431640625], [0.0, 0.0, 0.0, 1.0]], [[-0.923463761806488, 0.3836735486984253, 0.0030294109601527452, 0.98486328125], [-0.0026516630314290524, 0.0015134797431528568, -0.9999952912330627, 1.5473082065582275], [-0.38367632031440735, -0.9234675168991089, -0.0003802705032285303, -0.1165771484375], [0.0, 0.0, 0.0, 1.0]]], "view": [[0.0, -2.0, 100.0], [-2.0, 0.0, 100.0], [0.0, 0.0, 1.0]], "bev": "bev_0932c27d2e404816b18eb94fc6a54697.png", "aux": "aux_0932c27d2e404816b18eb94fc6a54697.npz", "visibility": "visibility_0932c27d2e404816b18eb94fc6a54697.png", "pose": [[-0.8501778841018677, -0.5264955163002014, 0.0, 905.4365844726562], [0.5264955163002014, -0.8501778841018677, 0.0, 1324.9208984375], [0.0, 0.0, 1.0, 0.0], [0.0, 0.0, 0.0, 1.0]], "pose_inverse": [[-0.8501778841018677, 0.5264955163002014, 0.0, 72.21723175048828], [-0.5264955163002014, -0.8501778841018677, 0.0, 1603.1268310546875], [0.0, 0.0, 1.0, 0.0], [0.0, 0.0, 0.0, 1.0]], "cam_ids": [0, 1, 2, 3, 4, 5], "cam_channels": ["CAM_FRONT_LEFT", "CAM_FRONT", "CAM_FRONT_RIGHT", "CAM_BACK_LEFT", "CAM_BACK", "CAM_BACK_RIGHT"], "token": "0932c27d2e404816b18eb94fc6a54697", "scene": "scene-0291"}, {"images": ["samples/CAM_FRONT_LEFT/n008-2018-08-31-11-19-57-0400__CAM_FRONT_LEFT__1535729102004799.jpg", "samples/CAM_FRONT/n008-2018-08-31-11-19-57-0400__CAM_FRONT__1535729102012404.jpg", "samples/CAM_FRONT_RIGHT/n008-2018-08-31-11-19-57-0400__CAM_FRONT_RIGHT__1535729102020482.jpg", "samples/CAM_BACK_LEFT/n008-2018-08-31-11-19-57-0400__CAM_BACK_LEFT__1535729102047405.jpg", "samples/CAM_BACK/n008-2018-08-31-11-19-57-0400__CAM_BACK__1535729102037558.jpg", "samples/CAM_BACK_RIGHT/n008-2018-08-31-11-19-57-0400__CAM_BACK_RIGHT__1535729102028113.jpg"], "intrinsics": [[[1257.8625342125129, 0.0, 827.2410631095686], [0.0, 1257.8625342125129, 450.915498205774], [0.0, 0.0, 1.0]], [[1252.8131021185304, 0.0, 826.588114781398], [0.0, 1252.8131021185304, 469.9846626224581], [0.0, 0.0, 1.0]], [[1256.7485116440405, 0.0, 817.7887570959712], [0.0, 1256.7485116440403, 451.9541780095127], [0.0, 0.0, 1.0]], [[1254.9860565800168, 0.0, 829.5769333630991], [0.0, 1254.9860565800168, 467.1680561863987], [0.0, 0.0, 1.0]], [[796.8910634503094, 0.0, 857.7774326863696], [0.0, 796.8910634503094, 476.8848988407415], [0.0, 0.0, 1.0]], [[1249.9629280788233, 0.0, 825.3768045375984], [0.0, 1249.9629280788233, 462.54816385708756], [0.0, 0.0, 1.0]]], "extrinsics": [[[0.8225093483924866, -0.5687428712844849, -0.003162968438118696, -0.6646728515625], [0.0074758767150342464, 0.0163719579577446, -0.9998380541801453, 1.4913196563720703], [0.5687025189399719, 0.8223524689674377, 0.017717938870191574, -1.10205078125], [0.0, 0.0, 0.0, 1.0]], [[0.010210293345153332, -0.9998740553855896, -0.0121585913002491, 0.0115966796875], [0.009125826880335808, 0.012251894921064377, -0.9998832941055298, 1.4832038879394531], [0.9999062418937683, 0.010098117403686047, 0.009249771013855934, -1.3976211547851562], [0.0, 0.0, 0.0, 1.0]], [[-0.8439980745315552, -0.5361044406890869, -0.016106829047203064, 0.8741455078125], [0.016823595389723778, 0.0035541015677154064, -0.9998521208763123, 1.4974040985107422], [0.5360824465751648, -0.8441442251205444, 0.006019548047333956, -1.1375732421875], [0.0, 0.0, 0.0, 1.0]], [[0.9478806257247925, 0.31861165165901184, -0.0029875626787543297, -1.14825439453125], [-0.009454120881855488, 0.018751587718725204, -0.9997795224189758, 1.5620956420898438], [-0.3184853792190552, 0.947699785232544, 0.020786462351679802, -0.1544189453125], [0.0, 0.0, 0.0, 1.0]], [[0.009232956916093826, 0.9998940825462341, 0.011252856813371181, -0.028564453125], [-0.006951929070055485, 0.011317250318825245, -0.9999117851257324, 1.5674209594726562], [-0.9999332427978516, 0.009154006838798523, 0.007055684458464384, -0.0470123291015625], [0.0, 0.0, 0.0, 1.0]], [[-0.9237233996391296, 0.38305410742759705, -0.00216267560608685, 0.99066162109375], [-0.0023710501845926046, -0.011363212019205093, -0.999932587146759, 1.547393798828125], [-0.38305288553237915, -0.9236560463905334, 0.011404704302549362, -0.1124267578125], [0.0, 0.0, 0.0, 1.0]]], "view": [[0.0, -2.0, 100.0], [-2.0, 0.0, 100.0], [0.0, 0.0, 1.0]], "bev": "bev_123827b9293147a7bd5f443f93e3f1ad.png", "aux": "aux_123827b9293147a7bd5f443f93e3f1ad.npz", "visibility": "visibility_123827b9293147a7bd5f443f93e3f1ad.png", "pose": [[-0.8501960635185242, -0.5264662504196167, 0.0, 901.2062377929688], [0.5264662504196167, -0.8501960635185242, 0.0, 1327.582275390625], [0.0, 0.0, 1.0, 0.0], [0.0, 0.0, 0.0, 1.0]], "pose_inverse": [[-0.8501960635185242, 0.5264662504196167, 0.0, 67.27474212646484], [-0.5264662504196167, -0.8501960635185242, 0.0, 1603.1597900390625], [0.0, 0.0, 1.0, 0.0], [0.0, 0.0, 0.0, 1.0]], "cam_ids": [0, 1, 2, 3, 4, 5], "cam_channels": ["CAM_FRONT_LEFT", "CAM_FRONT", "CAM_FRONT_RIGHT", "CAM_BACK_LEFT", "CAM_BACK", "CAM_BACK_RIGHT"], "token": "123827b9293147a7bd5f443f93e3f1ad", "scene": "scene-0291"}, {"images": ["samples/CAM_FRONT_LEFT/n008-2018-08-31-11-19-57-0400__CAM_FRONT_LEFT__1535729102504799.jpg", "samples/CAM_FRONT/n008-2018-08-31-11-19-57-0400__CAM_FRONT__1535729102512404.jpg", "samples/CAM_FRONT_RIGHT/n008-2018-08-31-11-19-57-0400__CAM_FRONT_RIGHT__1535729102520499.jpg", "samples/CAM_BACK_LEFT/n008-2018-08-31-11-19-57-0400__CAM_BACK_LEFT__1535729102547405.jpg", "samples/CAM_BACK/n008-2018-08-31-11-19-57-0400__CAM_BACK__1535729102537558.jpg", "samples/CAM_BACK_RIGHT/n008-2018-08-31-11-19-57-0400__CAM_BACK_RIGHT__1535729102528113.jpg"], "intrinsics": [[[1257.8625342125129, 0.0, 827.2410631095686], [0.0, 1257.8625342125129, 450.915498205774], [0.0, 0.0, 1.0]], [[1252.8131021185304, 0.0, 826.588114781398], [0.0, 1252.8131021185304, 469.9846626224581], [0.0, 0.0, 1.0]], [[1256.7485116440405, 0.0, 817.7887570959712], [0.0, 1256.7485116440403, 451.9541780095127], [0.0, 0.0, 1.0]], [[1254.9860565800168, 0.0, 829.5769333630991], [0.0, 1254.9860565800168, 467.1680561863987], [0.0, 0.0, 1.0]], [[796.8910634503094, 0.0, 857.7774326863696], [0.0, 796.8910634503094, 476.8848988407415], [0.0, 0.0, 1.0]], [[1249.9629280788233, 0.0, 825.3768045375984], [0.0, 1249.9629280788233, 462.54816385708756], [0.0, 0.0, 1.0]]], "extrinsics": [[[0.8226815462112427, -0.568063497543335, -0.02233841083943844, -0.6683349609375], [-0.007588954176753759, 0.028316408395767212, -0.9995701909065247, 1.4852104187011719], [0.5684518814086914, 0.8224974870681763, 0.01898437738418579, -1.099853515625], [0.0, 0.0, 0.0, 1.0]], [[0.010495125316083431, -0.9996477365493774, -0.02437744103372097, 0.0084228515625], [-0.0063637299463152885, 0.024311520159244537, -0.99968421459198, 1.4780426025390625], [0.9999246597290039, 0.010646930895745754, -0.006106335204094648, -1.3994369506835938], [0.0, 0.0, 0.0, 1.0]], [[-0.8439381122589111, -0.5363618731498718, -0.009187929332256317, 0.8743896484375], [0.0008827676065266132, 0.015738973394036293, -0.9998757243156433, 1.4933032989501953], [0.536439836025238, -0.8438413739204407, -0.012809235602617264, -1.1405029296875], [0.0, 0.0, 0.0, 1.0]], [[0.9476993680000305, 0.3187991678714752, -0.01527001429349184, -1.1495361328125], [-0.026812169700860977, 0.03184794634580612, -0.9991329908370972, 1.5622024536132812], [-0.3180364668369293, 0.9472870826721191, 0.03872997686266899, -0.154296875], [0.0, 0.0, 0.0, 1.0]], [[0.009302208200097084, 0.999675989151001, 0.023693010210990906, -0.02783203125], [-0.023849967867136, 0.023909101262688637, -0.9994295835494995, 1.5659217834472656], [-0.9996722936630249, 0.008731860667467117, 0.024064648896455765, -0.045536041259765625], [0.0, 0.0, 0.0, 1.0]], [[-0.9237385392189026, 0.3826148211956024, 0.017691342160105705, 0.99261474609375], [-0.018804840743541718, 0.0008296831510961056, -0.9998227953910828, 1.5443938970565796], [-0.382561594247818, -0.9239076972007751, 0.0064285979606211185, -0.1134033203125], [0.0, 0.0, 0.0, 1.0]]], "view": [[0.0, -2.0, 100.0], [-2.0, 0.0, 100.0], [0.0, 0.0, 1.0]], "bev": "bev_9999a0d274964f1982296ea5409fc6fe.png", "aux": "aux_9999a0d274964f1982296ea5409fc6fe.npz", "visibility": "visibility_9999a0d274964f1982296ea5409fc6fe.png", "pose": [[-0.8509624004364014, -0.5252266526222229, 0.0, 896.96533203125], [0.5252266526222229, -0.8509624004364014, 0.0, 1330.2252197265625], [0.0, 0.0, 1.0, 0.0], [0.0, 0.0, 0.0, 1.0]], "pose_inverse": [[-0.8509624004364014, 0.5252266526222229, 0.0, 64.61402130126953], [-0.5252266526222229, -0.8509624004364014, 0.0, 1603.0816650390625], [0.0, 0.0, 1.0, 0.0], [0.0, 0.0, 0.0, 1.0]], "cam_ids": [0, 1, 2, 3, 4, 5], "cam_channels": ["CAM_FRONT_LEFT", "CAM_FRONT", "CAM_FRONT_RIGHT", "CAM_BACK_LEFT", "CAM_BACK", "CAM_BACK_RIGHT"], "token": "9999a0d274964f1982296ea5409fc6fe", "scene": "scene-0291"}, {"images": ["samples/CAM_FRONT_LEFT/n008-2018-08-31-11-19-57-0400__CAM_FRONT_LEFT__1535729103004799.jpg", "samples/CAM_FRONT/n008-2018-08-31-11-19-57-0400__CAM_FRONT__1535729103012404.jpg", "samples/CAM_FRONT_RIGHT/n008-2018-08-31-11-19-57-0400__CAM_FRONT_RIGHT__1535729103020482.jpg", "samples/CAM_BACK_LEFT/n008-2018-08-31-11-19-57-0400__CAM_BACK_LEFT__1535729103047405.jpg", "samples/CAM_BACK/n008-2018-08-31-11-19-57-0400__CAM_BACK__1535729103037558.jpg", "samples/CAM_BACK_RIGHT/n008-2018-08-31-11-19-57-0400__CAM_BACK_RIGHT__1535729103028113.jpg"], "intrinsics": [[[1257.8625342125129, 0.0, 827.2410631095686], [0.0, 1257.8625342125129, 450.915498205774], [0.0, 0.0, 1.0]], [[1252.8131021185304, 0.0, 826.588114781398], [0.0, 1252.8131021185304, 469.9846626224581], [0.0, 0.0, 1.0]], [[1256.7485116440405, 0.0, 817.7887570959712], [0.0, 1256.7485116440403, 451.9541780095127], [0.0, 0.0, 1.0]], [[1254.9860565800168, 0.0, 829.5769333630991], [0.0, 1254.9860565800168, 467.1680561863987], [0.0, 0.0, 1.0]], [[796.8910634503094, 0.0, 857.7774326863696], [0.0, 796.8910634503094, 476.8848988407415], [0.0, 0.0, 1.0]], [[1249.9629280788233, 0.0, 825.3768045375984], [0.0, 1249.9629280788233, 462.54816385708756], [0.0, 0.0, 1.0]]], "extrinsics": [[[0.8223536610603333, -0.568669319152832, -0.018701542168855667, -0.67388916015625], [-0.005757502745836973, 0.02455010451376438, -0.9996820092201233, 1.4859199523925781], [0.5689476132392883, 0.8221997022628784, 0.01691475138068199, -1.107666015625], [0.0, 0.0, 0.0, 1.0]], [[0.009985986165702343, -0.9997443556785583, -0.02028706483542919, 0.010986328125], [-0.0043124365620315075, 0.020244833081960678, -0.9997857809066772, 1.47869873046875], [0.999940812587738, 0.01007134560495615, -0.004109169356524944, -1.405975341796875], [0.0, 0.0, 0.0, 1.0]], [[-0.8441635370254517, -0.5360140204429626, -0.008758890442550182, 0.87847900390625], [0.0031681335531175137, 0.011350186541676521, -0.9999305009841919, 1.4938526153564453], [0.5360761880874634, -0.8441327214241028, -0.007883251644670963, -1.1407470703125], [0.0, 0.0, 0.0, 1.0]], [[0.9477304816246033, 0.3187513053417206, -0.014297422021627426, -1.14544677734375], [-0.023787952959537506, 0.02590104192495346, -0.9993814826011658, 1.5620803833007812], [-0.3181838393211365, 0.9474843740463257, 0.03212965279817581, -0.1556396484375], [0.0, 0.0, 0.0, 1.0]], [[0.0094015933573246, 0.9997863173484802, 0.01840834505856037, -0.028564453125], [-0.021214408800005913, 0.01860443875193596, -0.9996017813682556, 1.5661163330078125], [-0.9997307658195496, 0.009007391519844532, 0.021384788677096367, -0.04695892333984375], [0.0, 0.0, 0.0, 1.0]], [[-0.9236530661582947, 0.3829885423183441, 0.013587160035967827, 0.9937744140625], [-0.016324186697602272, -0.0038973491173237562, -0.9998591542243958, 1.544872760772705], [-0.38288170099258423, -0.923744797706604, 0.00985177606344223, -0.1116943359375], [0.0, 0.0, 0.0, 1.0]]], "view": [[0.0, -2.0, 100.0], [-2.0, 0.0, 100.0], [0.0, 0.0, 1.0]], "bev": "bev_3562f25a60b444b2946175067f9a8efc.png", "aux": "aux_3562f25a60b444b2946175067f9a8efc.npz", "visibility": "visibility_3562f25a60b444b2946175067f9a8efc.png", "pose": [[-0.8515973091125488, -0.5241965055465698, 0.0, 892.8831787109375], [0.5241965055465698, -0.8515973091125488, 0.0, 1332.76806640625], [0.0, 0.0, 1.0, 0.0], [0.0, 0.0, 0.0, 1.0]], "pose_inverse": [[-0.8515973091125488, 0.5241965055465698, 0.0, 61.744529724121094], [-0.5241965055465698, -0.8515973091125488, 0.0, 1603.0279541015625], [0.0, 0.0, 1.0, 0.0], [0.0, 0.0, 0.0, 1.0]], "cam_ids": [0, 1, 2, 3, 4, 5], "cam_channels": ["CAM_FRONT_LEFT", "CAM_FRONT", "CAM_FRONT_RIGHT", "CAM_BACK_LEFT", "CAM_BACK", "CAM_BACK_RIGHT"], "token": "3562f25a60b444b2946175067f9a8efc", "scene": "scene-0291"}, {"images": ["samples/CAM_FRONT_LEFT/n008-2018-08-31-11-19-57-0400__CAM_FRONT_LEFT__1535729103504799.jpg", "samples/CAM_FRONT/n008-2018-08-31-11-19-57-0400__CAM_FRONT__1535729103512404.jpg", "samples/CAM_FRONT_RIGHT/n008-2018-08-31-11-19-57-0400__CAM_FRONT_RIGHT__1535729103520482.jpg", "samples/CAM_BACK_LEFT/n008-2018-08-31-11-19-57-0400__CAM_BACK_LEFT__1535729103547405.jpg", "samples/CAM_BACK/n008-2018-08-31-11-19-57-0400__CAM_BACK__1535729103537558.jpg", "samples/CAM_BACK_RIGHT/n008-2018-08-31-11-19-57-0400__CAM_BACK_RIGHT__1535729103528113.jpg"], "intrinsics": [[[1257.8625342125129, 0.0, 827.2410631095686], [0.0, 1257.8625342125129, 450.915498205774], [0.0, 0.0, 1.0]], [[1252.8131021185304, 0.0, 826.588114781398], [0.0, 1252.8131021185304, 469.9846626224581], [0.0, 0.0, 1.0]], [[1256.7485116440405, 0.0, 817.7887570959712], [0.0, 1256.7485116440403, 451.9541780095127], [0.0, 0.0, 1.0]], [[1254.9860565800168, 0.0, 829.5769333630991], [0.0, 1254.9860565800168, 467.1680561863987], [0.0, 0.0, 1.0]], [[796.8910634503094, 0.0, 857.7774326863696], [0.0, 796.8910634503094, 476.8848988407415], [0.0, 0.0, 1.0]], [[1249.9629280788233, 0.0, 825.3768045375984], [0.0, 1249.9629280788233, 462.54816385708756], [0.0, 0.0, 1.0]]], "extrinsics": [[[0.8223378658294678, -0.568882167339325, -0.011559735983610153, -0.65728759765625], [0.0033112161327153444, 0.025100046768784523, -0.999679446220398, 1.4896087646484375], [0.5689899921417236, 0.8220359086990356, 0.022524408996105194, -1.0966796875], [0.0, 0.0, 0.0, 1.0]], [[0.009973968379199505, -0.9997297525405884, -0.02099752612411976, 0.0115966796875], [0.005466029513627291, 0.021052764728665352, -0.9997634291648865, 1.4820022583007812], [0.9999353289604187, 0.009856855496764183, 0.0056745330803096294, -1.3876953125], [0.0, 0.0, 0.0, 1.0]], [[-0.8441070914268494, -0.5358645915985107, -0.01822947897017002, 0.864990234375], [0.013700556941330433, 0.01243154052644968, -0.9998288750648499, 1.496725082397461], [0.5359994769096375, -0.8442124724388123, -0.003151909215375781, -1.131103515625], [0.0, 0.0, 0.0, 1.0]], [[0.9478722214698792, 0.31864315271377563, -0.0021641331259161234, -1.13671875], [-0.01169980876147747, 0.028015002608299255, -0.9995390176773071, 1.56195068359375], [-0.3184356689453125, 0.9474605917930603, 0.03028270974755287, -0.1585693359375], [0.0, 0.0, 0.0, 1.0]], [[0.009325852617621422, 0.9997519254684448, 0.020226212218403816, -0.0286865234375], [-0.009683388285338879, 0.020316433161497116, -0.9997466802597046, 1.567047119140625], [-0.9999096393585205, 0.009127615951001644, 0.009870455600321293, -0.058681488037109375], [0.0, 0.0, 0.0, 1.0]], [[-0.9236897230148315, 0.38311877846717834, 0.004145680461078882, 0.97998046875], [-0.00553088216111064, -0.0025141469668596983, -0.9999815225601196, 1.5467405319213867], [-0.383101224899292, -0.9236956834793091, 0.004441276658326387, -0.1165771484375], [0.0, 0.0, 0.0, 1.0]]], "view": [[0.0, -2.0, 100.0], [-2.0, 0.0, 100.0], [0.0, 0.0, 1.0]], "bev": "bev_c87e8550d3b940569cc666599f26b9ab.png", "aux": "aux_c87e8550d3b940569cc666599f26b9ab.npz", "visibility": "visibility_c87e8550d3b940569cc666599f26b9ab.png", "pose": [[-0.8531464338302612, -0.52167147397995, 0.0, 888.8482666015625], [0.52167147397995, -0.8531464338302612, 0.0, 1335.29150390625], [0.0, 0.0, 1.0, 0.0], [0.0, 0.0, 0.0, 1.0]], "pose_inverse": [[-0.8531464338302612, 0.52167147397995, 0.0, 61.73427200317383], [-0.52167147397995, -0.8531464338302612, 0.0, 1602.885986328125], [0.0, 0.0, 1.0, 0.0], [0.0, 0.0, 0.0, 1.0]], "cam_ids": [0, 1, 2, 3, 4, 5], "cam_channels": ["CAM_FRONT_LEFT", "CAM_FRONT", "CAM_FRONT_RIGHT", "CAM_BACK_LEFT", "CAM_BACK", "CAM_BACK_RIGHT"], "token": "c87e8550d3b940569cc666599f26b9ab", "scene": "scene-0291"}, {"images": ["samples/CAM_FRONT_LEFT/n008-2018-08-31-11-19-57-0400__CAM_FRONT_LEFT__1535729104004799.jpg", "samples/CAM_FRONT/n008-2018-08-31-11-19-57-0400__CAM_FRONT__1535729104012404.jpg", "samples/CAM_FRONT_RIGHT/n008-2018-08-31-11-19-57-0400__CAM_FRONT_RIGHT__1535729104020482.jpg", "samples/CAM_BACK_LEFT/n008-2018-08-31-11-19-57-0400__CAM_BACK_LEFT__1535729104047405.jpg", "samples/CAM_BACK/n008-2018-08-31-11-19-57-0400__CAM_BACK__1535729104039371.jpg", "samples/CAM_BACK_RIGHT/n008-2018-08-31-11-19-57-0400__CAM_BACK_RIGHT__1535729104028113.jpg"], "intrinsics": [[[1257.8625342125129, 0.0, 827.2410631095686], [0.0, 1257.8625342125129, 450.915498205774], [0.0, 0.0, 1.0]], [[1252.8131021185304, 0.0, 826.588114781398], [0.0, 1252.8131021185304, 469.9846626224581], [0.0, 0.0, 1.0]], [[1256.7485116440405, 0.0, 817.7887570959712], [0.0, 1256.7485116440403, 451.9541780095127], [0.0, 0.0, 1.0]], [[1254.9860565800168, 0.0, 829.5769333630991], [0.0, 1254.9860565800168, 467.1680561863987], [0.0, 0.0, 1.0]], [[796.8910634503094, 0.0, 857.7774326863696], [0.0, 796.8910634503094, 476.8848988407415], [0.0, 0.0, 1.0]], [[1249.9629280788233, 0.0, 825.3768045375984], [0.0, 1249.9629280788233, 462.54816385708756], [0.0, 0.0, 1.0]]], "extrinsics": [[[0.8221508264541626, -0.5690253376960754, -0.016679873690009117, -0.65869140625], [5.692870217899326e-06, 0.02930869720876217, -0.999570369720459, 1.488372802734375], [0.5692697167396545, 0.8217975497245789, 0.024099407717585564, -1.0904541015625], [0.0, 0.0, 0.0, 1.0]], [[0.009666649624705315, -0.9996343851089478, -0.02525145746767521, 0.006591796875], [0.002192215994000435, 0.02527376264333725, -0.9996781945228577, 1.480987548828125], [0.9999508261680603, 0.009608106687664986, 0.0024357265792787075, -1.3841400146484375], [0.0, 0.0, 0.0, 1.0]], [[-0.8442791700363159, -0.5356091856956482, -0.017759907990694046, 0.858642578125], [0.010459596291184425, 0.016664480790495872, -0.9998064041137695, 1.4959659576416016], [0.5358015298843384, -0.8443015813827515, -0.008467218838632107, -1.13232421875], [0.0, 0.0, 0.0, 1.0]], [[0.947878897190094, 0.3186115026473999, -0.0034958268515765667, -1.12786865234375], [-0.014493705704808235, 0.03215397521853447, -0.9993778467178345, 1.561798095703125], [-0.31830087304115295, 0.9473398327827454, 0.0350959375500679, -0.161376953125], [0.0, 0.0, 0.0, 1.0]], [[0.00945454090833664, 0.9996569156646729, 0.024427281692624092, -0.0274658203125], [-0.012502067722380161, 0.02454463578760624, -0.9996204972267151, 1.5669097900390625], [-0.9998771548271179, 0.009145612828433514, 0.012729836627840996, -0.049106597900390625], [0.0, 0.0, 0.0, 1.0]], [[-0.9236101508140564, 0.3832367956638336, 0.008584227412939072, 0.9757080078125], [-0.008586850948631763, 0.0017038955120369792, -0.9999616742134094, 1.5460891723632812], [-0.38323673605918884, -0.9236485958099365, 0.001717061153613031, -0.121826171875], [0.0, 0.0, 0.0, 1.0]]], "view": [[0.0, -2.0, 100.0], [-2.0, 0.0, 100.0], [0.0, 0.0, 1.0]], "bev": "bev_6d7ff4049f47410689dbf08503e0db61.png", "aux": "aux_6d7ff4049f47410689dbf08503e0db61.npz", "visibility": "visibility_6d7ff4049f47410689dbf08503e0db61.png", "pose": [[-0.8553981781005859, -0.5179709792137146, 0.0, 884.7675170898438], [0.5179709792137146, -0.8553981781005859, 0.0, 1337.8016357421875], [0.0, 0.0, 1.0, 0.0], [0.0, 0.0, 0.0, 1.0]], "pose_inverse": [[-0.8553981781005859, 0.5179709792137146, 0.0, 63.886131286621094], [-0.5179709792137146, -0.8553981781005859, 0.0, 1602.636962890625], [0.0, 0.0, 1.0, 0.0], [0.0, 0.0, 0.0, 1.0]], "cam_ids": [0, 1, 2, 3, 4, 5], "cam_channels": ["CAM_FRONT_LEFT", "CAM_FRONT", "CAM_FRONT_RIGHT", "CAM_BACK_LEFT", "CAM_BACK", "CAM_BACK_RIGHT"], "token": "6d7ff4049f47410689dbf08503e0db61", "scene": "scene-0291"}, {"images": ["samples/CAM_FRONT_LEFT/n008-2018-08-31-11-19-57-0400__CAM_FRONT_LEFT__1535729104504799.jpg", "samples/CAM_FRONT/n008-2018-08-31-11-19-57-0400__CAM_FRONT__1535729104512404.jpg", "samples/CAM_FRONT_RIGHT/n008-2018-08-31-11-19-57-0400__CAM_FRONT_RIGHT__1535729104520482.jpg", "samples/CAM_BACK_LEFT/n008-2018-08-31-11-19-57-0400__CAM_BACK_LEFT__1535729104547405.jpg", "samples/CAM_BACK/n008-2018-08-31-11-19-57-0400__CAM_BACK__1535729104537558.jpg", "samples/CAM_BACK_RIGHT/n008-2018-08-31-11-19-57-0400__CAM_BACK_RIGHT__1535729104528113.jpg"], "intrinsics": [[[1257.8625342125129, 0.0, 827.2410631095686], [0.0, 1257.8625342125129, 450.915498205774], [0.0, 0.0, 1.0]], [[1252.8131021185304, 0.0, 826.588114781398], [0.0, 1252.8131021185304, 469.9846626224581], [0.0, 0.0, 1.0]], [[1256.7485116440405, 0.0, 817.7887570959712], [0.0, 1256.7485116440403, 451.9541780095127], [0.0, 0.0, 1.0]], [[1254.9860565800168, 0.0, 829.5769333630991], [0.0, 1254.9860565800168, 467.1680561863987], [0.0, 0.0, 1.0]], [[796.8910634503094, 0.0, 857.7774326863696], [0.0, 796.8910634503094, 476.8848988407415], [0.0, 0.0, 1.0]], [[1249.9629280788233, 0.0, 825.3768045375984], [0.0, 1249.9629280788233, 462.54816385708756], [0.0, 0.0, 1.0]]], "extrinsics": [[[0.8224621415138245, -0.5685855746269226, -0.016322053968906403, -0.66656494140625], [0.0034634971525520086, 0.03369990363717079, -0.999426007270813, 1.4896926879882812], [0.5688093900680542, 0.8219335675239563, 0.02968618832528591, -1.1002197265625], [0.0, 0.0, 0.0, 1.0]], [[0.010093070566654205, -0.9995113611221313, -0.02958519756793976, 0.0098876953125], [0.005658305250108242, 0.02964331954717636, -0.9995445013046265, 1.4820518493652344], [0.9999330043792725, 0.009921095333993435, 0.0059547326527535915, -1.3957672119140625], [0.0, 0.0, 0.0, 1.0]], [[-0.8440946936607361, -0.5356995463371277, -0.023025253787636757, 0.86956787109375], [0.013934353366494179, 0.021011818200349808, -0.9996820688247681, 1.4967079162597656], [0.5360130667686462, -0.844147264957428, -0.010271336883306503, -1.135986328125], [0.0, 0.0, 0.0, 1.0]], [[0.9478979110717773, 0.3185722529888153, 0.0011145472526550293, -1.12933349609375], [-0.011055530980229378, 0.03639129176735878, -0.9992764592170715, 1.5618667602539062], [-0.3183823525905609, 0.9471997618675232, 0.038017209619283676, -0.1610107421875], [0.0, 0.0, 0.0, 1.0]], [[0.009350631386041641, 0.9995438456535339, 0.028718387708067894, -0.0281982421875], [-0.009238063357770443, 0.02