[{"images": ["samples/CAM_FRONT_LEFT/n015-2018-09-27-15-33-17+0800__CAM_FRONT_LEFT__1538033621754844.jpg", "samples/CAM_FRONT/n015-2018-09-27-15-33-17+0800__CAM_FRONT__1538033621762460.jpg", "samples/CAM_FRONT_RIGHT/n015-2018-09-27-15-33-17+0800__CAM_FRONT_RIGHT__1538033621770339.jpg", "samples/CAM_BACK_LEFT/n015-2018-09-27-15-33-17+0800__CAM_BACK_LEFT__1538033621797423.jpg", "samples/CAM_BACK/n015-2018-09-27-15-33-17+0800__CAM_BACK__1538033621787525.jpg", "samples/CAM_BACK_RIGHT/n015-2018-09-27-15-33-17+0800__CAM_BACK_RIGHT__1538033621777893.jpg"], "intrinsics": [[[1272.5979470598488, 0.0, 826.6154927353808], [0.0, 1272.5979470598488, 479.75165386361925], [0.0, 0.0, 1.0]], [[1266.417203046554, 0.0, 816.2670197447984], [0.0, 1266.417203046554, 491.50706579294757], [0.0, 0.0, 1.0]], [[1260.8474446004698, 0.0, 807.968244525554], [0.0, 1260.8474446004698, 495.3344268742088], [0.0, 0.0, 1.0]], [[1256.7414812095406, 0.0, 792.1125740759628], [0.0, 1256.7414812095406, 492.7757465151356], [0.0, 0.0, 1.0]], [[809.2209905677063, 0.0, 829.2196003259838], [0.0, 809.2209905677063, 481.77842384512485], [0.0, 0.0, 1.0]], [[1259.5137405846733, 0.0, 807.2529053838625], [0.0, 1259.5137405846733, 501.19579884916527], [0.0, 0.0, 1.0]]], "extrinsics": [[[0.8205759525299072, -0.5712217092514038, 0.018994342535734177, -0.9600830078125], [0.012537747621536255, -0.015234834514558315, -0.9998052716255188, 1.5083236694335938], [0.571399986743927, 0.8206543922424316, -0.005339505150914192, -1.2767333984375], [0.0, 0.0, 0.0, 1.0]], [[0.005439717322587967, -0.9997982978820801, 0.01932794414460659, 0.0048828125], [0.007258648052811623, -0.01928824372589588, -0.9997876882553101, 1.52056884765625], [0.9999588131904602, 0.0055789221078157425, 0.007152261212468147, -1.68743896484375], [0.0, 0.0, 0.0, 1.0]], [[-0.83286452293396, -0.5533936619758606, -0.009594029746949673, 1.029052734375], [0.012894364073872566, -0.0020709452219307423, -0.9999147057533264, 1.503692626953125], [0.5533266067504883, -0.8329171538352966, 0.008860478177666664, -1.246826171875], [0.0, 0.0, 0.0, 1.0]], [[0.9476825594902039, 0.3190549612045288, 0.010075926780700684, -1.14239501953125], [0.021538645029067993, -0.032419197261333466, -0.9992421865463257, 1.5885467529296875], [-0.3184865713119507, 0.9471815228462219, -0.037595123052597046, -0.103759765625], [0.0, 0.0, 0.0, 1.0]], [[0.0026484362315386534, 0.9997451305389404, -0.022421935573220253, 0.002685546875], [-0.0038525250274688005, -0.0224116463214159, -0.9997414350509644, 1.5793495178222656], [-0.9999890923500061, 0.002734137000516057, 0.003792185802012682, 0.0003662109375], [0.0, 0.0, 0.0, 1.0]], [[-0.9344873428344727, 0.354778915643692, -0.0294156763702631, 1.1337890625], [0.028777386993169785, -0.0070766666904091835, -0.9995608329772949, 1.5515327453613281], [-0.3548313081264496, -0.9349234104156494, -0.0035965577699244022, -0.0645751953125], [0.0, 0.0, 0.0, 1.0]]], "view": [[0.0, -2.0, 100.0], [-2.0, 0.0, 100.0], [0.0, 0.0, 1.0]], "bev": "bev_ee8db046baf24bcdac672daa0a410a20.png", "aux": "aux_ee8db046baf24bcdac672daa0a410a20.npz", "visibility": "visibility_ee8db046baf24bcdac672daa0a410a20.png", "pose": [[-0.7412994503974915, -0.6711744070053101, 0.0, 605.0912475585938], [0.6711744070053101, -0.7412994503974915, 0.0, 1991.47607421875], [0.0, 0.0, 1.0, 0.0], [0.0, 0.0, 0.0, 1.0]], "pose_inverse": [[-0.7412994503974915, 0.6711744070053101, 0.0, -888.0739135742188], [-0.6711744070053101, -0.7412994503974915, 0.0, 1882.4019775390625], [0.0, 0.0, 1.0, 0.0], [0.0, 0.0, 0.0, 1.0]], "cam_ids": [0, 1, 2, 3, 4, 5], "cam_channels": ["CAM_FRONT_LEFT", "CAM_FRONT", "CAM_FRONT_RIGHT", "CAM_BACK_LEFT", "CAM_BACK", "CAM_BACK_RIGHT"], "token": "ee8db046baf24bcdac672daa0a410a20", "scene": "scene-0399"}, {"images": ["samples/CAM_FRONT_LEFT/n015-2018-09-27-15-33-17+0800__CAM_FRONT_LEFT__1538033622254844.jpg", "samples/CAM_FRONT/n015-2018-09-27-15-33-17+0800__CAM_FRONT__1538033622262460.jpg", "samples/CAM_FRONT_RIGHT/n015-2018-09-27-15-33-17+0800__CAM_FRONT_RIGHT__1538033622270339.jpg", "samples/CAM_BACK_LEFT/n015-2018-09-27-15-33-17+0800__CAM_BACK_LEFT__1538033622297423.jpg", "samples/CAM_BACK/n015-2018-09-27-15-33-17+0800__CAM_BACK__1538033622287525.jpg", "samples/CAM_BACK_RIGHT/n015-2018-09-27-15-33-17+0800__CAM_BACK_RIGHT__1538033622277893.jpg"], "intrinsics": [[[1272.5979470598488, 0.0, 826.6154927353808], [0.0, 1272.5979470598488, 479.75165386361925], [0.0, 0.0, 1.0]], [[1266.417203046554, 0.0, 816.2670197447984], [0.0, 1266.417203046554, 491.50706579294757], [0.0, 0.0, 1.0]], [[1260.8474446004698, 0.0, 807.968244525554], [0.0, 1260.8474446004698, 495.3344268742088], [0.0, 0.0, 1.0]], [[1256.7414812095406, 0.0, 792.1125740759628], [0.0, 1256.7414812095406, 492.7757465151356], [0.0, 0.0, 1.0]], [[809.2209905677063, 0.0, 829.2196003259838], [0.0, 809.2209905677063, 481.77842384512485], [0.0, 0.0, 1.0]], [[1259.5137405846733, 0.0, 807.2529053838625], [0.0, 1259.5137405846733, 501.19579884916527], [0.0, 0.0, 1.0]]], "extrinsics": [[[0.8206107020378113, -0.5712031722068787, 0.018028754740953445, -0.9490966796875], [0.011550607159733772, -0.014963122084736824, -0.9998213052749634, 1.5084686279296875], [0.5713708996772766, 0.820672333240509, -0.005681155249476433, -1.2691650390625], [0.0, 0.0, 0.0, 1.0]], [[0.0054833549074828625, -0.999803364276886, 0.0190545953810215, 0.0048828125], [0.006257808767259121, -0.0190202035009861, -0.9997995495796204, 1.5206336975097656], [0.9999654293060303, 0.0056015122681856155, 0.00615228246897459, -1.67633056640625], [0.0, 0.0, 0.0, 1.0]], [[-0.8328632116317749, -0.5534071922302246, -0.008902234956622124, 1.021942138671875], [0.011889003217220306, -0.0018075694097205997, -0.9999276995658875, 1.5037908554077148], [0.553351104259491, -0.8329088687896729, 0.00808491837233305, -1.241943359375], [0.0, 0.0, 0.0, 1.0]], [[0.947695791721344, 0.3190421462059021, 0.009213556535542011, -1.142242431640625], [0.02054513432085514, -0.03217034786939621, -0.9992711544036865, 1.5885467529296875], [-0.3185131847858429, 0.9471943974494934, -0.037042465060949326, -0.103759765625], [0.0, 0.0, 0.0, 1.0]], [[0.0026270346716046333, 0.999751091003418, -0.02215714380145073, 0.0025634765625], [-0.004868716932833195, -0.022144170477986336, -0.9997429847717285, 1.5793380737304688], [-0.9999847412109375, 0.0027342240791767836, 0.004809331614524126, -0.00262451171875], [0.0, 0.0, 0.0, 1.0]], [[-0.9345200061798096, 0.3547770380973816, -0.028382912278175354, 1.1279296875], [0.027771729975938797, -0.006815741769969463, -0.999591052532196, 1.55169677734375], [-0.3548254072666168, -0.9349260926246643, -0.003483328502625227, -0.06689453125], [0.0, 0.0, 0.0, 1.0]]], "view": [[0.0, -2.0, 100.0], [-2.0, 0.0, 100.0], [0.0, 0.0, 1.0]], "bev": "bev_6cadae5fabba43bab8cc4bc1ea1e58be.png", "aux": "aux_6cadae5fabba43bab8cc4bc1ea1e58be.npz", "visibility": "visibility_6cadae5fabba43bab8cc4bc1ea1e58be.png", "pose": [[-0.7417771816253662, -0.6706464290618896, 0.0, 604.9697875976562], [0.6706464290618896, -0.7417771816253662, 0.0, 1991.5850830078125], [0.0, 0.0, 1.0, 0.0], [0.0, 0.0, 0.0, 1.0]], "pose_inverse": [[-0.7417771816253662, 0.6706464290618896, 0.0, -886.8966674804688], [-0.6706464290618896, -0.7417771816253662, 0.0, 1883.033203125], [0.0, 0.0, 1.0, 0.0], [0.0, 0.0, 0.0, 1.0]], "cam_ids": [0, 1, 2, 3, 4, 5], "cam_channels": ["CAM_FRONT_LEFT", "CAM_FRONT", "CAM_FRONT_RIGHT", "CAM_BACK_LEFT", "CAM_BACK", "CAM_BACK_RIGHT"], "token": "6cadae5fabba43bab8cc4bc1ea1e58be", "scene": "scene-0399"}, {"images": ["samples/CAM_FRONT_LEFT/n015-2018-09-27-15-33-17+0800__CAM_FRONT_LEFT__1538033622754844.jpg", "samples/CAM_FRONT/n015-2018-09-27-15-33-17+0800__CAM_FRONT__1538033622762460.jpg", "samples/CAM_FRONT_RIGHT/n015-2018-09-27-15-33-17+0800__CAM_FRONT_RIGHT__1538033622770339.jpg", "samples/CAM_BACK_LEFT/n015-2018-09-27-15-33-17+0800__CAM_BACK_LEFT__1538033622797423.jpg", "samples/CAM_BACK/n015-2018-09-27-15-33-17+0800__CAM_BACK__1538033622787525.jpg", "samples/CAM_BACK_RIGHT/n015-2018-09-27-15-33-17+0800__CAM_BACK_RIGHT__1538033622777893.jpg"], "intrinsics": [[[1272.5979470598488, 0.0, 826.6154927353808], [0.0, 1272.5979470598488, 479.75165386361925], [0.0, 0.0, 1.0]], [[1266.417203046554, 0.0, 816.2670197447984], [0.0, 1266.417203046554, 491.50706579294757], [0.0, 0.0, 1.0]], [[1260.8474446004698, 0.0, 807.968244525554], [0.0, 1260.8474446004698, 495.3344268742088], [0.0, 0.0, 1.0]], [[1256.7414812095406, 0.0, 792.1125740759628], [0.0, 1256.7414812095406, 492.7757465151356], [0.0, 0.0, 1.0]], [[809.2209905677063, 0.0, 829.2196003259838], [0.0, 809.2209905677063, 481.77842384512485], [0.0, 0.0, 1.0]], [[1259.5137405846733, 0.0, 807.2529053838625], [0.0, 1259.5137405846733, 501.19579884916527], [0.0, 0.0, 1.0]]], "extrinsics": [[[0.8205382823944092, -0.5713035464286804, 0.01814536564052105, -0.941162109375], [0.011114174500107765, -0.015792615711688995, -0.9998134970664978, 1.5085678100585938], [0.5714834928512573, 0.8205868601799011, -0.0066088782623410225, -1.2635498046875], [0.0, 0.0, 0.0, 1.0]], [[0.005376063287258148, -0.9997879862785339, 0.01987415924668312, 0.0050048828125], [0.005823926534503698, -0.019842807203531265, -0.9997861385345459, 1.5206718444824219], [0.9999685883522034, 0.0054905712604522705, 0.005716015584766865, -1.66827392578125], [0.0, 0.0, 0.0, 1.0]], [[-0.832917332649231, -0.5533381700515747, -0.008089910261332989, 1.01666259765625], [0.011454067192971706, -0.0026221564039587975, -0.9999309182167053, 1.5038585662841797], [0.5532788038253784, -0.8329524397850037, 0.008522013202309608, -1.23876953125], [0.0, 0.0, 0.0, 1.0]], [[0.9477052688598633, 0.31903132796287537, 0.00858236476778984, -1.142303466796875], [0.02015003189444542, -0.032975874841213226, -0.99925297498703, 1.5885467529296875], [-0.3185099959373474, 0.9471703171730042, -0.03767990320920944, -0.103759765625], [0.0, 0.0, 0.0, 1.0]], [[0.0026620314456522465, 0.9997329711914062, -0.022956326603889465, 0.0028076171875], [-0.005285398103296757, -0.02294202148914337, -0.9997228384017944, 1.5793190002441406], [-0.999982476234436, 0.0027825767174363136, 0.005222914274781942, -0.0048828125], [0.0, 0.0, 0.0, 1.0]], [[-0.9345073699951172, 0.354820191860199, -0.028260858729481697, 1.123779296875], [0.027335138991475105, -0.007622431963682175, -0.9995972514152527, 1.55181884765625], [-0.35489264130592346, -0.9349035620689392, -0.002575840335339308, -0.0682373046875], [0.0, 0.0, 0.0, 1.0]]], "view": [[0.0, -2.0, 100.0], [-2.0, 0.0, 100.0], [0.0, 0.0, 1.0]], "bev": "bev_75e08f2be19542268f62c2aace6a90fd.png", "aux": "aux_75e08f2be19542268f62c2aace6a90fd.npz", "visibility": "visibility_75e08f2be19542268f62c2aace6a90fd.png", "pose": [[-0.7423556447029114, -0.6700060367584229, 0.0, 604.7807006835938], [0.6700060367584229, -0.7423556447029114, 0.0, 1991.75537109375], [0.0, 0.0, 1.0, 0.0], [0.0, 0.0, 0.0, 1.0]], "pose_inverse": [[-0.7423556447029114, 0.6700060367584229, 0.0, -885.5257568359375], [-0.6700060367584229, -0.7423556447029114, 0.0, 1883.797607421875], [0.0, 0.0, 1.0, 0.0], [0.0, 0.0, 0.0, 1.0]], "cam_ids": [0, 1, 2, 3, 4, 5], "cam_channels": ["CAM_FRONT_LEFT", "CAM_FRONT", "CAM_FRONT_RIGHT", "CAM_BACK_LEFT", "CAM_BACK", "CAM_BACK_RIGHT"], "token": "75e08f2be19542268f62c2aace6a90fd", "scene": "scene-0399"}, {"images": ["samples/CAM_FRONT_LEFT/n015-2018-09-27-15-33-17+0800__CAM_FRONT_LEFT__1538033623254844.jpg", "samples/CAM_FRONT/n015-2018-09-27-15-33-17+0800__CAM_FRONT__1538033623262460.jpg", "samples/CAM_FRONT_RIGHT/n015-2018-09-27-15-33-17+0800__CAM_FRONT_RIGHT__1538033623270339.jpg", "samples/CAM_BACK_LEFT/n015-2018-09-27-15-33-17+0800__CAM_BACK_LEFT__1538033623297423.jpg", "samples/CAM_BACK/n015-2018-09-27-15-33-17+0800__CAM_BACK__1538033623287526.jpg", "samples/CAM_BACK_RIGHT/n015-2018-09-27-15-33-17+0800__CAM_BACK_RIGHT__1538033623277893.jpg"], "intrinsics": [[[1272.5979470598488, 0.0, 826.6154927353808], [0.0, 1272.5979470598488, 479.75165386361925], [0.0, 0.0, 1.0]], [[1266.417203046554, 0.0, 816.2670197447984], [0.0, 1266.417203046554, 491.50706579294757], [0.0, 0.0, 1.0]], [[1260.8474446004698, 0.0, 807.968244525554], [0.0, 1260.8474446004698, 495.3344268742088], [0.0, 0.0, 1.0]], [[1256.7414812095406, 0.0, 792.1125740759628], [0.0, 1256.7414812095406, 492.7757465151356], [0.0, 0.0, 1.0]], [[809.2209905677063, 0.0, 829.2196003259838], [0.0, 809.2209905677063, 481.77842384512485], [0.0, 0.0, 1.0]], [[1259.5137405846733, 0.0, 807.2529053838625], [0.0, 1259.5137405846733, 501.19579884916527], [0.0, 0.0, 1.0]]], "extrinsics": [[[0.8206955194473267, -0.5710771083831787, 0.018160352483391762, -0.9366455078125], [0.01094979140907526, -0.01605820655822754, -0.9998111128807068, 1.5086174011230469], [0.5712608098983765, 0.8207393884658813, -0.006925724912434816, -1.2598876953125], [0.0, 0.0, 0.0, 1.0]], [[0.005601136479526758, -0.9997814297676086, 0.020140867680311203, 0.004638671875], [0.005642938427627087, -0.020109262317419052, -0.9997819066047668, 1.5206871032714844], [0.9999683499336243, 0.005713603459298611, 0.0055290707387030125, -1.66387939453125], [0.0, 0.0, 0.0, 1.0]], [[-0.8328238725662231, -0.553483247756958, -0.007780789397656918, 1.013824462890625], [0.011263124644756317, -0.0028906676452606916, -0.9999323487281799, 1.5038938522338867], [0.5534233450889587, -0.8328551650047302, 0.00864136777818203, -1.237060546875], [0.0, 0.0, 0.0, 1.0]], [[0.9477078318595886, 0.3190319240093231, 0.00826627854257822, -1.1428680419921875], [0.019905777648091316, -0.033240534365177155, -0.9992491006851196, 1.588531494140625], [-0.3185175359249115, 0.9471608400344849, -0.037852898240089417, -0.103515625], [0.0, 0.0, 0.0, 1.0]], [[0.0026008128188550472, 0.9997265338897705, -0.023240746930241585, 0.0029296875], [-0.005495773628354073, -0.023226184770464897, -0.9997151494026184, 1.5793113708496094], [-0.9999815225601196, 0.0027277949266135693, 0.005433863028883934, -0.0057373046875], [0.0, 0.0, 0.0, 1.0]], [[-0.93455570936203, 0.35469937324523926, -0.028179027140140533, 1.12158203125], [0.02714364230632782, -0.007895483635365963, -0.999600350856781, 1.5518760681152344], [-0.35478007793426514, -0.9349470734596252, -0.0022490662522614002, -0.0694580078125], [0.0, 0.0, 0.0, 1.0]]], "view": [[0.0, -2.0, 100.0], [-2.0, 0.0, 100.0], [0.0, 0.0, 1.0]], "bev": "bev_dc199f66bc6e4e278da7fc4e032758f4.png", "aux": "aux_dc199f66bc6e4e278da7fc4e032758f4.npz", "visibility": "visibility_dc199f66bc6e4e278da7fc4e032758f4.png", "pose": [[-0.7425017952919006, -0.6698440313339233, 0.0, 604.47216796875], [0.6698440313339233, -0.7425017952919006, 0.0, 1992.030517578125], [0.0, 0.0, 1.0, 0.0], [0.0, 0.0, 0.0, 1.0]], "pose_inverse": [[-0.7425017952919006, 0.6698440313339233, 0.0, -885.5281372070312], [-0.6698440313339233, -0.7425017952919006, 0.0, 1883.9884033203125], [0.0, 0.0, 1.0, 0.0], [0.0, 0.0, 0.0, 1.0]], "cam_ids": [0, 1, 2, 3, 4, 5], "cam_channels": ["CAM_FRONT_LEFT", "CAM_FRONT", "CAM_FRONT_RIGHT", "CAM_BACK_LEFT", "CAM_BACK", "CAM_BACK_RIGHT"], "token": "dc199f66bc6e4e278da7fc4e032758f4", "scene": "scene-0399"}, {"images": ["samples/CAM_FRONT_LEFT/n015-2018-09-27-15-33-17+0800__CAM_FRONT_LEFT__1538033623754844.jpg", "samples/CAM_FRONT/n015-2018-09-27-15-33-17+0800__CAM_FRONT__1538033623762460.jpg", "samples/CAM_FRONT_RIGHT/n015-2018-09-27-15-33-17+0800__CAM_FRONT_RIGHT__1538033623770339.jpg", "samples/CAM_BACK_LEFT/n015-2018-09-27-15-33-17+0800__CAM_BACK_LEFT__1538033623797423.jpg", "samples/CAM_BACK/n015-2018-09-27-15-33-17+0800__CAM_BACK__1538033623787545.jpg", "samples/CAM_BACK_RIGHT/n015-2018-09-27-15-33-17+0800__CAM_BACK_RIGHT__1538033623777893.jpg"], "intrinsics": [[[1272.5979470598488, 0.0, 826.6154927353808], [0.0, 1272.5979470598488, 479.75165386361925], [0.0, 0.0, 1.0]], [[1266.417203046554, 0.0, 816.2670197447984], [0.0, 1266.417203046554, 491.50706579294757], [0.0, 0.0, 1.0]], [[1260.8474446004698, 0.0, 807.968244525554], [0.0, 1260.8474446004698, 495.3344268742088], [0.0, 0.0, 1.0]], [[1256.7414812095406, 0.0, 792.1125740759628], [0.0, 1256.7414812095406, 492.7757465151356], [0.0, 0.0, 1.0]], [[809.2209905677063, 0.0, 829.2196003259838], [0.0, 809.2209905677063, 481.77842384512485], [0.0, 0.0, 1.0]], [[1259.5137405846733, 0.0, 807.2529053838625], [0.0, 1259.5137405846733, 501.19579884916527], [0.0, 0.0, 1.0]]], "extrinsics": [[[0.8205728530883789, -0.5712623596191406, 0.017872758209705353, -0.92529296875], [0.010971683077514172, -0.015520831570029259, -0.9998193383216858, 1.5087814331054688], [0.5714366436004639, 0.8206207752227783, -0.006468262057751417, -1.2523193359375], [0.0, 0.0, 0.0, 1.0]], [[0.005418836139142513, -0.9997941255569458, 0.019553808495402336, 0.005126953125], [0.005685442127287388, -0.019522977992892265, -0.999793291091919, 1.5207633972167969], [0.9999691843986511, 0.005528951995074749, 0.0055784787982702255, -1.65179443359375], [0.0, 0.0, 0.0, 1.0]], [[-0.8329039812088013, -0.5533570647239685, -0.008189941756427288, 1.005615234375], [0.011328400112688541, -0.0022518415935337543, -0.9999332427978516, 1.5040082931518555], [0.5533016920089722, -0.8329411745071411, 0.008144217543303967, -1.231201171875], [0.0, 0.0, 0.0, 1.0]], [[0.9477018713951111, 0.3190397024154663, 0.008647754788398743, -1.1424713134765625], [0.020034611225128174, -0.03242658078670502, -0.9992732405662537, 1.5885391235351562], [-0.3185274302959442, 0.9471864700317383, -0.037122566252946854, -0.103515625], [0.0, 0.0, 0.0, 1.0]], [[0.002645558910444379, 0.9997437000274658, -0.022489167749881744, 0.0028076171875], [-0.005394927691668272, -0.02247465029358864, -0.9997328519821167, 1.5792961120605469], [-0.9999819993972778, 0.0027661442290991545, 0.005334085319191217, -0.00946044921875], [0.0, 0.0, 0.0, 1.0]], [[-0.9345178604125977, 0.35481247305870056, -0.028009628877043724, 1.1146240234375], [0.027224581688642502, -0.007205680478364229, -0.9996033906936646, 1.5520744323730469], [-0.35487356781959534, -0.9349098205566406, -0.0029257843270897865, -0.07177734375], [0.0, 0.0, 0.0, 1.0]]], "view": [[0.0, -2.0, 100.0], [-2.0, 0.0, 100.0], [0.0, 0.0, 1.0]], "bev": "bev_02caee068f7f469c81b4a8dcf8313439.png", "aux": "aux_02caee068f7f469c81b4a8dcf8313439.npz", "visibility": "visibility_02caee068f7f469c81b4a8dcf8313439.png", "pose": [[-0.7430384755134583, -0.6692487597465515, 0.0, 604.0919799804688], [0.6692487597465515, -0.7430384755134583, 0.0, 1992.3692626953125], [0.0, 0.0, 1.0, 0.0], [0.0, 0.0, 0.0, 1.0]], "pose_inverse": [[-0.7430384755134583, 0.6692487597465515, 0.0, -884.5270385742188], [-0.6692487597465515, -0.7430384755134583, 0.0, 1884.6947021484375], [0.0, 0.0, 1.0, 0.0], [0.0, 0.0, 0.0, 1.0]], "cam_ids": [0, 1, 2, 3, 4, 5], "cam_channels": ["CAM_FRONT_LEFT", "CAM_FRONT", "CAM_FRONT_RIGHT", "CAM_BACK_LEFT", "CAM_BACK", "CAM_BACK_RIGHT"], "token": "02caee068f7f469c81b4a8dcf8313439", "scene": "scene-0399"}, {"images": ["samples/CAM_FRONT_LEFT/n015-2018-09-27-15-33-17+0800__CAM_FRONT_LEFT__1538033624254844.jpg", "samples/CAM_FRONT/n015-2018-09-27-15-33-17+0800__CAM_FRONT__1538033624262460.jpg", "samples/CAM_FRONT_RIGHT/n015-2018-09-27-15-33-17+0800__CAM_FRONT_RIGHT__1538033624270339.jpg", "samples/CAM_BACK_LEFT/n015-2018-09-27-15-33-17+0800__CAM_BACK_LEFT__1538033624297423.jpg", "samples/CAM_BACK/n015-2018-09-27-15-33-17+0800__CAM_BACK__1538033624287525.jpg", "samples/CAM_BACK_RIGHT/n015-2018-09-27-15-33-17+0800__CAM_BACK_RIGHT__1538033624277893.jpg"], "intrinsics": [[[1272.5979470598488, 0.0, 826.6154927353808], [0.0, 1272.5979470598488, 479.75165386361925], [0.0, 0.0, 1.0]], [[1266.417203046554, 0.0, 816.2670197447984], [0.0, 1266.417203046554, 491.50706579294757], [0.0, 0.0, 1.0]], [[1260.8474446004698, 0.0, 807.968244525554], [0.0, 1260.8474446004698, 495.3344268742088], [0.0, 0.0, 1.0]], [[1256.7414812095406, 0.0, 792.1125740759628], [0.0, 1256.7414812095406, 492.7757465151356], [0.0, 0.0, 1.0]], [[809.2209905677063, 0.0, 829.2196003259838], [0.0, 809.2209905677063, 481.77842384512485], [0.0, 0.0, 1.0]], [[1259.5137405846733, 0.0, 807.2529053838625], [0.0, 1259.5137405846733, 501.19579884916527], [0.0, 0.0, 1.0]]], "extrinsics": [[[0.820586621761322, -0.5712814927101135, 0.0165839996188879, -0.925537109375], [0.01012448687106371, -0.014482163824141026, -0.9998438358306885, 1.5087318420410156], [0.57143235206604, 0.820626437664032, -0.006099939811974764, -1.2528076171875], [0.0, 0.0, 0.0, 1.0]], [[0.00543647725135088, -0.9998126029968262, 0.018578100949525833, 0.0052490234375], [0.0048090312629938126, -0.01855202205479145, -0.999816358089447, 1.5207290649414062], [0.9999735951423645, 0.005524810869246721, 0.004707270301878452, -1.65277099609375], [0.0, 0.0, 0.0, 1.0]], [[-0.8329101800918579, -0.5533514022827148, -0.007928137667477131, 1.00689697265625], [0.010418038815259933, -0.001354636624455452, -0.999944806098938, 1.503957748413086], [0.5533100962638855, -0.8329468369483948, 0.006893130950629711, -1.231689453125], [0.0, 0.0, 0.0, 1.0]], [[0.9477131366729736, 0.3190259039402008, 0.00789907667785883, -1.14202880859375], [0.019015680998563766, -0.03174583241343498, -0.9993150234222412, 1.5885543823242188], [-0.318556547164917, 0.9472141265869141, -0.0361524373292923, -0.103759765625], [0.0, 0.0, 0.0, 1.0]], [[0.0026280605234205723, 0.9997603297233582, -0.021735738962888718, 0.0028076171875], [-0.006376452744007111, -0.021718617528676987, -0.9997437596321106, 1.5792808532714844], [-0.9999762177467346, 0.0027659430634230375, 0.006317844148725271, -0.0093994140625], [0.0, 0.0, 0.0, 1.0]], [[-0.9345433115959167, 0.35483577847480774, -0.02683483250439167, 1.11572265625], [0.026281705126166344, -0.006379348691552877, -0.9996342658996582, 1.5520286560058594], [-0.3548772931098938, -0.9349067807197571, -0.0033639150205999613, -0.0716552734375], [0.0, 0.0, 0.0, 1.0]]], "view": [[0.0, -2.0, 100.0], [-2.0, 0.0, 100.0], [0.0, 0.0, 1.0]], "bev": "bev_0ae025ff08ab454cb55b152122d12df0.png", "aux": "aux_0ae025ff08ab454cb55b152122d12df0.npz", "visibility": "visibility_0ae025ff08ab454cb55b152122d12df0.png", "pose": [[-0.7431236505508423, -0.6691541075706482, 0.0, 603.683837890625], [0.6691541075706482, -0.7431236505508423, 0.0, 1992.7364501953125], [0.0, 0.0, 1.0, 0.0], [0.0, 0.0, 0.0, 1.0]], "pose_inverse": [[-0.7431236505508423, 0.6691541075706482, 0.0, -884.8360595703125], [-0.6691541075706482, -0.7431236505508423, 0.0, 1884.80712890625], [0.0, 0.0, 1.0, 0.0], [0.0, 0.0, 0.0, 1.0]], "cam_ids": [0, 1, 2, 3, 4, 5], "cam_channels": ["CAM_FRONT_LEFT", "CAM_FRONT", "CAM_FRONT_RIGHT", "CAM_BACK_LEFT", "CAM_BACK", "CAM_BACK_RIGHT"], "token": "0ae025ff08ab454cb55b152122d12df0", "scene": "scene-0399"}, {"images": ["samples/CAM_FRONT_LEFT/n015-2018-09-27-15-33-17+0800__CAM_FRONT_LEFT__1538033624754844.jpg", "samples/CAM_FRONT/n015-2018-09-27-15-33-17+0800__CAM_FRONT__1538033624762460.jpg", "samples/CAM_FRONT_RIGHT/n015-2018-09-27-15-33-17+0800__CAM_FRONT_RIGHT__1538033624770339.jpg", "samples/CAM_BACK_LEFT/n015-2018-09-27-15-33-17+0800__CAM_BACK_LEFT__1538033624797423.jpg", "samples/CAM_BACK/n015-2018-09-27-15-33-17+0800__CAM_BACK__1538033624787525.jpg", "samples/CAM_BACK_RIGHT/n015-2018-09-27-15-33-17+0800__CAM_BACK_RIGHT__1538033624777893.jpg"], "intrinsics": [[[1272.5979470598488, 0.0, 826.6154927353808], [0.0, 1272.5979470598488, 479.75165386361925], [0.0, 0.0, 1.0]], [[1266.417203046554, 0.0, 816.2670197447984], [0.0, 1266.417203046554, 491.50706579294757], [0.0, 0.0, 1.0]], [[1260.8474446004698, 0.0, 807.968244525554], [0.0, 1260.8474446004698, 495.3344268742088], [0.0, 0.0, 1.0]], [[1256.7414812095406, 0.0, 792.1125740759628], [0.0, 1256.7414812095406, 492.7757465151356], [0.0, 0.0, 1.0]], [[809.2209905677063, 0.0, 829.2196003259838], [0.0, 809.2209905677063, 481.77842384512485], [0.0, 0.0, 1.0]], [[1259.5137405846733, 0.0, 807.2529053838625], [0.0, 1259.5137405846733, 501.19579884916527], [0.0, 0.0, 1.0]]], "extrinsics": [[[0.820561945438385, -0.5712757110595703, 0.017949843779206276, -0.9222412109375], [0.011505329050123692, -0.0148891881108284, -0.9998229742050171, 1.5088424682617188], [0.5714418292045593, 0.8206232190132141, -0.005644787102937698, -1.2508544921875], [0.0, 0.0, 0.0, 1.0]], [[0.005410961341112852, -0.9998048543930054, 0.018998727202415466, 0.00537109375], [0.006220327224582434, -0.018964989110827446, -0.9998008012771606, 1.5208015441894531], [0.9999659657478333, 0.0055280569940805435, 0.006116495933383703, -1.64990234375], [0.0, 0.0, 0.0, 1.0]], [[-0.8328958749771118, -0.5533581376075745, -0.008901869878172874, 1.004852294921875], [0.011860978789627552, -0.0017669034423306584, -0.9999280571937561, 1.5040359497070312], [0.5533025860786438, -0.8329415321350098, 0.008035016246140003, -1.23046875], [0.0, 0.0, 0.0, 1.0]], [[0.9476958513259888, 0.3190416693687439, 0.009221215732395649, -1.1420440673828125], [0.020546169951558113, -0.03214946761727333, -0.9992718696594238, 1.5885543823242188], [-0.318512886762619, 0.947195291519165, -0.03702300041913986, -0.103759765625], [0.0, 0.0, 0.0, 1.0]], [[0.002648137276992202, 0.9997513890266418, -0.02214101515710354, 0.0029296875], [-0.004864876624196768, -0.022127950564026833, -0.9997433423995972, 1.5792961120605469], [-0.9999846816062927, 0.0027552286628633738, 0.004805068951100111, -0.01031494140625], [0.0, 0.0, 0.0, 1.0]], [[-0.9345055818557739, 0.3548171818256378, -0.02835662290453911, 1.1141357421875], [0.0277553703635931, -0.006785185541957617, -0.9995917081832886, 1.5521049499511719], [-0.3548647165298462, -0.9349110722541809, -0.0035072891041636467, -0.072021484375], [0.0, 0.0, 0.0, 1.0]]], "view": [[0.0, -2.0, 100.0], [-2.0, 0.0, 100.0], [0.0, 0.0, 1.0]], "bev": "bev_409e2308b7364c56aefec67bf8040e73.png", "aux": "aux_409e2308b7364c56aefec67bf8040e73.npz", "visibility": "visibility_409e2308b7364c56aefec67bf8040e73.png", "pose": [[-0.7431972622871399, -0.6690723896026611, 0.0, 603.2687377929688], [0.6690723896026611, -0.7431972622871399, 0.0, 1993.112548828125], [0.0, 0.0, 1.0, 0.0], [0.0, 0.0, 0.0, 1.0]], "pose_inverse": [[-0.7431972622871399, 0.6690723896026611, 0.0, -885.1888427734375], [-0.6690723896026611, -0.7431972622871399, 0.0, 1884.90625], [0.0, 0.0, 1.0, 0.0], [0.0, 0.0, 0.0, 1.0]], "cam_ids": [0, 1, 2, 3, 4, 5], "cam_channels": ["CAM_FRONT_LEFT", "CAM_FRONT", "CAM_FRONT_RIGHT", "CAM_BACK_LEFT", "CAM_BACK", "CAM_BACK_RIGHT"], "token": "409e2308b7364c56aefec67bf8040e73", "scene": "scene-0399"}, {"images": ["samples/CAM_FRONT_LEFT/n015-2018-09-27-15-33-17+0800__CAM_FRONT_LEFT__1538033625254844.jpg", "samples/CAM_FRONT/n015-2018-09-27-15-33-17+0800__CAM_FRONT__1538033625262460.jpg", "samples/CAM_FRONT_RIGHT/n015-2018-09-27-15-33-17+0800__CAM_FRONT_RIGHT__1538033625270339.jpg", "samples/CAM_BACK_LEFT/n015-2018-09-27-15-33-17+0800__CAM_BACK_LEFT__1538033625297423.jpg", "samples/CAM_BACK/n015-2018-09-27-15-33-17+0800__CAM_BACK__1538033625287525.jpg", "samples/CAM_BACK_RIGHT/n015-2018-09-27-15-33-17+0800__CAM_BACK_RIGHT__1538033625277893.jpg"], "intrinsics": [[[1272.5979470598488, 0.0, 826.6154927353808], [0.0, 1272.5979470598488, 479.75165386361925], [0.0, 0.0, 1.0]], [[1266.417203046554, 0.0, 816.2670197447984], [0.0, 1266.417203046554, 491.50706579294757], [0.0, 0.0, 1.0]], [[1260.8474446004698, 0.0, 807.968244525554], [0.0, 1260.8474446004698, 495.3344268742088], [0.0, 0.0, 1.0]], [[1256.7414812095406, 0.0, 792.1125740759628], [0.0, 1256.7414812095406, 492.7757465151356], [0.0, 0.0, 1.0]], [[809.2209905677063, 0.0, 829.2196003259838], [0.0, 809.2209905677063, 481.77842384512485], [0.0, 0.0, 1.0]], [[1259.5137405846733, 0.0, 807.2529053838625], [0.0, 1259.5137405846733, 501.19579884916527], [0.0, 0.0, 1.0]]], "extrinsics": [[[0.8206745386123657, -0.5711508989334106, 0.016723982989788055, -0.926513671875], [0.010705866850912571, -0.01389365829527378, -0.9998461604118347, 1.5087547302246094], [0.571295440196991, 0.8207274079322815, -0.005287508480250835, -1.2535400390625], [0.0, 0.0, 0.0, 1.0]], [[0.005572338588535786, -0.9998229146003723, 0.017968464642763138, 0.0052490234375], [0.005424334667623043, -0.01793825812637806, -0.9998244047164917, 1.5207481384277344], [0.9999696612358093, 0.00566877843812108, 0.0053234160877764225, -1.6536865234375], [0.0, 0.0, 0.0, 1.0]], [[-0.8328374028205872, -0.5534473657608032, -0.008824681863188744, 1.00750732421875], [0.011063669808208942, -0.000704851932823658, -0.9999385476112366, 1.5039730072021484], [0.5534070134162903, -0.8328838348388672, 0.006710187532007694, -1.232177734375], [0.0, 0.0, 0.0, 1.0]], [[0.9477012157440186, 0.31903553009033203, 0.008871062658727169, -1.14215087890625], [0.019780291244387627, -0.03097064606845379, -0.9993245601654053, 1.5885543823242188], [-0.3185453414916992, 0.9472365379333496, -0.03566154092550278, -0.103759765625], [0.0, 0.0, 0.0, 1.0]], [[0.002584699308499694, 0.9997762441635132, -0.020998449996113777, 0.002685546875], [-0.005662871990352869, -0.02098354883491993, -0.9997637867927551, 1.5792961120605469], [-0.999980628490448, 0.0027029928751289845, 0.005607369355857372, -0.009033203125], [0.0, 0.0, 0.0, 1.0]], [[-0.9345585703849792, 0.35476669669151306, -0.027217410504817963, 1.1162109375], [0.02695416659116745, -0.005684960633516312, -0.9996204972267151, 1.5520286560058594], [-0.35478684306144714, -0.934937596321106, -0.004249513614922762, -0.0711669921875], [0.0, 0.0, 0.0, 1.0]]], "view": [[0.0, -2.0, 100.0], [-2.0, 0.0, 100.0], [0.0, 0.0, 1.0]], "bev": "bev_51dba119cf1647339affb5cef14727e2.png", "aux": "aux_51dba119cf1647339affb5cef14727e2.npz", "visibility": "visibility_51dba119cf1647339affb5cef14727e2.png", "pose": [[-0.7428852915763855, -0.6694186925888062, 0.0, 602.8413696289062], [0.6694186925888062, -0.7428852915763855, 0.0, 1993.4998779296875], [0.0, 0.0, 1.0, 0.0], [0.0, 0.0, 0.0, 1.0]], "pose_inverse": [[-0.7428852915763855, 0.6694186925888062, 0.0, -886.6441650390625], [-0.6694186925888062, -0.7428852915763855, 0.0, 1884.4951171875], [0.0, 0.0, 1.0, 0.0], [0.0, 0.0, 0.0, 1.0]], "cam_ids": [0, 1, 2, 3, 4, 5], "cam_channels": ["CAM_FRONT_LEFT", "CAM_FRONT", "CAM_FRONT_RIGHT", "CAM_BACK_LEFT", "CAM_BACK", "CAM_BACK_RIGHT"], "token": "51dba119cf1647339affb5cef14727e2", "scene": "scene-0399"}, {"images": ["samples/CAM_FRONT_LEFT/n015-2018-09-27-15-33-17+0800__CAM_FRONT_LEFT__1538033625754844.jpg", "samples/CAM_FRONT/n015-2018-09-27-15-33-17+0800__CAM_FRONT__1538033625762460.jpg", "samples/CAM_FRONT_RIGHT/n015-2018-09-27-15-33-17+0800__CAM_FRONT_RIGHT__1538033625770339.jpg", "samples/CAM_BACK_LEFT/n015-2018-09-27-15-33-17+0800__CAM_BACK_LEFT__1538033625797423.jpg", "samples/CAM_BACK/n015-2018-09-27-15-33-17+0800__CAM_BACK__1538033625787525.jpg", "samples/CAM_BACK_RIGHT/n015-2018-09-27-15-33-17+0800__CAM_BACK_RIGHT__1538033625777893.jpg"], "intrinsics": [[[1272.5979470598488, 0.0, 826.6154927353808], [0.0, 1272.5979470598488, 479.75165386361925], [0.0, 0.0, 1.0]], [[1266.417203046554, 0.0, 816.2670197447984], [0.0, 1266.417203046554, 491.50706579294757], [0.0, 0.0, 1.0]], [[1260.8474446004698, 0.0, 807.968244525554], [0.0, 1260.8474446004698, 495.3344268742088], [0.0, 0.0, 1.0]], [[1256.7414812095406, 0.0, 792.1125740759628], [0.0, 1256.7414812095406, 492.7757465151356], [0.0, 0.0, 1.0]], [[809.2209905677063, 0.0, 829.2196003259838], [0.0, 809.2209905677063, 481.77842384512485], [0.0, 0.0, 1.0]], [[1259.5137405846733, 0.0, 807.2529053838625], [0.0, 1259.5137405846733, 501.19579884916527], [0.0, 0.0, 1.0]]], "extrinsics": [[[0.8206379413604736, -0.571233868598938, 0.01565876603126526, -0.9266357421875], [0.009201426059007645, -0.014189434237778187, -0.9998570084571838, 1.5086822509765625], [0.5713743567466736, 0.8206645846366882, -0.006388221401721239, -1.25390625], [0.0, 0.0, 0.0, 1.0]], [[0.005508292466402054, -0.9998176693916321, 0.018283918499946594, 0.005615234375], [0.0039228093810379505, -0.018262449651956558, -0.9998255372047424, 1.5206871032714844], [0.9999771118164062, 0.005579068325459957, 0.0038214982487261295, -1.65386962890625], [0.0, 0.0, 0.0, 1.0]], [[-0.8328913450241089, -0.5533873438835144, -0.007376970257610083, 1.007659912109375], [0.0095616290345788, -0.001061044866219163, -0.9999536871910095, 1.5039262771606445], [0.5533538460731506, -0.832923412322998, 0.0061750225722789764, -1.23193359375], [0.0, 0.0, 0.0, 1.0]], [[0.9477249383926392, 0.31900593638420105, 0.007258942816406488, -1.141815185546875], [0.01824282854795456, -0.03145722672343254, -0.9993385672569275, 1.58856201171875], [-0.31856653094291687, 0.9472305178642273, -0.03563236817717552, -0.103759765625], [0.0, 0.0, 0.0, 1.0]], [[0.0025987643748521805, 0.9997667074203491, -0.021443892270326614, 0.002685546875], [-0.007180898450314999, -0.021424751728773117, -0.999744713306427, 1.5792770385742188], [-0.9999707937240601, 0.0027521075680851936, 0.007123544346541166, -0.00921630859375], [0.0, 0.0, 0.0, 1.0]], [[-0.9345764517784119, 0.3548147976398468, -0.025949181988835335, 1.1160888671875], [0.025448115542531013, -0.006079487036913633, -0.9996576905250549, 1.5519981384277344], [-0.3548510670661926, -0.9349168539047241, -0.0033476238604635, -0.071044921875], [0.0, 0.0, 0.0, 1.0]]], "view": [[0.0, -2.0, 100.0], [-2.0, 0.0, 100.0], [0.0, 0.0, 1.0]], "bev": "bev_876b84f762af4d9b82aa18f95e986f01.png", "aux": "aux_876b84f762af4d9b82aa18f95e986f01.npz", "visibility": "visibility_876b84f762af4d9b82aa18f95e986f01.png", "pose": [[-0.7425147891044617, -0.6698296666145325, 0.0, 602.4390258789062], [0.6698296666145325, -0.7425147891044617, 0.0, 1993.866943359375], [0.0, 0.0, 1.0, 0.0], [0.0, 0.0, 0.0, 1.0]], "pose_inverse": [[-0.7425147891044617, 0.6698296666145325, 0.0, -888.2313842773438], [-0.6698296666145325, -0.7425147891044617, 0.0, 1884.0072021484375], [0.0, 0.0, 1.0, 0.0], [0.0, 0.0, 0.0, 1.0]], "cam_ids": [0, 1, 2, 3, 4, 5], "cam_channels": ["CAM_FRONT_LEFT", "CAM_FRONT", "CAM_FRONT_RIGHT", "CAM_BACK_LEFT", "CAM_BACK", "CAM_BACK_RIGHT"], "token": "876b84f762af4d9b82aa18f95e986f01", "scene": "scene-0399"}, {"images": ["samples/CAM_FRONT_LEFT/n015-2018-09-27-15-33-17+0800__CAM_FRONT_LEFT__1538033626254844.jpg", "samples/CAM_FRONT/n015-2018-09-27-15-33-17+0800__CAM_FRONT__1538033626262460.jpg", "samples/CAM_FRONT_RIGHT/n015-2018-09-27-15-33-17+0800__CAM_FRONT_RIGHT__1538033626270339.jpg", "samples/CAM_BACK_LEFT/n015-2018-09-27-15-33-17+0800__CAM_BACK_LEFT__1538033626297476.jpg", "samples/CAM_BACK/n015-2018-09-27-15-33-17+0800__CAM_BACK__1538033626287525.jpg", "samples/CAM_BACK_RIGHT/n015-2018-09-27-15-33-17+0800__CAM_BACK_RIGHT__1538033626277893.jpg"], "intrinsics": [[[1272.5979470598488, 0.0, 826.6154927353808], [0.0, 1272.5979470598488, 479.75165386361925], [0.0, 0.0, 1.0]], [[1266.417203046554, 0.0, 816.2670197447984], [0.0, 1266.417203046554, 491.50706579294757], [0.0, 0.0, 1.0]], [[1260.8474446004698, 0.0, 807.968244525554], [0.0, 1260.8474446004698, 495.3344268742088], [0.0, 0.0, 1.0]], [[1256.7414812095406, 0.0, 792.1125740759628], [0.0, 1256.7414812095406, 492.7757465151356], [0.0, 0.0, 1.0]], [[809.2209905677063, 0.0, 829.2196003259838], [0.0, 809.2209905677063, 481.77842384512485], [0.0, 0.0, 1.0]], [[1259.5137405846733, 0.0, 807.2529053838625], [0.0, 1259.5137405846733, 501.19579884916527], [0.0, 0.0, 1.0]]], "extrinsics": [[[0.8207144737243652, -0.571135401725769, 0.015232996083796024, -0.93115234375], [0.009197603911161423, -0.013451039791107178, -0.9998672008514404, 1.5086288452148438], [0.5712644457817078, 0.8207457065582275, -0.005786385852843523, -1.25732421875], [0.0, 0.0, 0.0, 1.0]], [[0.00561486417427659, -0.9998307228088379, 0.017519474029541016, 0.005615234375], [0.003905604127794504, -0.01749769225716591, -0.9998392462730408, 1.5206756591796875], [0.999976634979248, 0.005682375282049179, 0.00380669510923326, -1.65887451171875], [0.0, 0.0, 0.0, 1.0]], [[-0.8328478336334229, -0.5534472465515137, -0.007789875380694866, 1.010772705078125], [0.009534004144370556, -0.0002725705853663385, -0.9999545216560364, 1.5038890838623047], [0.5534199476242065, -0.8328841924667358, 0.005503579042851925, -1.234130859375], [0.0, 0.0, 0.0, 1.0]], [[0.9477021098136902, 0.31906813383102417, 0.00749770924448967, -1.1414947509765625], [0.01821249909698963, -0.03061124123632908, -0.9993653893470764, 1.5885772705078125], [-0.3186361789703369, 0.9472373127937317, -0.034821365028619766, -0.104248046875], [0.0, 0.0, 0.0, 1.0]], [[0.0025620865635573864, 0.9997843503952026, -0.020609591156244278, 0.002685546875], [-0.007210415787994862, -0.020590651780366898, -0.9997619986534119, 1.5792884826660156], [-0.9999707937240601, 0.0027099938597530127, 0.007156106643378735, -0.00775146484375], [0.0, 0.0, 0.0, 1.0]], [[-0.9345986247062683, 0.354779452085495, -0.02563195861876011, 1.118408203125], [0.025415847077965736, -0.005270060151815414, -0.9996630549430847, 1.5519294738769531], [-0.354794979095459, -0.9349352717399597, -0.004091628361493349, -0.0699462890625], [0.0, 0.0, 0.0, 1.0]]], "view": [[0.0, -2.0, 100.0], [-2.0, 0.0, 100.0], [0.0, 0.0, 1.0]], "bev": "bev_d1ec6d3bc35c4836941be112c4e06b72.png", "aux": "aux_d1ec6d3bc35c4836941be112c4e06b72.npz", "visibility": "visibility_d1ec6d3bc35c4836941be112c4e06b72.png", "pose": [[-0.7422187924385071, -0.6701576709747314, 0.0, 602.0563354492188], [0.6701576709747314, -0.7422187924385071, 0.0, 1994.222412109375], [0.0, 0.0, 1.0, 0.0], [0.0, 0.0, 0.0, 1.0]], "pose_inverse": [[-0.7422187924385071, 0.6701576709747314, 0.0, -889.5859375], [-0.6701576709747314, -0.7422187924385071, 0.0, 1883.6219482421875], [0.0, 0.0, 1.0, 0.0], [0.0, 0.0, 0.0, 1.0]], "cam_ids": [0, 1, 2, 3, 4, 5], "cam_channels": ["CAM_FRONT_LEFT", "CAM_FRONT", "CAM_FRONT_RIGHT", "CAM_BACK_LEFT", "CAM_BACK", "CAM_BACK_RIGHT"], "token": "d1ec6d3bc35c4836941be112c4e06b72", "scene": "scene-0399"}, {"images": ["samples/CAM_FRONT_LEFT/n015-2018-09-27-15-33-17+0800__CAM_FRONT_LEFT__1538033626754844.jpg", "samples/CAM_FRONT/n015-2018-09-27-15-33-17+0800__CAM_FRONT__1538033626762460.jpg", "samples/CAM_FRONT_RIGHT/n015-2018-09-27-15-33-17+0800__CAM_FRONT_RIGHT__1538033626770339.jpg", "samples/CAM_BACK_LEFT/n015-2018-09-27-15-33-17+0800__CAM_BACK_LEFT__1538033626797423.jpg", "samples/CAM_BACK/n015-2018-09-27-15-33-17+0800__CAM_BACK__1538033626787525.jpg", "samples/CAM_BACK_RIGHT/n015-2018-09-27-15-33-17+0800__CAM_BACK_RIGHT__1538033626777893.jpg"], "intrinsics": [[[1272.5979470598488, 0.0, 826.6154927353808], [0.0, 1272.5979470598488, 479.75165386361925], [0.0, 0.0, 1.0]], [[1266.417203046554, 0.0, 816.2670197447984], [0.0, 1266.417203046554, 491.50706579294757], [0.0, 0.0, 1.0]], [[1260.8474446004698, 0.0, 807.968244525554], [0.0, 1260.8474446004698, 495.3344268742088], [0.0, 0.0, 1.0]], [[1256.7414812095406, 0.0, 792.1125740759628], [0.0, 1256.7414812095406, 492.7757465151356], [0.0, 0.0, 1.0]], [[809.2209905677063, 0.0, 829.2196003259838], [0.0, 809.2209905677063, 481.77842384512485], [0.0, 0.0, 1.0]], [[1259.5137405846733, 0.0, 807.2529053838625], [0.0, 1259.5137405846733, 501.19579884916527], [0.0, 0.0, 1.0]]], "extrinsics": [[[0.8210194110870361, -0.5706612467765808, 0.016523685306310654, -0.93212890625], [0.010550898499786854, -0.013771232217550278, -0.9998494982719421, 1.5086746215820312], [0.5708028078079224, 0.82107013463974, -0.005285459570586681, -1.2579345703125], [0.0, 0.0, 0.0, 1.0]], [[0.006074072327464819, -0.9998217225074768, 0.017878124490380287, 0.0054931640625], [0.005303971469402313, -0.017845991998910904, -0.9998267292976379, 1.5207099914550781], [0.9999674558639526, 0.00616774708032608, 0.00519463000819087, -1.65966796875], [0.0, 0.0, 0.0, 1.0]], [[-0.8326199650764465, -0.5537752509117126, -0.00878011155873537, 1.011322021484375], [0.010969139635562897, -0.0006384217995218933, -0.9999396204948425, 1.5039215087890625], [0.55373615026474, -0.8326659798622131, 0.006606001872569323, -1.234375], [0.0, 0.0, 0.0, 1.0]], [[0.9477034211158752, 0.31902915239334106, 0.008866684511303902, -1.141998291015625], [0.01979348249733448, -0.031024346128106117, -0.9993225932121277, 1.58856201171875], [-0.31853798031806946, 0.9472370147705078, -0.03571657836437225, -0.103759765625], [0.0, 0.0, 0.0, 1.0]], [[0.002440006472170353, 0.9997765421867371, -0.021001392975449562, 0.002685546875], [-0.0056720906868577, -0.020987283438444138,