[{"images": ["samples/CAM_FRONT_LEFT/n008-2018-09-18-14-43-59-0400__CAM_FRONT_LEFT__1537296384254799.jpg", "samples/CAM_FRONT/n008-2018-09-18-14-43-59-0400__CAM_FRONT__1537296384262404.jpg", "samples/CAM_FRONT_RIGHT/n008-2018-09-18-14-43-59-0400__CAM_FRONT_RIGHT__1537296384270482.jpg", "samples/CAM_BACK_LEFT/n008-2018-09-18-14-43-59-0400__CAM_BACK_LEFT__1537296384297405.jpg", "samples/CAM_BACK/n008-2018-09-18-14-43-59-0400__CAM_BACK__1537296384287558.jpg", "samples/CAM_BACK_RIGHT/n008-2018-09-18-14-43-59-0400__CAM_BACK_RIGHT__1537296384278113.jpg"], "intrinsics": [[[1257.8625342125129, 0.0, 827.2410631095686], [0.0, 1257.8625342125129, 450.915498205774], [0.0, 0.0, 1.0]], [[1252.8131021185304, 0.0, 826.588114781398], [0.0, 1252.8131021185304, 469.9846626224581], [0.0, 0.0, 1.0]], [[1256.7485116440405, 0.0, 817.7887570959712], [0.0, 1256.7485116440403, 451.9541780095127], [0.0, 0.0, 1.0]], [[1254.9860565800168, 0.0, 829.5769333630991], [0.0, 1254.9860565800168, 467.1680561863987], [0.0, 0.0, 1.0]], [[796.8910634503094, 0.0, 857.7774326863696], [0.0, 796.8910634503094, 476.8848988407415], [0.0, 0.0, 1.0]], [[1249.9629280788233, 0.0, 825.3768045375984], [0.0, 1249.9629280788233, 462.54816385708756], [0.0, 0.0, 1.0]]], "extrinsics": [[[0.8222087621688843, -0.5686479806900024, -0.02474469318985939, -1.0048828125], [-0.012297386303544044, 0.025716472417116165, -0.9995936751365662, 1.4882888793945312], [0.5690532922744751, 0.8221789002418518, 0.01415142323821783, -1.33349609375], [0.0, 0.0, 0.0, 1.0]], [[0.009828370995819569, -0.9997162818908691, -0.021696781739592552, 0.005523681640625], [-0.010338381864130497, 0.021595077589154243, -0.9997133612632751, 1.4801616668701172], [0.9998981952667236, 0.010049814358353615, -0.010123206302523613, -1.7347412109375], [0.0, 0.0, 0.0, 1.0]], [[-0.8442323803901672, -0.5359542965888977, -0.004959768150001764, 1.0908203125], [-0.0023132606875151396, 0.012897128239274025, -0.9999141097068787, 1.4930720329284668], [0.5359722375869751, -0.8441484570503235, -0.01212797500193119, -1.2774658203125], [0.0, 0.0, 0.0, 1.0]], [[0.9477241635322571, 0.31862208247184753, -0.017285071313381195, -1.1439208984375], [-0.027659785002470016, 0.028065240010619164, -0.9992233514785767, 1.562042236328125], [-0.3178895115852356, 0.947466254234314, 0.035411130636930466, -0.156005859375], [0.0, 0.0, 0.0, 1.0]], [[0.009607977233827114, 0.9997478127479553, 0.020296631380915642, -0.028900146484375], [-0.025549961254000664, 0.020536385476589203, -0.9994625449180603, 1.5680580139160156], [-0.999627411365509, 0.0090842479839921, 0.025740837678313255, 0.0445556640625], [0.0, 0.0, 0.0, 1.0]], [[-0.9235383868217468, 0.3830397129058838, 0.018905363976955414, 1.1607666015625], [-0.02136535942554474, -0.0021687739063054323, -0.999769389629364, 1.547811508178711], [-0.3829103410243988, -0.9237293004989624, 0.010186727158725262, -0.043609619140625], [0.0, 0.0, 0.0, 1.0]]], "view": [[0.0, -2.0, 100.0], [-2.0, 0.0, 100.0], [0.0, 0.0, 1.0]], "bev": "bev_69de3005977e49038bc4efe48df7e6a0.png", "aux": "aux_69de3005977e49038bc4efe48df7e6a0.npz", "visibility": "visibility_69de3005977e49038bc4efe48df7e6a0.png", "pose": [[-0.61747145652771, 0.7865932583808899, 0.0, 1229.589599609375], [-0.7865932583808899, -0.61747145652771, 0.0, 988.078125], [0.0, 0.0, 1.0, 0.0], [0.0, 0.0, 0.0, 1.0]], "pose_inverse": [[-0.61747145652771, -0.7865932583808899, 0.0, 1536.4521484375], [0.7865932583808899, -0.61747145652771, 0.0, -357.0768737792969], [0.0, 0.0, 1.0, 0.0], [0.0, 0.0, 0.0, 1.0]], "cam_ids": [0, 1, 2, 3, 4, 5], "cam_channels": ["CAM_FRONT_LEFT", "CAM_FRONT", "CAM_FRONT_RIGHT", "CAM_BACK_LEFT", "CAM_BACK", "CAM_BACK_RIGHT"], "token": "69de3005977e49038bc4efe48df7e6a0", "scene": "scene-0642"}, {"images": ["samples/CAM_FRONT_LEFT/n008-2018-09-18-14-43-59-0400__CAM_FRONT_LEFT__1537296384754799.jpg", "samples/CAM_FRONT/n008-2018-09-18-14-43-59-0400__CAM_FRONT__1537296384762404.jpg", "samples/CAM_FRONT_RIGHT/n008-2018-09-18-14-43-59-0400__CAM_FRONT_RIGHT__1537296384770482.jpg", "samples/CAM_BACK_LEFT/n008-2018-09-18-14-43-59-0400__CAM_BACK_LEFT__1537296384797405.jpg", "samples/CAM_BACK/n008-2018-09-18-14-43-59-0400__CAM_BACK__1537296384787558.jpg", "samples/CAM_BACK_RIGHT/n008-2018-09-18-14-43-59-0400__CAM_BACK_RIGHT__1537296384778113.jpg"], "intrinsics": [[[1257.8625342125129, 0.0, 827.2410631095686], [0.0, 1257.8625342125129, 450.915498205774], [0.0, 0.0, 1.0]], [[1252.8131021185304, 0.0, 826.588114781398], [0.0, 1252.8131021185304, 469.9846626224581], [0.0, 0.0, 1.0]], [[1256.7485116440405, 0.0, 817.7887570959712], [0.0, 1256.7485116440403, 451.9541780095127], [0.0, 0.0, 1.0]], [[1254.9860565800168, 0.0, 829.5769333630991], [0.0, 1254.9860565800168, 467.1680561863987], [0.0, 0.0, 1.0]], [[796.8910634503094, 0.0, 857.7774326863696], [0.0, 796.8910634503094, 476.8848988407415], [0.0, 0.0, 1.0]], [[1249.9629280788233, 0.0, 825.3768045375984], [0.0, 1249.9629280788233, 462.54816385708756], [0.0, 0.0, 1.0]]], "extrinsics": [[[0.8222295641899109, -0.5686191916465759, -0.024718541651964188, -1.0050048828125], [-0.01225059200078249, 0.025739027187228203, -0.9995936155319214, 1.4882965087890625], [0.5690243244171143, 0.8221981525421143, 0.014197463169693947, -1.33349609375], [0.0, 0.0, 0.0, 1.0]], [[0.009859206154942513, -0.9997153282165527, -0.021727262064814568, 0.005462646484375], [-0.010286958888173103, 0.021625766530632973, -0.9997132420539856, 1.4801616668701172], [0.9998985528945923, 0.010079856961965561, -0.010070816613733768, -1.7347412109375], [0.0, 0.0, 0.0, 1.0]], [[-0.8442196846008301, -0.5359739065170288, -0.0050182524137198925, 1.0906982421875], [-0.002265374409034848, 0.012930283322930336, -0.9999138116836548, 1.493070125579834], [0.5359926819801331, -0.8441356420516968, -0.012130183167755604, -1.2774658203125], [0.0, 0.0, 0.0, 1.0]], [[0.9477218985557556, 0.31863051652908325, -0.017259826883673668, -1.1439208984375], [-0.02764594554901123, 0.0281023271381855, -0.9992226362228394, 1.5620460510253906], [-0.31789782643318176, 0.9474623799324036, 0.03544202819466591, -0.15606689453125], [0.0, 0.0, 0.0, 1.0]], [[0.009596066549420357, 0.9997469782829285, 0.020343879237771034, -0.028961181640625], [-0.025525441393256187, 0.02058309130370617, -0.9994621872901917, 1.5680618286132812], [-0.9996281266212463, 0.009071631357073784, 0.025716502219438553, 0.0443115234375], [0.0, 0.0, 0.0, 1.0]], [[-0.9235457181930542, 0.3830230236053467, 0.018884215503931046, 1.160400390625], [-0.021329287439584732, -0.0021374565549194813, -0.9997702240943909, 1.547811508178711], [-0.38289472460746765, -0.9237363338470459, 0.010143645107746124, -0.0435791015625], [0.0, 0.0, 0.0, 1.0]]], "view": [[0.0, -2.0, 100.0], [-2.0, 0.0, 100.0], [0.0, 0.0, 1.0]], "bev": "bev_df136b1b2dbd4a2595c9dade3c44b70c.png", "aux": "aux_df136b1b2dbd4a2595c9dade3c44b70c.npz", "visibility": "visibility_df136b1b2dbd4a2595c9dade3c44b70c.png", "pose": [[-0.6175186038017273, 0.7865563035011292, 0.0, 1229.587890625], [-0.7865563035011292, -0.6175186038017273, 0.0, 988.0794067382812], [0.0, 0.0, 1.0, 0.0], [0.0, 0.0, 0.0, 1.0]], "pose_inverse": [[-0.6175186038017273, -0.7865563035011292, 0.0, 1536.473388671875], [0.7865563035011292, -0.6175186038017273, 0.0, -356.9826965332031], [0.0, 0.0, 1.0, 0.0], [0.0, 0.0, 0.0, 1.0]], "cam_ids": [0, 1, 2, 3, 4, 5], "cam_channels": ["CAM_FRONT_LEFT", "CAM_FRONT", "CAM_FRONT_RIGHT", "CAM_BACK_LEFT", "CAM_BACK", "CAM_BACK_RIGHT"], "token": "df136b1b2dbd4a2595c9dade3c44b70c", "scene": "scene-0642"}, {"images": ["samples/CAM_FRONT_LEFT/n008-2018-09-18-14-43-59-0400__CAM_FRONT_LEFT__1537296385254799.jpg", "samples/CAM_FRONT/n008-2018-09-18-14-43-59-0400__CAM_FRONT__1537296385262404.jpg", "samples/CAM_FRONT_RIGHT/n008-2018-09-18-14-43-59-0400__CAM_FRONT_RIGHT__1537296385270482.jpg", "samples/CAM_BACK_LEFT/n008-2018-09-18-14-43-59-0400__CAM_BACK_LEFT__1537296385297405.jpg", "samples/CAM_BACK/n008-2018-09-18-14-43-59-0400__CAM_BACK__1537296385287558.jpg", "samples/CAM_BACK_RIGHT/n008-2018-09-18-14-43-59-0400__CAM_BACK_RIGHT__1537296385278113.jpg"], "intrinsics": [[[1257.8625342125129, 0.0, 827.2410631095686], [0.0, 1257.8625342125129, 450.915498205774], [0.0, 0.0, 1.0]], [[1252.8131021185304, 0.0, 826.588114781398], [0.0, 1252.8131021185304, 469.9846626224581], [0.0, 0.0, 1.0]], [[1256.7485116440405, 0.0, 817.7887570959712], [0.0, 1256.7485116440403, 451.9541780095127], [0.0, 0.0, 1.0]], [[1254.9860565800168, 0.0, 829.5769333630991], [0.0, 1254.9860565800168, 467.1680561863987], [0.0, 0.0, 1.0]], [[796.8910634503094, 0.0, 857.7774326863696], [0.0, 796.8910634503094, 476.8848988407415], [0.0, 0.0, 1.0]], [[1249.9629280788233, 0.0, 825.3768045375984], [0.0, 1249.9629280788233, 462.54816385708756], [0.0, 0.0, 1.0]]], "extrinsics": [[[0.8222286105155945, -0.5686137676239014, -0.02487318590283394, -1.0050048828125], [-0.012344182468950748, 0.025875601917505264, -0.9995889663696289, 1.488290786743164], [0.569023609161377, 0.8221975564956665, 0.014256587252020836, -1.33343505859375], [0.0, 0.0, 0.0, 1.0]], [[0.009858379140496254, -0.9997124671936035, -0.021859103813767433, 0.005584716796875], [-0.010381325148046017, 0.021756665781140327, -0.9997093677520752, 1.48016357421875], [0.9998974800109863, 0.010082484222948551, -0.010163853876292706, -1.7347412109375], [0.0, 0.0, 0.0, 1.0]], [[-0.8442196846008301, -0.5359739065170288, -0.00501144677400589, 1.090576171875], [-0.00235563050955534, 0.013059728778898716, -0.9999119639396667, 1.4930720329284668], [0.5359922051429749, -0.8441335558891296, -0.012287838384509087, -1.27734375], [0.0, 0.0, 0.0, 1.0]], [[0.9477213025093079, 0.31863218545913696, -0.01725943014025688, -1.1439208984375], [-0.027694903314113617, 0.02824927121400833, -0.9992172122001648, 1.5620498657226562], [-0.3178952634334564, 0.9474573731422424, 0.03559692203998566, -0.156005859375], [0.0, 0.0, 0.0, 1.0]], [[0.009597549214959145, 0.9997442960739136, 0.020476074889302254, -0.02886962890625], [-0.025589635595679283, 0.020715871825814247, -0.999457836151123, 1.5680618286132812], [-0.9996265172958374, 0.009068465791642666, 0.025781912729144096, 0.04443359375], [0.0, 0.0, 0.0, 1.0]], [[-0.9235442876815796, 0.3830203115940094, 0.01901054196059704, 1.16064453125], [-0.021411066874861717, -0.0020049135200679302, -0.9997687935829163, 1.547811508178711], [-0.38289356231689453, -0.9237377643585205, 0.010052499361336231, -0.04364013671875], [0.0, 0.0, 0.0, 1.0]]], "view": [[0.0, -2.0, 100.0], [-2.0, 0.0, 100.0], [0.0, 0.0, 1.0]], "bev": "bev_33ab4eed596a42d0ae2e8679dea6ec56.png", "aux": "aux_33ab4eed596a42d0ae2e8679dea6ec56.npz", "visibility": "visibility_33ab4eed596a42d0ae2e8679dea6ec56.png", "pose": [[-0.6174967288970947, 0.7865734696388245, 0.0, 1229.5865478515625], [-0.7865734696388245, -0.6174967288970947, 0.0, 988.0805053710938], [0.0, 0.0, 1.0, 0.0], [0.0, 0.0, 0.0, 1.0]], "pose_inverse": [[-0.6174967288970947, -0.7865734696388245, 0.0, 1536.4635009765625], [0.7865734696388245, -0.6174967288970947, 0.0, -357.023681640625], [0.0, 0.0, 1.0, 0.0], [0.0, 0.0, 0.0, 1.0]], "cam_ids": [0, 1, 2, 3, 4, 5], "cam_channels": ["CAM_FRONT_LEFT", "CAM_FRONT", "CAM_FRONT_RIGHT", "CAM_BACK_LEFT", "CAM_BACK", "CAM_BACK_RIGHT"], "token": "33ab4eed596a42d0ae2e8679dea6ec56", "scene": "scene-0642"}, {"images": ["samples/CAM_FRONT_LEFT/n008-2018-09-18-14-43-59-0400__CAM_FRONT_LEFT__1537296385754799.jpg", "samples/CAM_FRONT/n008-2018-09-18-14-43-59-0400__CAM_FRONT__1537296385762404.jpg", "samples/CAM_FRONT_RIGHT/n008-2018-09-18-14-43-59-0400__CAM_FRONT_RIGHT__1537296385770482.jpg", "samples/CAM_BACK_LEFT/n008-2018-09-18-14-43-59-0400__CAM_BACK_LEFT__1537296385797405.jpg", "samples/CAM_BACK/n008-2018-09-18-14-43-59-0400__CAM_BACK__1537296385787558.jpg", "samples/CAM_BACK_RIGHT/n008-2018-09-18-14-43-59-0400__CAM_BACK_RIGHT__1537296385778113.jpg"], "intrinsics": [[[1257.8625342125129, 0.0, 827.2410631095686], [0.0, 1257.8625342125129, 450.915498205774], [0.0, 0.0, 1.0]], [[1252.8131021185304, 0.0, 826.588114781398], [0.0, 1252.8131021185304, 469.9846626224581], [0.0, 0.0, 1.0]], [[1256.7485116440405, 0.0, 817.7887570959712], [0.0, 1256.7485116440403, 451.9541780095127], [0.0, 0.0, 1.0]], [[1254.9860565800168, 0.0, 829.5769333630991], [0.0, 1254.9860565800168, 467.1680561863987], [0.0, 0.0, 1.0]], [[796.8910634503094, 0.0, 857.7774326863696], [0.0, 796.8910634503094, 476.8848988407415], [0.0, 0.0, 1.0]], [[1249.9629280788233, 0.0, 825.3768045375984], [0.0, 1249.9629280788233, 462.54816385708756], [0.0, 0.0, 1.0]]], "extrinsics": [[[0.8222358226776123, -0.568599283695221, -0.024964643642306328, -1.0050048828125], [-0.012393814511597157, 0.02596498467028141, -0.9995859861373901, 1.4882926940917969], [0.5690120458602905, 0.8222047686576843, 0.014302226714789867, -1.3333740234375], [0.0, 0.0, 0.0, 1.0]], [[0.009871459566056728, -0.9997102618217468, -0.021953362971544266, 0.005523681640625], [-0.010439328849315643, 0.021850204095244408, -0.9997067451477051, 1.48016357421875], [0.9998967051506042, 0.01009773463010788, -0.010220610536634922, -1.734619140625], [0.0, 0.0, 0.0, 1.0]], [[-0.8442140817642212, -0.5359827280044556, -0.00500740809366107, 1.0904541015625], [-0.002422079211100936, 0.013156605884432793, -0.9999104738235474, 1.4930710792541504], [0.5360005497932434, -0.8441264033317566, -0.012405186891555786, -1.2774658203125], [0.0, 0.0, 0.0, 1.0]], [[0.9477197527885437, 0.3186328113079071, -0.017333045601844788, -1.1439208984375], [-0.02779220975935459, 0.028307894244790077, -0.9992128610610962, 1.5620384216308594], [-0.31789132952690125, 0.9474554061889648, 0.035683464258909225, -0.1561279296875], [0.0, 0.0, 0.0, 1.0]], [[0.009595625102519989, 0.9997425079345703, 0.02056221477687359, -0.028961181640625], [-0.025670506060123444, 0.02080266736447811, -0.9994539618492126, 1.5680580139160156], [-0.9996244311332703, 0.009062536060810089, 0.025863513350486755, 0.0443115234375], [0.0, 0.0, 0.0, 1.0]], [[-0.9235458374023438, 0.38301119208335876, 0.019115105271339417, 1.160400390625], [-0.021485358476638794, -0.0019113154849037528, -0.9997673034667969, 1.547811508178711], [-0.38288557529449463, -0.9237416386604309, 0.009994321502745152, -0.043609619140625], [0.0, 0.0, 0.0, 1.0]]], "view": [[0.0, -2.0, 100.0], [-2.0, 0.0, 100.0], [0.0, 0.0, 1.0]], "bev": "bev_3b2ab5f35321436598a2ae55f353df80.png", "aux": "aux_3b2ab5f35321436598a2ae55f353df80.npz", "visibility": "visibility_3b2ab5f35321436598a2ae55f353df80.png", "pose": [[-0.617509126663208, 0.7865636944770813, 0.0, 1229.5853271484375], [-0.7865636944770813, -0.617509126663208, 0.0, 988.0813598632812], [0.0, 0.0, 1.0, 0.0], [0.0, 0.0, 0.0, 1.0]], "pose_inverse": [[-0.617509126663208, -0.7865636944770813, 0.0, 1536.4691162109375], [0.7865636944770813, -0.617509126663208, 0.0, -356.9979553222656], [0.0, 0.0, 1.0, 0.0], [0.0, 0.0, 0.0, 1.0]], "cam_ids": [0, 1, 2, 3, 4, 5], "cam_channels": ["CAM_FRONT_LEFT", "CAM_FRONT", "CAM_FRONT_RIGHT", "CAM_BACK_LEFT", "CAM_BACK", "CAM_BACK_RIGHT"], "token": "3b2ab5f35321436598a2ae55f353df80", "scene": "scene-0642"}, {"images": ["samples/CAM_FRONT_LEFT/n008-2018-09-18-14-43-59-0400__CAM_FRONT_LEFT__1537296386254799.jpg", "samples/CAM_FRONT/n008-2018-09-18-14-43-59-0400__CAM_FRONT__1537296386262404.jpg", "samples/CAM_FRONT_RIGHT/n008-2018-09-18-14-43-59-0400__CAM_FRONT_RIGHT__1537296386270482.jpg", "samples/CAM_BACK_LEFT/n008-2018-09-18-14-43-59-0400__CAM_BACK_LEFT__1537296386297405.jpg", "samples/CAM_BACK/n008-2018-09-18-14-43-59-0400__CAM_BACK__1537296386287558.jpg", "samples/CAM_BACK_RIGHT/n008-2018-09-18-14-43-59-0400__CAM_BACK_RIGHT__1537296386278113.jpg"], "intrinsics": [[[1257.8625342125129, 0.0, 827.2410631095686], [0.0, 1257.8625342125129, 450.915498205774], [0.0, 0.0, 1.0]], [[1252.8131021185304, 0.0, 826.588114781398], [0.0, 1252.8131021185304, 469.9846626224581], [0.0, 0.0, 1.0]], [[1256.7485116440405, 0.0, 817.7887570959712], [0.0, 1256.7485116440403, 451.9541780095127], [0.0, 0.0, 1.0]], [[1254.9860565800168, 0.0, 829.5769333630991], [0.0, 1254.9860565800168, 467.1680561863987], [0.0, 0.0, 1.0]], [[796.8910634503094, 0.0, 857.7774326863696], [0.0, 796.8910634503094, 476.8848988407415], [0.0, 0.0, 1.0]], [[1249.9629280788233, 0.0, 825.3768045375984], [0.0, 1249.9629280788233, 462.54816385708756], [0.0, 0.0, 1.0]]], "extrinsics": [[[0.8222304582595825, -0.5686109662055969, -0.024870488792657852, -1.0048828125], [-0.012359200045466423, 0.025849247351288795, -0.9995894432067871, 1.488290786743164], [0.5690203905105591, 0.8222002983093262, 0.014226464554667473, -1.3333740234375], [0.0, 0.0, 0.0, 1.0]], [[0.009863927960395813, -0.9997130036354065, -0.021832888945937157, 0.005523681640625], [-0.010411734692752361, 0.0217300858348608, -0.9997096657752991, 1.4801654815673828], [0.9998971223831177, 0.010088348761200905, -0.010194400325417519, -1.734619140625], [0.0, 0.0, 0.0, 1.0]], [[-0.8442172408103943, -0.5359781980514526, -0.004963135812431574, 1.0906982421875], [-0.0023947409354150295, 0.01303109247237444, -0.9999122023582458, 1.4930663108825684], [0.5359959006309509, -0.8441311717033386, -0.012284603901207447, -1.2774658203125], [0.0, 0.0, 0.0, 1.0]], [[0.947721004486084, 0.3186277151107788, -0.017356636002659798, -1.1439208984375], [-0.02777876704931259, 0.028194302693009377, -0.9992163777351379, 1.5620384216308594], [-0.31788870692253113, 0.9474604725837708, 0.035571418702602386, -0.1561279296875], [0.0, 0.0, 0.0, 1.0]], [[0.009598135016858578, 0.9997453689575195, 0.02042044885456562, -0.0289306640625], [-0.025657208636403084, 0.0206608884036541, -0.9994572401046753, 1.5680580139160156], [-0.9996247291564941, 0.009069041348993778, 0.025848984718322754, 0.0443115234375], [0.0, 0.0, 0.0, 1.0]], [[-0.9235448241233826, 0.3830175995826721, 0.019036535173654556, 1.1605224609375], [-0.021454336121678352, -0.002041494008153677, -0.9997677803039551, 1.5478153228759766], [-0.3828897178173065, -0.9237387776374817, 0.010102799162268639, -0.043670654296875], [0.0, 0.0, 0.0, 1.0]]], "view": [[0.0, -2.0, 100.0], [-2.0, 0.0, 100.0], [0.0, 0.0, 1.0]], "bev": "bev_aa39f1f4889547c2a75f83222c272755.png", "aux": "aux_aa39f1f4889547c2a75f83222c272755.npz", "visibility": "visibility_aa39f1f4889547c2a75f83222c272755.png", "pose": [[-0.6174694895744324, 0.786594808101654, 0.0, 1229.5843505859375], [-0.786594808101654, -0.6174694895744324, 0.0, 988.0821533203125], [0.0, 0.0, 1.0, 0.0], [0.0, 0.0, 0.0, 1.0]], "pose_inverse": [[-0.6174694895744324, -0.786594808101654, 0.0, 1536.451171875], [0.786594808101654, -0.6174694895744324, 0.0, -357.0741271972656], [0.0, 0.0, 1.0, 0.0], [0.0, 0.0, 0.0, 1.0]], "cam_ids": [0, 1, 2, 3, 4, 5], "cam_channels": ["CAM_FRONT_LEFT", "CAM_FRONT", "CAM_FRONT_RIGHT", "CAM_BACK_LEFT", "CAM_BACK", "CAM_BACK_RIGHT"], "token": "aa39f1f4889547c2a75f83222c272755", "scene": "scene-0642"}, {"images": ["samples/CAM_FRONT_LEFT/n008-2018-09-18-14-43-59-0400__CAM_FRONT_LEFT__1537296386754799.jpg", "samples/CAM_FRONT/n008-2018-09-18-14-43-59-0400__CAM_FRONT__1537296386762404.jpg", "samples/CAM_FRONT_RIGHT/n008-2018-09-18-14-43-59-0400__CAM_FRONT_RIGHT__1537296386770482.jpg", "samples/CAM_BACK_LEFT/n008-2018-09-18-14-43-59-0400__CAM_BACK_LEFT__1537296386797405.jpg", "samples/CAM_BACK/n008-2018-09-18-14-43-59-0400__CAM_BACK__1537296386787558.jpg", "samples/CAM_BACK_RIGHT/n008-2018-09-18-14-43-59-0400__CAM_BACK_RIGHT__1537296386778113.jpg"], "intrinsics": [[[1257.8625342125129, 0.0, 827.2410631095686], [0.0, 1257.8625342125129, 450.915498205774], [0.0, 0.0, 1.0]], [[1252.8131021185304, 0.0, 826.588114781398], [0.0, 1252.8131021185304, 469.9846626224581], [0.0, 0.0, 1.0]], [[1256.7485116440405, 0.0, 817.7887570959712], [0.0, 1256.7485116440403, 451.9541780095127], [0.0, 0.0, 1.0]], [[1254.9860565800168, 0.0, 829.5769333630991], [0.0, 1254.9860565800168, 467.1680561863987], [0.0, 0.0, 1.0]], [[796.8910634503094, 0.0, 857.7774326863696], [0.0, 796.8910634503094, 476.8848988407415], [0.0, 0.0, 1.0]], [[1249.9629280788233, 0.0, 825.3768045375984], [0.0, 1249.9629280788233, 462.54816385708756], [0.0, 0.0, 1.0]]], "extrinsics": [[[0.8222125768661499, -0.5686319470405579, -0.024982331320643425, -1.0048828125], [-0.012485803104937077, 0.02586214616894722, -0.9995875358581543, 1.4882984161376953], [0.5690435767173767, 0.8221853971481323, 0.014164355583488941, -1.3333740234375], [0.0, 0.0, 0.0, 1.0]], [[0.009836490266025066, -0.9997129440307617, -0.021843280643224716, 0.005523681640625], [-0.0105188162997365, 0.02173967845737934, -0.9997082948684692, 1.4801654815673828], [0.9998962879180908, 0.010063428431749344, -0.010301955044269562, -1.7347412109375], [0.0, 0.0, 0.0, 1.0]], [[-0.8442283868789673, -0.535961389541626, -0.004881442990154028, 1.090576171875], [-0.0024922487791627645, 0.013032731600105762, -0.999911904335022, 1.4930720329284668], [0.535977840423584, -0.8441419005393982, -0.012338352389633656, -1.277587890625], [0.0, 0.0, 0.0, 1.0]], [[0.947718620300293, 0.3186291754245758, -0.017460636794567108, -1.1436767578125], [-0.0278896763920784, 0.028197867795825005, -0.9992132186889648, 1.5620460510253906], [-0.3178861737251282, 0.947459876537323, 0.03561010584235191, -0.15606689453125], [0.0, 0.0, 0.0, 1.0]], [[0.009607861749827862, 0.99974524974823, 0.020420275628566742, -0.0289306640625], [-0.02576909214258194, 0.020661979913711548, -0.9994543790817261, 1.5680580139160156], [-0.9996217489242554, 0.009076487272977829, 0.025961047038435936, 0.044189453125], [0.0, 0.0, 0.0, 1.0]], [[-0.9235371947288513, 0.38303136825561523, 0.019130287691950798, 1.16064453125], [-0.02155730128288269, -0.0020446546841412783, -0.9997655153274536, 1.547811508178711], [-0.38290244340896606, -0.9237330555915833, 0.010145436972379684, -0.043701171875], [0.0, 0.0, 0.0, 1.0]]], "view": [[0.0, -2.0, 100.0], [-2.0, 0.0, 100.0], [0.0, 0.0, 1.0]], "bev": "bev_270f2b9c759a4b919e6cb46bbc651f69.png", "aux": "aux_270f2b9c759a4b919e6cb46bbc651f69.npz", "visibility": "visibility_270f2b9c759a4b919e6cb46bbc651f69.png", "pose": [[-0.6174497008323669, 0.7866103649139404, 0.0, 1229.5836181640625], [-0.7866103649139404, -0.6174497008323669, 0.0, 988.0828247070312], [0.0, 0.0, 1.0, 0.0], [0.0, 0.0, 0.0, 1.0]], "pose_inverse": [[-0.6174497008323669, -0.7866103649139404, 0.0, 1536.4422607421875], [0.7866103649139404, -0.6174497008323669, 0.0, -357.11175537109375], [0.0, 0.0, 1.0, 0.0], [0.0, 0.0, 0.0, 1.0]], "cam_ids": [0, 1, 2, 3, 4, 5], "cam_channels": ["CAM_FRONT_LEFT", "CAM_FRONT", "CAM_FRONT_RIGHT", "CAM_BACK_LEFT", "CAM_BACK", "CAM_BACK_RIGHT"], "token": "270f2b9c759a4b919e6cb46bbc651f69", "scene": "scene-0642"}, {"images": ["samples/CAM_FRONT_LEFT/n008-2018-09-18-14-43-59-0400__CAM_FRONT_LEFT__1537296387254799.jpg", "samples/CAM_FRONT/n008-2018-09-18-14-43-59-0400__CAM_FRONT__1537296387262404.jpg", "samples/CAM_FRONT_RIGHT/n008-2018-09-18-14-43-59-0400__CAM_FRONT_RIGHT__1537296387270482.jpg", "samples/CAM_BACK_LEFT/n008-2018-09-18-14-43-59-0400__CAM_BACK_LEFT__1537296387297405.jpg", "samples/CAM_BACK/n008-2018-09-18-14-43-59-0400__CAM_BACK__1537296387287558.jpg", "samples/CAM_BACK_RIGHT/n008-2018-09-18-14-43-59-0400__CAM_BACK_RIGHT__1537296387278113.jpg"], "intrinsics": [[[1257.8625342125129, 0.0, 827.2410631095686], [0.0, 1257.8625342125129, 450.915498205774], [0.0, 0.0, 1.0]], [[1252.8131021185304, 0.0, 826.588114781398], [0.0, 1252.8131021185304, 469.9846626224581], [0.0, 0.0, 1.0]], [[1256.7485116440405, 0.0, 817.7887570959712], [0.0, 1256.7485116440403, 451.9541780095127], [0.0, 0.0, 1.0]], [[1254.9860565800168, 0.0, 829.5769333630991], [0.0, 1254.9860565800168, 467.1680561863987], [0.0, 0.0, 1.0]], [[796.8910634503094, 0.0, 857.7774326863696], [0.0, 796.8910634503094, 476.8848988407415], [0.0, 0.0, 1.0]], [[1249.9629280788233, 0.0, 825.3768045375984], [0.0, 1249.9629280788233, 462.54816385708756], [0.0, 0.0, 1.0]]], "extrinsics": [[[0.8222342729568481, -0.568602979183197, -0.024929089471697807, -1.0050048828125], [-0.012501549907028675, 0.02574673853814602, -0.9995903372764587, 1.4882965087890625], [0.569011926651001, 0.8222090601921082, 0.014061430469155312, -1.33343505859375], [0.0, 0.0, 0.0, 1.0]], [[0.00987003929913044, -0.9997148513793945, -0.021740414202213287, 0.00537109375], [-0.010562269017100334, 0.021636027842760086, -0.9997101426124573, 1.4801673889160156], [0.9998953938484192, 0.010096829384565353, -0.010345708578824997, -1.7347412109375], [0.0, 0.0, 0.0, 1.0]], [[-0.8442139625549316, -0.5359848737716675, -0.004788776393979788, 1.090576171875], [-0.0025422980543226004, 0.012938055209815502, -0.9999130964279175, 1.4930739402770996], [0.5360002517700195, -0.844128429889679, -0.012285121716558933, -1.277587890625], [0.0, 0.0, 0.0, 1.0]], [[0.9477155804634094, 0.31863513588905334, -0.017513632774353027, -1.143798828125], [-0.027912525460124016, 0.028098734095692635, -0.9992153644561768, 1.5620460510253906], [-0.31789302825927734, 0.9474608302116394, 0.03552352264523506, -0.15594482421875], [0.0, 0.0, 0.0, 1.0]], [[0.009595070034265518, 0.9997471570968628, 0.020334789529442787, -0.02880859375], [-0.025785421952605247, 0.02057633548974991, -0.9994556903839111, 1.5680618286132812], [-0.9996214509010315, 0.009065552614629269, 0.025976339355111122, 0.04443359375], [0.0, 0.0, 0.0, 1.0]], [[-0.9235442280769348, 0.38301441073417664, 0.01912744529545307, 1.1607666015625], [-0.02159183844923973, -0.002135900314897299, -0.999764621257782, 1.547811508178711], [-0.3828834295272827, -0.9237399101257324, 0.010242585092782974, -0.0435791015625], [0.0, 0.0, 0.0, 1.0]]], "view": [[0.0, -2.0, 100.0], [-2.0, 0.0, 100.0], [0.0, 0.0, 1.0]], "bev": "bev_880a4527fe234031ad53b65efbfcd3ff.png", "aux": "aux_880a4527fe234031ad53b65efbfcd3ff.npz", "visibility": "visibility_880a4527fe234031ad53b65efbfcd3ff.png", "pose": [[-0.6174934506416321, 0.786575973033905, 0.0, 1229.5828857421875], [-0.786575973033905, -0.6174934506416321, 0.0, 988.0833740234375], [0.0, 0.0, 1.0, 0.0], [0.0, 0.0, 0.0, 1.0]], "pose_inverse": [[-0.6174934506416321, -0.786575973033905, 0.0, 1536.4620361328125], [0.786575973033905, -0.6174934506416321, 0.0, -357.0253601074219], [0.0, 0.0, 1.0, 0.0], [0.0, 0.0, 0.0, 1.0]], "cam_ids": [0, 1, 2, 3, 4, 5], "cam_channels": ["CAM_FRONT_LEFT", "CAM_FRONT", "CAM_FRONT_RIGHT", "CAM_BACK_LEFT", "CAM_BACK", "CAM_BACK_RIGHT"], "token": "880a4527fe234031ad53b65efbfcd3ff", "scene": "scene-0642"}, {"images": ["samples/CAM_FRONT_LEFT/n008-2018-09-18-14-43-59-0400__CAM_FRONT_LEFT__1537296387754799.jpg", "samples/CAM_FRONT/n008-2018-09-18-14-43-59-0400__CAM_FRONT__1537296387762404.jpg", "samples/CAM_FRONT_RIGHT/n008-2018-09-18-14-43-59-0400__CAM_FRONT_RIGHT__1537296387770482.jpg", "samples/CAM_BACK_LEFT/n008-2018-09-18-14-43-59-0400__CAM_BACK_LEFT__1537296387797405.jpg", "samples/CAM_BACK/n008-2018-09-18-14-43-59-0400__CAM_BACK__1537296387787558.jpg", "samples/CAM_BACK_RIGHT/n008-2018-09-18-14-43-59-0400__CAM_BACK_RIGHT__1537296387778113.jpg"], "intrinsics": [[[1257.8625342125129, 0.0, 827.2410631095686], [0.0, 1257.8625342125129, 450.915498205774], [0.0, 0.0, 1.0]], [[1252.8131021185304, 0.0, 826.588114781398], [0.0, 1252.8131021185304, 469.9846626224581], [0.0, 0.0, 1.0]], [[1256.7485116440405, 0.0, 817.7887570959712], [0.0, 1256.7485116440403, 451.9541780095127], [0.0, 0.0, 1.0]], [[1254.9860565800168, 0.0, 829.5769333630991], [0.0, 1254.9860565800168, 467.1680561863987], [0.0, 0.0, 1.0]], [[796.8910634503094, 0.0, 857.7774326863696], [0.0, 796.8910634503094, 476.8848988407415], [0.0, 0.0, 1.0]], [[1249.9629280788233, 0.0, 825.3768045375984], [0.0, 1249.9629280788233, 462.54816385708756], [0.0, 0.0, 1.0]]], "extrinsics": [[[0.8222211003303528, -0.568618893623352, -0.025000501424074173, -1.0048828125], [-0.012568251229822636, 0.025775328278541565, -0.9995887875556946, 1.4882965087890625], [0.5690294504165649, 0.8221972584724426, 0.014046474359929562, -1.3333740234375], [0.0, 0.0, 0.0, 1.0]], [[0.009847654029726982, -0.9997144937515259, -0.021771080791950226, 0.005462646484375], [-0.010619678534567356, 0.021666349843144417, -0.999708890914917, 1.4801712036132812], [0.9998950958251953, 0.010076040402054787, -0.010403282009065151, -1.7347412109375], [0.0, 0.0, 0.0, 1.0]], [[-0.8442244529724121, -0.5359686613082886, -0.004756355658173561, 1.0906982421875], [-0.0026034258771687746, 0.01297429483383894, -0.9999123811721802, 1.4930739402770996], [0.5359834432601929, -0.8441381454467773, -0.012348570860922337, -1.2774658203125], [0.0, 0.0, 0.0, 1.0]], [[0.9477156400680542, 0.318631112575531, -0.017587805166840553, -1.143798828125], [-0.028000300750136375, 0.028127748519182205, -0.9992120862007141, 1.5620384216308594], [-0.3178853690624237, 0.9474613070487976, 0.03557887673377991, -0.1561279296875], [0.0, 0.0, 0.0, 1.0]], [[0.009608486667275429, 0.9997462630271912, 0.020371129736304283, -0.0289306640625], [-0.025867657735943794, 0.020613761618733406, -0.9994527697563171, 1.5680618286132812], [-0.9996192455291748, 0.009076259098947048, 0.026059165596961975, 0.0443115234375], [0.0, 0.0, 0.0, 1.0]], [[-0.9235365986824036, 0.3830289840698242, 0.019210241734981537, 1.1607666015625], [-0.021664690226316452, -0.0020949910394847393, -0.9997630715370178, 1.547811508178711], [-0.3828979432582855, -0.9237339496612549, 0.010233002714812756, -0.043670654296875], [0.0, 0.0, 0.0, 1.0]]], "view": [[0.0, -2.0, 100.0], [-2.0, 0.0, 100.0], [0.0, 0.0, 1.0]], "bev": "bev_1b3addbe4d5745309bd2562789c46859.png", "aux": "aux_1b3addbe4d5745309bd2562789c46859.npz", "visibility": "visibility_1b3addbe4d5745309bd2562789c46859.png", "pose": [[-0.617492139339447, 0.786577045917511, 0.0, 1229.582275390625], [-0.786577045917511, -0.617492139339447, 0.0, 988.0838623046875], [0.0, 0.0, 1.0, 0.0], [0.0, 0.0, 0.0, 1.0]], "pose_inverse": [[-0.617492139339447, -0.786577045917511, 0.0, 1536.46142578125], [0.786577045917511, -0.617492139339447, 0.0, -357.0271911621094], [0.0, 0.0, 1.0, 0.0], [0.0, 0.0, 0.0, 1.0]], "cam_ids": [0, 1, 2, 3, 4, 5], "cam_channels": ["CAM_FRONT_LEFT", "CAM_FRONT", "CAM_FRONT_RIGHT", "CAM_BACK_LEFT", "CAM_BACK", "CAM_BACK_RIGHT"], "token": "1b3addbe4d5745309bd2562789c46859", "scene": "scene-0642"}, {"images": ["samples/CAM_FRONT_LEFT/n008-2018-09-18-14-43-59-0400__CAM_FRONT_LEFT__1537296388254799.jpg", "samples/CAM_FRONT/n008-2018-09-18-14-43-59-0400__CAM_FRONT__1537296388262404.jpg", "samples/CAM_FRONT_RIGHT/n008-2018-09-18-14-43-59-0400__CAM_FRONT_RIGHT__1537296388270482.jpg", "samples/CAM_BACK_LEFT/n008-2018-09-18-14-43-59-0400__CAM_BACK_LEFT__1537296388297405.jpg", "samples/CAM_BACK/n008-2018-09-18-14-43-59-0400__CAM_BACK__1537296388287558.jpg", "samples/CAM_BACK_RIGHT/n008-2018-09-18-14-43-59-0400__CAM_BACK_RIGHT__1537296388278113.jpg"], "intrinsics": [[[1257.8625342125129, 0.0, 827.2410631095686], [0.0, 1257.8625342125129, 450.915498205774], [0.0, 0.0, 1.0]], [[1252.8131021185304, 0.0, 826.588114781398], [0.0, 1252.8131021185304, 469.9846626224581], [0.0, 0.0, 1.0]], [[1256.7485116440405, 0.0, 817.7887570959712], [0.0, 1256.7485116440403, 451.9541780095127], [0.0, 0.0, 1.0]], [[1254.9860565800168, 0.0, 829.5769333630991], [0.0, 1254.9860565800168, 467.1680561863987], [0.0, 0.0, 1.0]], [[796.8910634503094, 0.0, 857.7774326863696], [0.0, 796.8910634503094, 476.8848988407415], [0.0, 0.0, 1.0]], [[1249.9629280788233, 0.0, 825.3768045375984], [0.0, 1249.9629280788233, 462.54816385708756], [0.0, 0.0, 1.0]]], "extrinsics": [[[0.8222237229347229, -0.5686306357383728, -0.02464805729687214, -1.005126953125], [-0.012141416780650616, 0.02577260695397854, -0.9995940923690796, 1.4882946014404297], [0.5690350532531738, 0.822189211845398, 0.014286864548921585, -1.33331298828125], [0.0, 0.0, 0.0, 1.0]], [[0.009851329028606415, -0.9997148513793945, -0.021754486486315727, 0.005218505859375], [-0.010057220235466957, 0.021655386313796043, -0.9997149109840393, 1.4801673889160156], [0.9999009370803833, 0.010067271068692207, -0.009841017425060272, -1.7347412109375], [0.0, 0.0, 0.0, 1.0]], [[-0.8442224860191345, -0.5359662771224976, -0.005353208631277084, 1.090576171875], [-0.0018880933057516813, 0.012961115688085556, -0.9999142289161682, 1.4930710792541504], [0.5359895825386047, -0.8441399335861206, -0.011954019777476788, -1.277587890625], [0.0, 0.0, 0.0, 1.0]], [[0.9477357268333435, 0.3186383545398712, -0.01632380671799183, -1.143798828125], [-0.026677677407860756, 0.02815689519047737, -0.9992474317550659, 1.5620384216308594], [-0.31793898344039917, 0.9474581480026245, 0.03518582880496979, -0.15606689453125], [0.0, 0.0, 0.0, 1.0]], [[0.009580417536199093, 0.9997462034225464, 0.020389612764120102, -0.028900146484375], [-0.024790620431303978, 0.02062174864113331, -0.9994799494743347, 1.5680580139160156], [-0.9996469020843506, 0.009069976396858692, 0.024981895461678505, 0.0445556640625], [0.0, 0.0, 0.0, 1.0]], [[-0.9235537052154541, 0.38302698731422424, 0.01840757392346859, 1.160400390625], [-0.020797789096832275, -0.002099907025694847, -0.9997814893722534, 1.547811508178711], [-0.38290467858314514, -0.9237347841262817, 0.009905489161610603, -0.043670654296875], [0.0, 0.0, 0.0, 1.0]]], "view": [[0.0, -2.0, 100.0], [-2.0, 0.0, 100.0], [0.0, 0.0, 1.0]], "bev": "bev_41e407d5b75440d288ba3f09e837205f.png", "aux": "aux_41e407d5b75440d288ba3f09e837205f.npz", "visibility": "visibility_41e407d5b75440d288ba3f09e837205f.png", "pose": [[-0.6174545884132385, 0.7866065502166748, 0.0, 1229.581787109375], [-0.7866065502166748, -0.6174545884132385, 0.0, 988.084228515625], [0.0, 0.0, 1.0, 0.0], [0.0, 0.0, 0.0, 1.0]], "pose_inverse": [[-0.6174545884132385, -0.7866065502166748, 0.0, 1536.4444580078125], [0.7866065502166748, -0.6174545884132385, 0.0, -357.09991455078125], [0.0, 0.0, 1.0, 0.0], [0.0, 0.0, 0.0, 1.0]], "cam_ids": [0, 1, 2, 3, 4, 5], "cam_channels": ["CAM_FRONT_LEFT", "CAM_FRONT", "CAM_FRONT_RIGHT", "CAM_BACK_LEFT", "CAM_BACK", "CAM_BACK_RIGHT"], "token": "41e407d5b75440d288ba3f09e837205f", "scene": "scene-0642"}, {"images": ["samples/CAM_FRONT_LEFT/n008-2018-09-18-14-43-59-0400__CAM_FRONT_LEFT__1537296388754799.jpg", "samples/CAM_FRONT/n008-2018-09-18-14-43-59-0400__CAM_FRONT__1537296388762404.jpg", "samples/CAM_FRONT_RIGHT/n008-2018-09-18-14-43-59-0400__CAM_FRONT_RIGHT__1537296388770482.jpg", "samples/CAM_BACK_LEFT/n008-2018-09-18-14-43-59-0400__CAM_BACK_LEFT__1537296388797405.jpg", "samples/CAM_BACK/n008-2018-09-18-14-43-59-0400__CAM_BACK__1537296388787558.jpg", "samples/CAM_BACK_RIGHT/n008-2018-09-18-14-43-59-0400__CAM_BACK_RIGHT__1537296388778113.jpg"], "intrinsics": [[[1257.8625342125129, 0.0, 827.2410631095686], [0.0, 1257.8625342125129, 450.915498205774], [0.0, 0.0, 1.0]], [[1252.8131021185304, 0.0, 826.588114781398], [0.0, 1252.8131021185304, 469.9846626224581], [0.0, 0.0, 1.0]], [[1256.7485116440405, 0.0, 817.7887570959712], [0.0, 1256.7485116440403, 451.9541780095127], [0.0, 0.0, 1.0]], [[1254.9860565800168, 0.0, 829.5769333630991], [0.0, 1254.9860565800168, 467.1680561863987], [0.0, 0.0, 1.0]], [[796.8910634503094, 0.0, 857.7774326863696], [0.0, 796.8910634503094, 476.8848988407415], [0.0, 0.0, 1.0]], [[1249.9629280788233, 0.0, 825.3768045375984], [0.0, 1249.9629280788233, 462.54816385708756], [0.0, 0.0, 1.0]]], "extrinsics": [[[0.8224042654037476, -0.5686048865318298, -0.018427537754178047, -0.9881591796875], [-0.004633279517292976, 0.02569591999053955, -0.9996590614318848, 1.488199234008789], [0.568884551525116, 0.822209358215332, 0.018497930839657784, -1.32177734375], [0.0, 0.0, 0.0, 1.0]], [[0.010051056742668152, -0.9997161030769348, -0.02160428836941719, 0.005584716796875], [-0.0025855384301394224, 0.021579327061772346, -0.9997637867927551, 1.4801197052001953], [0.999946117401123, 0.010104485787451267, -0.0023679095320403576, -1.7177734375], [0.0, 0.0, 0.0, 1.0]], [[-0.8441407680511475, -0.5359964370727539, -0.011581788770854473, 1.079345703125], [0.005535895470529795, 0.012887351214885712, -0.9999015927314758, 1.4931437969207764], [0.5360930562019348, -0.8441219329833984, -0.007911520078778267, -1.2705078125], [0.0, 0.0, 0.0, 1.0]], [[0.9478215575218201, 0.3186594843864441, -0.009506846778094769, -1.1441650390625], [-0.019462550058960915, 0.028072988614439964, -0.9994164109230042, 1.5620460510253906], [-0.31820669770240784, 0.9474533796310425, 0.032810110598802567, -0.15594482421875], [0.0, 0.0, 0.0, 1.0]], [[0.009403526782989502, 0.9997480511665344, 0.02038354054093361, -0.02886962890625], [-0.017481183633208275, 0.020545681938529015, -0.9996360540390015, 1.5679740905761719], [-0.9998030066490173, 0.009043713100254536, 0.017669983208179474, 0.0394287109375], [0.0, 0.0, 0.0, 1.0]], [[-0.9236764311790466, 0.38299861550331116, 0.011565743945538998, 1.15185546875], [-0.013420776464045048, -0.002171760890632868, -0.9999076128005981, 1.5476837158203125], [-0.38293811678886414, -0.9237463474273682, 0.007146142888814211, -0.04730224609375], [0.0, 0.0, 0.0, 1.0]]], "view": [[0.0, -2.0, 100.0], [-2.0, 0.0, 100.0], [0.0, 0.0, 1.0]], "bev": "bev_6262da9b8eaf4737a69fb76fa19edabd.png", "aux": "aux_6262da9b8eaf4737a69fb76fa19edabd.npz", "visibility": "visibility_6262da9b8eaf4737a69fb76fa19edabd.png", "pose": [[-0.6174668669700623, 0.7865968942642212, 0.0, 1229.5323486328125], [-0.7865968942642212, -0.6174668669700623, 0.0, 988.022216796875], [0.0, 0.0, 1.0, 0.0], [0.0, 0.0, 0.0, 1.0]], "pose_inverse": [[-0.6174668669700623, -0.7865968942642212, 0.0, 1536.3707275390625], [0.7865968942642212, -0.6174668669700623, 0.0, -357.0752868652344], [0.0, 0.0, 1.0, 0.0], [0.0, 0.0, 0.0, 1.0]], "cam_ids": [0, 1, 2, 3, 4, 5], "cam_channels": ["CAM_FRONT_LEFT", "CAM_FRONT", "CAM_FRONT_RIGHT", "CAM_BACK_LEFT", "CAM_BACK", "CAM_BACK_RIGHT"], "token": "6262da9b8eaf4737a69fb76fa19edabd", "scene": "scene-0642"}, {"images": ["samples/CAM_FRONT_LEFT/n008-2018-09-18-14-43-59-0400__CAM_FRONT_LEFT__1537296389254799.jpg", "samples/CAM_FRONT/n008-2018-09-18-14-43-59-0400__CAM_FRONT__1537296389262404.jpg", "samples/CAM_FRONT_RIGHT/n008-2018-09-18-14-43-59-0400__CAM_FRONT_RIGHT__1537296389270482.jpg", "samples/CAM_BACK_LEFT/n008-2018-09-18-14-43-59-0400__CAM_BACK_LEFT__1537296389297405.jpg", "samples/CAM_BACK/n008-2018-09-18-14-43-59-0400__CAM_BACK__1537296389287558.jpg", "samples/CAM_BACK_RIGHT/n008-2018-09-18-14-43-59-0400__CAM_BACK_RIGHT__1537296389278113.jpg"], "intrinsics": [[[1257.8625342125129, 0.0, 827.2410631095686], [0.0, 1257.8625342125129, 450.915498205774], [0.0, 0.0, 1.0]], [[1252.8131021185304, 0.0, 826.588114781398], [0.0, 1252.8131021185304, 469.9846626224581], [0.0, 0.0, 1.0]], [[1256.7485116440405, 0.0, 817.7887570959712], [0.0, 1256.7485116440403, 451.9541780095127], [0.0, 0.0, 1.0]], [[1254.9860565800168, 0.0, 829.5769333630991], [0.0, 1254.9860565800168, 467.1680561863987], [0.0, 0.0, 1.0]], [[796.8910634503094, 0.0, 857.7774326863696], [0.0, 796.8910634503094, 476.8848988407415], [0.0, 0.0, 1.0]], [[1249.9629280788233, 0.0, 825.3768045375984], [0.0, 1249.9629280788233, 462.54816385708756], [0.0, 0.0, 1.0]]], "extrinsics": [[[0.8224037289619446, -0.5687098503112793, -0.014872957952320576, -0.956298828125], [0.00038529973244294524, 0.026699954643845558, -0.9996434450149536, 1.4883193969726562], [0.5689042210578918, 0.822104811668396, 0.022177264094352722, -1.2994384765625], [0.0, 0.0, 0.0, 1.0]], [[0.010033998638391495, -0.9996941089630127, -0.022603798657655716, 0.0057373046875], [0.002420194214209914, 0.02262914925813675, -0.9997410178184509, 1.4802875518798828], [0.9999467134475708, 0.009976609610021114, 0.0026465137489140034, -1.685302734375], [0.0, 0.0, 0.0, 1.0]], [[-0.8441245555877686, -0.5358969569206238, -0.016376659274101257, 1.0579833984375], [0.01052199024707079, 0.013980826362967491, -0.999846875667572, 1.4934759140014648], [0.5360438227653503, -0.8441675901412964, -0.006162858102470636, -1.2569580078125], [0.0, 0.0, 0.0, 1.0]], [[0.9478586912155151, 0.3186592161655426, -0.00448524160310626, -1.142578125], [-0.014582091011106968, 0.02930692583322525, -0.9994640946388245, 1.562032699584961], [-0.31835711002349854, 0.9474161863327026, 0.032425541430711746, -0.15643310546875], [0.0, 0.0, 0.0, 1.0]], [[0.009340550750494003, 0.999722957611084, 0.021602878347039223, -0.028656005859375], [-0.012544229626655579, 0.021719269454479218, 