[{"images": ["samples/CAM_FRONT_LEFT/n008-2018-09-18-13-10-39-0400__CAM_FRONT_LEFT__1537290836254799.jpg", "samples/CAM_FRONT/n008-2018-09-18-13-10-39-0400__CAM_FRONT__1537290836262404.jpg", "samples/CAM_FRONT_RIGHT/n008-2018-09-18-13-10-39-0400__CAM_FRONT_RIGHT__1537290836270482.jpg", "samples/CAM_BACK_LEFT/n008-2018-09-18-13-10-39-0400__CAM_BACK_LEFT__1537290836297405.jpg", "samples/CAM_BACK/n008-2018-09-18-13-10-39-0400__CAM_BACK__1537290836287558.jpg", "samples/CAM_BACK_RIGHT/n008-2018-09-18-13-10-39-0400__CAM_BACK_RIGHT__1537290836278113.jpg"], "intrinsics": [[[1257.8625342125129, 0.0, 827.2410631095686], [0.0, 1257.8625342125129, 450.915498205774], [0.0, 0.0, 1.0]], [[1252.8131021185304, 0.0, 826.588114781398], [0.0, 1252.8131021185304, 469.9846626224581], [0.0, 0.0, 1.0]], [[1256.7485116440405, 0.0, 817.7887570959712], [0.0, 1256.7485116440403, 451.9541780095127], [0.0, 0.0, 1.0]], [[1254.9860565800168, 0.0, 829.5769333630991], [0.0, 1254.9860565800168, 467.1680561863987], [0.0, 0.0, 1.0]], [[796.8910634503094, 0.0, 857.7774326863696], [0.0, 796.8910634503094, 476.8848988407415], [0.0, 0.0, 1.0]], [[1249.9629280788233, 0.0, 825.3768045375984], [0.0, 1249.9629280788233, 462.54816385708756], [0.0, 0.0, 1.0]]], "extrinsics": [[[0.822659432888031, -0.5685234665870667, 0.003544019302353263, -0.76409912109375], [0.01872389391064644, 0.0208623968064785, -0.9996069669723511, 1.49365234375], [0.568226158618927, 0.8224024772644043, 0.02780762128531933, -1.17144775390625], [0.0, 0.0, 0.0, 1.0]], [[0.010616553016006947, -0.9998053908348083, -0.016625696793198586, 0.010986328125], [0.021126803010702133, 0.016847198829054832, -0.999634861946106, 1.4852180480957031], [0.9997203946113586, 0.01026146300137043, 0.021301550790667534, -1.4932403564453125], [0.0, 0.0, 0.0, 1.0]], [[-0.8436056971549988, -0.5361602306365967, -0.029354900121688843, 0.93182373046875], [0.02953403629362583, 0.008255023509263992, -0.9995296597480774, 1.4986562728881836], [0.5361504554748535, -0.8440758585929871, 0.008870991878211498, -1.17376708984375], [0.0, 0.0, 0.0, 1.0]], [[0.9478592276573181, 0.3184396028518677, 0.01261808630079031, -1.126007080078125], [0.005366259254515171, 0.023640021681785583, -0.9997061491012573, 1.562143325805664], [-0.3186444044113159, 0.9476483464241028, 0.020698580890893936, -0.162109375], [0.0, 0.0, 0.0, 1.0]], [[0.00898800976574421, 0.9998295903205872, 0.016126571223139763, -0.02911376953125], [0.007081315852701664, 0.016063177958130836, -0.9998458623886108, 1.5686149597167969], [-0.9999346137046814, 0.009100746363401413, -0.006935733370482922, -0.0362701416015625], [0.0, 0.0, 0.0, 1.0]], [[-0.9236845970153809, 0.3829491436481476, -0.012519290670752525, 1.0298614501953125], [0.010762644000351429, -0.006729340646415949, -0.9999194145202637, 1.5493402481079102], [-0.38300251960754395, -0.9237449169158936, 0.0020942448172718287, -0.09588623046875], [0.0, 0.0, 0.0, 1.0]]], "view": [[0.0, -2.0, 100.0], [-2.0, 0.0, 100.0], [0.0, 0.0, 1.0]], "bev": "bev_a9fd76dde0294063b2b2092d4f38daeb.png", "aux": "aux_a9fd76dde0294063b2b2092d4f38daeb.npz", "visibility": "visibility_a9fd76dde0294063b2b2092d4f38daeb.png", "pose": [[-0.772249162197113, -0.6353198289871216, 0.0, 621.7304077148438], [0.6353198289871216, -0.772249162197113, 0.0, 552.2781372070312], [0.0, 0.0, 1.0, 0.0], [0.0, 0.0, 0.0, 1.0]], "pose_inverse": [[-0.772249162197113, 0.6353198289871216, 0.0, 129.25753784179688], [-0.6353198289871216, -0.772249162197113, 0.0, 821.4939575195312], [0.0, 0.0, 1.0, 0.0], [0.0, 0.0, 0.0, 1.0]], "cam_ids": [0, 1, 2, 3, 4, 5], "cam_channels": ["CAM_FRONT_LEFT", "CAM_FRONT", "CAM_FRONT_RIGHT", "CAM_BACK_LEFT", "CAM_BACK", "CAM_BACK_RIGHT"], "token": "a9fd76dde0294063b2b2092d4f38daeb", "scene": "scene-0573"}, {"images": ["samples/CAM_FRONT_LEFT/n008-2018-09-18-13-10-39-0400__CAM_FRONT_LEFT__1537290836754799.jpg", "samples/CAM_FRONT/n008-2018-09-18-13-10-39-0400__CAM_FRONT__1537290836762404.jpg", "samples/CAM_FRONT_RIGHT/n008-2018-09-18-13-10-39-0400__CAM_FRONT_RIGHT__1537290836770482.jpg", "samples/CAM_BACK_LEFT/n008-2018-09-18-13-10-39-0400__CAM_BACK_LEFT__1537290836797405.jpg", "samples/CAM_BACK/n008-2018-09-18-13-10-39-0400__CAM_BACK__1537290836787558.jpg", "samples/CAM_BACK_RIGHT/n008-2018-09-18-13-10-39-0400__CAM_BACK_RIGHT__1537290836778113.jpg"], "intrinsics": [[[1257.8625342125129, 0.0, 827.2410631095686], [0.0, 1257.8625342125129, 450.915498205774], [0.0, 0.0, 1.0]], [[1252.8131021185304, 0.0, 826.588114781398], [0.0, 1252.8131021185304, 469.9846626224581], [0.0, 0.0, 1.0]], [[1256.7485116440405, 0.0, 817.7887570959712], [0.0, 1256.7485116440403, 451.9541780095127], [0.0, 0.0, 1.0]], [[1254.9860565800168, 0.0, 829.5769333630991], [0.0, 1254.9860565800168, 467.1680561863987], [0.0, 0.0, 1.0]], [[796.8910634503094, 0.0, 857.7774326863696], [0.0, 796.8910634503094, 476.8848988407415], [0.0, 0.0, 1.0]], [[1249.9629280788233, 0.0, 825.3768045375984], [0.0, 1249.9629280788233, 462.54816385708756], [0.0, 0.0, 1.0]]], "extrinsics": [[[0.8223695755004883, -0.5689433813095093, 0.0034361397847533226, -0.7672119140625], [0.014990336261689663, 0.01562943123281002, -0.9997654557228088, 1.4925804138183594], [0.5687562823295593, 0.8222281336784363, 0.021381819620728493, -1.17108154296875], [0.0, 0.0, 0.0, 1.0]], [[0.010114670731127262, -0.9998862147331238, -0.01119390968233347, 0.00933837890625], [0.017009830102324486, 0.011364909820258617, -0.9997907876968384, 1.4842195510864258], [0.9998041391372681, 0.009922131896018982, 0.017122846096754074, -1.495361328125], [0.0, 0.0, 0.0, 1.0]], [[-0.8439150452613831, -0.5360073447227478, -0.022440843284130096, 0.9327392578125], [0.02503274939954281, 0.0024406975135207176, -0.9996836185455322, 1.497772216796875], [0.5358925461769104, -0.8442097902297974, 0.011357995681464672, -1.1759033203125], [0.0, 0.0, 0.0, 1.0]], [[0.9479417204856873, 0.3184038996696472, 0.005055038724094629, -1.127899169921875], [-0.00036097184056416154, 0.016948575153946877, -0.9998562932014465, 1.5620403289794922], [-0.3184438943862915, 0.9478036761283875, 0.01618119515478611, -0.16119384765625], [0.0, 0.0, 0.0, 1.0]], [[0.009238670580089092, 0.9999116659164429, 0.009558766148984432, -0.02862548828125], [0.0016549878055229783, 0.009543871507048607, -0.999953031539917, 1.5681867599487305], [-0.9999560117721558, 0.00925399735569954, -0.0015666695544496179, -0.034820556640625], [0.0, 0.0, 0.0, 1.0]], [[-0.9236326217651367, 0.38313817977905273, -0.010387950576841831, 1.0317230224609375], [0.005895367823541164, -0.012898092158138752, -0.9998994469642639, 1.5486440658569336], [-0.3832336366176605, -0.923600971698761, 0.009654358960688114, -0.0963134765625], [0.0, 0.0, 0.0, 1.0]]], "view": [[0.0, -2.0, 100.0], [-2.0, 0.0, 100.0], [0.0, 0.0, 1.0]], "bev": "bev_0695d05b43b8458ab0fb09b9af436e4d.png", "aux": "aux_0695d05b43b8458ab0fb09b9af436e4d.npz", "visibility": "visibility_0695d05b43b8458ab0fb09b9af436e4d.png", "pose": [[-0.7691457271575928, -0.6390734910964966, 0.0, 619.35595703125], [0.6390734910964966, -0.7691457271575928, 0.0, 554.287353515625], [0.0, 0.0, 1.0, 0.0], [0.0, 0.0, 0.0, 1.0]], "pose_inverse": [[-0.7691457271575928, 0.6390734910964966, 0.0, 122.1446304321289], [-0.6390734910964966, -0.7691457271575928, 0.0, 822.1416625976562], [0.0, 0.0, 1.0, 0.0], [0.0, 0.0, 0.0, 1.0]], "cam_ids": [0, 1, 2, 3, 4, 5], "cam_channels": ["CAM_FRONT_LEFT", "CAM_FRONT", "CAM_FRONT_RIGHT", "CAM_BACK_LEFT", "CAM_BACK", "CAM_BACK_RIGHT"], "token": "0695d05b43b8458ab0fb09b9af436e4d", "scene": "scene-0573"}, {"images": ["samples/CAM_FRONT_LEFT/n008-2018-09-18-13-10-39-0400__CAM_FRONT_LEFT__1537290837254799.jpg", "samples/CAM_FRONT/n008-2018-09-18-13-10-39-0400__CAM_FRONT__1537290837262404.jpg", "samples/CAM_FRONT_RIGHT/n008-2018-09-18-13-10-39-0400__CAM_FRONT_RIGHT__1537290837270482.jpg", "samples/CAM_BACK_LEFT/n008-2018-09-18-13-10-39-0400__CAM_BACK_LEFT__1537290837297405.jpg", "samples/CAM_BACK/n008-2018-09-18-13-10-39-0400__CAM_BACK__1537290837287558.jpg", "samples/CAM_BACK_RIGHT/n008-2018-09-18-13-10-39-0400__CAM_BACK_RIGHT__1537290837278113.jpg"], "intrinsics": [[[1257.8625342125129, 0.0, 827.2410631095686], [0.0, 1257.8625342125129, 450.915498205774], [0.0, 0.0, 1.0]], [[1252.8131021185304, 0.0, 826.588114781398], [0.0, 1252.8131021185304, 469.9846626224581], [0.0, 0.0, 1.0]], [[1256.7485116440405, 0.0, 817.7887570959712], [0.0, 1256.7485116440403, 451.9541780095127], [0.0, 0.0, 1.0]], [[1254.9860565800168, 0.0, 829.5769333630991], [0.0, 1254.9860565800168, 467.1680561863987], [0.0, 0.0, 1.0]], [[796.8910634503094, 0.0, 857.7774326863696], [0.0, 796.8910634503094, 476.8848988407415], [0.0, 0.0, 1.0]], [[1249.9629280788233, 0.0, 825.3768045375984], [0.0, 1249.9629280788233, 462.54816385708756], [0.0, 0.0, 1.0]]], "extrinsics": [[[0.8231638073921204, -0.5677676796913147, -0.006427434738725424, -0.76092529296875], [0.00540127931162715, 0.019149208441376686, -0.9998020529747009, 1.4898433685302734], [0.5677783489227295, 0.8229661583900452, 0.018829606473445892, -1.1678466796875], [0.0, 0.0, 0.0, 1.0]], [[0.011200499720871449, -0.9998236298561096, -0.01507232990115881, 0.01007080078125], [0.0071885716170072556, 0.015153397805988789, -0.9998593330383301, 1.4818944931030273], [0.9999114274978638, 0.011090592481195927, 0.007357029709964991, -1.4898834228515625], [0.0, 0.0, 0.0, 1.0]], [[-0.8435922265052795, -0.5367385149002075, -0.016244057565927505, 0.9295654296875], [0.015088438056409359, 0.006545775104314089, -0.9998646974563599, 1.495957374572754], [0.5367722511291504, -0.8437232375144958, 0.0025765805039554834, -1.17315673828125], [0.0, 0.0, 0.0, 1.0]], [[0.9478513598442078, 0.3186979293823242, -0.0030730583239346743, -1.12896728515625], [-0.010610485449433327, 0.021917352452874184, -0.9997034668922424, 1.5618743896484375], [-0.31853610277175903, 0.9476029276847839, 0.024155931547284126, -0.1612548828125], [0.0, 0.0, 0.0, 1.0]], [[0.00891507975757122, 0.9998592138290405, 0.014214451424777508, -0.02880859375], [-0.008372959680855274, 0.014289159327745438, -0.999862790107727, 1.5673789978027344], [-0.9999252557754517, 0.008794806897640228, 0.008499168790876865, -0.035888671875], [0.0, 0.0, 0.0, 1.0]], [[-0.923953115940094, 0.38250529766082764, 0.0004880675405729562, 1.0290374755859375], [-0.00404210202395916, -0.008487901650369167, -0.9999557733535767, 1.5472474098205566], [-0.38248419761657715, -0.92391437292099, 0.00938855018466711, -0.09686279296875], [0.0, 0.0, 0.0, 1.0]]], "view": [[0.0, -2.0, 100.0], [-2.0, 0.0, 100.0], [0.0, 0.0, 1.0]], "bev": "bev_317caecebfef4424aed8a88669da32c4.png", "aux": "aux_317caecebfef4424aed8a88669da32c4.npz", "visibility": "visibility_317caecebfef4424aed8a88669da32c4.png", "pose": [[-0.7634426951408386, -0.6458755731582642, 0.0, 616.901611328125], [0.6458755731582642, -0.7634426951408386, 0.0, 556.3896484375], [0.0, 0.0, 1.0, 0.0], [0.0, 0.0, 0.0, 1.0]], "pose_inverse": [[-0.7634426951408386, 0.6458755731582642, 0.0, 111.6105728149414], [-0.6458755731582642, -0.7634426951408386, 0.0, 823.2133178710938], [0.0, 0.0, 1.0, 0.0], [0.0, 0.0, 0.0, 1.0]], "cam_ids": [0, 1, 2, 3, 4, 5], "cam_channels": ["CAM_FRONT_LEFT", "CAM_FRONT", "CAM_FRONT_RIGHT", "CAM_BACK_LEFT", "CAM_BACK", "CAM_BACK_RIGHT"], "token": "317caecebfef4424aed8a88669da32c4", "scene": "scene-0573"}, {"images": ["samples/CAM_FRONT_LEFT/n008-2018-09-18-13-10-39-0400__CAM_FRONT_LEFT__1537290837754799.jpg", "samples/CAM_FRONT/n008-2018-09-18-13-10-39-0400__CAM_FRONT__1537290837762404.jpg", "samples/CAM_FRONT_RIGHT/n008-2018-09-18-13-10-39-0400__CAM_FRONT_RIGHT__1537290837770482.jpg", "samples/CAM_BACK_LEFT/n008-2018-09-18-13-10-39-0400__CAM_BACK_LEFT__1537290837797405.jpg", "samples/CAM_BACK/n008-2018-09-18-13-10-39-0400__CAM_BACK__1537290837787558.jpg", "samples/CAM_BACK_RIGHT/n008-2018-09-18-13-10-39-0400__CAM_BACK_RIGHT__1537290837778113.jpg"], "intrinsics": [[[1257.8625342125129, 0.0, 827.2410631095686], [0.0, 1257.8625342125129, 450.915498205774], [0.0, 0.0, 1.0]], [[1252.8131021185304, 0.0, 826.588114781398], [0.0, 1252.8131021185304, 469.9846626224581], [0.0, 0.0, 1.0]], [[1256.7485116440405, 0.0, 817.7887570959712], [0.0, 1256.7485116440403, 451.9541780095127], [0.0, 0.0, 1.0]], [[1254.9860565800168, 0.0, 829.5769333630991], [0.0, 1254.9860565800168, 467.1680561863987], [0.0, 0.0, 1.0]], [[796.8910634503094, 0.0, 857.7774326863696], [0.0, 796.8910634503094, 476.8848988407415], [0.0, 0.0, 1.0]], [[1249.9629280788233, 0.0, 825.3768045375984], [0.0, 1249.9629280788233, 462.54816385708756], [0.0, 0.0, 1.0]]], "extrinsics": [[[0.822818398475647, -0.5682851076126099, -0.004678335506469011, -0.764404296875], [0.010351364500820637, 0.023217428475618362, -0.9996768236160278, 1.4912948608398438], [0.5682101249694824, 0.8225041031837463, 0.024986254051327705, -1.16815185546875], [0.0, 0.0, 0.0, 1.0]], [[0.010709438472986221, -0.9997639060020447, -0.01890512928366661, 0.00860595703125], [0.012325920164585114, 0.01903676614165306, -0.9997428059577942, 1.4831485748291016], [0.9998666644096375, 0.010473653674125671, 0.01252688281238079, -1.49169921875], [0.0, 0.0, 0.0, 1.0]], [[-0.8437384366989136, -0.5362741947174072, -0.02270340546965599, 0.9296875], [0.02039186656475067, 0.010241204872727394, -0.9997395873069763, 1.496964454650879], [0.5363671183586121, -0.8439817428588867, 0.0022947320248931646, -1.174560546875], [0.0, 0.0, 0.0, 1.0]], [[0.9478570818901062, 0.3186781108379364, 0.0033669061958789825, -1.128082275390625], [-0.00484833400696516, 0.024982398375868797, -0.9996761679649353, 1.5619621276855469], [-0.3186589479446411, 0.9475336670875549, 0.025224799290299416, -0.16143798828125], [0.0, 0.0, 0.0, 1.0]], [[0.009020822122693062, 0.9998047351837158, 0.017579738050699234, -0.0284423828125], [-0.002765662968158722, 0.017605330795049667, -0.9998411536216736, 1.5678319931030273], [-0.9999554753303528, 0.008970764465630054, 0.002923937514424324, -0.03685760498046875], [0.0, 0.0, 0.0, 1.0]], [[-0.9238129258155823, 0.38283082842826843, -0.0031784006860107183, 1.029205322265625], [0.00138907041400671, -0.0049502733163535595, -0.9999867677688599, 1.548011302947998], [-0.38284146785736084, -0.9238052368164062, 0.004041347187012434, -0.0977783203125], [0.0, 0.0, 0.0, 1.0]]], "view": [[0.0, -2.0, 100.0], [-2.0, 0.0, 100.0], [0.0, 0.0, 1.0]], "bev": "bev_e0d5e3a0e057476daaee06d08f82f240.png", "aux": "aux_e0d5e3a0e057476daaee06d08f82f240.npz", "visibility": "visibility_e0d5e3a0e057476daaee06d08f82f240.png", "pose": [[-0.7595891952514648, -0.6504031419754028, 0.0, 614.4076538085938], [0.6504031419754028, -0.7595891952514648, 0.0, 558.5337524414062], [0.0, 0.0, 1.0, 0.0], [0.0, 0.0, 0.0, 1.0]], "pose_inverse": [[-0.7595891952514648, 0.6504031419754028, 0.0, 103.42532348632812], [-0.6504031419754028, -0.7595891952514648, 0.0, 823.868896484375], [0.0, 0.0, 1.0, 0.0], [0.0, 0.0, 0.0, 1.0]], "cam_ids": [0, 1, 2, 3, 4, 5], "cam_channels": ["CAM_FRONT_LEFT", "CAM_FRONT", "CAM_FRONT_RIGHT", "CAM_BACK_LEFT", "CAM_BACK", "CAM_BACK_RIGHT"], "token": "e0d5e3a0e057476daaee06d08f82f240", "scene": "scene-0573"}, {"images": ["samples/CAM_FRONT_LEFT/n008-2018-09-18-13-10-39-0400__CAM_FRONT_LEFT__1537290838254799.jpg", "samples/CAM_FRONT/n008-2018-09-18-13-10-39-0400__CAM_FRONT__1537290838262404.jpg", "samples/CAM_FRONT_RIGHT/n008-2018-09-18-13-10-39-0400__CAM_FRONT_RIGHT__1537290838270482.jpg", "samples/CAM_BACK_LEFT/n008-2018-09-18-13-10-39-0400__CAM_BACK_LEFT__1537290838297405.jpg", "samples/CAM_BACK/n008-2018-09-18-13-10-39-0400__CAM_BACK__1537290838287558.jpg", "samples/CAM_BACK_RIGHT/n008-2018-09-18-13-10-39-0400__CAM_BACK_RIGHT__1537290838278113.jpg"], "intrinsics": [[[1257.8625342125129, 0.0, 827.2410631095686], [0.0, 1257.8625342125129, 450.915498205774], [0.0, 0.0, 1.0]], [[1252.8131021185304, 0.0, 826.588114781398], [0.0, 1252.8131021185304, 469.9846626224581], [0.0, 0.0, 1.0]], [[1256.7485116440405, 0.0, 817.7887570959712], [0.0, 1256.7485116440403, 451.9541780095127], [0.0, 0.0, 1.0]], [[1254.9860565800168, 0.0, 829.5769333630991], [0.0, 1254.9860565800168, 467.1680561863987], [0.0, 0.0, 1.0]], [[796.8910634503094, 0.0, 857.7774326863696], [0.0, 796.8910634503094, 476.8848988407415], [0.0, 0.0, 1.0]], [[1249.9629280788233, 0.0, 825.3768045375984], [0.0, 1249.9629280788233, 462.54816385708756], [0.0, 0.0, 1.0]]], "extrinsics": [[[0.8228324055671692, -0.5682721734046936, -0.0036642206832766533, -0.752044677734375], [0.010502043180167675, 0.021652620285749435, -0.9997103810310364, 1.4915084838867188], [0.5681869387626648, 0.8225557208061218, 0.023784497752785683, -1.1591796875], [0.0, 0.0, 0.0, 1.0]], [[0.01073535531759262, -0.9997909665107727, -0.01739703305065632, 0.0084228515625], [0.012414122931659222, 0.01752995327115059, -0.9997692704200745, 1.4833269119262695], [0.9998652935028076, 0.010516876354813576, 0.012599719688296318, -1.4795761108398438], [0.0, 0.0, 0.0, 1.0]], [[-0.8437261581420898, -0.5363246202468872, -0.021954398602247238, 0.9217529296875], [0.020400045439600945, 0.00883218552917242, -0.9997528791427612, 1.497157096862793], [0.5363860130310059, -0.8439655303955078, 0.0034891022369265556, -1.169921875], [0.0, 0.0, 0.0, 1.0]], [[0.9478664994239807, 0.31865447759628296, 0.0028939673211425543, -1.12646484375], [-0.005011390894651413, 0.023985939100384712, -0.9996997117996216, 1.5619487762451172], [-0.3186282515525818, 0.947567343711853, 0.02433237060904503, -0.16204833984375], [0.0, 0.0, 0.0, 1.0]], [[0.009020167402923107, 0.9998241662979126, 0.016440078616142273, -0.02825927734375], [-0.002873767400160432, 0.016466598957777023, -0.9998602271080017, 1.567814826965332], [-0.9999552369117737, 0.008971677161753178, 0.003021793207153678, -0.040618896484375], [0.0, 0.0, 0.0, 1.0]], [[-0.9238196015357971, 0.3828110098838806, -0.0036042111460119486, 1.0232086181640625], [0.0013157647335901856, -0.006239655427634716, -0.9999796748161316, 1.5480093955993652], [-0.38282567262649536, -0.9238055944442749, 0.005260626785457134, -0.1004638671875], [0.0, 0.0, 0.0, 1.0]]], "view": [[0.0, -2.0, 100.0], [-2.0, 0.0, 100.0], [0.0, 0.0, 1.0]], "bev": "bev_b1f1893dc74d468b82b3734eed871975.png", "aux": "aux_b1f1893dc74d468b82b3734eed871975.npz", "visibility": "visibility_b1f1893dc74d468b82b3734eed871975.png", "pose": [[-0.7545033693313599, -0.6562961339950562, 0.0, 611.8948974609375], [0.6562961339950562, -0.7545033693313599, 0.0, 560.733642578125], [0.0, 0.0, 1.0, 0.0], [0.0, 0.0, 0.0, 1.0]], "pose_inverse": [[-0.7545033693313599, 0.6562961339950562, 0.0, 93.66944122314453], [-0.6562961339950562, -0.7545033693313599, 0.0, 824.6597290039062], [0.0, 0.0, 1.0, 0.0], [0.0, 0.0, 0.0, 1.0]], "cam_ids": [0, 1, 2, 3, 4, 5], "cam_channels": ["CAM_FRONT_LEFT", "CAM_FRONT", "CAM_FRONT_RIGHT", "CAM_BACK_LEFT", "CAM_BACK", "CAM_BACK_RIGHT"], "token": "b1f1893dc74d468b82b3734eed871975", "scene": "scene-0573"}, {"images": ["samples/CAM_FRONT_LEFT/n008-2018-09-18-13-10-39-0400__CAM_FRONT_LEFT__1537290838754799.jpg", "samples/CAM_FRONT/n008-2018-09-18-13-10-39-0400__CAM_FRONT__1537290838762404.jpg", "samples/CAM_FRONT_RIGHT/n008-2018-09-18-13-10-39-0400__CAM_FRONT_RIGHT__1537290838770482.jpg", "samples/CAM_BACK_LEFT/n008-2018-09-18-13-10-39-0400__CAM_BACK_LEFT__1537290838797405.jpg", "samples/CAM_BACK/n008-2018-09-18-13-10-39-0400__CAM_BACK__1537290838787558.jpg", "samples/CAM_BACK_RIGHT/n008-2018-09-18-13-10-39-0400__CAM_BACK_RIGHT__1537290838778113.jpg"], "intrinsics": [[[1257.8625342125129, 0.0, 827.2410631095686], [0.0, 1257.8625342125129, 450.915498205774], [0.0, 0.0, 1.0]], [[1252.8131021185304, 0.0, 826.588114781398], [0.0, 1252.8131021185304, 469.9846626224581], [0.0, 0.0, 1.0]], [[1256.7485116440405, 0.0, 817.7887570959712], [0.0, 1256.7485116440403, 451.9541780095127], [0.0, 0.0, 1.0]], [[1254.9860565800168, 0.0, 829.5769333630991], [0.0, 1254.9860565800168, 467.1680561863987], [0.0, 0.0, 1.0]], [[796.8910634503094, 0.0, 857.7774326863696], [0.0, 796.8910634503094, 476.8848988407415], [0.0, 0.0, 1.0]], [[1249.9629280788233, 0.0, 825.3768045375984], [0.0, 1249.9629280788233, 462.54816385708756], [0.0, 0.0, 1.0]]], "extrinsics": [[[0.8224978446960449, -0.568763017654419, -0.0024247081018984318, -0.74658203125], [0.01436385978013277, 0.025033170357346535, -0.9995834231376648, 1.4926834106445312], [0.5685868263244629, 0.8221203684806824, 0.028759362176060677, -1.158935546875], [0.0, 0.0, 0.0, 1.0]], [[0.010192292742431164, -0.9997315406799316, -0.020805593580007553, 0.0108642578125], [0.016359614208340645, 0.020970601588487625, -0.9996462464332581, 1.4843406677246094], [0.9998141527175903, 0.009848283603787422, 0.01656896062195301, -1.4757843017578125], [0.0, 0.0, 0.0, 1.0]], [[-0.8439111113548279, -0.535790205001831, -0.027255341410636902, 0.92034912109375], [0.024453919380903244, 0.012333518825471401, -0.9996248483657837, 1.4980144500732422], [0.5359253883361816, -0.8442610502243042, 0.002693777671083808, -1.16680908203125], [0.0, 0.0, 0.0, 1.0]], [[0.9478560090065002, 0.31859290599823, 0.008215597830712795, -1.1270751953125], [-0.000644163868855685, 0.02769371122121811, -0.9996162056922913, 1.5620231628417969], [-0.3186981678009033, 0.947486937046051, 0.026454878970980644, -0.16204833984375], [0.0, 0.0, 0.0, 1.0]], [[0.009172776713967323, 0.9997552037239075, 0.02013293281197548, -0.029052734375], [0.0013622442493215203, 0.020121265202760696, -0.9997965693473816, 1.5681591033935547], [-0.9999569654464722, 0.00919836200773716, -0.0011773419100791216, -0.04119873046875], [0.0, 0.0, 0.0, 1.0]], [[-0.9236465692520142, 0.38319677114486694, -0.006083163898438215, 1.02093505859375], [0.005479254759848118, -0.0026674424298107624, -0.9999814033508301, 1.5486420392990112], [-0.3832058310508728, -0.9236628413200378, 0.00036414165515452623, -0.09991455078125], [0.0, 0.0, 0.0, 1.0]]], "view": [[0.0, -2.0, 100.0], [-2.0, 0.0, 100.0], [0.0, 0.0, 1.0]], "bev": "bev_8580221da7ba40719ac37fc8e8cb8a52.png", "aux": "aux_8580221da7ba40719ac37fc8e8cb8a52.npz", "visibility": "visibility_8580221da7ba40719ac37fc8e8cb8a52.png", "pose": [[-0.7522419095039368, -0.6588869690895081, 0.0, 609.3465576171875], [0.6588869690895081, -0.7522419095039368, 0.0, 563.0046997070312], [0.0, 0.0, 1.0, 0.0], [0.0, 0.0, 0.0, 1.0]], "pose_inverse": [[-0.7522419095039368, 0.6588869690895081, 0.0, 87.41956329345703], [-0.6588869690895081, -0.7522419095039368, 0.0, 825.0062866210938], [0.0, 0.0, 1.0, 0.0], [0.0, 0.0, 0.0, 1.0]], "cam_ids": [0, 1, 2, 3, 4, 5], "cam_channels": ["CAM_FRONT_LEFT", "CAM_FRONT", "CAM_FRONT_RIGHT", "CAM_BACK_LEFT", "CAM_BACK", "CAM_BACK_RIGHT"], "token": "8580221da7ba40719ac37fc8e8cb8a52", "scene": "scene-0573"}, {"images": ["samples/CAM_FRONT_LEFT/n008-2018-09-18-13-10-39-0400__CAM_FRONT_LEFT__1537290839154799.jpg", "samples/CAM_FRONT/n008-2018-09-18-13-10-39-0400__CAM_FRONT__1537290839162404.jpg", "samples/CAM_FRONT_RIGHT/n008-2018-09-18-13-10-39-0400__CAM_FRONT_RIGHT__1537290839170482.jpg", "samples/CAM_BACK_LEFT/n008-2018-09-18-13-10-39-0400__CAM_BACK_LEFT__1537290839197405.jpg", "samples/CAM_BACK/n008-2018-09-18-13-10-39-0400__CAM_BACK__1537290839187558.jpg", "samples/CAM_BACK_RIGHT/n008-2018-09-18-13-10-39-0400__CAM_BACK_RIGHT__1537290839178113.jpg"], "intrinsics": [[[1257.8625342125129, 0.0, 827.2410631095686], [0.0, 1257.8625342125129, 450.915498205774], [0.0, 0.0, 1.0]], [[1252.8131021185304, 0.0, 826.588114781398], [0.0, 1252.8131021185304, 469.9846626224581], [0.0, 0.0, 1.0]], [[1256.7485116440405, 0.0, 817.7887570959712], [0.0, 1256.7485116440403, 451.9541780095127], [0.0, 0.0, 1.0]], [[1254.9860565800168, 0.0, 829.5769333630991], [0.0, 1254.9860565800168, 467.1680561863987], [0.0, 0.0, 1.0]], [[796.8910634503094, 0.0, 857.7774326863696], [0.0, 796.8910634503094, 476.8848988407415], [0.0, 0.0, 1.0]], [[1249.9629280788233, 0.0, 825.3768045375984], [0.0, 1249.9629280788233, 462.54816385708756], [0.0, 0.0, 1.0]]], "extrinsics": [[[0.8226040601730347, -0.5686127543449402, 0.0015051935333758593, -0.744537353515625], [0.01574949361383915, 0.02013830468058586, -0.9996731281280518, 1.4931812286376953], [0.5683965086936951, 0.8223587870597839, 0.025521213188767433, -1.1572265625], [0.0, 0.0, 0.0, 1.0]], [[0.010438558645546436, -0.9998221397399902, -0.015703339129686356, 0.0107421875], [0.017620740458369255, 0.01588567905128002, -0.9997185468673706, 1.484724998474121], [0.9997901916503906, 0.010158912278711796, 0.017783431336283684, -1.4735794067382812], [0.0, 0.0, 0.0, 1.0]], [[-0.8437838554382324, -0.5360862016677856, -0.025304049253463745, 0.9189453125], [0.025496788322925568, 0.0070537482388317585, -0.9996500015258789, 1.4982762336730957], [0.5360771417617798, -0.8441337943077087, 0.007716637570410967, -1.16595458984375], [0.0, 0.0, 0.0, 1.0]], [[0.9478887915611267, 0.3185335397720337, 0.006578500848263502, -1.129150390625], [-0.00034071088884957135, 0.021661492064595222, -0.9997653365135193, 1.5620384216308594], [-0.3186012804508209, 0.9476640224456787, 0.020641213282942772, -0.16107177734375], [0.0, 0.0, 0.0, 1.0]], [[0.009151114150881767, 0.999854564666748, 0.014392542652785778, -0.02899169921875], [0.0019249663455411792, 0.014375504106283188, -0.9998947978019714, 1.568211555480957], [-0.9999563097953796, 0.009177920408546925, -0.001793133676983416, -0.0408477783203125], [0.0, 0.0, 0.0, 1.0]], [[-0.9236835837364197, 0.38305234909057617, -0.008907490409910679, 1.020263671875], [0.006265126634389162, -0.008145167492330074, -0.999947190284729, 1.5487728118896484], [-0.38310468196868896, -0.923690676689148, 0.005123686511069536, -0.10028076171875], [0.0, 0.0, 0.0, 1.0]]], "view": [[0.0, -2.0, 100.0], [-2.0, 0.0, 100.0], [0.0, 0.0, 1.0]], "bev": "bev_9e9f6a2147564fd5b1c4f21a639710d8.png", "aux": "aux_9e9f6a2147564fd5b1c4f21a639710d8.npz", "visibility": "visibility_9e9f6a2147564fd5b1c4f21a639710d8.png", "pose": [[-0.7523868083953857, -0.6587215662002563, 0.0, 607.2581176757812], [0.6587215662002563, -0.7523868083953857, 0.0, 564.8653564453125], [0.0, 0.0, 1.0, 0.0], [0.0, 0.0, 0.0, 1.0]], "pose_inverse": [[-0.7523868083953857, 0.6587215662002563, 0.0, 84.80397033691406], [-0.6587215662002563, -0.7523868083953857, 0.0, 825.01123046875], [0.0, 0.0, 1.0, 0.0], [0.0, 0.0, 0.0, 1.0]], "cam_ids": [0, 1, 2, 3, 4, 5], "cam_channels": ["CAM_FRONT_LEFT", "CAM_FRONT", "CAM_FRONT_RIGHT", "CAM_BACK_LEFT", "CAM_BACK", "CAM_BACK_RIGHT"], "token": "9e9f6a2147564fd5b1c4f21a639710d8", "scene": "scene-0573"}, {"images": ["samples/CAM_FRONT_LEFT/n008-2018-09-18-13-10-39-0400__CAM_FRONT_LEFT__1537290839654799.jpg", "samples/CAM_FRONT/n008-2018-09-18-13-10-39-0400__CAM_FRONT__1537290839662404.jpg", "samples/CAM_FRONT_RIGHT/n008-2018-09-18-13-10-39-0400__CAM_FRONT_RIGHT__1537290839670482.jpg", "samples/CAM_BACK_LEFT/n008-2018-09-18-13-10-39-0400__CAM_BACK_LEFT__1537290839697405.jpg", "samples/CAM_BACK/n008-2018-09-18-13-10-39-0400__CAM_BACK__1537290839687558.jpg", "samples/CAM_BACK_RIGHT/n008-2018-09-18-13-10-39-0400__CAM_BACK_RIGHT__1537290839678113.jpg"], "intrinsics": [[[1257.8625342125129, 0.0, 827.2410631095686], [0.0, 1257.8625342125129, 450.915498205774], [0.0, 0.0, 1.0]], [[1252.8131021185304, 0.0, 826.588114781398], [0.0, 1252.8131021185304, 469.9846626224581], [0.0, 0.0, 1.0]], [[1256.7485116440405, 0.0, 817.7887570959712], [0.0, 1256.7485116440403, 451.9541780095127], [0.0, 0.0, 1.0]], [[1254.9860565800168, 0.0, 829.5769333630991], [0.0, 1254.9860565800168, 467.1680561863987], [0.0, 0.0, 1.0]], [[796.8910634503094, 0.0, 857.7774326863696], [0.0, 796.8910634503094, 476.8848988407415], [0.0, 0.0, 1.0]], [[1249.9629280788233, 0.0, 825.3768045375984], [0.0, 1249.9629280788233, 462.54816385708756], [0.0, 0.0, 1.0]]], "extrinsics": [[[0.8227360844612122, -0.5684196949005127, 0.002115983748808503, -0.7430419921875], [0.012166283093392849, 0.013887657783925533, -0.9998295903205872, 1.4920530319213867], [0.5682934522628784, 0.8226215243339539, 0.01834142953157425, -1.15869140625], [0.0, 0.0, 0.0, 1.0]], [[0.010519036091864109, -0.9998980164527893, -0.009658555500209332, 0.012451171875], [0.01392543874680996, 0.009804636240005493, -0.9998549818992615, 1.4837455749511719], [0.9998477101325989, 0.010382983833551407, 0.014027153141796589, -1.4746246337890625], [0.0, 0.0, 0.0, 1.0]], [[-0.8438197374343872, -0.536291241645813, -0.0189733374863863, 0.9215087890625], [0.02172568254172802, 0.0011864558327943087, -0.9997632503509521, 1.4974701404571533], [0.5361867547035217, -0.8440322279930115, 0.010650137439370155, -1.166015625], [0.0, 0.0, 0.0, 1.0]], [[0.9478764533996582, 0.31863680481910706, 0.0010371997486799955, -1.13226318359375], [-0.004565992392599583, 0.0168374702334404, -0.9998478293418884, 1.5619821548461914], [-0.31860578060150146, 0.9477273225784302, 0.01741473190486431, -0.16021728515625], [0.0, 0.0, 0.0, 1.0]], [[0.009112001396715641, 0.9999172687530518, 0.009080865420401096, -0.0294189453125], [-0.00201359111815691, 0.009099572896957397, -0.999956488609314, 1.5678839683532715], [-0.9999565482139587, 0.009093338623642921, 0.0020963395945727825, -0.0375518798828125], [0.0, 0.0, 0.0, 1.0]], [[-0.9237481355667114, 0.38292616605758667, -0.007552714087069035, 1.0223846435546875], [0.002465395489707589, -0.013774383813142776, -0.999902069568634, 1.5482120513916016], [-0.38299259543418884, -0.9236763119697571, 0.011779997497797012, -0.09832763671875], [0.0, 0.0, 0.0, 1.0]]], "view": [[0.0, -2.0, 100.0], [-2.0, 0.0, 100.0], [0.0, 0.0, 1.0]], "bev": "bev_8bd50b95f3fc422a80d33622dd948725.png", "aux": "aux_8bd50b95f3fc422a80d33622dd948725.npz", "visibility": "visibility_8bd50b95f3fc422a80d33622dd948725.png", "pose": [[-0.7520933747291565, -0.6590566039085388, 0.0, 604.6185913085938], [0.6590566039085388, -0.7520933747291565, 0.0, 567.2240600585938], [0.0, 0.0, 1.0, 0.0], [0.0, 0.0, 0.0, 1.0]], "pose_inverse": [[-0.7520933747291565, 0.6590566039085388, 0.0, 80.8968734741211], [-0.6590566039085388, -0.7520933747291565, 0.0, 825.0833129882812], [0.0, 0.0, 1.0, 0.0], [0.0, 0.0, 0.0, 1.0]], "cam_ids": [0, 1, 2, 3, 4, 5], "cam_channels": ["CAM_FRONT_LEFT", "CAM_FRONT", "CAM_FRONT_RIGHT", "CAM_BACK_LEFT", "CAM_BACK", "CAM_BACK_RIGHT"], "token": "8bd50b95f3fc422a80d33622dd948725", "scene": "scene-0573"}, {"images": ["samples/CAM_FRONT_LEFT/n008-2018-09-18-13-10-39-0400__CAM_FRONT_LEFT__1537290840154799.jpg", "samples/CAM_FRONT/n008-2018-09-18-13-10-39-0400__CAM_FRONT__1537290840162404.jpg", "samples/CAM_FRONT_RIGHT/n008-2018-09-18-13-10-39-0400__CAM_FRONT_RIGHT__1537290840170482.jpg", "samples/CAM_BACK_LEFT/n008-2018-09-18-13-10-39-0400__CAM_BACK_LEFT__1537290840197405.jpg", "samples/CAM_BACK/n008-2018-09-18-13-10-39-0400__CAM_BACK__1537290840187567.jpg", "samples/CAM_BACK_RIGHT/n008-2018-09-18-13-10-39-0400__CAM_BACK_RIGHT__1537290840178113.jpg"], "intrinsics": [[[1257.8625342125129, 0.0, 827.2410631095686], [0.0, 1257.8625342125129, 450.915498205774], [0.0, 0.0, 1.0]], [[1252.8131021185304, 0.0, 826.588114781398], [0.0, 1252.8131021185304, 469.9846626224581], [0.0, 0.0, 1.0]], [[1256.7485116440405, 0.0, 817.7887570959712], [0.0, 1256.7485116440403, 451.9541780095127], [0.0, 0.0, 1.0]], [[1254.9860565800168, 0.0, 829.5769333630991], [0.0, 1254.9860565800168, 467.1680561863987], [0.0, 0.0, 1.0]], [[796.8910634503094, 0.0, 857.7774326863696], [0.0, 796.8910634503094, 476.8848988407415], [0.0, 0.0, 1.0]], [[1249.9629280788233, 0.0, 825.3768045375984], [0.0, 1249.9629280788233, 462.54816385708756], [0.0, 0.0, 1.0]]], "extrinsics": [[[0.8226795196533203, -0.568424642086029, -0.009583992883563042, -0.740936279296875], [0.0035679591819643974, 0.022020328789949417, -0.9997511506080627, 1.4893512725830078], [0.5684942007064819, 0.8224406242370605, 0.020143790170550346, -1.15533447265625], [0.0, 0.0, 0.0, 1.0]], [[0.010432367213070393, -0.9997845888137817, -0.017945317551493645, 0.01116943359375], [0.005718709900975227, 0.018005654215812683, -0.9998215436935425, 1.481614112854004], [0.9999292492866516, 0.010327880270779133, 0.005905319005250931, -1.4718780517578125], [0.0, 0.0, 0.0, 1.0]], [[-0.8439342975616455, -0.5361825823783875, -0.016830850392580032, 0.91986083984375], [0.013961355201900005, 0.009410974569618702, -0.9998582601547241, 1.495896339416504], [0.5362648963928223, -0.8440496921539307, -0.0004564089758787304, -1.1661376953125], [0.0, 0.0, 0.0, 1.0]], [[0.9477880001068115, 0.3188914954662323, -0.0024956720881164074, -1.136383056640625], [-0.011006169021129608, 0.024888616055250168, -0.9996296167373657, 1.561941146850586], [-0.3187112808227539, 0.9474644064903259, 0.02709890343248844, -0.15924072265625], [0.0, 0.0, 0.0, 1.0]], [[0.009124917909502983, 0.9998108148574829, 0.017176823690533638, -0.02923583984375], [-0.009022131562232971, 0.017259156331419945, -0.9998103380203247, 1.5673255920410156], [-0.99991774559021, 0.008968221955001354, 0.009177913889288902, -0.03515625], [0.0, 0.0, 0.0, 1.0]], [[-0.9237796664237976, 0.3829168975353241, 0.002395851071923971, 1.0230255126953125], [-0.004902019165456295, -0.005569354631006718, -0.9999724626541138, 1.5470948219299316], [-0.38289299607276917, -0.923766016960144, 0.007021922152489424, -0.098876953125], [0.0, 0.0, 0.0, 1.0]]], "view": [[0.0, -2.0, 100.0], [-2.0, 0.0, 100.0], [0.0, 0.0, 1.0]], "bev": "bev_79394bc70b084d3798e179412e57b661.png", "aux": "aux_79394bc70b084d3798e179412e57b661.npz", "visibility": "visibility_79394bc70b084d3798e179412e57b661.png", "pose": [[-0.7498562932014465, -0.6616007685661316, 0.0, 601.9119873046875], [0.6616007685661316, -0.7498562932014465, 0.0, 569.6624755859375], [0.0, 0.0, 1.0, 0.0], [0.0, 0.0, 0.0, 1.0]], "pose_inverse": [[-0.7498562932014465, 0.6616007685661316, 0.0, 74.45834350585938], [-0.6616007685661316, -0.7498562932014465, 0.0, 825.3904418945312], [0.0, 0.0, 1.0, 0.0], [0.0, 0.0, 0.0, 1.0]], "cam_ids": [0, 1, 2, 3, 4, 5], "cam_channels": ["CAM_FRONT_LEFT", "CAM_FRONT", "CAM_FRONT_RIGHT", "CAM_BACK_LEFT", "CAM_BACK", "CAM_BACK_RIGHT"], "token": "79394bc70b084d3798e179412e57b661", "scene": "scene-0573"}, {"images": ["samples/CAM_FRONT_LEFT/n008-2018-09-18-13-10-39-0400__CAM_FRONT_LEFT__1537290840654799.jpg", "samples/CAM_FRONT/n008-2018-09-18-13-10-39-0400__CAM_FRONT__1537290840662404.jpg", "samples/CAM_FRONT_RIGHT/n008-2018-09-18-13-10-39-0400__CAM_FRONT_RIGHT__1537290840670482.jpg", "samples/CAM_BACK_LEFT/n008-2018-09-18-13-10-39-0400__CAM_BACK_LEFT__1537290840697405.jpg", "samples/CAM_BACK/n008-2018-09-18-13-10-39-0400__CAM_BACK__1537290840687558.jpg", "samples/CAM_BACK_RIGHT/n008-2018-09-18-13-10-39-0400__CAM_BACK_RIGHT__1537290840678113.jpg"], "intrinsics": [[[1257.8625342125129, 0.0, 827.2410631095686], [0.0, 1257.8625342125129, 450.915498205774], [0.0, 0.0, 1.0]], [[1252.8131021185304, 0.0, 826.588114781398], [0.0, 1252.8131021185304, 469.9846626224581], [0.0, 0.0, 1.0]], [[1256.7485116440405, 0.0, 817.7887570959712], [0.0, 1256.7485116440403, 451.9541780095127], [0.0, 0.0, 1.0]], [[1254.9860565800168, 0.0, 829.5769333630991], [0.0, 1254.9860565800168, 467.1680561863987], [0.0, 0.0, 1.0]], [[796.8910634503094, 0.0, 857.7774326863696], [0.0, 796.8910634503094, 476.8848988407415], [0.0, 0.0, 1.0]], [[1249.9629280788233, 0.0, 825.3768045375984], [0.0, 1249.9629280788233, 462.54816385708756], [0.0, 0.0, 1.0]]], "extrinsics": [[[0.8222481608390808, -0.5691221356391907, -0.0028245009016245604, -0.744293212890625], [0.012795261107385159, 0.023447291925549507, -0.9996432065963745, 1.4923019409179688], [0.5689852833747864, 0.8219186663627625, 0.026561560109257698, -1.15472412109375], [0.0, 0.0, 0.0, 1.0]], [[0.009878000244498253, -0.9997677206993103, -0.019154677167534828, 0.00921630859375], [0.014859775081276894, 0.01930026151239872, -0.9997032880783081, 1.4840316772460938], [0.9998407959938049, 0.009590431116521358, 0.01504697185009718, -1.4728775024414062], [0.0, 0.0, 0.0, 1.0]], [[-0.8440505862236023, -0.5356783866882324, -0.02504449523985386, 0.91961669921875], [0.022957565262913704, 0.010564454831182957, -0.9996805787086487, 1.4977283477783203], [0.535771906375885, -0.8443560004234314, 0.0033809361048042774, -1.1678466796875], [0.0, 0.0, 0.0, 1.0]], [[0.94786536693573, 0.31861555576324463, 0.005945990327745676, -1.137786865234375], [-0.002338662976399064, 0.025613190606236458, -0.9996691942214966, 1.5620288848876953], [-0.31866246461868286, 0.9475378394126892, 0.025022992864251137, -0.15814208984375], [0.0, 0.0, 0.0, 1.0]], [[0.009263940155506134, 0.9997926950454712, 0.018127791583538055, -0.02850341796875], [-0.00022584357066079974, 0.01813066005706787, -0.9998355507850647, 1.5680370330810547], [-0.9999570250511169, 0.00925843883305788, 0.0003937586152460426, -0.03424072265625], [0.0, 0.0, 0.0, 1.0]], [[-0.9236059784889221, 0.3833055794239044, -0.005366948898881674, 1.0241851806640625], [0.003929469268769026, -0.004533122759312391, -0.9999819993972778, 1.5483942031860352], [-0.38332298398017883, -0.9236104488372803, 0.002680632285773754, -0.09954833984375], [0.0, 0.0, 0.0, 1.0]]], "view": [[0.0, -2.0, 100.0], [-2.0, 0.0, 100.0], [0.0, 0.0, 1.0]], "bev": "bev_417f71c9fc01405a9d485f3dc67b698e.png", "aux": "aux_417f71c9fc01405a9d485f3dc67b698e.npz", "visibility": "visibility_417f71c9fc01405a9d485f3dc67b698e.png", "pose": [[-0.7515559792518616, -0.6596692800521851, 0.0, 599.2305908203125], [0.6596692800521851, -0.7515559792518616, 0.0, 572.0521850585938], [0.0, 0.0, 1.0, 0.0], [0.0, 0.0, 0.0, 1.0]], "pose_inverse": [[-0.7515559792518616, 0.6596692800521851, 0.0, 72.99007415771484], [-0.6596692800521851, -0.7515559792518616, 0.0, 825.2232666015625], [0.0, 0.0, 1.0, 0.0], [0.0, 0.0, 0.0, 1.0]], "cam_ids": [0, 1, 2, 3, 4, 5], "cam_channels": ["CAM_FRONT_LEFT", "CAM_FRONT", "CAM_FRONT_RIGHT", "CAM_BACK_LEFT", "CAM_BACK", "CAM_BACK_RIGHT"], "token": "417f71c9fc01405a9d485f3dc67b698e", "scene": "scene-0573"}, {"images": ["samples/CAM_FRONT_LEFT/n008-2018-09-18-13-10-39-0400__CAM_FRONT_LEFT__1537290841154799.jpg", "samples/CAM_FRONT/n008-2018-09-18-13-10-39-0400__CAM_FRONT__1537290841162404.jpg", "samples/CAM_FRONT_RIGHT/n008-2018-09-18-13-10-39-0400__CAM_FRONT_RIGHT__1537290841170482.jpg", "samples/CAM_BACK_LEFT/n008-2018-09-18-13-10-39-0400__CAM_BACK_LEFT__1537290841197405.jpg", "samples/CAM_BACK/n008-2018-09-18-13-10-39-0400__CAM_BACK__1537290841187558.jpg", "samples/CAM_BACK_RIGHT/n008-2018-09-18-13-10-39-0400__CAM_BACK_RIGHT__1537290841178113.jpg"], "intrinsics": [[[1257.8625342125129, 0.0, 827.2410631095686], [0.0, 1257.8625342125129, 450.915498205774], [0.0, 0.0, 1.0]], [[1252.8131021185304, 0.0, 826.588114781398], [0.0, 1252.8131021185304, 469.9846626224581], [0.0, 0.0, 1.0]], [[1256.7485116440405, 0.0, 817.7887570959712], [0.0, 1256.7485116440403, 451.9541780095127], [0.0, 0.0, 1.0]], [[1254.9860565800168, 0.0, 829.5769333630991], [0.0, 1254.9860565800168, 467.1680561863987], [0.0, 0.0, 1.0]], [[796.8910634503094, 0.0, 857.7774326863696], [0.0, 796.8910634503094, 476.8848988407415], [0.0, 0.0, 1.0]], [[1249.9629280788233, 0.0, 825.3768045375984], [0.0, 1249.9629280788233, 462.54816385708756], [0.0, 0.0, 1.0]]], "extrinsics": [[[0.8224725723266602, -0.5687704086303711, -0.006259584799408913, -0.7490234375], [0.012268217280507088, 0.028740597888827324, -0.9995115995407104, 1.4919853210449219], [0.5686724781990051, 0.8219941258430481, 0.030616149306297302, -1.1605224609375], [0.0, 0.0, 0.0, 1.0]], [[0.010216173715889454, -0.9996438026428223, -0.024656355381011963, 0.0107421875], [0.014353188686072826, 0.024801699444651604, -0.9995893836021423, 1.4837398529052734], [0.9998447895050049, 0.009858021512627602, 0.014601454138755798, -1.480712890625], [0.0, 0.0, 0.0, 1.0]], [[-0.8439165949821472, -0.5357582569122314, -0.027708811685442924, 0.92657470703125], [0.02246696688234806, 0.016309376806020737, -0.9996145367622375, 1.4974355697631836], [0.5360037088394165, -0.8442139029502869, -0.0017268925439566374, -1.1707763671875], [0.0, 0.0, 0.0, 1.0]], [[0.9478875994682312, 0.31850796937942505, 0.007859818637371063, -1.14263916015625], [-0.0025012772530317307, 0.03210805356502533, -0.9994812607765198, 1.5620307922363281], [-0.31859511137008667, 0.9473761916160583, 0.031231503933668137, -0.15673828125], [0.0, 0.0, 0.0, 1.0]], [[0.009184532798826694, 0.9996605515480042, 0.02438124