[{"images": ["samples/CAM_FRONT_LEFT/n008-2018-09-18-14-35-12-0400__CAM_FRONT_LEFT__1537296035854799.jpg", "samples/CAM_FRONT/n008-2018-09-18-14-35-12-0400__CAM_FRONT__1537296035862404.jpg", "samples/CAM_FRONT_RIGHT/n008-2018-09-18-14-35-12-0400__CAM_FRONT_RIGHT__1537296035870482.jpg", "samples/CAM_BACK_LEFT/n008-2018-09-18-14-35-12-0400__CAM_BACK_LEFT__1537296035897405.jpg", "samples/CAM_BACK/n008-2018-09-18-14-35-12-0400__CAM_BACK__1537296035887558.jpg", "samples/CAM_BACK_RIGHT/n008-2018-09-18-14-35-12-0400__CAM_BACK_RIGHT__1537296035878113.jpg"], "intrinsics": [[[1257.8625342125129, 0.0, 827.2410631095686], [0.0, 1257.8625342125129, 450.915498205774], [0.0, 0.0, 1.0]], [[1252.8131021185304, 0.0, 826.588114781398], [0.0, 1252.8131021185304, 469.9846626224581], [0.0, 0.0, 1.0]], [[1256.7485116440405, 0.0, 817.7887570959712], [0.0, 1256.7485116440403, 451.9541780095127], [0.0, 0.0, 1.0]], [[1254.9860565800168, 0.0, 829.5769333630991], [0.0, 1254.9860565800168, 467.1680561863987], [0.0, 0.0, 1.0]], [[796.8910634503094, 0.0, 857.7774326863696], [0.0, 796.8910634503094, 476.8848988407415], [0.0, 0.0, 1.0]], [[1249.9629280788233, 0.0, 825.3768045375984], [0.0, 1249.9629280788233, 462.54816385708756], [0.0, 0.0, 1.0]]], "extrinsics": [[[0.8223674297332764, -0.5689551830291748, 0.0013510212302207947, -0.6927909851074219], [0.015560070984065533, 0.020116718485951424, -0.9996765851974487, 1.4941215515136719], [0.5687440037727356, 0.8221225142478943, 0.0253963153809309, -1.12060546875], [0.0, 0.0, 0.0, 1.0]], [[0.010151111520826817, -0.999823808670044, -0.015788091346621513, 0.0111083984375], [0.01748884655535221, 0.015964007005095482, -0.9997196197509766, 1.4855995178222656], [0.9997954964637756, 0.009872089140117168, 0.017647815868258476, -1.4217529296875], [0.0, 0.0, 0.0, 1.0]], [[-0.8438625335693359, -0.5359557867050171, -0.02544456534087658, 0.885986328125], [0.025548694655299187, 0.007231949828565121, -0.9996474385261536, 1.4992904663085938], [0.5359508395195007, -0.8442150950431824, 0.007590200286358595, -1.14434814453125], [0.0, 0.0, 0.0, 1.0]], [[0.9478553533554077, 0.3186115324497223, 0.0075469049625098705, -1.13037109375], [0.0004413872957229614, 0.022367816418409348, -0.9997497200965881, 1.5620460510253906], [-0.3187005817890167, 0.9476214647293091, 0.021060824394226074, -0.160888671875], [0.0, 0.0, 0.0, 1.0]], [[0.00912395492196083, 0.9998481869697571, 0.014842327684164047, -0.0291748046875], [0.002579014515504241, 0.014819365926086903, -0.9998868107795715, 1.56829833984375], [-0.9999550580978394, 0.009161162190139294, -0.0024434137158095837, -0.0540771484375], [0.0, 0.0, 0.0, 1.0]], [[-0.9236615896224976, 0.38310039043426514, -0.009120154194533825, 0.9945068359375], [0.006611020769923925, -0.007865631021559238, -0.999947190284729, 1.549013614654541], [-0.3831518590450287, -0.9236732125282288, 0.004732498433440924, -0.110107421875], [0.0, 0.0, 0.0, 1.0]]], "view": [[0.0, -2.0, 100.0], [-2.0, 0.0, 100.0], [0.0, 0.0, 1.0]], "bev": "bev_fe5b1b2e8aa2430e90c5c90825f9f1f2.png", "aux": "aux_fe5b1b2e8aa2430e90c5c90825f9f1f2.npz", "visibility": "visibility_fe5b1b2e8aa2430e90c5c90825f9f1f2.png", "pose": [[-0.8838645815849304, -0.4677428603172302, 0.0, 2194.39404296875], [0.4677428603172302, -0.8838645815849304, 0.0, 1118.6817626953125], [0.0, 0.0, 1.0, 0.0], [0.0, 0.0, 0.0, 1.0]], "pose_inverse": [[-0.8838645815849304, 0.4677428603172302, 0.0, 1416.291748046875], [-0.4677428603172302, -0.8838645815849304, 0.0, 2015.1754150390625], [0.0, 0.0, 1.0, 0.0], [0.0, 0.0, 0.0, 1.0]], "cam_ids": [0, 1, 2, 3, 4, 5], "cam_channels": ["CAM_FRONT_LEFT", "CAM_FRONT", "CAM_FRONT_RIGHT", "CAM_BACK_LEFT", "CAM_BACK", "CAM_BACK_RIGHT"], "token": "fe5b1b2e8aa2430e90c5c90825f9f1f2", "scene": "scene-0633"}, {"images": ["samples/CAM_FRONT_LEFT/n008-2018-09-18-14-35-12-0400__CAM_FRONT_LEFT__1537296036354799.jpg", "samples/CAM_FRONT/n008-2018-09-18-14-35-12-0400__CAM_FRONT__1537296036362404.jpg", "samples/CAM_FRONT_RIGHT/n008-2018-09-18-14-35-12-0400__CAM_FRONT_RIGHT__1537296036370482.jpg", "samples/CAM_BACK_LEFT/n008-2018-09-18-14-35-12-0400__CAM_BACK_LEFT__1537296036397405.jpg", "samples/CAM_BACK/n008-2018-09-18-14-35-12-0400__CAM_BACK__1537296036387558.jpg", "samples/CAM_BACK_RIGHT/n008-2018-09-18-14-35-12-0400__CAM_BACK_RIGHT__1537296036378113.jpg"], "intrinsics": [[[1257.8625342125129, 0.0, 827.2410631095686], [0.0, 1257.8625342125129, 450.915498205774], [0.0, 0.0, 1.0]], [[1252.8131021185304, 0.0, 826.588114781398], [0.0, 1252.8131021185304, 469.9846626224581], [0.0, 0.0, 1.0]], [[1256.7485116440405, 0.0, 817.7887570959712], [0.0, 1256.7485116440403, 451.9541780095127], [0.0, 0.0, 1.0]], [[1254.9860565800168, 0.0, 829.5769333630991], [0.0, 1254.9860565800168, 467.1680561863987], [0.0, 0.0, 1.0]], [[796.8910634503094, 0.0, 857.7774326863696], [0.0, 796.8910634503094, 476.8848988407415], [0.0, 0.0, 1.0]], [[1249.9629280788233, 0.0, 825.3768045375984], [0.0, 1249.9629280788233, 462.54816385708756], [0.0, 0.0, 1.0]]], "extrinsics": [[[0.8225637078285217, -0.5686675310134888, -0.0025019990280270576, -0.7049112319946289], [0.011185193434357643, 0.02057766355574131, -0.9997256994247437, 1.4922561645507812], [0.5685629844665527, 0.8223100900650024, 0.02328709326684475, -1.131103515625], [0.0, 0.0, 0.0, 1.0]], [[0.010218942537903786, -0.9998154640197754, -0.016266966238617897, 0.0118408203125], [0.013030759058892727, 0.016399584710597992, -0.9997806549072266, 1.4839973449707031], [0.9998628497123718, 0.010004698298871517, 0.013195940293371677, -1.43603515625], [0.0, 0.0, 0.0, 1.0]], [[-0.8440151810646057, -0.5358754396438599, -0.02181878127157688, 0.896240234375], [0.020963503047823906, 0.0076880375854671, -0.9997506141662598, 1.4979095458984375], [0.5359095335006714, -0.8442620635032654, 0.00474500423297286, -1.15155029296875], [0.0, 0.0, 0.0, 1.0]], [[0.9478865265846252, 0.3185945749282837, 0.0029368011746555567, -1.1322021484375], [-0.0046219006180763245, 0.022966593503952026, -0.9997255206108093, 1.5619850158691406], [-0.31857457756996155, 0.9476128220558167, 0.02324223704636097, -0.1600341796875], [0.0, 0.0, 0.0, 1.0]], [[0.009296109899878502, 0.9998384714126587, 0.01538099441677332, -0.0286865234375], [-0.0023964063730090857, 0.015403890050947666, -0.999878466129303, 1.5678291320800781], [-0.9999539852142334, 0.009258091449737549, 0.0025392163079231977, -0.047607421875], [0.0, 0.0, 0.0, 1.0]], [[-0.9236255288124084, 0.38326936960220337, -0.004522657487541437, 1.00433349609375], [0.0018489251378923655, -0.00734421843662858, -0.9999712705612183, 1.5481348037719727], [-0.38329169154167175, -0.9236074090003967, 0.006074671167880297, -0.10693359375], [0.0, 0.0, 0.0, 1.0]]], "view": [[0.0, -2.0, 100.0], [-2.0, 0.0, 100.0], [0.0, 0.0, 1.0]], "bev": "bev_0adef8c999c6418d8c138df6a99b6282.png", "aux": "aux_0adef8c999c6418d8c138df6a99b6282.npz", "visibility": "visibility_0adef8c999c6418d8c138df6a99b6282.png", "pose": [[-0.884064793586731, -0.4673643708229065, 0.0, 2190.6923828125], [0.4673643708229065, -0.884064793586731, 0.0, 1120.711181640625], [0.0, 0.0, 1.0, 0.0], [0.0, 0.0, 0.0, 1.0]], "pose_inverse": [[-0.884064793586731, 0.4673643708229065, 0.0, 1412.9334716796875], [-0.4673643708229065, -0.884064793586731, 0.0, 2014.6328125], [0.0, 0.0, 1.0, 0.0], [0.0, 0.0, 0.0, 1.0]], "cam_ids": [0, 1, 2, 3, 4, 5], "cam_channels": ["CAM_FRONT_LEFT", "CAM_FRONT", "CAM_FRONT_RIGHT", "CAM_BACK_LEFT", "CAM_BACK", "CAM_BACK_RIGHT"], "token": "0adef8c999c6418d8c138df6a99b6282", "scene": "scene-0633"}, {"images": ["samples/CAM_FRONT_LEFT/n008-2018-09-18-14-35-12-0400__CAM_FRONT_LEFT__1537296036854799.jpg", "samples/CAM_FRONT/n008-2018-09-18-14-35-12-0400__CAM_FRONT__1537296036862404.jpg", "samples/CAM_FRONT_RIGHT/n008-2018-09-18-14-35-12-0400__CAM_FRONT_RIGHT__1537296036870482.jpg", "samples/CAM_BACK_LEFT/n008-2018-09-18-14-35-12-0400__CAM_BACK_LEFT__1537296036897405.jpg", "samples/CAM_BACK/n008-2018-09-18-14-35-12-0400__CAM_BACK__1537296036887558.jpg", "samples/CAM_BACK_RIGHT/n008-2018-09-18-14-35-12-0400__CAM_BACK_RIGHT__1537296036878113.jpg"], "intrinsics": [[[1257.8625342125129, 0.0, 827.2410631095686], [0.0, 1257.8625342125129, 450.915498205774], [0.0, 0.0, 1.0]], [[1252.8131021185304, 0.0, 826.588114781398], [0.0, 1252.8131021185304, 469.9846626224581], [0.0, 0.0, 1.0]], [[1256.7485116440405, 0.0, 817.7887570959712], [0.0, 1256.7485116440403, 451.9541780095127], [0.0, 0.0, 1.0]], [[1254.9860565800168, 0.0, 829.5769333630991], [0.0, 1254.9860565800168, 467.1680561863987], [0.0, 0.0, 1.0]], [[796.8910634503094, 0.0, 857.7774326863696], [0.0, 796.8910634503094, 476.8848988407415], [0.0, 0.0, 1.0]], [[1249.9629280788233, 0.0, 825.3768045375984], [0.0, 1249.9629280788233, 462.54816385708756], [0.0, 0.0, 1.0]]], "extrinsics": [[[0.8228364586830139, -0.5682759881019592, -0.001615565619431436, -0.7001142501831055], [0.01085632387548685, 0.0185617096722126, -0.9997687935829163, 1.4922294616699219], [0.5681745409965515, 0.8226286768913269, 0.021442638710141182, -1.126708984375], [0.0, 0.0, 0.0, 1.0]], [[0.010819309391081333, -0.9998384118080139, -0.014357631094753742, 0.0118408203125], [0.012866521254181862, 0.014496482908725739, -0.999812126159668, 1.4840469360351562], [0.999858558177948, 0.010632496327161789, 0.013021285645663738, -1.4296875], [0.0, 0.0, 0.0, 1.0]], [[-0.8436230421066284, -0.5365328192710876, -0.020803052932024002, 0.891845703125], [0.0209392998367548, 0.005839827004820108, -0.9997636675834656, 1.4980316162109375], [0.5365275144577026, -0.8438592553138733, 0.00630800798535347, -1.14764404296875], [0.0, 0.0, 0.0, 1.0]], [[0.9478651881217957, 0.3186601996421814, 0.002677883254364133, -1.132568359375], [-0.004252948798239231, 0.02105216681957245, -0.9997693300247192, 1.5619888305664062], [-0.31864315271377563, 0.9476352334022522, 0.021309861913323402, -0.1600341796875], [0.0, 0.0, 0.0, 1.0]], [[0.00890952069312334, 0.9998690485954285, 0.013504620641469955, -0.0291748046875], [-0.0022254057694226503, 0.013524949550628662, -0.9999060034751892, 1.5678329467773438], [-0.9999578595161438, 0.008878706023097038, 0.0023456152994185686, -0.050537109375], [0.0, 0.0, 0.0, 1.0]], [[-0.923895001411438, 0.3826092779636383, -0.005301587283611298, 0.99920654296875], [0.0019216426881030202, -0.009215552359819412, -0.9999557137489319, 1.5481681823730469], [-0.3826412260532379, -0.9238642454147339, 0.007778965402394533, -0.10791015625], [0.0, 0.0, 0.0, 1.0]]], "view": [[0.0, -2.0, 100.0], [-2.0, 0.0, 100.0], [0.0, 0.0, 1.0]], "bev": "bev_60c3c142d1624a9e9633a619e3aeed35.png", "aux": "aux_60c3c142d1624a9e9633a619e3aeed35.npz", "visibility": "visibility_60c3c142d1624a9e9633a619e3aeed35.png", "pose": [[-0.8832253813743591, -0.46894872188568115, 0.0, 2187.017578125], [0.46894872188568115, -0.8832253813743591, 0.0, 1122.7161865234375], [0.0, 0.0, 1.0, 0.0], [0.0, 0.0, 0.0, 1.0]], "pose_inverse": [[-0.8832253813743591, 0.46894872188568115, 0.0, 1405.1331787109375], [-0.46894872188568115, -0.8832253813743591, 0.0, 2017.2105712890625], [0.0, 0.0, 1.0, 0.0], [0.0, 0.0, 0.0, 1.0]], "cam_ids": [0, 1, 2, 3, 4, 5], "cam_channels": ["CAM_FRONT_LEFT", "CAM_FRONT", "CAM_FRONT_RIGHT", "CAM_BACK_LEFT", "CAM_BACK", "CAM_BACK_RIGHT"], "token": "60c3c142d1624a9e9633a619e3aeed35", "scene": "scene-0633"}, {"images": ["samples/CAM_FRONT_LEFT/n008-2018-09-18-14-35-12-0400__CAM_FRONT_LEFT__1537296037354799.jpg", "samples/CAM_FRONT/n008-2018-09-18-14-35-12-0400__CAM_FRONT__1537296037362404.jpg", "samples/CAM_FRONT_RIGHT/n008-2018-09-18-14-35-12-0400__CAM_FRONT_RIGHT__1537296037370482.jpg", "samples/CAM_BACK_LEFT/n008-2018-09-18-14-35-12-0400__CAM_BACK_LEFT__1537296037397405.jpg", "samples/CAM_BACK/n008-2018-09-18-14-35-12-0400__CAM_BACK__1537296037387558.jpg", "samples/CAM_BACK_RIGHT/n008-2018-09-18-14-35-12-0400__CAM_BACK_RIGHT__1537296037378113.jpg"], "intrinsics": [[[1257.8625342125129, 0.0, 827.2410631095686], [0.0, 1257.8625342125129, 450.915498205774], [0.0, 0.0, 1.0]], [[1252.8131021185304, 0.0, 826.588114781398], [0.0, 1252.8131021185304, 469.9846626224581], [0.0, 0.0, 1.0]], [[1256.7485116440405, 0.0, 817.7887570959712], [0.0, 1256.7485116440403, 451.9541780095127], [0.0, 0.0, 1.0]], [[1254.9860565800168, 0.0, 829.5769333630991], [0.0, 1254.9860565800168, 467.1680561863987], [0.0, 0.0, 1.0]], [[796.8910634503094, 0.0, 857.7774326863696], [0.0, 796.8910634503094, 476.8848988407415], [0.0, 0.0, 1.0]], [[1249.9629280788233, 0.0, 825.3768045375984], [0.0, 1249.9629280788233, 462.54816385708756], [0.0, 0.0, 1.0]]], "extrinsics": [[[0.822321891784668, -0.5689893960952759, -0.006148851942270994, -0.7174286246299744], [0.00443176319822669, 0.017209840938448906, -0.99984210729599, 1.4898529052734375], [0.5690052509307861, 0.82216477394104, 0.016673656180500984, -1.1337890625], [0.0, 0.0, 0.0, 1.0]], [[0.009955274872481823, -0.9998660087585449, -0.012991824187338352, 0.0078125], [0.006223575212061405, 0.013054171577095985, -0.9998953938484192, 1.4819717407226562], [0.9999310374259949, 0.009873369708657265, 0.006352699361741543, -1.4449462890625], [0.0, 0.0, 0.0, 1.0]], [[-0.8441064953804016, -0.5359860062599182, -0.014256803318858147, 0.8994140625], [0.014155220240354538, 0.004303710535168648, -0.9998905658721924, 1.4962730407714844], [0.5359886884689331, -0.8442158699035645, 0.003954210318624973, -1.1566162109375], [0.0, 0.0, 0.0, 1.0]], [[0.9478698372840881, 0.31862035393714905, -0.004874400794506073, -1.1339111328125], [-0.011568097397685051, 0.019119517877697945, -0.9997502565383911, 1.5619220733642578], [-0.31844761967658997, 0.9476895332336426, 0.021808646619319916, -0.159423828125], [0.0, 0.0, 0.0, 1.0]], [[0.009298562072217464, 0.9998883605003357, 0.01170051284134388, -0.02783203125], [-0.009357373230159283, 0.011787514202296734, -0.999886691570282, 1.5672235488891602], [-0.9999129176139832, 0.009188061580061913, 0.00946593564003706, -0.04541015625], [0.0, 0.0, 0.0, 1.0]], [[-0.9236992597579956, 0.38311803340911865, 0.0004459524934645742, 1.008056640625], [-0.0049713384360075, -0.010821995325386524, -0.9999290704727173, 1.546987533569336], [-0.38308602571487427, -0.9236359596252441, 0.011900878511369228, -0.107177734375], [0.0, 0.0, 0.0, 1.0]]], "view": [[0.0, -2.0, 100.0], [-2.0, 0.0, 100.0], [0.0, 0.0, 1.0]], "bev": "bev_f08dbd9dccd94de7a194788dfdcc7f48.png", "aux": "aux_f08dbd9dccd94de7a194788dfdcc7f48.npz", "visibility": "visibility_f08dbd9dccd94de7a194788dfdcc7f48.png", "pose": [[-0.8823322653770447, -0.47062695026397705, 0.0, 2183.413330078125], [0.47062695026397705, -0.8823322653770447, 0.0, 1124.663818359375], [0.0, 0.0, 1.0, 0.0], [0.0, 0.0, 0.0, 1.0]], "pose_inverse": [[-0.8823322653770447, 0.47062695026397705, 0.0, 1397.198974609375], [-0.47062695026397705, -0.8823322653770447, 0.0, 2019.900390625], [0.0, 0.0, 1.0, 0.0], [0.0, 0.0, 0.0, 1.0]], "cam_ids": [0, 1, 2, 3, 4, 5], "cam_channels": ["CAM_FRONT_LEFT", "CAM_FRONT", "CAM_FRONT_RIGHT", "CAM_BACK_LEFT", "CAM_BACK", "CAM_BACK_RIGHT"], "token": "f08dbd9dccd94de7a194788dfdcc7f48", "scene": "scene-0633"}, {"images": ["samples/CAM_FRONT_LEFT/n008-2018-09-18-14-35-12-0400__CAM_FRONT_LEFT__1537296037854799.jpg", "samples/CAM_FRONT/n008-2018-09-18-14-35-12-0400__CAM_FRONT__1537296037862404.jpg", "samples/CAM_FRONT_RIGHT/n008-2018-09-18-14-35-12-0400__CAM_FRONT_RIGHT__1537296037870482.jpg", "samples/CAM_BACK_LEFT/n008-2018-09-18-14-35-12-0400__CAM_BACK_LEFT__1537296037897405.jpg", "samples/CAM_BACK/n008-2018-09-18-14-35-12-0400__CAM_BACK__1537296037887558.jpg", "samples/CAM_BACK_RIGHT/n008-2018-09-18-14-35-12-0400__CAM_BACK_RIGHT__1537296037878113.jpg"], "intrinsics": [[[1257.8625342125129, 0.0, 827.2410631095686], [0.0, 1257.8625342125129, 450.915498205774], [0.0, 0.0, 1.0]], [[1252.8131021185304, 0.0, 826.588114781398], [0.0, 1252.8131021185304, 469.9846626224581], [0.0, 0.0, 1.0]], [[1256.7485116440405, 0.0, 817.7887570959712], [0.0, 1256.7485116440403, 451.9541780095127], [0.0, 0.0, 1.0]], [[1254.9860565800168, 0.0, 829.5769333630991], [0.0, 1254.9860565800168, 467.1680561863987], [0.0, 0.0, 1.0]], [[796.8910634503094, 0.0, 857.7774326863696], [0.0, 796.8910634503094, 476.8848988407415], [0.0, 0.0, 1.0]], [[1249.9629280788233, 0.0, 825.3768045375984], [0.0, 1249.9629280788233, 462.54816385708756], [0.0, 0.0, 1.0]]], "extrinsics": [[[0.8225747346878052, -0.568616509437561, -0.006793659646064043, -0.7281856536865234], [0.0002799501526169479, 0.012351772747933865, -0.9999236464500427, 1.4883651733398438], [0.5686569809913635, 0.8225100040435791, 0.010319437831640244, -1.143798828125], [0.0, 0.0, 0.0, 1.0]], [[0.010466864332556725, -0.9999094009399414, -0.008467030711472034, 0.0098876953125], [0.0020841937512159348, 0.008489292114973068, -0.999961793422699, 1.480733871459961], [0.9999430179595947, 0.010448845103383064, 0.002172861248254776, -1.4561767578125], [0.0, 0.0, 0.0, 1.0]], [[-0.8438193202018738, -0.5365613102912903, -0.008421514183282852, 0.907958984375], [0.009966940619051456, 2.0124409275013022e-05, -0.9999503493309021, 1.4952411651611328], [0.53653484582901, -0.8438613414764404, 0.00533089367672801, -1.159423828125], [0.0, 0.0, 0.0, 1.0]], [[0.9478195905685425, 0.318647176027298, -0.010104802437126637, -1.131103515625], [-0.015891166403889656, 0.015564724802970886, -0.9997525215148926, 1.5618247985839844], [-0.31841111183166504, 0.9477456212043762, 0.01981622725725174, -0.16064453125], [0.0, 0.0, 0.0, 1.0]], [[0.009022515267133713, 0.9999284148216248, 0.007859982550144196, -0.02880859375], [-0.01354819256812334, 0.007981820963323116, -0.9998763203620911, 1.566860556602478], [-0.9998675584793091, 0.008914926089346409, 0.013619238510727882, -0.0439453125], [0.0, 0.0, 0.0, 1.0]], [[-0.9239112734794617, 0.38259652256965637, 0.002793529536575079, 1.01214599609375], [-0.009189348667860031, -0.01489046961069107, -0.999846875667572, 1.5463676452636719], [-0.38249635696411133, -0.9237955212593079, 0.01727328635752201, -0.103759765625], [0.0, 0.0, 0.0, 1.0]]], "view": [[0.0, -2.0, 100.0], [-2.0, 0.0, 100.0], [0.0, 0.0, 1.0]], "bev": "bev_e762b41bf9cd4dd98f3b7132de33cf3c.png", "aux": "aux_e762b41bf9cd4dd98f3b7132de33cf3c.npz", "visibility": "visibility_e762b41bf9cd4dd98f3b7132de33cf3c.png", "pose": [[-0.8813604116439819, -0.4724445641040802, 0.0, 2180.007080078125], [0.4724445641040802, -0.8813604116439819, 0.0, 1126.4925537109375], [0.0, 0.0, 1.0, 0.0], [0.0, 0.0, 0.0, 1.0]], "pose_inverse": [[-0.8813604116439819, 0.4724445641040802, 0.0, 1389.1666259765625], [-0.4724445641040802, -0.8813604116439819, 0.0, 2022.7784423828125], [0.0, 0.0, 1.0, 0.0], [0.0, 0.0, 0.0, 1.0]], "cam_ids": [0, 1, 2, 3, 4, 5], "cam_channels": ["CAM_FRONT_LEFT", "CAM_FRONT", "CAM_FRONT_RIGHT", "CAM_BACK_LEFT", "CAM_BACK", "CAM_BACK_RIGHT"], "token": "e762b41bf9cd4dd98f3b7132de33cf3c", "scene": "scene-0633"}, {"images": ["samples/CAM_FRONT_LEFT/n008-2018-09-18-14-35-12-0400__CAM_FRONT_LEFT__1537296038354799.jpg", "samples/CAM_FRONT/n008-2018-09-18-14-35-12-0400__CAM_FRONT__1537296038362404.jpg", "samples/CAM_FRONT_RIGHT/n008-2018-09-18-14-35-12-0400__CAM_FRONT_RIGHT__1537296038370482.jpg", "samples/CAM_BACK_LEFT/n008-2018-09-18-14-35-12-0400__CAM_BACK_LEFT__1537296038397405.jpg", "samples/CAM_BACK/n008-2018-09-18-14-35-12-0400__CAM_BACK__1537296038387558.jpg", "samples/CAM_BACK_RIGHT/n008-2018-09-18-14-35-12-0400__CAM_BACK_RIGHT__1537296038378113.jpg"], "intrinsics": [[[1257.8625342125129, 0.0, 827.2410631095686], [0.0, 1257.8625342125129, 450.915498205774], [0.0, 0.0, 1.0]], [[1252.8131021185304, 0.0, 826.588114781398], [0.0, 1252.8131021185304, 469.9846626224581], [0.0, 0.0, 1.0]], [[1256.7485116440405, 0.0, 817.7887570959712], [0.0, 1256.7485116440403, 451.9541780095127], [0.0, 0.0, 1.0]], [[1254.9860565800168, 0.0, 829.5769333630991], [0.0, 1254.9860565800168, 467.1680561863987], [0.0, 0.0, 1.0]], [[796.8910634503094, 0.0, 857.7774326863696], [0.0, 796.8910634503094, 476.8848988407415], [0.0, 0.0, 1.0]], [[1249.9629280788233, 0.0, 825.3768045375984], [0.0, 1249.9629280788233, 462.54816385708756], [0.0, 0.0, 1.0]]], "extrinsics": [[[0.8224694728851318, -0.5688091516494751, 0.00023582759604323655, -0.714754581451416], [0.008147024549543858, 0.01136563066393137, -0.9999021887779236, 1.4911384582519531], [0.5687509179115295, 0.8223910331726074, 0.013981985859572887, -1.134521484375], [0.0, 0.0, 0.0, 1.0]], [[0.010154594667255878, -0.9999223947525024, -0.007212823256850243, 0.009765625], [0.01016227900981903, 0.007316019851714373, -0.9999216198921204, 1.483123779296875], [0.999896764755249, 0.010080454871058464, 0.010235781781375408, -1.4427490234375], [0.0, 0.0, 0.0, 1.0]], [[-0.8440079689025879, -0.5361294746398926, -0.014689650386571884, 0.8984375], [0.018245015293359756, -0.0013275647070258856, -0.9998326301574707, 1.4972457885742188], [0.5360202193260193, -0.8441347479820251, 0.010902165435254574, -1.15411376953125], [0.0, 0.0, 0.0, 1.0]], [[0.9478853344917297, 0.3186051547527313, -0.002057765144854784, -1.1319580078125], [-0.0068552554585039616, 0.013937252573668957, -0.9998794198036194, 1.5619564056396484], [-0.31853801012039185, 0.9477850198745728, 0.015395037829875946, -0.160400390625], [0.0, 0.0, 0.0, 1.0]], [[0.009242519736289978, 0.9999372363090515, 0.006342044100165367, -0.028564453125], [-0.004780379123985767, 0.006386426743119955, -0.9999681711196899, 1.567619800567627], [-0.9999459385871887, 0.009211938828229904, 0.004839105531573296, -0.0474853515625], [0.0, 0.0, 0.0, 1.0]], [[-0.9236980676651001, 0.3830803632736206, -0.005591037217527628, 1.005340576171875], [-0.0007328097126446664, -0.016359973698854446, -0.9998658895492554, 1.5477027893066406], [-0.3831203281879425, -0.9235701560974121, 0.015392402186989784, -0.107177734375], [0.0, 0.0, 0.0, 1.0]]], "view": [[0.0, -2.0, 100.0], [-2.0, 0.0, 100.0], [0.0, 0.0, 1.0]], "bev": "bev_9fde5c65b052434db6325e3010f5d1b4.png", "aux": "aux_9fde5c65b052434db6325e3010f5d1b4.npz", "visibility": "visibility_9fde5c65b052434db6325e3010f5d1b4.png", "pose": [[-0.8820727467536926, -0.47111326456069946, 0.0, 2176.517822265625], [0.47111326456069946, -0.8820727467536926, 0.0, 1128.3819580078125], [0.0, 0.0, 1.0, 0.0], [0.0, 0.0, 0.0, 1.0]], "pose_inverse": [[-0.8820727467536926, 0.47111326456069946, 0.0, 1388.251220703125], [-0.47111326456069946, -0.8820727467536926, 0.0, 2020.701416015625], [0.0, 0.0, 1.0, 0.0], [0.0, 0.0, 0.0, 1.0]], "cam_ids": [0, 1, 2, 3, 4, 5], "cam_channels": ["CAM_FRONT_LEFT", "CAM_FRONT", "CAM_FRONT_RIGHT", "CAM_BACK_LEFT", "CAM_BACK", "CAM_BACK_RIGHT"], "token": "9fde5c65b052434db6325e3010f5d1b4", "scene": "scene-0633"}, {"images": ["samples/CAM_FRONT_LEFT/n008-2018-09-18-14-35-12-0400__CAM_FRONT_LEFT__1537296038854799.jpg", "samples/CAM_FRONT/n008-2018-09-18-14-35-12-0400__CAM_FRONT__1537296038862404.jpg", "samples/CAM_FRONT_RIGHT/n008-2018-09-18-14-35-12-0400__CAM_FRONT_RIGHT__1537296038870482.jpg", "samples/CAM_BACK_LEFT/n008-2018-09-18-14-35-12-0400__CAM_BACK_LEFT__1537296038897405.jpg", "samples/CAM_BACK/n008-2018-09-18-14-35-12-0400__CAM_BACK__1537296038887558.jpg", "samples/CAM_BACK_RIGHT/n008-2018-09-18-14-35-12-0400__CAM_BACK_RIGHT__1537296038878113.jpg"], "intrinsics": [[[1257.8625342125129, 0.0, 827.2410631095686], [0.0, 1257.8625342125129, 450.915498205774], [0.0, 0.0, 1.0]], [[1252.8131021185304, 0.0, 826.588114781398], [0.0, 1252.8131021185304, 469.9846626224581], [0.0, 0.0, 1.0]], [[1256.7485116440405, 0.0, 817.7887570959712], [0.0, 1256.7485116440403, 451.9541780095127], [0.0, 0.0, 1.0]], [[1254.9860565800168, 0.0, 829.5769333630991], [0.0, 1254.9860565800168, 467.1680561863987], [0.0, 0.0, 1.0]], [[796.8910634503094, 0.0, 857.7774326863696], [0.0, 796.8910634503094, 476.8848988407415], [0.0, 0.0, 1.0]], [[1249.9629280788233, 0.0, 825.3768045375984], [0.0, 1249.9629280788233, 462.54816385708756], [0.0, 0.0, 1.0]]], "extrinsics": [[[0.8223035335540771, -0.5690492391586304, 3.294645284768194e-05, -0.7199923992156982], [0.009647881612181664, 0.01388376671820879, -0.9998570680618286, 1.49163818359375], [0.5689674019813538, 0.822186291217804, 0.01690678857266903, -1.135986328125], [0.0, 0.0, 0.0, 1.0]], [[0.00993442628532648, -0.99990314245224, -0.009742775931954384, 0.008056640625], [0.01159221027046442, 0.009857763536274433, -0.9998842477798462, 1.4834976196289062], [0.9998835325241089, 0.009820302948355675, 0.011689018458127975, -1.4473876953125], [0.0, 0.0, 0.0, 1.0]], [[-0.8440764546394348, -0.5359451770782471, -0.017252102494239807, 0.900634765625], [0.019639186561107635, 0.0012534625129774213, -0.9998063445091248, 1.4974842071533203], [0.5358629822731018, -0.8442519307136536, 0.009467508643865585, -1.1571044921875], [0.0, 0.0, 0.0, 1.0]], [[0.947892427444458, 0.3185906410217285, -8.241391333285719e-05, -1.129150390625], [-0.00572224473580718, 0.016766566783189774, -0.9998430609703064, 1.5619564056396484], [-0.31853926181793213, 0.9477440714836121, 0.017715955153107643, -0.1610107421875], [0.0, 0.0, 0.0, 1.0]], [[0.009294114075601101, 0.9999156594276428, 0.00907144881784916, -0.0279541015625], [-0.0035675130784511566, 0.009104940108954906, -0.9999521374702454, 1.567732810974121], [-0.9999504685401917, 0.009261312894523144, 0.0036518347915261984, -0.0478515625], [0.0, 0.0, 0.0, 1.0]], [[-0.9236459136009216, 0.383202463388443, -0.005832051858305931, 1.007843017578125], [0.000619978760369122, -0.013723454438149929, -0.9999056458473206, 1.5479145050048828], [-0.3832462728023529, -0.9235624074935913, 0.012438035570085049, -0.107177734375], [0.0, 0.0, 0.0, 1.0]]], "view": [[0.0, -2.0, 100.0], [-2.0, 0.0, 100.0], [0.0, 0.0, 1.0]], "bev": "bev_33aebb17dcb14d24a5feb6f224ff1380.png", "aux": "aux_33aebb17dcb14d24a5feb6f224ff1380.npz", "visibility": "visibility_33aebb17dcb14d24a5feb6f224ff1380.png", "pose": [[-0.8835656046867371, -0.46830740571022034, 0.0, 2173.037353515625], [0.46830740571022034, -0.8835656046867371, 0.0, 1130.2471923828125], [0.0, 0.0, 1.0, 0.0], [0.0, 0.0, 0.0, 1.0]], "pose_inverse": [[-0.8835656046867371, 0.46830740571022034, 0.0, 1390.7178955078125], [-0.46830740571022034, -0.8835656046867371, 0.0, 2016.2969970703125], [0.0, 0.0, 1.0, 0.0], [0.0, 0.0, 0.0, 1.0]], "cam_ids": [0, 1, 2, 3, 4, 5], "cam_channels": ["CAM_FRONT_LEFT", "CAM_FRONT", "CAM_FRONT_RIGHT", "CAM_BACK_LEFT", "CAM_BACK", "CAM_BACK_RIGHT"], "token": "33aebb17dcb14d24a5feb6f224ff1380", "scene": "scene-0633"}, {"images": ["samples/CAM_FRONT_LEFT/n008-2018-09-18-14-35-12-0400__CAM_FRONT_LEFT__1537296039354799.jpg", "samples/CAM_FRONT/n008-2018-09-18-14-35-12-0400__CAM_FRONT__1537296039362404.jpg", "samples/CAM_FRONT_RIGHT/n008-2018-09-18-14-35-12-0400__CAM_FRONT_RIGHT__1537296039370482.jpg", "samples/CAM_BACK_LEFT/n008-2018-09-18-14-35-12-0400__CAM_BACK_LEFT__1537296039397405.jpg", "samples/CAM_BACK/n008-2018-09-18-14-35-12-0400__CAM_BACK__1537296039387558.jpg", "samples/CAM_BACK_RIGHT/n008-2018-09-18-14-35-12-0400__CAM_BACK_RIGHT__1537296039378113.jpg"], "intrinsics": [[[1257.8625342125129, 0.0, 827.2410631095686], [0.0, 1257.8625342125129, 450.915498205774], [0.0, 0.0, 1.0]], [[1252.8131021185304, 0.0, 826.588114781398], [0.0, 1252.8131021185304, 469.9846626224581], [0.0, 0.0, 1.0]], [[1256.7485116440405, 0.0, 817.7887570959712], [0.0, 1256.7485116440403, 451.9541780095127], [0.0, 0.0, 1.0]], [[1254.9860565800168, 0.0, 829.5769333630991], [0.0, 1254.9860565800168, 467.1680561863987], [0.0, 0.0, 1.0]], [[796.8910634503094, 0.0, 857.7774326863696], [0.0, 796.8910634503094, 476.8848988407415], [0.0, 0.0, 1.0]], [[1249.9629280788233, 0.0, 825.3768045375984], [0.0, 1249.9629280788233, 462.54816385708756], [0.0, 0.0, 1.0]]], "extrinsics": [[[0.8225308060646057, -0.5687205195426941, -0.0004326400230638683, -0.7189435958862305], [0.011157479137182236, 0.016897443681955338, -0.9997950196266174, 1.4921722412109375], [0.5686111450195312, 0.8223572969436646, 0.02024415321648121, -1.135498046875], [0.0, 0.0, 0.0, 1.0]], [[0.01028082612901926, -0.9998677372932434, -0.012601722031831741, 0.0084228515625], [0.013151941820979118, 0.012736506760120392, -0.9998323917388916, 1.4839553833007812], [0.9998606443405151, 0.0101133668795228, 0.013281144201755524, -1.446533203125], [0.0, 0.0, 0.0, 1.0]], [[-0.8439103364944458, -0.536109209060669, -0.020055582746863365, 0.900390625], [0.02122524566948414, 0.003989299293607473, -0.9997667670249939, 1.4978523254394531], [0.5360642075538635, -0.8441391587257385, 0.008012437261641026, -1.1568603515625], [0.0, 0.0, 0.0, 1.0]], [[0.947895348072052, 0.3185743987560272, 0.0021881060674786568, -1.1297607421875], [-0.0040497626177966595, 0.018916919827461243, -0.99981290102005, 1.561981201171875], [-0.3185562193393707, 0.9477090835571289, 0.019221412017941475, -0.160888671875], [0.0, 0.0, 0.0, 1.0]], [[0.00917027797549963, 0.9998921751976013, 0.01147069875150919, -0.0279541015625], [-0.001937312539666891, 0.011488924734294415, -0.9999321103096008, 1.5678844451904297], [-0.9999560713768005, 0.00914747267961502, 0.002042460720986128, -0.0477294921875], [0.0, 0.0, 0.0, 1.0]], [[-0.9237077832221985, 0.38304591178894043, -0.006308646406978369, 1.007965087890625], [0.0022104426752775908, -0.011138186790049076, -0.999935507774353, 1.5481796264648438], [-0.3830915093421936, -0.9236621260643005, 0.009441728703677654, -0.107177734375], [0.0, 0.0, 0.0, 1.0]]], "view": [[0.0, -2.0, 100.0], [-2.0, 0.0, 100.0], [0.0, 0.0, 1.0]], "bev": "bev_00e20f5229844d2d9d7d2889ec5f853c.png", "aux": "aux_00e20f5229844d2d9d7d2889ec5f853c.npz", "visibility": "visibility_00e20f5229844d2d9d7d2889ec5f853c.png", "pose": [[-0.8824663758277893, -0.47037553787231445, 0.0, 2169.600830078125], [0.47037553787231445, -0.8824663758277893, 0.0, 1132.0777587890625], [0.0, 0.0, 1.0, 0.0], [0.0, 0.0, 0.0, 1.0]], "pose_inverse": [[-0.8824663758277893, 0.47037553787231445, 0.0, 1382.0980224609375], [-0.47037553787231445, -0.8824663758277893, 0.0, 2019.547607421875], [0.0, 0.0, 1.0, 0.0], [0.0, 0.0, 0.0, 1.0]], "cam_ids": [0, 1, 2, 3, 4, 5], "cam_channels": ["CAM_FRONT_LEFT", "CAM_FRONT", "CAM_FRONT_RIGHT", "CAM_BACK_LEFT", "CAM_BACK", "CAM_BACK_RIGHT"], "token": "00e20f5229844d2d9d7d2889ec5f853c", "scene": "scene-0633"}, {"images": ["samples/CAM_FRONT_LEFT/n008-2018-09-18-14-35-12-0400__CAM_FRONT_LEFT__1537296039854799.jpg", "samples/CAM_FRONT/n008-2018-09-18-14-35-12-0400__CAM_FRONT__1537296039862404.jpg", "samples/CAM_FRONT_RIGHT/n008-2018-09-18-14-35-12-0400__CAM_FRONT_RIGHT__1537296039870482.jpg", "samples/CAM_BACK_LEFT/n008-2018-09-18-14-35-12-0400__CAM_BACK_LEFT__1537296039897405.jpg", "samples/CAM_BACK/n008-2018-09-18-14-35-12-0400__CAM_BACK__1537296039887558.jpg", "samples/CAM_BACK_RIGHT/n008-2018-09-18-14-35-12-0400__CAM_BACK_RIGHT__1537296039878113.jpg"], "intrinsics": [[[1257.8625342125129, 0.0, 827.2410631095686], [0.0, 1257.8625342125129, 450.915498205774], [0.0, 0.0, 1.0]], [[1252.8131021185304, 0.0, 826.588114781398], [0.0, 1252.8131021185304, 469.9846626224581], [0.0, 0.0, 1.0]], [[1256.7485116440405, 0.0, 817.7887570959712], [0.0, 1256.7485116440403, 451.9541780095127], [0.0, 0.0, 1.0]], [[1254.9860565800168, 0.0, 829.5769333630991], [0.0, 1254.9860565800168, 467.1680561863987], [0.0, 0.0, 1.0]], [[796.8910634503094, 0.0, 857.7774326863696], [0.0, 796.8910634503094, 476.8848988407415], [0.0, 0.0, 1.0]], [[1249.9629280788233, 0.0, 825.3768045375984], [0.0, 1249.9629280788233, 462.54816385708756], [0.0, 0.0, 1.0]]], "extrinsics": [[[0.822394073009491, -0.5689160823822021, 0.0015885608736425638, -0.7162075042724609], [0.01686888374388218, 0.021593531593680382, -0.999624490737915, 1.4943008422851562], [0.5686681270599365, 0.8221120834350586, 0.027355371043086052, -1.130859375], [0.0, 0.0, 0.0, 1.0]], [[0.010246914811432362, -0.9997962117195129, -0.01739116571843624, 0.006591796875], [0.018739935010671616, 0.01758103258907795, -0.9996697902679443, 1.485687255859375], [0.999771773815155, 0.009917650371789932, 0.018916267901659012, -1.441650390625], [0.0, 0.0, 0.0, 1.0]], [[-0.8437772989273071, -0.5359960198402405, -0.02735309489071369, 0.896240234375], [0.02669348008930683, 0.008990536443889141, -0.9996032118797302, 1.49920654296875], [0.5360292792320251, -0.8441726565361023, 0.006721587851643562, -1.1558837890625], [0.0, 0.0, 0.0, 1.0]], [[0.947847306728363, 0.3186039924621582, 0.008773558773100376, -1.1265869140625], [0.0010213039349764585, 0.024490850046277046, -0.9996995329856873, 1.5620651245117188], [-0.3187231719493866, 0.9475714564323425, 0.022888196632266045, -0.16162109375], [0.0, 0.0, 0.0, 1.0]], [[0.009060263633728027, 0.9998165965080261, 0.01687346026301384, -0.0272216796875], [0.003282255958765745, 0.01684432476758957, -0.99985271692276, 1.5683860778808594], [-0.99995356798172, 0.009114300832152367, -0.0031290415208786726, -0.051025390625], [0.0, 0.0, 0.0, 1.0]], [[-0.9236884117126465, 0.3830313980579376, -0.00930691510438919, 1.004730224609375], [0.007594918832182884, -0.005981605499982834, -0.9999532699584961, 1.5490912199020386], [-0.38306909799575806, -0.9237160086631775, 0.002616048324853182, -0.109375], [0.0, 0.0, 0.0, 1.0]]], "view": [[0.0, -2.0, 100.0], [-2.0, 0.0, 100.0], [0.0, 0.0, 1.0]], "bev": "bev_fdd22a4e963c48fe8987afff20c46648.png", "aux": "aux_fdd22a4e963c48fe8987afff20c46648.npz", "visibility": "visibility_fdd22a4e963c48fe8987afff20c46648.png", "pose": [[-0.8815754652023315, -0.47204312682151794, 0.0, 2166.2421875], [0.47204312682151794, -0.8815754652023315, 0.0, 1133.8631591796875], [0.0, 0.0, 1.0, 0.0], [0.0, 0.0, 0.0, 1.0]], "pose_inverse": [[-0.8815754652023315, 0.47204312682151794, 0.0, 1374.4736328125], [-0.47204312682151794, -0.8815754652023315, 0.0, 2022.1456298828125], [0.0, 0.0, 1.0, 0.0], [0.0, 0.0, 0.0, 1.0]], "cam_ids": [0, 1, 2, 3, 4, 5], "cam_channels": ["CAM_FRONT_LEFT", "CAM_FRONT", "CAM_FRONT_RIGHT", "CAM_BACK_LEFT", "CAM_BACK", "CAM_BACK_RIGHT"], "token": "fdd22a4e963c48fe8987afff20c46648", "scene": "scene-0633"}, {"images": ["samples/CAM_FRONT_LEFT/n008-2018-09-18-14-35-12-0400__CAM_FRONT_LEFT__1537296040354799.jpg", "samples/CAM_FRONT/n008-2018-09-18-14-35-12-0400__CAM_FRONT__1537296040362404.jpg", "samples/CAM_FRONT_RIGHT/n008-2018-09-18-14-35-12-0400__CAM_FRONT_RIGHT__1537296040370482.jpg", "samples/CAM_BACK_LEFT/n008-2018-09-18-14-35-12-0400__CAM_BACK_LEFT__1537296040397405.jpg", "samples/CAM_BACK/n008-2018-09-18-14-35-12-0400__CAM_BACK__1537296040387558.jpg", "samples/CAM_BACK_RIGHT/n008-2018-09-18-14-35-12-0400__CAM_BACK_RIGHT__1537296040378113.jpg"], "intrinsics": [[[1257.8625342125129, 0.0, 827.2410631095686], [0.0, 1257.8625342125129, 450.915498205774], [0.0, 0.0, 1.0]], [[1252.8131021185304, 0.0, 826.588114781398], [0.0, 1252.8131021185304, 469.9846626224581], [0.0, 0.0, 1.0]], [[1256.7485116440405, 0.0, 817.7887570959712], [0.0, 1256.7485116440403, 451.9541780095127], [0.0, 0.0, 1.0]], [[1254.9860565800168, 0.0, 829.5769333630991], [0.0, 1254.9860565800168, 467.1680561863987], [0.0, 0.0, 1.0]], [[796.8910634503094, 0.0, 857.7774326863696], [0.0, 796.8910634503094, 476.8848988407415], [0.0, 0.0, 1.0]], [[1249.9629280788233, 0.0, 825.3768045375984], [0.0, 1249.9629280788233, 462.54816385708756], [0.0, 0.0, 1.0]]], "extrinsics": [[[0.8221850395202637, -0.5691954493522644, -0.005331089254468679, -0.7033557891845703], [0.011894653551280499, 0.026543499901890755, -0.9995768666267395, 1.4927139282226562], [0.569096028804779, 0.8217736482620239, 0.02859404869377613, -1.122314453125], [0.0, 0.0, 0.0, 1.0]], [[0.009760284796357155, -0.9997047185897827, -0.022250644862651825, 0.007080078125], [0.013743044808506966, 0.022383710369467735, -0.99965500831604, 1.4844131469726562], [0.9998578429222107, 0.009451105259358883, 0.013957458548247814, -1.4276123046875], [0.0, 0.0, 0.0, 1.0]], [[-0.8441407680511475, -0.5355128645896912, -0.025542674586176872, 0.88525390625], [0.021591665223240852, 0.013646611012518406, -0.9996737241744995, 1.498321533203125], [0.5356866717338562, -0.8444168567657471, 4.2953615775331855e-05, -1.14874267578125], [0.0, 0.0, 0.0, 1.0]], [[0.9478968977928162, 0.3185356855392456, 0.005147100891917944, -1.1224365234375], [-0.004228642210364342, 0.028735388070344925, -0.9995781183242798, 1.5619468688964844], [-0.318549245595932, 0.947475254535675, 0.028585160151124, -0.163330078125], [0.0, 0.0, 0.0, 1.0]], [[0.00937352143228054, 0.9997308254241943, 0.021221593022346497, -0.02734375], [-0.001899296185001731, 0.02124028652906418, -0.9997725486755371, 1.56787109375], [-0.9999542832374573, 0.00933112483471632, 0.002097881166264415, -0.0589599609375], [0.0, 0.0, 0.0, 1.0]], [[-0.9235732555389404, 0.38341253995895386, -0.0027212363202124834, 0.994476318359375], [0.0023509282618761063, -0.001434412901289761, -0.9999961853027344, 1.5482332706451416], [-0.3834149241447449, -0.9235760569572449, 0.00042341064545325935, -0.113525390625], [0.0, 0.0, 0.0, 1.0]]], "view": [[0.0, -2.0, 100.0], [-2.0, 0.0, 100.0], [0.0, 0.0, 1.0]], "bev": "bev_22a2197bfad742faa1c5cf8c1be1bc45.png", "aux": "aux_22a2197bfad742faa1c5cf8c1be1bc45.npz", "visibility": "visibility_22a2197bfad742faa1c5cf8c1be1bc45.png", "pose": [[-0.8818107843399048, -0.4716033637523651, 0.0, 2162.70654296875], [0.4716033637523651, -0.8818107843399048, 0.0, 1135.7603759765625], [0.0, 0.0, 1.0, 0.0], [0.0, 0.0, 0.0, 1.0]], "pose_inverse": [[-0.8818107843399048, 0.4716033637523651, 0.0, 1371.4696044921875], [-0.4716033637523651, -0.8818107843399048, 0.0, 2021.4654541015625], [0.0, 0.0, 1.0, 0.0], [0.0, 0.0, 0.0, 1.0]], "cam_ids": [0, 1, 2, 3, 4, 5], "cam_channels": ["CAM_FRONT_LEFT", "CAM_FRONT", "CAM_FRONT_RIGHT", "CAM_BACK_LEFT", "CAM_BACK", "CAM_BACK_RIGHT"], "token": "22a2197bfad742faa1c5cf8c1be1bc45", "scene": "scene-0633"}, {"images": ["samples/CAM_FRONT_LEFT/n008-2018-09-18-14-35-12-0400__CAM_FRONT_LEFT__1537296040904799.jpg", "samples/CAM_FRONT/n008-2018-09-18-14-35-12-0400__CAM_FRONT__1537296040912404.jpg", "samples/CAM_FRONT_RIGHT/n008-2018-09-18-14-35-12-0400__CAM_FRONT_RIGHT__1537296040920482.jpg", "samples/CAM_BACK_LEFT/n008-2018-09-18-14-35-12-0400__CAM_BACK_LEFT__1537296040947405.jpg", "samples/CAM_BACK/n008-2018-09-18-14-35-12-0400__CAM_BACK__1537296040937558.jpg", "samples/CAM_BACK_RIGHT/n008-2018-09-18-14-35-12-0400__CAM_BACK_RIGHT__1537296040928113.jpg"], "intrinsics": [[[1257.8625342125129, 0.0, 827.2410631095686], [0.0, 1257.8625342125129, 450.915498205774], [0.0, 0.0, 1.0]], [[1252.8131021185304, 0.0, 826.588114781398], [0.0, 1252.8131021185304, 469.9846626224581], [0.0, 0.0, 1.0]], [[1256.7485116440405, 0.0, 817.7887570959712], [0.0, 1256.7485116440403, 451.9541780095127], [0.0, 0.0, 1.0]], [[1254.9860565800168, 0.0, 829.5769333630991], [0.0, 1254.9860565800168, 467.1680561863987], [0.0, 0.0, 1.0]], [[796.8910634503094, 0.0, 857.7774326863696], [0.0, 796.8910634503094, 476.8848988407415], [0.0, 0.0, 1.0]], [[1249.9629280788233, 0.0, 825.3768045375984], [0.0, 1249.9629280788233, 462.54816385708756], [0.0, 0.0, 1.0]]], "extrinsics": [[[0.8228824138641357, -0.5681308507919312, -0.009592236019670963, -0.6950263977050781], [0.008877264335751534, 0.02973357029259205, -0.9995184540748596, 1.4915542602539062], [0.5681425333023071, 0.8224008679389954, 0.029510676860809326, -1.121826171875], [0.0, 0.0, 0.0, 1.0]], [[0.010757386684417725, -0.9996121525764465, -0.025685733184218407, 0.0107421875], [0.010946936905384064, 0.02580340765416622, -0.9996070861816406, 1.4835357666015625], [0.999882161617279, 0.01047198660671711, 0.011220268905162811, -1.421875], [0.0, 0.0, 0.0, 1.0]], [[-0.8437439203262329, -0.5361449718475342, -0.025393618270754814, 0.8837890625], [0.01908819004893303, 0.017308088019490242, -0.9996679425239563, 1.49774169921875], [0.5364065170288086, -0.8439485430717468, -0.004369555972516537, -1.14404296875], [0.0, 0.0, 0.0, 1.0]], [[0.9478648900985718, 0.3186337351799011, 0.004958501551300287, -1.12109375], [-0.005943679250776768, 0.033234018832445145, -0.9994299411773682, 1.5619010925292969], [-0.31861692667007446, 0.9472951292991638, 0.03339521959424019, -0.1636962890625], [0.0, 0.0, 0.0, 1.0]], [[0.00903955940157175, 0.9996377825737, 0.025352846831083298, -0.028564453125], [-0.00395372835919261, 0.02538941614329815, -0.9996697902679443, 1.567626953125], [-0.9999514222145081, 0.00893636979162693, 0.004