[{"images": ["samples/CAM_FRONT_LEFT/n008-2018-07-26-12-13-50-0400__CAM_FRONT_LEFT__1532621808604799.jpg", "samples/CAM_FRONT/n008-2018-07-26-12-13-50-0400__CAM_FRONT__1532621808612406.jpg", "samples/CAM_FRONT_RIGHT/n008-2018-07-26-12-13-50-0400__CAM_FRONT_RIGHT__1532621808620482.jpg", "samples/CAM_BACK_LEFT/n008-2018-07-26-12-13-50-0400__CAM_BACK_LEFT__1532621808647405.jpg", "samples/CAM_BACK/n008-2018-07-26-12-13-50-0400__CAM_BACK__1532621808637558.jpg", "samples/CAM_BACK_RIGHT/n008-2018-07-26-12-13-50-0400__CAM_BACK_RIGHT__1532621808628113.jpg"], "intrinsics": [[[1257.8625342125129, 0.0, 827.2410631095686], [0.0, 1257.8625342125129, 450.915498205774], [0.0, 0.0, 1.0]], [[1252.8131021185304, 0.0, 826.588114781398], [0.0, 1252.8131021185304, 469.9846626224581], [0.0, 0.0, 1.0]], [[1256.7485116440405, 0.0, 817.7887570959712], [0.0, 1256.7485116440403, 451.9541780095127], [0.0, 0.0, 1.0]], [[1254.9860565800168, 0.0, 829.5769333630991], [0.0, 1254.9860565800168, 467.1680561863987], [0.0, 0.0, 1.0]], [[796.8910634503094, 0.0, 857.7774326863696], [0.0, 796.8910634503094, 476.8848988407415], [0.0, 0.0, 1.0]], [[1249.9629280788233, 0.0, 825.3768045375984], [0.0, 1249.9629280788233, 462.54816385708756], [0.0, 0.0, 1.0]]], "extrinsics": [[[0.8243067860603333, -0.5660847425460815, 0.008158659562468529, -0.8521728515625], [0.017890216782689095, 0.01164176780730486, -0.9997721910476685, 1.4914970397949219], [0.5658608078956604, 0.8242648839950562, 0.019723765552043915, -1.2339935302734375], [0.0, 0.0, 0.0, 1.0]], [[0.01296584215015173, -0.9998856782913208, -0.00778575986623764, 0.0111083984375], [0.020185282453894615, 0.008046559989452362, -0.9997638463973999, 1.4831771850585938], [0.9997121095657349, 0.012805625796318054, 0.020287301391363144, -1.5843505859375], [0.0, 0.0, 0.0, 1.0]], [[-0.8426634073257446, -0.5379036664962769, -0.02404346503317356, 0.99365234375], [0.028577035292983055, -8.770279964664951e-05, -0.999591588973999, 1.4964179992675781], [0.5376818180084229, -0.8430063128471375, 0.015445595607161522, -1.212158203125], [0.0, 0.0, 0.0, 1.0]], [[0.9478861689567566, 0.31850093603134155, 0.008296319283545017, -1.1387939453125], [0.003690798534080386, 0.01506075169891119, -0.999879777431488, 1.5620689392089844], [-0.31858760118484497, 0.9478028416633606, 0.013100356794893742, -0.1572265625], [0.0, 0.0, 0.0, 1.0]], [[0.00839661993086338, 0.9999321103096008, 0.008078568615019321, -0.0294189453125], [0.0059119462966918945, 0.008029071614146233, -0.9999502897262573, 1.5683261156082153], [-0.9999472498893738, 0.008443968370556831, -0.00584412831813097, -0.00146484375], [0.0, 0.0, 0.0, 1.0]], [[-0.9241838455200195, 0.38166046142578125, -0.014812450855970383, 1.0814208984375], [0.009922005236148834, -0.01477844174951315, -0.9998415112495422, 1.548685073852539], [-0.3818189203739166, -0.9241844415664673, 0.009871159680187702, -0.07427978515625], [0.0, 0.0, 0.0, 1.0]]], "view": [[0.0, -2.0, 100.0], [-2.0, 0.0, 100.0], [0.0, 0.0, 1.0]], "bev": "bev_d638a9d96f0743de948ccbc25cfc8720.png", "aux": "aux_d638a9d96f0743de948ccbc25cfc8720.npz", "visibility": "visibility_d638a9d96f0743de948ccbc25cfc8720.png", "pose": [[0.5904676914215088, -0.8070612549781799, 0.0, 1710.33642578125], [0.8070612549781799, 0.5904676914215088, 0.0, 849.2926635742188], [0.0, 0.0, 1.0, 0.0], [0.0, 0.0, 0.0, 1.0]], "pose_inverse": [[0.5904676914215088, 0.8070612549781799, 0.0, -1695.32958984375], [-0.8070612549781799, 0.5904676914215088, 0.0, 878.866455078125], [0.0, 0.0, 1.0, 0.0], [0.0, 0.0, 0.0, 1.0]], "cam_ids": [0, 1, 2, 3, 4, 5], "cam_channels": ["CAM_FRONT_LEFT", "CAM_FRONT", "CAM_FRONT_RIGHT", "CAM_BACK_LEFT", "CAM_BACK", "CAM_BACK_RIGHT"], "token": "d638a9d96f0743de948ccbc25cfc8720", "scene": "scene-0203"}, {"images": ["samples/CAM_FRONT_LEFT/n008-2018-07-26-12-13-50-0400__CAM_FRONT_LEFT__1532621809104799.jpg", "samples/CAM_FRONT/n008-2018-07-26-12-13-50-0400__CAM_FRONT__1532621809112404.jpg", "samples/CAM_FRONT_RIGHT/n008-2018-07-26-12-13-50-0400__CAM_FRONT_RIGHT__1532621809120482.jpg", "samples/CAM_BACK_LEFT/n008-2018-07-26-12-13-50-0400__CAM_BACK_LEFT__1532621809147405.jpg", "samples/CAM_BACK/n008-2018-07-26-12-13-50-0400__CAM_BACK__1532621809137558.jpg", "samples/CAM_BACK_RIGHT/n008-2018-07-26-12-13-50-0400__CAM_BACK_RIGHT__1532621809128113.jpg"], "intrinsics": [[[1257.8625342125129, 0.0, 827.2410631095686], [0.0, 1257.8625342125129, 450.915498205774], [0.0, 0.0, 1.0]], [[1252.8131021185304, 0.0, 826.588114781398], [0.0, 1252.8131021185304, 469.9846626224581], [0.0, 0.0, 1.0]], [[1256.7485116440405, 0.0, 817.7887570959712], [0.0, 1256.7485116440403, 451.9541780095127], [0.0, 0.0, 1.0]], [[1254.9860565800168, 0.0, 829.5769333630991], [0.0, 1254.9860565800168, 467.1680561863987], [0.0, 0.0, 1.0]], [[796.8910634503094, 0.0, 857.7774326863696], [0.0, 796.8910634503094, 476.8848988407415], [0.0, 0.0, 1.0]], [[1249.9629280788233, 0.0, 825.3768045375984], [0.0, 1249.9629280788233, 462.54816385708756], [0.0, 0.0, 1.0]]], "extrinsics": [[[0.8243030905723572, -0.566047191619873, 0.010722758248448372, -0.8187255859375], [0.022593241184949875, 0.01396474614739418, -0.9996472001075745, 1.4933013916015625], [0.5656977891921997, 0.82425457239151, 0.024300023913383484, -1.209442138671875], [0.0, 0.0, 0.0, 1.0]], [[0.013037381693720818, -0.9998592734336853, -0.01055836956948042, 0.010498046875], [0.024382634088397026, 0.010874021798372269, -0.9996435642242432, 1.484640121459961], [0.9996176362037659, 0.012775260023772717, 0.02452097088098526, -1.550048828125], [0.0, 0.0, 0.0, 1.0]], [[-0.8425501585006714, -0.5378400683403015, -0.02893589623272419, 0.97113037109375], [0.032231032848358154, 0.0032806103117763996, -0.9994750618934631, 1.4976806640625], [0.5376526713371277, -0.8430405259132385, 0.014571061357855797, -1.19873046875], [0.0, 0.0, 0.0, 1.0]], [[0.9477539658546448, 0.3187682628631592, 0.012217901647090912, -1.141845703125], [0.0059408447705209255, 0.020656447857618332, -0.9997689723968506, 1.562056541442871], [-0.31894704699516296, 0.9476075172424316, 0.0176834799349308, -0.156982421875], [0.0, 0.0, 0.0, 1.0]], [[0.008234203793108463, 0.9998863339424133, 0.01262667216360569, -0.02923583984375], [0.008225524798035622, 0.012558946385979652, -0.999887228012085, 1.5684990882873535], [-0.9999322891235352, 0.008337178267538548, -0.00812117662280798, -0.01025390625], [0.0, 0.0, 0.0, 1.0]], [[-0.9241478443145752, 0.3816947042942047, -0.016120174899697304, 1.06396484375], [0.012915355153381824, -0.010956831276416779, -0.9998565912246704, 1.549173355102539], [-0.3818165957927704, -0.9242234826087952, 0.0051960088312625885, -0.0819854736328125], [0.0, 0.0, 0.0, 1.0]]], "view": [[0.0, -2.0, 100.0], [-2.0, 0.0, 100.0], [0.0, 0.0, 1.0]], "bev": "bev_c8e54ec5443a4e68a15a0299d6da0572.png", "aux": "aux_c8e54ec5443a4e68a15a0299d6da0572.npz", "visibility": "visibility_c8e54ec5443a4e68a15a0299d6da0572.png", "pose": [[0.619929850101471, -0.7846572399139404, 0.0, 1711.8250732421875], [0.7846572399139404, 0.619929850101471, 0.0, 851.1926879882812], [0.0, 0.0, 1.0, 0.0], [0.0, 0.0, 0.0, 1.0]], "pose_inverse": [[0.619929850101471, 0.7846572399139404, 0.0, -1729.10595703125], [-0.7846572399139404, 0.619929850101471, 0.0, 815.5161743164062], [0.0, 0.0, 1.0, 0.0], [0.0, 0.0, 0.0, 1.0]], "cam_ids": [0, 1, 2, 3, 4, 5], "cam_channels": ["CAM_FRONT_LEFT", "CAM_FRONT", "CAM_FRONT_RIGHT", "CAM_BACK_LEFT", "CAM_BACK", "CAM_BACK_RIGHT"], "token": "c8e54ec5443a4e68a15a0299d6da0572", "scene": "scene-0203"}, {"images": ["samples/CAM_FRONT_LEFT/n008-2018-07-26-12-13-50-0400__CAM_FRONT_LEFT__1532621809604799.jpg", "samples/CAM_FRONT/n008-2018-07-26-12-13-50-0400__CAM_FRONT__1532621809612404.jpg", "samples/CAM_FRONT_RIGHT/n008-2018-07-26-12-13-50-0400__CAM_FRONT_RIGHT__1532621809620482.jpg", "samples/CAM_BACK_LEFT/n008-2018-07-26-12-13-50-0400__CAM_BACK_LEFT__1532621809647405.jpg", "samples/CAM_BACK/n008-2018-07-26-12-13-50-0400__CAM_BACK__1532621809637558.jpg", "samples/CAM_BACK_RIGHT/n008-2018-07-26-12-13-50-0400__CAM_BACK_RIGHT__1532621809628113.jpg"], "intrinsics": [[[1257.8625342125129, 0.0, 827.2410631095686], [0.0, 1257.8625342125129, 450.915498205774], [0.0, 0.0, 1.0]], [[1252.8131021185304, 0.0, 826.588114781398], [0.0, 1252.8131021185304, 469.9846626224581], [0.0, 0.0, 1.0]], [[1256.7485116440405, 0.0, 817.7887570959712], [0.0, 1256.7485116440403, 451.9541780095127], [0.0, 0.0, 1.0]], [[1254.9860565800168, 0.0, 829.5769333630991], [0.0, 1254.9860565800168, 467.1680561863987], [0.0, 0.0, 1.0]], [[796.8910634503094, 0.0, 857.7774326863696], [0.0, 796.8910634503094, 476.8848988407415], [0.0, 0.0, 1.0]], [[1249.9629280788233, 0.0, 825.3768045375984], [0.0, 1249.9629280788233, 462.54816385708756], [0.0, 0.0, 1.0]]], "extrinsics": [[[0.8257043361663818, -0.5641016364097595, -0.0013132523745298386, -0.77880859375], [0.014542393386363983, 0.023613590747117996, -0.9996153712272644, 1.4921855926513672], [0.5639156699180603, 0.8253675699234009, 0.027701232582330704, -1.182159423828125], [0.0, 0.0, 0.0, 1.0]], [[0.014910363592207432, -0.9996961355209351, -0.019629759714007378, 0.010986328125], [0.016497408971190453, 0.019875232130289078, -0.9996663331985474, 1.4838457107543945], [0.9997527003288269, 0.0145815284922719, 0.016788741573691368, -1.5089111328125], [0.0, 0.0, 0.0, 1.0]], [[-0.8419020771980286, -0.5389589667320251, -0.026909274980425835, 0.942626953125], [0.02452404424548149, 0.011601118370890617, -0.9996318817138672, 1.4973907470703125], [0.5390728116035461, -0.8422521352767944, 0.003450446529313922, -1.1802978515625], [0.0, 0.0, 0.0, 1.0]], [[0.9478331208229065, 0.31866225600242615, 0.008161825127899647, -1.12890625], [-0.0008834190084598958, 0.0282302126288414, -0.9996010661125183, 1.5620346069335938], [-0.3187655508518219, 0.9474478363990784, 0.027039041742682457, -0.1610107421875], [0.0, 0.0, 0.0, 1.0]], [[0.0076957265846431255, 0.9997678995132446, 0.020119057968258858, -0.029052734375], [0.0011756177991628647, 0.020110594108700752, -0.9997970461845398, 1.5681352615356445], [-0.9999697208404541, 0.007717841304838657, -0.0010205786675214767, -0.030029296875], [0.0, 0.0, 0.0, 1.0]], [[-0.9247028827667236, 0.38063815236091614, -0.006252293474972248, 1.0391845703125], [0.005466674454510212, -0.003145033260807395, -0.999980092048645, 1.548532485961914], [-0.3806503117084503, -0.9247187376022339, 0.0008273962303064764, -0.09197497367858887], [0.0, 0.0, 0.0, 1.0]]], "view": [[0.0, -2.0, 100.0], [-2.0, 0.0, 100.0], [0.0, 0.0, 1.0]], "bev": "bev_28b5d6fe7ad54581a089a0cb52d19247.png", "aux": "aux_28b5d6fe7ad54581a089a0cb52d19247.npz", "visibility": "visibility_28b5d6fe7ad54581a089a0cb52d19247.png", "pose": [[0.6594156622886658, -0.7517785429954529, 0.0, 1713.6826171875], [0.7517785429954529, 0.6594156622886658, 0.0, 853.368408203125], [0.0, 0.0, 1.0, 0.0], [0.0, 0.0, 0.0, 1.0]], "pose_inverse": [[0.6594156622886658, 0.7517785429954529, 0.0, -1771.5732421875], [-0.7517785429954529, 0.6594156622886658, 0.0, 725.5853271484375], [0.0, 0.0, 1.0, 0.0], [0.0, 0.0, 0.0, 1.0]], "cam_ids": [0, 1, 2, 3, 4, 5], "cam_channels": ["CAM_FRONT_LEFT", "CAM_FRONT", "CAM_FRONT_RIGHT", "CAM_BACK_LEFT", "CAM_BACK", "CAM_BACK_RIGHT"], "token": "28b5d6fe7ad54581a089a0cb52d19247", "scene": "scene-0203"}, {"images": ["samples/CAM_FRONT_LEFT/n008-2018-07-26-12-13-50-0400__CAM_FRONT_LEFT__1532621810104799.jpg", "samples/CAM_FRONT/n008-2018-07-26-12-13-50-0400__CAM_FRONT__1532621810112404.jpg", "samples/CAM_FRONT_RIGHT/n008-2018-07-26-12-13-50-0400__CAM_FRONT_RIGHT__1532621810120482.jpg", "samples/CAM_BACK_LEFT/n008-2018-07-26-12-13-50-0400__CAM_BACK_LEFT__1532621810147405.jpg", "samples/CAM_BACK/n008-2018-07-26-12-13-50-0400__CAM_BACK__1532621810137558.jpg", "samples/CAM_BACK_RIGHT/n008-2018-07-26-12-13-50-0400__CAM_BACK_RIGHT__1532621810128113.jpg"], "intrinsics": [[[1257.8625342125129, 0.0, 827.2410631095686], [0.0, 1257.8625342125129, 450.915498205774], [0.0, 0.0, 1.0]], [[1252.8131021185304, 0.0, 826.588114781398], [0.0, 1252.8131021185304, 469.9846626224581], [0.0, 0.0, 1.0]], [[1256.7485116440405, 0.0, 817.7887570959712], [0.0, 1256.7485116440403, 451.9541780095127], [0.0, 0.0, 1.0]], [[1254.9860565800168, 0.0, 829.5769333630991], [0.0, 1254.9860565800168, 467.1680561863987], [0.0, 0.0, 1.0]], [[796.8910634503094, 0.0, 857.7774326863696], [0.0, 796.8910634503094, 476.8848988407415], [0.0, 0.0, 1.0]], [[1249.9629280788233, 0.0, 825.3768045375984], [0.0, 1249.9629280788233, 462.54816385708756], [0.0, 0.0, 1.0]]], "extrinsics": [[[0.8268527984619141, -0.5623692274093628, 0.007440759334713221, -0.7808837890625], [0.026087014004588127, 0.025133391842246056, -0.9993436336517334, 1.4951839447021484], [0.5618131160736084, 0.8265041708946228, 0.03545214980840683, -1.18603515625], [0.0, 0.0, 0.0, 1.0]], [[0.01683690771460533, -0.9996477365493774, -0.02051519602537155, 0.01275634765625], [0.028073042631149292, 0.0209826473146677, -0.9993856549263, 1.486328125], [0.9994639754295349, 0.016250628978013992, 0.028416438028216362, -1.5125732421875], [0.0, 0.0, 0.0, 1.0]], [[-0.8408422470092773, -0.5400116443634033, -0.03703804686665535, 0.946044921875], [0.03613199293613434, 0.012277080677449703, -0.9992715716362, 1.49932861328125], [0.540073037147522, -0.8415680527687073, 0.009188609197735786, -1.18017578125], [0.0, 0.0, 0.0, 1.0]], [[0.9477249979972839, 0.31852486729621887, 0.018956372514367104, -1.132080078125], [0.010926606133580208, 0.02697725035250187, -0.9995763301849365, 1.5621261596679688], [-0.31890130043029785, 0.9475305676460266, 0.02208661660552025, -0.1622314453125], [0.0, 0.0, 0.0, 1.0]], [[0.007086610421538353, 0.9997807145118713, 0.0197056382894516, -0.0311279296875], [0.012935523875057697, 0.019612830132246017, -0.9997239112854004, 1.5689363479614258], [-0.9998911619186401, 0.007339459378272295, -0.012793700210750103, -0.0274658203125], [0.0, 0.0, 0.0, 1.0]], [[-0.9249023199081421, 0.3798258900642395, -0.016969557851552963, 1.0404052734375], [0.01713114231824875, -0.0029549370519816875, -0.9998489022254944, 1.5500202178955078], [-0.3798185884952545, -0.9250532388687134, -0.003773822681978345, -0.0893402099609375], [0.0, 0.0, 0.0, 1.0]]], "view": [[0.0, -2.0, 100.0], [-2.0, 0.0, 100.0], [0.0, 0.0, 1.0]], "bev": "bev_ff0ae1cf4eae461ea2dbf154560c6cea.png", "aux": "aux_ff0ae1cf4eae461ea2dbf154560c6cea.npz", "visibility": "visibility_ff0ae1cf4eae461ea2dbf154560c6cea.png", "pose": [[0.7202175855636597, -0.6937482357025146, 0.0, 1715.8511962890625], [0.6937482357025146, 0.7202175855636597, 0.0, 855.5938110351562], [0.0, 0.0, 1.0, 0.0], [0.0, 0.0, 0.0, 1.0]], "pose_inverse": [[0.7202175855636597, 0.6937482357025146, 0.0, -1829.3529052734375], [-0.6937482357025146, 0.7202175855636597, 0.0, 574.155029296875], [0.0, 0.0, 1.0, 0.0], [0.0, 0.0, 0.0, 1.0]], "cam_ids": [0, 1, 2, 3, 4, 5], "cam_channels": ["CAM_FRONT_LEFT", "CAM_FRONT", "CAM_FRONT_RIGHT", "CAM_BACK_LEFT", "CAM_BACK", "CAM_BACK_RIGHT"], "token": "ff0ae1cf4eae461ea2dbf154560c6cea", "scene": "scene-0203"}, {"images": ["samples/CAM_FRONT_LEFT/n008-2018-07-26-12-13-50-0400__CAM_FRONT_LEFT__1532621810604799.jpg", "samples/CAM_FRONT/n008-2018-07-26-12-13-50-0400__CAM_FRONT__1532621810612404.jpg", "samples/CAM_FRONT_RIGHT/n008-2018-07-26-12-13-50-0400__CAM_FRONT_RIGHT__1532621810620482.jpg", "samples/CAM_BACK_LEFT/n008-2018-07-26-12-13-50-0400__CAM_BACK_LEFT__1532621810647405.jpg", "samples/CAM_BACK/n008-2018-07-26-12-13-50-0400__CAM_BACK__1532621810637558.jpg", "samples/CAM_BACK_RIGHT/n008-2018-07-26-12-13-50-0400__CAM_BACK_RIGHT__1532621810628113.jpg"], "intrinsics": [[[1257.8625342125129, 0.0, 827.2410631095686], [0.0, 1257.8625342125129, 450.915498205774], [0.0, 0.0, 1.0]], [[1252.8131021185304, 0.0, 826.588114781398], [0.0, 1252.8131021185304, 469.9846626224581], [0.0, 0.0, 1.0]], [[1256.7485116440405, 0.0, 817.7887570959712], [0.0, 1256.7485116440403, 451.9541780095127], [0.0, 0.0, 1.0]], [[1254.9860565800168, 0.0, 829.5769333630991], [0.0, 1254.9860565800168, 467.1680561863987], [0.0, 0.0, 1.0]], [[796.8910634503094, 0.0, 857.7774326863696], [0.0, 796.8910634503094, 476.8848988407415], [0.0, 0.0, 1.0]], [[1249.9629280788233, 0.0, 825.3768045375984], [0.0, 1249.9629280788233, 462.54816385708756], [0.0, 0.0, 1.0]]], "extrinsics": [[[0.8272738456726074, -0.5617262125015259, 0.009037811309099197, -0.7852783203125], [0.023432163521647453, 0.0184271652251482, -0.9995555877685547, 1.4944381713867188], [0.5613100528717041, 0.8271179795265198, 0.028406770899891853, -1.18731689453125], [0.0, 0.0, 0.0, 1.0]], [[0.017338022589683533, -0.9997555613517761, -0.013717670924961567, 0.01141357421875], [0.025454873219132423, 0.014156647957861423, -0.9995757937431335, 1.4856910705566406], [0.9995256662368774, 0.016981523483991623, 0.025694100186228752, -1.516357421875], [0.0, 0.0, 0.0, 1.0]], [[-0.8407208919525146, -0.5405744314193726, -0.031106818467378616, 0.948486328125], [0.03355339169502258, 0.0053273411467671394, -0.9994227290153503, 1.498779296875], [0.540428102016449, -0.8412792086601257, 0.013659301213920116, -1.183349609375], [0.0, 0.0, 0.0, 1.0]], [[0.9479226469993591, 0.31819480657577515, 0.013955018483102322, -1.1370849609375], [0.00801575556397438, 0.01996723935008049, -0.9997684955596924, 1.562079906463623], [-0.3183997571468353, 0.9478150606155396, 0.016376826912164688, -0.15960693359375], [0.0, 0.0, 0.0, 1.0]], [[0.007181327790021896, 0.9998941421508789, 0.012652859091758728, -0.030364990234375], [0.010136864148080349, 0.012579740956425667, -0.9998694658279419, 1.568720817565918], [-0.9999228119850159, 0.007308616302907467, -0.01004545297473669, -0.02294921875], [0.0, 0.0, 0.0, 1.0]], [[-0.9250379800796509, 0.37948665022850037, -0.0171592328697443, 1.0443115234375], [0.01445377990603447, -0.009977403096854687, -0.9998457431793213, 1.5496387481689453], [-0.37959927320480347, -0.9251433610916138, 0.003744460642337799, -0.08880615234375], [0.0, 0.0, 0.0, 1.0]]], "view": [[0.0, -2.0, 100.0], [-2.0, 0.0, 100.0], [0.0, 0.0, 1.0]], "bev": "bev_72a9e97906cc40faa5af3b506be35fec.png", "aux": "aux_72a9e97906cc40faa5af3b506be35fec.npz", "visibility": "visibility_72a9e97906cc40faa5af3b506be35fec.png", "pose": [[0.7862535715103149, -0.6179039478302002, 0.0, 1718.099609375], [0.6179039478302002, 0.7862535715103149, 0.0, 857.5113525390625], [0.0, 0.0, 1.0, 0.0], [0.0, 0.0, 0.0, 1.0]], "pose_inverse": [[0.7862535715103149, 0.6179039478302002, 0.0, -1880.7216796875], [-0.6179039478302002, 0.7862535715103149, 0.0, 387.3992004394531], [0.0, 0.0, 1.0, 0.0], [0.0, 0.0, 0.0, 1.0]], "cam_ids": [0, 1, 2, 3, 4, 5], "cam_channels": ["CAM_FRONT_LEFT", "CAM_FRONT", "CAM_FRONT_RIGHT", "CAM_BACK_LEFT", "CAM_BACK", "CAM_BACK_RIGHT"], "token": "72a9e97906cc40faa5af3b506be35fec", "scene": "scene-0203"}, {"images": ["samples/CAM_FRONT_LEFT/n008-2018-07-26-12-13-50-0400__CAM_FRONT_LEFT__1532621811004799.jpg", "samples/CAM_FRONT/n008-2018-07-26-12-13-50-0400__CAM_FRONT__1532621811012404.jpg", "samples/CAM_FRONT_RIGHT/n008-2018-07-26-12-13-50-0400__CAM_FRONT_RIGHT__1532621811020482.jpg", "samples/CAM_BACK_LEFT/n008-2018-07-26-12-13-50-0400__CAM_BACK_LEFT__1532621811047405.jpg", "samples/CAM_BACK/n008-2018-07-26-12-13-50-0400__CAM_BACK__1532621811037563.jpg", "samples/CAM_BACK_RIGHT/n008-2018-07-26-12-13-50-0400__CAM_BACK_RIGHT__1532621811028113.jpg"], "intrinsics": [[[1257.8625342125129, 0.0, 827.2410631095686], [0.0, 1257.8625342125129, 450.915498205774], [0.0, 0.0, 1.0]], [[1252.8131021185304, 0.0, 826.588114781398], [0.0, 1252.8131021185304, 469.9846626224581], [0.0, 0.0, 1.0]], [[1256.7485116440405, 0.0, 817.7887570959712], [0.0, 1256.7485116440403, 451.9541780095127], [0.0, 0.0, 1.0]], [[1254.9860565800168, 0.0, 829.5769333630991], [0.0, 1254.9860565800168, 467.1680561863987], [0.0, 0.0, 1.0]], [[796.8910634503094, 0.0, 857.7774326863696], [0.0, 796.8910634503094, 476.8848988407415], [0.0, 0.0, 1.0]], [[1249.9629280788233, 0.0, 825.3768045375984], [0.0, 1249.9629280788233, 462.54816385708756], [0.0, 0.0, 1.0]]], "extrinsics": [[[0.8275201320648193, -0.5613601207733154, 0.009240909479558468, -0.7802734375], [0.020734477788209915, 0.014108936302363873, -0.9996854662895203, 1.493865966796875], [0.5610530972480774, 0.8274514079093933, 0.023314937949180603, -1.183349609375], [0.0, 0.0, 0.0, 1.0]], [[0.017629366368055344, -0.9998016357421875, -0.009268882684409618, 0.010986328125], [0.02261468954384327, 0.009666678495705128, -0.9996975064277649, 1.4852066040039062], [0.9995887875556946, 0.01741435006260872, 0.02278062142431736, -1.51123046875], [0.0, 0.0, 0.0, 1.0]], [[-0.8406623601913452, -0.5409321784973145, -0.02606084756553173, 0.9447021484375], [0.030562754720449448, 0.0006575839361175895, -0.9995325803756714, 1.4984169006347656], [0.5406964421272278, -0.8410660028457642, 0.015979569405317307, -1.181640625], [0.0, 0.0, 0.0, 1.0]], [[0.9478964805603027, 0.31845009326934814, 0.009051579982042313, -1.134033203125], [0.004543547984212637, 0.014896109700202942, -0.9998787641525269, 1.5620818138122559], [-0.318546324968338, 0.9478225708007812, 0.012673075310885906, -0.15985107421875], [0.0, 0.0, 0.0, 1.0]], [[0.007021376397460699, 0.9999451637268066, 0.007775545585900545, -0.0295562744140625], [0.006844823714345694, 0.007727494928985834, -0.999946653842926, 1.5685358047485352], [-0.999951958656311, 0.007074212655425072, -0.006790190003812313, -0.0262451171875], [0.0, 0.0, 0.0, 1.0]], [[-0.9251694679260254, 0.3792099952697754, -0.016160132363438606, 1.0411376953125], [0.011459730565547943, -0.014649255201220512, -0.9998270273208618, 1.5493030548095703], [-0.3793811500072479, -0.9251946806907654, 0.009207399562001228, -0.09088134765625], [0.0, 0.0, 0.0, 1.0]]], "view": [[0.0, -2.0, 100.0], [-2.0, 0.0, 100.0], [0.0, 0.0, 1.0]], "bev": "bev_068198af40b14de785f1b38da8d3a1e4.png", "aux": "aux_068198af40b14de785f1b38da8d3a1e4.npz", "visibility": "visibility_068198af40b14de785f1b38da8d3a1e4.png", "pose": [[0.8366785049438477, -0.5476943254470825, 0.0, 1720.1478271484375], [0.5476943254470825, 0.8366785049438477, 0.0, 858.9375], [0.0, 0.0, 1.0, 0.0], [0.0, 0.0, 0.0, 1.0]], "pose_inverse": [[0.8366785049438477, 0.5476943254470825, 0.0, -1909.6458740234375], [-0.5476943254470825, 0.8366785049438477, 0.0, 223.46066284179688], [0.0, 0.0, 1.0, 0.0], [0.0, 0.0, 0.0, 1.0]], "cam_ids": [0, 1, 2, 3, 4, 5], "cam_channels": ["CAM_FRONT_LEFT", "CAM_FRONT", "CAM_FRONT_RIGHT", "CAM_BACK_LEFT", "CAM_BACK", "CAM_BACK_RIGHT"], "token": "068198af40b14de785f1b38da8d3a1e4", "scene": "scene-0203"}, {"images": ["samples/CAM_FRONT_LEFT/n008-2018-07-26-12-13-50-0400__CAM_FRONT_LEFT__1532621811504799.jpg", "samples/CAM_FRONT/n008-2018-07-26-12-13-50-0400__CAM_FRONT__1532621811512404.jpg", "samples/CAM_FRONT_RIGHT/n008-2018-07-26-12-13-50-0400__CAM_FRONT_RIGHT__1532621811520482.jpg", "samples/CAM_BACK_LEFT/n008-2018-07-26-12-13-50-0400__CAM_BACK_LEFT__1532621811547405.jpg", "samples/CAM_BACK/n008-2018-07-26-12-13-50-0400__CAM_BACK__1532621811537558.jpg", "samples/CAM_BACK_RIGHT/n008-2018-07-26-12-13-50-0400__CAM_BACK_RIGHT__1532621811528113.jpg"], "intrinsics": [[[1257.8625342125129, 0.0, 827.2410631095686], [0.0, 1257.8625342125129, 450.915498205774], [0.0, 0.0, 1.0]], [[1252.8131021185304, 0.0, 826.588114781398], [0.0, 1252.8131021185304, 469.9846626224581], [0.0, 0.0, 1.0]], [[1256.7485116440405, 0.0, 817.7887570959712], [0.0, 1256.7485116440403, 451.9541780095127], [0.0, 0.0, 1.0]], [[1254.9860565800168, 0.0, 829.5769333630991], [0.0, 1254.9860565800168, 467.1680561863987], [0.0, 0.0, 1.0]], [[796.8910634503094, 0.0, 857.7774326863696], [0.0, 796.8910634503094, 476.8848988407415], [0.0, 0.0, 1.0]], [[1249.9629280788233, 0.0, 825.3768045375984], [0.0, 1249.9629280788233, 462.54816385708756], [0.0, 0.0, 1.0]]], "extrinsics": [[[0.8275185227394104, -0.5612866878509521, 0.013054926879703999, -0.7708740234375], [0.01658879779279232, 0.0012015528045594692, -0.9998616576194763, 1.4930458068847656], [0.5611933469772339, 0.8276205658912659, 0.010305377654731274, -1.169189453125], [0.0, 0.0, 0.0, 1.0]], [[0.017557332292199135, -0.9998395442962646, 0.0035325931385159492, 0.00603485107421875], [0.01859099790453911, -0.003206070978194475, -0.9998220801353455, 1.4845504760742188], [0.9996729493141174, 0.01761988364160061, 0.01853172853589058, -1.4984130859375], [0.0, 0.0, 0.0, 1.0]], [[-0.8407694101333618, -0.5411617159843445, -0.01583494059741497, 0.93408203125], [0.026659641414880753, -0.012170989997684956, -0.9995704889297485, 1.4979591369628906], [0.5407365560531616, -0.8408305048942566, 0.024660173803567886, -1.1798095703125], [0.0, 0.0, 0.0, 1.0]], [[0.9478800892829895, 0.31862208247184753, 0.0018287571147084236, -1.134033203125], [0.001302728895097971, 0.0018640253692865372, -0.9999973773956299, 1.5620540380477905], [-0.31862473487854004, 0.9478799700737, 0.001351795275695622, -0.1597900390625], [0.0, 0.0, 0.0, 1.0]], [[0.007008923217654228, 0.9999617338180542, -0.00523018604144454, -0.02770090103149414], [0.003449121257290244, -0.005254457239061594, -0.9999802112579346, 1.568312644958496], [-0.999969482421875, 0.006990761496126652, -0.0034858188591897488, -0.0296630859375], [0.0, 0.0, 0.0, 1.0]], [[-0.9252201914787292, 0.37902504205703735, -0.017537467181682587, 1.0361328125], [0.007649816107004881, -0.027577385306358337, -0.9995903968811035, 1.5488033294677734], [-0.3793533742427826, -0.9249753952026367, 0.02261568233370781, -0.09637451171875], [0.0, 0.0, 0.0, 1.0]]], "view": [[0.0, -2.0, 100.0], [-2.0, 0.0, 100.0], [0.0, 0.0, 1.0]], "bev": "bev_6c7b3bec7e5e478098ec8fad30169604.png", "aux": "aux_6c7b3bec7e5e478098ec8fad30169604.npz", "visibility": "visibility_6c7b3bec7e5e478098ec8fad30169604.png", "pose": [[0.8910051584243774, -0.45399314165115356, 0.0, 1722.9141845703125], [0.45399314165115356, 0.8910051584243774, 0.0, 860.5504760742188], [0.0, 0.0, 1.0, 0.0], [0.0, 0.0, 0.0, 1.0]], "pose_inverse": [[0.8910051584243774, 0.45399314165115356, 0.0, -1925.8094482421875], [-0.45399314165115356, 0.8910051584243774, 0.0, 15.436267852783203], [0.0, 0.0, 1.0, 0.0], [0.0, 0.0, 0.0, 1.0]], "cam_ids": [0, 1, 2, 3, 4, 5], "cam_channels": ["CAM_FRONT_LEFT", "CAM_FRONT", "CAM_FRONT_RIGHT", "CAM_BACK_LEFT", "CAM_BACK", "CAM_BACK_RIGHT"], "token": "6c7b3bec7e5e478098ec8fad30169604", "scene": "scene-0203"}, {"images": ["samples/CAM_FRONT_LEFT/n008-2018-07-26-12-13-50-0400__CAM_FRONT_LEFT__1532621812004799.jpg", "samples/CAM_FRONT/n008-2018-07-26-12-13-50-0400__CAM_FRONT__1532621812012404.jpg", "samples/CAM_FRONT_RIGHT/n008-2018-07-26-12-13-50-0400__CAM_FRONT_RIGHT__1532621812020482.jpg", "samples/CAM_BACK_LEFT/n008-2018-07-26-12-13-50-0400__CAM_BACK_LEFT__1532621812047405.jpg", "samples/CAM_BACK/n008-2018-07-26-12-13-50-0400__CAM_BACK__1532621812037558.jpg", "samples/CAM_BACK_RIGHT/n008-2018-07-26-12-13-50-0400__CAM_BACK_RIGHT__1532621812028113.jpg"], "intrinsics": [[[1257.8625342125129, 0.0, 827.2410631095686], [0.0, 1257.8625342125129, 450.915498205774], [0.0, 0.0, 1.0]], [[1252.8131021185304, 0.0, 826.588114781398], [0.0, 1252.8131021185304, 469.9846626224581], [0.0, 0.0, 1.0]], [[1256.7485116440405, 0.0, 817.7887570959712], [0.0, 1256.7485116440403, 451.9541780095127], [0.0, 0.0, 1.0]], [[1254.9860565800168, 0.0, 829.5769333630991], [0.0, 1254.9860565800168, 467.1680561863987], [0.0, 0.0, 1.0]], [[796.8910634503094, 0.0, 857.7774326863696], [0.0, 796.8910634503094, 476.8848988407415], [0.0, 0.0, 1.0]], [[1249.9629280788233, 0.0, 825.3768045375984], [0.0, 1249.9629280788233, 462.54816385708756], [0.0, 0.0, 1.0]]], "extrinsics": [[[0.8268686532974243, -0.5623022317886353, 0.010228508152067661, -0.786865234375], [0.011316311545670033, -0.0015485226176679134, -0.999934732913971, 1.4913101196289062], [0.5622813701629639, 0.8269304633140564, 0.005082760937511921, -1.1795654296875], [0.0, 0.0, 0.0, 1.0]], [[0.016535473987460136, -0.9998458027839661, 0.005920748692005873, 0.005340576171875], [0.012964394874870777, -0.005706661380827427, -0.999899685382843, 1.4830036163330078], [0.999779224395752, 0.016610611230134964, 0.012868033722043037, -1.5140380859375], [0.0, 0.0, 0.0, 1.0]], [[-0.8412951231002808, -0.5404906272888184, -0.009609111584722996, 0.944091796875], [0.02067994885146618, -0.014416314661502838, -0.9996821880340576, 1.4966011047363281], [0.5401803255081177, -0.8412265181541443, 0.02330569550395012, -1.18658447265625], [0.0, 0.0, 0.0, 1.0]], [[0.9479479193687439, 0.3183920979499817, -0.004582863766700029, -1.1378173828125], [-0.0050397226586937904, 0.0006111655384302139, -0.9999871253967285, 1.56201171875], [-0.31838518381118774, 0.9479588866233826, 0.0021839626133441925, -0.157806396484375], [0.0, 0.0, 0.0, 1.0]], [[0.007396101951599121, 0.9999486207962036, -0.006932107266038656, -0.027435302734375], [-0.002881103428080678, -0.006910959258675575, -0.9999719262123108, 1.567859172821045], [-0.9999685287475586, 0.00741586834192276, 0.002829841338098049, -0.023681640625], [0.0, 0.0, 0.0, 1.0]], [[-0.9250736832618713, 0.3795749247074127, -0.012713703326880932, 1.04443359375], [0.0015971217071637511, -0.029587484896183014, -0.9995609521865845, 1.54796302318573], [-0.37978434562683105, -0.9246877431869507, 0.02676437422633171, -0.0931396484375], [0.0, 0.0, 0.0, 1.0]]], "view": [[0.0, -2.0, 100.0], [-2.0, 0.0, 100.0], [0.0, 0.0, 1.0]], "bev": "bev_4a53b1f6b1084f53a12c787749ac1f37.png", "aux": "aux_4a53b1f6b1084f53a12c787749ac1f37.npz", "visibility": "visibility_4a53b1f6b1084f53a12c787749ac1f37.png", "pose": [[0.9290317296981812, -0.37000006437301636, 0.0, 1725.7481689453125], [0.37000006437301636, 0.9290317296981812, 0.0, 861.8681030273438], [0.0, 0.0, 1.0, 0.0], [0.0, 0.0, 0.0, 1.0]], "pose_inverse": [[0.9290317296981812, 0.37000006437301636, 0.0, -1922.166015625], [-0.37000006437301636, 0.9290317296981812, 0.0, -162.17587280273438], [0.0, 0.0, 1.0, 0.0], [0.0, 0.0, 0.0, 1.0]], "cam_ids": [0, 1, 2, 3, 4, 5], "cam_channels": ["CAM_FRONT_LEFT", "CAM_FRONT", "CAM_FRONT_RIGHT", "CAM_BACK_LEFT", "CAM_BACK", "CAM_BACK_RIGHT"], "token": "4a53b1f6b1084f53a12c787749ac1f37", "scene": "scene-0203"}, {"images": ["samples/CAM_FRONT_LEFT/n008-2018-07-26-12-13-50-0400__CAM_FRONT_LEFT__1532621812504799.jpg", "samples/CAM_FRONT/n008-2018-07-26-12-13-50-0400__CAM_FRONT__1532621812512404.jpg", "samples/CAM_FRONT_RIGHT/n008-2018-07-26-12-13-50-0400__CAM_FRONT_RIGHT__1532621812520482.jpg", "samples/CAM_BACK_LEFT/n008-2018-07-26-12-13-50-0400__CAM_BACK_LEFT__1532621812547405.jpg", "samples/CAM_BACK/n008-2018-07-26-12-13-50-0400__CAM_BACK__1532621812537558.jpg", "samples/CAM_BACK_RIGHT/n008-2018-07-26-12-13-50-0400__CAM_BACK_RIGHT__1532621812528113.jpg"], "intrinsics": [[[1257.8625342125129, 0.0, 827.2410631095686], [0.0, 1257.8625342125129, 450.915498205774], [0.0, 0.0, 1.0]], [[1252.8131021185304, 0.0, 826.588114781398], [0.0, 1252.8131021185304, 469.9846626224581], [0.0, 0.0, 1.0]], [[1256.7485116440405, 0.0, 817.7887570959712], [0.0, 1256.7485116440403, 451.9541780095127], [0.0, 0.0, 1.0]], [[1254.9860565800168, 0.0, 829.5769333630991], [0.0, 1254.9860565800168, 467.1680561863987], [0.0, 0.0, 1.0]], [[796.8910634503094, 0.0, 857.7774326863696], [0.0, 796.8910634503094, 476.8848988407415], [0.0, 0.0, 1.0]], [[1249.9629280788233, 0.0, 825.3768045375984], [0.0, 1249.9629280788233, 462.54816385708756], [0.0, 0.0, 1.0]]], "extrinsics": [[[0.8257226347923279, -0.5640552639961243, -0.004895763471722603, -0.7999267578125], [-0.0033852194901555777, 0.0037238365039229393, -0.9999873042106628, 1.4874587059020996], [0.5640662908554077, 0.8257287740707397, 0.0011654027039185166, -1.1890869140625], [0.0, 0.0, 0.0, 1.0]], [[0.014796670526266098, -0.9998904466629028, 0.0002103081060340628, 0.005645751953125], [-0.001841998309828341, -0.00023758903262205422, -0.9999983310699463, 1.479783296585083], [0.9998887777328491, 0.014796259813010693, -0.0018453117227181792, -1.5279541015625], [0.0, 0.0, 0.0, 1.0]], [[-0.8421536087989807, -0.5392376184463501, -0.00012469958164729178, 0.9541015625], [0.0057496619410812855, -0.008748287335038185, -0.9999451637268066, 1.4939799308776855], [0.5392069816589355, -0.8421083092689514, 0.010467835702002048, -1.19256591796875], [0.0, 0.0, 0.0, 1.0]], [[0.9476584792137146, 0.31878602504730225, -0.017857076600193977, -1.135498046875], [-0.02120129205286503, 0.007023400627076626, -0.999750554561615, 1.5618438720703125], [-0.3185811936855316, 0.9478006958961487, 0.01341446302831173, -0.1595458984375], [0.0, 0.0, 0.0, 1.0]], [[0.007845770567655563, 0.9999687671661377, -0.0009207447292283177, -0.02789306640625], [-0.018515167757868767, -0.00077534414594993, -0.9998282194137573, 1.5668754577636719], [-0.9997978210449219, 0.007861512713134289, 0.018508508801460266, -0.019775390625], [0.0, 0.0, 0.0, 1.0]], [[-0.9247077703475952, 0.3806600570678711, 0.003647030331194401, 1.0528564453125], [-0.013705170713365078, -0.02371569350361824, -0.9996247887611389, 1.5461692810058594], [-0.3804307281970978, -0.9244108200073242, 0.027147097513079643, -0.08966064453125], [0.0, 0.0, 0.0, 1.0]]], "view": [[0.0, -2.0, 100.0], [-2.0, 0.0, 100.0], [0.0, 0.0, 1.0]], "bev": "bev_29ad1af20d2f4cae9a91805d8c574f80.png", "aux": "aux_29ad1af20d2f4cae9a91805d8c574f80.npz", "visibility": "visibility_29ad1af20d2f4cae9a91805d8c574f80.png", "pose": [[0.9552984237670898, -0.2956432104110718, 0.0, 1728.603759765625], [0.2956432104110718, 0.9552984237670898, 0.0, 862.9026489257812], [0.0, 0.0, 1.0, 0.0], [0.0, 0.0, 0.0, 1.0]], "pose_inverse": [[0.9552984237670898, 0.2956432104110718, 0.0, -1906.4437255859375], [-0.2956432104110718, 0.9552984237670898, 0.0, -313.27960205078125], [0.0, 0.0, 1.0, 0.0], [0.0, 0.0, 0.0, 1.0]], "cam_ids": [0, 1, 2, 3, 4, 5], "cam_channels": ["CAM_FRONT_LEFT", "CAM_FRONT", "CAM_FRONT_RIGHT", "CAM_BACK_LEFT", "CAM_BACK", "CAM_BACK_RIGHT"], "token": "29ad1af20d2f4cae9a91805d8c574f80", "scene": "scene-0203"}, {"images": ["samples/CAM_FRONT_LEFT/n008-2018-07-26-12-13-50-0400__CAM_FRONT_LEFT__1532621812904799.jpg", "samples/CAM_FRONT/n008-2018-07-26-12-13-50-0400__CAM_FRONT__1532621812912404.jpg", "samples/CAM_FRONT_RIGHT/n008-2018-07-26-12-13-50-0400__CAM_FRONT_RIGHT__1532621812920482.jpg", "samples/CAM_BACK_LEFT/n008-2018-07-26-12-13-50-0400__CAM_BACK_LEFT__1532621812947405.jpg", "samples/CAM_BACK/n008-2018-07-26-12-13-50-0400__CAM_BACK__1532621812937558.jpg", "samples/CAM_BACK_RIGHT/n008-2018-07-26-12-13-50-0400__CAM_BACK_RIGHT__1532621812928113.jpg"], "intrinsics": [[[1257.8625342125129, 0.0, 827.2410631095686], [0.0, 1257.8625342125129, 450.915498205774], [0.0, 0.0, 1.0]], [[1252.8131021185304, 0.0, 826.588114781398], [0.0, 1252.8131021185304, 469.9846626224581], [0.0, 0.0, 1.0]], [[1256.7485116440405, 0.0, 817.7887570959712], [0.0, 1256.7485116440403, 451.9541780095127], [0.0, 0.0, 1.0]], [[1254.9860565800168, 0.0, 829.5769333630991], [0.0, 1254.9860565800168, 467.1680561863987], [0.0, 0.0, 1.0]], [[796.8910634503094, 0.0, 857.7774326863696], [0.0, 796.8910634503094, 476.8848988407415], [0.0, 0.0, 1.0]], [[1249.9629280788233, 0.0, 825.3768045375984], [0.0, 1249.9629280788233, 462.54816385708756], [0.0, 0.0, 1.0]]], "extrinsics": [[[0.8243860006332397, -0.565907895565033, -0.011656238697469234, -0.838623046875], [-0.012293795123696327, 0.0026868009008467197, -0.9999207854270935, 1.4857921600341797], [0.5658944249153137, 0.8244640827178955, -0.004742195829749107, -1.21484375], [0.0, 0.0, 0.0, 1.0]], [[0.012984246015548706, -0.9999146461486816, 0.0013994413893669844, 0.004730224609375], [-0.01025782898068428, -0.0015326868742704391, -0.9999462366104126, 1.4784297943115234], [0.9998630285263062, 0.01296919770538807, -0.010276854038238525, -1.5660400390625], [0.0, 0.0, 0.0, 1.0]], [[-0.8428932428359985, -0.5380303859710693, 0.007364381104707718, 0.978271484375], [-0.002146494807675481, -0.010324147529900074, -0.9999443888664246, 1.4927663803100586], [0.5380765199661255, -0.8428621888160706, 0.00754727516323328, -1.2083740234375], [0.0, 0.0, 0.0, 1.0]], [[0.947708785533905, 0.318192720413208, -0.0245257206261158, -1.135986328125], [-0.027380967512726784, 0.004503259435296059, -0.999614953994751, 1.5618171691894531], [-0.31795984506607056, 0.9480152726173401, 0.01298020500689745, -0.158416748046875], [0.0, 0.0, 0.0, 1.0]], [[0.008594002574682236, 0.9999580979347229, -0.003129875985905528, -0.027557373046875], [-0.025335803627967834, -0.0029112426564097404, -0.9996747374534607, 1.56671142578125], [-0.999642014503479, 0.00867048092186451, 0.0253097265958786, -0.009033203125], [0.0, 0.0, 0.0, 1.0]], [[-0.9242560267448425, 0.3816471993923187, 0.009806409478187561, 1.07177734375], [-0.021139446645975113, -0.02551371231675148, -0.9994509220123291, 1.5457382202148438], [-0.38118740916252136, -0.9239557981491089, 0.031649015843868256, -0.0819091796875], [0.0, 0.0, 0.0, 1.0]]], "view": [[0.0, -2.0, 100.0], [-2.0, 0.0, 100.0], [0.0, 0.0, 1.0]], "bev": "bev_6881140ec56e44c99edc16180d15108a.png", "aux": "aux_6881140ec56e44c99edc16180d15108a.npz", "visibility": "visibility_6881140ec56e44c99edc16180d15108a.png", "pose": [[0.9672675728797913, -0.2537585198879242, 0.0, 1730.59423828125], [0.2537585198879242, 0.9672675728797913, 0.0, 863.492431640625], [0.0, 0.0, 1.0, 0.0], [0.0, 0.0, 0.0, 1.0]], "pose_inverse": [[0.9672675728797913, 0.2537585198879242, 0.0, -1893.0662841796875], [-0.2537585198879242, 0.9672675728797913, 0.0, -396.0751953125], [0.0, 0.0, 1.0, 0.0], [0.0, 0.0, 0.0, 1.0]], "cam_ids": [0, 1, 2, 3, 4, 5], "cam_channels": ["CAM_FRONT_LEFT", "CAM_FRONT", "CAM_FRONT_RIGHT", "CAM_BACK_LEFT", "CAM_BACK", "CAM_BACK_RIGHT"], "token": "6881140ec56e44c99edc16180d15108a", "scene": "scene-0203"}, {"images": ["samples/CAM_FRONT_LEFT/n008-2018-07-26-12-13-50-0400__CAM_FRONT_LEFT__1532621813404799.jpg", "samples/CAM_FRONT/n008-2018-07-26-12-13-50-0400__CAM_FRONT__1532621813412404.jpg", "samples/CAM_FRONT_RIGHT/n008-2018-07-26-12-13-50-0400__CAM_FRONT_RIGHT__1532621813420482.jpg", "samples/CAM_BACK_LEFT/n008-2018-07-26-12-13-50-0400__CAM_BACK_LEFT__1532621813447405.jpg", "samples/CAM_BACK/n008-2018-07-26-12-13-50-0400__CAM_BACK__1532621813437558.jpg", "samples/CAM_BACK_RIGHT/n008-2018-07-26-12-13-50-0400__CAM_BACK_RIGHT__1532621813428113.jpg"], "intrinsics": [[[1257.8625342125129, 0.0, 827.2410631095686], [0.0, 1257.8625342125129, 450.915498205774], [0.0, 0.0, 1.0]], [[1252.8131021185304, 0.0, 826.588114781398], [0.0, 1252.8131021185304, 469.9846626224581], [0.0, 0.0, 1.0]], [[1256.7485116440405, 0.0, 817.7887570959712], [0.0, 1256.7485116440403, 451.9541780095127], [0.0, 0.0, 1.0]], [[1254.9860565800168, 0.0, 829.5769333630991], [0.0, 1254.9860565800168, 467.1680561863987], [0.0, 0.0, 1.0]], [[796.8910634503094, 0.0, 857.7774326863696], [0.0, 796.8910634503094, 476.8848988407415], [0.0, 0.0, 1.0]], [[1249.9629280788233, 0.0, 825.3768045375984], [0.0, 1249.9629280788233, 462.54816385708756], [0.0, 0.0, 1.0]]], "extrinsics": [[[0.8235170841217041, -0.5672335624694824, -0.008110014721751213, -0.9061279296875], [-0.009377273730933666, 0.0006828081677667797, -0.9999558329582214, 1.4871807098388672], [0.5672140121459961, 0.823556661605835, -0.00475680036470294, -1.2684326171875], [0.0, 0.0, 0.0, 1.0]], [[0.011711948551237583, -0.9999250173568726, 0.0035671358928084373, 0.008575439453125], [-0.007337247487157583, -0.00365322339348495, -0.9999664425849915, 1.4794540405273438], [0.999904453754425, 0.011685368604958057, -0.007379482965916395, -1.6373291015625], [0.0, 0.0, 0.0, 1.0]], [[-0.8434261679649353, -0.5372104644775391, 0.006096322555094957, 1.02734375], [0.0007811831310391426, -0.012573669664561749, -0.9999206066131592, 1.4931602478027344], [0.5372444987297058, -0.8433545231819153, 0.01102462224662304, -1.2352294921875], [0.0, 0.0, 0.0, 1.0]], [[0.947664737701416, 0.31847912073135376, -0.022418975830078125, -1.13427734375], [-0.02426835335791111, 0.0018397740786895156, -0.9997038245201111, 1.5617866516113281], [-0.3183436095714569, 0.9479280114173889, 0.009472454898059368, -0.1597900390625], [0.0, 0.0, 0.0, 1.0]], [[0.008798674680292606, 0.9999455213546753, -0.00562063604593277, -0.029449462890625], [-0.0223388634622097, -0.005422892980277538, -0.9997357130050659, 1.5673370361328125], [-0.9997116923332214, 0.0