[{"images": ["samples/CAM_FRONT_LEFT/n008-2018-08-30-15-16-55-0400__CAM_FRONT_LEFT__1535656795254799.jpg", "samples/CAM_FRONT/n008-2018-08-30-15-16-55-0400__CAM_FRONT__1535656795262404.jpg", "samples/CAM_FRONT_RIGHT/n008-2018-08-30-15-16-55-0400__CAM_FRONT_RIGHT__1535656795270482.jpg", "samples/CAM_BACK_LEFT/n008-2018-08-30-15-16-55-0400__CAM_BACK_LEFT__1535656795297405.jpg", "samples/CAM_BACK/n008-2018-08-30-15-16-55-0400__CAM_BACK__1535656795287558.jpg", "samples/CAM_BACK_RIGHT/n008-2018-08-30-15-16-55-0400__CAM_BACK_RIGHT__1535656795278113.jpg"], "intrinsics": [[[1257.8625342125129, 0.0, 827.2410631095686], [0.0, 1257.8625342125129, 450.915498205774], [0.0, 0.0, 1.0]], [[1252.8131021185304, 0.0, 826.588114781398], [0.0, 1252.8131021185304, 469.9846626224581], [0.0, 0.0, 1.0]], [[1256.7485116440405, 0.0, 817.7887570959712], [0.0, 1256.7485116440403, 451.9541780095127], [0.0, 0.0, 1.0]], [[1254.9860565800168, 0.0, 829.5769333630991], [0.0, 1254.9860565800168, 467.1680561863987], [0.0, 0.0, 1.0]], [[796.8910634503094, 0.0, 857.7774326863696], [0.0, 796.8910634503094, 476.8848988407415], [0.0, 0.0, 1.0]], [[1249.9629280788233, 0.0, 825.3768045375984], [0.0, 1249.9629280788233, 462.54816385708756], [0.0, 0.0, 1.0]]], "extrinsics": [[[0.8236286640167236, -0.5669654607772827, -0.013640630058944225, -0.6654891967773438], [0.010656988248229027, 0.03952021524310112, -0.9991618990898132, 1.4925346374511719], [0.5670293569564819, 0.8227929472923279, 0.038592126220464706, -1.10345458984375], [0.0, 0.0, 0.0, 1.0]], [[0.012098502367734909, -0.9993123412132263, -0.03504972904920578, 0.0126953125], [0.012228608131408691, 0.03519754111766815, -0.9993056058883667, 1.4842147827148438], [0.9998520016670227, 0.01166148204356432, 0.01264603715389967, -1.394378662109375], [0.0, 0.0, 0.0, 1.0]], [[-0.8430626392364502, -0.5369249582290649, -0.030934907495975494, 0.86749267578125], [0.019935252144932747, 0.026281893253326416, -0.9994557499885559, 1.4983100891113281], [0.5374457836151123, -0.8432204723358154, -0.011453548446297646, -1.131744384765625], [0.0, 0.0, 0.0, 1.0]], [[0.9478378295898438, 0.31868234276771545, 0.006703897379338741, -1.12298583984375], [-0.006607616785913706, 0.04067107290029526, -0.9991506934165955, 1.5618820190429688], [-0.31868433952331543, 0.9469885230064392, 0.040655311197042465, -0.1634521484375], [0.0, 0.0, 0.0, 1.0]], [[0.008519052527844906, 0.9994058609008789, 0.03339683637022972, -0.02923583984375], [-0.0041380031034350395, 0.03343299403786659, -0.999432384967804, 1.5675544738769531], [-0.9999551177024841, 0.008376010693609715, 0.0044203647412359715, -0.067291259765625], [0.0, 0.0, 0.0, 1.0]], [[-0.9241766929626465, 0.3819465935230255, 0.0037726699374616146, 0.9774246215820312], [0.00046265171840786934, 0.010996337048709393, -0.9999394416809082, 1.5478782653808594], [-0.38196486234664917, -0.9241189956665039, -0.010339267551898956, -0.116943359375], [0.0, 0.0, 0.0, 1.0]]], "view": [[0.0, -2.0, 100.0], [-2.0, 0.0, 100.0], [0.0, 0.0, 1.0]], "bev": "bev_7a5d086b763a4f0f871eb6f6691794ff.png", "aux": "aux_7a5d086b763a4f0f871eb6f6691794ff.npz", "visibility": "visibility_7a5d086b763a4f0f871eb6f6691794ff.png", "pose": [[-0.7710961699485779, -0.6367186903953552, 0.0, 850.0067138671875], [0.6367186903953552, -0.7710961699485779, 0.0, 355.1800537109375], [0.0, 0.0, 1.0, 0.0], [0.0, 0.0, 0.0, 1.0]], "pose_inverse": [[-0.7710961699485779, 0.6367186903953552, 0.0, 429.28717041015625], [-0.6367186903953552, -0.7710961699485779, 0.0, 815.0931396484375], [0.0, 0.0, 1.0, 0.0], [0.0, 0.0, 0.0, 1.0]], "cam_ids": [0, 1, 2, 3, 4, 5], "cam_channels": ["CAM_FRONT_LEFT", "CAM_FRONT", "CAM_FRONT_RIGHT", "CAM_BACK_LEFT", "CAM_BACK", "CAM_BACK_RIGHT"], "token": "7a5d086b763a4f0f871eb6f6691794ff", "scene": "scene-0746"}, {"images": ["samples/CAM_FRONT_LEFT/n008-2018-08-30-15-16-55-0400__CAM_FRONT_LEFT__1535656795754799.jpg", "samples/CAM_FRONT/n008-2018-08-30-15-16-55-0400__CAM_FRONT__1535656795762404.jpg", "samples/CAM_FRONT_RIGHT/n008-2018-08-30-15-16-55-0400__CAM_FRONT_RIGHT__1535656795770482.jpg", "samples/CAM_BACK_LEFT/n008-2018-08-30-15-16-55-0400__CAM_BACK_LEFT__1535656795797405.jpg", "samples/CAM_BACK/n008-2018-08-30-15-16-55-0400__CAM_BACK__1535656795787558.jpg", "samples/CAM_BACK_RIGHT/n008-2018-08-30-15-16-55-0400__CAM_BACK_RIGHT__1535656795778113.jpg"], "intrinsics": [[[1257.8625342125129, 0.0, 827.2410631095686], [0.0, 1257.8625342125129, 450.915498205774], [0.0, 0.0, 1.0]], [[1252.8131021185304, 0.0, 826.588114781398], [0.0, 1252.8131021185304, 469.9846626224581], [0.0, 0.0, 1.0]], [[1256.7485116440405, 0.0, 817.7887570959712], [0.0, 1256.7485116440403, 451.9541780095127], [0.0, 0.0, 1.0]], [[1254.9860565800168, 0.0, 829.5769333630991], [0.0, 1254.9860565800168, 467.1680561863987], [0.0, 0.0, 1.0]], [[796.8910634503094, 0.0, 857.7774326863696], [0.0, 796.8910634503094, 476.8848988407415], [0.0, 0.0, 1.0]], [[1249.9629280788233, 0.0, 825.3768045375984], [0.0, 1249.9629280788233, 462.54816385708756], [0.0, 0.0, 1.0]]], "extrinsics": [[[0.8231909871101379, -0.5676808953285217, -0.009746778756380081, -0.6608200073242188], [0.010263760574162006, 0.03204316645860672, -0.9994337558746338, 1.4925346374511719], [0.5676718354225159, 0.8226248621940613, 0.03220418840646744, -1.0975341796875], [0.0, 0.0, 0.0, 1.0]], [[0.011417055502533913, -0.9995498657226562, -0.027743054553866386, 0.0107421875], [0.012248235754668713, 0.02788257598876953, -0.9995362162590027, 1.4843711853027344], [0.9998597502708435, 0.011071952059864998, 0.012561059556901455, -1.388214111328125], [0.0, 0.0, 0.0, 1.0]], [[-0.8433604836463928, -0.5366489887237549, -0.027404872700572014, 0.86248779296875], [0.02029915526509285, 0.0191460270434618, -0.9996106028556824, 1.4985580444335938], [0.5369646549224854, -0.8435883522033691, -0.005253482609987259, -1.130706787109375], [0.0, 0.0, 0.0, 1.0]], [[0.9478673934936523, 0.3186034858226776, 0.006266084499657154, -1.123291015625], [-0.004868862684816122, 0.034140851348638535, -0.9994052052497864, 1.5619335174560547], [-0.31862786412239075, 0.9472730159759521, 0.033912237733602524, -0.1632080078125], [0.0, 0.0, 0.0, 1.0]], [[0.008756915107369423, 0.9996069073677063, 0.02663317508995533, -0.02850341796875], [-0.0027714206371456385, 0.026658354327082634, -0.999640703201294, 1.5677318572998047], [-0.9999578595161438, 0.00867998693138361, 0.0030037756077945232, -0.068756103515625], [0.0, 0.0, 0.0, 1.0]], [[-0.9240096211433411, 0.3823689818382263, 0.00026164064183831215, 0.9749069213867188], [0.0013765629846602678, 0.004010775592178106, -0.9999909996986389, 1.548084020614624], [-0.3823665976524353, -0.9240009188652039, -0.004232350271195173, -0.1195068359375], [0.0, 0.0, 0.0, 1.0]]], "view": [[0.0, -2.0, 100.0], [-2.0, 0.0, 100.0], [0.0, 0.0, 1.0]], "bev": "bev_276b30eee8264bb89176c3da54d44096.png", "aux": "aux_276b30eee8264bb89176c3da54d44096.npz", "visibility": "visibility_276b30eee8264bb89176c3da54d44096.png", "pose": [[-0.763972818851471, -0.6452484130859375, 0.0, 846.4535522460938], [0.6452484130859375, -0.763972818851471, 0.0, 358.1883544921875], [0.0, 0.0, 1.0, 0.0], [0.0, 0.0, 0.0, 1.0]], "pose_inverse": [[-0.763972818851471, 0.6452484130859375, 0.0, 415.54705810546875], [-0.6452484130859375, -0.763972818851471, 0.0, 819.8189697265625], [0.0, 0.0, 1.0, 0.0], [0.0, 0.0, 0.0, 1.0]], "cam_ids": [0, 1, 2, 3, 4, 5], "cam_channels": ["CAM_FRONT_LEFT", "CAM_FRONT", "CAM_FRONT_RIGHT", "CAM_BACK_LEFT", "CAM_BACK", "CAM_BACK_RIGHT"], "token": "276b30eee8264bb89176c3da54d44096", "scene": "scene-0746"}, {"images": ["samples/CAM_FRONT_LEFT/n008-2018-08-30-15-16-55-0400__CAM_FRONT_LEFT__1535656796254799.jpg", "samples/CAM_FRONT/n008-2018-08-30-15-16-55-0400__CAM_FRONT__1535656796262404.jpg", "samples/CAM_FRONT_RIGHT/n008-2018-08-30-15-16-55-0400__CAM_FRONT_RIGHT__1535656796270482.jpg", "samples/CAM_BACK_LEFT/n008-2018-08-30-15-16-55-0400__CAM_BACK_LEFT__1535656796297405.jpg", "samples/CAM_BACK/n008-2018-08-30-15-16-55-0400__CAM_BACK__1535656796287558.jpg", "samples/CAM_BACK_RIGHT/n008-2018-08-30-15-16-55-0400__CAM_BACK_RIGHT__1535656796278113.jpg"], "intrinsics": [[[1257.8625342125129, 0.0, 827.2410631095686], [0.0, 1257.8625342125129, 450.915498205774], [0.0, 0.0, 1.0]], [[1252.8131021185304, 0.0, 826.588114781398], [0.0, 1252.8131021185304, 469.9846626224581], [0.0, 0.0, 1.0]], [[1256.7485116440405, 0.0, 817.7887570959712], [0.0, 1256.7485116440403, 451.9541780095127], [0.0, 0.0, 1.0]], [[1254.9860565800168, 0.0, 829.5769333630991], [0.0, 1254.9860565800168, 467.1680561863987], [0.0, 0.0, 1.0]], [[796.8910634503094, 0.0, 857.7774326863696], [0.0, 796.8910634503094, 476.8848988407415], [0.0, 0.0, 1.0]], [[1249.9629280788233, 0.0, 825.3768045375984], [0.0, 1249.9629280788233, 462.54816385708756], [0.0, 0.0, 1.0]]], "extrinsics": [[[0.8222050070762634, -0.5688104033470154, -0.020823711529374123, -0.6496124267578125], [0.003622459014877677, 0.041813164949417114, -0.9991188645362854, 1.4899520874023438], [0.569179892539978, 0.8214051723480225, 0.03643948584794998, -1.0845947265625], [0.0, 0.0, 0.0, 1.0]], [[0.009771532379090786, -0.999268114566803, -0.036982279270887375, 0.00726318359375], [0.0058826575987041, 0.03704085201025009, -0.9992964267730713, 1.4823493957519531], [0.9999349117279053, 0.009547068737447262, 0.00624029990285635, -1.373870849609375], [0.0, 0.0, 0.0, 1.0]], [[-0.8442000150680542, -0.535350501537323, -0.02694721892476082, 0.8507080078125], [0.014350982382893562, 0.027680959552526474, -0.9995137453079224, 1.4971733093261719], [0.5358361601829529, -0.8441762328147888, -0.015685459598898888, -1.126861572265625], [0.0, 0.0, 0.0, 1.0]], [[0.9480690360069275, 0.31802740693092346, 0.004872462712228298, -1.116943359375], [-0.008677060715854168, 0.04117444157600403, -0.9991142749786377, 1.5618228912353516], [-0.31794634461402893, 0.947187066078186, 0.0417957529425621, -0.16448974609375], [0.0, 0.0, 0.0, 1.0]], [[0.009440404362976551, 0.9993767738342285, 0.034014489501714706, -0.02740478515625], [-0.007465451490134001, 0.03408549353480339, -0.9993910193443298, 1.5671768188476562], [-0.9999274611473083, 0.009180625900626183, 0.007782577071338892, -0.075958251953125], [0.0, 0.0, 0.0, 1.0]], [[-0.9236250519752502, 0.38320252299308777, 0.00851468462496996, 0.9666748046875], [-0.004213017877191305, 0.012063439935445786, -0.9999183416366577, 1.54693603515625], [-0.38327398896217346, -0.9235855340957642, -0.009527655318379402, -0.1251220703125], [0.0, 0.0, 0.0, 1.0]]], "view": [[0.0, -2.0, 100.0], [-2.0, 0.0, 100.0], [0.0, 0.0, 1.0]], "bev": "bev_7c7aef72006949b68d4e4f88c46f79bb.png", "aux": "aux_7c7aef72006949b68d4e4f88c46f79bb.npz", "visibility": "visibility_7c7aef72006949b68d4e4f88c46f79bb.png", "pose": [[-0.756159245967865, -0.6543876528739929, 0.0, 842.9029541015625], [0.6543876528739929, -0.756159245967865, 0.0, 361.26202392578125], [0.0, 0.0, 1.0, 0.0], [0.0, 0.0, 0.0, 1.0]], "pose_inverse": [[-0.756159245967865, 0.6543876528739929, 0.0, 400.9634094238281], [-0.6543876528739929, -0.756159245967865, 0.0, 824.7568969726562], [0.0, 0.0, 1.0, 0.0], [0.0, 0.0, 0.0, 1.0]], "cam_ids": [0, 1, 2, 3, 4, 5], "cam_channels": ["CAM_FRONT_LEFT", "CAM_FRONT", "CAM_FRONT_RIGHT", "CAM_BACK_LEFT", "CAM_BACK", "CAM_BACK_RIGHT"], "token": "7c7aef72006949b68d4e4f88c46f79bb", "scene": "scene-0746"}, {"images": ["samples/CAM_FRONT_LEFT/n008-2018-08-30-15-16-55-0400__CAM_FRONT_LEFT__1535656796754799.jpg", "samples/CAM_FRONT/n008-2018-08-30-15-16-55-0400__CAM_FRONT__1535656796762404.jpg", "samples/CAM_FRONT_RIGHT/n008-2018-08-30-15-16-55-0400__CAM_FRONT_RIGHT__1535656796770482.jpg", "samples/CAM_BACK_LEFT/n008-2018-08-30-15-16-55-0400__CAM_BACK_LEFT__1535656796797405.jpg", "samples/CAM_BACK/n008-2018-08-30-15-16-55-0400__CAM_BACK__1535656796787558.jpg", "samples/CAM_BACK_RIGHT/n008-2018-08-30-15-16-55-0400__CAM_BACK_RIGHT__1535656796778113.jpg"], "intrinsics": [[[1257.8625342125129, 0.0, 827.2410631095686], [0.0, 1257.8625342125129, 450.915498205774], [0.0, 0.0, 1.0]], [[1252.8131021185304, 0.0, 826.588114781398], [0.0, 1252.8131021185304, 469.9846626224581], [0.0, 0.0, 1.0]], [[1256.7485116440405, 0.0, 817.7887570959712], [0.0, 1256.7485116440403, 451.9541780095127], [0.0, 0.0, 1.0]], [[1254.9860565800168, 0.0, 829.5769333630991], [0.0, 1254.9860565800168, 467.1680561863987], [0.0, 0.0, 1.0]], [[796.8910634503094, 0.0, 857.7774326863696], [0.0, 796.8910634503094, 476.8848988407415], [0.0, 0.0, 1.0]], [[1249.9629280788233, 0.0, 825.3768045375984], [0.0, 1249.9629280788233, 462.54816385708756], [0.0, 0.0, 1.0]]], "extrinsics": [[[0.8224896192550659, -0.5686377286911011, -0.012732322327792645, -0.6607513427734375], [0.008487578481435776, 0.03465328365564346, -0.9993633031845093, 1.4917984008789062], [0.5687168836593628, 0.8218578696250916, 0.03332832083106041, -1.0966796875], [0.0, 0.0, 0.0, 1.0]], [[0.010168417356908321, -0.9994882941246033, -0.030328642576932907, 0.010009765625], [0.01031553652137518, 0.030433448031544685, -0.999483585357666, 1.4837188720703125], [0.9998950958251953, 0.009850285947322845, 0.010619718581438065, -1.38714599609375], [0.0, 0.0, 0.0, 1.0]], [[-0.8440141677856445, -0.5356408357620239, -0.027001775801181793, 0.86077880859375], [0.018220756202936172, 0.02167939953505993, -0.9995988607406616, 1.4980297088623047], [0.536011278629303, -0.8441676497459412, -0.008537940680980682, -1.130462646484375], [0.0, 0.0, 0.0, 1.0]], [[0.9480091333389282, 0.31820088624954224, 0.00519453315064311, -1.11883544921875], [-0.007072309497743845, 0.037383269518613815, -0.9992759823799133, 1.5618743896484375], [-0.3181646168231964, 0.9472860097885132, 0.037690095603466034, -0.1640625], [0.0, 0.0, 0.0, 1.0]], [[0.009285944513976574, 0.9995204210281372, 0.02954206056892872, -0.028076171875], [-0.004974937532097101, 0.02958914451301098, -0.9995497465133667, 1.5674800872802734], [-0.9999445676803589, 0.009134847670793533, 0.005247314926236868, -0.071044921875], [0.0, 0.0, 0.0, 1.0]], [[-0.9236900806427002, 0.38312578201293945, 0.0033245522063225508, 0.9732170104980469], [-0.0008185426704585552, 0.006703793071210384, -0.999977171421051, 1.5476412773132324], [-0.3831392228603363, -0.9236718416213989, -0.005878622643649578, -0.12078857421875], [0.0, 0.0, 0.0, 1.0]]], "view": [[0.0, -2.0, 100.0], [-2.0, 0.0, 100.0], [0.0, 0.0, 1.0]], "bev": "bev_ac53738dc3534df5a869a0da6b9ad853.png", "aux": "aux_ac53738dc3534df5a869a0da6b9ad853.npz", "visibility": "visibility_ac53738dc3534df5a869a0da6b9ad853.png", "pose": [[-0.7478017210960388, -0.663922131061554, 0.0, 839.5018310546875], [0.663922131061554, -0.7478017210960388, 0.0, 364.2844543457031], [0.0, 0.0, 1.0, 0.0], [0.0, 0.0, 0.0, 1.0]], "pose_inverse": [[-0.7478017210960388, 0.663922131061554, 0.0, 385.92437744140625], [-0.663922131061554, -0.7478017210960388, 0.0, 829.7763671875], [0.0, 0.0, 1.0, 0.0], [0.0, 0.0, 0.0, 1.0]], "cam_ids": [0, 1, 2, 3, 4, 5], "cam_channels": ["CAM_FRONT_LEFT", "CAM_FRONT", "CAM_FRONT_RIGHT", "CAM_BACK_LEFT", "CAM_BACK", "CAM_BACK_RIGHT"], "token": "ac53738dc3534df5a869a0da6b9ad853", "scene": "scene-0746"}, {"images": ["samples/CAM_FRONT_LEFT/n008-2018-08-30-15-16-55-0400__CAM_FRONT_LEFT__1535656797254799.jpg", "samples/CAM_FRONT/n008-2018-08-30-15-16-55-0400__CAM_FRONT__1535656797262404.jpg", "samples/CAM_FRONT_RIGHT/n008-2018-08-30-15-16-55-0400__CAM_FRONT_RIGHT__1535656797270503.jpg", "samples/CAM_BACK_LEFT/n008-2018-08-30-15-16-55-0400__CAM_BACK_LEFT__1535656797297405.jpg", "samples/CAM_BACK/n008-2018-08-30-15-16-55-0400__CAM_BACK__1535656797287558.jpg", "samples/CAM_BACK_RIGHT/n008-2018-08-30-15-16-55-0400__CAM_BACK_RIGHT__1535656797278113.jpg"], "intrinsics": [[[1257.8625342125129, 0.0, 827.2410631095686], [0.0, 1257.8625342125129, 450.915498205774], [0.0, 0.0, 1.0]], [[1252.8131021185304, 0.0, 826.588114781398], [0.0, 1252.8131021185304, 469.9846626224581], [0.0, 0.0, 1.0]], [[1256.7485116440405, 0.0, 817.7887570959712], [0.0, 1256.7485116440403, 451.9541780095127], [0.0, 0.0, 1.0]], [[1254.9860565800168, 0.0, 829.5769333630991], [0.0, 1254.9860565800168, 467.1680561863987], [0.0, 0.0, 1.0]], [[796.8910634503094, 0.0, 857.7774326863696], [0.0, 796.8910634503094, 476.8848988407415], [0.0, 0.0, 1.0]], [[1249.9629280788233, 0.0, 825.3768045375984], [0.0, 1249.9629280788233, 462.54816385708756], [0.0, 0.0, 1.0]]], "extrinsics": [[[0.8226010203361511, -0.5683549642562866, -0.01732426881790161, -0.6529388427734375], [0.009974629618227482, 0.04488583281636238, -0.9989423155784607, 1.4924278259277344], [0.5685314536094666, 0.8215582370758057, 0.042592260986566544, -1.09332275390625], [0.0, 0.0, 0.0, 1.0]], [[0.010352564044296741, -0.9991304278373718, -0.04038594663143158, 0.01123046875], [0.011663926765322685, 0.0405060239136219, -0.9991112351417542, 1.4842109680175781], [0.9998783469200134, 0.009872233495116234, 0.012073126621544361, -1.3797607421875], [0.0, 0.0, 0.0, 1.0]], [[-0.8439180850982666, -0.5354339480400085, -0.033357881009578705, 0.8558349609375], [0.019473684951663017, 0.03156455233693123, -0.9993119835853577, 1.4984550476074219], [0.5361185073852539, -0.8439871072769165, -0.016211025416851044, -1.126251220703125], [0.0, 0.0, 0.0, 1.0]], [[0.9479716420173645, 0.31824663281440735, 0.008288031443953514, -1.1148681640625], [-0.006690029986202717, 0.0459425263106823, -0.9989216923713684, 1.5618629455566406], [-0.31828421354293823, 0.9468939900398254, 0.045681294053792953, -0.16522216796875], [0.0, 0.0, 0.0, 1.0]], [[0.009269467554986477, 0.9992102980613708, 0.038639411330223083, -0.02850341796875], [-0.004323398228734732, 0.03868075832724571, -0.9992422461509705, 1.5675125122070312], [-0.9999476671218872, 0.009095422923564911, 0.004678533878177404, -0.07623291015625], [0.0, 0.0, 0.0, 1.0]], [[-0.9237169027328491, 0.383027583360672, 0.006065127905458212, 0.9676170349121094], [0.00017288888921029866, 0.016249552369117737, -0.9998679757118225, 1.5478267669677734], [-0.38307562470436096, -0.9235939383506775, -0.015076207928359509, -0.12237548828125], [0.0, 0.0, 0.0, 1.0]]], "view": [[0.0, -2.0, 100.0], [-2.0, 0.0, 100.0], [0.0, 0.0, 1.0]], "bev": "bev_bcdc6f14985c4fb98c9b1698a2d58076.png", "aux": "aux_bcdc6f14985c4fb98c9b1698a2d58076.npz", "visibility": "visibility_bcdc6f14985c4fb98c9b1698a2d58076.png", "pose": [[-0.742546558380127, -0.6697944402694702, 0.0, 836.1097412109375], [0.6697944402694702, -0.742546558380127, 0.0, 367.370361328125], [0.0, 0.0, 1.0, 0.0], [0.0, 0.0, 0.0, 1.0]], "pose_inverse": [[-0.742546558380127, 0.6697944402694702, 0.0, 374.78778076171875], [-0.6697944402694702, -0.742546558380127, 0.0, 832.811279296875], [0.0, 0.0, 1.0, 0.0], [0.0, 0.0, 0.0, 1.0]], "cam_ids": [0, 1, 2, 3, 4, 5], "cam_channels": ["CAM_FRONT_LEFT", "CAM_FRONT", "CAM_FRONT_RIGHT", "CAM_BACK_LEFT", "CAM_BACK", "CAM_BACK_RIGHT"], "token": "bcdc6f14985c4fb98c9b1698a2d58076", "scene": "scene-0746"}, {"images": ["samples/CAM_FRONT_LEFT/n008-2018-08-30-15-16-55-0400__CAM_FRONT_LEFT__1535656797754799.jpg", "samples/CAM_FRONT/n008-2018-08-30-15-16-55-0400__CAM_FRONT__1535656797762404.jpg", "samples/CAM_FRONT_RIGHT/n008-2018-08-30-15-16-55-0400__CAM_FRONT_RIGHT__1535656797770482.jpg", "samples/CAM_BACK_LEFT/n008-2018-08-30-15-16-55-0400__CAM_BACK_LEFT__1535656797797405.jpg", "samples/CAM_BACK/n008-2018-08-30-15-16-55-0400__CAM_BACK__1535656797787558.jpg", "samples/CAM_BACK_RIGHT/n008-2018-08-30-15-16-55-0400__CAM_BACK_RIGHT__1535656797778113.jpg"], "intrinsics": [[[1257.8625342125129, 0.0, 827.2410631095686], [0.0, 1257.8625342125129, 450.915498205774], [0.0, 0.0, 1.0]], [[1252.8131021185304, 0.0, 826.588114781398], [0.0, 1252.8131021185304, 469.9846626224581], [0.0, 0.0, 1.0]], [[1256.7485116440405, 0.0, 817.7887570959712], [0.0, 1256.7485116440403, 451.9541780095127], [0.0, 0.0, 1.0]], [[1254.9860565800168, 0.0, 829.5769333630991], [0.0, 1254.9860565800168, 467.1680561863987], [0.0, 0.0, 1.0]], [[796.8910634503094, 0.0, 857.7774326863696], [0.0, 796.8910634503094, 476.8848988407415], [0.0, 0.0, 1.0]], [[1249.9629280788233, 0.0, 825.3768045375984], [0.0, 1249.9629280788233, 462.54816385708756], [0.0, 0.0, 1.0]]], "extrinsics": [[[0.8221733570098877, -0.5689924955368042, -0.016686391085386276, -0.6482086181640625], [0.008908477611839771, 0.04217137396335602, -0.9990706443786621, 1.4920005798339844], [0.56916743516922, 0.8212607502937317, 0.039741043001413345, -1.090576171875], [0.0, 0.0, 0.0, 1.0]], [[0.009721164591610432, -0.9992330074310303, -0.037933219224214554, 0.01171875], [0.010813036002218723, 0.03803784400224686, -0.9992178082466125, 1.4839553833007812], [0.9998942613601685, 0.009303309954702854, 0.011174512095749378, -1.37353515625], [0.0, 0.0, 0.0, 1.0]], [[-0.8441917300224304, -0.5351101756095886, -0.03158405423164368, 0.85003662109375], [0.018783750012516975, 0.029354294762015343, -0.999392569065094, 1.4983863830566406], [0.5357122421264648, -0.8442721962928772, -0.014729278162121773, -1.12213134765625], [0.0, 0.0, 0.0, 1.0]], [[0.9479937553405762, 0.31820201873779297, 0.007442580070346594, -1.108154296875], [-0.007198756095021963, 0.04481206461787224, -0.9989694952964783, 1.5617599487304688], [-0.31820762157440186, 0.9469632506370544, 0.04477221518754959, -0.1683349609375], [0.0, 0.0, 0.0, 1.0]], [[0.009487026371061802, 0.999266505241394, 0.03710107505321503, -0.02862548828125], [-0.004868896212428808, 0.03714846447110176, -0.9992978572845459, 1.5673980712890625], [-0.999943196773529, 0.009299815632402897, 0.0052177561447024345, -0.08453369140625], [0.0, 0.0, 0.0, 1.0]], [[-0.9235798716545105, 0.383359432220459, 0.0059731765650212765, 0.9605484008789062], [-0.0005061954143457115, 0.014360018074512482, -0.999896764755249, 1.5476751327514648], [-0.3834055960178375, -0.9234876036643982, -0.013068568892776966, -0.1248779296875], [0.0, 0.0, 0.0, 1.0]]], "view": [[0.0, -2.0, 100.0], [-2.0, 0.0, 100.0], [0.0, 0.0, 1.0]], "bev": "bev_b6541de65dc74ee18c4078908d8a1d31.png", "aux": "aux_b6541de65dc74ee18c4078908d8a1d31.npz", "visibility": "visibility_b6541de65dc74ee18c4078908d8a1d31.png", "pose": [[-0.739366888999939, -0.6733027696609497, 0.0, 832.721923828125], [0.6733027696609497, -0.739366888999939, 0.0, 370.5115661621094], [0.0, 0.0, 1.0, 0.0], [0.0, 0.0, 0.0, 1.0]], "pose_inverse": [[-0.739366888999939, 0.6733027696609497, 0.0, 366.2205505371094], [-0.6733027696609497, -0.739366888999939, 0.0, 834.6179809570312], [0.0, 0.0, 1.0, 0.0], [0.0, 0.0, 0.0, 1.0]], "cam_ids": [0, 1, 2, 3, 4, 5], "cam_channels": ["CAM_FRONT_LEFT", "CAM_FRONT", "CAM_FRONT_RIGHT", "CAM_BACK_LEFT", "CAM_BACK", "CAM_BACK_RIGHT"], "token": "b6541de65dc74ee18c4078908d8a1d31", "scene": "scene-0746"}, {"images": ["samples/CAM_FRONT_LEFT/n008-2018-08-30-15-16-55-0400__CAM_FRONT_LEFT__1535656798254799.jpg", "samples/CAM_FRONT/n008-2018-08-30-15-16-55-0400__CAM_FRONT__1535656798262404.jpg", "samples/CAM_FRONT_RIGHT/n008-2018-08-30-15-16-55-0400__CAM_FRONT_RIGHT__1535656798270482.jpg", "samples/CAM_BACK_LEFT/n008-2018-08-30-15-16-55-0400__CAM_BACK_LEFT__1535656798297405.jpg", "samples/CAM_BACK/n008-2018-08-30-15-16-55-0400__CAM_BACK__1535656798287558.jpg", "samples/CAM_BACK_RIGHT/n008-2018-08-30-15-16-55-0400__CAM_BACK_RIGHT__1535656798278113.jpg"], "intrinsics": [[[1257.8625342125129, 0.0, 827.2410631095686], [0.0, 1257.8625342125129, 450.915498205774], [0.0, 0.0, 1.0]], [[1252.8131021185304, 0.0, 826.588114781398], [0.0, 1252.8131021185304, 469.9846626224581], [0.0, 0.0, 1.0]], [[1256.7485116440405, 0.0, 817.7887570959712], [0.0, 1256.7485116440403, 451.9541780095127], [0.0, 0.0, 1.0]], [[1254.9860565800168, 0.0, 829.5769333630991], [0.0, 1254.9860565800168, 467.1680561863987], [0.0, 0.0, 1.0]], [[796.8910634503094, 0.0, 857.7774326863696], [0.0, 796.8910634503094, 476.8848988407415], [0.0, 0.0, 1.0]], [[1249.9629280788233, 0.0, 825.3768045375984], [0.0, 1249.9629280788233, 462.54816385708756], [0.0, 0.0, 1.0]]], "extrinsics": [[[0.8208587765693665, -0.5705997347831726, -0.024635057896375656, -0.651275634765625], [0.004803789779543877, 0.05003008991479874, -0.9987361431121826, 1.4901657104492188], [0.5711111426353455, 0.8197029829025269, 0.04380868002772331, -1.091796875], [0.0, 0.0, 0.0, 1.0]], [[0.007725080009549856, -0.99891597032547, -0.04590371251106262, 0.01123046875], [0.006743236910551786, 0.0459560789167881, -0.998920738697052, 1.4824447631835938], [0.9999473690986633, 0.007407217752188444, 0.0070909420028328896, -1.375732421875], [0.0, 0.0, 0.0, 1.0]], [[-0.8451079726219177, -0.5336147546768188, -0.03236772492527962, 0.85052490234375], [0.014724323526024818, 0.03728917986154556, -0.9991960525512695, 1.4971885681152344], [0.5343927145004272, -0.8449051976203918, -0.023656269535422325, -1.1229248046875], [0.0, 0.0, 0.0, 1.0]], [[0.9480655789375305, 0.3180059790611267, 0.006635245867073536, -1.10565185546875], [-0.01068481057882309, 0.05268941447138786, -0.9985537528991699, 1.5615921020507812], [-0.31789571046829224, 0.9466235041618347, 0.05335085093975067, -0.1693115234375], [0.0, 0.0, 0.0, 1.0]], [[0.01034297700971365, 0.9989327192306519, 0.0450158566236496, -0.02862548828125], [-0.008525494486093521, 0.04510471969842911, -0.9989458918571472, 1.5669021606445312], [-0.9999101161956787, 0.009948310442268848, 0.008982913568615913, -0.08599853515625], [0.0, 0.0, 0.0, 1.0]], [[-0.9231115579605103, 0.3843267858028412, 0.012568692676723003, 0.9605064392089844], [-0.004318728111684322, 0.02232157066464424, -0.9997415542602539, 1.5468368530273438], [-0.3845079839229584, -0.9229272603988647, -0.018945496529340744, -0.12506103515625], [0.0, 0.0, 0.0, 1.0]]], "view": [[0.0, -2.0, 100.0], [-2.0, 0.0, 100.0], [0.0, 0.0, 1.0]], "bev": "bev_55996bce9dc7420c9fef67e5c442f2e8.png", "aux": "aux_55996bce9dc7420c9fef67e5c442f2e8.npz", "visibility": "visibility_55996bce9dc7420c9fef67e5c442f2e8.png", "pose": [[-0.7475313544273376, -0.6642265319824219, 0.0, 829.3857421875], [0.6642265319824219, -0.7475313544273376, 0.0, 373.60748291015625], [0.0, 0.0, 1.0, 0.0], [0.0, 0.0, 0.0, 1.0]], "pose_inverse": [[-0.7475313544273376, 0.6642265319824219, 0.0, 371.8318786621094], [-0.6642265319824219, -0.7475313544273376, 0.0, 830.1832885742188], [0.0, 0.0, 1.0, 0.0], [0.0, 0.0, 0.0, 1.0]], "cam_ids": [0, 1, 2, 3, 4, 5], "cam_channels": ["CAM_FRONT_LEFT", "CAM_FRONT", "CAM_FRONT_RIGHT", "CAM_BACK_LEFT", "CAM_BACK", "CAM_BACK_RIGHT"], "token": "55996bce9dc7420c9fef67e5c442f2e8", "scene": "scene-0746"}, {"images": ["samples/CAM_FRONT_LEFT/n008-2018-08-30-15-16-55-0400__CAM_FRONT_LEFT__1535656798754799.jpg", "samples/CAM_FRONT/n008-2018-08-30-15-16-55-0400__CAM_FRONT__1535656798762404.jpg", "samples/CAM_FRONT_RIGHT/n008-2018-08-30-15-16-55-0400__CAM_FRONT_RIGHT__1535656798770482.jpg", "samples/CAM_BACK_LEFT/n008-2018-08-30-15-16-55-0400__CAM_BACK_LEFT__1535656798797405.jpg", "samples/CAM_BACK/n008-2018-08-30-15-16-55-0400__CAM_BACK__1535656798787558.jpg", "samples/CAM_BACK_RIGHT/n008-2018-08-30-15-16-55-0400__CAM_BACK_RIGHT__1535656798778127.jpg"], "intrinsics": [[[1257.8625342125129, 0.0, 827.2410631095686], [0.0, 1257.8625342125129, 450.915498205774], [0.0, 0.0, 1.0]], [[1252.8131021185304, 0.0, 826.588114781398], [0.0, 1252.8131021185304, 469.9846626224581], [0.0, 0.0, 1.0]], [[1256.7485116440405, 0.0, 817.7887570959712], [0.0, 1256.7485116440403, 451.9541780095127], [0.0, 0.0, 1.0]], [[1254.9860565800168, 0.0, 829.5769333630991], [0.0, 1254.9860565800168, 467.1680561863987], [0.0, 0.0, 1.0]], [[796.8910634503094, 0.0, 857.7774326863696], [0.0, 796.8910634503094, 476.8848988407415], [0.0, 0.0, 1.0]], [[1249.9629280788233, 0.0, 825.3768045375984], [0.0, 1249.9629280788233, 462.54816385708756], [0.0, 0.0, 1.0]]], "extrinsics": [[[0.821568489074707, -0.5696637034416199, -0.022550582885742188, -0.6643524169921875], [0.0067714001052081585, 0.049302443861961365, -0.9987609386444092, 1.4909133911132812], [0.5700696110725403, 0.8203977942466736, 0.04436275735497475, -1.1011962890625], [0.0, 0.0, 0.0, 1.0]], [[0.008809341117739677, -0.9989633560180664, -0.04466123878955841, 0.0113525390625], [0.008771378546953201, 0.04473845288157463, -0.9989601969718933, 1.4830551147460938], [0.9999226927757263, 0.008408458903431892, 0.009156402200460434, -1.390228271484375], [0.0, 0.0, 0.0, 1.0]], [[-0.844607949256897, -0.5343561768531799, -0.03318045288324356, 0.8614501953125], [0.016826104372739792, 0.035450950264930725, -0.9992297291755676, 1.4975814819335938], [0.5351209044456482, -0.8445157408714294, -0.02095102332532406, -1.129669189453125], [0.0, 0.0, 0.0, 1.0]], [[0.9480087757110596, 0.31815212965011597, 0.007657352369278669, -1.11199951171875], [-0.008188721723854542, 0.04843935742974281, -0.9987925291061401, 1.561737060546875], [-0.31813889741897583, 0.9468013048171997, 0.04852619394659996, -0.1673583984375], [0.0, 0.0, 0.0, 1.0]], [[0.009847939014434814, 0.9990851879119873, 0.04161529988050461, -0.0286865234375], [-0.006209220737218857, 0.04167760908603668, -0.9991118311882019, 1.5672664642333984], [-0.9999322295188904, 0.009580746293067932, 0.006613980047404766, -0.076934814453125], [0.0, 0.0, 0.0, 1.0]], [[-0.9233745336532593, 0.3837808072566986, 0.009577452205121517, 0.9708023071289062], [-0.002164933132007718, 0.019741784781217575, -0.9998027682304382, 1.5473346710205078], [-0.3838941156864166, -0.9232131838798523, -0.017398202791810036, -0.12078857421875], [0.0, 0.0, 0.0, 1.0]]], "view": [[0.0, -2.0, 100.0], [-2.0, 0.0, 100.0], [0.0, 0.0, 1.0]], "bev": "bev_53ec7d19d8864804ac90323a6a70c4d8.png", "aux": "aux_53ec7d19d8864804ac90323a6a70c4d8.npz", "visibility": "visibility_53ec7d19d8864804ac90323a6a70c4d8.png", "pose": [[-0.7615441679954529, -0.6481130123138428, 0.0, 826.0020751953125], [0.6481130123138428, -0.7615441679954529, 0.0, 376.5892028808594], [0.0, 0.0, 1.0, 0.0], [0.0, 0.0, 0.0, 1.0]], "pose_inverse": [[-0.7615441679954529, 0.6481130123138428, 0.0, 384.9646911621094], [-0.6481130123138428, -0.7615441679954529, 0.0, 822.1320190429688], [0.0, 0.0, 1.0, 0.0], [0.0, 0.0, 0.0, 1.0]], "cam_ids": [0, 1, 2, 3, 4, 5], "cam_channels": ["CAM_FRONT_LEFT", "CAM_FRONT", "CAM_FRONT_RIGHT", "CAM_BACK_LEFT", "CAM_BACK", "CAM_BACK_RIGHT"], "token": "53ec7d19d8864804ac90323a6a70c4d8", "scene": "scene-0746"}, {"images": ["samples/CAM_FRONT_LEFT/n008-2018-08-30-15-16-55-0400__CAM_FRONT_LEFT__1535656799254799.jpg", "samples/CAM_FRONT/n008-2018-08-30-15-16-55-0400__CAM_FRONT__1535656799262404.jpg", "samples/CAM_FRONT_RIGHT/n008-2018-08-30-15-16-55-0400__CAM_FRONT_RIGHT__1535656799270482.jpg", "samples/CAM_BACK_LEFT/n008-2018-08-30-15-16-55-0400__CAM_BACK_LEFT__1535656799297405.jpg", "samples/CAM_BACK/n008-2018-08-30-15-16-55-0400__CAM_BACK__1535656799287558.jpg", "samples/CAM_BACK_RIGHT/n008-2018-08-30-15-16-55-0400__CAM_BACK_RIGHT__1535656799278113.jpg"], "intrinsics": [[[1257.8625342125129, 0.0, 827.2410631095686], [0.0, 1257.8625342125129, 450.915498205774], [0.0, 0.0, 1.0]], [[1252.8131021185304, 0.0, 826.588114781398], [0.0, 1252.8131021185304, 469.9846626224581], [0.0, 0.0, 1.0]], [[1256.7485116440405, 0.0, 817.7887570959712], [0.0, 1256.7485116440403, 451.9541780095127], [0.0, 0.0, 1.0]], [[1254.9860565800168, 0.0, 829.5769333630991], [0.0, 1254.9860565800168, 467.1680561863987], [0.0, 0.0, 1.0]], [[796.8910634503094, 0.0, 857.7774326863696], [0.0, 796.8910634503094, 476.8848988407415], [0.0, 0.0, 1.0]], [[1249.9629280788233, 0.0, 825.3768045375984], [0.0, 1249.9629280788233, 462.54816385708756], [0.0, 0.0, 1.0]]], "extrinsics": [[[0.8219518065452576, -0.5690131187438965, -0.024886135011911392, -0.6657257080078125], [0.006477703806012869, 0.053030334413051605, -0.9985718727111816, 1.4907684326171875], [0.5695202946662903, 0.8206167817115784, 0.04727427661418915, -1.10235595703125], [0.0, 0.0, 0.0, 1.0]], [[0.009321331046521664, -0.998754620552063, -0.04901475831866264, 0.011474609375], [0.008614586666226387, 0.0490952767431736, -0.9987569451332092, 1.4829788208007812], [0.9999194741249084, 0.008887523785233498, 0.00906149297952652, -1.39190673828125], [0.0, 0.0, 0.0, 1.0]], [[-0.8444159626960754, -0.5344855785369873, -0.03587181121110916, 0.862548828125], [0.01679089106619358, 0.04052268713712692, -0.999037504196167, 1.4975395202636719], [0.5354247689247131, -0.8442056775093079, -0.025243520736694336, -1.130401611328125], [0.0, 0.0, 0.0, 1.0]], [[0.9480146765708923, 0.3180779814720154, 0.00972216110676527, -1.116943359375], [-0.008562242612242699, 0.05603551119565964, -0.9983920454978943, 1.561767578125], [-0.31811124086380005, 0.9464070796966553, 0.0558459497988224, -0.165771484375], [0.0, 0.0, 0.0, 1.0]], [[0.009771955199539661, 0.9987792372703552, 0.04842141270637512, -0.0286865234375], [-0.0066000837832689285, 0.048487093299627304, -0.9988020062446594, 1.5672187805175781], [-0.9999305009841919, 0.009440695866942406, 0.007065842859447002, -0.07598876953125], [0.0, 0.0, 0.0, 1.0]], [[-0.9234633445739746, 0.38349488377571106, 0.012125731445848942, 0.9717063903808594], [-0.0024775550700724125, 0.025642523542046547, -0.9996680617332458, 1.5472640991210938], [-0.38367852568626404, -0.9231869578361511, -0.02272980287671089, -0.120361328125], [0.0, 0.0, 0.0, 1.0]]], "view": [[0.0, -2.0, 100.0], [-2.0, 0.0, 100.0], [0.0, 0.0, 1.0]], "bev": "bev_95fd23c0d4bf4322af68b5ac0371b7a7.png", "aux": "aux_95fd23c0d4bf4322af68b5ac0371b7a7.npz", "visibility": "visibility_95fd23c0d4bf4322af68b5ac0371b7a7.png", "pose": [[-0.7682719826698303, -0.6401235461235046, 0.0, 822.63330078125], [0.6401235461235046, -0.7682719826698303, 0.0, 379.4581604003906], [0.0, 0.0, 1.0, 0.0], [0.0, 0.0, 0.0, 1.0]], "pose_inverse": [[-0.7682719826698303, 0.6401235461235046, 0.0, 389.1059875488281], [-0.6401235461235046, -0.7682719826698303, 0.0, 818.114013671875], [0.0, 0.0, 1.0, 0.0], [0.0, 0.0, 0.0, 1.0]], "cam_ids": [0, 1, 2, 3, 4, 5], "cam_channels": ["CAM_FRONT_LEFT", "CAM_FRONT", "CAM_FRONT_RIGHT", "CAM_BACK_LEFT", "CAM_BACK", "CAM_BACK_RIGHT"], "token": "95fd23c0d4bf4322af68b5ac0371b7a7", "scene": "scene-0746"}, {"images": ["samples/CAM_FRONT_LEFT/n008-2018-08-30-15-16-55-0400__CAM_FRONT_LEFT__1535656799754799.jpg", "samples/CAM_FRONT/n008-2018-08-30-15-16-55-0400__CAM_FRONT__1535656799762404.jpg", "samples/CAM_FRONT_RIGHT/n008-2018-08-30-15-16-55-0400__CAM_FRONT_RIGHT__1535656799770482.jpg", "samples/CAM_BACK_LEFT/n008-2018-08-30-15-16-55-0400__CAM_BACK_LEFT__1535656799797405.jpg", "samples/CAM_BACK/n008-2018-08-30-15-16-55-0400__CAM_BACK__1535656799787558.jpg", "samples/CAM_BACK_RIGHT/n008-2018-08-30-15-16-55-0400__CAM_BACK_RIGHT__1535656799778113.jpg"], "intrinsics": [[[1257.8625342125129, 0.0, 827.2410631095686], [0.0, 1257.8625342125129, 450.915498205774], [0.0, 0.0, 1.0]], [[1252.8131021185304, 0.0, 826.588114781398], [0.0, 1252.8131021185304, 469.9846626224581], [0.0, 0.0, 1.0]], [[1256.7485116440405, 0.0, 817.7887570959712], [0.0, 1256.7485116440403, 451.9541780095127], [0.0, 0.0, 1.0]], [[1254.9860565800168, 0.0, 829.5769333630991], [0.0, 1254.9860565800168, 467.1680561863987], [0.0, 0.0, 1.0]], [[796.8910634503094, 0.0, 857.7774326863696], [0.0, 796.8910634503094, 476.8848988407415], [0.0, 0.0, 1.0]], [[1249.9629280788233, 0.0, 825.3768045375984], [0.0, 1249.9629280788233, 462.54816385708756], [0.0, 0.0, 1.0]]], "extrinsics": [[[0.8216624855995178, -0.5697203278541565, -0.017017047852277756, -0.679962158203125], [0.007007185369729996, 0.03995045647025108, -0.999177098274231, 1.4908714294433594], [0.5699313879013062, 0.8208670616149902, 0.036817923188209534, -1.1131591796875], [0.0, 0.0, 0.0, 1.0]], [[0.008934687823057175, -0.9993160367012024, -0.035882338881492615, 0.011962890625], [0.008540326729416847, 0.03595872223377228, -0.9993167519569397, 1.4828262329101562], [0.999923586845398, 0.00862222071737051, 0.008855767548084259, -1.407562255859375], [0.0, 0.0, 0.0, 1.0]], [[-0.8445658683776855, -0.5347062945365906, -0.028243647888302803, 0.87451171875], [0.016093282029032707, 0.027374964207410812, -0.9994956254959106, 1.4971427917480469], [0.5352097749710083, -0.844594419002533, -0.014514783397316933, -1.1373291015625], [0.0, 0.0, 0.0, 1.0]], [[0.9479289650917053, 0.3184569180011749, 0.003984164912253618, -1.11749267578125], [-0.010152763687074184, 0.04271981865167618, -0.9990354776382446, 1.5617408752441406], [-0.3183199465274811, 0.9469742178916931, 0.04372857138514519, -0.165283203125], [0.0, 0.0, 0.0, 1.0]], [[0.009778247214853764, 0.9993346333503723, 0.035137999802827835, -0.0289306640625], [-0.0076837725937366486, 0.03521373122930527, -0.9993502497673035, 1.5671653747558594], [-0.9999228119850159, 0.009501893073320389, 0.008022988215088844, -0.066650390625], [0.0, 0.0, 0.0, 1.0]], [[-0.9234132170677185, 0.38373085856437683, 0.007658070884644985, 0.9824676513671875], [-0.003136573825031519, 0.012407368049025536, -0.9999181032180786, 1.5471839904785156], [-0.3837944269180298, -0.923361599445343, -0.010253528133034706, -0.11553955078125], [0.0, 0.0, 0.0, 1.0]]], "view": [[0.0, -2.0, 100.0], [-2.0, 0.0, 100.0], [0.0, 0.0, 1.0]], "bev": "bev_3dc76d35fc694d98bcde15269973d8b1.png", "aux": "aux_3dc76d35fc694d98bcde15269973d8b1.npz", "visibility": "visibility_3dc76d35fc694d98bcde15269973d8b1.png", "pose": [[-0.775166392326355, -0.6317571401596069, 0.0, 819.2506713867188], [0.6317571401596069, -0.775166392326355, 0.0, 382.2850036621094], [0.0, 0.0, 1.0, 0.0], [0.0, 0.0, 0.0, 1.0]], "pose_inverse": [[-0.775166392326355, 0.6317571401596069, 0.0, 393.5442810058594], [-0.6317571401596069, -0.775166392326355, 0.0, 813.9019165039062], [0.0, 0.0, 1.0, 0.0], [0.0, 0.0, 0.0, 1.0]], "cam_ids": [0, 1, 2, 3, 4, 5], "cam_channels": ["CAM_FRONT_LEFT", "CAM_FRONT", "CAM_FRONT_RIGHT", "CAM_BACK_LEFT", "CAM_BACK", "CAM_BACK_RIGHT"], "token": "3dc76d35fc694d98bcde15269973d8b1", "scene": "scene-0746"}, {"images": ["samples/CAM_FRONT_LEFT/n008-2018-08-30-15-16-55-0400__CAM_FRONT_LEFT__1535656800254799.jpg", "samples/CAM_FRONT/n008-2018-08-30-15-16-55-0400__CAM_FRONT__1535656800262404.jpg", "samples/CAM_FRONT_RIGHT/n008-2018-08-30-15-16-55-0400__CAM_FRONT_RIGHT__1535656800270482.jpg", "samples/CAM_BACK_LEFT/n008-2018-08-30-15-16-55-0400__CAM_BACK_LEFT__1535656800297405.jpg", "samples/CAM_BACK/n008-2018-08-30-15-16-55-0400__CAM_BACK__1535656800287558.jpg", "samples/CAM_BACK_RIGHT/n008-2018-08-30-15-16-55-0400__CAM_BACK_RIGHT__1535656800278113.jpg"], "intrinsics": [[[1257.8625342125129, 0.0, 827.2410631095686], [0.0, 1257.8625342125129, 450.915498205774], [0.0, 0.0, 1.0]], [[1252.8131021185304, 0.0, 826.588114781398], [0.0, 1252.8131021185304, 469.9846626224581], [0.0, 0.0, 1.0]], [[1256.7485116440405, 0.0, 817.7887570959712], [0.0, 1256.7485116440403, 451.9541780095127], [0.0, 0.0, 1.0]], [[1254.9860565800168, 0.0, 829.5769333630991], [0.0, 1254.9860565800168, 467.1680561863987], [0.0, 0.0, 1.0]], [[796.8910634503094, 0.0, 857.7774326863696], [0.0, 796.8910634503094, 476.8848988407415], [0.0, 0.0, 1.0]], [[1249.9629280788233, 0.0, 825.3768045375984], [0.0, 1249.9629280788233, 462.54816385708756], [0.0, 0.0, 1.0]]], "extrinsics": [[[0.8208268284797668, -0.5711346864700317, -0.006972148083150387, -0.6820220947265625], [0.01818537898361683, 0.038332320749759674, -0.9990995526313782, 1.4952659606933594], [0.5708876252174377, 0.81996089220047, 0.041850496083498, -1.1131591796875], [0.0, 0.0, 0.0, 1.0]], [[0.007915548048913479, -0.9993864893913269, -0.03411548584699631, 0.01092529296875], [0.020303236320614815, 0.03427014499902725, -0.9992063641548157, 1.4866714477539062], [0.9997625350952148, 0.0072165802121162415, 0.020562049001455307, -1.4093017578125], [0.0, 0.0, 0.0, 1.0]], [[-0.84477299451828, -0.5337933301925659, -0.03772532939910889, 0.8756103515625], [0.02843126468360424, 0.025627363473176956, -0.9992671608924866, 1.5002899169921875], [0.5343689918518066, -0.8452265858650208, -0.006472885143011808, -1.138824462890625], [0.0, 0.0, 0.0, 1.0]], [[0.9479857683181763, 0.31789207458496094, 0.01635737530887127, -1.11846923828125], [0.0034583257511258125, 0.04109889268875122, -0.9991490840911865, 1.5621185302734375], [-0.3182939291000366, 0.947235643863678, 0.037861794233322144, -0.16497802734375], [0.0, 0.0, 0.0, 1.0]], [[0.009893634356558323, 0.9993901252746582, 0.033489082008600235, -0.02880859375], [0.005562128499150276, 0.0