[{"images": ["samples/CAM_FRONT_LEFT/n015-2018-08-03-15-31-50+0800__CAM_FRONT_LEFT__1533281735154844.jpg", "samples/CAM_FRONT/n015-2018-08-03-15-31-50+0800__CAM_FRONT__1533281735162460.jpg", "samples/CAM_FRONT_RIGHT/n015-2018-08-03-15-31-50+0800__CAM_FRONT_RIGHT__1533281735170339.jpg", "samples/CAM_BACK_LEFT/n015-2018-08-03-15-31-50+0800__CAM_BACK_LEFT__1533281735197423.jpg", "samples/CAM_BACK/n015-2018-08-03-15-31-50+0800__CAM_BACK__1533281735187525.jpg", "samples/CAM_BACK_RIGHT/n015-2018-08-03-15-31-50+0800__CAM_BACK_RIGHT__1533281735177893.jpg"], "intrinsics": [[[1272.5979470598488, 0.0, 826.6154927353808], [0.0, 1272.5979470598488, 479.75165386361925], [0.0, 0.0, 1.0]], [[1266.417203046554, 0.0, 816.2670197447984], [0.0, 1266.417203046554, 491.50706579294757], [0.0, 0.0, 1.0]], [[1260.8474446004698, 0.0, 807.968244525554], [0.0, 1260.8474446004698, 495.3344268742088], [0.0, 0.0, 1.0]], [[1256.7414812095406, 0.0, 792.1125740759628], [0.0, 1256.7414812095406, 492.7757465151356], [0.0, 0.0, 1.0]], [[809.2209905677063, 0.0, 829.2196003259838], [0.0, 809.2209905677063, 481.77842384512485], [0.0, 0.0, 1.0]], [[1259.5137405846733, 0.0, 807.2529053838625], [0.0, 1259.5137405846733, 501.19579884916527], [0.0, 0.0, 1.0]]], "extrinsics": [[[0.8167851567268372, -0.5766566395759583, 0.018139973282814026, -0.814453125], [-0.0010031999554485083, -0.03286108374595642, -0.999459445476532, 1.5081367492675781], [0.5769410729408264, 0.8163253664970398, -0.027418948709964752, -1.176605224609375], [0.0, 0.0, 0.0, 1.0]], [[1.2982299324448832e-07, -0.999316394329071, 0.03696676716208458, 0.006866455078125], [-0.006095202174037695, -0.03696608170866966, -0.9992979764938354, 1.5196757316589355], [0.9999814033508301, -0.00022518879268318415, -0.006091040559113026, -1.540771484375], [0.0, 0.0, 0.0, 1.0]], [[-0.8353963494300842, -0.5495364665985107, 0.011072337627410889, 0.93316650390625], [-0.00017765014490578324, -0.019874460995197296, -0.9998024106025696, 1.5036506652832031], [0.5496479868888855, -0.835233211517334, 0.016505425795912743, -1.18182373046875], [0.0, 0.0, 0.0, 1.0]], [[0.9477850794792175, 0.31880658864974976, -0.008108305744826794, -1.133544921875], [0.008434901013970375, -0.05047622323036194, -0.9986896514892578, 1.5886611938476562], [-0.31879812479019165, 0.9464747309684753, -0.05052971839904785, -0.107177734375], [0.0, 0.0, 0.0, 1.0]], [[0.004137874580919743, 0.9991738796234131, -0.04042870178818703, 0.002227783203125], [-0.01714513823390007, -0.040352217853069305, -0.9990383982658386, 1.578537940979004], [-0.9998444318771362, 0.004827042110264301, 0.016964001581072807, -0.0477294921875], [0.0, 0.0, 0.0, 1.0]], [[-0.9335989952087402, 0.35753318667411804, -0.023725787177681923, 1.052734375], [0.015822891145944595, -0.02501351200044155, -0.9995619058609009, 1.5528812408447266], [-0.3579700291156769, -0.9335653781890869, 0.01769537851214409, -0.0945281982421875], [0.0, 0.0, 0.0, 1.0]]], "view": [[0.0, -2.0, 100.0], [-2.0, 0.0, 100.0], [0.0, 0.0, 1.0]], "bev": "bev_0d6dc46fea224338a0dfbc7236f74d0f.png", "aux": "aux_0d6dc46fea224338a0dfbc7236f74d0f.npz", "visibility": "visibility_0d6dc46fea224338a0dfbc7236f74d0f.png", "pose": [[-0.12904678285121918, 0.9916384816169739, 0.0, 396.0905456542969], [-0.9916384816169739, -0.12904678285121918, 0.0, 1133.1917724609375], [0.0, 0.0, 1.0, 0.0], [0.0, 0.0, 0.0, 1.0]], "pose_inverse": [[-0.12904678285121918, -0.9916384816169739, 0.0, 1174.830810546875], [0.9916384816169739, -0.12904678285121918, 0.0, -246.54388427734375], [0.0, 0.0, 1.0, 0.0], [0.0, 0.0, 0.0, 1.0]], "cam_ids": [0, 1, 2, 3, 4, 5], "cam_channels": ["CAM_FRONT_LEFT", "CAM_FRONT", "CAM_FRONT_RIGHT", "CAM_BACK_LEFT", "CAM_BACK", "CAM_BACK_RIGHT"], "token": "0d6dc46fea224338a0dfbc7236f74d0f", "scene": "scene-0385"}, {"images": ["samples/CAM_FRONT_LEFT/n015-2018-08-03-15-31-50+0800__CAM_FRONT_LEFT__1533281735654844.jpg", "samples/CAM_FRONT/n015-2018-08-03-15-31-50+0800__CAM_FRONT__1533281735662460.jpg", "samples/CAM_FRONT_RIGHT/n015-2018-08-03-15-31-50+0800__CAM_FRONT_RIGHT__1533281735670339.jpg", "samples/CAM_BACK_LEFT/n015-2018-08-03-15-31-50+0800__CAM_BACK_LEFT__1533281735697423.jpg", "samples/CAM_BACK/n015-2018-08-03-15-31-50+0800__CAM_BACK__1533281735687525.jpg", "samples/CAM_BACK_RIGHT/n015-2018-08-03-15-31-50+0800__CAM_BACK_RIGHT__1533281735677893.jpg"], "intrinsics": [[[1272.5979470598488, 0.0, 826.6154927353808], [0.0, 1272.5979470598488, 479.75165386361925], [0.0, 0.0, 1.0]], [[1266.417203046554, 0.0, 816.2670197447984], [0.0, 1266.417203046554, 491.50706579294757], [0.0, 0.0, 1.0]], [[1260.8474446004698, 0.0, 807.968244525554], [0.0, 1260.8474446004698, 495.3344268742088], [0.0, 0.0, 1.0]], [[1256.7414812095406, 0.0, 792.1125740759628], [0.0, 1256.7414812095406, 492.7757465151356], [0.0, 0.0, 1.0]], [[809.2209905677063, 0.0, 829.2196003259838], [0.0, 809.2209905677063, 481.77842384512485], [0.0, 0.0, 1.0]], [[1259.5137405846733, 0.0, 807.2529053838625], [0.0, 1259.5137405846733, 501.19579884916527], [0.0, 0.0, 1.0]]], "extrinsics": [[[0.8162886500358582, -0.5774252414703369, 0.015899349004030228, -0.81396484375], [-0.0007040169439278543, -0.02851894311606884, -0.9995930194854736, 1.508173942565918], [0.577643632888794, 0.8159452676773071, -0.023686209693551064, -1.175689697265625], [0.0, 0.0, 0.0, 1.0]], [[-0.000691427499987185, -0.9994747638702393, 0.032398682087659836, 0.006561279296875], [-0.00600589532405138, -0.03239395469427109, -0.9994571805000305, 1.519669532775879], [0.999981701374054, -0.0008856309577822685, -0.005980343092232943, -1.5401611328125], [0.0, 0.0, 0.0, 1.0]], [[-0.8356876373291016, -0.5491390824317932, 0.008510059677064419, 0.93316650390625], [-0.00029083291883580387, -0.015052744187414646, -0.9998866319656372, 1.5036277770996094], [0.54920494556427, -0.8355953097343445, 0.012419684790074825, -1.18212890625], [0.0, 0.0, 0.0, 1.0]], [[0.9478165507316589, 0.3187468647956848, -0.0066437264904379845, -1.13616943359375], [0.008064372465014458, -0.04480164870619774, -0.9989632964134216, 1.5886249542236328], [-0.31871408224105835, 0.9467804431915283, -0.04503423720598221, -0.1060791015625], [0.0, 0.0, 0.0, 1.0]], [[0.004372245166450739, 0.9993761777877808, -0.03504548966884613, 0.002410888671875], [-0.017238661646842957, -0.03496529161930084, -0.9992398619651794, 1.5785555839538574], [-0.9998418092727661, 0.004973061848431826, 0.017075030133128166, -0.0460205078125], [0.0, 0.0, 0.0, 1.0]], [[-0.9334682822227478, 0.3580058217048645, -0.021647384390234947, 1.0537109375], [0.015533565543591976, -0.01994485780596733, -0.9996803998947144, 1.5528335571289062], [-0.3583231568336487, -0.9335063099861145, 0.013056785799562931, -0.09436798095703125], [0.0, 0.0, 0.0, 1.0]]], "view": [[0.0, -2.0, 100.0], [-2.0, 0.0, 100.0], [0.0, 0.0, 1.0]], "bev": "bev_bf7cdcdf139f420fa409d6c67639ed42.png", "aux": "aux_bf7cdcdf139f420fa409d6c67639ed42.npz", "visibility": "visibility_bf7cdcdf139f420fa409d6c67639ed42.png", "pose": [[-0.04493788629770279, 0.9989897608757019, 0.0, 395.9044494628906], [-0.9989897608757019, -0.04493788629770279, 0.0, 1131.1956787109375], [0.0, 0.0, 1.0, 0.0], [0.0, 0.0, 0.0, 1.0]], "pose_inverse": [[-0.04493788629770279, -0.9989897608757019, 0.0, 1147.843994140625], [0.9989897608757019, -0.04493788629770279, 0.0, -344.67095947265625], [0.0, 0.0, 1.0, 0.0], [0.0, 0.0, 0.0, 1.0]], "cam_ids": [0, 1, 2, 3, 4, 5], "cam_channels": ["CAM_FRONT_LEFT", "CAM_FRONT", "CAM_FRONT_RIGHT", "CAM_BACK_LEFT", "CAM_BACK", "CAM_BACK_RIGHT"], "token": "bf7cdcdf139f420fa409d6c67639ed42", "scene": "scene-0385"}, {"images": ["samples/CAM_FRONT_LEFT/n015-2018-08-03-15-31-50+0800__CAM_FRONT_LEFT__1533281736254844.jpg", "samples/CAM_FRONT/n015-2018-08-03-15-31-50+0800__CAM_FRONT__1533281736262460.jpg", "samples/CAM_FRONT_RIGHT/n015-2018-08-03-15-31-50+0800__CAM_FRONT_RIGHT__1533281736270339.jpg", "samples/CAM_BACK_LEFT/n015-2018-08-03-15-31-50+0800__CAM_BACK_LEFT__1533281736297423.jpg", "samples/CAM_BACK/n015-2018-08-03-15-31-50+0800__CAM_BACK__1533281736287525.jpg", "samples/CAM_BACK_RIGHT/n015-2018-08-03-15-31-50+0800__CAM_BACK_RIGHT__1533281736277893.jpg"], "intrinsics": [[[1272.5979470598488, 0.0, 826.6154927353808], [0.0, 1272.5979470598488, 479.75165386361925], [0.0, 0.0, 1.0]], [[1266.417203046554, 0.0, 816.2670197447984], [0.0, 1266.417203046554, 491.50706579294757], [0.0, 0.0, 1.0]], [[1260.8474446004698, 0.0, 807.968244525554], [0.0, 1260.8474446004698, 495.3344268742088], [0.0, 0.0, 1.0]], [[1256.7414812095406, 0.0, 792.1125740759628], [0.0, 1256.7414812095406, 492.7757465151356], [0.0, 0.0, 1.0]], [[809.2209905677063, 0.0, 829.2196003259838], [0.0, 809.2209905677063, 481.77842384512485], [0.0, 0.0, 1.0]], [[1259.5137405846733, 0.0, 807.2529053838625], [0.0, 1259.5137405846733, 501.19579884916527], [0.0, 0.0, 1.0]]], "extrinsics": [[[0.8149754405021667, -0.5793105959892273, 0.014638364315032959, -0.79931640625], [-0.0009543109918013215, -0.026602165773510933, -0.9996456503868103, 1.5081157684326172], [0.5794946551322937, 0.8146726489067078, -0.02223295345902443, -1.16510009765625], [0.0, 0.0, 0.0, 1.0]], [[-0.0025315992534160614, -0.9995283484458923, 0.030605653300881386, 0.00640869140625], [-0.00618300586938858, -0.030589520931243896, -0.9995129704475403, 1.5195574760437012], [0.9999776482582092, -0.002719603246077895, -0.00610264902934432, -1.5255126953125], [0.0, 0.0, 0.0, 1.0]], [[-0.8364860415458679, -0.5479356050491333, 0.007589241489768028, 0.92352294921875], [-0.00033574970439076424, -0.013336814008653164, -0.9999109506607056, 1.50361967086792], [0.5479879975318909, -0.8364142179489136, 0.010972091928124428, -1.17578125], [0.0, 0.0, 0.0, 1.0]], [[0.947985053062439, 0.31826651096343994, -0.005548779387027025, -1.13720703125], [0.008616829290986061, -0.04308353364467621, -0.9990343451499939, 1.588602066040039], [-0.31819823384284973, 0.9470217823982239, -0.043584998697042465, -0.105224609375], [0.0, 0.0, 0.0, 1.0]], [[0.005154384300112724, 0.9994307160377502, -0.03334246575832367, 0.0025634765625], [-0.016959406435489655, -0.03325074911117554, -0.9993031620979309, 1.578499436378479], [-0.9998428821563721, 0.005716257728636265, 0.016778362914919853, -0.0498046875], [0.0, 0.0, 0.0, 1.0]], [[-0.9330782294273376, 0.3590529263019562, -0.021114768460392952, 1.0458984375], [0.01559293083846569, -0.018268201500177383, -0.9997115731239319, 1.5529747009277344], [-0.3593350946903229, -0.9331384301185608, 0.011446977965533733, -0.09726333618164062], [0.0, 0.0, 0.0, 1.0]]], "view": [[0.0, -2.0, 100.0], [-2.0, 0.0, 100.0], [0.0, 0.0, 1.0]], "bev": "bev_0f16dc3e60ee472993df7871ef6d4a43.png", "aux": "aux_0f16dc3e60ee472993df7871ef6d4a43.npz", "visibility": "visibility_0f16dc3e60ee472993df7871ef6d4a43.png", "pose": [[0.07713707536458969, 0.9970204830169678, 0.0, 395.9237365722656], [-0.9970204830169678, 0.07713707536458969, 0.0, 1128.532470703125], [0.0, 0.0, 1.0, 0.0], [0.0, 0.0, 0.0, 1.0]], "pose_inverse": [[0.07713707536458969, -0.9970204830169678, 0.0, 1094.629638671875], [0.9970204830169678, 0.07713707536458969, 0.0, -481.7957763671875], [0.0, 0.0, 1.0, 0.0], [0.0, 0.0, 0.0, 1.0]], "cam_ids": [0, 1, 2, 3, 4, 5], "cam_channels": ["CAM_FRONT_LEFT", "CAM_FRONT", "CAM_FRONT_RIGHT", "CAM_BACK_LEFT", "CAM_BACK", "CAM_BACK_RIGHT"], "token": "0f16dc3e60ee472993df7871ef6d4a43", "scene": "scene-0385"}, {"images": ["samples/CAM_FRONT_LEFT/n015-2018-08-03-15-31-50+0800__CAM_FRONT_LEFT__1533281736754844.jpg", "samples/CAM_FRONT/n015-2018-08-03-15-31-50+0800__CAM_FRONT__1533281736762460.jpg", "samples/CAM_FRONT_RIGHT/n015-2018-08-03-15-31-50+0800__CAM_FRONT_RIGHT__1533281736770339.jpg", "samples/CAM_BACK_LEFT/n015-2018-08-03-15-31-50+0800__CAM_BACK_LEFT__1533281736797423.jpg", "samples/CAM_BACK/n015-2018-08-03-15-31-50+0800__CAM_BACK__1533281736787526.jpg", "samples/CAM_BACK_RIGHT/n015-2018-08-03-15-31-50+0800__CAM_BACK_RIGHT__1533281736777893.jpg"], "intrinsics": [[[1272.5979470598488, 0.0, 826.6154927353808], [0.0, 1272.5979470598488, 479.75165386361925], [0.0, 0.0, 1.0]], [[1266.417203046554, 0.0, 816.2670197447984], [0.0, 1266.417203046554, 491.50706579294757], [0.0, 0.0, 1.0]], [[1260.8474446004698, 0.0, 807.968244525554], [0.0, 1260.8474446004698, 495.3344268742088], [0.0, 0.0, 1.0]], [[1256.7414812095406, 0.0, 792.1125740759628], [0.0, 1256.7414812095406, 492.7757465151356], [0.0, 0.0, 1.0]], [[809.2209905677063, 0.0, 829.2196003259838], [0.0, 809.2209905677063, 481.77842384512485], [0.0, 0.0, 1.0]], [[1259.5137405846733, 0.0, 807.2529053838625], [0.0, 1259.5137405846733, 501.19579884916527], [0.0, 0.0, 1.0]]], "extrinsics": [[[0.8155887126922607, -0.5785178542137146, 0.011492684483528137, -0.782958984375], [-0.00045833864714950323, -0.02050771936774254, -0.9997895956039429, 1.508194923400879], [0.5786317586898804, 0.8154118657112122, -0.0169910229742527, -1.154022216796875], [0.0, 0.0, 0.0, 1.0]], [[-0.0017415644833818078, -0.9997006058692932, 0.02440146915614605, 0.00665283203125], [-0.005849040113389492, -0.02439090423285961, -0.9996854066848755, 1.519500732421875], [0.9999812841415405, -0.001883727847598493, -0.005804811604321003, -1.5076904296875], [0.0, 0.0, 0.0, 1.0]], [[-0.8361749053001404, -0.5484492182731628, 0.0038661067374050617, 0.910888671875], [-1.668406548560597e-05, -0.007023550104349852, -0.999975323677063, 1.503650188446045], [0.5484629273414612, -0.8361542820930481, 0.005863765720278025, -1.167236328125], [0.0, 0.0, 0.0, 1.0]], [[0.9479376077651978, 0.3184402883052826, -0.003151284297928214, -1.13018798828125], [0.00900181382894516, -0.03668566420674324, -0.9992862939834595, 1.588674545288086], [-0.3183286190032959, 0.947232723236084, -0.03764226660132408, -0.10784912109375], [0.0, 0.0, 0.0, 1.0]], [[0.004941788502037525, 0.9996244311332703, -0.02695210464298725, 0.00250244140625], [-0.016544286161661148, -0.026867011561989784, -0.9995021224021912, 1.578345775604248], [-0.9998509287834167, 0.005385261960327625, 0.01640530303120613, -0.060302734375], [0.0, 0.0, 0.0, 1.0]], [[-0.9331951141357422, 0.35885244607925415, -0.019277816638350487, 1.0333251953125], [0.01608438231050968, -0.011882579885423183, -0.9998000264167786, 1.5532283782958984], [-0.3590097725391388, -0.9333187341690063, 0.005316845141351223, -0.1020660400390625], [0.0, 0.0, 0.0, 1.0]]], "view": [[0.0, -2.0, 100.0], [-2.0, 0.0, 100.0], [0.0, 0.0, 1.0]], "bev": "bev_132cebbaf3064a749218e52b06993fed.png", "aux": "aux_132cebbaf3064a749218e52b06993fed.npz", "visibility": "visibility_132cebbaf3064a749218e52b06993fed.png", "pose": [[0.18070536851882935, 0.9835372567176819, 0.0, 396.215576171875], [-0.9835372567176819, 0.18070536851882935, 0.0, 1126.17626953125], [0.0, 0.0, 1.0, 0.0], [0.0, 0.0, 0.0, 1.0]], "pose_inverse": [[0.18070536851882935, -0.9835372567176819, 0.0, 1036.0380859375], [0.9835372567176819, 0.18070536851882935, 0.0, -593.1989135742188], [0.0, 0.0, 1.0, 0.0], [0.0, 0.0, 0.0, 1.0]], "cam_ids": [0, 1, 2, 3, 4, 5], "cam_channels": ["CAM_FRONT_LEFT", "CAM_FRONT", "CAM_FRONT_RIGHT", "CAM_BACK_LEFT", "CAM_BACK", "CAM_BACK_RIGHT"], "token": "132cebbaf3064a749218e52b06993fed", "scene": "scene-0385"}, {"images": ["samples/CAM_FRONT_LEFT/n015-2018-08-03-15-31-50+0800__CAM_FRONT_LEFT__1533281737254844.jpg", "samples/CAM_FRONT/n015-2018-08-03-15-31-50+0800__CAM_FRONT__1533281737262460.jpg", "samples/CAM_FRONT_RIGHT/n015-2018-08-03-15-31-50+0800__CAM_FRONT_RIGHT__1533281737270339.jpg", "samples/CAM_BACK_LEFT/n015-2018-08-03-15-31-50+0800__CAM_BACK_LEFT__1533281737297423.jpg", "samples/CAM_BACK/n015-2018-08-03-15-31-50+0800__CAM_BACK__1533281737287525.jpg", "samples/CAM_BACK_RIGHT/n015-2018-08-03-15-31-50+0800__CAM_BACK_RIGHT__1533281737277893.jpg"], "intrinsics": [[[1272.5979470598488, 0.0, 826.6154927353808], [0.0, 1272.5979470598488, 479.75165386361925], [0.0, 0.0, 1.0]], [[1266.417203046554, 0.0, 816.2670197447984], [0.0, 1266.417203046554, 491.50706579294757], [0.0, 0.0, 1.0]], [[1260.8474446004698, 0.0, 807.968244525554], [0.0, 1260.8474446004698, 495.3344268742088], [0.0, 0.0, 1.0]], [[1256.7414812095406, 0.0, 792.1125740759628], [0.0, 1256.7414812095406, 492.7757465151356], [0.0, 0.0, 1.0]], [[809.2209905677063, 0.0, 829.2196003259838], [0.0, 809.2209905677063, 481.77842384512485], [0.0, 0.0, 1.0]], [[1259.5137405846733, 0.0, 807.2529053838625], [0.0, 1259.5137405846733, 501.19579884916527], [0.0, 0.0, 1.0]]], "extrinsics": [[[0.8148378729820251, -0.579603910446167, 0.009922349825501442, -0.778076171875], [-0.000881907413713634, -0.018356135115027428, -0.9998311400413513, 1.5080852508544922], [0.5796881914138794, 0.8146916627883911, -0.015468431636691093, -1.1497697830200195], [0.0, 0.0, 0.0, 1.0]], [[-0.002828191965818405, -0.9997518062591553, 0.022097889333963394, 0.006103515625], [-0.00624333880841732, -0.022079898044466972, -0.9997367262840271, 1.5193843841552734], [0.9999765157699585, -0.002965381834656, -0.006179342977702618, -1.50286865234375], [0.0, 0.0, 0.0, 1.0]], [[-0.8366768956184387, -0.5476888418197632, 0.002973882481455803, 0.907562255859375], [-0.0005197346326895058, -0.004635842517018318, -0.9999890923500061, 1.5035722255706787], [0.5476966500282288, -0.8366692066192627, 0.003594050882384181, -1.1656494140625], [0.0, 0.0, 0.0, 1.0]], [[0.947959840297699, 0.31837302446365356, -0.003290297696366906, -1.13043212890625], [0.008017631247639656, -0.03420095145702362, -0.9993827939033508, 1.5886573791503906], [-0.31828898191452026, 0.947348415851593, -0.03497372567653656, -0.10772705078125], [0.0, 0.0, 0.0, 1.0]], [[0.005362874362617731, 0.9996863603591919, -0.024461863562464714, 0.00286865234375], [-0.017396055161952972, -0.024365246295928955, -0.9995517730712891, 1.5782694816589355], [-0.9998343586921692, 0.005786050111055374, 0.017259931191802025, -0.0609130859375], [0.0, 0.0, 0.0, 1.0]], [[-0.9329401254653931, 0.35959646105766296, -0.017693640664219856, 1.03173828125], [0.015310605056583881, -0.00947421696037054, -0.9998379349708557, 1.5531673431396484], [-0.3597058951854706, -0.9330598711967468, 0.003333235625177622, -0.10321044921875], [0.0, 0.0, 0.0, 1.0]]], "view": [[0.0, -2.0, 100.0], [-2.0, 0.0, 100.0], [0.0, 0.0, 1.0]], "bev": "bev_b45d281ad256489ca0cc3e7e147e9c25.png", "aux": "aux_b45d281ad256489ca0cc3e7e147e9c25.npz", "visibility": "visibility_b45d281ad256489ca0cc3e7e147e9c25.png", "pose": [[0.2824876308441162, 0.9592709541320801, 0.0, 396.77362060546875], [-0.9592709541320801, 0.2824876308441162, 0.0, 1123.7587890625], [0.0, 0.0, 1.0, 0.0], [0.0, 0.0, 0.0, 1.0]], "pose_inverse": [[0.2824876308441162, -0.9592709541320801, 0.0, 965.905517578125], [0.9592709541320801, 0.2824876308441162, 0.0, -698.0614013671875], [0.0, 0.0, 1.0, 0.0], [0.0, 0.0, 0.0, 1.0]], "cam_ids": [0, 1, 2, 3, 4, 5], "cam_channels": ["CAM_FRONT_LEFT", "CAM_FRONT", "CAM_FRONT_RIGHT", "CAM_BACK_LEFT", "CAM_BACK", "CAM_BACK_RIGHT"], "token": "b45d281ad256489ca0cc3e7e147e9c25", "scene": "scene-0385"}, {"images": ["samples/CAM_FRONT_LEFT/n015-2018-08-03-15-31-50+0800__CAM_FRONT_LEFT__1533281737754844.jpg", "samples/CAM_FRONT/n015-2018-08-03-15-31-50+0800__CAM_FRONT__1533281737762470.jpg", "samples/CAM_FRONT_RIGHT/n015-2018-08-03-15-31-50+0800__CAM_FRONT_RIGHT__1533281737770339.jpg", "samples/CAM_BACK_LEFT/n015-2018-08-03-15-31-50+0800__CAM_BACK_LEFT__1533281737797423.jpg", "samples/CAM_BACK/n015-2018-08-03-15-31-50+0800__CAM_BACK__1533281737787525.jpg", "samples/CAM_BACK_RIGHT/n015-2018-08-03-15-31-50+0800__CAM_BACK_RIGHT__1533281737777893.jpg"], "intrinsics": [[[1272.5979470598488, 0.0, 826.6154927353808], [0.0, 1272.5979470598488, 479.75165386361925], [0.0, 0.0, 1.0]], [[1266.417203046554, 0.0, 816.2670197447984], [0.0, 1266.417203046554, 491.50706579294757], [0.0, 0.0, 1.0]], [[1260.8474446004698, 0.0, 807.968244525554], [0.0, 1260.8474446004698, 495.3344268742088], [0.0, 0.0, 1.0]], [[1256.7414812095406, 0.0, 792.1125740759628], [0.0, 1256.7414812095406, 492.7757465151356], [0.0, 0.0, 1.0]], [[809.2209905677063, 0.0, 829.2196003259838], [0.0, 809.2209905677063, 481.77842384512485], [0.0, 0.0, 1.0]], [[1259.5137405846733, 0.0, 807.2529053838625], [0.0, 1259.5137405846733, 501.19579884916527], [0.0, 0.0, 1.0]]], "extrinsics": [[[0.8151082992553711, -0.5791612863540649, 0.013059298507869244, -0.7684326171875], [-0.0016342320013791323, -0.024841656908392906, -0.999690055847168, 1.5079002380371094], [0.5793061852455139, 0.8148344159126282, -0.021195126697421074, -1.142608642578125], [0.0, 0.0, 0.0, 1.0]], [[-0.002319585531949997, -0.9995774626731873, 0.028972379863262177, 0.0059814453125], [-0.006951211020350456, -0.02895563840866089, -0.9995565414428711, 1.5191898345947266], [0.9999730587005615, -0.002519938861951232, -0.006881110370159149, -1.4930419921875], [0.0, 0.0, 0.0, 1.0]], [[-0.8363978862762451, -0.5480708479881287, 0.007533512078225613, 0.9013671875], [-0.0012070090742781758, -0.01190253160893917, -0.99992835521698, 1.5034675598144531], [0.5481213331222534, -0.8363471627235413, 0.00929373037070036, -1.1614990234375], [0.0, 0.0, 0.0, 1.0]], [[0.9479512572288513, 0.31834670901298523, -0.006619323510676622, -1.13055419921875], [0.007355707231909037, -0.04267662391066551, -0.9990618824958801, 1.5886497497558594], [-0.3183305263519287, 0.9470131993293762, -0.0427970290184021, -0.1077880859375], [0.0, 0.0, 0.0, 1.0]], [[0.005021525081247091, 0.9994577765464783, -0.032541610300540924, 0.002685546875], [-0.01806371472775936, -0.03244604170322418, -0.9993102550506592, 1.5781917572021484], [-0.9998242259025574, 0.005605907179415226, 0.017890991643071175, -0.06353759765625], [0.0, 0.0, 0.0, 1.0]], [[-0.9331382513046265, 0.3589721918106079, -0.019792580977082253, 1.02685546875], [0.014630324207246304, -0.017091725021600723, -0.9997469186782837, 1.5531749725341797], [-0.35921967029571533, -0.93319171667099, 0.01069706492125988, -0.10479736328125], [0.0, 0.0, 0.0, 1.0]]], "view": [[0.0, -2.0, 100.0], [-2.0, 0.0, 100.0], [0.0, 0.0, 1.0]], "bev": "bev_a155855042a64e82b8ca3381f19f9f55.png", "aux": "aux_a155855042a64e82b8ca3381f19f9f55.npz", "visibility": "visibility_a155855042a64e82b8ca3381f19f9f55.png", "pose": [[0.3858751654624939, 0.9225509762763977, 0.0, 397.6543273925781], [-0.9225509762763977, 0.3858751654624939, 0.0, 1121.25439453125], [0.0, 0.0, 1.0, 0.0], [0.0, 0.0, 0.0, 1.0]], "pose_inverse": [[0.3858751654624939, -0.9225509762763977, 0.0, 880.9694213867188], [0.9225509762763977, 0.3858751654624939, 0.0, -799.5206298828125], [0.0, 0.0, 1.0, 0.0], [0.0, 0.0, 0.0, 1.0]], "cam_ids": [0, 1, 2, 3, 4, 5], "cam_channels": ["CAM_FRONT_LEFT", "CAM_FRONT", "CAM_FRONT_RIGHT", "CAM_BACK_LEFT", "CAM_BACK", "CAM_BACK_RIGHT"], "token": "a155855042a64e82b8ca3381f19f9f55", "scene": "scene-0385"}, {"images": ["samples/CAM_FRONT_LEFT/n015-2018-08-03-15-31-50+0800__CAM_FRONT_LEFT__1533281738254844.jpg", "samples/CAM_FRONT/n015-2018-08-03-15-31-50+0800__CAM_FRONT__1533281738262460.jpg", "samples/CAM_FRONT_RIGHT/n015-2018-08-03-15-31-50+0800__CAM_FRONT_RIGHT__1533281738270339.jpg", "samples/CAM_BACK_LEFT/n015-2018-08-03-15-31-50+0800__CAM_BACK_LEFT__1533281738297423.jpg", "samples/CAM_BACK/n015-2018-08-03-15-31-50+0800__CAM_BACK__1533281738287525.jpg", "samples/CAM_BACK_RIGHT/n015-2018-08-03-15-31-50+0800__CAM_BACK_RIGHT__1533281738277893.jpg"], "intrinsics": [[[1272.5979470598488, 0.0, 826.6154927353808], [0.0, 1272.5979470598488, 479.75165386361925], [0.0, 0.0, 1.0]], [[1266.417203046554, 0.0, 816.2670197447984], [0.0, 1266.417203046554, 491.50706579294757], [0.0, 0.0, 1.0]], [[1260.8474446004698, 0.0, 807.968244525554], [0.0, 1260.8474446004698, 495.3344268742088], [0.0, 0.0, 1.0]], [[1256.7414812095406, 0.0, 792.1125740759628], [0.0, 1256.7414812095406, 492.7757465151356], [0.0, 0.0, 1.0]], [[809.2209905677063, 0.0, 829.2196003259838], [0.0, 809.2209905677063, 481.77842384512485], [0.0, 0.0, 1.0]], [[1259.5137405846733, 0.0, 807.2529053838625], [0.0, 1259.5137405846733, 501.19579884916527], [0.0, 0.0, 1.0]]], "extrinsics": [[[0.8139756917953491, -0.5807251334190369, 0.014208127744495869, -0.7540283203125], [0.0010813375702127814, -0.022944066673517227, -0.9997361302375793, 1.5086002349853516], [0.5808979272842407, 0.8137763142585754, -0.01804795116186142, -1.13360595703125], [0.0, 0.0, 0.0, 1.0]], [[-0.00411719037219882, -0.9996273517608643, 0.02698497287929058, 0.00653076171875], [-0.00420277938246727, -0.026967668905854225, -0.9996274709701538, 1.5197010040283203], [0.9999827146530151, -0.004229079466313124, -0.004090181551873684, -1.479248046875], [0.0, 0.0, 0.0, 1.0]], [[-0.8371536731719971, -0.5469526052474976, 0.00405627628788352, 0.892730712890625], [0.001599416951648891, -0.009863798506557941, -0.9999500513076782, 1.5039300918579102], [0.5469653606414795, -0.837105393409729, 0.009132321923971176, -1.1553955078125], [0.0, 0.0, 0.0, 1.0]], [[0.9479871988296509, 0.318291038274765, -0.0033229405526071787, -1.13031005859375], [0.010112520307302475, -0.04054960608482361, -0.9991263151168823, 1.5886878967285156], [-0.3181476891040802, 0.9471253752708435, -0.04165923222899437, -0.1077880859375], [0.0, 0.0, 0.0, 1.0]], [[0.0056528570130467415, 0.9995213150978088, -0.030419228598475456, 0.00262451171875], [-0.015275083482265472, -0.030329857021570206, -0.9994232654571533, 1.578317642211914], [-0.9998673796653748, 0.006114248186349869, 0.015096320770680904, -0.06732177734375], [0.0, 0.0, 0.0, 1.0]], [[-0.9327208399772644, 0.35994645953178406, -0.02168845571577549, 1.0198974609375], [0.0174437016248703, -0.015037241391837597, -0.9997347593307495, 1.5536365509033203], [-0.36017709970474243, -0.9328517913818359, 0.007746748626232147, -0.10736083984375], [0.0, 0.0, 0.0, 1.0]]], "view": [[0.0, -2.0, 100.0], [-2.0, 0.0, 100.0], [0.0, 0.0, 1.0]], "bev": "bev_9017506f0e2c47c1b9aa617002703be3.png", "aux": "aux_9017506f0e2c47c1b9aa617002703be3.npz", "visibility": "visibility_9017506f0e2c47c1b9aa617002703be3.png", "pose": [[0.49099868535995483, 0.8711603283882141, 0.0, 398.861328125], [-0.8711603283882141, 0.49099868535995483, 0.0, 1118.75244140625], [0.0, 0.0, 1.0, 0.0], [0.0, 0.0, 0.0, 1.0]], "pose_inverse": [[0.49099868535995483, -0.8711603283882141, 0.0, 778.7723388671875], [0.8711603283882141, 0.49099868535995483, 0.0, -896.7781372070312], [0.0, 0.0, 1.0, 0.0], [0.0, 0.0, 0.0, 1.0]], "cam_ids": [0, 1, 2, 3, 4, 5], "cam_channels": ["CAM_FRONT_LEFT", "CAM_FRONT", "CAM_FRONT_RIGHT", "CAM_BACK_LEFT", "CAM_BACK", "CAM_BACK_RIGHT"], "token": "9017506f0e2c47c1b9aa617002703be3", "scene": "scene-0385"}, {"images": ["samples/CAM_FRONT_LEFT/n015-2018-08-03-15-31-50+0800__CAM_FRONT_LEFT__1533281738754844.jpg", "samples/CAM_FRONT/n015-2018-08-03-15-31-50+0800__CAM_FRONT__1533281738762460.jpg", "samples/CAM_FRONT_RIGHT/n015-2018-08-03-15-31-50+0800__CAM_FRONT_RIGHT__1533281738770339.jpg", "samples/CAM_BACK_LEFT/n015-2018-08-03-15-31-50+0800__CAM_BACK_LEFT__1533281738797423.jpg", "samples/CAM_BACK/n015-2018-08-03-15-31-50+0800__CAM_BACK__1533281738787525.jpg", "samples/CAM_BACK_RIGHT/n015-2018-08-03-15-31-50+0800__CAM_BACK_RIGHT__1533281738777893.jpg"], "intrinsics": [[[1272.5979470598488, 0.0, 826.6154927353808], [0.0, 1272.5979470598488, 479.75165386361925], [0.0, 0.0, 1.0]], [[1266.417203046554, 0.0, 816.2670197447984], [0.0, 1266.417203046554, 491.50706579294757], [0.0, 0.0, 1.0]], [[1260.8474446004698, 0.0, 807.968244525554], [0.0, 1260.8474446004698, 495.3344268742088], [0.0, 0.0, 1.0]], [[1256.7414812095406, 0.0, 792.1125740759628], [0.0, 1256.7414812095406, 492.7757465151356], [0.0, 0.0, 1.0]], [[809.2209905677063, 0.0, 829.2196003259838], [0.0, 809.2209905677063, 481.77842384512485], [0.0, 0.0, 1.0]], [[1259.5137405846733, 0.0, 807.2529053838625], [0.0, 1259.5137405846733, 501.19579884916527], [0.0, 0.0, 1.0]]], "extrinsics": [[[0.8129173517227173, -0.5821366906166077, 0.01679631695151329, -0.7562255859375], [-0.0037124871741980314, -0.03402022644877434, -0.9994142055511475, 1.507354736328125], [0.5823671817779541, 0.8123789429664612, -0.02981681004166603, -1.1326904296875], [0.0, 0.0, 0.0, 1.0]], [[-0.005510083865374327, -0.9992688894271851, 0.03783347085118294, 0.00494384765625], [-0.008838864974677563, -0.037783898413181305, -0.9992468357086182, 1.5187015533447266], [0.9999457597732544, -0.0058402977883815765, -0.008624210022389889, -1.4803466796875], [0.0, 0.0, 0.0, 1.0]], [[-0.8378434777259827, -0.5457447171211243, 0.013450084254145622, 0.8922154903411865], [-0.0027981605380773544, -0.020344356074929237, -0.9997890591621399, 1.5031929016113281], [0.5459032654762268, -0.8377045392990112, 0.0155183095484972, -1.156494140625], [0.0, 0.0, 0.0, 1.0]], [[0.9480934143066406, 0.31785595417022705, -0.009291998110711575, -1.12811279296875], [0.006776167545467615, -0.049408767372369766, -0.9987556338310242, 1.588653564453125], [-0.31791964173316956, 0.9468507170677185, -0.04899797588586807, -0.1085205078125], [0.0, 0.0, 0.0, 1.0]], [[0.006312265060842037, 0.99918133020401, -0.03996221721172333, 0.003173828125], [-0.01903679594397545, -0.03983570262789726, -0.9990248680114746, 1.578012466430664], [-0.9997988939285278, 0.007066874764859676, 0.018769755959510803, -0.06878662109375], [0.0, 0.0, 0.0, 1.0]], [[-0.9324020147323608, 0.36078450083732605, -0.021472984924912453, 1.01947021484375], [0.01329819019883871, -0.025125939399003983, -0.9995958209037781, 1.5531234741210938], [-0.3611782491207123, -0.9323107004165649, 0.018629690632224083, -0.10845947265625], [0.0, 0.0, 0.0, 1.0]]], "view": [[0.0, -2.0, 100.0], [-2.0, 0.0, 100.0], [0.0, 0.0, 1.0]], "bev": "bev_f3e5d8ae47e5484a890ec97e3f6dab20.png", "aux": "aux_f3e5d8ae47e5484a890ec97e3f6dab20.npz", "visibility": "visibility_f3e5d8ae47e5484a890ec97e3f6dab20.png", "pose": [[0.607038676738739, 0.7946723103523254, 0.0, 400.3729248046875], [-0.7946723103523254, 0.607038676738739, 0.0, 1116.4197998046875], [0.0, 0.0, 1.0, 0.0], [0.0, 0.0, 0.0, 1.0]], "pose_inverse": [[0.607038676738739, -0.7946723103523254, 0.0, 644.14599609375], [0.7946723103523254, 0.607038676738739, 0.0, -995.875244140625], [0.0, 0.0, 1.0, 0.0], [0.0, 0.0, 0.0, 1.0]], "cam_ids": [0, 1, 2, 3, 4, 5], "cam_channels": ["CAM_FRONT_LEFT", "CAM_FRONT", "CAM_FRONT_RIGHT", "CAM_BACK_LEFT", "CAM_BACK", "CAM_BACK_RIGHT"], "token": "f3e5d8ae47e5484a890ec97e3f6dab20", "scene": "scene-0385"}, {"images": ["samples/CAM_FRONT_LEFT/n015-2018-08-03-15-31-50+0800__CAM_FRONT_LEFT__1533281739254844.jpg", "samples/CAM_FRONT/n015-2018-08-03-15-31-50+0800__CAM_FRONT__1533281739262460.jpg", "samples/CAM_FRONT_RIGHT/n015-2018-08-03-15-31-50+0800__CAM_FRONT_RIGHT__1533281739270339.jpg", "samples/CAM_BACK_LEFT/n015-2018-08-03-15-31-50+0800__CAM_BACK_LEFT__1533281739297423.jpg", "samples/CAM_BACK/n015-2018-08-03-15-31-50+0800__CAM_BACK__1533281739287559.jpg", "samples/CAM_BACK_RIGHT/n015-2018-08-03-15-31-50+0800__CAM_BACK_RIGHT__1533281739277893.jpg"], "intrinsics": [[[1272.5979470598488, 0.0, 826.6154927353808], [0.0, 1272.5979470598488, 479.75165386361925], [0.0, 0.0, 1.0]], [[1266.417203046554, 0.0, 816.2670197447984], [0.0, 1266.417203046554, 491.50706579294757], [0.0, 0.0, 1.0]], [[1260.8474446004698, 0.0, 807.968244525554], [0.0, 1260.8474446004698, 495.3344268742088], [0.0, 0.0, 1.0]], [[1256.7414812095406, 0.0, 792.1125740759628], [0.0, 1256.7414812095406, 492.7757465151356], [0.0, 0.0, 1.0]], [[809.2209905677063, 0.0, 829.2196003259838], [0.0, 809.2209905677063, 481.77842384512485], [0.0, 0.0, 1.0]], [[1259.5137405846733, 0.0, 807.2529053838625], [0.0, 1259.5137405846733, 501.19579884916527], [0.0, 0.0, 1.0]]], "extrinsics": [[[0.8127557635307312, -0.5822817087173462, 0.01939251273870468, -0.7373046875], [-0.00043110651313327253, -0.03388696536421776, -0.9994255900382996, 1.5082473754882812], [0.5826043486595154, 0.812280535697937, -0.027792854234576225, -1.1214599609375], [0.0, 0.0, 0.0, 1.0]], [[-0.0058569167740643024, -0.9992672801017761, 0.037822749465703964, 0.00634765625], [-0.005656305234879255, -0.037789687514305115, -0.9992697238922119, 1.5193252563476562], [0.9999669194221497, -0.006066505331546068, -0.005430835299193859, -1.462127685546875], [0.0, 0.0, 0.0, 1.0]], [[-0.837925136089325, -0.5456739664077759, 0.011018234305083752, 0.881439208984375], [0.0002448546583764255, -0.020563697442412376, -0.9997885227203369, 1.5037288665771484], [0.545785129070282, -0.8377452492713928, 0.01736444979906082, -1.148193359375], [0.0, 0.0, 0.0, 1.0]], [[0.9481005072593689, 0.3178781569004059, -0.007679245434701443, -1.127655029296875], [0.00891112070530653, -0.050704021006822586, -0.9986739754676819, 1.5886993408203125], [-0.31784602999687195, 0.9467747807502747, -0.05090515688061714, -0.1087646484375], [0.0, 0.0, 0.0, 1.0]], [[0.006332180928438902, 0.9991477727890015, -0.04078831523656845, 0.0025634765625], [-0.01652064360678196, -0.040679045021533966, -0.9990357160568237, 1.5781402587890625], [-0.9998434782028198, 0.006999821402132511, 0.016248978674411774, -0.073516845703125], [0.0, 0.0, 0.0, 1.0]], [[-0.9323575496673584, 0.36071962118148804, -0.02430320344865322, 1.010498046875], [0.01614595763385296, -0.025610636919736862, -0.9995415806770325, 1.5536537170410156], [-0.3611766993999481, -0.93232262134552, 0.018054109066724777, -0.11102294921875], [0.0, 0.0, 0.0, 1.0]]], "view": [[0.0, -2.0, 100.0], [-2.0, 0.0, 100.0], [0.0, 0.0, 1.0]], "bev": "bev_9656733fccb6409f8b3ad23dfe19ea29.png", "aux": "aux_9656733fccb6409f8b3ad23dfe19ea29.npz", "visibility": "visibility_9656733fccb6409f8b3ad23dfe19ea29.png", "pose": [[0.7153425216674805, 0.698773980140686, 0.0, 402.3299255371094], [-0.698773980140686, 0.7153425216674805, 0.0, 1114.178955078125], [0.0, 0.0, 1.0, 0.0], [0.0, 0.0, 0.0, 1.0]], "pose_inverse": [[0.7153425216674805, -0.698773980140686, 0.0, 490.7555847167969], [0.698773980140686, 0.7153425216674805, 0.0, -1078.1572265625], [0.0, 0.0, 1.0, 0.0], [0.0, 0.0, 0.0, 1.0]], "cam_ids": [0, 1, 2, 3, 4, 5], "cam_channels": ["CAM_FRONT_LEFT", "CAM_FRONT", "CAM_FRONT_RIGHT", "CAM_BACK_LEFT", "CAM_BACK", "CAM_BACK_RIGHT"], "token": "9656733fccb6409f8b3ad23dfe19ea29", "scene": "scene-0385"}, {"images": ["samples/CAM_FRONT_LEFT/n015-2018-08-03-15-31-50+0800__CAM_FRONT_LEFT__1533281739754844.jpg", "samples/CAM_FRONT/n015-2018-08-03-15-31-50+0800__CAM_FRONT__1533281739762460.jpg", "samples/CAM_FRONT_RIGHT/n015-2018-08-03-15-31-50+0800__CAM_FRONT_RIGHT__1533281739770339.jpg", "samples/CAM_BACK_LEFT/n015-2018-08-03-15-31-50+0800__CAM_BACK_LEFT__1533281739797423.jpg", "samples/CAM_BACK/n015-2018-08-03-15-31-50+0800__CAM_BACK__1533281739787525.jpg", "samples/CAM_BACK_RIGHT/n015-2018-08-03-15-31-50+0800__CAM_BACK_RIGHT__1533281739777893.jpg"], "intrinsics": [[[1272.5979470598488, 0.0, 826.6154927353808], [0.0, 1272.5979470598488, 479.75165386361925], [0.0, 0.0, 1.0]], [[1266.417203046554, 0.0, 816.2670197447984], [0.0, 1266.417203046554, 491.50706579294757], [0.0, 0.0, 1.0]], [[1260.8474446004698, 0.0, 807.968244525554], [0.0, 1260.8474446004698, 495.3344268742088], [0.0, 0.0, 1.0]], [[1256.7414812095406, 0.0, 792.1125740759628], [0.0, 1256.7414812095406, 492.7757465151356], [0.0, 0.0, 1.0]], [[809.2209905677063, 0.0, 829.2196003259838], [0.0, 809.2209905677063, 481.77842384512485], [0.0, 0.0, 1.0]], [[1259.5137405846733, 0.0, 807.2529053838625], [0.0, 1259.5137405846733, 501.19579884916527], [0.0, 0.0, 1.0]]], "extrinsics": [[[0.8124755620956421, -0.5826326608657837, 0.020555267110466957, -0.72906494140625], [-0.0020353689324110746, -0.03809259459376335, -0.9992721080780029, 1.5078353881835938], [0.5829917192459106, 0.8118423819541931, -0.03213517367839813, -1.1165771484375], [0.0, 0.0, 0.0, 1.0]], [[-0.0061164614744484425, -0.9990723729133606, 0.04262334108352661, 0.00732421875], [-0.006992179900407791, -0.042580366134643555, -0.999068558216095, 1.5190238952636719], [0.9999568462371826, -0.0064088813960552216, -0.006725250743329525, -1.45391845703125], [0.0, 0.0, 0.0, 1.0]], [[-0.838102400302887, -0.545311689376831, 0.01481527741998434, 0.87603759765625], [-0.0007922813529148698, -0.025941628962755203, -0.9996631145477295, 1.5035648345947266], [0.5455123782157898, -0.8378318548202515, 0.02130970172584057, -1.143798828125], [0.0, 0.0, 0.0, 1.0]], [[0.9481368660926819, 0.3177000880241394, -0.01015706080943346, -1.1278076171875], [0.008689165115356445, -0.05784758925437927, -0.9982876181602478, 1.5886993408203125], [-0.31774359941482544, 0.9464250206947327, -0.0576079823076725, -0.1087646484375], [0.0, 0.0, 0.0, 1.0]], [[0.006609030533581972, 0.9988552331924438, -0.04737843945622444, 0.0023193359375], [-0.016763461753726006, -0.047262147068977356, -0.998741865158081, 1.5780830383300781], [-0.9998376369476318, 0.007394908927381039, 0.016431916505098343, -0.076690673828125], [0.0, 0.0, 0.0, 1.0]], [[-0.9322366118431091, 0.36092954874038696, -0.025781944394111633, 1.00506591796875], [0.015431191772222519, -0.03153117746114731, -0.9993836283683777, 1.5536651611328125], [-0.36152002215385437, -0.9320599436759949, 0.023824946954846382, -0.1126708984375], [0.0, 0.0, 0.0, 1.0]]], "view": [[0.0, -2.0, 100.0], [-2.0, 0.0, 100.0], [0.0, 0.0, 1.0]], "bev": "bev_7e79994249324e1fb5a8c7668fc1da36.png", "aux": "aux_7e79994249324e1fb5a8c7668fc1da36.npz", "visibility": "visibility_7e79994249324e1fb5a8c7668fc1da36.png", "pose": [[0.8130075931549072, 0.582253098487854, 0.0, 404.72222900390625], [-0.582253098487854, 0.8130075931549072, 0.0, 1112.1358642578125], [0.0, 0.0, 1.0, 0.0], [0.0, 0.0, 0.0, 1.0]], "pose_inverse": [[0.8130075931549072, -0.582253098487854, 0.0, 318.5023193359375], [0.582253098487854, 0.8130075931549072, 0.0, -1139.82568359375], [0.0, 0.0, 1.0, 0.0], [0.0, 0.0, 0.0, 1.0]], "cam_ids": [0, 1, 2, 3, 4, 5], "cam_channels": ["CAM_FRONT_LEFT", "CAM_FRONT", "CAM_FRONT_RIGHT", "CAM_BACK_LEFT", "CAM_BACK", "CAM_BACK_RIGHT"], "token": "7e79994249324e1fb5a8c7668fc1da36", "scene": "scene-0385"}, {"images": ["samples/CAM_FRONT_LEFT/n015-2018-08-03-15-31-50+0800__CAM_FRONT_LEFT__1533281740254844.jpg", "samples/CAM_FRONT/n015-2018-08-03-15-31-50+0800__CAM_FRONT__1533281740262460.jpg", "samples/CAM_FRONT_RIGHT/n015-2018-08-03-15-31-50+0800__CAM_FRONT_RIGHT__1533281740270339.jpg", "samples/CAM_BACK_LEFT/n015-2018-08-03-15-31-50+0800__CAM_BACK_LEFT__1533281740297423.jpg", "samples/CAM_BACK/n015-2018-08-03-15-31-50+0800__CAM_BACK__1533281740287525.jpg", "samples/CAM_BACK_RIGHT/n015-2018-08-03-15-31-50+0800__CAM_BACK_RIGHT__1533281740277893.jpg"], "intrinsics": [[[1272.5979470598488, 0.0, 826.6154927353808], [0.0, 1272.5979470598488, 479.75165386361925], [0.0, 0.0, 1.0]], [[1266.417203046554, 0.0, 816.2670197447984], [0.0, 1266.417203046554, 491.50706579294757], [0.0, 0.0, 1.0]], [[1260.8474446004698, 0.0, 807.968244525554], [0.0, 1260.8474446004698, 495.3344268742088], [0.0, 0.0, 1.0]], [[1256.7414812095406, 0.0, 792.1125740759628], [0.0, 1256.7414812095406, 492.7757465151356], [0.0, 0.0, 1.0]], [[809.2209905677063, 0.0, 829.2196003259838], [0.0, 809.2209905677063, 481.77842384512485], [0.0, 0.0, 1.0]], [[1259.5137405846733, 0.0, 807.2529053838625], [0.0, 1259.5137405846733, 501.19579884916527], [0.0, 0.0, 1.0]]], "extrinsics": [[[0.8159353137016296, -0.577705979347229, 0.022477885708212852, -0.70733642578125], [-0.0032420745119452477, -0.04345092549920082, -0.9990503191947937, 1.5074043273925781], [0.5781340003013611, 0.8150875568389893, -0.03732611611485481, -1.10235595703125], [0.0, 0.0, 0.0, 1.0]], [[-0.001182965119369328, -0.998856782913208, 0.04778642952442169, 0.0079345703125], [-0.008412620052695274, -0.04777483269572258, -0.9988227486610413, 1.5184974670410156], [0.9999638199806213, -0.001583536621183157, -0.008346488699316978, -1.4318695068359375], [0.0, 0.0, 0.0, 1.0]], [[-0.8359372019767761, -0.5484933853149414, 0.019075345247983932, 0.861358642578125], [-0.0025374703109264374, -0.030893737450242043, -0.9995194673538208, 1.5032005310058594], [0.5488191246986389, -0.8355838656425476, 0.0244334414601326, -1.13330078125], [0.0, 0.0, 0.0, 1.0]], [[0.9484842419624329, 0.31653738021850586, -0.013480279594659805, -1.1243743896484375], [0.00640463549643755, -0.06169576942920685, -0.998074471950531, 1.5887222290039062], [-0.31675952672958374, 0.9465715289115906, -0.06054477393627167, -0.1104736328125], [0.0, 0.0, 0.0, 1.0]], [[0.00540740974247455