[{"images": ["samples/CAM_FRONT_LEFT/n008-2018-08-30-15-52-26-0400__CAM_FRONT_LEFT__1535659387004799.jpg", "samples/CAM_FRONT/n008-2018-08-30-15-52-26-0400__CAM_FRONT__1535659387012404.jpg", "samples/CAM_FRONT_RIGHT/n008-2018-08-30-15-52-26-0400__CAM_FRONT_RIGHT__1535659387020482.jpg", "samples/CAM_BACK_LEFT/n008-2018-08-30-15-52-26-0400__CAM_BACK_LEFT__1535659387047405.jpg", "samples/CAM_BACK/n008-2018-08-30-15-52-26-0400__CAM_BACK__1535659387037558.jpg", "samples/CAM_BACK_RIGHT/n008-2018-08-30-15-52-26-0400__CAM_BACK_RIGHT__1535659387028113.jpg"], "intrinsics": [[[1257.8625342125129, 0.0, 827.2410631095686], [0.0, 1257.8625342125129, 450.915498205774], [0.0, 0.0, 1.0]], [[1252.8131021185304, 0.0, 826.588114781398], [0.0, 1252.8131021185304, 469.9846626224581], [0.0, 0.0, 1.0]], [[1256.7485116440405, 0.0, 817.7887570959712], [0.0, 1256.7485116440403, 451.9541780095127], [0.0, 0.0, 1.0]], [[1254.9860565800168, 0.0, 829.5769333630991], [0.0, 1254.9860565800168, 467.1680561863987], [0.0, 0.0, 1.0]], [[796.8910634503094, 0.0, 857.7774326863696], [0.0, 796.8910634503094, 476.8848988407415], [0.0, 0.0, 1.0]], [[1249.9629280788233, 0.0, 825.3768045375984], [0.0, 1249.9629280788233, 462.54816385708756], [0.0, 0.0, 1.0]]], "extrinsics": [[[0.821936309337616, -0.5695703625679016, 0.003229299793019891, -0.616241455078125], [0.013876320794224739, 0.014356077648699284, -0.9998006224632263, 1.4947624206542969], [0.5694104433059692, 0.8218172788619995, 0.019703321158885956, -1.06878662109375], [0.0, 0.0, 0.0, 1.0]], [[0.009197631850838661, -0.9999082088470459, -0.009949753992259502, 0.0120849609375], [0.01600504480302334, 0.010096107609570026, -0.9998209476470947, 1.486393928527832], [0.9998295903205872, 0.00903679896146059, 0.016096435487270355, -1.3437042236328125], [0.0, 0.0, 0.0, 1.0]], [[-0.8444905281066895, -0.5351542234420776, -0.021111860871315002, 0.83258056640625], [0.02420475147664547, 0.0012425861787050962, -0.9997062087059021, 1.5004973411560059], [0.5350232720375061, -0.8447535037994385, 0.011903923004865646, -1.1114501953125], [0.0, 0.0, 0.0, 1.0]], [[0.947884202003479, 0.3185838758945465, 0.004454522393643856, -1.1246337890625], [-0.0007204585708677769, 0.016124017536640167, -0.9998697638511658, 1.5620288848876953], [-0.31861433386802673, 0.9477575421333313, 0.015513228252530098, -0.16253662109375], [0.0, 0.0, 0.0, 1.0]], [[0.009624389000236988, 0.9999161958694458, 0.00866473838686943, -0.0284423828125], [0.001279520569369197, 0.008652818389236927, -0.9999617338180542, 1.5682148933410645], [-0.9999529123306274, 0.00963509175926447, -0.0011961351847276092, -0.080902099609375], [0.0, 0.0, 0.0, 1.0]], [[-0.9233442544937134, 0.3838370442390442, -0.010219676420092583, 0.951629638671875], [0.005279769655317068, -0.013921269215643406, -0.9998891353607178, 1.5490236282348633], [-0.3839368522167206, -0.9232959151268005, 0.010827552527189255, -0.1290283203125], [0.0, 0.0, 0.0, 1.0]]], "view": [[0.0, -2.0, 100.0], [-2.0, 0.0, 100.0], [0.0, 0.0, 1.0]], "bev": "bev_21eb494e2f9f45f2a673f03d0d43ba56.png", "aux": "aux_21eb494e2f9f45f2a673f03d0d43ba56.npz", "visibility": "visibility_21eb494e2f9f45f2a673f03d0d43ba56.png", "pose": [[0.7826074957847595, 0.6225154995918274, 0.0, 709.7474365234375], [-0.6225154995918274, 0.7826074957847595, 0.0, 600.9176025390625], [0.0, 0.0, 1.0, 0.0], [0.0, 0.0, 0.0, 1.0]], "pose_inverse": [[0.7826074957847595, -0.6225154995918274, 0.0, -181.37315368652344], [0.6225154995918274, 0.7826074957847595, 0.0, -912.1113891601562], [0.0, 0.0, 1.0, 0.0], [0.0, 0.0, 0.0, 1.0]], "cam_ids": [0, 1, 2, 3, 4, 5], "cam_channels": ["CAM_FRONT_LEFT", "CAM_FRONT", "CAM_FRONT_RIGHT", "CAM_BACK_LEFT", "CAM_BACK", "CAM_BACK_RIGHT"], "token": "21eb494e2f9f45f2a673f03d0d43ba56", "scene": "scene-0541"}, {"images": ["samples/CAM_FRONT_LEFT/n008-2018-08-30-15-52-26-0400__CAM_FRONT_LEFT__1535659387504799.jpg", "samples/CAM_FRONT/n008-2018-08-30-15-52-26-0400__CAM_FRONT__1535659387512404.jpg", "samples/CAM_FRONT_RIGHT/n008-2018-08-30-15-52-26-0400__CAM_FRONT_RIGHT__1535659387520482.jpg", "samples/CAM_BACK_LEFT/n008-2018-08-30-15-52-26-0400__CAM_BACK_LEFT__1535659387547405.jpg", "samples/CAM_BACK/n008-2018-08-30-15-52-26-0400__CAM_BACK__1535659387537558.jpg", "samples/CAM_BACK_RIGHT/n008-2018-08-30-15-52-26-0400__CAM_BACK_RIGHT__1535659387528113.jpg"], "intrinsics": [[[1257.8625342125129, 0.0, 827.2410631095686], [0.0, 1257.8625342125129, 450.915498205774], [0.0, 0.0, 1.0]], [[1252.8131021185304, 0.0, 826.588114781398], [0.0, 1252.8131021185304, 469.9846626224581], [0.0, 0.0, 1.0]], [[1256.7485116440405, 0.0, 817.7887570959712], [0.0, 1256.7485116440403, 451.9541780095127], [0.0, 0.0, 1.0]], [[1254.9860565800168, 0.0, 829.5769333630991], [0.0, 1254.9860565800168, 467.1680561863987], [0.0, 0.0, 1.0]], [[796.8910634503094, 0.0, 857.7774326863696], [0.0, 796.8910634503094, 476.8848988407415], [0.0, 0.0, 1.0]], [[1249.9629280788233, 0.0, 825.3768045375984], [0.0, 1249.9629280788233, 462.54816385708756], [0.0, 0.0, 1.0]]], "extrinsics": [[[0.8228355050086975, -0.5682735443115234, 0.002646184293553233, -0.609527587890625], [0.01403715182095766, 0.01566968858242035, -0.999778687953949, 1.4948692321777344], [0.5681063532829285, 0.822690486907959, 0.020870516076683998, -1.06854248046875], [0.0, 0.0, 0.0, 1.0]], [[0.010693390853703022, -0.9998776316642761, -0.011419346556067467, 0.015380859375], [0.016036929562687874, 0.011590019799768925, -0.9998042583465576, 1.4863967895507812], [0.9998142123222351, 0.010508283972740173, 0.016158904880285263, -1.342010498046875], [0.0, 0.0, 0.0, 1.0]], [[-0.8437404036521912, -0.5363037586212158, -0.021919311955571175, 0.83624267578125], [0.02410501055419445, 0.002935795346274972, -0.9997051358222961, 1.5003972053527832], [0.5362099409103394, -0.8440199494361877, 0.010450557805597782, -1.11029052734375], [0.0, 0.0, 0.0, 1.0]], [[0.9478846788406372, 0.3185752034187317, 0.0049520800821483135, -1.131134033203125], [-0.0009093073895201087, 0.018247408792376518, -0.9998331069946289, 1.5620298385620117], [-0.31861239671707153, 0.9477219581604004, 0.01758612133562565, -0.16033935546875], [0.0, 0.0, 0.0, 1.0]], [[0.009052886627614498, 0.999902069568634, 0.010679238475859165, -0.0294189453125], [0.0010194878559559584, 0.010670442134141922, -0.9999425411224365, 1.5681648254394531], [-0.9999585151672363, 0.00906333513557911, -0.0009227893315255642, -0.075469970703125], [0.0, 0.0, 0.0, 1.0]], [[-0.9237419962882996, 0.38290145993232727, -0.009335693903267384, 0.9543304443359375], [0.005094857886433601, -0.012088113464415073, -0.9999139904975891, 1.5489826202392578], [-0.3829813599586487, -0.9237101078033447, 0.009215469472110271, -0.12567138671875], [0.0, 0.0, 0.0, 1.0]]], "view": [[0.0, -2.0, 100.0], [-2.0, 0.0, 100.0], [0.0, 0.0, 1.0]], "bev": "bev_3ce5f7f592714fb584a1a61b0d9ff06e.png", "aux": "aux_3ce5f7f592714fb584a1a61b0d9ff06e.npz", "visibility": "visibility_3ce5f7f592714fb584a1a61b0d9ff06e.png", "pose": [[0.7795352339744568, 0.6263583898544312, 0.0, 713.92529296875], [-0.6263583898544312, 0.7795352339744568, 0.0, 597.5218505859375], [0.0, 0.0, 1.0, 0.0], [0.0, 0.0, 0.0, 1.0]], "pose_inverse": [[0.7795352339744568, -0.6263583898544312, 0.0, -182.26708984375], [0.6263583898544312, 0.7795352339744568, 0.0, -912.96240234375], [0.0, 0.0, 1.0, 0.0], [0.0, 0.0, 0.0, 1.0]], "cam_ids": [0, 1, 2, 3, 4, 5], "cam_channels": ["CAM_FRONT_LEFT", "CAM_FRONT", "CAM_FRONT_RIGHT", "CAM_BACK_LEFT", "CAM_BACK", "CAM_BACK_RIGHT"], "token": "3ce5f7f592714fb584a1a61b0d9ff06e", "scene": "scene-0541"}, {"images": ["samples/CAM_FRONT_LEFT/n008-2018-08-30-15-52-26-0400__CAM_FRONT_LEFT__1535659388004799.jpg", "samples/CAM_FRONT/n008-2018-08-30-15-52-26-0400__CAM_FRONT__1535659388012404.jpg", "samples/CAM_FRONT_RIGHT/n008-2018-08-30-15-52-26-0400__CAM_FRONT_RIGHT__1535659388020514.jpg", "samples/CAM_BACK_LEFT/n008-2018-08-30-15-52-26-0400__CAM_BACK_LEFT__1535659388047405.jpg", "samples/CAM_BACK/n008-2018-08-30-15-52-26-0400__CAM_BACK__1535659388037558.jpg", "samples/CAM_BACK_RIGHT/n008-2018-08-30-15-52-26-0400__CAM_BACK_RIGHT__1535659388028113.jpg"], "intrinsics": [[[1257.8625342125129, 0.0, 827.2410631095686], [0.0, 1257.8625342125129, 450.915498205774], [0.0, 0.0, 1.0]], [[1252.8131021185304, 0.0, 826.588114781398], [0.0, 1252.8131021185304, 469.9846626224581], [0.0, 0.0, 1.0]], [[1256.7485116440405, 0.0, 817.7887570959712], [0.0, 1256.7485116440403, 451.9541780095127], [0.0, 0.0, 1.0]], [[1254.9860565800168, 0.0, 829.5769333630991], [0.0, 1254.9860565800168, 467.1680561863987], [0.0, 0.0, 1.0]], [[796.8910634503094, 0.0, 857.7774326863696], [0.0, 796.8910634503094, 476.8848988407415], [0.0, 0.0, 1.0]], [[1249.9629280788233, 0.0, 825.3768045375984], [0.0, 1249.9629280788233, 462.54816385708756], [0.0, 0.0, 1.0]]], "extrinsics": [[[0.8232570886611938, -0.567667543888092, -0.0011609321227297187, -0.61334228515625], [0.013412997126579285, 0.021496569737792015, -0.9996789693832397, 1.4945697784423828], [0.5675103068351746, 0.8229772448539734, 0.02531132660806179, -1.06756591796875], [0.0, 0.0, 0.0, 1.0]], [[0.01133345253765583, -0.9997872710227966, -0.01723599061369896, 0.012939453125], [0.015371289104223251, 0.017409255728125572, -0.9997302889823914, 1.4861278533935547], [0.9998176097869873, 0.011065449565649033, 0.015565325506031513, -1.3433685302734375], [0.0, 0.0, 0.0, 1.0]], [[-0.8434613347053528, -0.5366339087486267, -0.024437174201011658, 0.83575439453125], [0.023396918550133705, 0.008749268017709255, -0.9996879696846008, 1.5001611709594727], [0.5366802215576172, -0.8437698483467102, 0.005175909027457237, -1.11187744140625], [0.0, 0.0, 0.0, 1.0]], [[0.9478897452354431, 0.31854885816574097, 0.00561815919354558, -1.13238525390625], [-0.0021640711929649115, 0.024071093648672104, -0.9997079372406006, 1.5620231628417969], [-0.31859102845191956, 0.9476007223129272, 0.023506106808781624, -0.15972900390625], [0.0, 0.0, 0.0, 1.0]], [[0.008844956755638123, 0.9998253583908081, 0.01646142639219761, -0.02874755859375], [5.2170551498420537e-05, 0.016461608931422234, -0.9998644590377808, 1.5680513381958008], [-0.9999608993530273, 0.008844606578350067, 9.34401759877801e-05, -0.074798583984375], [0.0, 0.0, 0.0, 1.0]], [[-0.9239035248756409, 0.3825724124908447, -0.0063713062554597855, 0.95513916015625], [0.004287214949727058, -0.006299849599599838, -0.9999709725379944, 1.548774242401123], [-0.38260146975517273, -0.9239040017127991, 0.00418028375133872, -0.126708984375], [0.0, 0.0, 0.0, 1.0]]], "view": [[0.0, -2.0, 100.0], [-2.0, 0.0, 100.0], [0.0, 0.0, 1.0]], "bev": "bev_70ca5252710443a18908a734d033b49b.png", "aux": "aux_70ca5252710443a18908a734d033b49b.npz", "visibility": "visibility_70ca5252710443a18908a734d033b49b.png", "pose": [[0.7727724313735962, 0.6346831917762756, 0.0, 718.0908203125], [-0.6346831917762756, 0.7727724313735962, 0.0, 594.0905151367188], [0.0, 0.0, 1.0, 0.0], [0.0, 0.0, 0.0, 1.0]], "pose_inverse": [[0.7727724313735962, -0.6346831917762756, 0.0, -177.8614959716797], [0.6346831917762756, 0.7727724313735962, 0.0, -914.85693359375], [0.0, 0.0, 1.0, 0.0], [0.0, 0.0, 0.0, 1.0]], "cam_ids": [0, 1, 2, 3, 4, 5], "cam_channels": ["CAM_FRONT_LEFT", "CAM_FRONT", "CAM_FRONT_RIGHT", "CAM_BACK_LEFT", "CAM_BACK", "CAM_BACK_RIGHT"], "token": "70ca5252710443a18908a734d033b49b", "scene": "scene-0541"}, {"images": ["samples/CAM_FRONT_LEFT/n008-2018-08-30-15-52-26-0400__CAM_FRONT_LEFT__1535659388504799.jpg", "samples/CAM_FRONT/n008-2018-08-30-15-52-26-0400__CAM_FRONT__1535659388512404.jpg", "samples/CAM_FRONT_RIGHT/n008-2018-08-30-15-52-26-0400__CAM_FRONT_RIGHT__1535659388520482.jpg", "samples/CAM_BACK_LEFT/n008-2018-08-30-15-52-26-0400__CAM_BACK_LEFT__1535659388547405.jpg", "samples/CAM_BACK/n008-2018-08-30-15-52-26-0400__CAM_BACK__1535659388537558.jpg", "samples/CAM_BACK_RIGHT/n008-2018-08-30-15-52-26-0400__CAM_BACK_RIGHT__1535659388528113.jpg"], "intrinsics": [[[1257.8625342125129, 0.0, 827.2410631095686], [0.0, 1257.8625342125129, 450.915498205774], [0.0, 0.0, 1.0]], [[1252.8131021185304, 0.0, 826.588114781398], [0.0, 1252.8131021185304, 469.9846626224581], [0.0, 0.0, 1.0]], [[1256.7485116440405, 0.0, 817.7887570959712], [0.0, 1256.7485116440403, 451.9541780095127], [0.0, 0.0, 1.0]], [[1254.9860565800168, 0.0, 829.5769333630991], [0.0, 1254.9860565800168, 467.1680561863987], [0.0, 0.0, 1.0]], [[796.8910634503094, 0.0, 857.7774326863696], [0.0, 796.8910634503094, 476.8848988407415], [0.0, 0.0, 1.0]], [[1249.9629280788233, 0.0, 825.3768045375984], [0.0, 1249.9629280788233, 462.54816385708756], [0.0, 0.0, 1.0]]], "extrinsics": [[[0.823529064655304, -0.5672438144683838, -0.005859574768692255, -0.60546875], [0.009276050142943859, 0.023793578147888184, -0.9996738433837891, 1.4926872253417969], [0.5671982765197754, 0.8232061266899109, 0.024856485426425934, -1.06243896484375], [0.0, 0.0, 0.0, 1.0]], [[0.011672980152070522, -0.9997386336326599, -0.019653895869851112, 0.01300048828125], [0.011049361899495125, 0.01978299766778946, -0.9997432231903076, 1.4845218658447266], [0.999870777130127, 0.011452747508883476, 0.011277400888502598, -1.335174560546875], [0.0, 0.0, 0.0, 1.0]], [[-0.8433891534805298, -0.5368546843528748, -0.0219440720975399, 0.8294677734375], [0.01887955330312252, 0.011205952614545822, -0.9997589588165283, 1.4989213943481445], [0.5369712710380554, -0.8436002731323242, 0.0006845983443781734, -1.1082763671875], [0.0, 0.0, 0.0, 1.0]], [[0.9479078650474548, 0.3185376226902008, 0.0021191404666751623, -1.127044677734375], [-0.006763027049601078, 0.026775669306516647, -0.9996185898780823, 1.5619316101074219], [-0.31847283244132996, 0.9475319385528564, 0.027535146102309227, -0.161376953125], [0.0, 0.0, 0.0, 1.0]], [[0.008786051534116268, 0.9997795224189758, 0.019073376432061195, -0.0284423828125], [-0.004583618137985468, 0.0191141776740551, -0.9998067617416382, 1.5674753189086914], [-0.9999510049819946, 0.00869691651314497, 0.00475054606795311, -0.080657958984375], [0.0, 0.0, 0.0, 1.0]], [[-0.9240142107009888, 0.3823561370372772, -0.001156328129582107, 0.9492950439453125], [-0.00030113928369246423, -0.0037519405595958233, -0.9999929070472717, 1.5477495193481445], [-0.38235774636268616, -0.9240073561668396, 0.003581990022212267, -0.12933349609375], [0.0, 0.0, 0.0, 1.0]]], "view": [[0.0, -2.0, 100.0], [-2.0, 0.0, 100.0], [0.0, 0.0, 1.0]], "bev": "bev_800f8572f291405db7332d6db227c38b.png", "aux": "aux_800f8572f291405db7332d6db227c38b.npz", "visibility": "visibility_800f8572f291405db7332d6db227c38b.png", "pose": [[0.7618623971939087, 0.6477388739585876, 0.0, 722.2294311523438], [-0.6477388739585876, 0.7618623971939087, 0.0, 590.5792236328125], [0.0, 0.0, 1.0, 0.0], [0.0, 0.0, 0.0, 1.0]], "pose_inverse": [[0.7618623971939087, -0.6477388739585876, 0.0, -167.69830322265625], [0.6477388739585876, 0.7618623971939087, 0.0, -917.7562255859375], [0.0, 0.0, 1.0, 0.0], [0.0, 0.0, 0.0, 1.0]], "cam_ids": [0, 1, 2, 3, 4, 5], "cam_channels": ["CAM_FRONT_LEFT", "CAM_FRONT", "CAM_FRONT_RIGHT", "CAM_BACK_LEFT", "CAM_BACK", "CAM_BACK_RIGHT"], "token": "800f8572f291405db7332d6db227c38b", "scene": "scene-0541"}, {"images": ["samples/CAM_FRONT_LEFT/n008-2018-08-30-15-52-26-0400__CAM_FRONT_LEFT__1535659389004799.jpg", "samples/CAM_FRONT/n008-2018-08-30-15-52-26-0400__CAM_FRONT__1535659389012404.jpg", "samples/CAM_FRONT_RIGHT/n008-2018-08-30-15-52-26-0400__CAM_FRONT_RIGHT__1535659389020482.jpg", "samples/CAM_BACK_LEFT/n008-2018-08-30-15-52-26-0400__CAM_BACK_LEFT__1535659389047405.jpg", "samples/CAM_BACK/n008-2018-08-30-15-52-26-0400__CAM_BACK__1535659389037558.jpg", "samples/CAM_BACK_RIGHT/n008-2018-08-30-15-52-26-0400__CAM_BACK_RIGHT__1535659389028113.jpg"], "intrinsics": [[[1257.8625342125129, 0.0, 827.2410631095686], [0.0, 1257.8625342125129, 450.915498205774], [0.0, 0.0, 1.0]], [[1252.8131021185304, 0.0, 826.588114781398], [0.0, 1252.8131021185304, 469.9846626224581], [0.0, 0.0, 1.0]], [[1256.7485116440405, 0.0, 817.7887570959712], [0.0, 1256.7485116440403, 451.9541780095127], [0.0, 0.0, 1.0]], [[1254.9860565800168, 0.0, 829.5769333630991], [0.0, 1254.9860565800168, 467.1680561863987], [0.0, 0.0, 1.0]], [[796.8910634503094, 0.0, 857.7774326863696], [0.0, 796.8910634503094, 476.8848988407415], [0.0, 0.0, 1.0]], [[1249.9629280788233, 0.0, 825.3768045375984], [0.0, 1249.9629280788233, 462.54816385708756], [0.0, 0.0, 1.0]]], "extrinsics": [[[0.8233388066291809, -0.5675497055053711, -0.0009088068618439138, -0.613800048828125], [0.01760588400065899, 0.027141135185956955, -0.9994765520095825, 1.4965267181396484], [0.5672772526741028, 0.8228918313980103, 0.03233855962753296, -1.06787109375], [0.0, 0.0, 0.0, 1.0]], [[0.011537174694240093, -0.9996711611747742, -0.022902904078364372, 0.01251220703125], [0.019687945023179054, 0.023127086460590363, -0.9995386600494385, 1.4878005981445312], [0.9997396469116211, 0.01108087319880724, 0.019948288798332214, -1.34393310546875], [0.0, 0.0, 0.0, 1.0]], [[-0.8432849049568176, -0.5365546941757202, -0.03130067139863968, 0.83526611328125], [0.027844928205013275, 0.01454467698931694, -0.999506413936615, 1.5015068054199219], [0.5367451310157776, -0.8437402248382568, 0.0026750185061246157, -1.113037109375], [0.0, 0.0, 0.0, 1.0]], [[0.9478389024734497, 0.31851324439048767, 0.012280439957976341, -1.129180908203125], [0.002841508947312832, 0.03008207678794861, -0.9995433688163757, 1.5620975494384766], [-0.3187372386455536, 0.9474409222602844, 0.027607904747128487, -0.16070556640625], [0.0, 0.0, 0.0, 1.0]], [[0.008708381094038486, 0.9997095465660095, 0.02247334085404873, -0.0281982421875], [0.004786557052284479, 0.02243226207792759, -0.9997369050979614, 1.5686321258544922], [-0.999950647354126, 0.00881362333893776, -0.004589817486703396, -0.07666015625], [0.0, 0.0, 0.0, 1.0]], [[-0.9238978624343872, 0.382546991109848, -0.008393256925046444, 0.9550628662109375], [0.008907979354262352, -0.00042572355596348643, -0.9999602437019348, 1.549790382385254], [-0.3825353682041168, -0.9239359498023987, -0.0030143954791128635, -0.12774658203125], [0.0, 0.0, 0.0, 1.0]]], "view": [[0.0, -2.0, 100.0], [-2.0, 0.0, 100.0], [0.0, 0.0, 1.0]], "bev": "bev_1a25add2d70f46d18d350db43d8d2b97.png", "aux": "aux_1a25add2d70f46d18d350db43d8d2b97.npz", "visibility": "visibility_1a25add2d70f46d18d350db43d8d2b97.png", "pose": [[0.7490540146827698, 0.6625089645385742, 0.0, 726.3326416015625], [-0.6625089645385742, 0.7490540146827698, 0.0, 586.9614868164062], [0.0, 0.0, 1.0, 0.0], [0.0, 0.0, 0.0, 1.0]], "pose_inverse": [[0.7490540146827698, -0.6625089645385742, 0.0, -155.19512939453125], [0.6625089645385742, 0.7490540146827698, 0.0, -920.8677368164062], [0.0, 0.0, 1.0, 0.0], [0.0, 0.0, 0.0, 1.0]], "cam_ids": [0, 1, 2, 3, 4, 5], "cam_channels": ["CAM_FRONT_LEFT", "CAM_FRONT", "CAM_FRONT_RIGHT", "CAM_BACK_LEFT", "CAM_BACK", "CAM_BACK_RIGHT"], "token": "1a25add2d70f46d18d350db43d8d2b97", "scene": "scene-0541"}, {"images": ["samples/CAM_FRONT_LEFT/n008-2018-08-30-15-52-26-0400__CAM_FRONT_LEFT__1535659389504799.jpg", "samples/CAM_FRONT/n008-2018-08-30-15-52-26-0400__CAM_FRONT__1535659389512404.jpg", "samples/CAM_FRONT_RIGHT/n008-2018-08-30-15-52-26-0400__CAM_FRONT_RIGHT__1535659389520482.jpg", "samples/CAM_BACK_LEFT/n008-2018-08-30-15-52-26-0400__CAM_BACK_LEFT__1535659389547405.jpg", "samples/CAM_BACK/n008-2018-08-30-15-52-26-0400__CAM_BACK__1535659389537558.jpg", "samples/CAM_BACK_RIGHT/n008-2018-08-30-15-52-26-0400__CAM_BACK_RIGHT__1535659389528113.jpg"], "intrinsics": [[[1257.8625342125129, 0.0, 827.2410631095686], [0.0, 1257.8625342125129, 450.915498205774], [0.0, 0.0, 1.0]], [[1252.8131021185304, 0.0, 826.588114781398], [0.0, 1252.8131021185304, 469.9846626224581], [0.0, 0.0, 1.0]], [[1256.7485116440405, 0.0, 817.7887570959712], [0.0, 1256.7485116440403, 451.9541780095127], [0.0, 0.0, 1.0]], [[1254.9860565800168, 0.0, 829.5769333630991], [0.0, 1254.9860565800168, 467.1680561863987], [0.0, 0.0, 1.0]], [[796.8910634503094, 0.0, 857.7774326863696], [0.0, 796.8910634503094, 476.8848988407415], [0.0, 0.0, 1.0]], [[1249.9629280788233, 0.0, 825.3768045375984], [0.0, 1249.9629280788233, 462.54816385708756], [0.0, 0.0, 1.0]]], "extrinsics": [[[0.8229863047599792, -0.5680592656135559, -0.0014948692405596375, -0.60693359375], [0.01924808882176876, 0.030515849590301514, -0.9993489384651184, 1.4974403381347656], [0.5677350163459778, 0.8224217295646667, 0.03604818508028984, -1.0633544921875], [0.0, 0.0, 0.0, 1.0]], [[0.010877183638513088, -0.99959796667099, -0.02618270367383957, 0.01226806640625], [0.021380512043833733, 0.02641076035797596, -0.9994224905967712, 1.4886455535888672], [0.9997122287750244, 0.010311145335435867, 0.021659191697835922, -1.335174560546875], [0.0, 0.0, 0.0, 1.0]], [[-0.8436479568481445, -0.5357885360717773, -0.0344788059592247, 0.8272705078125], [0.02958669513463974, 0.017726276069879532, -0.999405026435852, 1.502309799194336], [0.5360808968544006, -0.844166100025177, 0.0008974733646027744, -1.108642578125], [0.0, 0.0, 0.0, 1.0]], [[0.9478238224983215, 0.3184460401535034, 0.014898799359798431, -1.12451171875], [0.0046071805991232395, 0.03304705396294594, -0.9994432330131531, 1.5621509552001953], [-0.31876111030578613, 0.9473647475242615, 0.029855651780962944, -0.162109375], [0.0, 0.0, 0.0, 1.0]], [[0.008984748274087906, 0.9996341466903687, 0.025509502738714218, -0.0279541015625], [0.006612023804336786, 0.025450581684708595, -0.9996541738510132, 1.5689010620117188], [-0.9999377727508545, 0.009150336496531963, -0.006380938459187746, -0.0830535888671875], [0.0, 0.0, 0.0, 1.0]], [[-0.9236575961112976, 0.38311657309532166, -0.00884274672716856, 0.9477691650390625], [0.010688096284866333, 0.002688299398869276, -0.9999392628669739, 1.5502715110778809], [-0.38306957483291626, -0.9236960411071777, -0.006577854510396719, -0.1312255859375], [0.0, 0.0, 0.0, 1.0]]], "view": [[0.0, -2.0, 100.0], [-2.0, 0.0, 100.0], [0.0, 0.0, 1.0]], "bev": "bev_1f557d72e4184e7caf6e054ec9112605.png", "aux": "aux_1f557d72e4184e7caf6e054ec9112605.npz", "visibility": "visibility_1f557d72e4184e7caf6e054ec9112605.png", "pose": [[0.7385084629058838, 0.6742441654205322, 0.0, 730.3150024414062], [-0.6742441654205322, 0.7385084629058838, 0.0, 583.309326171875], [0.0, 0.0, 1.0, 0.0], [0.0, 0.0, 0.0, 1.0]], "pose_inverse": [[0.7385084629058838, -0.6742441654205322, 0.0, -146.05091857910156], [0.6742441654205322, 0.7385084629058838, 0.0, -923.1895141601562], [0.0, 0.0, 1.0, 0.0], [0.0, 0.0, 0.0, 1.0]], "cam_ids": [0, 1, 2, 3, 4, 5], "cam_channels": ["CAM_FRONT_LEFT", "CAM_FRONT", "CAM_FRONT_RIGHT", "CAM_BACK_LEFT", "CAM_BACK", "CAM_BACK_RIGHT"], "token": "1f557d72e4184e7caf6e054ec9112605", "scene": "scene-0541"}, {"images": ["samples/CAM_FRONT_LEFT/n008-2018-08-30-15-52-26-0400__CAM_FRONT_LEFT__1535659390004799.jpg", "samples/CAM_FRONT/n008-2018-08-30-15-52-26-0400__CAM_FRONT__1535659390012404.jpg", "samples/CAM_FRONT_RIGHT/n008-2018-08-30-15-52-26-0400__CAM_FRONT_RIGHT__1535659390020482.jpg", "samples/CAM_BACK_LEFT/n008-2018-08-30-15-52-26-0400__CAM_BACK_LEFT__1535659390047405.jpg", "samples/CAM_BACK/n008-2018-08-30-15-52-26-0400__CAM_BACK__1535659390037558.jpg", "samples/CAM_BACK_RIGHT/n008-2018-08-30-15-52-26-0400__CAM_BACK_RIGHT__1535659390028113.jpg"], "intrinsics": [[[1257.8625342125129, 0.0, 827.2410631095686], [0.0, 1257.8625342125129, 450.915498205774], [0.0, 0.0, 1.0]], [[1252.8131021185304, 0.0, 826.588114781398], [0.0, 1252.8131021185304, 469.9846626224581], [0.0, 0.0, 1.0]], [[1256.7485116440405, 0.0, 817.7887570959712], [0.0, 1256.7485116440403, 451.9541780095127], [0.0, 0.0, 1.0]], [[1254.9860565800168, 0.0, 829.5769333630991], [0.0, 1254.9860565800168, 467.1680561863987], [0.0, 0.0, 1.0]], [[796.8910634503094, 0.0, 857.7774326863696], [0.0, 796.8910634503094, 476.8848988407415], [0.0, 0.0, 1.0]], [[1249.9629280788233, 0.0, 825.3768045375984], [0.0, 1249.9629280788233, 462.54816385708756], [0.0, 0.0, 1.0]]], "extrinsics": [[[0.8232666850090027, -0.5676396489143372, -0.0041312845423817635, -0.60357666015625], [0.015862854197621346, 0.03028017468750477, -0.9994155764579773, 1.495870590209961], [0.5674331188201904, 0.8227200508117676, 0.03393304720520973, -1.06134033203125], [0.0, 0.0, 0.0, 1.0]], [[0.011384445242583752, -0.9995988011360168, -0.025935139507055283, 0.0128173828125], [0.017756348475813866, 0.026134822517633438, -0.9995007514953613, 1.487213134765625], [0.9997774958610535, 0.010918257758021355, 0.018046755343675613, -1.3336181640625], [0.0, 0.0, 0.0, 1.0]], [[-0.8434001207351685, -0.5363884568214417, -0.031040946021676064, 0.82830810546875], [0.025712843984365463, 0.017412303015589714, -0.9995177388191223, 1.501068115234375], [0.5366703271865845, -0.8437916040420532, -0.0008934667566791177, -1.1082763671875], [0.0, 0.0, 0.0, 1.0]], [[0.9478610754013062, 0.3185165524482727, 0.010322796180844307, -1.126129150390625], [6.402469239219499e-07, 0.03239006549119949, -0.9994753003120422, 1.5620460510253906], [-0.31868383288383484, 0.9473637938499451, 0.030701080337166786, -0.1619873046875], [0.0, 0.0, 0.0, 1.0]], [[0.008797102607786655, 0.9996505975723267, 0.024925032630562782, -0.0284423828125], [0.002306784503161907, 0.02490564063191414, -0.999687135219574, 1.5683345794677734], [-0.9999586939811707, 0.008851852267980576, -0.0020868817809969187, -0.081695556640625], [0.0, 0.0, 0.0, 1.0]], [[-0.9238889813423157, 0.3826250433921814, -0.00521105108782649, 0.9485626220703125], [0.00658815773203969, 0.002288932679221034, -0.9999756217002869, 1.5493175983428955], [-0.38260385394096375, -0.923900842666626, -0.004635514225810766, -0.13018798828125], [0.0, 0.0, 0.0, 1.0]]], "view": [[0.0, -2.0, 100.0], [-2.0, 0.0, 100.0], [0.0, 0.0, 1.0]], "bev": "bev_9e2338b16a4b422a93b81293be7402e8.png", "aux": "aux_9e2338b16a4b422a93b81293be7402e8.npz", "visibility": "visibility_9e2338b16a4b422a93b81293be7402e8.png", "pose": [[0.7293611764907837, 0.6841288208961487, 0.0, 734.2591552734375], [-0.6841288208961487, 0.7293611764907837, 0.0, 579.60205078125], [0.0, 0.0, 1.0, 0.0], [0.0, 0.0, 0.0, 1.0]], "pose_inverse": [[0.7293611764907837, -0.6841288208961487, 0.0, -139.0176544189453], [0.6841288208961487, 0.7293611764907837, 0.0, -925.0670776367188], [0.0, 0.0, 1.0, 0.0], [0.0, 0.0, 0.0, 1.0]], "cam_ids": [0, 1, 2, 3, 4, 5], "cam_channels": ["CAM_FRONT_LEFT", "CAM_FRONT", "CAM_FRONT_RIGHT", "CAM_BACK_LEFT", "CAM_BACK", "CAM_BACK_RIGHT"], "token": "9e2338b16a4b422a93b81293be7402e8", "scene": "scene-0541"}, {"images": ["samples/CAM_FRONT_LEFT/n008-2018-08-30-15-52-26-0400__CAM_FRONT_LEFT__1535659390504799.jpg", "samples/CAM_FRONT/n008-2018-08-30-15-52-26-0400__CAM_FRONT__1535659390512404.jpg", "samples/CAM_FRONT_RIGHT/n008-2018-08-30-15-52-26-0400__CAM_FRONT_RIGHT__1535659390520482.jpg", "samples/CAM_BACK_LEFT/n008-2018-08-30-15-52-26-0400__CAM_BACK_LEFT__1535659390547405.jpg", "samples/CAM_BACK/n008-2018-08-30-15-52-26-0400__CAM_BACK__1535659390537558.jpg", "samples/CAM_BACK_RIGHT/n008-2018-08-30-15-52-26-0400__CAM_BACK_RIGHT__1535659390528113.jpg"], "intrinsics": [[[1257.8625342125129, 0.0, 827.2410631095686], [0.0, 1257.8625342125129, 450.915498205774], [0.0, 0.0, 1.0]], [[1252.8131021185304, 0.0, 826.588114781398], [0.0, 1252.8131021185304, 469.9846626224581], [0.0, 0.0, 1.0]], [[1256.7485116440405, 0.0, 817.7887570959712], [0.0, 1256.7485116440403, 451.9541780095127], [0.0, 0.0, 1.0]], [[1254.9860565800168, 0.0, 829.5769333630991], [0.0, 1254.9860565800168, 467.1680561863987], [0.0, 0.0, 1.0]], [[796.8910634503094, 0.0, 857.7774326863696], [0.0, 796.8910634503094, 476.8848988407415], [0.0, 0.0, 1.0]], [[1249.9629280788233, 0.0, 825.3768045375984], [0.0, 1249.9629280788233, 462.54816385708756], [0.0, 0.0, 1.0]]], "extrinsics": [[[0.8221087455749512, -0.5691974759101868, -0.01230876985937357, -0.617584228515625], [0.008520912379026413, 0.033918555825948715, -0.9993882775306702, 1.4921512603759766], [0.5692667961120605, 0.8215009570121765, 0.03273482248187065, -1.06982421875], [0.0, 0.0, 0.0, 1.0]], [[0.009508893825113773, -0.9995145201683044, -0.029670115560293198, 0.01220703125], [0.010280263610184193, 0.029767606407403946, -0.999504029750824, 1.4840450286865234], [0.9999018907546997, 0.009199213236570358, 0.01055832952260971, -1.3479156494140625], [0.0, 0.0, 0.0, 1.0]], [[-0.8443639278411865, -0.5351123809814453, -0.026539955288171768, 0.83868408203125], [0.018090959638357162, 0.0210318211466074, -0.9996151328086853, 1.4984493255615234], [0.5354645848274231, -0.8445191383361816, -0.008077814243733883, -1.1148681640625], [0.0, 0.0, 0.0, 1.0]], [[0.9478946924209595, 0.3185599148273468, 0.003913701977580786, -1.13330078125], [-0.008031887002289295, 0.03617655113339424, -0.9993131160736084, 1.5619525909423828], [-0.3184826374053955, 0.9472121596336365, 0.03685019537806511, -0.15966796875], [0.0, 0.0, 0.0, 1.0]], [[0.009543909691274166, 0.999544620513916, 0.028628185391426086, -0.028564453125], [-0.0056476895697414875, 0.02868291176855564, -0.9995726346969604, 1.5673770904541016], [-0.9999385476112366, 0.009378182701766491, 0.005918865092098713, -0.0723419189453125], [0.0, 0.0, 0.0, 1.0]], [[-0.9235106706619263, 0.3835577368736267, 0.003389241872355342, 0.9586334228515625], [-0.0011894324561581016, 0.00597230764105916, -0.9999814033508301, 1.5475425720214844], [-0.3835708498954773, -0.9234975576400757, -0.005059273913502693, -0.125732421875], [0.0, 0.0, 0.0, 1.0]]], "view": [[0.0, -2.0, 100.0], [-2.0, 0.0, 100.0], [0.0, 0.0, 1.0]], "bev": "bev_fd58222c774b44768f8d0fe978513f25.png", "aux": "aux_fd58222c774b44768f8d0fe978513f25.npz", "visibility": "visibility_fd58222c774b44768f8d0fe978513f25.png", "pose": [[0.7269077897071838, 0.6867350935935974, 0.0, 738.1558227539062], [-0.6867350935935974, 0.7269077897071838, 0.0, 575.8572387695312], [0.0, 0.0, 1.0, 0.0], [0.0, 0.0, 0.0, 1.0]], "pose_inverse": [[0.7269077897071838, -0.6867350935935974, 0.0, -141.10986328125], [0.6867350935935974, 0.7269077897071838, 0.0, -925.5126342773438], [0.0, 0.0, 1.0, 0.0], [0.0, 0.0, 0.0, 1.0]], "cam_ids": [0, 1, 2, 3, 4, 5], "cam_channels": ["CAM_FRONT_LEFT", "CAM_FRONT", "CAM_FRONT_RIGHT", "CAM_BACK_LEFT", "CAM_BACK", "CAM_BACK_RIGHT"], "token": "fd58222c774b44768f8d0fe978513f25", "scene": "scene-0541"}, {"images": ["samples/CAM_FRONT_LEFT/n008-2018-08-30-15-52-26-0400__CAM_FRONT_LEFT__1535659390904799.jpg", "samples/CAM_FRONT/n008-2018-08-30-15-52-26-0400__CAM_FRONT__1535659390912404.jpg", "samples/CAM_FRONT_RIGHT/n008-2018-08-30-15-52-26-0400__CAM_FRONT_RIGHT__1535659390920482.jpg", "samples/CAM_BACK_LEFT/n008-2018-08-30-15-52-26-0400__CAM_BACK_LEFT__1535659390947414.jpg", "samples/CAM_BACK/n008-2018-08-30-15-52-26-0400__CAM_BACK__1535659390937558.jpg", "samples/CAM_BACK_RIGHT/n008-2018-08-30-15-52-26-0400__CAM_BACK_RIGHT__1535659390928113.jpg"], "intrinsics": [[[1257.8625342125129, 0.0, 827.2410631095686], [0.0, 1257.8625342125129, 450.915498205774], [0.0, 0.0, 1.0]], [[1252.8131021185304, 0.0, 826.588114781398], [0.0, 1252.8131021185304, 469.9846626224581], [0.0, 0.0, 1.0]], [[1256.7485116440405, 0.0, 817.7887570959712], [0.0, 1256.7485116440403, 451.9541780095127], [0.0, 0.0, 1.0]], [[1254.9860565800168, 0.0, 829.5769333630991], [0.0, 1254.9860565800168, 467.1680561863987], [0.0, 0.0, 1.0]], [[796.8910634503094, 0.0, 857.7774326863696], [0.0, 796.8910634503094, 476.8848988407415], [0.0, 0.0, 1.0]], [[1249.9629280788233, 0.0, 825.3768045375984], [0.0, 1249.9629280788233, 462.54816385708756], [0.0, 0.0, 1.0]]], "extrinsics": [[[0.8215044140815735, -0.5700643062591553, -0.012544864788651466, -0.619049072265625], [0.004892367869615555, 0.029046764597296715, -0.9995660185813904, 1.4904403686523438], [0.5701812505722046, 0.8210865259170532, 0.026651008054614067, -1.07110595703125], [0.0, 0.0, 0.0, 1.0]], [[0.008710069581866264, -0.9996568560600281, -0.02470525912940502, 0.011962890625], [0.006861931178718805, 0.024765366688370705, -0.9996697902679443, 1.4827308654785156], [0.9999384880065918, 0.008537696674466133, 0.007075285539031029, -1.349029541015625], [0.0, 0.0, 0.0, 1.0]], [[-0.8446611166000366, -0.5348858833312988, -0.02108699455857277, 0.838623046875], [0.0148968156427145, 0.01588980294764042, -0.9997627139091492, 1.4975013732910156], [0.5350940823554993, -0.8447749018669128, -0.005453403573483229, -1.1156005859375], [0.0, 0.0, 0.0, 1.0]], [[0.9478721022605896, 0.31865090131759644, -0.00033043365692719817, -1.13006591796875], [-0.010586059652268887, 0.03045330010354519, -0.999480128288269, 1.5618782043457031], [-0.3184751570224762, 0.9473828673362732, 0.03223909065127373, -0.1610107421875], [0.0, 0.0, 0.0, 1.0]], [[0.009745395742356777, 0.9996864795684814, 0.023068178445100784, -0.02838134765625], [-0.008379300124943256, 0.023150106891989708, -0.9996968507766724, 1.567047119140625], [-0.9999174475669861, 0.009549180045723915, 0.008602278307080269, -0.074493408203125], [0.0, 0.0, 0.0, 1.0]], [[-0.9233896136283875, 0.3838419020175934, 0.0041281613521277905, 0.95806884765625], [-0.0041898335330188274, 0.000675476563628763, -0.9999909996986389, 1.5468940734863281], [-0.38384124636650085, -0.9233986139297485, 0.0009845058666542172, -0.12646484375], [0.0, 0.0, 0.0, 1.0]]], "view": [[0.0, -2.0, 100.0], [-2.0, 0.0, 100.0], [0.0, 0.0, 1.0]], "bev": "bev_19c60e338b904532a4b2e0d008215816.png", "aux": "aux_19c60e338b904532a4b2e0d008215816.npz", "visibility": "visibility_19c60e338b904532a4b2e0d008215816.png", "pose": [[0.7343985438346863, 0.6787185072898865, 0.0, 741.2460327148438], [-0.6787185072898865, 0.7343985438346863, 0.0, 572.905029296875], [0.0, 0.0, 1.0, 0.0], [0.0, 0.0, 0.0, 1.0]], "pose_inverse": [[0.7343985438346863, -0.6787185072898865, 0.0, -155.5287628173828], [0.6787185072898865, 0.7343985438346863, 0.0, -923.8380126953125], [0.0, 0.0, 1.0, 0.0], [0.0, 0.0, 0.0, 1.0]], "cam_ids": [0, 1, 2, 3, 4, 5], "cam_channels": ["CAM_FRONT_LEFT", "CAM_FRONT", "CAM_FRONT_RIGHT", "CAM_BACK_LEFT", "CAM_BACK", "CAM_BACK_RIGHT"], "token": "19c60e338b904532a4b2e0d008215816", "scene": "scene-0541"}, {"images": ["samples/CAM_FRONT_LEFT/n008-2018-08-30-15-52-26-0400__CAM_FRONT_LEFT__1535659391404799.jpg", "samples/CAM_FRONT/n008-2018-08-30-15-52-26-0400__CAM_FRONT__1535659391412404.jpg", "samples/CAM_FRONT_RIGHT/n008-2018-08-30-15-52-26-0400__CAM_FRONT_RIGHT__1535659391420482.jpg", "samples/CAM_BACK_LEFT/n008-2018-08-30-15-52-26-0400__CAM_BACK_LEFT__1535659391447405.jpg", "samples/CAM_BACK/n008-2018-08-30-15-52-26-0400__CAM_BACK__1535659391437558.jpg", "samples/CAM_BACK_RIGHT/n008-2018-08-30-15-52-26-0400__CAM_BACK_RIGHT__1535659391428113.jpg"], "intrinsics": [[[1257.8625342125129, 0.0, 827.2410631095686], [0.0, 1257.8625342125129, 450.915498205774], [0.0, 0.0, 1.0]], [[1252.8131021185304, 0.0, 826.588114781398], [0.0, 1252.8131021185304, 469.9846626224581], [0.0, 0.0, 1.0]], [[1256.7485116440405, 0.0, 817.7887570959712], [0.0, 1256.7485116440403, 451.9541780095127], [0.0, 0.0, 1.0]], [[1254.9860565800168, 0.0, 829.5769333630991], [0.0, 1254.9860565800168, 467.1680561863987], [0.0, 0.0, 1.0]], [[796.8910634503094, 0.0, 857.7774326863696], [0.0, 796.8910634503094, 476.8848988407415], [0.0, 0.0, 1.0]], [[1249.9629280788233, 0.0, 825.3768045375984], [0.0, 1249.9629280788233, 462.54816385708756], [0.0, 0.0, 1.0]]], "extrinsics": [[[0.8205077648162842, -0.5714273452758789, -0.01542104035615921, -0.629547119140625], [0.0008913908386602998, 0.02825603447854519, -0.9996002912521362, 1.4885807037353516], [0.5716347098350525, 0.8201661109924316, 0.023693660274147987, -1.0767822265625], [0.0, 0.0, 0.0, 1.0]], [[0.007292574271559715, -0.9996798634529114, -0.024229394271969795, 0.01123046875], [0.002698618685826659, 0.024249624460935593, -0.9997023344039917, 1.4811019897460938], [0.9999697804450989, 0.007225061301141977, 0.0028745976742357016, -1.358795166015625], [0.0, 0.0, 0.0, 1.0]], [[-0.8452596664428711, -0.5340758562088013, -0.017293255776166916, 0.84490966796875], [0.01055962685495615, 0.01566171459853649, -0.9998216032981873, 1.4961223602294922], [0.5342514514923096, -0.8452914953231812, -0.007598574738949537, -1.11956787109375], [0.0, 0.0, 0.0, 1.0]], [[0.9478452205657959, 0.31869903206825256, -0.004508001264184713, -1.130615234375], [-0.015203634276986122, 0.03108069859445095, -0.9994012713432312, 1.561849594116211], [-0.31836816668510437, 0.9473462104797363, 0.03430507704615593, -0.15997314453125], [0.0, 0.0, 0.0, 1.0]], [[0.010206225328147411, 0.9996749758720398, 0.023365341126918793, -0.02783203125], [-0.013002132065594196, 0.02349725551903248, -0.9996393322944641, 1.566549301147461], [-0.9998633861541748, 0.009898656979203224, 0.013237723149359226, -0.0715484619140625], [0.0, 0.0, 0.0, 1.0]], [[-0.9230970144271851, 0.3844788670539856, 0.00823964737355709, 0.9630584716796875], [-0.008623396046459675, 0.0007259382400661707, -0.999962568283081, 1.5459686517715454], [-0.3844704031944275, -0.9231334924697876, 0.0026454029139131308, -0.12481689453125], [0.0, 0.0, 0.0, 1.0]]], "view": [[0.0, -2.0, 100.0], [-2.0, 0.0, 100.0], [0.0, 0.0, 1.0]], "bev": "bev_4515ff2609954d1f87e6fc598c884363.png", "aux": "aux_4515ff2609954d1f87e6fc598c884363.npz", "visibility": "visibility_4515ff2609954d1f87e6fc598c884363.png", "pose": [[0.7542171478271484, 0.6566250920295715, 0.0, 745.103271484375], [-0.6566250920295715, 0.7542171478271484, 0.0, 569.36376953125], [0.0, 0.0, 1.0, 0.0], [0.0, 0.0, 0.0, 1.0]], "pose_inverse": [[0.7542171478271484, -0.6566250920295715, 0.0, -188.11114501953125], [0.6566250920295715, 0.7542171478271484, 0.0, -918.6774291992188], [0.0, 0.0, 1.0, 0.0], [0.0, 0.0, 0.0, 1.0]], "cam_ids": [0, 1, 2, 3, 4, 5], "cam_channels": ["CAM_FRONT_LEFT", "CAM_FRONT", "CAM_FRONT_RIGHT", "CAM_BACK_LEFT", "CAM_BACK", "CAM_BACK_RIGHT"], "token": "4515ff2609954d1f87e6fc598c884363", "scene": "scene-0541"}, {"images": ["samples/CAM_FRONT_LEFT/n008-2018-08-30-15-52-26-0400__CAM_FRONT_LEFT__1535659391904799.jpg", "samples/CAM_FRONT/n008-2018-08-30-15-52-26-0400__CAM_FRONT__1535659391912404.jpg", "samples/CAM_FRONT_RIGHT/n008-2018-08-30-15-52-26-0400__CAM_FRONT_RIGHT__1535659391920482.jpg", "samples/CAM_BACK_LEFT/n008-2018-08-30-15-52-26-0400__CAM_BACK_LEFT__1535659391947405.jpg", "samples/CAM_BACK/n008-2018-08-30-15-52-26-0400__CAM_BACK__1535659391937558.jpg", "samples/CAM_BACK_RIGHT/n008-2018-08-30-15-52-26-0400__CAM_BACK_RIGHT__1535659391928228.jpg"], "intrinsics": [[[1257.8625342125129, 0.0, 827.2410631095686], [0.0, 1257.8625342125129, 450.915498205774], [0.0, 0.0, 1.0]], [[1252.8131021185304, 0.0, 826.588114781398], [0.0, 1252.8131021185304, 469.9846626224581], [0.0, 0.0, 1.0]], [[1256.7485116440405, 0.0, 817.7887570959712], [0.0, 1256.7485116440403, 451.9541780095127], [0.0, 0.0, 1.0]], [[1254.9860565800168, 0.0, 829.5769333630991], [0.0, 1254.9860565800168, 467.1680561863987], [0.0, 0.0, 1.0]], [[796.8910634503094, 0.0, 857.7774326863696], [0.0, 796.8910634503094, 476.8848988407415], [0.0, 0.0, 1.0]], [[1249.9629280788233, 0.0, 825.3768045375984], [0.0, 1249.9629280788233, 462.54816385708756], [0.0, 0.0, 1.0]]], "extrinsics": [[[0.8207234740257263, -0.5710256695747375, -0.018514174968004227, -0.645599365234375], [-0.0002495235239621252, 0.03204737976193428, -0.9994863271713257, 1.488037109375], [0.5713256001472473, 0.8203065395355225, 0.026159552857279778, -1.08868408203125], [0.0, 0.0, 0.0, 1.0]], [[0.007603563833981752, -0.999580979347229, -0.02792973630130291, 0.01190185546875], [0.00174044503364712, 0.027943730354309082, -0.9996079802513123, 1.4806900024414062], [0.9999695420265198, 0.007551910821348429, 0.0019521887879818678, -1.3742828369140625], [0.0, 0.0, 0.0, 1.0]], [[-0.845136284828186, -0.5342283844947815, -0.018569454550743103, 0.8541259765625], [0.00979614444077015, 0.01925402507185936, -0.9997665882110596, 1.4957771301269531], [0.5344612002372742, -0.845120906829834, -0.01103889662772417, -1.12469482421875], [0.0, 0.0, 0.0, 1.0]], [[0.9478710293769836, 0.31863439083099365, -0.0035739652812480927, -1.127349853515625], [-0.015356686897575855, 0.03447442874312401, -0.9992876052856445, 1.5617752075195312], [-0.31828418374061584, 0.9472506046295166, 0.03757048025727272, -0.16168212890625], [0.0, 0.0, 0.0, 1.0]], [[0.010148167610168457, 0.999588131904602, 0.026842482388019562, 