[{"images": ["samples/CAM_FRONT_LEFT/n008-2018-08-31-11-56-46-0400__CAM_FRONT_LEFT__1535731258604799.jpg", "samples/CAM_FRONT/n008-2018-08-31-11-56-46-0400__CAM_FRONT__1535731258612404.jpg", "samples/CAM_FRONT_RIGHT/n008-2018-08-31-11-56-46-0400__CAM_FRONT_RIGHT__1535731258620482.jpg", "samples/CAM_BACK_LEFT/n008-2018-08-31-11-56-46-0400__CAM_BACK_LEFT__1535731258647405.jpg", "samples/CAM_BACK/n008-2018-08-31-11-56-46-0400__CAM_BACK__1535731258637558.jpg", "samples/CAM_BACK_RIGHT/n008-2018-08-31-11-56-46-0400__CAM_BACK_RIGHT__1535731258628113.jpg"], "intrinsics": [[[1257.8625342125129, 0.0, 827.2410631095686], [0.0, 1257.8625342125129, 450.915498205774], [0.0, 0.0, 1.0]], [[1252.8131021185304, 0.0, 826.588114781398], [0.0, 1252.8131021185304, 469.9846626224581], [0.0, 0.0, 1.0]], [[1256.7485116440405, 0.0, 817.7887570959712], [0.0, 1256.7485116440403, 451.9541780095127], [0.0, 0.0, 1.0]], [[1254.9860565800168, 0.0, 829.5769333630991], [0.0, 1254.9860565800168, 467.1680561863987], [0.0, 0.0, 1.0]], [[796.8910634503094, 0.0, 857.7774326863696], [0.0, 796.8910634503094, 476.8848988407415], [0.0, 0.0, 1.0]], [[1249.9629280788233, 0.0, 825.3768045375984], [0.0, 1249.9629280788233, 462.54816385708756], [0.0, 0.0, 1.0]]], "extrinsics": [[[0.823577344417572, -0.5665507316589355, -0.027213577181100845, -0.922607421875], [-0.012886853888630867, 0.029275979846715927, -0.9994882941246033, 1.4869976043701172], [0.5670576095581055, 0.8235065937042236, 0.016809973865747452, -1.27685546875], [0.0, 0.0, 0.0, 1.0]], [[0.011853142641484737, -0.9996104836463928, -0.025266075506806374, 0.00665283203125], [-0.010847206227481365, 0.025137823075056076, -0.9996251463890076, 1.4792613983154297], [0.9998708963394165, 0.012122763320803642, -0.010545019060373306, -1.6520957946777344], [0.0, 0.0, 0.0, 1.0]], [[-0.8433642387390137, -0.5373026132583618, -0.006523391231894493, 1.03668212890625], [-0.0027325854171067476, 0.01642845757305622, -0.9998612999916077, 1.4928913116455078], [0.5373352766036987, -0.8432294726371765, -0.015323402360081673, -1.24285888671875], [0.0, 0.0, 0.0, 1.0]], [[0.94765704870224, 0.31887349486351013, -0.01630510203540325, -1.141387939453125], [-0.027822507545351982, 0.0315973237156868, -0.9991133809089661, 1.5619640350341797], [-0.31807559728622437, 0.947270393371582, 0.03881528601050377, -0.15692138671875], [0.0, 0.0, 0.0, 1.0]], [[0.008882761001586914, 0.9996774196624756, 0.023791642859578133, -0.02874755859375], [-0.025841986760497093, 0.024014126509428024, -0.9993775486946106, 1.5674076080322266], [-0.9996265769004822, 0.008262401446700096, 0.026046965271234512, 0.019115447998046875], [0.0, 0.0, 0.0, 1.0]], [[-0.9240018725395203, 0.3818337917327881, 0.020575419068336487, 1.117340087890625], [-0.02171844057738781, 0.0013164525153115392, -0.9997632503509521, 1.5467963218688965], [-0.38177040219306946, -0.9242300391197205, 0.007076428737491369, -0.06134033203125], [0.0, 0.0, 0.0, 1.0]]], "view": [[0.0, -2.0, 100.0], [-2.0, 0.0, 100.0], [0.0, 0.0, 1.0]], "bev": "bev_bf114fd37ca2449681a812564e146beb.png", "aux": "aux_bf114fd37ca2449681a812564e146beb.npz", "visibility": "visibility_bf114fd37ca2449681a812564e146beb.png", "pose": [[-0.9198805093765259, -0.39219868183135986, 0.0, 408.2479248046875], [0.39219868183135986, -0.9198805093765259, 0.0, 838.1808471679688], [0.0, 0.0, 1.0, 0.0], [0.0, 0.0, 0.0, 1.0]], "pose_inverse": [[-0.9198805093765259, 0.39219868183135986, 0.0, 46.80590057373047], [-0.39219868183135986, -0.9198805093765259, 0.0, 931.1405639648438], [0.0, 0.0, 1.0, 0.0], [0.0, 0.0, 0.0, 1.0]], "cam_ids": [0, 1, 2, 3, 4, 5], "cam_channels": ["CAM_FRONT_LEFT", "CAM_FRONT", "CAM_FRONT_RIGHT", "CAM_BACK_LEFT", "CAM_BACK", "CAM_BACK_RIGHT"], "token": "bf114fd37ca2449681a812564e146beb", "scene": "scene-0393"}, {"images": ["samples/CAM_FRONT_LEFT/n008-2018-08-31-11-56-46-0400__CAM_FRONT_LEFT__1535731259104799.jpg", "samples/CAM_FRONT/n008-2018-08-31-11-56-46-0400__CAM_FRONT__1535731259112404.jpg", "samples/CAM_FRONT_RIGHT/n008-2018-08-31-11-56-46-0400__CAM_FRONT_RIGHT__1535731259120482.jpg", "samples/CAM_BACK_LEFT/n008-2018-08-31-11-56-46-0400__CAM_BACK_LEFT__1535731259147405.jpg", "samples/CAM_BACK/n008-2018-08-31-11-56-46-0400__CAM_BACK__1535731259137558.jpg", "samples/CAM_BACK_RIGHT/n008-2018-08-31-11-56-46-0400__CAM_BACK_RIGHT__1535731259128113.jpg"], "intrinsics": [[[1257.8625342125129, 0.0, 827.2410631095686], [0.0, 1257.8625342125129, 450.915498205774], [0.0, 0.0, 1.0]], [[1252.8131021185304, 0.0, 826.588114781398], [0.0, 1252.8131021185304, 469.9846626224581], [0.0, 0.0, 1.0]], [[1256.7485116440405, 0.0, 817.7887570959712], [0.0, 1256.7485116440403, 451.9541780095127], [0.0, 0.0, 1.0]], [[1254.9860565800168, 0.0, 829.5769333630991], [0.0, 1254.9860565800168, 467.1680561863987], [0.0, 0.0, 1.0]], [[796.8910634503094, 0.0, 857.7774326863696], [0.0, 796.8910634503094, 476.8848988407415], [0.0, 0.0, 1.0]], [[1249.9629280788233, 0.0, 825.3768045375984], [0.0, 1249.9629280788233, 462.54816385708756], [0.0, 0.0, 1.0]]], "extrinsics": [[[0.8247465491294861, -0.5647886395454407, -0.02840774692595005, -0.9071044921875], [-0.007838702760636806, 0.03881191462278366, -0.9992157816886902, 1.4873275756835938], [0.5654482841491699, 0.8243224620819092, 0.02758278138935566, -1.267578125], [0.0, 0.0, 0.0, 1.0]], [[0.013460769318044186, -0.9993101358413696, -0.03461376950144768, 0.007568359375], [-0.005798210855573416, 0.03453831747174263, -0.9993866086006165, 1.4795684814453125], [0.9998926520347595, 0.013653232716023922, -0.005329297389835119, -1.6372089385986328], [0.0, 0.0, 0.0, 1.0]], [[-0.84272301197052, -0.5381159782409668, -0.015783725306391716, 1.027496337890625], [0.002318477723747492, 0.02569081261754036, -0.999667227268219, 1.4932270050048828], [0.5383424758911133, -0.8424791693687439, -0.020402630791068077, -1.23626708984375], [0.0, 0.0, 0.0, 1.0]], [[0.9477676153182983, 0.3188338577747345, -0.009031043387949467, -1.1417236328125], [-0.023010458797216415, 0.04010610282421112, -0.9989304542541504, 1.5619850158691406], [-0.31813064217567444, 0.9469617009162903, 0.04534777253866196, -0.156982421875], [0.0, 0.0, 0.0, 1.0]], [[0.008441225625574589, 0.9994292855262756, 0.03270958736538887, -0.029052734375], [-0.020915400236845016, 0.03288005664944649, -0.9992403984069824, 1.5674381256103516], [-0.9997457265853882, 0.007750640157610178, 0.0211810115724802, 0.01520836353302002], [0.0, 0.0, 0.0, 1.0]], [[-0.9243844747543335, 0.3809686601161957, 0.019394420087337494, 1.109832763671875], [-0.016688276082277298, 0.01040580216795206, -0.9998065829277039, 1.5468931198120117], [-0.381096750497818, -0.9245293736457825, -0.0032612537033855915, -0.06396484375], [0.0, 0.0, 0.0, 1.0]]], "view": [[0.0, -2.0, 100.0], [-2.0, 0.0, 100.0], [0.0, 0.0, 1.0]], "bev": "bev_13a8f8ae3b674d2dbe9e226861e1323a.png", "aux": "aux_13a8f8ae3b674d2dbe9e226861e1323a.npz", "visibility": "visibility_13a8f8ae3b674d2dbe9e226861e1323a.png", "pose": [[-0.9035791158676147, -0.4284213185310364, 0.0, 407.04345703125], [0.4284213185310364, -0.9035791158676147, 0.0, 838.731689453125], [0.0, 0.0, 1.0, 0.0], [0.0, 0.0, 0.0, 1.0]], "pose_inverse": [[-0.9035791158676147, 0.4284213185310364, 0.0, 8.465415954589844], [-0.4284213185310364, -0.9035791158676147, 0.0, 932.2465209960938], [0.0, 0.0, 1.0, 0.0], [0.0, 0.0, 0.0, 1.0]], "cam_ids": [0, 1, 2, 3, 4, 5], "cam_channels": ["CAM_FRONT_LEFT", "CAM_FRONT", "CAM_FRONT_RIGHT", "CAM_BACK_LEFT", "CAM_BACK", "CAM_BACK_RIGHT"], "token": "13a8f8ae3b674d2dbe9e226861e1323a", "scene": "scene-0393"}, {"images": ["samples/CAM_FRONT_LEFT/n008-2018-08-31-11-56-46-0400__CAM_FRONT_LEFT__1535731259604799.jpg", "samples/CAM_FRONT/n008-2018-08-31-11-56-46-0400__CAM_FRONT__1535731259612404.jpg", "samples/CAM_FRONT_RIGHT/n008-2018-08-31-11-56-46-0400__CAM_FRONT_RIGHT__1535731259620482.jpg", "samples/CAM_BACK_LEFT/n008-2018-08-31-11-56-46-0400__CAM_BACK_LEFT__1535731259647405.jpg", "samples/CAM_BACK/n008-2018-08-31-11-56-46-0400__CAM_BACK__1535731259637558.jpg", "samples/CAM_BACK_RIGHT/n008-2018-08-31-11-56-46-0400__CAM_BACK_RIGHT__1535731259628114.jpg"], "intrinsics": [[[1257.8625342125129, 0.0, 827.2410631095686], [0.0, 1257.8625342125129, 450.915498205774], [0.0, 0.0, 1.0]], [[1252.8131021185304, 0.0, 826.588114781398], [0.0, 1252.8131021185304, 469.9846626224581], [0.0, 0.0, 1.0]], [[1256.7485116440405, 0.0, 817.7887570959712], [0.0, 1256.7485116440403, 451.9541780095127], [0.0, 0.0, 1.0]], [[1254.9860565800168, 0.0, 829.5769333630991], [0.0, 1254.9860565800168, 467.1680561863987], [0.0, 0.0, 1.0]], [[796.8910634503094, 0.0, 857.7774326863696], [0.0, 796.8910634503094, 476.8848988407415], [0.0, 0.0, 1.0]], [[1249.9629280788233, 0.0, 825.3768045375984], [0.0, 1249.9629280788233, 462.54816385708756], [0.0, 0.0, 1.0]]], "extrinsics": [[[0.8248363137245178, -0.5647268891334534, -0.026992645114660263, -0.88720703125], [-0.0032916415948420763, 0.04294559359550476, -0.9990719556808472, 1.4877281188964844], [0.5653620362281799, 0.8241597414016724, 0.03356420621275902, -1.25543212890625], [0.0, 0.0, 0.0, 1.0]], [[0.013524610549211502, -0.9991500973701477, -0.03893805667757988, 0.00885009765625], [-0.0011906563304364681, 0.038925498723983765, -0.9992414116859436, 1.479949951171875], [0.9999078512191772, 0.013560723513364792, -0.0006631906726397574, -1.617971420288086], [0.0, 0.0, 0.0, 1.0]], [[-0.8427046537399292, -0.5379172563552856, -0.02222495898604393, 1.015350341796875], [0.006989487446844578, 0.03034687228500843, -0.9995149374008179, 1.4936561584472656], [0.5383307933807373, -0.8424513339996338, -0.021813686937093735, -1.22747802734375], [0.0, 0.0, 0.0, 1.0]], [[0.9479073882102966, 0.3185364603996277, -0.002450312953442335, -1.142791748046875], [-0.017865758389234543, 0.04548206552863121, -0.9988054037094116, 1.5620193481445312], [-0.3180445432662964, 0.9468188881874084, 0.04880367964506149, -0.156494140625], [0.0, 0.0, 0.0, 1.0]], [[0.008497398346662521, 0.9992455244064331, 0.03789815679192543, -0.029296875], [-0.015971925109624863, 0.038030315190553665, -0.9991489052772522, 1.5674896240234375], [-0.9998363852500916, 0.00788482092320919, 0.016283031553030014, 0.01004791259765625], [0.0, 0.0, 0.0, 1.0]], [[-0.9244118928909302, 0.38102272152900696, 0.01686016470193863, 1.09954833984375], [-0.011921461671590805, 0.0153183713555336, -0.999811589717865, 1.547011375427246], [-0.38120919466018677, -0.9244387745857239, -0.009618137963116169, -0.06756591796875], [0.0, 0.0, 0.0, 1.0]]], "view": [[0.0, -2.0, 100.0], [-2.0, 0.0, 100.0], [0.0, 0.0, 1.0]], "bev": "bev_8270ef030fc444878dd748ebd5f66532.png", "aux": "aux_8270ef030fc444878dd748ebd5f66532.npz", "visibility": "visibility_8270ef030fc444878dd748ebd5f66532.png", "pose": [[-0.8786209225654602, -0.4775199592113495, 0.0, 405.7210998535156], [0.4775199592113495, -0.8786209225654602, 0.0, 839.4322509765625], [0.0, 0.0, 1.0, 0.0], [0.0, 0.0, 0.0, 1.0]], "pose_inverse": [[-0.8786209225654602, 0.4775199592113495, 0.0, -44.3706169128418], [-0.4775199592113495, -0.8786209225654602, 0.0, 931.2826538085938], [0.0, 0.0, 1.0, 0.0], [0.0, 0.0, 0.0, 1.0]], "cam_ids": [0, 1, 2, 3, 4, 5], "cam_channels": ["CAM_FRONT_LEFT", "CAM_FRONT", "CAM_FRONT_RIGHT", "CAM_BACK_LEFT", "CAM_BACK", "CAM_BACK_RIGHT"], "token": "8270ef030fc444878dd748ebd5f66532", "scene": "scene-0393"}, {"images": ["samples/CAM_FRONT_LEFT/n008-2018-08-31-11-56-46-0400__CAM_FRONT_LEFT__1535731260104799.jpg", "samples/CAM_FRONT/n008-2018-08-31-11-56-46-0400__CAM_FRONT__1535731260112404.jpg", "samples/CAM_FRONT_RIGHT/n008-2018-08-31-11-56-46-0400__CAM_FRONT_RIGHT__1535731260120482.jpg", "samples/CAM_BACK_LEFT/n008-2018-08-31-11-56-46-0400__CAM_BACK_LEFT__1535731260147405.jpg", "samples/CAM_BACK/n008-2018-08-31-11-56-46-0400__CAM_BACK__1535731260137558.jpg", "samples/CAM_BACK_RIGHT/n008-2018-08-31-11-56-46-0400__CAM_BACK_RIGHT__1535731260128113.jpg"], "intrinsics": [[[1257.8625342125129, 0.0, 827.2410631095686], [0.0, 1257.8625342125129, 450.915498205774], [0.0, 0.0, 1.0]], [[1252.8131021185304, 0.0, 826.588114781398], [0.0, 1252.8131021185304, 469.9846626224581], [0.0, 0.0, 1.0]], [[1256.7485116440405, 0.0, 817.7887570959712], [0.0, 1256.7485116440403, 451.9541780095127], [0.0, 0.0, 1.0]], [[1254.9860565800168, 0.0, 829.5769333630991], [0.0, 1254.9860565800168, 467.1680561863987], [0.0, 0.0, 1.0]], [[796.8910634503094, 0.0, 857.7774326863696], [0.0, 796.8910634503094, 476.8848988407415], [0.0, 0.0, 1.0]], [[1249.9629280788233, 0.0, 825.3768045375984], [0.0, 1249.9629280788233, 462.54816385708756], [0.0, 0.0, 1.0]]], "extrinsics": [[[0.8252267837524414, -0.5645594596862793, -0.016534460708498955, -0.8692626953125], [0.007138399872928858, 0.03969786316156387, -0.9991862773895264, 1.4893875122070312], [0.564756453037262, 0.8244372606277466, 0.03678979352116585, -1.24261474609375], [0.0, 0.0, 0.0, 1.0]], [[0.014122006483376026, -0.9992690682411194, -0.03552285209298134, 0.00872802734375], [0.009381363168358803, 0.03565724566578865, -0.9993200302124023, 1.4813766479492188], [0.9998562335968018, 0.01377914473414421, 0.009878057986497879, -1.6000595092773438], [0.0, 0.0, 0.0, 1.0]], [[-0.8423671722412109, -0.5380962491035461, -0.029495440423488617, 1.0035400390625], [0.017712820321321487, 0.02705708146095276, -0.999476969242096, 1.4948844909667969], [0.5386129021644592, -0.8424490690231323, -0.013260796666145325, -1.2203369140625], [0.0, 0.0, 0.0, 1.0]], [[0.9479088187217712, 0.31847426295280457, 0.006565663497895002, -1.141387939453125], [-0.007301535457372665, 0.042329300194978714, -0.9990770220756531, 1.56201171875], [-0.31845828890800476, 0.9469859600067139, 0.04244966804981232, -0.15716552734375], [0.0, 0.0, 0.0, 1.0]], [[0.008151539601385593, 0.9993633031845093, 0.03473546355962753, -0.02911376953125], [-0.005387124605476856, 0.034779999405145645, -0.9993804693222046, 1.5678291320800781], [-0.9999522566795349, 0.007959344424307346, 0.005667205899953842, 0.00441741943359375], [0.0, 0.0, 0.0, 1.0]], [[-0.9245415925979614, 0.3810369372367859, 0.005791771225631237, 1.090545654296875], [-0.0013114054454490542, 0.012016944587230682, -0.9999269247055054, 1.547703742980957], [-0.3810786008834839, -0.9244818091392517, -0.010610470548272133, -0.07159423828125], [0.0, 0.0, 0.0, 1.0]]], "view": [[0.0, -2.0, 100.0], [-2.0, 0.0, 100.0], [0.0, 0.0, 1.0]], "bev": "bev_891179c807d7438ea326e750faeb81aa.png", "aux": "aux_891179c807d7438ea326e750faeb81aa.npz", "visibility": "visibility_891179c807d7438ea326e750faeb81aa.png", "pose": [[-0.8530945777893066, -0.5217562913894653, 0.0, 404.2189025878906], [0.5217562913894653, -0.8530945777893066, 0.0, 840.3239135742188], [0.0, 0.0, 1.0, 0.0], [0.0, 0.0, 0.0, 1.0]], "pose_inverse": [[-0.8530945777893066, 0.5217562913894653, 0.0, -93.60730743408203], [-0.5217562913894653, -0.8530945777893066, 0.0, 927.779541015625], [0.0, 0.0, 1.0, 0.0], [0.0, 0.0, 0.0, 1.0]], "cam_ids": [0, 1, 2, 3, 4, 5], "cam_channels": ["CAM_FRONT_LEFT", "CAM_FRONT", "CAM_FRONT_RIGHT", "CAM_BACK_LEFT", "CAM_BACK", "CAM_BACK_RIGHT"], "token": "891179c807d7438ea326e750faeb81aa", "scene": "scene-0393"}, {"images": ["samples/CAM_FRONT_LEFT/n008-2018-08-31-11-56-46-0400__CAM_FRONT_LEFT__1535731260604799.jpg", "samples/CAM_FRONT/n008-2018-08-31-11-56-46-0400__CAM_FRONT__1535731260612404.jpg", "samples/CAM_FRONT_RIGHT/n008-2018-08-31-11-56-46-0400__CAM_FRONT_RIGHT__1535731260620482.jpg", "samples/CAM_BACK_LEFT/n008-2018-08-31-11-56-46-0400__CAM_BACK_LEFT__1535731260647405.jpg", "samples/CAM_BACK/n008-2018-08-31-11-56-46-0400__CAM_BACK__1535731260637558.jpg", "samples/CAM_BACK_RIGHT/n008-2018-08-31-11-56-46-0400__CAM_BACK_RIGHT__1535731260628113.jpg"], "intrinsics": [[[1257.8625342125129, 0.0, 827.2410631095686], [0.0, 1257.8625342125129, 450.915498205774], [0.0, 0.0, 1.0]], [[1252.8131021185304, 0.0, 826.588114781398], [0.0, 1252.8131021185304, 469.9846626224581], [0.0, 0.0, 1.0]], [[1256.7485116440405, 0.0, 817.7887570959712], [0.0, 1256.7485116440403, 451.9541780095127], [0.0, 0.0, 1.0]], [[1254.9860565800168, 0.0, 829.5769333630991], [0.0, 1254.9860565800168, 467.1680561863987], [0.0, 0.0, 1.0]], [[796.8910634503094, 0.0, 857.7774326863696], [0.0, 796.8910634503094, 476.8848988407415], [0.0, 0.0, 1.0]], [[1249.9629280788233, 0.0, 825.3768045375984], [0.0, 1249.9629280788233, 462.54816385708756], [0.0, 0.0, 1.0]]], "extrinsics": [[[0.8272624015808105, -0.5618111491203308, -0.0022786008194088936, -0.85760498046875], [0.014371095225214958, 0.025215428322553635, -0.9995787143707275, 1.4908256530761719], [0.5616319179534912, 0.8268811702728271, 0.02893361635506153, -1.2342529296875], [0.0, 0.0, 0.0, 1.0]], [[0.01728513091802597, -0.9996435642242432, -0.020344972610473633, 0.00872802734375], [0.016542935743927956, 0.020631158724427223, -0.9996502995491028, 1.4825782775878906], [0.9997137188911438, 0.01694258116185665, 0.016893651336431503, -1.587982177734375], [0.0, 0.0, 0.0, 1.0]], [[-0.8408805727958679, -0.5405436754226685, -0.027064567431807518, 0.995849609375], [0.024803347885608673, 0.011465882882475853, -0.9996265769004822, 1.4958744049072266], [0.5406521558761597, -0.8412379026412964, 0.0037658526562154293, -1.21502685546875], [0.0, 0.0, 0.0, 1.0]], [[0.9478008151054382, 0.31876668334007263, 0.007834496907889843, -1.140716552734375], [-8.354024612344801e-05, 0.02481834962964058, -0.9996920228004456, 1.5620441436767578], [-0.3188629150390625, 0.9475082159042358, 0.023549482226371765, -0.1571044921875], [0.0, 0.0, 0.0, 1.0]], [[0.006903203669935465, 0.9998155832290649, 0.017922090366482735, -0.02911376953125], [0.0018613184802234173, 0.017909638583660126, -0.9998378753662109, 1.568136215209961], [-0.9999744892120361, 0.006935506127774715, -0.0017373417504131794, -0.0001373291015625], [0.0, 0.0, 0.0, 1.0]], [[-0.9252353310585022, 0.37932825088500977, -0.007047735620290041, 1.08349609375], [0.005901790224015713, -0.004183727316558361, -0.9999738335609436, 1.5483055114746094], [-0.3793478012084961, -0.9252526760101318, 0.001632216270081699, -0.07421875], [0.0, 0.0, 0.0, 1.0]]], "view": [[0.0, -2.0, 100.0], [-2.0, 0.0, 100.0], [0.0, 0.0, 1.0]], "bev": "bev_f250b7d69bc844409b0d86aa5e9af7ad.png", "aux": "aux_f250b7d69bc844409b0d86aa5e9af7ad.npz", "visibility": "visibility_f250b7d69bc844409b0d86aa5e9af7ad.png", "pose": [[-0.8098442554473877, -0.5866449475288391, 0.0, 402.6092224121094], [0.5866449475288391, -0.8098442554473877, 0.0, 841.4213256835938], [0.0, 0.0, 1.0, 0.0], [0.0, 0.0, 0.0, 1.0]], "pose_inverse": [[-0.8098442554473877, 0.5866449475288391, 0.0, -167.56480407714844], [-0.5866449475288391, -0.8098442554473877, 0.0, 917.60888671875], [0.0, 0.0, 1.0, 0.0], [0.0, 0.0, 0.0, 1.0]], "cam_ids": [0, 1, 2, 3, 4, 5], "cam_channels": ["CAM_FRONT_LEFT", "CAM_FRONT", "CAM_FRONT_RIGHT", "CAM_BACK_LEFT", "CAM_BACK", "CAM_BACK_RIGHT"], "token": "f250b7d69bc844409b0d86aa5e9af7ad", "scene": "scene-0393"}, {"images": ["samples/CAM_FRONT_LEFT/n008-2018-08-31-11-56-46-0400__CAM_FRONT_LEFT__1535731261104799.jpg", "samples/CAM_FRONT/n008-2018-08-31-11-56-46-0400__CAM_FRONT__1535731261112404.jpg", "samples/CAM_FRONT_RIGHT/n008-2018-08-31-11-56-46-0400__CAM_FRONT_RIGHT__1535731261120482.jpg", "samples/CAM_BACK_LEFT/n008-2018-08-31-11-56-46-0400__CAM_BACK_LEFT__1535731261147405.jpg", "samples/CAM_BACK/n008-2018-08-31-11-56-46-0400__CAM_BACK__1535731261137558.jpg", "samples/CAM_BACK_RIGHT/n008-2018-08-31-11-56-46-0400__CAM_BACK_RIGHT__1535731261128113.jpg"], "intrinsics": [[[1257.8625342125129, 0.0, 827.2410631095686], [0.0, 1257.8625342125129, 450.915498205774], [0.0, 0.0, 1.0]], [[1252.8131021185304, 0.0, 826.588114781398], [0.0, 1252.8131021185304, 469.9846626224581], [0.0, 0.0, 1.0]], [[1256.7485116440405, 0.0, 817.7887570959712], [0.0, 1256.7485116440403, 451.9541780095127], [0.0, 0.0, 1.0]], [[1254.9860565800168, 0.0, 829.5769333630991], [0.0, 1254.9860565800168, 467.1680561863987], [0.0, 0.0, 1.0]], [[796.8910634503094, 0.0, 857.7774326863696], [0.0, 796.8910634503094, 476.8848988407415], [0.0, 0.0, 1.0]], [[1249.9629280788233, 0.0, 825.3768045375984], [0.0, 1249.9629280788233, 462.54816385708756], [0.0, 0.0, 1.0]]], "extrinsics": [[[0.8287433981895447, -0.5595408082008362, 0.009928184561431408, -0.8438720703125], [0.018986230716109276, 0.010381465777754784, -0.9997658133506775, 1.4919686317443848], [0.5593066215515137, 0.8287377953529358, 0.01922714151442051, -1.22540283203125], [0.0, 0.0, 0.0, 1.0]], [[0.019491398707032204, -0.9997954368591309, -0.005408927798271179, 0.0087890625], [0.020957989618182182, 0.005817340221256018, -0.9997634291648865, 1.4835302829742432], [0.9995903372764587, 0.019373439252376556, 0.021067088469862938, -1.574127197265625], [0.0, 0.0, 0.0, 1.0]], [[-0.8398656249046326, -0.5423247218132019, -0.0225748959928751, 0.987060546875], [0.029007593169808388, -0.0033138934522867203, -0.9995737075805664, 1.4966754913330078], [0.542018711566925, -0.840162456035614, 0.018514761701226234, -1.20928955078125], [0.0, 0.0, 0.0, 1.0]], [[0.9477424621582031, 0.31897062063217163, 0.00648620817810297, -1.1387939453125], [0.0033488927874714136, 0.010383197106420994, -0.9999404549598694, 1.5620594024658203], [-0.31901901960372925, 0.9477077722549438, 0.008772396482527256, -0.157958984375], [0.0, 0.0, 0.0, 1.0]], [[0.006180465221405029, 0.9999751448631287, 0.0033805076964199543, -0.0289306640625], [0.005502988118678331, 0.0033465095330029726, -0.9999792575836182, 1.568331003189087], [-0.9999657869338989, 0.006198943126946688, -0.005482169799506664, -0.00494384765625], [0.0, 0.0, 0.0, 1.0]], [[-0.9256582856178284, 0.3780079185962677, -0.016331978142261505, 1.07623291015625], [0.009938932955265045, -0.018857305869460106, -0.9997727870941162, 1.5487308502197266], [-0.3782299757003784, -0.9256102442741394, 0.013698427006602287, -0.0771484375], [0.0, 0.0, 0.0, 1.0]]], "view": [[0.0, -2.0, 100.0], [-2.0, 0.0, 100.0], [0.0, 0.0, 1.0]], "bev": "bev_2ef194c34bd44a7198e040229c852fa9.png", "aux": "aux_2ef194c34bd44a7198e040229c852fa9.npz", "visibility": "visibility_2ef194c34bd44a7198e040229c852fa9.png", "pose": [[-0.7337819933891296, -0.6793850064277649, 0.0, 400.9660949707031], [0.6793850064277649, -0.7337819933891296, 0.0, 842.7965087890625], [0.0, 0.0, 1.0, 0.0], [0.0, 0.0, 0.0, 1.0]], "pose_inverse": [[-0.7337819933891296, 0.6793850064277649, 0.0, -278.3616027832031], [-0.6793850064277649, -0.7337819933891296, 0.0, 890.8392333984375], [0.0, 0.0, 1.0, 0.0], [0.0, 0.0, 0.0, 1.0]], "cam_ids": [0, 1, 2, 3, 4, 5], "cam_channels": ["CAM_FRONT_LEFT", "CAM_FRONT", "CAM_FRONT_RIGHT", "CAM_BACK_LEFT", "CAM_BACK", "CAM_BACK_RIGHT"], "token": "2ef194c34bd44a7198e040229c852fa9", "scene": "scene-0393"}, {"images": ["samples/CAM_FRONT_LEFT/n008-2018-08-31-11-56-46-0400__CAM_FRONT_LEFT__1535731261604799.jpg", "samples/CAM_FRONT/n008-2018-08-31-11-56-46-0400__CAM_FRONT__1535731261612404.jpg", "samples/CAM_FRONT_RIGHT/n008-2018-08-31-11-56-46-0400__CAM_FRONT_RIGHT__1535731261620482.jpg", "samples/CAM_BACK_LEFT/n008-2018-08-31-11-56-46-0400__CAM_BACK_LEFT__1535731261647405.jpg", "samples/CAM_BACK/n008-2018-08-31-11-56-46-0400__CAM_BACK__1535731261637558.jpg", "samples/CAM_BACK_RIGHT/n008-2018-08-31-11-56-46-0400__CAM_BACK_RIGHT__1535731261628113.jpg"], "intrinsics": [[[1257.8625342125129, 0.0, 827.2410631095686], [0.0, 1257.8625342125129, 450.915498205774], [0.0, 0.0, 1.0]], [[1252.8131021185304, 0.0, 826.588114781398], [0.0, 1252.8131021185304, 469.9846626224581], [0.0, 0.0, 1.0]], [[1256.7485116440405, 0.0, 817.7887570959712], [0.0, 1256.7485116440403, 451.9541780095127], [0.0, 0.0, 1.0]], [[1254.9860565800168, 0.0, 829.5769333630991], [0.0, 1254.9860565800168, 467.1680561863987], [0.0, 0.0, 1.0]], [[796.8910634503094, 0.0, 857.7774326863696], [0.0, 796.8910634503094, 476.8848988407415], [0.0, 0.0, 1.0]], [[1249.9629280788233, 0.0, 825.3768045375984], [0.0, 1249.9629280788233, 462.54816385708756], [0.0, 0.0, 1.0]]], "extrinsics": [[[0.8285183906555176, -0.5599133968353271, 0.007384265307337046, -0.8387451171875], [0.009256179444491863, 0.0005089492187835276, -0.9999570250511169, 1.4901504516601562], [0.5598855018615723, 0.8285510540008545, 0.005604330450296402, -1.221160888671875], [0.0, 0.0, 0.0, 1.0]], [[0.019006185233592987, -0.9998100996017456, 0.004294644575566053, 0.0084228515625], [0.011099671944975853, -0.004084158223122358, -0.9999300837516785, 1.482015609741211], [0.9997578263282776, 0.01905245892703533, 0.011019939556717873, -1.567962646484375], [0.0, 0.0, 0.0, 1.0]], [[-0.8402487635612488, -0.5421298146247864, -0.008797521702945232, 0.982025146484375], [0.019014576449990273, -0.013247409835457802, -0.9997314214706421, 1.495553970336914], [0.5418676137924194, -0.8401904106140137, 0.021439488977193832, -1.20635986328125], [0.0, 0.0, 0.0, 1.0]], [[0.9478229880332947, 0.3187282979488373, -0.006618045270442963, -1.1388473510742188], [-0.007080435752868652, 0.00029216325492598116, -0.9999748468399048, 1.5620052814483643], [-0.31871846318244934, 0.9478460550308228, 0.002533653751015663, -0.15777587890625], [0.0, 0.0, 0.0, 1.0]], [[0.006468585692346096, 0.9999566078186035, -0.006701829843223095, -0.02862548828125], [-0.0047336723655462265, -0.006671275943517685, -0.9999665021896362, 1.5678143501281738], [-0.9999678730964661, 0.006500087678432465, 0.004690313711762428, -0.00799560546875], [0.0, 0.0, 0.0, 1.0]], [[-0.9256595969200134, 0.37820443511009216, -0.01075904443860054, 1.07147216796875], [-0.00016406788199674338, -0.02883741818368435, -0.9995840787887573, 1.5478134155273438], [-0.3783573508262634, -0.9252728223800659, 0.02675568498671055, -0.0794677734375], [0.0, 0.0, 0.0, 1.0]]], "view": [[0.0, -2.0, 100.0], [-2.0, 0.0, 100.0], [0.0, 0.0, 1.0]], "bev": "bev_3c0c0481fb2149af962de16f80596d9c.png", "aux": "aux_3c0c0481fb2149af962de16f80596d9c.npz", "visibility": "visibility_3c0c0481fb2149af962de16f80596d9c.png", "pose": [[-0.6529889702796936, -0.7573674321174622, 0.0, 399.4176330566406], [0.7573674321174622, -0.6529889702796936, 0.0, 844.4100341796875], [0.0, 0.0, 1.0, 0.0], [0.0, 0.0, 0.0, 1.0]], "pose_inverse": [[-0.6529889702796936, 0.7573674321174622, 0.0, -378.7133483886719], [-0.7573674321174622, -0.6529889702796936, 0.0, 853.8963012695312], [0.0, 0.0, 1.0, 0.0], [0.0, 0.0, 0.0, 1.0]], "cam_ids": [0, 1, 2, 3, 4, 5], "cam_channels": ["CAM_FRONT_LEFT", "CAM_FRONT", "CAM_FRONT_RIGHT", "CAM_BACK_LEFT", "CAM_BACK", "CAM_BACK_RIGHT"], "token": "3c0c0481fb2149af962de16f80596d9c", "scene": "scene-0393"}, {"images": ["samples/CAM_FRONT_LEFT/n008-2018-08-31-11-56-46-0400__CAM_FRONT_LEFT__1535731262104799.jpg", "samples/CAM_FRONT/n008-2018-08-31-11-56-46-0400__CAM_FRONT__1535731262112404.jpg", "samples/CAM_FRONT_RIGHT/n008-2018-08-31-11-56-46-0400__CAM_FRONT_RIGHT__1535731262120513.jpg", "samples/CAM_BACK_LEFT/n008-2018-08-31-11-56-46-0400__CAM_BACK_LEFT__1535731262147405.jpg", "samples/CAM_BACK/n008-2018-08-31-11-56-46-0400__CAM_BACK__1535731262137558.jpg", "samples/CAM_BACK_RIGHT/n008-2018-08-31-11-56-46-0400__CAM_BACK_RIGHT__1535731262128113.jpg"], "intrinsics": [[[1257.8625342125129, 0.0, 827.2410631095686], [0.0, 1257.8625342125129, 450.915498205774], [0.0, 0.0, 1.0]], [[1252.8131021185304, 0.0, 826.588114781398], [0.0, 1252.8131021185304, 469.9846626224581], [0.0, 0.0, 1.0]], [[1256.7485116440405, 0.0, 817.7887570959712], [0.0, 1256.7485116440403, 451.9541780095127], [0.0, 0.0, 1.0]], [[1254.9860565800168, 0.0, 829.5769333630991], [0.0, 1254.9860565800168, 467.1680561863987], [0.0, 0.0, 1.0]], [[796.8910634503094, 0.0, 857.7774326863696], [0.0, 796.8910634503094, 476.8848988407415], [0.0, 0.0, 1.0]], [[1249.9629280788233, 0.0, 825.3768045375984], [0.0, 1249.9629280788233, 462.54816385708756], [0.0, 0.0, 1.0]]], "extrinsics": [[[0.8313725590705872, -0.5557154417037964, -0.00037141298525966704, -0.83392333984375], [0.005283179692924023, 0.008572167716920376, -0.9999492764472961, 1.4893617630004883], [0.5556904077529907, 0.8313284516334534, 0.010062607936561108, -1.221038818359375], [0.0, 0.0, 0.0, 1.0]], [[0.023153312504291534, -0.9997230172157288, -0.0042129685170948505, 0.009521484375], [0.007642297074198723, 0.004390965681523085, -0.9999611377716064, 1.4814532995224], [0.9997026920318604, 0.02312021702528, 0.007741845212876797, -1.566070556640625], [0.0, 0.0, 0.0, 1.0]], [[-0.8385571241378784, -0.544699490070343, -0.011157193221151829, 0.983489990234375], [0.016112323850393295, -0.00432433420792222, -0.9998608231544495, 1.495157241821289], [0.5445753931999207, -0.8386201858520508, 0.012402573600411415, -1.20587158203125], [0.0, 0.0, 0.0, 1.0]], [[0.9478349685668945, 0.3187263607978821, -0.004723429214209318, -1.1420135498046875], [-0.008343310095369816, 0.009993062354624271, -0.9999152421951294, 1.5620241165161133], [-0.3186521828174591, 0.9477941393852234, 0.012131006456911564, -0.15673828125], [0.0, 0.0, 0.0, 1.0]], [[0.0053346892818808556, 0.9999820590019226, 0.002735232701525092, -0.0289306640625], [-0.006522044073790312, 0.002770006889477372, -0.9999748468399048, 1.5677452087402344], [-0.9999645948410034, 0.005316763184964657, 0.006536704022437334, -0.004119873046875], [0.0, 0.0, 0.0, 1.0]], [[-0.9265314936637878, 0.3761831521987915, -0.005060811061412096, 1.07427978515625], [-0.0025294539518654346, -0.01968039758503437, -0.9998031258583069, 1.5476045608520508], [-0.37620869278907776, -0.9263363480567932, 0.019186045974493027, -0.07733154296875], [0.0, 0.0, 0.0, 1.0]]], "view": [[0.0, -2.0, 100.0], [-2.0, 0.0, 100.0], [0.0, 0.0, 1.0]], "bev": "bev_6f6c1083c0114b6b9cf5d1bc0946e2d1.png", "aux": "aux_6f6c1083c0114b6b9cf5d1bc0946e2d1.npz", "visibility": "visibility_6f6c1083c0114b6b9cf5d1bc0946e2d1.png", "pose": [[-0.5373147130012512, -0.8433818221092224, 0.0, 398.0185241699219], [0.8433818221092224, -0.5373147130012512, 0.0, 846.2785034179688], [0.0, 0.0, 1.0, 0.0], [0.0, 0.0, 0.0, 1.0]], "pose_inverse": [[-0.5373147130012512, 0.8433818221092224, 0.0, -499.87469482421875], [-0.8433818221092224, -0.5373147130012512, 0.0, 790.3994750976562], [0.0, 0.0, 1.0, 0.0], [0.0, 0.0, 0.0, 1.0]], "cam_ids": [0, 1, 2, 3, 4, 5], "cam_channels": ["CAM_FRONT_LEFT", "CAM_FRONT", "CAM_FRONT_RIGHT", "CAM_BACK_LEFT", "CAM_BACK", "CAM_BACK_RIGHT"], "token": "6f6c1083c0114b6b9cf5d1bc0946e2d1", "scene": "scene-0393"}, {"images": ["samples/CAM_FRONT_LEFT/n008-2018-08-31-11-56-46-0400__CAM_FRONT_LEFT__1535731262654799.jpg", "samples/CAM_FRONT/n008-2018-08-31-11-56-46-0400__CAM_FRONT__1535731262662404.jpg", "samples/CAM_FRONT_RIGHT/n008-2018-08-31-11-56-46-0400__CAM_FRONT_RIGHT__1535731262670482.jpg", "samples/CAM_BACK_LEFT/n008-2018-08-31-11-56-46-0400__CAM_BACK_LEFT__1535731262697405.jpg", "samples/CAM_BACK/n008-2018-08-31-11-56-46-0400__CAM_BACK__1535731262687558.jpg", "samples/CAM_BACK_RIGHT/n008-2018-08-31-11-56-46-0400__CAM_BACK_RIGHT__1535731262678113.jpg"], "intrinsics": [[[1257.8625342125129, 0.0, 827.2410631095686], [0.0, 1257.8625342125129, 450.915498205774], [0.0, 0.0, 1.0]], [[1252.8131021185304, 0.0, 826.588114781398], [0.0, 1252.8131021185304, 469.9846626224581], [0.0, 0.0, 1.0]], [[1256.7485116440405, 0.0, 817.7887570959712], [0.0, 1256.7485116440403, 451.9541780095127], [0.0, 0.0, 1.0]], [[1254.9860565800168, 0.0, 829.5769333630991], [0.0, 1254.9860565800168, 467.1680561863987], [0.0, 0.0, 1.0]], [[796.8910634503094, 0.0, 857.7774326863696], [0.0, 796.8910634503094, 476.8848988407415], [0.0, 0.0, 1.0]], [[1249.9629280788233, 0.0, 825.3768045375984], [0.0, 1249.9629280788233, 462.54816385708756], [0.0, 0.0, 1.0]]], "extrinsics": [[[0.8333173990249634, -0.5527745485305786, 0.004733697976917028, -0.84100341796875], [0.014662410132586956, 0.013542025350034237, -0.9998007416725159, 1.4911890029907227], [0.5526003837585449, 0.8332207798957825, 0.019389810040593147, -1.22418212890625], [0.0, 0.0, 0.0, 1.0]], [[0.026240702718496323, -0.9996116161346436, -0.009372676722705364, 0.0096435546875], [0.016834335401654243, 0.00981645192950964, -0.9998101592063904, 1.4828991889953613], [0.9995138645172119, 0.026077870279550552, 0.01708539016544819, -1.572265625], [0.0, 0.0, 0.0, 1.0]], [[-0.8371233940124512, -0.546576201915741, -0.021881142631173134, 0.985748291015625], [0.025113379582762718, 0.0015573598211631179, -0.9996833801269531, 1.4962272644042969], [0.5464372634887695, -0.8374079465866089, 0.012422672472894192, -1.20849609375], [0.0, 0.0, 0.0, 1.0]], [[0.9477736353874207, 0.31889331340789795, 0.005679210647940636, -1.142852783203125], [0.00014884350821375847, 0.01736406609416008, -0.999849259853363, 1.5619983673095703], [-0.3189438581466675, 0.9476315379142761, 0.01640973798930645, -0.1591796875], [0.0, 0.0, 0.0, 1.0]], [[0.004416526295244694, 0.9999443292617798, 0.009582228027284145, -0.02886962890625], [0.0020696804858744144, 0.009573160670697689, -0.9999520182609558, 1.5681581497192383], [-0.9999881386756897, 0.0044361199252307415, -0.002027285983785987, -0.00347900390625], [0.0, 0.0, 0.0, 1.0]], [[-0.9270687699317932, 0.374733567237854, -0.01087369117885828, 1.07623291015625], [0.0062902155332267284, -0.013452304527163506, -0.9998897314071655, 1.5483884811401367], [-0.3748385012149811, -0.9270349144935608, 0.01011405885219574, -0.077392578125], [0.0, 0.0, 0.0, 1.0]]], "view": [[0.0, -2.0, 100.0], [-2.0, 0.0, 100.0], [0.0, 0.0, 1.0]], "bev": "bev_5007a0497a6842c7b77056949e36e252.png", "aux": "aux_5007a0497a6842c7b77056949e36e252.npz", "visibility": "visibility_5007a0497a6842c7b77056949e36e252.png", "pose": [[-0.3348765969276428, -0.9422619938850403, 0.0, 396.9244384765625], [0.9422619938850403, -0.3348765969276428, 0.0, 848.5443725585938], [0.0, 0.0, 1.0, 0.0], [0.0, 0.0, 0.0, 1.0]], "pose_inverse": [[-0.3348765969276428, 0.9422619938850403, 0.0, -666.6304321289062], [-0.9422619938850403, -0.3348765969276428, 0.0, 658.1644897460938], [0.0, 0.0, 1.0, 0.0], [0.0, 0.0, 0.0, 1.0]], "cam_ids": [0, 1, 2, 3, 4, 5], "cam_channels": ["CAM_FRONT_LEFT", "CAM_FRONT", "CAM_FRONT_RIGHT", "CAM_BACK_LEFT", "CAM_BACK", "CAM_BACK_RIGHT"], "token": "5007a0497a6842c7b77056949e36e252", "scene": "scene-0393"}, {"images": ["samples/CAM_FRONT_LEFT/n008-2018-08-31-11-56-46-0400__CAM_FRONT_LEFT__1535731263154799.jpg", "samples/CAM_FRONT/n008-2018-08-31-11-56-46-0400__CAM_FRONT__1535731263162404.jpg", "samples/CAM_FRONT_RIGHT/n008-2018-08-31-11-56-46-0400__CAM_FRONT_RIGHT__1535731263170482.jpg", "samples/CAM_BACK_LEFT/n008-2018-08-31-11-56-46-0400__CAM_BACK_LEFT__1535731263197405.jpg", "samples/CAM_BACK/n008-2018-08-31-11-56-46-0400__CAM_BACK__1535731263187558.jpg", "samples/CAM_BACK_RIGHT/n008-2018-08-31-11-56-46-0400__CAM_BACK_RIGHT__1535731263178113.jpg"], "intrinsics": [[[1257.8625342125129, 0.0, 827.2410631095686], [0.0, 1257.8625342125129, 450.915498205774], [0.0, 0.0, 1.0]], [[1252.8131021185304, 0.0, 826.588114781398], [0.0, 1252.8131021185304, 469.9846626224581], [0.0, 0.0, 1.0]], [[1256.7485116440405, 0.0, 817.7887570959712], [0.0, 1256.7485116440403, 451.9541780095127], [0.0, 0.0, 1.0]], [[1254.9860565800168, 0.0, 829.5769333630991], [0.0, 1254.9860565800168, 467.1680561863987], [0.0, 0.0, 1.0]], [[796.8910634503094, 0.0, 857.7774326863696], [0.0, 796.8910634503094, 476.8848988407415], [0.0, 0.0, 1.0]], [[1249.9629280788233, 0.0, 825.3768045375984], [0.0, 1249.9629280788233, 462.54816385708756], [0.0, 0.0, 1.0]]], "extrinsics": [[[0.8341255784034729, -0.5515651702880859, 0.003228656481951475, -0.83660888671875], [0.01770726591348648, 0.02092706970870495, -0.9996241927146912, 1.4919567108154297], [0.5512903332710266, 0.8338693380355835, 0.027222516015172005, -1.218841552734375], [0.0, 0.0, 0.0, 1.0]], [[0.02749268338084221, -0.9994869828224182, -0.01642945222556591, 0.0081787109375], [0.019894950091838837, 0.016979508101940155, -0.9996578693389893, 1.4835357666015625], [0.9994239211082458, 0.027156410738825798, 0.020351557061076164, -1.56689453125], [0.0, 0.0, 0.0, 1.0]], [[-0.8365408778190613, -0.5471747517585754, -0.028268937021493912, 0.9815673828125], [0.028204023838043213, 0.008521675132215023, -0.999565839767456, 1.4967403411865234], [0.5471781492233276, -0.8369750380516052, 0.008303799666464329, -1.2073974609375], [0.0, 0.0, 0.0, 1.0]], [[0.9477444887161255, 0.3188539147377014, 0.010603354312479496, -1.14361572265625], [0.0031005493365228176, 0.024028906598687172, -0.9997064471244812, 1.5619316101074219], [-0.31901514530181885, 0.9474992156028748, 0.021784642711281776, -0.16131591796875], [0.0, 0.0, 0.0, 1.0]], [[0.004026532173156738, 0.9998590350151062, 0.01629400998353958, -0.028289794921875], [0.0050597903318703175, 0.016273560002446175, -0.9998547434806824, 1.568314790725708], [-0.9999790787696838, 0.004108394496142864, -0.004993552807718515, -0.00469970703125], [0.0, 0.0, 0.0, 1.0]], [[-0.9272855520248413, 0.3741872310638428, -0.011196616105735302, 1.07403564453125], [0.009398569352924824, -0.0066296132281422615, -0.9999338388442993, 1.5486888885498047], [-0.37423670291900635, -0.9273294806480408, 0.0026307199150323868, -0.0792999267578125], [0.0, 0.0, 0.0, 1.0]]], "view": [[0.0, -2.0, 100.0], [-2.0, 0.0, 100.0], [0.0, 0.0, 1.0]], "bev": "bev_13a4911845d84b99a7c45afeb3c431f1.png", "aux": "aux_13a4911845d84b99a7c45afeb3c431f1.npz", "visibility": "visibility_13a4911845d84b99a7c45afeb3c431f1.png", "pose": [[-0.1059250757098198, -0.9943740963935852, 0.0, 396.42218017578125], [0.9943740963935852, -0.1059250757098198, 0.0, 850.8190307617188], [0.0, 0.0, 1.0, 0.0], [0.0, 0.0, 0.0, 1.0]], "pose_inverse": [[-0.1059250757098198, 0.9943740963935852, 0.0, -804.0413818359375], [-0.9943740963935852, -0.1059250757098198, 0.0, 484.3150329589844], [0.0, 0.0, 1.0, 0.0], [0.0, 0.0, 0.0, 1.0]], "cam_ids": [0, 1, 2, 3, 4, 5], "cam_channels": ["CAM_FRONT_LEFT", "CAM_FRONT", "CAM_FRONT_RIGHT", "CAM_BACK_LEFT", "CAM_BACK", "CAM_BACK_RIGHT"], "token": "13a4911845d84b99a7c45afeb3c431f1", "scene": "scene-0393"}, {"images": ["samples/CAM_FRONT_LEFT/n008-2018-08-31-11-56-46-0400__CAM_FRONT_LEFT__1535731263654799.jpg", "samples/CAM_FRONT/n008-2018-08-31-11-56-46-0400__CAM_FRONT__1535731263662404.jpg", "samples/CAM_FRONT_RIGHT/n008-2018-08-31-11-56-46-0400__CAM_FRONT_RIGHT__1535731263670482.jpg", "samples/CAM_BACK_LEFT/n008-2018-08-31-11-56-46-0400__CAM_BACK_LEFT__1535731263697405.jpg", "samples/CAM_BACK/n008-2018-08-31-11-56-46-0400__CAM_BACK__1535731263687558.jpg", "samples/CAM_BACK_RIGHT/n008-2018-08-31-11-56-46-0400__CAM_BACK_RIGHT__1535731263678113.jpg"], "intrinsics": [[[1257.8625342125129, 0.0, 827.2410631095686], [0.0, 1257.8625342125129, 450.915498205774], [0.0, 0.0, 1.0]], [[1252.8131021185304, 0.0, 826.588114781398], [0.0, 1252.8131021185304, 469.9846626224581], [0.0, 0.0, 1.0]], [[1256.7485116440405, 0.0, 817.7887570959712], [0.0, 1256.7485116440403, 451.9541780095127], [0.0, 0.0, 1.0]], [[1254.9860565800168, 0.0, 829.5769333630991], [0.0, 1254.9860565800168, 467.1680561863987], [0.0, 0.0, 1.0]], [[796.8910634503094, 0.0, 857.7774326863696], [0.0, 796.8910634503094, 476.8848988407415], [0.0, 0.0, 1.0]], [[1249.9629280788233, 0.0, 825.3768045375984], [0.0, 1249.9629280788233, 462.54816385708756], [0.0, 0.0, 1.0]]], "extrinsics": [[[0.8338282704353333, -0.5520238280296326, -0.0004734027897939086, -0.83319091796875], [0.018363766372203827, 0.02859543077647686, -0.9994223117828369, 1.4921703338623047], [0.5517183542251587, 0.8333379030227661, 0.03398091346025467, -1.217041015625], [0.0, 0.0, 0.0, 1.0]], [[0.027046071365475655, -0.9993456602096558, -0.024015678092837334, 0.00848388671875], [0.02048899419605732, 0.024573611095547676, -0.9994880557060242, 1.4837007522583008], [0.9994242191314697, 0.026540163904428482, 0.021140206605196, -1.5640869140625], [0.0, 0.0, 0.0, 1.0]], [[-0.8367313146591187, -0.5466309785842896, -0.032792769372463226, 0.98016357421875], [0.02869698405265808, 0.016031628474593163, -0.9994595646858215, 1.4968605041503906], [0.5468613505363464, -0.8372201919555664, 0.0022724962327629328, -1.20635986328125], [0.0, 0.0, 0.0, 1.0]], [[0.9477320909500122, 0.31878840923309326, 0.013341575860977173, -1.14300537109375], [0.0035657344851642847, 0.031229563057422638, -0.999505877494812, 1.5619158744812012], [-0.3190475404262543, 0.947311282157898, 0.028460541740059853, -0.16094970703125], [0.0, 0.0, 0.0, 1.0]], [[0.0041481340304