[{"images": ["samples/CAM_FRONT_LEFT/n015-2018-07-24-11-13-19+0800__CAM_FRONT_LEFT__1532402002104844.jpg", "samples/CAM_FRONT/n015-2018-07-24-11-13-19+0800__CAM_FRONT__1532402002112460.jpg", "samples/CAM_FRONT_RIGHT/n015-2018-07-24-11-13-19+0800__CAM_FRONT_RIGHT__1532402002120339.jpg", "samples/CAM_BACK_LEFT/n015-2018-07-24-11-13-19+0800__CAM_BACK_LEFT__1532402002147423.jpg", "samples/CAM_BACK/n015-2018-07-24-11-13-19+0800__CAM_BACK__1532402002137525.jpg", "samples/CAM_BACK_RIGHT/n015-2018-07-24-11-13-19+0800__CAM_BACK_RIGHT__1532402002127893.jpg"], "intrinsics": [[[1272.5979470598488, 0.0, 826.6154927353808], [0.0, 1272.5979470598488, 479.75165386361925], [0.0, 0.0, 1.0]], [[1266.417203046554, 0.0, 816.2670197447984], [0.0, 1266.417203046554, 491.50706579294757], [0.0, 0.0, 1.0]], [[1260.8474446004698, 0.0, 807.968244525554], [0.0, 1260.8474446004698, 495.3344268742088], [0.0, 0.0, 1.0]], [[1256.7414812095406, 0.0, 792.1125740759628], [0.0, 1256.7414812095406, 492.7757465151356], [0.0, 0.0, 1.0]], [[809.2209905677063, 0.0, 829.2196003259838], [0.0, 809.2209905677063, 481.77842384512485], [0.0, 0.0, 1.0]], [[1259.5137405846733, 0.0, 807.2529053838625], [0.0, 1259.5137405846733, 501.19579884916527], [0.0, 0.0, 1.0]]], "extrinsics": [[[0.8207705616950989, -0.5712000727653503, 0.008129751309752464, -0.961181640625], [0.006447654217481613, -0.004967499990016222, -0.9999668598175049, 1.508277416229248], [0.5712215900421143, 0.8207957148551941, -0.00039427695446647704, -1.27764892578125], [0.0, 0.0, 0.0, 1.0]], [[0.0057043833658099174, -0.9999428987503052, 0.0090293874964118, 0.00506591796875], [0.0011529455659911036, -0.009022951126098633, -0.9999586343765259, 1.520538330078125], [0.999983012676239, 0.005714548751711845, 0.0011014092015102506, -1.6884002685546875], [0.0, 0.0, 0.0, 1.0]], [[-0.8328372240066528, -0.5534242391586304, -0.01018160954117775, 1.02960205078125], [0.006778744515031576, 0.008195236325263977, -0.9999433755874634, 1.5036659240722656], [0.5534763932228088, -0.8328591585159302, -0.0030737752094864845, -1.24700927734375], [0.0, 0.0, 0.0, 1.0]], [[0.9477140307426453, 0.3190319836139679, 0.007527478970587254, -1.142303466796875], [0.015405295416712761, -0.02217671275138855, -0.9996353387832642, 1.588552474975586], [-0.31874871253967285, 0.9474843740463257, -0.025931965559720993, -0.1036376953125], [0.0, 0.0, 0.0, 1.0]], [[0.002441686810925603, 0.9999228715896606, -0.012177563272416592, 0.0028076171875], [-0.009980500675737858, -0.012152624316513538, -0.9998763799667358, 1.5793466567993164], [-0.9999471306800842, 0.0025629245210438967, 0.009950057603418827, 0.00067138671875], [0.0, 0.0, 0.0, 1.0]], [[-0.9346860647201538, 0.3549079895019531, -0.020055020228028297, 1.134002685546875], [0.02266255021095276, 0.003191254800185561, -0.9997380971908569, 1.5515036582946777], [-0.3547510504722595, -0.9348958134651184, -0.01102594193071127, -0.0645751953125], [0.0, 0.0, 0.0, 1.0]]], "view": [[0.0, -2.0, 100.0], [-2.0, 0.0, 100.0], [0.0, 0.0, 1.0]], "bev": "bev_5bfd9c26f8364a578faf16bdb96049ea.png", "aux": "aux_5bfd9c26f8364a578faf16bdb96049ea.npz", "visibility": "visibility_5bfd9c26f8364a578faf16bdb96049ea.png", "pose": [[0.9961444139480591, 0.08772826939821243, 0.0, 210.6257781982422], [-0.08772826939821243, 0.9961444139480591, 0.0, 921.2450561523438], [0.0, 0.0, 1.0, 0.0], [0.0, 0.0, 0.0, 1.0]], "pose_inverse": [[0.9961444139480591, -0.08772826939821243, 0.0, -128.9944610595703], [0.08772826939821243, 0.9961444139480591, 0.0, -936.1709594726562], [0.0, 0.0, 1.0, 0.0], [0.0, 0.0, 0.0, 1.0]], "cam_ids": [0, 1, 2, 3, 4, 5], "cam_channels": ["CAM_FRONT_LEFT", "CAM_FRONT", "CAM_FRONT_RIGHT", "CAM_BACK_LEFT", "CAM_BACK", "CAM_BACK_RIGHT"], "token": "5bfd9c26f8364a578faf16bdb96049ea", "scene": "scene-0045"}, {"images": ["samples/CAM_FRONT_LEFT/n015-2018-07-24-11-13-19+0800__CAM_FRONT_LEFT__1532402002604844.jpg", "samples/CAM_FRONT/n015-2018-07-24-11-13-19+0800__CAM_FRONT__1532402002612460.jpg", "samples/CAM_FRONT_RIGHT/n015-2018-07-24-11-13-19+0800__CAM_FRONT_RIGHT__1532402002620339.jpg", "samples/CAM_BACK_LEFT/n015-2018-07-24-11-13-19+0800__CAM_BACK_LEFT__1532402002647423.jpg", "samples/CAM_BACK/n015-2018-07-24-11-13-19+0800__CAM_BACK__1532402002637525.jpg", "samples/CAM_BACK_RIGHT/n015-2018-07-24-11-13-19+0800__CAM_BACK_RIGHT__1532402002627893.jpg"], "intrinsics": [[[1272.5979470598488, 0.0, 826.6154927353808], [0.0, 1272.5979470598488, 479.75165386361925], [0.0, 0.0, 1.0]], [[1266.417203046554, 0.0, 816.2670197447984], [0.0, 1266.417203046554, 491.50706579294757], [0.0, 0.0, 1.0]], [[1260.8474446004698, 0.0, 807.968244525554], [0.0, 1260.8474446004698, 495.3344268742088], [0.0, 0.0, 1.0]], [[1256.7414812095406, 0.0, 792.1125740759628], [0.0, 1256.7414812095406, 492.7757465151356], [0.0, 0.0, 1.0]], [[809.2209905677063, 0.0, 829.2196003259838], [0.0, 809.2209905677063, 481.77842384512485], [0.0, 0.0, 1.0]], [[1259.5137405846733, 0.0, 807.2529053838625], [0.0, 1259.5137405846733, 501.19579884916527], [0.0, 0.0, 1.0]]], "extrinsics": [[[0.8207236528396606, -0.5712698698043823, 0.007967245765030384, -0.946502685546875], [0.005984630901366472, -0.005348192993551493, -0.9999678134918213, 1.5083832740783691], [0.5712940692901611, 0.8207448720932007, -0.0009705488919280469, -1.267578125], [0.0, 0.0, 0.0, 1.0]], [[0.005633691791445017, -0.9999395608901978, 0.009438108652830124, 0.00537109375], [0.0006909003132022917, -0.00943436473608017, -0.9999552965164185, 1.520547866821289], [0.9999839663505554, 0.005639960058033466, 0.0006377079407684505, -1.6737213134765625], [0.0, 0.0, 0.0, 1.0]], [[-0.8328754305839539, -0.5533779859542847, -0.009552876465022564, 1.02020263671875], [0.006319130305200815, 0.0077512143179774284, -0.9999499320983887, 1.5037345886230469], [0.5534244179725647, -0.8328941464424133, -0.002958927769213915, -1.240478515625], [0.0, 0.0, 0.0, 1.0]], [[0.947722315788269, 0.31901976466178894, 0.0069863335229456425, -1.141357421875], [0.01499288808554411, -0.022648561745882034, -0.9996310472488403, 1.588571548461914], [-0.3187437951564789, 0.947477400302887, -0.026247574016451836, -0.10406494140625], [0.0, 0.0, 0.0, 1.0]], [[0.00246191443875432, 0.9999171495437622, -0.012645472772419453, 0.00286865234375], [-0.01043043565005064, -0.012619147077202797, -0.9998659491539001, 1.579298973083496], [-0.9999424815177917, 0.0025935000739991665, 0.010398502461612225, -0.0037384033203125], [0.0, 0.0, 0.0, 1.0]], [[-0.9346790313720703, 0.3549416661262512, -0.019783934578299522, 1.1261749267578125], [0.022197403013706207, 0.0027285083197057247, -0.9997498989105225, 1.5516862869262695], [-0.35479891300201416, -0.9348845481872559, -0.010429063811898232, -0.06744384765625], [0.0, 0.0, 0.0, 1.0]]], "view": [[0.0, -2.0, 100.0], [-2.0, 0.0, 100.0], [0.0, 0.0, 1.0]], "bev": "bev_6807555039a64e45be594ca35deebdeb.png", "aux": "aux_6807555039a64e45be594ca35deebdeb.npz", "visibility": "visibility_6807555039a64e45be594ca35deebdeb.png", "pose": [[0.9961177110671997, 0.08803160488605499, 0.0, 210.78990173339844], [-0.08803160488605499, 0.9961177110671997, 0.0, 921.2294311523438], [0.0, 0.0, 1.0, 0.0], [0.0, 0.0, 0.0, 1.0]], "pose_inverse": [[0.9961177110671997, -0.08803160488605499, 0.0, -128.87423706054688], [0.08803160488605499, 0.9961177110671997, 0.0, -936.2091064453125], [0.0, 0.0, 1.0, 0.0], [0.0, 0.0, 0.0, 1.0]], "cam_ids": [0, 1, 2, 3, 4, 5], "cam_channels": ["CAM_FRONT_LEFT", "CAM_FRONT", "CAM_FRONT_RIGHT", "CAM_BACK_LEFT", "CAM_BACK", "CAM_BACK_RIGHT"], "token": "6807555039a64e45be594ca35deebdeb", "scene": "scene-0045"}, {"images": ["samples/CAM_FRONT_LEFT/n015-2018-07-24-11-13-19+0800__CAM_FRONT_LEFT__1532402003154844.jpg", "samples/CAM_FRONT/n015-2018-07-24-11-13-19+0800__CAM_FRONT__1532402003162460.jpg", "samples/CAM_FRONT_RIGHT/n015-2018-07-24-11-13-19+0800__CAM_FRONT_RIGHT__1532402003170339.jpg", "samples/CAM_BACK_LEFT/n015-2018-07-24-11-13-19+0800__CAM_BACK_LEFT__1532402003197423.jpg", "samples/CAM_BACK/n015-2018-07-24-11-13-19+0800__CAM_BACK__1532402003187525.jpg", "samples/CAM_BACK_RIGHT/n015-2018-07-24-11-13-19+0800__CAM_BACK_RIGHT__1532402003177893.jpg"], "intrinsics": [[[1272.5979470598488, 0.0, 826.6154927353808], [0.0, 1272.5979470598488, 479.75165386361925], [0.0, 0.0, 1.0]], [[1266.417203046554, 0.0, 816.2670197447984], [0.0, 1266.417203046554, 491.50706579294757], [0.0, 0.0, 1.0]], [[1260.8474446004698, 0.0, 807.968244525554], [0.0, 1260.8474446004698, 495.3344268742088], [0.0, 0.0, 1.0]], [[1256.7414812095406, 0.0, 792.1125740759628], [0.0, 1256.7414812095406, 492.7757465151356], [0.0, 0.0, 1.0]], [[809.2209905677063, 0.0, 829.2196003259838], [0.0, 809.2209905677063, 481.77842384512485], [0.0, 0.0, 1.0]], [[1259.5137405846733, 0.0, 807.2529053838625], [0.0, 1259.5137405846733, 501.19579884916527], [0.0, 0.0, 1.0]]], "extrinsics": [[[0.820772111415863, -0.5712245106697083, 0.005970309022814035, -0.92950439453125], [0.0036947426851838827, -0.005142718553543091, -0.9999799728393555, 1.508408546447754], [0.5712437629699707, 0.8207777142524719, -0.0021104728803038597, -1.25579833984375], [0.0, 0.0, 0.0, 1.0]], [[0.0056981113739311695, -0.9999417066574097, 0.009164450690150261, 0.0054931640625], [-0.0016266314778476954, -0.009173855185508728, -0.9999566078186035, 1.5204782485961914], [0.9999824166297913, 0.005682965740561485, -0.0016788102220743895, -1.656768798828125], [0.0, 0.0, 0.0, 1.0]], [[-0.8328800201416016, -0.5533989071846008, -0.007774988655000925, 1.00927734375], [0.0039728134870529175, 0.008069761097431183, -0.9999595284461975, 1.5037527084350586], [0.5534392595291138, -0.8328772783279419, -0.004522591829299927, -1.23321533203125], [0.0, 0.0, 0.0, 1.0]], [[0.9477400779724121, 0.3190070390701294, 0.004838800523430109, -1.1412353515625], [0.01255907490849495, -0.022148434072732925, -0.9996757507324219, 1.5885677337646484], [-0.31879642605781555, 0.9474934935569763, -0.024997388944029808, -0.10406494140625], [0.0, 0.0, 0.0, 1.0]], [[0.0024349011946469545, 0.9999224543571472, -0.012211061082780361, 0.002685546875], [-0.012832875363528728, -0.012178847566246986, -0.9998434782028198, 1.5792198181152344], [-0.9999147057533264, 0.0025912332348525524, 0.012802225537598133, -0.0089111328125], [0.0, 0.0, 0.0, 1.0]], [[-0.9347283840179443, 0.3549346625804901, -0.01743728667497635, 1.1171875], [0.019830241799354553, 0.0031051256228238344, -0.9997985363006592, 1.5518527030944824], [-0.3548090159893036, -0.9348859786987305, -0.009940890595316887, -0.07080078125], [0.0, 0.0, 0.0, 1.0]]], "view": [[0.0, -2.0, 100.0], [-2.0, 0.0, 100.0], [0.0, 0.0, 1.0]], "bev": "bev_50072598887e4ca0bd79e56f933a7d24.png", "aux": "aux_50072598887e4ca0bd79e56f933a7d24.npz", "visibility": "visibility_50072598887e4ca0bd79e56f933a7d24.png", "pose": [[0.9959721565246582, 0.08966293931007385, 0.0, 211.1819610595703], [-0.08966293931007385, 0.9959721565246582, 0.0, 921.19140625], [0.0, 0.0, 1.0, 0.0], [0.0, 0.0, 0.0, 1.0]], "pose_inverse": [[0.9959721565246582, -0.08966293931007385, 0.0, -127.73462677001953], [0.08966293931007385, 0.9959721565246582, 0.0, -936.4161987304688], [0.0, 0.0, 1.0, 0.0], [0.0, 0.0, 0.0, 1.0]], "cam_ids": [0, 1, 2, 3, 4, 5], "cam_channels": ["CAM_FRONT_LEFT", "CAM_FRONT", "CAM_FRONT_RIGHT", "CAM_BACK_LEFT", "CAM_BACK", "CAM_BACK_RIGHT"], "token": "50072598887e4ca0bd79e56f933a7d24", "scene": "scene-0045"}, {"images": ["samples/CAM_FRONT_LEFT/n015-2018-07-24-11-13-19+0800__CAM_FRONT_LEFT__1532402003754844.jpg", "samples/CAM_FRONT/n015-2018-07-24-11-13-19+0800__CAM_FRONT__1532402003762460.jpg", "samples/CAM_FRONT_RIGHT/n015-2018-07-24-11-13-19+0800__CAM_FRONT_RIGHT__1532402003770339.jpg", "samples/CAM_BACK_LEFT/n015-2018-07-24-11-13-19+0800__CAM_BACK_LEFT__1532402003797423.jpg", "samples/CAM_BACK/n015-2018-07-24-11-13-19+0800__CAM_BACK__1532402003787525.jpg", "samples/CAM_BACK_RIGHT/n015-2018-07-24-11-13-19+0800__CAM_BACK_RIGHT__1532402003777893.jpg"], "intrinsics": [[[1272.5979470598488, 0.0, 826.6154927353808], [0.0, 1272.5979470598488, 479.75165386361925], [0.0, 0.0, 1.0]], [[1266.417203046554, 0.0, 816.2670197447984], [0.0, 1266.417203046554, 491.50706579294757], [0.0, 0.0, 1.0]], [[1260.8474446004698, 0.0, 807.968244525554], [0.0, 1260.8474446004698, 495.3344268742088], [0.0, 0.0, 1.0]], [[1256.7414812095406, 0.0, 792.1125740759628], [0.0, 1256.7414812095406, 492.7757465151356], [0.0, 0.0, 1.0]], [[809.2209905677063, 0.0, 829.2196003259838], [0.0, 809.2209905677063, 481.77842384512485], [0.0, 0.0, 1.0]], [[1259.5137405846733, 0.0, 807.2529053838625], [0.0, 1259.5137405846733, 501.19579884916527], [0.0, 0.0, 1.0]]], "extrinsics": [[[0.8208699226379395, -0.5711046457290649, 0.0034560123458504677, -0.923736572265625], [0.002029070630669594, -0.003134950529783964, -0.9999930262565613, 1.508349895477295], [0.5711114406585693, 0.8208712935447693, -0.0014145751483738422, -1.25140380859375], [0.0, 0.0, 0.0, 1.0]], [[0.005840874742716551, -0.9999574422836304, 0.007134890649467707, 0.0052490234375], [-0.003239062149077654, -0.0071538942866027355, -0.9999691843986511, 1.5203986167907715], [0.9999776482582092, 0.005817592144012451, -0.00328070973046124, -1.6508026123046875], [0.0, 0.0, 0.0, 1.0]], [[-0.8328368067741394, -0.553466260433197, -0.007610272616147995, 1.0052490234375], [0.0024235942400991917, 0.010102519765496254, -0.9999459981918335, 1.50372314453125], [0.5535132884979248, -0.8328102827072144, -0.007072371896356344, -1.23077392578125], [0.0, 0.0, 0.0, 1.0]], [[0.9477456212043762, 0.31899747252464294, 0.004324732348322868, -1.140533447265625], [0.011329540982842445, -0.020106565207242966, -0.9997336268424988, 1.5885753631591797], [-0.31882554292678833, 0.9475422501564026, -0.02267000637948513, -0.104248046875], [0.0, 0.0, 0.0, 1.0]], [[0.0023845569230616093, 0.9999455213546753, -0.010159799829125404, 0.00274658203125], [-0.014191391877830029, -0.010124966502189636, -0.9998480677604675, 1.5791759490966797], [-0.9998964667320251, 0.002528374781832099, 0.014166475273668766, -0.0109100341796875], [0.0, 0.0, 0.0, 1.0]], [[-0.934777557849884, 0.35490190982818604, -0.015343938954174519, 1.1140289306640625], [0.018364550545811653, 0.005144019611179829, -0.9998180866241455, 1.5518860816955566], [-0.35475844144821167, -0.9348893761634827, -0.011326129548251629, -0.0721435546875], [0.0, 0.0, 0.0, 1.0]]], "view": [[0.0, -2.0, 100.0], [-2.0, 0.0, 100.0], [0.0, 0.0, 1.0]], "bev": "bev_36d2a0cab7c14a829342a9129ae73cf2.png", "aux": "aux_36d2a0cab7c14a829342a9129ae73cf2.npz", "visibility": "visibility_36d2a0cab7c14a829342a9129ae73cf2.png", "pose": [[0.9957950711250305, 0.09160856157541275, 0.0, 211.8484649658203], [-0.09160856157541275, 0.9957950711250305, 0.0, 921.1312866210938], [0.0, 0.0, 1.0, 0.0], [0.0, 0.0, 0.0, 1.0]], "pose_inverse": [[0.9957950711250305, -0.09160856157541275, 0.0, -126.57415008544922], [0.09160856157541275, 0.9957950711250305, 0.0, -936.6651611328125], [0.0, 0.0, 1.0, 0.0], [0.0, 0.0, 0.0, 1.0]], "cam_ids": [0, 1, 2, 3, 4, 5], "cam_channels": ["CAM_FRONT_LEFT", "CAM_FRONT", "CAM_FRONT_RIGHT", "CAM_BACK_LEFT", "CAM_BACK", "CAM_BACK_RIGHT"], "token": "36d2a0cab7c14a829342a9129ae73cf2", "scene": "scene-0045"}, {"images": ["samples/CAM_FRONT_LEFT/n015-2018-07-24-11-13-19+0800__CAM_FRONT_LEFT__1532402004254844.jpg", "samples/CAM_FRONT/n015-2018-07-24-11-13-19+0800__CAM_FRONT__1532402004262460.jpg", "samples/CAM_FRONT_RIGHT/n015-2018-07-24-11-13-19+0800__CAM_FRONT_RIGHT__1532402004270339.jpg", "samples/CAM_BACK_LEFT/n015-2018-07-24-11-13-19+0800__CAM_BACK_LEFT__1532402004297423.jpg", "samples/CAM_BACK/n015-2018-07-24-11-13-19+0800__CAM_BACK__1532402004287525.jpg", "samples/CAM_BACK_RIGHT/n015-2018-07-24-11-13-19+0800__CAM_BACK_RIGHT__1532402004277893.jpg"], "intrinsics": [[[1272.5979470598488, 0.0, 826.6154927353808], [0.0, 1272.5979470598488, 479.75165386361925], [0.0, 0.0, 1.0]], [[1266.417203046554, 0.0, 816.2670197447984], [0.0, 1266.417203046554, 491.50706579294757], [0.0, 0.0, 1.0]], [[1260.8474446004698, 0.0, 807.968244525554], [0.0, 1260.8474446004698, 495.3344268742088], [0.0, 0.0, 1.0]], [[1256.7414812095406, 0.0, 792.1125740759628], [0.0, 1256.7414812095406, 492.7757465151356], [0.0, 0.0, 1.0]], [[809.2209905677063, 0.0, 829.2196003259838], [0.0, 809.2209905677063, 481.77842384512485], [0.0, 0.0, 1.0]], [[1259.5137405846733, 0.0, 807.2529053838625], [0.0, 1259.5137405846733, 501.19579884916527], [0.0, 0.0, 1.0]]], "extrinsics": [[[0.820913553237915, -0.5709961652755737, 0.008019445464015007, -0.901397705078125], [0.007565803360193968, -0.003166929818689823, -0.9999663233757019, 1.508833646774292], [0.5710023641586304, 0.8209466338157654, 0.0017202693270519376, -1.2362060546875], [0.0, 0.0, 0.0, 1.0]], [[0.005924540106207132, -0.9999561905860901, 0.007247851230204105, 0.00555419921875], [0.0022777148988097906, -0.007234465330839157, -0.9999712109565735, 1.5206809043884277], [0.9999798536300659, 0.005940874572843313, 0.002234754851087928, -1.628204345703125], [0.0, 0.0, 0.0, 1.0]], [[-0.8327246904373169, -0.5535547733306885, -0.012107549235224724, 0.990478515625], [0.007907970808446407, 0.009974452666938305, -0.9999189376831055, 1.504042625427246], [0.5536306500434875, -0.83275306224823, -0.003928475081920624, -1.22088623046875], [0.0, 0.0, 0.0, 1.0]], [[0.9476950764656067, 0.31904321908950806, 0.00924675539135933, -1.141510009765625], [0.016625383868813515, -0.020411793142557144, -0.9996533989906311, 1.5885696411132812], [-0.31874388456344604, 0.94752037525177, -0.02464837208390236, -0.10400390625], [0.0, 0.0, 0.0, 1.0]], [[0.002374152420088649, 0.99994295835495, -0.010415874421596527, 0.00274658203125], [-0.008806669153273106, -0.010394592769443989, -0.9999071955680847, 1.579188346862793], [-0.9999583959579468, 0.002465660683810711, 0.008781487122178078, -0.0175323486328125], [0.0, 0.0, 0.0, 1.0]], [[-0.9347109198570251, 0.35481736063957214, -0.020496999844908714, 1.101654052734375], [0.0238040741533041, 0.004957439377903938, -0.9997043609619141, 1.5523276329040527], [-0.3546108603477478, -0.9349225163459778, -0.013079872354865074, -0.07672119140625], [0.0, 0.0, 0.0, 1.0]]], "view": [[0.0, -2.0, 100.0], [-2.0, 0.0, 100.0], [0.0, 0.0, 1.0]], "bev": "bev_c43f484292584b2d8837d673c30a075e.png", "aux": "aux_c43f484292584b2d8837d673c30a075e.npz", "visibility": "visibility_c43f484292584b2d8837d673c30a075e.png", "pose": [[0.9955745935440063, 0.09397460520267487, 0.0, 212.55718994140625], [-0.09397460520267487, 0.9955745935440063, 0.0, 921.0635986328125], [0.0, 0.0, 1.0, 0.0], [0.0, 0.0, 0.0, 1.0]], "pose_inverse": [[0.9955745935440063, -0.09397460520267487, 0.0, -125.05995178222656], [0.09397460520267487, 0.9955745935440063, 0.0, -936.9625244140625], [0.0, 0.0, 1.0, 0.0], [0.0, 0.0, 0.0, 1.0]], "cam_ids": [0, 1, 2, 3, 4, 5], "cam_channels": ["CAM_FRONT_LEFT", "CAM_FRONT", "CAM_FRONT_RIGHT", "CAM_BACK_LEFT", "CAM_BACK", "CAM_BACK_RIGHT"], "token": "c43f484292584b2d8837d673c30a075e", "scene": "scene-0045"}, {"images": ["samples/CAM_FRONT_LEFT/n015-2018-07-24-11-13-19+0800__CAM_FRONT_LEFT__1532402004754844.jpg", "samples/CAM_FRONT/n015-2018-07-24-11-13-19+0800__CAM_FRONT__1532402004762460.jpg", "samples/CAM_FRONT_RIGHT/n015-2018-07-24-11-13-19+0800__CAM_FRONT_RIGHT__1532402004770339.jpg", "samples/CAM_BACK_LEFT/n015-2018-07-24-11-13-19+0800__CAM_BACK_LEFT__1532402004797423.jpg", "samples/CAM_BACK/n015-2018-07-24-11-13-19+0800__CAM_BACK__1532402004787525.jpg", "samples/CAM_BACK_RIGHT/n015-2018-07-24-11-13-19+0800__CAM_BACK_RIGHT__1532402004777893.jpg"], "intrinsics": [[[1272.5979470598488, 0.0, 826.6154927353808], [0.0, 1272.5979470598488, 479.75165386361925], [0.0, 0.0, 1.0]], [[1266.417203046554, 0.0, 816.2670197447984], [0.0, 1266.417203046554, 491.50706579294757], [0.0, 0.0, 1.0]], [[1260.8474446004698, 0.0, 807.968244525554], [0.0, 1260.8474446004698, 495.3344268742088], [0.0, 0.0, 1.0]], [[1256.7414812095406, 0.0, 792.1125740759628], [0.0, 1256.7414812095406, 492.7757465151356], [0.0, 0.0, 1.0]], [[809.2209905677063, 0.0, 829.2196003259838], [0.0, 809.2209905677063, 481.77842384512485], [0.0, 0.0, 1.0]], [[1259.5137405846733, 0.0, 807.2529053838625], [0.0, 1259.5137405846733, 501.19579884916527], [0.0, 0.0, 1.0]]], "extrinsics": [[[0.8209397196769714, -0.5709465742111206, 0.008831046521663666, -0.85467529296875], [0.006792314816266298, -0.005700390320271254, -0.999960720539093, 1.5091609954833984], [0.5709743499755859, 0.820967435836792, -0.0008016283391043544, -1.20330810546875], [0.0, 0.0, 0.0, 1.0]], [[0.005944142583757639, -0.9999350905418396, 0.009709775447845459, 0.00567626953125], [0.0014812941662967205, -0.009701131843030453, -0.9999518394470215, 1.5206975936889648], [0.9999812841415405, 0.005958242807537317, 0.0014235329581424594, -1.5809326171875], [0.0, 0.0, 0.0, 1.0]], [[-0.832729697227478, -0.5535872578620911, -0.010112090967595577, 0.9595947265625], [0.007089381106197834, 0.007601343560963869, -0.9999459385871887, 1.5042634010314941], [0.5536342263221741, -0.8327564597129822, -0.002405273262411356, -1.200439453125], [0.0, 0.0, 0.0, 1.0]], [[0.9477018713951111, 0.31906354427337646, 0.007712096907198429, -1.14080810546875], [0.01570459082722664, -0.022484783083200455, -0.9996238350868225, 1.5885791778564453], [-0.3187701106071472, 0.9474665522575378, -0.026319636031985283, -0.104248046875], [0.0, 0.0, 0.0, 1.0]], [[0.002363660605624318, 0.9999181032180786, -0.012577487155795097, 0.0028076171875], [-0.009677886962890625, -0.012554059736430645, -0.9998743534088135, 1.5790319442749023], [-0.9999504089355469, 0.002485073171555996, 0.009647419676184654, -0.0317840576171875], [0.0, 0.0, 0.0, 1.0]], [[-0.9347291588783264, 0.35476797819137573, -0.020521489903330803, 1.0764007568359375], [0.022964436560869217, 0.002676461823284626, -0.9997326731681824, 1.5529208183288574], [-0.35461825132369995, -0.934950590133667, -0.010648814961314201, -0.08642578125], [0.0, 0.0, 0.0, 1.0]]], "view": [[0.0, -2.0, 100.0], [-2.0, 0.0, 100.0], [0.0, 0.0, 1.0]], "bev": "bev_995f6a2b2c5f4b2b92c999a2edd00032.png", "aux": "aux_995f6a2b2c5f4b2b92c999a2edd00032.npz", "visibility": "visibility_995f6a2b2c5f4b2b92c999a2edd00032.png", "pose": [[0.9951475858688354, 0.09839343279600143, 0.0, 213.79331970214844], [-0.09839343279600143, 0.9951475858688354, 0.0, 920.9429931640625], [0.0, 0.0, 1.0, 0.0], [0.0, 0.0, 0.0, 1.0]], "pose_inverse": [[0.9951475858688354, -0.09839343279600143, 0.0, -122.14116668701172], [0.09839343279600143, 0.9951475858688354, 0.0, -937.5100708007812], [0.0, 0.0, 1.0, 0.0], [0.0, 0.0, 0.0, 1.0]], "cam_ids": [0, 1, 2, 3, 4, 5], "cam_channels": ["CAM_FRONT_LEFT", "CAM_FRONT", "CAM_FRONT_RIGHT", "CAM_BACK_LEFT", "CAM_BACK", "CAM_BACK_RIGHT"], "token": "995f6a2b2c5f4b2b92c999a2edd00032", "scene": "scene-0045"}, {"images": ["samples/CAM_FRONT_LEFT/n015-2018-07-24-11-13-19+0800__CAM_FRONT_LEFT__1532402005254844.jpg", "samples/CAM_FRONT/n015-2018-07-24-11-13-19+0800__CAM_FRONT__1532402005262460.jpg", "samples/CAM_FRONT_RIGHT/n015-2018-07-24-11-13-19+0800__CAM_FRONT_RIGHT__1532402005270339.jpg", "samples/CAM_BACK_LEFT/n015-2018-07-24-11-13-19+0800__CAM_BACK_LEFT__1532402005297423.jpg", "samples/CAM_BACK/n015-2018-07-24-11-13-19+0800__CAM_BACK__1532402005287525.jpg", "samples/CAM_BACK_RIGHT/n015-2018-07-24-11-13-19+0800__CAM_BACK_RIGHT__1532402005277893.jpg"], "intrinsics": [[[1272.5979470598488, 0.0, 826.6154927353808], [0.0, 1272.5979470598488, 479.75165386361925], [0.0, 0.0, 1.0]], [[1266.417203046554, 0.0, 816.2670197447984], [0.0, 1266.417203046554, 491.50706579294757], [0.0, 0.0, 1.0]], [[1260.8474446004698, 0.0, 807.968244525554], [0.0, 1260.8474446004698, 495.3344268742088], [0.0, 0.0, 1.0]], [[1256.7414812095406, 0.0, 792.1125740759628], [0.0, 1256.7414812095406, 492.7757465151356], [0.0, 0.0, 1.0]], [[809.2209905677063, 0.0, 829.2196003259838], [0.0, 809.2209905677063, 481.77842384512485], [0.0, 0.0, 1.0]], [[1259.5137405846733, 0.0, 807.2529053838625], [0.0, 1259.5137405846733, 501.19579884916527], [0.0, 0.0, 1.0]]], "extrinsics": [[[0.8206422328948975, -0.5714341402053833, 0.0030924745369702578, -0.816619873046875], [0.00048335918108932674, -0.004717560019344091, -0.9999887347221375, 1.5083403587341309], [0.5714422464370728, 0.8206344246864319, -0.0035952208563685417, -1.17822265625], [0.0, 0.0, 0.0, 1.0]], [[0.005512834060937166, -0.9999457001686096, 0.008845091797411442, 0.0067138671875], [-0.004858074244111776, -0.008871903643012047, -0.9999488592147827, 1.5198183059692383], [0.9999729990959167, 0.005469577852636576, -0.004906720016151667, -1.543487548828125], [0.0, 0.0, 0.0, 1.0]], [[-0.8329970836639404, -0.5532531142234802, -0.0051802294328808784, 0.93572998046875], [0.0007407229277305305, 0.008247637189924717, -0.9999657273292542, 1.50372314453125], [0.5532768368721008, -0.8329723477363586, -0.00646045058965683, -1.1837158203125], [0.0, 0.0, 0.0, 1.0]], [[0.9477196931838989, 0.31909874081611633, 0.0018113451078534126, -1.138031005859375], [0.009442232549190521, -0.02236856147646904, -0.9997051954269409, 1.588602066040039], [-0.3189641535282135, 0.9474574327468872, -0.024212131276726723, -0.1053466796875], [0.0, 0.0, 0.0, 1.0]], [[0.002440796932205558, 0.999921441078186, -0.012300738133490086, 0.002685546875], [-0.01601407118141651, -0.012260112911462784, -0.9997966289520264, 1.5786323547363281], [-0.9998687505722046, 0.002637292491272092, 0.015982886776328087, -0.043670654296875], [0.0, 0.0, 0.0, 1.0]], [[-0.9347317814826965, 0.35506147146224976, -0.014415524899959564, 1.0562591552734375], [0.016623996198177338, 0.0031699207611382008, -0.9998567700386047, 1.5528655052185059], [-0.354964941740036, -0.9348376393318176, -0.008865567855536938, -0.093505859375], [0.0, 0.0, 0.0, 1.0]]], "view": [[0.0, -2.0, 100.0], [-2.0, 0.0, 100.0], [0.0, 0.0, 1.0]], "bev": "bev_16b9470fc196483ea76a2a02b0144c05.png", "aux": "aux_16b9470fc196483ea76a2a02b0144c05.npz", "visibility": "visibility_16b9470fc196483ea76a2a02b0144c05.png", "pose": [[0.9953551292419434, 0.09627151489257812, 0.0, 215.65719604492188], [-0.09627151489257812, 0.9953551292419434, 0.0, 920.759033203125], [0.0, 0.0, 1.0, 0.0], [0.0, 0.0, 0.0, 1.0]], "pose_inverse": [[0.9953551292419434, -0.09627151489257812, 0.0, -126.01262664794922], [0.09627151489257812, 0.9953551292419434, 0.0, -937.2438354492188], [0.0, 0.0, 1.0, 0.0], [0.0, 0.0, 0.0, 1.0]], "cam_ids": [0, 1, 2, 3, 4, 5], "cam_channels": ["CAM_FRONT_LEFT", "CAM_FRONT", "CAM_FRONT_RIGHT", "CAM_BACK_LEFT", "CAM_BACK", "CAM_BACK_RIGHT"], "token": "16b9470fc196483ea76a2a02b0144c05", "scene": "scene-0045"}, {"images": ["samples/CAM_FRONT_LEFT/n015-2018-07-24-11-13-19+0800__CAM_FRONT_LEFT__1532402005754844.jpg", "samples/CAM_FRONT/n015-2018-07-24-11-13-19+0800__CAM_FRONT__1532402005762460.jpg", "samples/CAM_FRONT_RIGHT/n015-2018-07-24-11-13-19+0800__CAM_FRONT_RIGHT__1532402005770339.jpg", "samples/CAM_BACK_LEFT/n015-2018-07-24-11-13-19+0800__CAM_BACK_LEFT__1532402005797423.jpg", "samples/CAM_BACK/n015-2018-07-24-11-13-19+0800__CAM_BACK__1532402005787525.jpg", "samples/CAM_BACK_RIGHT/n015-2018-07-24-11-13-19+0800__CAM_BACK_RIGHT__1532402005777893.jpg"], "intrinsics": [[[1272.5979470598488, 0.0, 826.6154927353808], [0.0, 1272.5979470598488, 479.75165386361925], [0.0, 0.0, 1.0]], [[1266.417203046554, 0.0, 816.2670197447984], [0.0, 1266.417203046554, 491.50706579294757], [0.0, 0.0, 1.0]], [[1260.8474446004698, 0.0, 807.968244525554], [0.0, 1260.8474446004698, 495.3344268742088], [0.0, 0.0, 1.0]], [[1256.7414812095406, 0.0, 792.1125740759628], [0.0, 1256.7414812095406, 492.7757465151356], [0.0, 0.0, 1.0]], [[809.2209905677063, 0.0, 829.2196003259838], [0.0, 809.2209905677063, 481.77842384512485], [0.0, 0.0, 1.0]], [[1259.5137405846733, 0.0, 807.2529053838625], [0.0, 1259.5137405846733, 501.19579884916527], [0.0, 0.0, 1.0]]], "extrinsics": [[[0.8204949498176575, -0.5715997219085693, 0.007863759063184261, -0.791229248046875], [0.0016818607691675425, -0.011342349462211132, -0.9999342560768127, 1.5086069107055664], [0.5716513991355896, 0.8204542398452759, -0.008344988338649273, -1.1595458984375], [0.0, 0.0, 0.0, 1.0]], [[0.00530391838401556, -0.9998676776885986, 0.015377551317214966, 0.00628662109375], [-0.0036790487356483936, -0.015397176146507263, -0.9998747110366821, 1.5198936462402344], [0.9999791979789734, 0.005246681161224842, -0.003760226536542177, -1.517547607421875], [0.0, 0.0, 0.0, 1.0]], [[-0.833076000213623, -0.5531525611877441, -0.0025832417886704206, 0.91864013671875], [0.0018855644157156348, 0.0018302638782188296, -0.9999964833259583, 1.5039010047912598], [0.5531553626060486, -0.8330779671669006, -0.0004817429289687425, -1.17303466796875], [0.0, 0.0, 0.0, 1.0]], [[0.9477606415748596, 0.3189813494682312, 0.0007985392003320158, -1.137603759765625], [0.010384581051766872, -0.028352510184049606, -0.9995440244674683, 1.5886077880859375], [-0.318813294172287, 0.9473368525505066, -0.030183881521224976, -0.10528564453125], [0.0, 0.0, 0.0, 1.0]], [[0.0025526611134409904, 0.9998264908790588, -0.018455563113093376, 0.0029296875], [-0.014966867864131927, -0.018415356054902077, -0.999718427658081, 1.5785636901855469], [-0.9998847842216492, 0.002828159835189581, 0.014917261898517609, -0.05120849609375], [0.0, 0.0, 0.0, 1.0]], [[-0.9346755146980286, 0.3550616502761841, -0.017690487205982208, 1.0427703857421875], [0.01772824116051197, -0.0031472493428736925, -0.9998379349708557, 1.5532222986221313], [-0.35505977272987366, -0.9348376393318176, -0.0033529626671224833, -0.09906005859375], [0.0, 0.0, 0.0, 1.0]]], "view": [[0.0, -2.0, 100.0], [-2.0, 0.0, 100.0], [0.0, 0.0, 1.0]], "bev": "bev_680c3298b4f746fa921261a21c929fa2.png", "aux": "aux_680c3298b4f746fa921261a21c929fa2.npz", "visibility": "visibility_680c3298b4f746fa921261a21c929fa2.png", "pose": [[0.9958845376968384, 0.09063127636909485, 0.0, 217.94346618652344], [-0.09063127636909485, 0.9958845376968384, 0.0, 920.5411987304688], [0.0, 0.0, 1.0, 0.0], [0.0, 0.0, 0.0, 1.0]], "pose_inverse": [[0.9958845376968384, -0.09063127636909485, 0.0, -133.61669921875], [0.09063127636909485, 0.9958845376968384, 0.0, -936.5052490234375], [0.0, 0.0, 1.0, 0.0], [0.0, 0.0, 0.0, 1.0]], "cam_ids": [0, 1, 2, 3, 4, 5], "cam_channels": ["CAM_FRONT_LEFT", "CAM_FRONT", "CAM_FRONT_RIGHT", "CAM_BACK_LEFT", "CAM_BACK", "CAM_BACK_RIGHT"], "token": "680c3298b4f746fa921261a21c929fa2", "scene": "scene-0045"}, {"images": ["samples/CAM_FRONT_LEFT/n015-2018-07-24-11-13-19+0800__CAM_FRONT_LEFT__1532402006254844.jpg", "samples/CAM_FRONT/n015-2018-07-24-11-13-19+0800__CAM_FRONT__1532402006262460.jpg", "samples/CAM_FRONT_RIGHT/n015-2018-07-24-11-13-19+0800__CAM_FRONT_RIGHT__1532402006270933.jpg", "samples/CAM_BACK_LEFT/n015-2018-07-24-11-13-19+0800__CAM_BACK_LEFT__1532402006297423.jpg", "samples/CAM_BACK/n015-2018-07-24-11-13-19+0800__CAM_BACK__1532402006287525.jpg", "samples/CAM_BACK_RIGHT/n015-2018-07-24-11-13-19+0800__CAM_BACK_RIGHT__1532402006277893.jpg"], "intrinsics": [[[1272.5979470598488, 0.0, 826.6154927353808], [0.0, 1272.5979470598488, 479.75165386361925], [0.0, 0.0, 1.0]], [[1266.417203046554, 0.0, 816.2670197447984], [0.0, 1266.417203046554, 491.50706579294757], [0.0, 0.0, 1.0]], [[1260.8474446004698, 0.0, 807.968244525554], [0.0, 1260.8474446004698, 495.3344268742088], [0.0, 0.0, 1.0]], [[1256.7414812095406, 0.0, 792.1125740759628], [0.0, 1256.7414812095406, 492.7757465151356], [0.0, 0.0, 1.0]], [[809.2209905677063, 0.0, 829.2196003259838], [0.0, 809.2209905677063, 481.77842384512485], [0.0, 0.0, 1.0]], [[1259.5137405846733, 0.0, 807.2529053838625], [0.0, 1259.5137405846733, 501.19579884916527], [0.0, 0.0, 1.0]]], "extrinsics": [[[0.8205965757369995, -0.5714163780212402, 0.010230926796793938, -0.7403564453125], [-9.38388257054612e-05, -0.01803635247051716, -0.999837338924408, 1.5082073211669922], [0.5715079307556152, 0.8204620480537415, -0.01485418900847435, -1.1229248046875], [0.0, 0.0, 0.0, 1.0]], [[0.0054428838193416595, -0.9997391700744629, 0.02217942103743553, 0.0057373046875], [-0.005419229622930288, -0.022208914160728455, -0.9997386932373047, 1.5192947387695312], [0.9999704360961914, 0.005321260541677475, -0.005538696888834238, -1.4663238525390625], [0.0, 0.0, 0.0, 1.0]], [[-0.8330329060554504, -0.5532170534133911, 0.002679481403902173, 0.88818359375], [0.00018023551092483103, -0.005114788189530373, -0.9999868869781494, 1.503674030303955], [0.5532235503196716, -0.8330214619636536, 0.004360498394817114, -1.15350341796875], [0.0, 0.0, 0.0, 1.0]], [[0.9477434754371643, 0.3190186619758606, -0.0030748581048101187, -1.13433837890625], [0.008768180385231972, -0.03568056970834732, -0.9993247389793396, 1.5886001586914062], [-0.31891295313835144, 0.9470766186714172, -0.03661324083805084, -0.1055908203125], [0.0, 0.0, 0.0, 1.0]], [[0.0024844969157129526, 0.9996681213378906, -0.025641879066824913, 0.00335693359375], [-0.01662147231400013, -0.025597132742404938, -0.9995341897010803, 1.5782032012939453], [-0.9998588562011719, 0.0029095434583723545, 0.016552358865737915, -0.067047119140625], [0.0, 0.0, 0.0, 1.0]], [[-0.9347216486930847, 0.3548930287361145, -0.01861405372619629, 1.0158538818359375], [0.0160417128354311, -0.010189434513449669, -0.9998193979263306, 1.553514003753662], [-0.35501864552497864, -0.9348514080047607, 0.0038311928510665894, -0.1097412109375], [0.0, 0.0, 0.0, 1.0]]], "view": [[0.0, -2.0, 100.0], [-2.0, 0.0, 100.0], [0.0, 0.0, 1.0]], "bev": "bev_b529d120a9644b77ae4219636563c20d.png", "aux": "aux_b529d120a9644b77ae4219636563c20d.npz", "visibility": "visibility_b529d120a9644b77ae4219636563c20d.png", "pose": [[0.9962035417556763, 0.08705491572618484, 0.0, 220.7572479248047], [-0.08705491572618484, 0.9962035417556763, 0.0, 920.2910766601562], [0.0, 0.0, 1.0, 0.0], [0.0, 0.0, 0.0, 1.0]], "pose_inverse": [[0.9962035417556763, -0.08705491572618484, 0.0, -139.80328369140625], [0.08705491572618484, 0.9962035417556763, 0.0, -936.0151977539062], [0.0, 0.0, 1.0, 0.0], [0.0, 0.0, 0.0, 1.0]], "cam_ids": [0, 1, 2, 3, 4, 5], "cam_channels": ["CAM_FRONT_LEFT", "CAM_FRONT", "CAM_FRONT_RIGHT", "CAM_BACK_LEFT", "CAM_BACK", "CAM_BACK_RIGHT"], "token": "b529d120a9644b77ae4219636563c20d", "scene": "scene-0045"}, {"images": ["samples/CAM_FRONT_LEFT/n015-2018-07-24-11-13-19+0800__CAM_FRONT_LEFT__1532402006754844.jpg", "samples/CAM_FRONT/n015-2018-07-24-11-13-19+0800__CAM_FRONT__1532402006762460.jpg", "samples/CAM_FRONT_RIGHT/n015-2018-07-24-11-13-19+0800__CAM_FRONT_RIGHT__1532402006770339.jpg", "samples/CAM_BACK_LEFT/n015-2018-07-24-11-13-19+0800__CAM_BACK_LEFT__1532402006797423.jpg", "samples/CAM_BACK/n015-2018-07-24-11-13-19+0800__CAM_BACK__1532402006787525.jpg", "samples/CAM_BACK_RIGHT/n015-2018-07-24-11-13-19+0800__CAM_BACK_RIGHT__1532402006777893.jpg"], "intrinsics": [[[1272.5979470598488, 0.0, 826.6154927353808], [0.0, 1272.5979470598488, 479.75165386361925], [0.0, 0.0, 1.0]], [[1266.417203046554, 0.0, 816.2670197447984], [0.0, 1266.417203046554, 491.50706579294757], [0.0, 0.0, 1.0]], [[1260.8474446004698, 0.0, 807.968244525554], [0.0, 1260.8474446004698, 495.3344268742088], [0.0, 0.0, 1.0]], [[1256.7414812095406, 0.0, 792.1125740759628], [0.0, 1256.7414812095406, 492.7757465151356], [0.0, 0.0, 1.0]], [[809.2209905677063, 0.0, 829.2196003259838], [0.0, 809.2209905677063, 481.77842384512485], [0.0, 0.0, 1.0]], [[1259.5137405846733, 0.0, 807.2529053838625], [0.0, 1259.5137405846733, 501.19579884916527], [0.0, 0.0, 1.0]]], "extrinsics": [[[0.8204070925712585, -0.5715586543083191, 0.015904279425740242, -0.72918701171875], [0.0032798107713460922, -0.023110782727599144, -0.9997275471687317, 1.5092144012451172], [0.571770429611206, 0.8202357888221741, -0.017085645347833633, -1.11724853515625], [0.0, 0.0, 0.0, 1.0]], [[0.005177592393010855, -0.9996142983436584, 0.027286449447274208, 0.00714111328125], [-0.0019414033740758896, -0.02729681506752968, -0.9996255040168762, 1.5200996398925781], [0.9999847412109375, 0.005122685339301825, -0.0020819869823753834, -1.4565582275390625], [0.0, 0.0, 0.0, 1.0]], [[-0.8331093788146973, -0.5531026124954224, 0.002508791396394372, 0.880126953125], [0.0037869533989578485, -0.010239669121801853, -0.9999403953552246, 1.5043458938598633], [0.553095281124115, -0.8330503106117249, 0.010625339113175869, -1.14691162109375], [0.0, 0.0, 0.0, 1.0]], [[0.947821855545044, 0.31879910826683044, -0.0009538547601550817, -1.14166259765625], [0.012841504998505116, -0.04116832837462425, -0.9990696907043457, 1.5885658264160156], [-0.3185417950153351, 0.9469278454780579, -0.04311409965157509, -0.10400390625], [0.0, 0.0, 0.0, 1.0]], [[0.0026859883219003677, 0.9995156526565552, -0.031004121527075768, 0.00262451171875], [-0.012718058191239834, -0.030967583879828453, -0.9994394779205322, 1.5785064697265625], [-0.9999155402183533, 0.00307879108004272, 0.01262871827930212, -0.0658111572265625], [0.0, 0.0, 0.0, 1.0]], [[-0.9346205592155457, 0.3548373281955719, -0.02397657185792923, 1.0121307373046875], [0.019790399819612503, -0.015422592870891094, -0.9996851682662964, 1.5540828704833984], [-0.35509541630744934, -0.9348008632659912, 0.007391901221126318, -0.1102294921875], [0.0, 0.0, 0.0, 1.0]]], "view": [[0.0, -2.0, 100.0], [-2.0, 0.0, 100.0], [0.0, 0.0, 1.0]], "bev": "bev_2c73c6cba15844adac243045434eff88.png", "aux": "aux_2c73c6cba15844adac243045434eff88.npz", "visibility": "visibility_2c73c6cba15844adac243045434eff88.png", "pose": [[0.9964304566383362, 0.08441796898841858, 0.0, 223.97418212890625], [-0.08441796898841858, 0.9964304566383362, 0.0, 920.004150390625], [0.0, 0.0, 1.0, 0.0], [0.0, 0.0, 0.0, 1.0]], "pose_inverse": [[0.9964304566383362, -0.08441796898841858, 0.0, -145.5098114013672], [0.08441796898841858, 0.9964304566383362, 0.0, -935.6275634765625], [0.0, 0.0, 1.0, 0.0], [0.0, 0.0, 0.0, 1.0]], "cam_ids": [0, 1, 2, 3, 4, 5], "cam_channels": ["CAM_FRONT_LEFT", "CAM_FRONT", "CAM_FRONT_RIGHT", "CAM_BACK_LEFT", "CAM_BACK", "CAM_BACK_RIGHT"], "token": "2c73c6cba15844adac243045434eff88", "scene": "scene-0045"}, {"images": ["samples/CAM_FRONT_LEFT/n015-2018-07-24-11-13-19+0800__CAM_FRONT_LEFT__1532402007254844.jpg", "samples/CAM_FRONT/n015-2018-07-24-11-13-19+0800__CAM_FRONT__1532402007262460.jpg", "samples/CAM_FRONT_RIGHT/n015-2018-07-24-11-13-19+0800__CAM_FRONT_RIGHT__1532402007270339.jpg", "samples/CAM_BACK_LEFT/n015-2018-07-24-11-13-19+0800__CAM_BACK_LEFT__1532402007297423.jpg", "samples/CAM_BACK/n015-2018-07-24-11-13-19+0800__CAM_BACK__1532402007287525.jpg", "samples/CAM_BACK_RIGHT/n015-2018-07-24-11-13-19+0800__CAM_BACK_RIGHT__1532402007277893.jpg"], "intrinsics": [[[1272.5979470598488, 0.0, 826.6154927353808], [0.0, 1272.5979470598488, 479.75165386361925], [0.0, 0.0, 1.0]], [[1266.417203046554, 0.0, 816.2670197447984], [0.0, 1266.417203046554, 491.50706579294757], [0.0, 0.0, 1.0]], [[1260.8474446004698, 0.0, 807.968244525554], [0.0, 1260.8474446004698, 495.3344268742088], [0.0, 0.0, 1.0]], [[1256.7414812095406, 0.0, 792.1125740759628], [0.0, 1256.7414812095406, 492.7757465151356], [0.0, 0.0, 1.0]], [[809.2209905677063, 0.0, 829.2196003259838], [0.0, 809.2209905677063, 481.77842384512485], [0.0, 0.0, 1.0]], [[1259.5137405846733, 0.0, 807.2529053838625], [0.0, 1259.5137405846733, 501.19579884916527], [0.0, 0.0, 1.0]]], "extrinsics": [[[0.820645272731781, -0.5712563395500183, 0.014407476410269737, -0.7120361328125], [-0.003903812263160944, -0.030816582962870598, -0.9995174407958984, 1.5070838928222656], [0.5714246034622192, 0.8201929926872253, -0.027519559487700462, -1.10552978515625], [0.0, 0.0, 0.0, 1.0]], [[0.00552586792036891, -0.9993728399276733, 0.03497644141316414, 0.0074462890625], [-0.00940112303942442, -0.03502734750509262, -0.9993422031402588, 1.5181961059570312], [0.9999405145645142, 0.005193400662392378, -0.009588783606886864, -1.439910888671875], [0.0, 0.0, 0.0, 1.0]], [[-0.8330352306365967, -0.5530608892440796, 0.013265660963952541, 0.86956787109375], [-0.003988575655966997, -0.0179741308093071, -0.999830424785614, 1.5028762817382812], [0.5532055497169495, -0.8329468965530396, 0.012767157517373562, -1.13983154296875], [0.0, 0.0, 0.0, 1.0]], [[0.947800874710083, 0.3186386823654175, -0.01195970457047224, -1.13995361328125], [0.003812619484961033, -0.048829469829797745, -0.9987998604774475, 1.5885