[{"images": ["samples/CAM_FRONT_LEFT/n015-2018-09-25-11-10-38+0800__CAM_FRONT_LEFT__1537845412254844.jpg", "samples/CAM_FRONT/n015-2018-09-25-11-10-38+0800__CAM_FRONT__1537845412262460.jpg", "samples/CAM_FRONT_RIGHT/n015-2018-09-25-11-10-38+0800__CAM_FRONT_RIGHT__1537845412270339.jpg", "samples/CAM_BACK_LEFT/n015-2018-09-25-11-10-38+0800__CAM_BACK_LEFT__1537845412297423.jpg", "samples/CAM_BACK/n015-2018-09-25-11-10-38+0800__CAM_BACK__1537845412287525.jpg", "samples/CAM_BACK_RIGHT/n015-2018-09-25-11-10-38+0800__CAM_BACK_RIGHT__1537845412277893.jpg"], "intrinsics": [[[1272.5979470598488, 0.0, 826.6154927353808], [0.0, 1272.5979470598488, 479.75165386361925], [0.0, 0.0, 1.0]], [[1266.417203046554, 0.0, 816.2670197447984], [0.0, 1266.417203046554, 491.50706579294757], [0.0, 0.0, 1.0]], [[1260.8474446004698, 0.0, 807.968244525554], [0.0, 1260.8474446004698, 495.3344268742088], [0.0, 0.0, 1.0]], [[1256.7414812095406, 0.0, 792.1125740759628], [0.0, 1256.7414812095406, 492.7757465151356], [0.0, 0.0, 1.0]], [[809.2209905677063, 0.0, 829.2196003259838], [0.0, 809.2209905677063, 481.77842384512485], [0.0, 0.0, 1.0]], [[1259.5137405846733, 0.0, 807.2529053838625], [0.0, 1259.5137405846733, 501.19579884916527], [0.0, 0.0, 1.0]]], "extrinsics": [[[0.8201421499252319, -0.5708404779434204, 0.038834016770124435, -0.80548095703125], [0.006033541634678841, -0.059240274131298065, -0.9982255101203918, 1.5095075368881226], [0.5721279978752136, 0.8189211487770081, -0.045141253620386124, -1.17083740234375], [0.0, 0.0, 0.0, 1.0]], [[0.004869563039392233, -0.9980013966560364, 0.06300313025712967, 0.00713348388671875], [0.0008014050545170903, -0.06299996376037598, -0.9980132579803467, 1.5207428932189941], [0.9999878406524658, 0.004910421557724476, 0.0004930210416205227, -1.5328369140625], [0.0, 0.0, 0.0, 1.0]], [[-0.8331590890884399, -0.5526778697967529, 0.019828198477625847, 0.9290771484375], [0.006479579955339432, -0.04560643807053566, -0.9989384412765503, 1.5044970512390137], [0.552995502948761, -0.8321462273597717, 0.041578538715839386, -1.17913818359375], [0.0, 0.0, 0.0, 1.0]], [[0.9476030468940735, 0.31930166482925415, -0.009737780317664146, -1.1412353515625], [0.015155957080423832, -0.07538570463657379, -0.997039258480072, 1.588578224182129], [-0.3190903961658478, 0.944649875164032, -0.0762750431895256, -0.104095458984375], [0.0, 0.0, 0.0, 1.0]], [[0.0024291554000228643, 0.9978429079055786, -0.06560235470533371, 0.00252532958984375], [-0.010238729417324066, -0.0655742958188057, -0.9977951645851135, 1.578908920288086], [-0.9999446868896484, 0.00309546897187829, 0.010057351551949978, -0.0447998046875], [0.0, 0.0, 0.0, 1.0]], [[-0.9345769286155701, 0.35363689064979553, -0.03881893679499626, 1.0509033203125], [0.022385668009519577, -0.050443410873413086, -0.9984760284423828, 1.55352783203125], [-0.35505616664886475, -0.9340217113494873, 0.039226848632097244, -0.09521484375], [0.0, 0.0, 0.0, 1.0]]], "view": [[0.0, -2.0, 100.0], [-2.0, 0.0, 100.0], [0.0, 0.0, 1.0]], "bev": "bev_f679a22b77ff45188fb9bc4b73039c33.png", "aux": "aux_f679a22b77ff45188fb9bc4b73039c33.npz", "visibility": "visibility_f679a22b77ff45188fb9bc4b73039c33.png", "pose": [[-0.41188496351242065, 0.9112358689308167, 0.0, 391.6768493652344], [-0.9112358689308167, -0.41188496351242065, 0.0, 1138.2818603515625], [0.0, 0.0, 1.0, 0.0], [0.0, 0.0, 0.0, 1.0]], "pose_inverse": [[-0.41188496351242065, -0.9112358689308167, 0.0, 1198.569091796875], [0.9112358689308167, -0.41188496351242065, 0.0, 111.93119812011719], [0.0, 0.0, 1.0, 0.0], [0.0, 0.0, 0.0, 1.0]], "cam_ids": [0, 1, 2, 3, 4, 5], "cam_channels": ["CAM_FRONT_LEFT", "CAM_FRONT", "CAM_FRONT_RIGHT", "CAM_BACK_LEFT", "CAM_BACK", "CAM_BACK_RIGHT"], "token": "f679a22b77ff45188fb9bc4b73039c33", "scene": "scene-0983"}, {"images": ["samples/CAM_FRONT_LEFT/n015-2018-09-25-11-10-38+0800__CAM_FRONT_LEFT__1537845412754844.jpg", "samples/CAM_FRONT/n015-2018-09-25-11-10-38+0800__CAM_FRONT__1537845412762460.jpg", "samples/CAM_FRONT_RIGHT/n015-2018-09-25-11-10-38+0800__CAM_FRONT_RIGHT__1537845412770339.jpg", "samples/CAM_BACK_LEFT/n015-2018-09-25-11-10-38+0800__CAM_BACK_LEFT__1537845412797423.jpg", "samples/CAM_BACK/n015-2018-09-25-11-10-38+0800__CAM_BACK__1537845412787525.jpg", "samples/CAM_BACK_RIGHT/n015-2018-09-25-11-10-38+0800__CAM_BACK_RIGHT__1537845412777893.jpg"], "intrinsics": [[[1272.5979470598488, 0.0, 826.6154927353808], [0.0, 1272.5979470598488, 479.75165386361925], [0.0, 0.0, 1.0]], [[1266.417203046554, 0.0, 816.2670197447984], [0.0, 1266.417203046554, 491.50706579294757], [0.0, 0.0, 1.0]], [[1260.8474446004698, 0.0, 807.968244525554], [0.0, 1260.8474446004698, 495.3344268742088], [0.0, 0.0, 1.0]], [[1256.7414812095406, 0.0, 792.1125740759628], [0.0, 1256.7414812095406, 492.7757465151356], [0.0, 0.0, 1.0]], [[809.2209905677063, 0.0, 829.2196003259838], [0.0, 809.2209905677063, 481.77842384512485], [0.0, 0.0, 1.0]], [[1259.5137405846733, 0.0, 807.2529053838625], [0.0, 1259.5137405846733, 501.19579884916527], [0.0, 0.0, 1.0]]], "extrinsics": [[[0.8198874592781067, -0.5706817507743835, 0.04590223357081413, -0.79742431640625], [0.012727664783596992, -0.06198723614215851, -0.9979957342147827, 1.5109128952026367], [0.5723832845687866, 0.8188284039497375, -0.043559107929468155, -1.1646728515625], [0.0, 0.0, 0.0, 1.0]], [[0.004454592242836952, -0.9978112578392029, 0.06597551703453064, 0.00665283203125], [0.007710617501288652, -0.06593994051218033, -0.9977937936782837, 1.5218844413757324], [0.9999603033065796, 0.004953431431204081, 0.007400008849799633, -1.5245361328125], [0.0, 0.0, 0.0, 1.0]], [[-0.8332704305648804, -0.552646815776825, 0.01554863154888153, 0.923828125], [0.01364104077219963, -0.048666588962078094, -0.9987218976020813, 1.5054569244384766], [0.5526971817016602, -0.8319934010505676, 0.048091113567352295, -1.17596435546875], [0.0, 0.0, 0.0, 1.0]], [[0.9476390480995178, 0.31932759284973145, -0.003175361081957817, -1.138916015625], [0.02314687706530094, -0.07860132306814194, -0.9966373443603516, 1.5886478424072266], [-0.31850337982177734, 0.9443790316581726, -0.08187711238861084, -0.104888916015625], [0.0, 0.0, 0.0, 1.0]], [[0.0029107516165822744, 0.9976291060447693, -0.06875789165496826, 0.0026397705078125], [-0.002546793082728982, -0.06875056028366089, -0.9976305961608887, 1.5792536735534668], [-0.9999925494194031, 0.0030789177399128675, 0.0023406376130878925, -0.0479736328125], [0.0, 0.0, 0.0, 1.0]], [[-0.9342683553695679, 0.3534795343875885, -0.04684801027178764, 1.0474853515625], [0.029782047495245934, -0.05356888473033905, -0.9981199502944946, 1.554300308227539], [-0.3553246557712555, -0.933907151222229, 0.039520371705293655, -0.096893310546875], [0.0, 0.0, 0.0, 1.0]]], "view": [[0.0, -2.0, 100.0], [-2.0, 0.0, 100.0], [0.0, 0.0, 1.0]], "bev": "bev_59a3f5d9f2744889a4f4fb2f65530d97.png", "aux": "aux_59a3f5d9f2744889a4f4fb2f65530d97.npz", "visibility": "visibility_59a3f5d9f2744889a4f4fb2f65530d97.png", "pose": [[-0.39625078439712524, 0.9181423187255859, 0.0, 390.71905517578125], [-0.9181423187255859, -0.39625078439712524, 0.0, 1136.1405029296875], [0.0, 0.0, 1.0, 0.0], [0.0, 0.0, 0.0, 1.0]], "pose_inverse": [[-0.39625078439712524, -0.9181423187255859, 0.0, 1197.96142578125], [0.9181423187255859, -0.39625078439712524, 0.0, 91.46084594726562], [0.0, 0.0, 1.0, 0.0], [0.0, 0.0, 0.0, 1.0]], "cam_ids": [0, 1, 2, 3, 4, 5], "cam_channels": ["CAM_FRONT_LEFT", "CAM_FRONT", "CAM_FRONT_RIGHT", "CAM_BACK_LEFT", "CAM_BACK", "CAM_BACK_RIGHT"], "token": "59a3f5d9f2744889a4f4fb2f65530d97", "scene": "scene-0983"}, {"images": ["samples/CAM_FRONT_LEFT/n015-2018-09-25-11-10-38+0800__CAM_FRONT_LEFT__1537845413254844.jpg", "samples/CAM_FRONT/n015-2018-09-25-11-10-38+0800__CAM_FRONT__1537845413262460.jpg", "samples/CAM_FRONT_RIGHT/n015-2018-09-25-11-10-38+0800__CAM_FRONT_RIGHT__1537845413270339.jpg", "samples/CAM_BACK_LEFT/n015-2018-09-25-11-10-38+0800__CAM_BACK_LEFT__1537845413297423.jpg", "samples/CAM_BACK/n015-2018-09-25-11-10-38+0800__CAM_BACK__1537845413287525.jpg", "samples/CAM_BACK_RIGHT/n015-2018-09-25-11-10-38+0800__CAM_BACK_RIGHT__1537845413277893.jpg"], "intrinsics": [[[1272.5979470598488, 0.0, 826.6154927353808], [0.0, 1272.5979470598488, 479.75165386361925], [0.0, 0.0, 1.0]], [[1266.417203046554, 0.0, 816.2670197447984], [0.0, 1266.417203046554, 491.50706579294757], [0.0, 0.0, 1.0]], [[1260.8474446004698, 0.0, 807.968244525554], [0.0, 1260.8474446004698, 495.3344268742088], [0.0, 0.0, 1.0]], [[1256.7414812095406, 0.0, 792.1125740759628], [0.0, 1256.7414812095406, 492.7757465151356], [0.0, 0.0, 1.0]], [[809.2209905677063, 0.0, 829.2196003259838], [0.0, 809.2209905677063, 481.77842384512485], [0.0, 0.0, 1.0]], [[1259.5137405846733, 0.0, 807.2529053838625], [0.0, 1259.5137405846733, 501.19579884916527], [0.0, 0.0, 1.0]]], "extrinsics": [[[0.8197274208068848, -0.5710000395774841, 0.04478609189391136, -0.7928466796875], [0.014501462690532207, -0.057478249073028564, -0.9982414245605469, 1.5113239288330078], [0.5725700855255127, 0.8189354538917542, -0.038836169987916946, -1.16094970703125], [0.0, 0.0, 0.0, 1.0]], [[0.004251203034073114, -0.9981052875518799, 0.06138210743665695, 0.006313323974609375], [0.009172366000711918, -0.06134116277098656, -0.9980747103691101, 1.5221457481384277], [0.9999488592147827, 0.004806028679013252, 0.00889421533793211, -1.5201416015625], [0.0, 0.0, 0.0, 1.0]], [[-0.8333377242088318, -0.5526342391967773, 0.011980252340435982, 0.921142578125], [0.014790128916501999, -0.043957702815532684, -0.9989238977432251, 1.5056381225585938], [0.5525662302970886, -0.832263708114624, 0.044805146753787994, -1.174560546875], [0.0, 0.0, 0.0, 1.0]], [[0.9476674199104309, 0.31925636529922485, -0.0013271108036860824, -1.1414794921875], [0.023364420980215073, -0.07349848747253418, -0.9970216155052185, 1.588571548461914], [-0.3184030055999756, 0.9448139071464539, -0.07711136341094971, -0.10394287109375], [0.0, 0.0, 0.0, 1.0]], [[0.003026587888598442, 0.9979573488235474, -0.06381270289421082, 0.00286865234375], [-0.0020306610967963934, -0.06380672752857208, -0.9979602694511414, 1.5792632102966309], [-0.9999933242797852, 0.0031500118784606457, 0.0018333963816985488, -0.0477294921875], [0.0, 0.0, 0.0, 1.0]], [[-0.9342013001441956, 0.35377487540245056, -0.04594932869076729, 1.0460205078125], [0.030639229342341423, -0.04875945299863815, -0.9983404874801636, 1.5544166564941406], [-0.3554282784461975, -0.9340588450431824, 0.03471175208687782, -0.097686767578125], [0.0, 0.0, 0.0, 1.0]]], "view": [[0.0, -2.0, 100.0], [-2.0, 0.0, 100.0], [0.0, 0.0, 1.0]], "bev": "bev_60e3bedfbb7a47058e859c66cc81a58a.png", "aux": "aux_60e3bedfbb7a47058e859c66cc81a58a.npz", "visibility": "visibility_60e3bedfbb7a47058e859c66cc81a58a.png", "pose": [[-0.37858301401138306, 0.9255673289299011, 0.0, 389.80926513671875], [-0.9255673289299011, -0.37858301401138306, 0.0, 1133.9898681640625], [0.0, 0.0, 1.0, 0.0], [0.0, 0.0, 0.0, 1.0]], "pose_inverse": [[-0.37858301401138306, -0.9255673289299011, 0.0, 1197.1591796875], [0.9255673289299011, -0.37858301401138306, 0.0, 68.51458740234375], [0.0, 0.0, 1.0, 0.0], [0.0, 0.0, 0.0, 1.0]], "cam_ids": [0, 1, 2, 3, 4, 5], "cam_channels": ["CAM_FRONT_LEFT", "CAM_FRONT", "CAM_FRONT_RIGHT", "CAM_BACK_LEFT", "CAM_BACK", "CAM_BACK_RIGHT"], "token": "60e3bedfbb7a47058e859c66cc81a58a", "scene": "scene-0983"}, {"images": ["samples/CAM_FRONT_LEFT/n015-2018-09-25-11-10-38+0800__CAM_FRONT_LEFT__1537845413754844.jpg", "samples/CAM_FRONT/n015-2018-09-25-11-10-38+0800__CAM_FRONT__1537845413762460.jpg", "samples/CAM_FRONT_RIGHT/n015-2018-09-25-11-10-38+0800__CAM_FRONT_RIGHT__1537845413770339.jpg", "samples/CAM_BACK_LEFT/n015-2018-09-25-11-10-38+0800__CAM_BACK_LEFT__1537845413797423.jpg", "samples/CAM_BACK/n015-2018-09-25-11-10-38+0800__CAM_BACK__1537845413787525.jpg", "samples/CAM_BACK_RIGHT/n015-2018-09-25-11-10-38+0800__CAM_BACK_RIGHT__1537845413777893.jpg"], "intrinsics": [[[1272.5979470598488, 0.0, 826.6154927353808], [0.0, 1272.5979470598488, 479.75165386361925], [0.0, 0.0, 1.0]], [[1266.417203046554, 0.0, 816.2670197447984], [0.0, 1266.417203046554, 491.50706579294757], [0.0, 0.0, 1.0]], [[1260.8474446004698, 0.0, 807.968244525554], [0.0, 1260.8474446004698, 495.3344268742088], [0.0, 0.0, 1.0]], [[1256.7414812095406, 0.0, 792.1125740759628], [0.0, 1256.7414812095406, 492.7757465151356], [0.0, 0.0, 1.0]], [[809.2209905677063, 0.0, 829.2196003259838], [0.0, 809.2209905677063, 481.77842384512485], [0.0, 0.0, 1.0]], [[1259.5137405846733, 0.0, 807.2529053838625], [0.0, 1259.5137405846733, 501.19579884916527], [0.0, 0.0, 1.0]]], "extrinsics": [[[0.8203544616699219, -0.5703458189964294, 0.041522324085235596, -0.78021240234375], [0.014114481396973133, -0.05239325389266014, -0.9985267519950867, 1.511495590209961], [0.5716810822486877, 0.8197320103645325, -0.03493091091513634, -1.153564453125], [0.0, 0.0, 0.0, 1.0]], [[0.005193442106246948, -0.9984117746353149, 0.05609656125307083, 0.00740814208984375], [0.008709901943802834, -0.05605003237724304, -0.9983899593353271, 1.5222115516662598], [0.9999485015869141, 0.005673678126186132, 0.008404974825680256, -1.50830078125], [0.0, 0.0, 0.0, 1.0]], [[-0.8329046368598938, -0.5533369779586792, 0.009385140612721443, 0.9144287109375], [0.01423130463808775, -0.03836829215288162, -0.9991622567176819, 1.5057125091552734], [0.5532335638999939, -0.8320733308792114, 0.03983183950185776, -1.1690673828125], [0.0, 0.0, 0.0, 1.0]], [[0.947668731212616, 0.31925517320632935, 7.21978722140193e-05, -1.1422119140625], [0.022575831040740013, -0.06678792834281921, -0.9975117444992065, 1.5885562896728516], [-0.3184559643268585, 0.9453123807907104, -0.07050028443336487, -0.103668212890625], [0.0, 0.0, 0.0, 1.0]], [[0.0026549757458269596, 0.9983407258987427, -0.057522982358932495, 0.002471923828125], [-0.002747132210060954, -0.05751568451523781, -0.9983408451080322, 1.5792417526245117], [-0.9999927282333374, 0.002808542223647237, 0.002589872572571039, -0.050048828125], [0.0, 0.0, 0.0, 1.0]], [[-0.9344558119773865, 0.3534431457519531, -0.04324736446142197, 1.0401611328125], [0.030008861795067787, -0.042853254824876785, -0.9986306428909302, 1.5545616149902344], [-0.3548124134540558, -0.934473991394043, 0.029438046738505363, -0.099151611328125], [0.0, 0.0, 0.0, 1.0]]], "view": [[0.0, -2.0, 100.0], [-2.0, 0.0, 100.0], [0.0, 0.0, 1.0]], "bev": "bev_689ecd604cb941b6864fccd5cc42c68b.png", "aux": "aux_689ecd604cb941b6864fccd5cc42c68b.npz", "visibility": "visibility_689ecd604cb941b6864fccd5cc42c68b.png", "pose": [[-0.37028253078460693, 0.9289191961288452, 0.0, 388.84149169921875], [-0.9289191961288452, -0.37028253078460693, 0.0, 1131.610595703125], [0.0, 0.0, 1.0, 0.0], [0.0, 0.0, 0.0, 1.0]], "pose_inverse": [[-0.37028253078460693, -0.9289191961288452, 0.0, 1195.156005859375], [0.9289191961288452, -0.37028253078460693, 0.0, 57.813297271728516], [0.0, 0.0, 1.0, 0.0], [0.0, 0.0, 0.0, 1.0]], "cam_ids": [0, 1, 2, 3, 4, 5], "cam_channels": ["CAM_FRONT_LEFT", "CAM_FRONT", "CAM_FRONT_RIGHT", "CAM_BACK_LEFT", "CAM_BACK", "CAM_BACK_RIGHT"], "token": "689ecd604cb941b6864fccd5cc42c68b", "scene": "scene-0983"}, {"images": ["samples/CAM_FRONT_LEFT/n015-2018-09-25-11-10-38+0800__CAM_FRONT_LEFT__1537845414154844.jpg", "samples/CAM_FRONT/n015-2018-09-25-11-10-38+0800__CAM_FRONT__1537845414162460.jpg", "samples/CAM_FRONT_RIGHT/n015-2018-09-25-11-10-38+0800__CAM_FRONT_RIGHT__1537845414170339.jpg", "samples/CAM_BACK_LEFT/n015-2018-09-25-11-10-38+0800__CAM_BACK_LEFT__1537845414197423.jpg", "samples/CAM_BACK/n015-2018-09-25-11-10-38+0800__CAM_BACK__1537845414187525.jpg", "samples/CAM_BACK_RIGHT/n015-2018-09-25-11-10-38+0800__CAM_BACK_RIGHT__1537845414177893.jpg"], "intrinsics": [[[1272.5979470598488, 0.0, 826.6154927353808], [0.0, 1272.5979470598488, 479.75165386361925], [0.0, 0.0, 1.0]], [[1266.417203046554, 0.0, 816.2670197447984], [0.0, 1266.417203046554, 491.50706579294757], [0.0, 0.0, 1.0]], [[1260.8474446004698, 0.0, 807.968244525554], [0.0, 1260.8474446004698, 495.3344268742088], [0.0, 0.0, 1.0]], [[1256.7414812095406, 0.0, 792.1125740759628], [0.0, 1256.7414812095406, 492.7757465151356], [0.0, 0.0, 1.0]], [[809.2209905677063, 0.0, 829.2196003259838], [0.0, 809.2209905677063, 481.77842384512485], [0.0, 0.0, 1.0]], [[1259.5137405846733, 0.0, 807.2529053838625], [0.0, 1259.5137405846733, 501.19579884916527], [0.0, 0.0, 1.0]]], "extrinsics": [[[0.8207947015762329, -0.570331871509552, 0.031898390501737595, -0.75030517578125], [0.011997077614068985, -0.03861814737319946, -0.9991820454597473, 1.5114145278930664], [0.5710972547531128, 0.8205059766769409, -0.02485525794327259, -1.13214111328125], [0.0, 0.0, 0.0, 1.0]], [[0.005771190393716097, -0.9990706443786621, 0.04271335154771805, 0.00710296630859375], [0.0063596307300031185, -0.04267652705311775, -0.9990687370300293, 1.5219464302062988], [0.9999630451202393, 0.006037372164428234, 0.00610742624849081, -1.4754638671875], [0.0, 0.0, 0.0, 1.0]], [[-0.8327323794364929, -0.5536586046218872, 0.004346398636698723, 0.89013671875], [0.011682616546750069, -0.02541852928698063, -0.99960857629776, 1.505661964416504], [0.5535523891448975, -0.8323556184768677, 0.027635015547275543, -1.15338134765625], [0.0, 0.0, 0.0, 1.0]], [[0.9476934671401978, 0.3191811740398407, 0.00069552002241835, -1.1278076171875], [0.01944574899971485, -0.0555618479847908, -0.9982658624649048, 1.5888557434082031], [-0.3185890316963196, 0.9460635781288147, -0.058862317353487015, -0.1085205078125], [0.0, 0.0, 0.0, 1.0]], [[0.002495952881872654, 0.9989567995071411, -0.04559710994362831, 0.002742767333984375], [-0.005632379557937384, -0.04558248817920685, -0.9989446997642517, 1.5789618492126465], [-0.9999809861183167, 0.002750142477452755, 0.005512732546776533, -0.0704345703125], [0.0, 0.0, 0.0, 1.0]], [[-0.934600830078125, 0.35384246706962585, -0.03628765791654587, 1.016845703125], [0.027307933196425438, -0.03033948317170143, -0.9991666078567505, 1.5549488067626953], [-0.35464856028556824, -0.9348127841949463, 0.01869259774684906, -0.108367919921875], [0.0, 0.0, 0.0, 1.0]]], "view": [[0.0, -2.0, 100.0], [-2.0, 0.0, 100.0], [0.0, 0.0, 1.0]], "bev": "bev_385a031ac226407d8be97656d7b2f2bc.png", "aux": "aux_385a031ac226407d8be97656d7b2f2bc.npz", "visibility": "visibility_385a031ac226407d8be97656d7b2f2bc.png", "pose": [[-0.36997440457344055, 0.9290419220924377, 0.0, 387.9938659667969], [-0.9290419220924377, -0.36997440457344055, 0.0, 1129.4986572265625], [0.0, 0.0, 1.0, 0.0], [0.0, 0.0, 0.0, 1.0]], "pose_inverse": [[-0.36997440457344055, -0.9290419220924377, 0.0, 1192.8994140625], [0.9290419220924377, -0.36997440457344055, 0.0, 57.423004150390625], [0.0, 0.0, 1.0, 0.0], [0.0, 0.0, 0.0, 1.0]], "cam_ids": [0, 1, 2, 3, 4, 5], "cam_channels": ["CAM_FRONT_LEFT", "CAM_FRONT", "CAM_FRONT_RIGHT", "CAM_BACK_LEFT", "CAM_BACK", "CAM_BACK_RIGHT"], "token": "385a031ac226407d8be97656d7b2f2bc", "scene": "scene-0983"}, {"images": ["samples/CAM_FRONT_LEFT/n015-2018-09-25-11-10-38+0800__CAM_FRONT_LEFT__1537845414654844.jpg", "samples/CAM_FRONT/n015-2018-09-25-11-10-38+0800__CAM_FRONT__1537845414662460.jpg", "samples/CAM_FRONT_RIGHT/n015-2018-09-25-11-10-38+0800__CAM_FRONT_RIGHT__1537845414670339.jpg", "samples/CAM_BACK_LEFT/n015-2018-09-25-11-10-38+0800__CAM_BACK_LEFT__1537845414697423.jpg", "samples/CAM_BACK/n015-2018-09-25-11-10-38+0800__CAM_BACK__1537845414687525.jpg", "samples/CAM_BACK_RIGHT/n015-2018-09-25-11-10-38+0800__CAM_BACK_RIGHT__1537845414677893.jpg"], "intrinsics": [[[1272.5979470598488, 0.0, 826.6154927353808], [0.0, 1272.5979470598488, 479.75165386361925], [0.0, 0.0, 1.0]], [[1266.417203046554, 0.0, 816.2670197447984], [0.0, 1266.417203046554, 491.50706579294757], [0.0, 0.0, 1.0]], [[1260.8474446004698, 0.0, 807.968244525554], [0.0, 1260.8474446004698, 495.3344268742088], [0.0, 0.0, 1.0]], [[1256.7414812095406, 0.0, 792.1125740759628], [0.0, 1256.7414812095406, 492.7757465151356], [0.0, 0.0, 1.0]], [[809.2209905677063, 0.0, 829.2196003259838], [0.0, 809.2209905677063, 481.77842384512485], [0.0, 0.0, 1.0]], [[1259.5137405846733, 0.0, 807.2529053838625], [0.0, 1259.5137405846733, 501.19579884916527], [0.0, 0.0, 1.0]]], "extrinsics": [[[0.8212336897850037, -0.570074200630188, 0.024304740130901337, -0.74658203125], [0.007575689814984798, -0.031698357313871384, -0.9994688034057617, 1.5102896690368652], [0.5705418586730957, 0.820981502532959, -0.021713050082325935, -1.1297607421875], [0.0, 0.0, 0.0, 1.0]], [[0.006340494845062494, -0.9993088245391846, 0.03662920370697975, 0.007289886474609375], [0.0027409594040364027, -0.036612436175346375, -0.9993258118629456, 1.5211622714996338], [0.9999760985374451, 0.006436612457036972, 0.0025069250259548426, -1.474365234375], [0.0, 0.0, 0.0, 1.0]], [[-0.8325531482696533, -0.5539314150810242, 0.003910266328603029, 0.89208984375], [0.00883761141449213, -0.020340217277407646, -0.999754011631012, 1.5051507949829102], [0.5538747310638428, -0.8323137760162354, 0.021829741075634956, -1.15460205078125], [0.0, 0.0, 0.0, 1.0]], [[0.9476997256278992, 0.319161593914032, 0.0010364026529714465, -1.1405029296875], [0.019183512777090073, -0.053720422089099884, -0.9983717203140259, 1.5885887145996094], [-0.3185862600803375, 0.9461765289306641, -0.057033464312553406, -0.104248046875], [0.0, 0.0, 0.0, 1.0]], [[0.002360782353207469, 0.9990859627723694, -0.04268265888094902, 0.00272369384765625], [-0.006816480774432421, -0.04266570881009102, -0.999066174030304, 1.5789403915405273], [-0.9999740123748779, 0.002649575937539339, 0.006709523033350706, -0.0609130859375], [0.0, 0.0, 0.0, 1.0]], [[-0.9347392320632935, 0.3538120687007904, -0.032858457416296005, 1.021728515625], [0.025198213756084442, -0.026236960664391518, -0.9993380904197693, 1.5545463562011719], [-0.35444000363349915, -0.9349485635757446, 0.01560928300023079, -0.106475830078125], [0.0, 0.0, 0.0, 1.0]]], "view": [[0.0, -2.0, 100.0], [-2.0, 0.0, 100.0], [0.0, 0.0, 1.0]], "bev": "bev_182b5e160c6f44e096380a9f9f8c41f4.png", "aux": "aux_182b5e160c6f44e096380a9f9f8c41f4.npz", "visibility": "visibility_182b5e160c6f44e096380a9f9f8c41f4.png", "pose": [[-0.3757123351097107, 0.9267363548278809, 0.0, 386.86376953125], [-0.9267363548278809, -0.3757123351097107, 0.0, 1126.7281494140625], [0.0, 0.0, 1.0, 0.0], [0.0, 0.0, 0.0, 1.0]], "pose_inverse": [[-0.3757123351097107, -0.9267363548278809, 0.0, 1189.5294189453125], [0.9267363548278809, -0.3757123351097107, 0.0, 64.80496978759766], [0.0, 0.0, 1.0, 0.0], [0.0, 0.0, 0.0, 1.0]], "cam_ids": [0, 1, 2, 3, 4, 5], "cam_channels": ["CAM_FRONT_LEFT", "CAM_FRONT", "CAM_FRONT_RIGHT", "CAM_BACK_LEFT", "CAM_BACK", "CAM_BACK_RIGHT"], "token": "182b5e160c6f44e096380a9f9f8c41f4", "scene": "scene-0983"}, {"images": ["samples/CAM_FRONT_LEFT/n015-2018-09-25-11-10-38+0800__CAM_FRONT_LEFT__1537845415154844.jpg", "samples/CAM_FRONT/n015-2018-09-25-11-10-38+0800__CAM_FRONT__1537845415162460.jpg", "samples/CAM_FRONT_RIGHT/n015-2018-09-25-11-10-38+0800__CAM_FRONT_RIGHT__1537845415170339.jpg", "samples/CAM_BACK_LEFT/n015-2018-09-25-11-10-38+0800__CAM_BACK_LEFT__1537845415197423.jpg", "samples/CAM_BACK/n015-2018-09-25-11-10-38+0800__CAM_BACK__1537845415187525.jpg", "samples/CAM_BACK_RIGHT/n015-2018-09-25-11-10-38+0800__CAM_BACK_RIGHT__1537845415177893.jpg"], "intrinsics": [[[1272.5979470598488, 0.0, 826.6154927353808], [0.0, 1272.5979470598488, 479.75165386361925], [0.0, 0.0, 1.0]], [[1266.417203046554, 0.0, 816.2670197447984], [0.0, 1266.417203046554, 491.50706579294757], [0.0, 0.0, 1.0]], [[1260.8474446004698, 0.0, 807.968244525554], [0.0, 1260.8474446004698, 495.3344268742088], [0.0, 0.0, 1.0]], [[1256.7414812095406, 0.0, 792.1125740759628], [0.0, 1256.7414812095406, 492.7757465151356], [0.0, 0.0, 1.0]], [[809.2209905677063, 0.0, 829.2196003259838], [0.0, 809.2209905677063, 481.77842384512485], [0.0, 0.0, 1.0]], [[1259.5137405846733, 0.0, 807.2529053838625], [0.0, 1259.5137405846733, 501.19579884916527], [0.0, 0.0, 1.0]]], "extrinsics": [[[0.8213455080986023, -0.5698881149291992, 0.024880405515432358, -0.7498779296875], [0.006862163543701172, -0.03374248743057251, -0.9994069933891296, 1.5100069046020508], [0.5703897476196289, 0.8210291862487793, -0.023803574964404106, -1.1292724609375], [0.0, 0.0, 0.0, 1.0]], [[0.006551451049745083, -0.999272882938385, 0.037559520453214645, 0.00534820556640625], [0.0009894430404528975, -0.037553828209638596, -0.9992941617965698, 1.5207065343856812], [0.9999780654907227, 0.0065839774906635284, 0.0007426927913911641, -1.47705078125], [0.0, 0.0, 0.0, 1.0]], [[-0.8324739336967468, -0.5540293455123901, 0.006215945351868868, 0.8936767578125], [0.005913296714425087, -0.02010226622223854, -0.9997804164886475, 1.5046114921569824], [0.5540326237678528, -0.8322544097900391, 0.020010756328701973, -1.15728759765625], [0.0, 0.0, 0.0, 1.0]], [[0.947701632976532, 0.319126158952713, -0.004471141379326582, -1.1446533203125], [0.012028382159769535, -0.0497126542031765, -0.9986910820007324, 1.5885200500488281], [-0.3189307153224945, 0.9464074969291687, -0.050951339304447174, -0.10284423828125], [0.0, 0.0, 0.0, 1.0]], [[0.002104053972288966, 0.9991962909698486, -0.04002818092703819, 0.00321197509765625], [-0.012473476119339466, -0.03999892994761467, -0.9991218447685242, 1.5786094665527344], [-0.9999198913574219, 0.002601505955681205, 0.012379291467368603, -0.057373046875], [0.0, 0.0, 0.0, 1.0]], [[-0.9348966479301453, 0.35377150774002075, -0.028530476614832878, 1.0252685546875], [0.02107885293662548, -0.024899525567889214, -0.999467670917511, 1.5539436340332031], [-0.354293555021286, -0.9350003600120544, 0.015821384266018867, -0.10638427734375], [0.0, 0.0, 0.0, 1.0]]], "view": [[0.0, -2.0, 100.0], [-2.0, 0.0, 100.0], [0.0, 0.0, 1.0]], "bev": "bev_c77cea36a3f34914b837eb315e0d2ece.png", "aux": "aux_c77cea36a3f34914b837eb315e0d2ece.npz", "visibility": "visibility_c77cea36a3f34914b837eb315e0d2ece.png", "pose": [[-0.3822927176952362, 0.9240412712097168, 0.0, 385.6974792480469], [-0.9240412712097168, -0.3822927176952362, 0.0, 1123.8909912109375], [0.0, 0.0, 1.0, 0.0], [0.0, 0.0, 0.0, 1.0]], "pose_inverse": [[-0.3822927176952362, -0.9240412712097168, 0.0, 1185.970947265625], [0.9240412712097168, -0.3822927176952362, 0.0, 73.25494384765625], [0.0, 0.0, 1.0, 0.0], [0.0, 0.0, 0.0, 1.0]], "cam_ids": [0, 1, 2, 3, 4, 5], "cam_channels": ["CAM_FRONT_LEFT", "CAM_FRONT", "CAM_FRONT_RIGHT", "CAM_BACK_LEFT", "CAM_BACK", "CAM_BACK_RIGHT"], "token": "c77cea36a3f34914b837eb315e0d2ece", "scene": "scene-0983"}, {"images": ["samples/CAM_FRONT_LEFT/n015-2018-09-25-11-10-38+0800__CAM_FRONT_LEFT__1537845415654844.jpg", "samples/CAM_FRONT/n015-2018-09-25-11-10-38+0800__CAM_FRONT__1537845415662460.jpg", "samples/CAM_FRONT_RIGHT/n015-2018-09-25-11-10-38+0800__CAM_FRONT_RIGHT__1537845415670339.jpg", "samples/CAM_BACK_LEFT/n015-2018-09-25-11-10-38+0800__CAM_BACK_LEFT__1537845415697423.jpg", "samples/CAM_BACK/n015-2018-09-25-11-10-38+0800__CAM_BACK__1537845415687525.jpg", "samples/CAM_BACK_RIGHT/n015-2018-09-25-11-10-38+0800__CAM_BACK_RIGHT__1537845415677893.jpg"], "intrinsics": [[[1272.5979470598488, 0.0, 826.6154927353808], [0.0, 1272.5979470598488, 479.75165386361925], [0.0, 0.0, 1.0]], [[1266.417203046554, 0.0, 816.2670197447984], [0.0, 1266.417203046554, 491.50706579294757], [0.0, 0.0, 1.0]], [[1260.8474446004698, 0.0, 807.968244525554], [0.0, 1260.8474446004698, 495.3344268742088], [0.0, 0.0, 1.0]], [[1256.7414812095406, 0.0, 792.1125740759628], [0.0, 1256.7414812095406, 492.7757465151356], [0.0, 0.0, 1.0]], [[809.2209905677063, 0.0, 829.2196003259838], [0.0, 809.2209905677063, 481.77842384512485], [0.0, 0.0, 1.0]], [[1259.5137405846733, 0.0, 807.2529053838625], [0.0, 1259.5137405846733, 501.19579884916527], [0.0, 0.0, 1.0]]], "extrinsics": [[[0.8207104802131653, -0.5704816579818726, 0.031385742127895355, -0.72772216796875], [0.02338339015841484, -0.02134864777326584, -0.9994986057281494, 1.5150318145751953], [0.5708656907081604, 0.8210328221321106, -0.004181261640042067, -1.1201171875], [0.0, 0.0, 0.0, 1.0]], [[0.005779695231467485, -0.9996563792228699, 0.025569500401616096, 0.00974273681640625], [0.017826566472649574, -0.025462863966822624, -0.9995168447494507, 1.524820327758789], [0.9998242855072021, 0.006232720799744129, 0.017673272639513016, -1.45654296875], [0.0, 0.0, 0.0, 1.0]], [[-0.8324989080429077, -0.5538331270217896, -0.01464003324508667, 0.8809814453125], [0.02312004379928112, -0.008327053859829903, -0.9996979832649231, 1.5079097747802734], [0.5535439848899841, -0.8325859904289246, 0.019736913964152336, -1.14501953125], [0.0, 0.0, 0.0, 1.0]], [[0.9475895762443542, 0.31906720995903015, 0.016430458053946495, -1.138671875], [0.030422402545809746, -0.038918305188417435, -0.9987791180610657, 1.5886650085449219], [-0.3180382251739502, 0.9469327330589294, -0.04658536985516548, -0.1048583984375], [0.0, 0.0, 0.0, 1.0]], [[0.0027809557504951954, 0.9995797872543335, -0.028852498158812523, 0.0020599365234375], [0.005576029885560274, -0.028867658227682114, -0.9995676875114441, 1.5797748565673828], [-0.999980628490448, 0.002618863945826888, -0.005653968546539545, -0.0675048828125], [0.0, 0.0, 0.0, 1.0]], [[-0.9342450499534607, 0.35427775979042053, -0.04090709611773491, 1.010986328125], [0.03866036608815193, -0.013420465402305126, -0.9991623163223267, 1.5566291809082031], [-0.35453000664711, -0.9350439310073853, -0.001158504281193018, -0.109161376953125], [0.0, 0.0, 0.0, 1.0]]], "view": [[0.0, -2.0, 100.0], [-2.0, 0.0, 100.0], [0.0, 0.0, 1.0]], "bev": "bev_eab374ceaee5495dae65fe1c40eabfda.png", "aux": "aux_eab374ceaee5495dae65fe1c40eabfda.npz", "visibility": "visibility_eab374ceaee5495dae65fe1c40eabfda.png", "pose": [[-0.38806894421577454, 0.921630322933197, 0.0, 384.43658447265625], [-0.921630322933197, -0.38806894421577454, 0.0, 1120.907470703125], [0.0, 0.0, 1.0, 0.0], [0.0, 0.0, 0.0, 1.0]], "pose_inverse": [[-0.38806894421577454, -0.921630322933197, 0.0, 1182.250244140625], [0.921630322933197, -0.38806894421577454, 0.0, 80.68093872070312], [0.0, 0.0, 1.0, 0.0], [0.0, 0.0, 0.0, 1.0]], "cam_ids": [0, 1, 2, 3, 4, 5], "cam_channels": ["CAM_FRONT_LEFT", "CAM_FRONT", "CAM_FRONT_RIGHT", "CAM_BACK_LEFT", "CAM_BACK", "CAM_BACK_RIGHT"], "token": "eab374ceaee5495dae65fe1c40eabfda", "scene": "scene-0983"}, {"images": ["samples/CAM_FRONT_LEFT/n015-2018-09-25-11-10-38+0800__CAM_FRONT_LEFT__1537845416154844.jpg", "samples/CAM_FRONT/n015-2018-09-25-11-10-38+0800__CAM_FRONT__1537845416162460.jpg", "samples/CAM_FRONT_RIGHT/n015-2018-09-25-11-10-38+0800__CAM_FRONT_RIGHT__1537845416170339.jpg", "samples/CAM_BACK_LEFT/n015-2018-09-25-11-10-38+0800__CAM_BACK_LEFT__1537845416197423.jpg", "samples/CAM_BACK/n015-2018-09-25-11-10-38+0800__CAM_BACK__1537845416187525.jpg", "samples/CAM_BACK_RIGHT/n015-2018-09-25-11-10-38+0800__CAM_BACK_RIGHT__1537845416177893.jpg"], "intrinsics": [[[1272.5979470598488, 0.0, 826.6154927353808], [0.0, 1272.5979470598488, 479.75165386361925], [0.0, 0.0, 1.0]], [[1266.417203046554, 0.0, 816.2670197447984], [0.0, 1266.417203046554, 491.50706579294757], [0.0, 0.0, 1.0]], [[1260.8474446004698, 0.0, 807.968244525554], [0.0, 1260.8474446004698, 495.3344268742088], [0.0, 0.0, 1.0]], [[1256.7414812095406, 0.0, 792.1125740759628], [0.0, 1256.7414812095406, 492.7757465151356], [0.0, 0.0, 1.0]], [[809.2209905677063, 0.0, 829.2196003259838], [0.0, 809.2209905677063, 481.77842384512485], [0.0, 0.0, 1.0]], [[1259.5137405846733, 0.0, 807.2529053838625], [0.0, 1259.5137405846733, 501.19579884916527], [0.0, 0.0, 1.0]]], "extrinsics": [[[0.8205351829528809, -0.57120680809021, 0.02109057642519474, -0.71331787109375], [0.017015837132930756, -0.012471474707126617, -0.9997774362564087, 1.513467788696289], [0.5713427662849426, 0.8207114338874817, -0.0005137205007486045, -1.10748291015625], [0.0, 0.0, 0.0, 1.0]], [[0.005431420169770718, -0.9998488426208496, 0.01651443913578987, 0.00809478759765625], [0.011868128553032875, -0.01644906774163246, -0.9997942447662354, 1.5235424041748047], [0.999914824962616, 0.005626283586025238, 0.011776992119848728, -1.441162109375], [0.0, 0.0, 0.0, 1.0]], [[-0.8327735066413879, -0.5534055829048157, -0.015181371010839939, 0.870361328125], [0.01762240380048752, 0.000909890397451818, -0.9998442530632019, 1.5070838928222656], [0.5533332824707031, -0.8329114317893982, 0.008994605392217636, -1.1396484375], [0.0, 0.0, 0.0, 1.0]], [[0.9476224780082703, 0.3189922869205475, 0.01599014364182949, -1.1387939453125], [0.026559164747595787, -0.028810089454054832, -0.9992319941520691, 1.5886573791503906], [-0.31828662753105164, 0.9473193287849426, -0.03577325865626335, -0.104949951171875], [0.0, 0.0, 0.0, 1.0]], [[0.002740797819569707, 0.999815821647644, -0.018996717408299446, 0.00249481201171875], [0.0010938637424260378, -0.018999774008989334, -0.9998189210891724, 1.5794485807418823], [-0.9999955892562866, 0.0027195028960704803, -0.0011457374785095453, -0.0718994140625], [0.0, 0.0, 0.0, 1.0]], [[-0.9343509674072266, 0.3548401892185211, -0.03281278535723686, 1.0035400390625], [0.03360907733440399, -0.003920983523130417, -0.999427318572998, 1.5562095642089844], [-0.3547655940055847, -0.9349188804626465, -0.008262274786829948, -0.11297607421875], [0.0, 0.0, 0.0, 1.0]]], "view": [[0.0, -2.0, 100.0], [-2.0, 0.0, 100.0], [0.0, 0.0, 1.0]], "bev": "bev_d14b4d10c68c4bfbb7300cdcef6d0e19.png", "aux": "aux_d14b4d10c68c4bfbb7300cdcef6d0e19.npz", "visibility": "visibility_d14b4d10c68c4bfbb7300cdcef6d0e19.png", "pose": [[-0.3926176428794861, 0.9197018146514893, 0.0, 383.07940673828125], [-0.9197018146514893, -0.3926176428794861, 0.0, 1117.7862548828125], [0.0, 0.0, 1.0, 0.0], [0.0, 0.0, 0.0, 1.0]], "pose_inverse": [[-0.3926176428794861, -0.9197018146514893, 0.0, 1178.4337158203125], [0.9197018146514893, -0.3926176428794861, 0.0, 86.54378509521484], [0.0, 0.0, 1.0, 0.0], [0.0, 0.0, 0.0, 1.0]], "cam_ids": [0, 1, 2, 3, 4, 5], "cam_channels": ["CAM_FRONT_LEFT", "CAM_FRONT", "CAM_FRONT_RIGHT", "CAM_BACK_LEFT", "CAM_BACK", "CAM_BACK_RIGHT"], "token": "d14b4d10c68c4bfbb7300cdcef6d0e19", "scene": "scene-0983"}, {"images": ["samples/CAM_FRONT_LEFT/n015-2018-09-25-11-10-38+0800__CAM_FRONT_LEFT__1537845416654844.jpg", "samples/CAM_FRONT/n015-2018-09-25-11-10-38+0800__CAM_FRONT__1537845416662460.jpg", "samples/CAM_FRONT_RIGHT/n015-2018-09-25-11-10-38+0800__CAM_FRONT_RIGHT__1537845416670339.jpg", "samples/CAM_BACK_LEFT/n015-2018-09-25-11-10-38+0800__CAM_BACK_LEFT__1537845416697423.jpg", "samples/CAM_BACK/n015-2018-09-25-11-10-38+0800__CAM_BACK__1537845416687525.jpg", "samples/CAM_BACK_RIGHT/n015-2018-09-25-11-10-38+0800__CAM_BACK_RIGHT__1537845416677893.jpg"], "intrinsics": [[[1272.5979470598488, 0.0, 826.6154927353808], [0.0, 1272.5979470598488, 479.75165386361925], [0.0, 0.0, 1.0]], [[1266.417203046554, 0.0, 816.2670197447984], [0.0, 1266.417203046554, 491.50706579294757], [0.0, 0.0, 1.0]], [[1260.8474446004698, 0.0, 807.968244525554], [0.0, 1260.8474446004698, 495.3344268742088], [0.0, 0.0, 1.0]], [[1256.7414812095406, 0.0, 792.1125740759628], [0.0, 1256.7414812095406, 492.7757465151356], [0.0, 0.0, 1.0]], [[809.2209905677063, 0.0, 829.2196003259838], [0.0, 809.2209905677063, 481.77842384512485], [0.0, 0.0, 1.0]], [[1259.5137405846733, 0.0, 807.2529053838625], [0.0, 1259.5137405846733, 501.19579884916527], [0.0, 0.0, 1.0]]], "extrinsics": [[[0.820751965045929, -0.5712282061576843, 0.008026325143873692, -0.7142333984375], [0.003298388794064522, -0.00931112002581358, -0.9999512434005737, 1.5092871189117432], [0.5712750554084778, 0.8207384943962097, -0.005757987964898348, -1.11102294921875], [0.0, 0.0, 0.0, 1.0]], [[0.005669815465807915, -0.9998959302902222, 0.013261974789202213, 0.010101318359375], [-0.002173728309571743, -0.01327448058873415, -0.9999095797538757, 1.5200397968292236], [0.9999815225601196, 0.005640505347400904, -0.0022487672977149487, -1.443603515625], [0.0, 0.0, 0.0, 1.0]], [[-0.8329005241394043, -0.5534003973007202, -0.004960852209478617, 0.8729248046875], [0.003284549806267023, 0.004020744934678078, -0.9999865293502808, 1.5042667388916016], [0.5534128546714783, -0.8329055905342102, -0.0015312094474211335, -1.139404296875], [0.0, 0.0, 0.0, 1.0]], [[0.9478033185005188, 0.3188456594944, 0.0024888571351766586, -1.140380859375], [0.011447736993432045, -0.026227008551359177, -0.9995904564857483, 1.588587760925293], [-0.3186497688293457, 0.9474437236785889, -0.028508108109235764, -0.104644775390625], [0.0, 0.0, 0.0, 1.0]], [[0.0025253889616578817, 0.9998646378517151, -0.01625708118081093, 0.00177001953125], [-0.013805563561618328, -0.01622072607278824, -0.9997731447219849, 1.5783824920654297], [-0.999901533126831, 0.002749221632257104, 0.013762731105089188, -0.070068359375], [0.0, 0.0, 0.0, 1.0]], [[-0.9347342848777771, 0.35488569736480713, -0.018105143681168556, 1.004638671875], [0.019013987854123116, -0.0009266005945391953, -0.9998188018798828, 1.5541095733642578], [-0.35483816266059875, -0.9349091649055481, -0.005881667602807283, -0.1114501953125], [0.0, 0.0, 0.0, 1.0]]], "view": [[0.0, -2.0, 100.0], [-2.0, 0.0, 100.0], [0.0, 0.0, 1.0]], "bev": "bev_e983f448155d4c43b607c8b7cd0e1394.png", "aux": "aux_e983f448155d4c43b607c8b7cd0e1394.npz", "visibility": "visibility_e983f448155d4c43b607c8b7cd0e1394.png", "pose": [[-0.39618512988090515, 0.9181706309318542, 0.0, 381.6740417480469], [-0.9181706309318542, -0.39618512988090515, 0.0, 1114.5789794921875], [0.0, 0.0, 1.0, 0.0], [0.0, 0.0, 0.0, 1.0]], "pose_inverse": [[-0.39618512988090515, -0.9181706309318542, 0.0, 1174.5872802734375], [0.9181706309318542, -0.39618512988090515, 0.0, 91.13770294189453], [0.0, 0.0, 1.0, 0.0], [0.0, 0.0, 0.0, 1.0]], "cam_ids": [0, 1, 2, 3, 4, 5], "cam_channels": ["CAM_FRONT_LEFT", "CAM_FRONT", "CAM_FRONT_RIGHT", "CAM_BACK_LEFT", "CAM_BACK", "CAM_BACK_RIGHT"], "token": "e983f448155d4c43b607c8b7cd0e1394", "scene": "scene-0983"}, {"images": ["samples/CAM_FRONT_LEFT/n015-2018-09-25-11-10-38+0800__CAM_FRONT_LEFT__1537845417154844.jpg", "samples/CAM_FRONT/n015-2018-09-25-11-10-38+0800__CAM_FRONT__1537845417162460.jpg", "samples/CAM_FRONT_RIGHT/n015-2018-09-25-11-10-38+0800__CAM_FRONT_RIGHT__1537845417170339.jpg", "samples/CAM_BACK_LEFT/n015-2018-09-25-11-10-38+0800__CAM_BACK_LEFT__1537845417197423.jpg", "samples/CAM_BACK/n015-2018-09-25-11-10-38+0800__CAM_BACK__1537845417187525.jpg", "samples/CAM_BACK_RIGHT/n015-2018-09-25-11-10-38+0800__CAM_BACK_RIGHT__1537845417177893.jpg"], "intrinsics": [[[1272.5979470598488, 0.0, 826.6154927353808], [0.0, 1272.5979470598488, 479.75165386361925], [0.0, 0.0, 1.0]], [[1266.417203046554, 0.0, 816.2670197447984], [0.0, 1266.417203046554, 491.50706579294757], [0.0, 0.0, 1.0]], [[1260.8474446004698, 0.0, 807.968244525554], [0.0, 1260.8474446004698, 495.3344268742088], [0.0, 0.0, 1.0]], [[1256.7414812095406, 0.0, 792.1125740759628], [0.0, 1256.7414812095406, 492.7757465151356], [0.0, 0.0, 1.0]], [[809.2209905677063, 0.0, 829.2196003259838], [0.0, 809.2209905677063, 481.77842384512485], [0.0, 0.0, 1.0]], [[1259.5137405846733, 0.0, 807.2529053838625], [0.0, 1259.5137405846733, 501.19579884916527], [0.0, 0.0, 1.0]]], "extrinsics": [[[0.8207151889801025, -0.5712933540344238, 0.007103860378265381, -0.72265625], [0.0032259009312838316, -0.00779995322227478, -0.9999644160270691, 1.5092034339904785], [0.5713284611701965, 0.8207088708877563, -0.004558604676276445, -1.11212158203125], [0.0, 0.0, 0.0, 1.0]], [[0.005615035071969032, -0.9999143481254578, 0.011820990592241287, 0.00678253173828125], [-0.0019183995900675654, -0.011831927113234997, -0.9999281764030457, 1.520074486732483], [0.9999823570251465, 0.005591940600425005, -0.0019846721552312374, -1.45068359375], [0.0, 0.0, 0.0, 1.0]], [[-0.8329195976257324, -0.5533591508865356, -0.006204039324074984, 0.877197265625], [0.0038575883954763412, 0.005404882598668337, -0.9999778866767883, 1.5043625831604004], [0.55338054895401, -0.8329252004623413, -0.0023672000970691442, -1.145263671875], [0.0, 0.0, 0.0, 1.0]], [[0.9477865695953369, 0.31887492537498474, 0.004412701353430748, -1.144775390625], [0.013004609383642673, -0.024820469319820404, -0.9996073246002197, 1.5884819030761719], [-0.31864020228385925, 0.9474717974662781, -0.027671348303556442, -0.101470947265625], [0.0, 0.0, 0.0, 1.