[{"images": ["samples/CAM_FRONT_LEFT/n008-2018-08-29-16-04-13-0400__CAM_FRONT_LEFT__1535573822854799.jpg", "samples/CAM_FRONT/n008-2018-08-29-16-04-13-0400__CAM_FRONT__1535573822862404.jpg", "samples/CAM_FRONT_RIGHT/n008-2018-08-29-16-04-13-0400__CAM_FRONT_RIGHT__1535573822870482.jpg", "samples/CAM_BACK_LEFT/n008-2018-08-29-16-04-13-0400__CAM_BACK_LEFT__1535573822897405.jpg", "samples/CAM_BACK/n008-2018-08-29-16-04-13-0400__CAM_BACK__1535573822887558.jpg", "samples/CAM_BACK_RIGHT/n008-2018-08-29-16-04-13-0400__CAM_BACK_RIGHT__1535573822878113.jpg"], "intrinsics": [[[1257.8625342125129, 0.0, 827.2410631095686], [0.0, 1257.8625342125129, 450.915498205774], [0.0, 0.0, 1.0]], [[1252.8131021185304, 0.0, 826.588114781398], [0.0, 1252.8131021185304, 469.9846626224581], [0.0, 0.0, 1.0]], [[1256.7485116440405, 0.0, 817.7887570959712], [0.0, 1256.7485116440403, 451.9541780095127], [0.0, 0.0, 1.0]], [[1254.9860565800168, 0.0, 829.5769333630991], [0.0, 1254.9860565800168, 467.1680561863987], [0.0, 0.0, 1.0]], [[796.8910634503094, 0.0, 857.7774326863696], [0.0, 796.8910634503094, 476.8848988407415], [0.0, 0.0, 1.0]], [[1249.9629280788233, 0.0, 825.3768045375984], [0.0, 1249.9629280788233, 462.54816385708756], [0.0, 0.0, 1.0]]], "extrinsics": [[[0.8225691318511963, -0.5686355829238892, -0.0057974401861429214, -1.0048828125], [0.014143219217658043, 0.030648646876215935, -0.9994301795959473, 1.4882926940917969], [0.5684892535209656, 0.8220184445381165, 0.03325296938419342, -1.333251953125], [0.0, 0.0, 0.0, 1.0]], [[0.010379306972026825, -0.9995983242988586, -0.026369936764240265, 0.00537109375], [0.01611771434545517, 0.026535172015428543, -0.9995179772377014, 1.48016357421875], [0.9998161792755127, 0.009949305094778538, 0.01638665981590748, -1.734649658203125], [0.0, 0.0, 0.0, 1.0]], [[-0.8438218235969543, -0.5357881784439087, -0.029927214607596397, 1.0906982421875], [0.02412436343729496, 0.017837414517998695, -0.9995498061180115, 1.4930744171142578], [0.5360808968544006, -0.8441640138626099, -0.002126052277162671, -1.2777099609375], [0.0, 0.0, 0.0, 1.0]], [[0.9478632807731628, 0.3185407817363739, 0.0093251783400774, -1.143890380859375], [-0.001259421231225133, 0.033006299287080765, -0.9994543194770813, 1.5620460510253906], [-0.3186747431755066, 0.947334349155426, 0.031686633825302124, -0.1561279296875], [0.0, 0.0, 0.0, 1.0]], [[0.009113323874771595, 0.9996335506439209, 0.025491144508123398, -0.02880859375], [0.0008633674005977809, 0.025484327226877213, -0.9996748566627502, 1.5680618286132812], [-0.9999580383300781, 0.009132444858551025, -0.000630802649538964, 0.044342041015625], [0.0, 0.0, 0.0, 1.0]], [[-0.9237009286880493, 0.38309717178344727, -0.003610288957133889, 1.16064453125], [0.0050590755417943, 0.002774345688521862, -0.9999833703041077, 1.547814130783081], [-0.38308072090148926, -0.9237039089202881, -0.0045007821172475815, -0.043701171875], [0.0, 0.0, 0.0, 1.0]]], "view": [[0.0, -2.0, 100.0], [-2.0, 0.0, 100.0], [0.0, 0.0, 1.0]], "bev": "bev_5a48ba55922440e5a9f6355e1ed945c2.png", "aux": "aux_5a48ba55922440e5a9f6355e1ed945c2.npz", "visibility": "visibility_5a48ba55922440e5a9f6355e1ed945c2.png", "pose": [[0.7606912851333618, 0.6491138339042664, 0.0, 858.8160400390625], [-0.6491138339042664, 0.7606912851333618, 0.0, 1429.083740234375], [0.0, 0.0, 1.0, 0.0], [0.0, 0.0, 0.0, 1.0]], "pose_inverse": [[0.7606912851333618, -0.6491138339042664, 0.0, 274.3441467285156], [0.6491138339042664, 0.7606912851333618, 0.0, -1644.5609130859375], [0.0, 0.0, 1.0, 0.0], [0.0, 0.0, 0.0, 1.0]], "cam_ids": [0, 1, 2, 3, 4, 5], "cam_channels": ["CAM_FRONT_LEFT", "CAM_FRONT", "CAM_FRONT_RIGHT", "CAM_BACK_LEFT", "CAM_BACK", "CAM_BACK_RIGHT"], "token": "5a48ba55922440e5a9f6355e1ed945c2", "scene": "scene-0726"}, {"images": ["samples/CAM_FRONT_LEFT/n008-2018-08-29-16-04-13-0400__CAM_FRONT_LEFT__1535573823354799.jpg", "samples/CAM_FRONT/n008-2018-08-29-16-04-13-0400__CAM_FRONT__1535573823362404.jpg", "samples/CAM_FRONT_RIGHT/n008-2018-08-29-16-04-13-0400__CAM_FRONT_RIGHT__1535573823370482.jpg", "samples/CAM_BACK_LEFT/n008-2018-08-29-16-04-13-0400__CAM_BACK_LEFT__1535573823397411.jpg", "samples/CAM_BACK/n008-2018-08-29-16-04-13-0400__CAM_BACK__1535573823387558.jpg", "samples/CAM_BACK_RIGHT/n008-2018-08-29-16-04-13-0400__CAM_BACK_RIGHT__1535573823378113.jpg"], "intrinsics": [[[1257.8625342125129, 0.0, 827.2410631095686], [0.0, 1257.8625342125129, 450.915498205774], [0.0, 0.0, 1.0]], [[1252.8131021185304, 0.0, 826.588114781398], [0.0, 1252.8131021185304, 469.9846626224581], [0.0, 0.0, 1.0]], [[1256.7485116440405, 0.0, 817.7887570959712], [0.0, 1256.7485116440403, 451.9541780095127], [0.0, 0.0, 1.0]], [[1254.9860565800168, 0.0, 829.5769333630991], [0.0, 1254.9860565800168, 467.1680561863987], [0.0, 0.0, 1.0]], [[796.8910634503094, 0.0, 857.7774326863696], [0.0, 796.8910634503094, 476.8848988407415], [0.0, 0.0, 1.0]], [[1249.9629280788233, 0.0, 825.3768045375984], [0.0, 1249.9629280788233, 462.54816385708756], [0.0, 0.0, 1.0]]], "extrinsics": [[[0.8225440979003906, -0.5686718225479126, -0.005804629996418953, -1.005126953125], [0.014211416244506836, 0.03075730800628662, -0.9994258284568787, 1.4882926940917969], [0.5685238242149353, 0.8219894170761108, 0.03338087350130081, -1.3333740234375], [0.0, 0.0, 0.0, 1.0]], [[0.010339418426156044, -0.999596118927002, -0.02647089585661888, 0.00537109375], [0.016166433691978455, 0.026635954156517982, -0.9995144605636597, 1.4801673889160156], [0.9998158812522888, 0.009906464256346226, 0.016435302793979645, -1.734771728515625], [0.0, 0.0, 0.0, 1.0]], [[-0.8438385725021362, -0.5357556343078613, -0.030041661113500595, 1.0906982421875], [0.02419069968163967, 0.01794658973813057, -0.999546229839325, 1.4930706024169922], [0.5360517501831055, -0.8441823720932007, -0.0021837225649505854, -1.277587890625], [0.0, 0.0, 0.0, 1.0]], [[0.9478666186332703, 0.3185276389122009, 0.009443147107958794, -1.143951416015625], [-0.0011827223934233189, 0.033149439841508865, -0.9994496703147888, 1.5620384216308594], [-0.31866541504859924, 0.9473337531089783, 0.031797971576452255, -0.1561279296875], [0.0, 0.0, 0.0, 1.0]], [[0.009127607569098473, 0.9996299743652344, 0.02562401257455349, -0.02880859375], [0.0009307845612056553, 0.02561657503247261, -0.9996713399887085, 1.5680618286132812], [-0.9999579191207886, 0.00914846919476986, -0.0006966229993849993, 0.044403076171875], [0.0, 0.0, 0.0, 1.0]], [[-0.9236907958984375, 0.38312169909477234, -0.0036290083080530167, 1.16070556640625], [0.005129784345626831, 0.0028956562746316195, -0.9999826550483704, 1.5478127002716064], [-0.383104532957077, -0.9236933588981628, -0.004640020430088043, -0.043701171875], [0.0, 0.0, 0.0, 1.0]]], "view": [[0.0, -2.0, 100.0], [-2.0, 0.0, 100.0], [0.0, 0.0, 1.0]], "bev": "bev_49ff36f635d043daabde0a39b1cbf21b.png", "aux": "aux_49ff36f635d043daabde0a39b1cbf21b.npz", "visibility": "visibility_49ff36f635d043daabde0a39b1cbf21b.png", "pose": [[0.7606962323188782, 0.6491080522537231, 0.0, 858.8158569335938], [-0.6491080522537231, 0.7606962323188782, 0.0, 1429.0836181640625], [0.0, 0.0, 1.0, 0.0], [0.0, 0.0, 0.0, 1.0]], "pose_inverse": [[0.7606962323188782, -0.6491080522537231, 0.0, 274.3316955566406], [0.6491080522537231, 0.7606962323188782, 0.0, -1644.562744140625], [0.0, 0.0, 1.0, 0.0], [0.0, 0.0, 0.0, 1.0]], "cam_ids": [0, 1, 2, 3, 4, 5], "cam_channels": ["CAM_FRONT_LEFT", "CAM_FRONT", "CAM_FRONT_RIGHT", "CAM_BACK_LEFT", "CAM_BACK", "CAM_BACK_RIGHT"], "token": "49ff36f635d043daabde0a39b1cbf21b", "scene": "scene-0726"}, {"images": ["samples/CAM_FRONT_LEFT/n008-2018-08-29-16-04-13-0400__CAM_FRONT_LEFT__1535573823854799.jpg", "samples/CAM_FRONT/n008-2018-08-29-16-04-13-0400__CAM_FRONT__1535573823862404.jpg", "samples/CAM_FRONT_RIGHT/n008-2018-08-29-16-04-13-0400__CAM_FRONT_RIGHT__1535573823870482.jpg", "samples/CAM_BACK_LEFT/n008-2018-08-29-16-04-13-0400__CAM_BACK_LEFT__1535573823897405.jpg", "samples/CAM_BACK/n008-2018-08-29-16-04-13-0400__CAM_BACK__1535573823887558.jpg", "samples/CAM_BACK_RIGHT/n008-2018-08-29-16-04-13-0400__CAM_BACK_RIGHT__1535573823878113.jpg"], "intrinsics": [[[1257.8625342125129, 0.0, 827.2410631095686], [0.0, 1257.8625342125129, 450.915498205774], [0.0, 0.0, 1.0]], [[1252.8131021185304, 0.0, 826.588114781398], [0.0, 1252.8131021185304, 469.9846626224581], [0.0, 0.0, 1.0]], [[1256.7485116440405, 0.0, 817.7887570959712], [0.0, 1256.7485116440403, 451.9541780095127], [0.0, 0.0, 1.0]], [[1254.9860565800168, 0.0, 829.5769333630991], [0.0, 1254.9860565800168, 467.1680561863987], [0.0, 0.0, 1.0]], [[796.8910634503094, 0.0, 857.7774326863696], [0.0, 796.8910634503094, 476.8848988407415], [0.0, 0.0, 1.0]], [[1249.9629280788233, 0.0, 825.3768045375984], [0.0, 1249.9629280788233, 462.54816385708756], [0.0, 0.0, 1.0]]], "extrinsics": [[[0.8225744962692261, -0.5686302781105042, -0.00555401062592864, -1.0048828125], [0.014517047442495823, 0.030761905014514923, -0.9994212985038757, 1.4882888793945312], [0.5684720873832703, 0.8220177888870239, 0.033558789640665054, -1.33349609375], [0.0, 0.0, 0.0, 1.0]], [[0.010394541546702385, -0.999595046043396, -0.026487117633223534, 0.0052490234375], [0.01648254133760929, 0.026656227186322212, -0.9995087385177612, 1.48016357421875], [0.9998100399971008, 0.009952862747013569, 0.016752947121858597, -1.7347412109375], [0.0, 0.0, 0.0, 1.0]], [[-0.8438074588775635, -0.5357880592346191, -0.030331438407301903, 1.0906982421875], [0.02451760694384575, 0.017972176894545555, -0.9995378255844116, 1.4930706024169922], [0.5360855460166931, -0.8441612124443054, -0.002028817543759942, -1.277587890625], [0.0, 0.0, 0.0, 1.0]], [[0.9478616714477539, 0.31853213906288147, 0.009772485122084618, -1.143890380859375], [-0.0008456961950287223, 0.0331793949007988, -0.9994490146636963, 1.5620384216308594], [-0.31868094205856323, 0.9473311901092529, 0.03171885758638382, -0.1561279296875], [0.0, 0.0, 0.0, 1.0]], [[0.009102961979806423, 0.9996293187141418, 0.025658421218395233, -0.02880859375], [0.0012799192918464541, 0.025647813454270363, -0.999670147895813, 1.5680618286132812], [-0.9999577403068542, 0.009132813662290573, -0.0010459754848852754, 0.044403076171875], [0.0, 0.0, 0.0, 1.0]], [[-0.9237004518508911, 0.38309529423713684, -0.003934905864298344, 1.16064453125], [0.005472017917782068, 0.002922706538811326, -0.9999807476997375, 1.5478124618530273], [-0.38307639956474304, -0.923704206943512, -0.004796009976416826, -0.0435791015625], [0.0, 0.0, 0.0, 1.0]]], "view": [[0.0, -2.0, 100.0], [-2.0, 0.0, 100.0], [0.0, 0.0, 1.0]], "bev": "bev_cddb14d9c36243f3b05dcb330a3bbd3a.png", "aux": "aux_cddb14d9c36243f3b05dcb330a3bbd3a.npz", "visibility": "visibility_cddb14d9c36243f3b05dcb330a3bbd3a.png", "pose": [[0.760735273361206, 0.6490622758865356, 0.0, 858.8158569335938], [-0.6490622758865356, 0.760735273361206, 0.0, 1429.0833740234375], [0.0, 0.0, 1.0, 0.0], [0.0, 0.0, 0.0, 1.0]], "pose_inverse": [[0.760735273361206, -0.6490622758865356, 0.0, 274.2325744628906], [0.6490622758865356, 0.760735273361206, 0.0, -1644.5791015625], [0.0, 0.0, 1.0, 0.0], [0.0, 0.0, 0.0, 1.0]], "cam_ids": [0, 1, 2, 3, 4, 5], "cam_channels": ["CAM_FRONT_LEFT", "CAM_FRONT", "CAM_FRONT_RIGHT", "CAM_BACK_LEFT", "CAM_BACK", "CAM_BACK_RIGHT"], "token": "cddb14d9c36243f3b05dcb330a3bbd3a", "scene": "scene-0726"}, {"images": ["samples/CAM_FRONT_LEFT/n008-2018-08-29-16-04-13-0400__CAM_FRONT_LEFT__1535573824354799.jpg", "samples/CAM_FRONT/n008-2018-08-29-16-04-13-0400__CAM_FRONT__1535573824362404.jpg", "samples/CAM_FRONT_RIGHT/n008-2018-08-29-16-04-13-0400__CAM_FRONT_RIGHT__1535573824370482.jpg", "samples/CAM_BACK_LEFT/n008-2018-08-29-16-04-13-0400__CAM_BACK_LEFT__1535573824397405.jpg", "samples/CAM_BACK/n008-2018-08-29-16-04-13-0400__CAM_BACK__1535573824387558.jpg", "samples/CAM_BACK_RIGHT/n008-2018-08-29-16-04-13-0400__CAM_BACK_RIGHT__1535573824378113.jpg"], "intrinsics": [[[1257.8625342125129, 0.0, 827.2410631095686], [0.0, 1257.8625342125129, 450.915498205774], [0.0, 0.0, 1.0]], [[1252.8131021185304, 0.0, 826.588114781398], [0.0, 1252.8131021185304, 469.9846626224581], [0.0, 0.0, 1.0]], [[1256.7485116440405, 0.0, 817.7887570959712], [0.0, 1256.7485116440403, 451.9541780095127], [0.0, 0.0, 1.0]], [[1254.9860565800168, 0.0, 829.5769333630991], [0.0, 1254.9860565800168, 467.1680561863987], [0.0, 0.0, 1.0]], [[796.8910634503094, 0.0, 857.7774326863696], [0.0, 796.8910634503094, 476.8848988407415], [0.0, 0.0, 1.0]], [[1249.9629280788233, 0.0, 825.3768045375984], [0.0, 1249.9629280788233, 462.54816385708756], [0.0, 0.0, 1.0]]], "extrinsics": [[[0.8225706815719604, -0.5686365962028503, -0.005476159509271383, -1.0050048828125], [0.01468122098594904, 0.030862068757414818, -0.9994158148765564, 1.4882926940917969], [0.5684734582901001, 0.8220097422599792, 0.0337345115840435, -1.3333740234375], [0.0, 0.0, 0.0, 1.0]], [[0.010389968752861023, -0.9995929002761841, -0.026572613045573235, 0.00537109375], [0.016642626374959946, 0.02674323320388794, -0.9995037913322449, 1.48016357421875], [0.9998075366020203, 0.009942636825144291, 0.01691371388733387, -1.734771728515625], [0.0, 0.0, 0.0, 1.0]], [[-0.8438073992729187, -0.5357789993286133, -0.03049783781170845, 1.090576171875], [0.024667296558618546, 0.018046891316771507, -0.9995327591896057, 1.4930706024169922], [0.5360790491104126, -0.8441653847694397, -0.002011879812926054, -1.277587890625], [0.0, 0.0, 0.0, 1.0]], [[0.9478615522384644, 0.31852826476097107, 0.009919480420649052, -1.1439208984375], [-0.000705424346961081, 0.03322356939315796, -0.9994476437568665, 1.562042236328125], [-0.3186819553375244, 0.9473309516906738, 0.031716037541627884, -0.156005859375], [0.0, 0.0, 0.0, 1.0]], [[0.00910338293761015, 0.9996281266212463, 0.025703875347971916, -0.0289306640625], [0.0014214859111234546, 0.025691978633403778, -0.9996688365936279, 1.5680618286132812], [-0.9999576210975647, 0.009136921726167202, -0.0011870738817378879, 0.04437255859375], [0.0, 0.0, 0.0, 1.0]], [[-0.9236974716186523, 0.38310134410858154, -0.004043722525238991, 1.1607666015625], [0.005614487919956446, 0.002982102567330003, -0.9999797940254211, 1.5478098392486572], [-0.38308143615722656, -0.9237015247344971, -0.0049054790288209915, -0.043701171875], [0.0, 0.0, 0.0, 1.0]]], "view": [[0.0, -2.0, 100.0], [-2.0, 0.0, 100.0], [0.0, 0.0, 1.0]], "bev": "bev_f65846eb81b54d1caefa6e96f3317391.png", "aux": "aux_f65846eb81b54d1caefa6e96f3317391.npz", "visibility": "visibility_f65846eb81b54d1caefa6e96f3317391.png", "pose": [[0.7606635093688965, 0.6491464376449585, 0.0, 858.815673828125], [-0.6491464376449585, 0.7606635093688965, 0.0, 1429.0833740234375], [0.0, 0.0, 1.0, 0.0], [0.0, 0.0, 0.0, 1.0]], "pose_inverse": [[0.7606635093688965, -0.6491464376449585, 0.0, 274.4146423339844], [0.6491464376449585, 0.7606635093688965, 0.0, -1644.5487060546875], [0.0, 0.0, 1.0, 0.0], [0.0, 0.0, 0.0, 1.0]], "cam_ids": [0, 1, 2, 3, 4, 5], "cam_channels": ["CAM_FRONT_LEFT", "CAM_FRONT", "CAM_FRONT_RIGHT", "CAM_BACK_LEFT", "CAM_BACK", "CAM_BACK_RIGHT"], "token": "f65846eb81b54d1caefa6e96f3317391", "scene": "scene-0726"}, {"images": ["samples/CAM_FRONT_LEFT/n008-2018-08-29-16-04-13-0400__CAM_FRONT_LEFT__1535573824854799.jpg", "samples/CAM_FRONT/n008-2018-08-29-16-04-13-0400__CAM_FRONT__1535573824862404.jpg", "samples/CAM_FRONT_RIGHT/n008-2018-08-29-16-04-13-0400__CAM_FRONT_RIGHT__1535573824870482.jpg", "samples/CAM_BACK_LEFT/n008-2018-08-29-16-04-13-0400__CAM_BACK_LEFT__1535573824897405.jpg", "samples/CAM_BACK/n008-2018-08-29-16-04-13-0400__CAM_BACK__1535573824887558.jpg", "samples/CAM_BACK_RIGHT/n008-2018-08-29-16-04-13-0400__CAM_BACK_RIGHT__1535573824878113.jpg"], "intrinsics": [[[1257.8625342125129, 0.0, 827.2410631095686], [0.0, 1257.8625342125129, 450.915498205774], [0.0, 0.0, 1.0]], [[1252.8131021185304, 0.0, 826.588114781398], [0.0, 1252.8131021185304, 469.9846626224581], [0.0, 0.0, 1.0]], [[1256.7485116440405, 0.0, 817.7887570959712], [0.0, 1256.7485116440403, 451.9541780095127], [0.0, 0.0, 1.0]], [[1254.9860565800168, 0.0, 829.5769333630991], [0.0, 1254.9860565800168, 467.1680561863987], [0.0, 0.0, 1.0]], [[796.8910634503094, 0.0, 857.7774326863696], [0.0, 796.8910634503094, 476.8848988407415], [0.0, 0.0, 1.0]], [[1249.9629280788233, 0.0, 825.3768045375984], [0.0, 1249.9629280788233, 462.54816385708756], [0.0, 0.0, 1.0]]], "extrinsics": [[[0.8225570321083069, -0.5686570405960083, -0.005410169251263142, -1.0050048828125], [0.014727868139743805, 0.030812110751867294, -0.9994166493415833, 1.4882888793945312], [0.56849205493927, 0.8219974637031555, 0.03371982276439667, -1.33349609375], [0.0, 0.0, 0.0, 1.0]], [[0.01036861538887024, -0.999594509601593, -0.02652272954583168, 0.005126953125], [0.016676997765898705, 0.026693331077694893, -0.999504566192627, 1.4801673889160156], [0.9998071193695068, 0.009921140037477016, 0.016947006806731224, -1.73468017578125], [0.0, 0.0, 0.0, 1.0]], [[-0.8438166975975037, -0.5357651710510254, -0.030481813475489616, 1.090576171875], [0.024688901379704475, 0.01798303797841072, -0.9995334148406982, 1.493072509765625], [0.5360633730888367, -0.8441755175590515, -0.0019469347316771746, -1.277587890625], [0.0, 0.0, 0.0, 1.0]], [[0.9478636980056763, 0.3185226321220398, 0.009890126064419746, -1.14385986328125], [-0.0007090268773026764, 0.03314286470413208, -0.9994503259658813, 1.5620384216308594], [-0.31867533922195435, 0.9473357200622559, 0.031640756875276566, -0.1561279296875], [0.0, 0.0, 0.0, 1.0]], [[0.00911116972565651, 0.9996299147605896, 0.025634415447711945, -0.0286865234375], [0.001421537483111024, 0.025622503831982613, -0.9996706247329712, 1.5680580139160156], [-0.9999575018882751, 0.009144614450633526, -0.001187561429105699, 0.044342041015625], [0.0, 0.0, 0.0, 1.0]], [[-0.9236922264099121, 0.38311344385147095, -0.0040810867212712765, 1.16046142578125], [0.00562657555565238, 0.002913546282798052, -0.9999799132347107, 1.5478098392486572], [-0.383093923330307, -0.9236966967582703, -0.004846835974603891, -0.0438232421875], [0.0, 0.0, 0.0, 1.0]]], "view": [[0.0, -2.0, 100.0], [-2.0, 0.0, 100.0], [0.0, 0.0, 1.0]], "bev": "bev_c3b375a049ec4192828ea837074e87c9.png", "aux": "aux_c3b375a049ec4192828ea837074e87c9.npz", "visibility": "visibility_c3b375a049ec4192828ea837074e87c9.png", "pose": [[0.7606755495071411, 0.6491323113441467, 0.0, 858.8155517578125], [-0.6491323113441467, 0.7606755495071411, 0.0, 1429.083251953125], [0.0, 0.0, 1.0, 0.0], [0.0, 0.0, 0.0, 1.0]], "pose_inverse": [[0.7606755495071411, -0.6491323113441467, 0.0, 274.38409423828125], [0.6491323113441467, 0.7606755495071411, 0.0, -1644.5535888671875], [0.0, 0.0, 1.0, 0.0], [0.0, 0.0, 0.0, 1.0]], "cam_ids": [0, 1, 2, 3, 4, 5], "cam_channels": ["CAM_FRONT_LEFT", "CAM_FRONT", "CAM_FRONT_RIGHT", "CAM_BACK_LEFT", "CAM_BACK", "CAM_BACK_RIGHT"], "token": "c3b375a049ec4192828ea837074e87c9", "scene": "scene-0726"}, {"images": ["samples/CAM_FRONT_LEFT/n008-2018-08-29-16-04-13-0400__CAM_FRONT_LEFT__1535573825404799.jpg", "samples/CAM_FRONT/n008-2018-08-29-16-04-13-0400__CAM_FRONT__1535573825412404.jpg", "samples/CAM_FRONT_RIGHT/n008-2018-08-29-16-04-13-0400__CAM_FRONT_RIGHT__1535573825420482.jpg", "samples/CAM_BACK_LEFT/n008-2018-08-29-16-04-13-0400__CAM_BACK_LEFT__1535573825447405.jpg", "samples/CAM_BACK/n008-2018-08-29-16-04-13-0400__CAM_BACK__1535573825437558.jpg", "samples/CAM_BACK_RIGHT/n008-2018-08-29-16-04-13-0400__CAM_BACK_RIGHT__1535573825428113.jpg"], "intrinsics": [[[1257.8625342125129, 0.0, 827.2410631095686], [0.0, 1257.8625342125129, 450.915498205774], [0.0, 0.0, 1.0]], [[1252.8131021185304, 0.0, 826.588114781398], [0.0, 1252.8131021185304, 469.9846626224581], [0.0, 0.0, 1.0]], [[1256.7485116440405, 0.0, 817.7887570959712], [0.0, 1256.7485116440403, 451.9541780095127], [0.0, 0.0, 1.0]], [[1254.9860565800168, 0.0, 829.5769333630991], [0.0, 1254.9860565800168, 467.1680561863987], [0.0, 0.0, 1.0]], [[796.8910634503094, 0.0, 857.7774326863696], [0.0, 796.8910634503094, 476.8848988407415], [0.0, 0.0, 1.0]], [[1249.9629280788233, 0.0, 825.3768045375984], [0.0, 1249.9629280788233, 462.54816385708756], [0.0, 0.0, 1.0]]], "extrinsics": [[[0.8225640058517456, -0.5686489343643188, -0.005188525188714266, -1.0050048828125], [0.014913978986442089, 0.030692411586642265, -0.9994176030158997, 1.4882965087890625], [0.5684769749641418, 0.8220075368881226, 0.033727288246154785, -1.3333740234375], [0.0, 0.0, 0.0, 1.0]], [[0.010384603403508663, -0.9995973706245422, -0.026405084878206253, 0.00537109375], [0.01687144674360752, 0.0265779010951519, -0.9995043277740479, 1.48016357421875], [0.9998036026954651, 0.00993391778320074, 0.01714065484702587, -1.734710693359375], [0.0, 0.0, 0.0, 1.0]], [[-0.8438059687614441, -0.5357750654220581, -0.030603406950831413, 1.090576171875], [0.024895211681723595, 0.017884928733110428, -0.999530017375946, 1.493072509765625], [0.5360706448554993, -0.8441713452339172, -0.0017531774938106537, -1.2777099609375], [0.0, 0.0, 0.0, 1.0]], [[0.9478597044944763, 0.31852778792381287, 0.010099046863615513, -1.143951416015625], [-0.0004547315475065261, 0.03304123505949974, -0.9994538426399231, 1.562042236328125], [-0.3186876177787781, 0.9473374485969543, 0.031463298946619034, -0.1561279296875], [0.0, 0.0, 0.0, 1.0]], [[0.009103002957999706, 0.9996324181556702, 0.025539692491292953, -0.0286865234375], [0.0016508387634530663, 0.025525692850351334, -0.9996727705001831, 1.5680618286132812], [-0.9999572038650513, 0.009142217226326466, -0.0014178719138726592, 0.04443359375], [0.0, 0.0, 0.0, 1.0]], [[-0.9236927628517151, 0.38310953974723816, -0.0043121459893882275, 1.16058349609375], [0.005837548989802599, 0.002819158136844635, -0.9999789595603943, 1.5478124618530273], [-0.3830892741680145, -0.9236985445022583, -0.004840457811951637, -0.043701171875], [0.0, 0.0, 0.0, 1.0]]], "view": [[0.0, -2.0, 100.0], [-2.0, 0.0, 100.0], [0.0, 0.0, 1.0]], "bev": "bev_7c412ee440de499ab076533403f4d37d.png", "aux": "aux_7c412ee440de499ab076533403f4d37d.npz", "visibility": "visibility_7c412ee440de499ab076533403f4d37d.png", "pose": [[0.7606680393218994, 0.6491410732269287, 0.0, 858.8154907226562], [-0.6491410732269287, 0.7606680393218994, 0.0, 1429.083251953125], [0.0, 0.0, 1.0, 0.0], [0.0, 0.0, 0.0, 1.0]], "pose_inverse": [[0.7606680393218994, -0.6491410732269287, 0.0, 274.40313720703125], [0.6491410732269287, 0.7606680393218994, 0.0, -1644.5504150390625], [0.0, 0.0, 1.0, 0.0], [0.0, 0.0, 0.0, 1.0]], "cam_ids": [0, 1, 2, 3, 4, 5], "cam_channels": ["CAM_FRONT_LEFT", "CAM_FRONT", "CAM_FRONT_RIGHT", "CAM_BACK_LEFT", "CAM_BACK", "CAM_BACK_RIGHT"], "token": "7c412ee440de499ab076533403f4d37d", "scene": "scene-0726"}, {"images": ["samples/CAM_FRONT_LEFT/n008-2018-08-29-16-04-13-0400__CAM_FRONT_LEFT__1535573825904799.jpg", "samples/CAM_FRONT/n008-2018-08-29-16-04-13-0400__CAM_FRONT__1535573825912404.jpg", "samples/CAM_FRONT_RIGHT/n008-2018-08-29-16-04-13-0400__CAM_FRONT_RIGHT__1535573825920482.jpg", "samples/CAM_BACK_LEFT/n008-2018-08-29-16-04-13-0400__CAM_BACK_LEFT__1535573825947405.jpg", "samples/CAM_BACK/n008-2018-08-29-16-04-13-0400__CAM_BACK__1535573825937558.jpg", "samples/CAM_BACK_RIGHT/n008-2018-08-29-16-04-13-0400__CAM_BACK_RIGHT__1535573825928113.jpg"], "intrinsics": [[[1257.8625342125129, 0.0, 827.2410631095686], [0.0, 1257.8625342125129, 450.915498205774], [0.0, 0.0, 1.0]], [[1252.8131021185304, 0.0, 826.588114781398], [0.0, 1252.8131021185304, 469.9846626224581], [0.0, 0.0, 1.0]], [[1256.7485116440405, 0.0, 817.7887570959712], [0.0, 1256.7485116440403, 451.9541780095127], [0.0, 0.0, 1.0]], [[1254.9860565800168, 0.0, 829.5769333630991], [0.0, 1254.9860565800168, 467.1680561863987], [0.0, 0.0, 1.0]], [[796.8910634503094, 0.0, 857.7774326863696], [0.0, 796.8910634503094, 476.8848988407415], [0.0, 0.0, 1.0]], [[1249.9629280788233, 0.0, 825.3768045375984], [0.0, 1249.9629280788233, 462.54816385708756], [0.0, 0.0, 1.0]]], "extrinsics": [[[0.8225725889205933, -0.5686373114585876, -0.005101194605231285, -1.0048828125], [0.01498723030090332, 0.030645735561847687, -0.9994179606437683, 1.4882888793945312], [0.568462610244751, 0.822017252445221, 0.0337306410074234, -1.3333740234375], [0.0, 0.0, 0.0, 1.0]], [[0.010398996993899345, -0.9995989799499512, -0.026339571923017502, 0.00537109375], [0.016936084255576134, 0.02651328593492508, -0.9995050430297852, 1.4801597595214844], [0.9998024702072144, 0.009947791695594788, 0.017205005511641502, -1.734619140625], [0.0, 0.0, 0.0, 1.0]], [[-0.8437982201576233, -0.5357871651649475, -0.030605468899011612, 1.09063720703125], [0.024950720369815826, 0.01780131831765175, -0.9995301365852356, 1.4930706024169922], [0.5360802412033081, -0.8441653847694397, -0.00165244669187814, -1.27734375], [0.0, 0.0, 0.0, 1.0]], [[0.9478590488433838, 0.3185291886329651, 0.010119886137545109, -1.14404296875], [-0.0004070075519848615, 0.03296453878283501, -0.9994564652442932, 1.562042236328125], [-0.3186897039413452, 0.9473395943641663, 0.031375378370285034, -0.1561279296875], [0.0, 0.0, 0.0, 1.0]], [[0.009096329100430012, 0.9996346831321716, 0.025453994050621986, -0.02880859375], [0.0017111663473770022, 0.025439448654651642, -0.9996748566627502, 1.5680618286132812], [-0.9999572038650513, 0.00913696177303791, -0.0014791358262300491, 0.04443359375], [0.0, 0.0, 0.0, 1.0]], [[-0.9236962795257568, 0.3831002712249756, -0.004403893370181322, 1.16058349609375], [0.00590242026373744, 0.0027362112887203693, -0.9999788403511047, 1.54781174659729], [-0.3830801248550415, -0.9237027168273926, -0.004788647871464491, -0.0435791015625], [0.0, 0.0, 0.0, 1.0]]], "view": [[0.0, -2.0, 100.0], [-2.0, 0.0, 100.0], [0.0, 0.0, 1.0]], "bev": "bev_cc507f8b217a4ca0a2629178d940613e.png", "aux": "aux_cc507f8b217a4ca0a2629178d940613e.npz", "visibility": "visibility_cc507f8b217a4ca0a2629178d940613e.png", "pose": [[0.7607294917106628, 0.64906907081604, 0.0, 858.8154907226562], [-0.64906907081604, 0.7607294917106628, 0.0, 1429.0830078125], [0.0, 0.0, 1.0, 0.0], [0.0, 0.0, 0.0, 1.0]], "pose_inverse": [[0.7607294917106628, -0.64906907081604, 0.0, 274.247314453125], [0.64906907081604, 0.7607294917106628, 0.0, -1644.576171875], [0.0, 0.0, 1.0, 0.0], [0.0, 0.0, 0.0, 1.0]], "cam_ids": [0, 1, 2, 3, 4, 5], "cam_channels": ["CAM_FRONT_LEFT", "CAM_FRONT", "CAM_FRONT_RIGHT", "CAM_BACK_LEFT", "CAM_BACK", "CAM_BACK_RIGHT"], "token": "cc507f8b217a4ca0a2629178d940613e", "scene": "scene-0726"}, {"images": ["samples/CAM_FRONT_LEFT/n008-2018-08-29-16-04-13-0400__CAM_FRONT_LEFT__1535573826404799.jpg", "samples/CAM_FRONT/n008-2018-08-29-16-04-13-0400__CAM_FRONT__1535573826412404.jpg", "samples/CAM_FRONT_RIGHT/n008-2018-08-29-16-04-13-0400__CAM_FRONT_RIGHT__1535573826420482.jpg", "samples/CAM_BACK_LEFT/n008-2018-08-29-16-04-13-0400__CAM_BACK_LEFT__1535573826447405.jpg", "samples/CAM_BACK/n008-2018-08-29-16-04-13-0400__CAM_BACK__1535573826437558.jpg", "samples/CAM_BACK_RIGHT/n008-2018-08-29-16-04-13-0400__CAM_BACK_RIGHT__1535573826428113.jpg"], "intrinsics": [[[1257.8625342125129, 0.0, 827.2410631095686], [0.0, 1257.8625342125129, 450.915498205774], [0.0, 0.0, 1.0]], [[1252.8131021185304, 0.0, 826.588114781398], [0.0, 1252.8131021185304, 469.9846626224581], [0.0, 0.0, 1.0]], [[1256.7485116440405, 0.0, 817.7887570959712], [0.0, 1256.7485116440403, 451.9541780095127], [0.0, 0.0, 1.0]], [[1254.9860565800168, 0.0, 829.5769333630991], [0.0, 1254.9860565800168, 467.1680561863987], [0.0, 0.0, 1.0]], [[796.8910634503094, 0.0, 857.7774326863696], [0.0, 796.8910634503094, 476.8848988407415], [0.0, 0.0, 1.0]], [[1249.9629280788233, 0.0, 825.3768045375984], [0.0, 1249.9629280788233, 462.54816385708756], [0.0, 0.0, 1.0]]], "extrinsics": [[[0.8225536346435547, -0.5686659812927246, -0.004963951651006937, -1.0050048828125], [0.015136446803808212, 0.03061831369996071, -0.9994165301322937, 1.4882926940917969], [0.5684861540794373, 0.8219984769821167, 0.03379278630018234, -1.3333740234375], [0.0, 0.0, 0.0, 1.0]], [[0.010377860628068447, -0.9995994567871094, -0.026328857988119125, 0.00537109375], [0.01709667406976223, 0.026503803208470345, -0.9995025396347046, 1.4801597595214844], [0.999799907207489, 0.00992250069975853, 0.017364880070090294, -1.73480224609375], [0.0, 0.0, 0.0, 1.0]], [[-0.8438006639480591, -0.5357746481895447, -0.030755994841456413, 1.09063720703125], [0.025122568011283875, 0.017811531201004982, -0.9995256662368774, 1.4930744171142578], [0.5360682606697083, -0.8441731333732605, -0.0015693474560976028, -1.277587890625], [0.0, 0.0, 0.0, 1.0]], [[0.9478580355644226, 0.3185277581214905, 0.010265921242535114, -1.143890380859375], [-0.0002588914649095386, 0.03298214450478554, -0.9994558691978455, 1.562042236328125], [-0.31869301199913025, 0.9473395347595215, 0.03134485334157944, -0.15625], [0.0, 0.0, 0.0, 1.0]], [[0.009095752611756325, 0.9996338486671448, 0.02548450604081154, -0.02880859375], [0.0018673534505069256, 0.025468535721302032, -0.9996738433837891, 1.5680618286132812], [-0.9999569058418274, 0.009140386246144772, -0.0016350148944184184, 0.0443115234375], [0.0, 0.0, 0.0, 1.0]], [[-0.9236932396888733, 0.38310596346855164, -0.004542498849332333, 1.16064453125], [0.006062626373022795, 0.0027606147341430187, -0.9999778270721436, 1.5478131771087646], [-0.38308486342430115, -0.9237002730369568, -0.004872587509453297, -0.043701171875], [0.0, 0.0, 0.0, 1.0]]], "view": [[0.0, -2.0, 100.0], [-2.0, 0.0, 100.0], [0.0, 0.0, 1.0]], "bev": "bev_b4f105474da342a78c227f1d916b46d9.png", "aux": "aux_b4f105474da342a78c227f1d916b46d9.npz", "visibility": "visibility_b4f105474da342a78c227f1d916b46d9.png", "pose": [[0.7607279419898987, 0.6490708589553833, 0.0, 858.8154296875], [-0.6490708589553833, 0.7607279419898987, 0.0, 1429.0830078125], [0.0, 0.0, 1.0, 0.0], [0.0, 0.0, 0.0, 1.0]], "pose_inverse": [[0.7607279419898987, -0.6490708589553833, 0.0, 274.25128173828125], [0.6490708589553833, 0.7607279419898987, 0.0, -1644.575439453125], [0.0, 0.0, 1.0, 0.0], [0.0, 0.0, 0.0, 1.0]], "cam_ids": [0, 1, 2, 3, 4, 5], "cam_channels": ["CAM_FRONT_LEFT", "CAM_FRONT", "CAM_FRONT_RIGHT", "CAM_BACK_LEFT", "CAM_BACK", "CAM_BACK_RIGHT"], "token": "b4f105474da342a78c227f1d916b46d9", "scene": "scene-0726"}, {"images": ["samples/CAM_FRONT_LEFT/n008-2018-08-29-16-04-13-0400__CAM_FRONT_LEFT__1535573826904799.jpg", "samples/CAM_FRONT/n008-2018-08-29-16-04-13-0400__CAM_FRONT__1535573826912404.jpg", "samples/CAM_FRONT_RIGHT/n008-2018-08-29-16-04-13-0400__CAM_FRONT_RIGHT__1535573826920482.jpg", "samples/CAM_BACK_LEFT/n008-2018-08-29-16-04-13-0400__CAM_BACK_LEFT__1535573826947835.jpg", "samples/CAM_BACK/n008-2018-08-29-16-04-13-0400__CAM_BACK__1535573826937558.jpg", "samples/CAM_BACK_RIGHT/n008-2018-08-29-16-04-13-0400__CAM_BACK_RIGHT__1535573826928113.jpg"], "intrinsics": [[[1257.8625342125129, 0.0, 827.2410631095686], [0.0, 1257.8625342125129, 450.915498205774], [0.0, 0.0, 1.0]], [[1252.8131021185304, 0.0, 826.588114781398], [0.0, 1252.8131021185304, 469.9846626224581], [0.0, 0.0, 1.0]], [[1256.7485116440405, 0.0, 817.7887570959712], [0.0, 1256.7485116440403, 451.9541780095127], [0.0, 0.0, 1.0]], [[1254.9860565800168, 0.0, 829.5769333630991], [0.0, 1254.9860565800168, 467.1680561863987], [0.0, 0.0, 1.0]], [[796.8910634503094, 0.0, 857.7774326863696], [0.0, 796.8910634503094, 476.8848988407415], [0.0, 0.0, 1.0]], [[1249.9629280788233, 0.0, 825.3768045375984], [0.0, 1249.9629280788233, 462.54816385708756], [0.0, 0.0, 1.0]]], "extrinsics": [[[0.8225612044334412, -0.5686547160148621, -0.004987434018403292, -1.0047607421875], [0.015198354609310627, 0.030749894678592682, -0.9994115233421326, 1.4883003234863281], [0.5684735774993896, 0.8220013380050659, 0.033936284482479095, -1.333251953125], [0.0, 0.0, 0.0, 1.0]], [[0.010384779423475266, -0.999596118927002, -0.026452019810676575, 0.0054931640625], [0.017147090286016464, 0.026627572253346443, -0.9994983673095703, 1.48016357421875], [0.9997990727424622, 0.009926026687026024, 0.017416685819625854, -1.734649658203125], [0.0, 0.0, 0.0, 1.0]], [[-0.8438004851341248, -0.5357696413993835, -0.030850376933813095, 1.09063720703125], [0.02516149915754795, 0.017926298081874847, -0.9995226263999939, 1.493072509765625], [0.5360668897628784, -0.8441738486289978, -0.001645450247451663, -1.2774658203125], [0.0, 0.0, 0.0, 1.0]], [[0.9478573799133301, 0.3185257315635681, 0.010376384481787682, -1.1439208984375], [-0.000178436646820046, 0.03308942914009094, -0.9994524121284485, 1.562042236328125], [-0.3186946511268616, 0.9473365545272827, 0.03142089769244194, -0.156005859375], [0.0, 0.0, 0.0, 1.0]], [[0.009098110720515251, 0.9996309876441956, 0.025596655905246735, -0.02880859375], [0.0019281803397461772, 0.025580130517482758, -0.9996708631515503, 1.5680618286132812], [-0.9999567866325378, 0.009144452400505543, -0.0016947395633906126, 0.044342041015625], [0.0, 0.0, 0.0, 1.0]], [[-0.9236904978752136, 0.38311246037483215, -0.004546205047518015, 1.16064453125], [0.006110055837780237, 0.0028652132023125887, -0.9999772310256958, 1.5478112697601318], [-0.38309070467948914, -0.923697292804718, -0.00498740840703249, -0.0438232421875], [0.0, 0.0, 0.0, 1.0]]], "view": [[0.0, -2.0, 100.0], [-2.0, 0.0, 100.0], [0.0, 0.0, 1.0]], "bev": "bev_09b55ab8c7414484a62427bc934e1956.png", "aux": "aux_09b55ab8c7414484a62427bc934e1956.npz", "visibility": "visibility_09b55ab8c7414484a62427bc934e1956.png", "pose": [[0.7607309222221375, 0.6490674018859863, 0.0, 858.8154296875], [-0.6490674018859863, 0.7607309222221375, 0.0, 1429.0828857421875], [0.0, 0.0, 1.0, 0.0], [0.0, 0.0, 0.0, 1.0]], "pose_inverse": [[0.7607309222221375, -0.6490674018859863, 0.0, 274.2436218261719], [0.6490674018859863, 0.7607309222221375, 0.0, -1644.57666015625], [0.0, 0.0, 1.0, 0.0], [0.0, 0.0, 0.0, 1.0]], "cam_ids": [0, 1, 2, 3, 4, 5], "cam_channels": ["CAM_FRONT_LEFT", "CAM_FRONT", "CAM_FRONT_RIGHT", "CAM_BACK_LEFT", "CAM_BACK", "CAM_BACK_RIGHT"], "token": "09b55ab8c7414484a62427bc934e1956", "scene": "scene-0726"}, {"images": ["samples/CAM_FRONT_LEFT/n008-2018-08-29-16-04-13-0400__CAM_FRONT_LEFT__1535573827404799.jpg", "samples/CAM_FRONT/n008-2018-08-29-16-04-13-0400__CAM_FRONT__1535573827412404.jpg", "samples/CAM_FRONT_RIGHT/n008-2018-08-29-16-04-13-0400__CAM_FRONT_RIGHT__1535573827420482.jpg", "samples/CAM_BACK_LEFT/n008-2018-08-29-16-04-13-0400__CAM_BACK_LEFT__1535573827447405.jpg", "samples/CAM_BACK/n008-2018-08-29-16-04-13-0400__CAM_BACK__1535573827437558.jpg", "samples/CAM_BACK_RIGHT/n008-2018-08-29-16-04-13-0400__CAM_BACK_RIGHT__1535573827428113.jpg"], "intrinsics": [[[1257.8625342125129, 0.0, 827.2410631095686], [0.0, 1257.8625342125129, 450.915498205774], [0.0, 0.0, 1.0]], [[1252.8131021185304, 0.0, 826.588114781398], [0.0, 1252.8131021185304, 469.9846626224581], [0.0, 0.0, 1.0]], [[1256.7485116440405, 0.0, 817.7887570959712], [0.0, 1256.7485116440403, 451.9541780095127], [0.0, 0.0, 1.0]], [[1254.9860565800168, 0.0, 829.5769333630991], [0.0, 1254.9860565800168, 467.1680561863987], [0.0, 0.0, 1.0]], [[796.8910634503094, 0.0, 857.7774326863696], [0.0, 796.8910634503094, 476.8848988407415], [0.0, 0.0, 1.0]], [[1249.9629280788233, 0.0, 825.3768045375984], [0.0, 1249.9629280788233, 462.54816385708756], [0.0, 0.0, 1.0]]], "extrinsics": [[[0.8225739002227783, -0.5686396360397339, -0.004608646035194397, -1.0050048828125], [0.015461700037121773, 0.03046630322933197, -0.9994162321090698, 1.4882965087890625], [0.5684481263160706, 0.8220223784446716, 0.033852919936180115, -1.3333740234375], [0.0, 0.0, 0.0, 1.0]], [[0.010411565192043781, -0.9996031522750854, -0.02617640607059002, 0.00537109375], [0.017426341772079468, 0.026355234906077385, -0.9995007514953613, 1.48016357421875], [0.9997939467430115, 0.009950202889740467, 0.01769382320344448, -1.73468017578125], [0.0, 0.0, 0.0, 1.0]], [[-0.843782365322113, -0.53579181432724, -0.03096095286309719, 1.09051513671875], [0.02545773983001709, 0.017665991559624672, -0.9995197653770447, 1.493072509765625], [0.5360814332962036, -0.8441652655601501, -0.0012662039371207356, -1.277587890625], [0.0, 0.0, 0.0, 1.0]], [[0.9478542804718018, 0.31852927803993225, 0.010558534413576126, -1.143890380859375], [9.20348393265158e-05, 0.03285600244998932, -0.9994601011276245, 1.562042236328125], [-0.31870415806770325, 0.9473434090614319, 0.031113386154174805, -0.15625], [0.0, 0.0, 0.0, 1.0]], [[0.009083723649382591, 0.9996376633644104, 0.025338398292660713, -0.0289306640625], [0.002209692494943738, 0.025319315493106842, -0.9996769428253174, 1.5680618286132812], [-0.9999563097953796, 0.009136785753071308, -0.0019788965582847595, 0.044281005859375], [0.0, 0.0, 0.0, 1.0]], [[-0.9236942529678345, 0.38309890031814575, -0.004918667487800121, 1.16070556640625], [0.006404846906661987, 0.0026039464864879847, -0.9999760985374451, 1.5478127002716064], [-0.38307684659957886, -0.923703670501709, -0.0048589385114610195, -0.0435791015625], [0.0, 0.0, 0.0, 1.0]]], "view": [[0.0, -2.0, 100.0], [-2.0, 0.0, 100.0], [0.0, 0.0, 1.0]], "bev": "bev_e3a09b7eee9c42bf8ab21f4f9d0a79f4.png", "aux": "aux_e3a09b7eee9c42bf8ab21f4f9d0a79f4.npz", "visibility": "visibility_e3a09b7eee9c42bf8ab21f4f9d0a79f4.png", "pose": [[0.7607075572013855, 0.6490947604179382, 0.0, 858.8153686523438], [-0.6490947604179382, 0.7607075572013855, 0.0, 1429.0828857421875], [0.0, 0.0, 1.0, 0.0], [0.0, 0.0, 0.0, 1.0]], "pose_inverse": [[0.7607075572013855, -0.6490947604179382, 0.0, 274.3028564453125], [0.6490947604179382, 0.7607075572013855, 0.0, -1644.5667724609375], [0.0, 0.0, 1.0, 0.0], [0.0, 0.0, 0.0, 1.0]], "cam_ids": [0, 1, 2, 3, 4, 5], "cam_channels": ["CAM_FRONT_LEFT", "CAM_FRONT", "CAM_FRONT_RIGHT", "CAM_BACK_LEFT", "CAM_BACK", "CAM_BACK_RIGHT"], "token": "e3a09b7eee9c42bf8ab21f4f9d0a79f4", "scene": "scene-0726"}, {"images": ["samples/CAM_FRONT_LEFT/n008-2018-08-29-16-04-13-0400__CAM_FRONT_LEFT__1535573827904799.jpg", "samples/CAM_FRONT/n008-2018-08-29-16-04-13-0400__CAM_FRONT__1535573827912404.jpg", "samples/CAM_FRONT_RIGHT/n008-2018-08-29-16-04-13-0400__CAM_FRONT_RIGHT__1535573827920482.jpg", "samples/CAM_BACK_LEFT/n008-2018-08-29-16-04-13-0400__CAM_BACK_LEFT__1535573827947551.jpg", "samples/CAM_BACK/n008-2018-08-29-16-04-13-0400__CAM_BACK__1535573827937573.jpg", "samples/CAM_BACK_RIGHT/n008-2018-08-29-16-04-13-0400__CAM_BACK_RIGHT__1535573827928113.jpg"], "intrinsics": [[[1257.8625342125129, 0.0, 827.2410631095686], [0.0, 1257.8625342125129, 450.915498205774], [0.0, 0.0, 1.0]], [[1252.8131021185304, 0.0, 826.588114781398], [0.0, 1252.8131021185304, 469.9846626224581], [0.0, 0.0, 1.0]], [[1256.7485116440405, 0.0, 817.7887570959712], [0.0, 1256.7485116440403, 451.9541780095127], [0.0, 0.0, 1.0]], [[1254.9860565800168, 0.0, 829.5769333630991], [0.0, 1254.9860565800168, 467.1680561863987], [0.0, 0.0, 1.0]], [[796.8910634503094, 0.0, 857.7774326863696], [0.0, 796.8910634503094, 476.8848988407415], [0.0, 0.0, 1.0]], [[1249.9629280788233, 0.0, 825.3768045375984], [0.0, 1249.9629280788233, 462.54816385708756], [0.0, 0.0, 1.0]]], "extrinsics": [[[0.822572648525238, -0.5686426758766174, -0.004450306296348572, -1.005126953125], [0.015639759600162506, 0.030445372685790062, -0.9994140863418579, 1.4882965087890625], [0.5684449672698975, 0.8220211267471313, 0.033936962485313416, -1.3333740234375], [0.0, 0.0, 0.0, 1.0]], [[0.01041070930659771, -0.999603807926178, -0.026153629645705223, 0.00537109375], [0.017593324184417725, 0.026334106922149658, -0.9994984269142151, 1.48016357421875], [0.9997910261154175, 0.00994533859193325, 0.01786050759255886, -1.73480224609375], [0.0, 0.0, 0.0, 1.0]], [[-0.8437806963920593, -0.5357874035835266, -0.031080465763807297, 1.090576171875], [0.025612883269786835, 0.01764463447034359, -0.9995161890983582, 1.4930744171142578], [0.5360766053199768, -0.8441685438156128, -0.0011651405366137624, -1.2774658203125], [0.0, 0.0, 0.0, 1.0]], [[0.9478532075881958, 0.3185276687145233, 0.01069609820842743, -1.14398193359375], [0.00024591348483227193, 0.032829929143190384, -0.9994609355926514, 1.562042236328125], [-0.318707138299942, 0.9473448991775513, 0.03103961981832981, -0.15625], [0.0, 0.0, 0.0, 1.0]], [[0.00908308569341898, 0.9996381402015686, 0.02532121166586876, -0.02880859375], [0.0023754406720399857, 0.025300614535808563, -0.9996770024299622, 1.5680618286132812], [-0.999955952167511, 0.009140294045209885, -0.0021447737235575914,