[{"images": ["samples/CAM_FRONT_LEFT/n008-2018-09-18-13-10-39-0400__CAM_FRONT_LEFT__1537290901354799.jpg", "samples/CAM_FRONT/n008-2018-09-18-13-10-39-0400__CAM_FRONT__1537290901362404.jpg", "samples/CAM_FRONT_RIGHT/n008-2018-09-18-13-10-39-0400__CAM_FRONT_RIGHT__1537290901370482.jpg", "samples/CAM_BACK_LEFT/n008-2018-09-18-13-10-39-0400__CAM_BACK_LEFT__1537290901397405.jpg", "samples/CAM_BACK/n008-2018-09-18-13-10-39-0400__CAM_BACK__1537290901387558.jpg", "samples/CAM_BACK_RIGHT/n008-2018-09-18-13-10-39-0400__CAM_BACK_RIGHT__1537290901378113.jpg"], "intrinsics": [[[1257.8625342125129, 0.0, 827.2410631095686], [0.0, 1257.8625342125129, 450.915498205774], [0.0, 0.0, 1.0]], [[1252.8131021185304, 0.0, 826.588114781398], [0.0, 1252.8131021185304, 469.9846626224581], [0.0, 0.0, 1.0]], [[1256.7485116440405, 0.0, 817.7887570959712], [0.0, 1256.7485116440403, 451.9541780095127], [0.0, 0.0, 1.0]], [[1254.9860565800168, 0.0, 829.5769333630991], [0.0, 1254.9860565800168, 467.1680561863987], [0.0, 0.0, 1.0]], [[796.8910634503094, 0.0, 857.7774326863696], [0.0, 796.8910634503094, 476.8848988407415], [0.0, 0.0, 1.0]], [[1249.9629280788233, 0.0, 825.3768045375984], [0.0, 1249.9629280788233, 462.54816385708756], [0.0, 0.0, 1.0]]], "extrinsics": [[[0.8225857615470886, -0.5683520436286926, -0.018129529431462288, -0.86456298828125], [-0.01243602018803358, 0.013894004747271538, -0.9998261332511902, 1.486154556274414], [0.5685051083564758, 0.822668194770813, 0.00436097476631403, -1.2401123046875], [0.0, 0.0, 0.0, 1.0]], [[0.010414828546345234, -0.9998977780342102, -0.009797480888664722, 0.009521484375], [-0.010360440239310265, 0.00968958344310522, -0.9998993873596191, 1.4786810874938965], [0.9998921155929565, 0.010515288449823856, -0.010258464142680168, -1.593902587890625], [0.0, 0.0, 0.0, 1.0]], [[-0.8439595103263855, -0.5364049673080444, 0.0014046538854017854, 0.997650146484375], [-0.0022319986019283533, 0.0008931070333346725, -0.999997079372406, 1.492821455001831], [0.53640216588974, -0.8439602851867676, -0.001951002748683095, -1.21600341796875], [0.0, 0.0, 0.0, 1.0]], [[0.9476094245910645, 0.3187486529350281, -0.02086992748081684, -1.1314697265625], [-0.027284016832709312, 0.015670638531446457, -0.9995049238204956, 1.5616750717163086], [-0.31826382875442505, 0.9477097392082214, 0.02354639209806919, -0.16070556640625], [0.0, 0.0, 0.0, 1.0]], [[0.009217699989676476, 0.9999250173568726, 0.008060985244810581, -0.02935791015625], [-0.02525465004146099, 0.008291549049317837, -0.9996466636657715, 1.5668079853057861], [-0.999638557434082, 0.009010895155370235, 0.025329183787107468, -0.0050048828125], [0.0, 0.0, 0.0, 1.0]], [[-0.9237078428268433, 0.38283732533454895, 0.014122270978987217, 1.0827484130859375], [-0.021204929798841476, -0.014286763034760952, -0.999673068523407, 1.5460596084594727], [-0.38251039385795593, -0.9237052798271179, 0.0213148333132267, -0.07427978515625], [0.0, 0.0, 0.0, 1.0]]], "view": [[0.0, -2.0, 100.0], [-2.0, 0.0, 100.0], [0.0, 0.0, 1.0]], "bev": "bev_b2db2ce3381545a598ccbc61cb4f6ebe.png", "aux": "aux_b2db2ce3381545a598ccbc61cb4f6ebe.npz", "visibility": "visibility_b2db2ce3381545a598ccbc61cb4f6ebe.png", "pose": [[-0.9651566743850708, -0.261672705411911, 0.0, 328.1536560058594], [0.261672705411911, -0.9651566743850708, 0.0, 660.10693359375], [0.0, 0.0, 1.0, 0.0], [0.0, 0.0, 0.0, 1.0]], "pose_inverse": [[-0.9651566743850708, 0.261672705411911, 0.0, 143.98773193359375], [-0.261672705411911, -0.9651566743850708, 0.0, 722.9754638671875], [0.0, 0.0, 1.0, 0.0], [0.0, 0.0, 0.0, 1.0]], "cam_ids": [0, 1, 2, 3, 4, 5], "cam_channels": ["CAM_FRONT_LEFT", "CAM_FRONT", "CAM_FRONT_RIGHT", "CAM_BACK_LEFT", "CAM_BACK", "CAM_BACK_RIGHT"], "token": "b2db2ce3381545a598ccbc61cb4f6ebe", "scene": "scene-0576"}, {"images": ["samples/CAM_FRONT_LEFT/n008-2018-09-18-13-10-39-0400__CAM_FRONT_LEFT__1537290901854799.jpg", "samples/CAM_FRONT/n008-2018-09-18-13-10-39-0400__CAM_FRONT__1537290901862404.jpg", "samples/CAM_FRONT_RIGHT/n008-2018-09-18-13-10-39-0400__CAM_FRONT_RIGHT__1537290901870482.jpg", "samples/CAM_BACK_LEFT/n008-2018-09-18-13-10-39-0400__CAM_BACK_LEFT__1537290901897405.jpg", "samples/CAM_BACK/n008-2018-09-18-13-10-39-0400__CAM_BACK__1537290901887558.jpg", "samples/CAM_BACK_RIGHT/n008-2018-09-18-13-10-39-0400__CAM_BACK_RIGHT__1537290901878113.jpg"], "intrinsics": [[[1257.8625342125129, 0.0, 827.2410631095686], [0.0, 1257.8625342125129, 450.915498205774], [0.0, 0.0, 1.0]], [[1252.8131021185304, 0.0, 826.588114781398], [0.0, 1252.8131021185304, 469.9846626224581], [0.0, 0.0, 1.0]], [[1256.7485116440405, 0.0, 817.7887570959712], [0.0, 1256.7485116440403, 451.9541780095127], [0.0, 0.0, 1.0]], [[1254.9860565800168, 0.0, 829.5769333630991], [0.0, 1254.9860565800168, 467.1680561863987], [0.0, 0.0, 1.0]], [[796.8910634503094, 0.0, 857.7774326863696], [0.0, 796.8910634503094, 476.8848988407415], [0.0, 0.0, 1.0]], [[1249.9629280788233, 0.0, 825.3768045375984], [0.0, 1249.9629280788233, 462.54816385708756], [0.0, 0.0, 1.0]]], "extrinsics": [[[0.8222090005874634, -0.5689172148704529, -0.017475761473178864, -0.886627197265625], [-0.012441763654351234, 0.012731662951409817, -0.9998415112495422, 1.4864935874938965], [0.569049596786499, 0.8222962021827698, 0.003389753634110093, -1.2542724609375], [0.0, 0.0, 0.0, 1.0]], [[0.009869632311165333, -0.9999135136604309, -0.008692809380590916, 0.008544921875], [-0.010598731227219105, 0.008588137105107307, -0.9999069571495056, 1.4788908958435059], [0.9998950362205505, 0.009960825555026531, -0.010513055138289928, -1.616058349609375], [0.0, 0.0, 0.0, 1.0]], [[-0.8441874980926514, -0.5360426902770996, 0.002383819315582514, 1.0125732421875], [-0.0027510407380759716, -0.00011457571963546798, -0.9999961853027344, 1.492815375328064], [0.5360409021377563, -0.8441908359527588, -0.001377952634356916, -1.22607421875], [0.0, 0.0, 0.0, 1.0]], [[0.9477133750915527, 0.3183400630950928, -0.0223397109657526, -1.134185791015625], [-0.0286719873547554, 0.015219219028949738, -0.9994730353355408, 1.561753749847412], [-0.3178322911262512, 0.9478543996810913, 0.02355089969933033, -0.15911865234375], [0.0, 0.0, 0.0, 1.0]], [[0.009535943157970905, 0.9999275803565979, 0.007343592122197151, -0.0289306640625], [-0.026345914229750633, 0.00759261567145586, -0.9996240139007568, 1.566989541053772], [-0.9996073842048645, 0.009338865987956524, 0.026416411623358727, 0.0038299560546875], [0.0, 0.0, 0.0, 1.0]], [[-0.9235742688179016, 0.3831442892551422, 0.014523106627166271, 1.0958709716796875], [-0.02200920693576336, -0.015161952003836632, -0.9996427893638611, 1.546295166015625], [-0.3827872574329376, -0.923564076423645, 0.02243589237332344, -0.06927490234375], [0.0, 0.0, 0.0, 1.0]]], "view": [[0.0, -2.0, 100.0], [-2.0, 0.0, 100.0], [0.0, 0.0, 1.0]], "bev": "bev_f3103e095b674832928fcab2ce359e8b.png", "aux": "aux_f3103e095b674832928fcab2ce359e8b.npz", "visibility": "visibility_f3103e095b674832928fcab2ce359e8b.png", "pose": [[-0.9656060934066772, -0.2600093185901642, 0.0, 326.5578308105469], [0.2600093185901642, -0.9656060934066772, 0.0, 660.5647583007812], [0.0, 0.0, 1.0, 0.0], [0.0, 0.0, 0.0, 1.0]], "pose_inverse": [[-0.9656060934066772, 0.2600093185901642, 0.0, 143.5732421875], [-0.2600093185901642, -0.9656060934066772, 0.0, 722.75341796875], [0.0, 0.0, 1.0, 0.0], [0.0, 0.0, 0.0, 1.0]], "cam_ids": [0, 1, 2, 3, 4, 5], "cam_channels": ["CAM_FRONT_LEFT", "CAM_FRONT", "CAM_FRONT_RIGHT", "CAM_BACK_LEFT", "CAM_BACK", "CAM_BACK_RIGHT"], "token": "f3103e095b674832928fcab2ce359e8b", "scene": "scene-0576"}, {"images": ["samples/CAM_FRONT_LEFT/n008-2018-09-18-13-10-39-0400__CAM_FRONT_LEFT__1537290902354799.jpg", "samples/CAM_FRONT/n008-2018-09-18-13-10-39-0400__CAM_FRONT__1537290902362404.jpg", "samples/CAM_FRONT_RIGHT/n008-2018-09-18-13-10-39-0400__CAM_FRONT_RIGHT__1537290902370482.jpg", "samples/CAM_BACK_LEFT/n008-2018-09-18-13-10-39-0400__CAM_BACK_LEFT__1537290902397405.jpg", "samples/CAM_BACK/n008-2018-09-18-13-10-39-0400__CAM_BACK__1537290902387558.jpg", "samples/CAM_BACK_RIGHT/n008-2018-09-18-13-10-39-0400__CAM_BACK_RIGHT__1537290902378113.jpg"], "intrinsics": [[[1257.8625342125129, 0.0, 827.2410631095686], [0.0, 1257.8625342125129, 450.915498205774], [0.0, 0.0, 1.0]], [[1252.8131021185304, 0.0, 826.588114781398], [0.0, 1252.8131021185304, 469.9846626224581], [0.0, 0.0, 1.0]], [[1256.7485116440405, 0.0, 817.7887570959712], [0.0, 1256.7485116440403, 451.9541780095127], [0.0, 0.0, 1.0]], [[1254.9860565800168, 0.0, 829.5769333630991], [0.0, 1254.9860565800168, 467.1680561863987], [0.0, 0.0, 1.0]], [[796.8910634503094, 0.0, 857.7774326863696], [0.0, 796.8910634503094, 476.8848988407415], [0.0, 0.0, 1.0]], [[1249.9629280788233, 0.0, 825.3768045375984], [0.0, 1249.9629280788233, 462.54816385708756], [0.0, 0.0, 1.0]]], "extrinsics": [[[0.8222925066947937, -0.5686734914779663, -0.02110300213098526, -0.900787353515625], [-0.012105985544621944, 0.019594267010688782, -0.9997346997261047, 1.4867334365844727], [0.5689361095428467, 0.8223299384117126, 0.009227867238223553, -1.2640380859375], [0.0, 0.0, 0.0, 1.0]], [[0.009939494542777538, -0.9998297095298767, -0.015546876937150955, 0.00836181640625], [-0.010144572705030441, 0.015446019358932972, -0.9998292922973633, 1.4790849685668945], [0.99989914894104, 0.010095524601638317, -0.009989320300519466, -1.6312255859375], [0.0, 0.0, 0.0, 1.0]], [[-0.8441662788391113, -0.536078155040741, -0.0018420236883684993, 1.023040771484375], [-0.0020707163494080305, 0.006696799769997597, -0.9999753832817078, 1.4928932189941406], [0.5360773801803589, -0.8441417813301086, -0.0067632803693413734, -1.23284912109375], [0.0, 0.0, 0.0, 1.0]], [[0.9476721286773682, 0.31869134306907654, -0.018794160336256027, -1.13726806640625], [-0.02707734704017639, 0.021580610424280167, -0.9994003772735596, 1.5618515014648438], [-0.31809473037719727, 0.9476128220558167, 0.02908066101372242, -0.158447265625], [0.0, 0.0, 0.0, 1.0]], [[0.00943107157945633, 0.9998584389686584, 0.013935288414359093, -0.02923583984375], [-0.025114471092820168, 0.014168355613946915, -0.9995841979980469, 1.567197322845459], [-0.9996400475502014, 0.009077214635908604, 0.025244539603590965, 0.0102996826171875], [0.0, 0.0, 0.0, 1.0]], [[-0.9235990047454834, 0.38301733136177063, 0.016200123354792595, 1.104827880859375], [-0.02103590779006481, -0.008440308272838593, -0.9997430443763733, 1.5465598106384277], [-0.3827821910381317, -0.9237024784088135, 0.015852579846978188, -0.065673828125], [0.0, 0.0, 0.0, 1.0]]], "view": [[0.0, -2.0, 100.0], [-2.0, 0.0, 100.0], [0.0, 0.0, 1.0]], "bev": "bev_4f068d3c953048b5895b82b4a1e4e92a.png", "aux": "aux_4f068d3c953048b5895b82b4a1e4e92a.npz", "visibility": "visibility_4f068d3c953048b5895b82b4a1e4e92a.png", "pose": [[-0.9653295278549194, -0.2610342502593994, 0.0, 325.1406555175781], [0.2610342502593994, -0.9653295278549194, 0.0, 660.979248046875], [0.0, 0.0, 1.0, 0.0], [0.0, 0.0, 0.0, 1.0]], "pose_inverse": [[-0.9653295278549194, 0.2610342502593994, 0.0, 141.3296661376953], [-0.2610342502593994, -0.9653295278549194, 0.0, 722.9356689453125], [0.0, 0.0, 1.0, 0.0], [0.0, 0.0, 0.0, 1.0]], "cam_ids": [0, 1, 2, 3, 4, 5], "cam_channels": ["CAM_FRONT_LEFT", "CAM_FRONT", "CAM_FRONT_RIGHT", "CAM_BACK_LEFT", "CAM_BACK", "CAM_BACK_RIGHT"], "token": "4f068d3c953048b5895b82b4a1e4e92a", "scene": "scene-0576"}, {"images": ["samples/CAM_FRONT_LEFT/n008-2018-09-18-13-10-39-0400__CAM_FRONT_LEFT__1537290902854799.jpg", "samples/CAM_FRONT/n008-2018-09-18-13-10-39-0400__CAM_FRONT__1537290902862404.jpg", "samples/CAM_FRONT_RIGHT/n008-2018-09-18-13-10-39-0400__CAM_FRONT_RIGHT__1537290902870482.jpg", "samples/CAM_BACK_LEFT/n008-2018-09-18-13-10-39-0400__CAM_BACK_LEFT__1537290902897405.jpg", "samples/CAM_BACK/n008-2018-09-18-13-10-39-0400__CAM_BACK__1537290902887558.jpg", "samples/CAM_BACK_RIGHT/n008-2018-09-18-13-10-39-0400__CAM_BACK_RIGHT__1537290902878113.jpg"], "intrinsics": [[[1257.8625342125129, 0.0, 827.2410631095686], [0.0, 1257.8625342125129, 450.915498205774], [0.0, 0.0, 1.0]], [[1252.8131021185304, 0.0, 826.588114781398], [0.0, 1252.8131021185304, 469.9846626224581], [0.0, 0.0, 1.0]], [[1256.7485116440405, 0.0, 817.7887570959712], [0.0, 1256.7485116440403, 451.9541780095127], [0.0, 0.0, 1.0]], [[1254.9860565800168, 0.0, 829.5769333630991], [0.0, 1254.9860565800168, 467.1680561863987], [0.0, 0.0, 1.0]], [[796.8910634503094, 0.0, 857.7774326863696], [0.0, 796.8910634503094, 476.8848988407415], [0.0, 0.0, 1.0]], [[1249.9629280788233, 0.0, 825.3768045375984], [0.0, 1249.9629280788233, 462.54816385708756], [0.0, 0.0, 1.0]]], "extrinsics": [[[0.8232244253158569, -0.5674518346786499, -0.01732376217842102, -0.904632568359375], [-0.003416423685848713, 0.025562552735209465, -0.9996673464775085, 1.487783432006836], [0.5677058696746826, 0.8230097889900208, 0.019105058163404465, -1.26898193359375], [0.0, 0.0, 0.0, 1.0]], [[0.011254756711423397, -0.9997062087059021, -0.021468667313456535, 0.0098876953125], [-0.0012517846189439297, 0.021455926820635796, -0.9997690320014954, 1.4799680709838867], [0.9999358654022217, 0.011279014870524406, -0.0010099353967234492, -1.6354522705078125], [0.0, 0.0, 0.0, 1.0]], [[-0.8436225652694702, -0.5367853045463562, -0.012745879590511322, 1.02618408203125], [0.0069634635001420975, 0.012798397801816463, -0.999893844127655, 1.493581771850586], [0.536891520023346, -0.8436217904090881, -0.0070591336116194725, -1.23333740234375], [0.0, 0.0, 0.0, 1.0]], [[0.9477588534355164, 0.31888869404792786, -0.007944812066853046, -1.13623046875], [-0.017855295911431313, 0.02816694974899292, -0.9994437098503113, 1.5618839263916016], [-0.31848758459091187, 0.9473735094070435, 0.0323893278837204, -0.15911865234375], [0.0, 0.0, 0.0, 1.0]], [[0.008913052268326283, 0.9997520446777344, 0.02040731906890869, -0.02978515625], [-0.015926502645015717, 0.020547470077872276, -0.9996619820594788, 1.5675020217895508], [-0.9998334646224976, 0.008585001341998577, 0.016105694696307182, 0.01076507568359375], [0.0, 0.0, 0.0, 1.0]], [[-0.9239627718925476, 0.38234734535217285, 0.010168015956878662, 1.106231689453125], [-0.011928889900445938, -0.0022350975777953863, -0.9999263286590576, 1.5471241474151611], [-0.3822964131832123, -0.924015998840332, 0.006626124493777752, -0.0640869140625], [0.0, 0.0, 0.0, 1.0]]], "view": [[0.0, -2.0, 100.0], [-2.0, 0.0, 100.0], [0.0, 0.0, 1.0]], "bev": "bev_f6e59d096ac3416987570d2e875fca02.png", "aux": "aux_f6e59d096ac3416987570d2e875fca02.npz", "visibility": "visibility_f6e59d096ac3416987570d2e875fca02.png", "pose": [[-0.962558925151825, -0.2710725665092468, 0.0, 323.8634033203125], [0.2710725665092468, -0.962558925151825, 0.0, 661.37109375], [0.0, 0.0, 1.0, 0.0], [0.0, 0.0, 0.0, 1.0]], "pose_inverse": [[-0.962558925151825, 0.2710725665092468, 0.0, 132.4580535888672], [-0.2710725665092468, -0.962558925151825, 0.0, 724.3991088867188], [0.0, 0.0, 1.0, 0.0], [0.0, 0.0, 0.0, 1.0]], "cam_ids": [0, 1, 2, 3, 4, 5], "cam_channels": ["CAM_FRONT_LEFT", "CAM_FRONT", "CAM_FRONT_RIGHT", "CAM_BACK_LEFT", "CAM_BACK", "CAM_BACK_RIGHT"], "token": "f6e59d096ac3416987570d2e875fca02", "scene": "scene-0576"}, {"images": ["samples/CAM_FRONT_LEFT/n008-2018-09-18-13-10-39-0400__CAM_FRONT_LEFT__1537290903354799.jpg", "samples/CAM_FRONT/n008-2018-09-18-13-10-39-0400__CAM_FRONT__1537290903362404.jpg", "samples/CAM_FRONT_RIGHT/n008-2018-09-18-13-10-39-0400__CAM_FRONT_RIGHT__1537290903370482.jpg", "samples/CAM_BACK_LEFT/n008-2018-09-18-13-10-39-0400__CAM_BACK_LEFT__1537290903397405.jpg", "samples/CAM_BACK/n008-2018-09-18-13-10-39-0400__CAM_BACK__1537290903387575.jpg", "samples/CAM_BACK_RIGHT/n008-2018-09-18-13-10-39-0400__CAM_BACK_RIGHT__1537290903378113.jpg"], "intrinsics": [[[1257.8625342125129, 0.0, 827.2410631095686], [0.0, 1257.8625342125129, 450.915498205774], [0.0, 0.0, 1.0]], [[1252.8131021185304, 0.0, 826.588114781398], [0.0, 1252.8131021185304, 469.9846626224581], [0.0, 0.0, 1.0]], [[1256.7485116440405, 0.0, 817.7887570959712], [0.0, 1256.7485116440403, 451.9541780095127], [0.0, 0.0, 1.0]], [[1254.9860565800168, 0.0, 829.5769333630991], [0.0, 1254.9860565800168, 467.1680561863987], [0.0, 0.0, 1.0]], [[796.8910634503094, 0.0, 857.7774326863696], [0.0, 796.8910634503094, 476.8848988407415], [0.0, 0.0, 1.0]], [[1249.9629280788233, 0.0, 825.3768045375984], [0.0, 1249.9629280788233, 462.54816385708756], [0.0, 0.0, 1.0]]], "extrinsics": [[[0.8227340579032898, -0.5680769681930542, -0.019932487979531288, -0.908843994140625], [-0.002862321911379695, 0.030925286933779716, -0.999517560005188, 1.4878559112548828], [0.5684193968772888, 0.8223941922187805, 0.023817263543605804, -1.2711181640625], [0.0, 0.0, 0.0, 1.0]], [[0.010521253570914268, -0.9995783567428589, -0.02706148661673069, 0.00927734375], [-0.0008270994294434786, 0.027054276317358017, -0.9996336102485657, 1.4800090789794922], [0.9999443292617798, 0.010539785027503967, -0.0005421059904620051, -1.639892578125], [0.0, 0.0, 0.0, 1.0]], [[-0.8439369201660156, -0.536199688911438, -0.0161367729306221, 1.029449462890625], [0.007266553584486246, 0.018651681020855904, -0.9997996687889099, 1.4935665130615234], [0.5363932251930237, -0.843885064125061, -0.011844518594443798, -1.2359619140625], [0.0, 0.0, 0.0, 1.0]], [[0.9478292465209961, 0.31872493028640747, -0.0058571165427565575, -1.13946533203125], [-0.017916159704327583, 0.03491680324077606, -0.9992296099662781, 1.5619564056396484], [-0.3182748556137085, 0.9472039341926575, 0.038805488497018814, -0.15765380859375], [0.0, 0.0, 0.0, 1.0]], [[0.009228548035025597, 0.9995977282524109, 0.026816880330443382, -0.02947998046875], [-0.015843790024518967, 0.02696082554757595, -0.9995108842849731, 1.5675621032714844], [-0.9998319149017334, 0.008799166418612003, 0.01608622632920742, 0.01447296142578125], [0.0, 0.0, 0.0, 1.0]], [[-0.9237918257713318, 0.3826964199542999, 0.012335306033492088, 1.1099700927734375], [-0.011745546944439411, 0.003877542680129409, -0.9999234676361084, 1.547169804573059], [-0.3827149271965027, -0.9238659739494324, 0.0009129358804784715, -0.06298828125], [0.0, 0.0, 0.0, 1.0]]], "view": [[0.0, -2.0, 100.0], [-2.0, 0.0, 100.0], [0.0, 0.0, 1.0]], "bev": "bev_c4a6c83ac945428b9fd4a928fcc1c3c7.png", "aux": "aux_c4a6c83ac945428b9fd4a928fcc1c3c7.npz", "visibility": "visibility_c4a6c83ac945428b9fd4a928fcc1c3c7.png", "pose": [[-0.9602188467979431, -0.27924853563308716, 0.0, 322.6367492675781], [0.27924853563308716, -0.9602188467979431, 0.0, 661.7608642578125], [0.0, 0.0, 1.0, 0.0], [0.0, 0.0, 0.0, 1.0]], "pose_inverse": [[-0.9602188467979431, 0.27924853563308716, 0.0, 125.00614166259766], [-0.27924853563308716, -0.9602188467979431, 0.0, 725.5311279296875], [0.0, 0.0, 1.0, 0.0], [0.0, 0.0, 0.0, 1.0]], "cam_ids": [0, 1, 2, 3, 4, 5], "cam_channels": ["CAM_FRONT_LEFT", "CAM_FRONT", "CAM_FRONT_RIGHT", "CAM_BACK_LEFT", "CAM_BACK", "CAM_BACK_RIGHT"], "token": "c4a6c83ac945428b9fd4a928fcc1c3c7", "scene": "scene-0576"}, {"images": ["samples/CAM_FRONT_LEFT/n008-2018-09-18-13-10-39-0400__CAM_FRONT_LEFT__1537290903854799.jpg", "samples/CAM_FRONT/n008-2018-09-18-13-10-39-0400__CAM_FRONT__1537290903862404.jpg", "samples/CAM_FRONT_RIGHT/n008-2018-09-18-13-10-39-0400__CAM_FRONT_RIGHT__1537290903870482.jpg", "samples/CAM_BACK_LEFT/n008-2018-09-18-13-10-39-0400__CAM_BACK_LEFT__1537290903897405.jpg", "samples/CAM_BACK/n008-2018-09-18-13-10-39-0400__CAM_BACK__1537290903887558.jpg", "samples/CAM_BACK_RIGHT/n008-2018-09-18-13-10-39-0400__CAM_BACK_RIGHT__1537290903878113.jpg"], "intrinsics": [[[1257.8625342125129, 0.0, 827.2410631095686], [0.0, 1257.8625342125129, 450.915498205774], [0.0, 0.0, 1.0]], [[1252.8131021185304, 0.0, 826.588114781398], [0.0, 1252.8131021185304, 469.9846626224581], [0.0, 0.0, 1.0]], [[1256.7485116440405, 0.0, 817.7887570959712], [0.0, 1256.7485116440403, 451.9541780095127], [0.0, 0.0, 1.0]], [[1254.9860565800168, 0.0, 829.5769333630991], [0.0, 1254.9860565800168, 467.1680561863987], [0.0, 0.0, 1.0]], [[796.8910634503094, 0.0, 857.7774326863696], [0.0, 796.8910634503094, 476.8848988407415], [0.0, 0.0, 1.0]], [[1249.9629280788233, 0.0, 825.3768045375984], [0.0, 1249.9629280788233, 462.54816385708756], [0.0, 0.0, 1.0]]], "extrinsics": [[[0.8229050636291504, -0.5676729083061218, -0.023975327610969543, -0.90606689453125], [-0.0033292847219854593, 0.03737848997116089, -0.9992955923080444, 1.487783432006836], [0.5681691765785217, 0.8224052786827087, 0.02886900305747986, -1.26885986328125], [0.0, 0.0, 0.0, 1.0]], [[0.010780212469398975, -0.9993941783905029, -0.03309212997555733, 0.00909423828125], [-0.001473059761337936, 0.0330781452357769, -0.9994516968727112, 1.4799365997314453], [0.999940812587738, 0.010823055170476437, -0.0011155782267451286, -1.636932373046875], [0.0, 0.0, 0.0, 1.0]], [[-0.8438342809677124, -0.5362866520881653, -0.018450457602739334, 1.02752685546875], [0.006476877722889185, 0.02420208789408207, -0.9996861219406128, 1.4935150146484375], [0.5365648865699768, -0.8436889052391052, -0.016949089244008064, -1.23492431640625], [0.0, 0.0, 0.0, 1.0]], [[0.9478408694267273, 0.3186928331851959, -0.005698253400623798, -1.143310546875], [-0.01905643381178379, 0.03881337121129036, -0.9990647435188293, 1.562042236328125], [-0.3181736469268799, 0.9470630288124084, 0.042862050235271454, -0.156005859375], [0.0, 0.0, 0.0, 1.0]], [[0.009195391088724136, 0.9994668364524841, 0.03133021667599678, -0.02935791015625], [-0.01690957136452198, 0.031482480466365814, -0.9993612170219421, 1.567544937133789], [-0.9998148083686829, 0.008659759536385536, 0.017190050333738327, 0.0149993896484375], [0.0, 0.0, 0.0, 1.0]], [[-0.9238401651382446, 0.38248082995414734, 0.015094876289367676, 1.108642578125], [-0.012626223266124725, 0.00896372739225626, -0.9998800754547119, 1.5470948219299316], [-0.3825702369213104, -0.9239199757575989, -0.003451763652265072, -0.0635986328125], [0.0, 0.0, 0.0, 1.0]]], "view": [[0.0, -2.0, 100.0], [-2.0, 0.0, 100.0], [0.0, 0.0, 1.0]], "bev": "bev_147d38818c4749ad804da4e12f420777.png", "aux": "aux_147d38818c4749ad804da4e12f420777.npz", "visibility": "visibility_147d38818c4749ad804da4e12f420777.png", "pose": [[-0.9580075740814209, -0.2867429852485657, 0.0, 321.41217041015625], [0.2867429852485657, -0.9580075740814209, 0.0, 662.1643676757812], [0.0, 0.0, 1.0, 0.0], [0.0, 0.0, 0.0, 1.0]], "pose_inverse": [[-0.9580075740814209, 0.2867429852485657, 0.0, 118.04429626464844], [-0.2867429852485657, -0.9580075740814209, 0.0, 726.5211181640625], [0.0, 0.0, 1.0, 0.0], [0.0, 0.0, 0.0, 1.0]], "cam_ids": [0, 1, 2, 3, 4, 5], "cam_channels": ["CAM_FRONT_LEFT", "CAM_FRONT", "CAM_FRONT_RIGHT", "CAM_BACK_LEFT", "CAM_BACK", "CAM_BACK_RIGHT"], "token": "147d38818c4749ad804da4e12f420777", "scene": "scene-0576"}, {"images": ["samples/CAM_FRONT_LEFT/n008-2018-09-18-13-10-39-0400__CAM_FRONT_LEFT__1537290904355327.jpg", "samples/CAM_FRONT/n008-2018-09-18-13-10-39-0400__CAM_FRONT__1537290904362404.jpg", "samples/CAM_FRONT_RIGHT/n008-2018-09-18-13-10-39-0400__CAM_FRONT_RIGHT__1537290904370482.jpg", "samples/CAM_BACK_LEFT/n008-2018-09-18-13-10-39-0400__CAM_BACK_LEFT__1537290904397405.jpg", "samples/CAM_BACK/n008-2018-09-18-13-10-39-0400__CAM_BACK__1537290904387558.jpg", "samples/CAM_BACK_RIGHT/n008-2018-09-18-13-10-39-0400__CAM_BACK_RIGHT__1537290904378113.jpg"], "intrinsics": [[[1257.8625342125129, 0.0, 827.2410631095686], [0.0, 1257.8625342125129, 450.915498205774], [0.0, 0.0, 1.0]], [[1252.8131021185304, 0.0, 826.588114781398], [0.0, 1252.8131021185304, 469.9846626224581], [0.0, 0.0, 1.0]], [[1256.7485116440405, 0.0, 817.7887570959712], [0.0, 1256.7485116440403, 451.9541780095127], [0.0, 0.0, 1.0]], [[1254.9860565800168, 0.0, 829.5769333630991], [0.0, 1254.9860565800168, 467.1680561863987], [0.0, 0.0, 1.0]], [[796.8910634503094, 0.0, 857.7774326863696], [0.0, 796.8910634503094, 476.8848988407415], [0.0, 0.0, 1.0]], [[1249.9629280788233, 0.0, 825.3768045375984], [0.0, 1249.9629280788233, 462.54816385708756], [0.0, 0.0, 1.0]]], "extrinsics": [[[0.8223837018013, -0.5685767531394958, -0.020136278122663498, -0.89288330078125], [-0.0015599735779687762, 0.03313940390944481, -0.9994495511054993, 1.4880237579345703], [0.5689311623573303, 0.8219624757766724, 0.0263663399964571, -1.2579345703125], [0.0, 0.0, 0.0, 1.0]], [[0.009986705146729946, -0.9995245337486267, -0.02916998229920864, 0.008056640625], [0.0001984884584089741, 0.029173418879508972, -0.9995743632316589, 1.4801445007324219], [0.999950110912323, 0.009976642206311226, 0.0004897405742667615, -1.6200942993164062], [0.0, 0.0, 0.0, 1.0]], [[-0.8441604375839233, -0.5357930660247803, -0.017861705273389816, 1.016326904296875], [0.008038409985601902, 0.02066396176815033, -0.9997541308403015, 1.4937620162963867], [0.5360304117202759, -0.8440964221954346, -0.01313677616417408, -1.22894287109375], [0.0, 0.0, 0.0, 1.0]], [[0.9478374123573303, 0.3187100887298584, -0.005290888249874115, -1.141937255859375], [-0.017840145155787468, 0.036468978971242905, -0.9991755485534668, 1.5620040893554688], [-0.31825441122055054, 0.9471503496170044, 0.04025249928236008, -0.15673828125], [0.0, 0.0, 0.0, 1.0]], [[0.009399855509400368, 0.9995473623275757, 0.028579620644450188, -0.029052734375], [-0.015533514320850372, 0.028723394498229027, -0.9994666576385498, 1.5675201416015625], [-0.9998351335525513, 0.008950894698500633, 0.0157964788377285, 0.0103607177734375], [0.0, 0.0, 0.0, 1.0]], [[-0.9236743450164795, 0.3829735517501831, 0.01252357941120863, 1.1009368896484375], [-0.01115859393030405, 0.005785469431430101, -0.9999209642410278, 1.5470898151397705], [-0.3830157518386841, -0.9237411022186279, -0.0010704428423196077, -0.067626953125], [0.0, 0.0, 0.0, 1.0]]], "view": [[0.0, -2.0, 100.0], [-2.0, 0.0, 100.0], [0.0, 0.0, 1.0]], "bev": "bev_7c54a92e0b9642e49f4941cb017f1680.png", "aux": "aux_7c54a92e0b9642e49f4941cb017f1680.npz", "visibility": "visibility_7c54a92e0b9642e49f4941cb017f1680.png", "pose": [[-0.9564359784126282, -0.2919420897960663, 0.0, 320.00836181640625], [0.2919420897960663, -0.9564359784126282, 0.0, 662.625244140625], [0.0, 0.0, 1.0, 0.0], [0.0, 0.0, 0.0, 1.0]], "pose_inverse": [[-0.9564359784126282, 0.2919420897960663, 0.0, 112.61932373046875], [-0.2919420897960663, -0.9564359784126282, 0.0, 727.1825561523438], [0.0, 0.0, 1.0, 0.0], [0.0, 0.0, 0.0, 1.0]], "cam_ids": [0, 1, 2, 3, 4, 5], "cam_channels": ["CAM_FRONT_LEFT", "CAM_FRONT", "CAM_FRONT_RIGHT", "CAM_BACK_LEFT", "CAM_BACK", "CAM_BACK_RIGHT"], "token": "7c54a92e0b9642e49f4941cb017f1680", "scene": "scene-0576"}, {"images": ["samples/CAM_FRONT_LEFT/n008-2018-09-18-13-10-39-0400__CAM_FRONT_LEFT__1537290904854799.jpg", "samples/CAM_FRONT/n008-2018-09-18-13-10-39-0400__CAM_FRONT__1537290904862404.jpg", "samples/CAM_FRONT_RIGHT/n008-2018-09-18-13-10-39-0400__CAM_FRONT_RIGHT__1537290904870482.jpg", "samples/CAM_BACK_LEFT/n008-2018-09-18-13-10-39-0400__CAM_BACK_LEFT__1537290904897405.jpg", "samples/CAM_BACK/n008-2018-09-18-13-10-39-0400__CAM_BACK__1537290904887558.jpg", "samples/CAM_BACK_RIGHT/n008-2018-09-18-13-10-39-0400__CAM_BACK_RIGHT__1537290904878113.jpg"], "intrinsics": [[[1257.8625342125129, 0.0, 827.2410631095686], [0.0, 1257.8625342125129, 450.915498205774], [0.0, 0.0, 1.0]], [[1252.8131021185304, 0.0, 826.588114781398], [0.0, 1252.8131021185304, 469.9846626224581], [0.0, 0.0, 1.0]], [[1256.7485116440405, 0.0, 817.7887570959712], [0.0, 1256.7485116440403, 451.9541780095127], [0.0, 0.0, 1.0]], [[1254.9860565800168, 0.0, 829.5769333630991], [0.0, 1254.9860565800168, 467.1680561863987], [0.0, 0.0, 1.0]], [[796.8910634503094, 0.0, 857.7774326863696], [0.0, 796.8910634503094, 476.8848988407415], [0.0, 0.0, 1.0]], [[1249.9629280788233, 0.0, 825.3768045375984], [0.0, 1249.9629280788233, 462.54816385708756], [0.0, 0.0, 1.0]]], "extrinsics": [[[0.822655200958252, -0.5681950449943542, -0.019823990762233734, -0.878204345703125], [-0.0035872275475412607, 0.02968008816242218, -0.9995530247688293, 1.4877033233642578], [0.5685294270515442, 0.8223584890365601, 0.02237822860479355, -1.247314453125], [0.0, 0.0, 0.0, 1.0]], [[0.010509789921343327, -0.9996225833892822, -0.02538125216960907, 0.0079345703125], [-0.0017530203331261873, 0.025364194065332413, -0.9996767044067383, 1.4799118041992188], [0.9999432563781738, 0.010550915263593197, -0.0014857861679047346, -1.6091079711914062], [0.0, 0.0, 0.0, 1.0]], [[-0.8439417481422424, -0.5362523198127747, -0.013995232060551643, 1.009552001953125], [0.006122605409473181, 0.016458578407764435, -0.9998458027839661, 1.4936485290527344], [0.5364000201225281, -0.84389728307724, -0.010606820695102215, -1.224853515625], [0.0, 0.0, 0.0, 1.0]], [[0.9478206038475037, 0.318677693605423, -0.008986765518784523, -1.14337158203125], [-0.019873954355716705, 0.030928591266274452, -0.9993239641189575, 1.562032699584961], [-0.31818434596061707, 0.9473583698272705, 0.03564813733100891, -0.1561279296875], [0.0, 0.0, 0.0, 1.0]], [[0.009259247221052647, 0.9996811151504517, 0.023496244102716446, -0.02886962890625], [-0.01754116825759411, 0.02365601621568203, -0.9995661973953247, 1.5674266815185547], [-0.9998032450675964, 0.008843064308166504, 0.017754610627889633, 0.00862884521484375], [0.0, 0.0, 0.0, 1.0]], [[-0.923784613609314, 0.3827066123485565, 0.012558410875499249, 1.0962066650390625], [-0.013102328404784203, 0.0011852310271933675, -0.9999134540557861, 1.5469017028808594], [-0.3826883137226105, -0.9238691926002502, 0.003919449169188738, -0.069580078125], [0.0, 0.0, 0.0, 1.0]]], "view": [[0.0, -2.0, 100.0], [-2.0, 0.0, 100.0], [0.0, 0.0, 1.0]], "bev": "bev_1817195854a64a62aaf69472646671d5.png", "aux": "aux_1817195854a64a62aaf69472646671d5.npz", "visibility": "visibility_1817195854a64a62aaf69472646671d5.png", "pose": [[-0.9554511904716492, -0.29514920711517334, 0.0, 318.4375915527344], [0.29514920711517334, -0.9554511904716492, 0.0, 663.1282348632812], [0.0, 0.0, 1.0, 0.0], [0.0, 0.0, 0.0, 1.0]], "pose_inverse": [[-0.9554511904716492, 0.29514920711517334, 0.0, 108.5298080444336], [-0.29514920711517334, -0.9554511904716492, 0.0, 727.5732421875], [0.0, 0.0, 1.0, 0.0], [0.0, 0.0, 0.0, 1.0]], "cam_ids": [0, 1, 2, 3, 4, 5], "cam_channels": ["CAM_FRONT_LEFT", "CAM_FRONT", "CAM_FRONT_RIGHT", "CAM_BACK_LEFT", "CAM_BACK", "CAM_BACK_RIGHT"], "token": "1817195854a64a62aaf69472646671d5", "scene": "scene-0576"}, {"images": ["samples/CAM_FRONT_LEFT/n008-2018-09-18-13-10-39-0400__CAM_FRONT_LEFT__1537290905354799.jpg", "samples/CAM_FRONT/n008-2018-09-18-13-10-39-0400__CAM_FRONT__1537290905362404.jpg", "samples/CAM_FRONT_RIGHT/n008-2018-09-18-13-10-39-0400__CAM_FRONT_RIGHT__1537290905370482.jpg", "samples/CAM_BACK_LEFT/n008-2018-09-18-13-10-39-0400__CAM_BACK_LEFT__1537290905397405.jpg", "samples/CAM_BACK/n008-2018-09-18-13-10-39-0400__CAM_BACK__1537290905387558.jpg", "samples/CAM_BACK_RIGHT/n008-2018-09-18-13-10-39-0400__CAM_BACK_RIGHT__1537290905378113.jpg"], "intrinsics": [[[1257.8625342125129, 0.0, 827.2410631095686], [0.0, 1257.8625342125129, 450.915498205774], [0.0, 0.0, 1.0]], [[1252.8131021185304, 0.0, 826.588114781398], [0.0, 1252.8131021185304, 469.9846626224581], [0.0, 0.0, 1.0]], [[1256.7485116440405, 0.0, 817.7887570959712], [0.0, 1256.7485116440403, 451.9541780095127], [0.0, 0.0, 1.0]], [[1254.9860565800168, 0.0, 829.5769333630991], [0.0, 1254.9860565800168, 467.1680561863987], [0.0, 0.0, 1.0]], [[796.8910634503094, 0.0, 857.7774326863696], [0.0, 796.8910634503094, 476.8848988407415], [0.0, 0.0, 1.0]], [[1249.9629280788233, 0.0, 825.3768045375984], [0.0, 1249.9629280788233, 462.54816385708756], [0.0, 0.0, 1.0]]], "extrinsics": [[[0.8225023150444031, -0.568093478679657, -0.027565989643335342, -0.871978759765625], [-0.015039266087114811, 0.026726577430963516, -0.9995296597480774, 1.4858360290527344], [0.5685629844665527, 0.8225300312042236, 0.013438962399959564, -1.2431640625], [0.0, 0.0, 0.0, 1.0]], [[0.010343370027840137, -0.9996873736381531, -0.022763943299651146, 0.0079345703125], [-0.013114377856254578, 0.022627584636211395, -0.999657928943634, 1.4783992767333984], [0.9998605251312256, 0.010638359934091568, -0.012876233085989952, -1.6022109985351562], [0.0, 0.0, 0.0, 1.0]], [[-0.8439761400222778, -0.5363714098930359, -0.003153021913021803, 1.004669189453125], [-0.005125935655087233, 0.013943402096629143, -0.999889612197876, 1.492532730102539], [0.5363561511039734, -0.8438668847084045, -0.014517305418848991, -1.22174072265625], [0.0, 0.0, 0.0, 1.0]], [[0.9475849866867065, 0.31889140605926514, -0.019774803891777992, -1.141937255859375], [-0.030625686049461365, 0.029048318043351173, -0.9991087317466736, 1.5619831085205078], [-0.31803277134895325, 0.9473459720611572, 0.03729201853275299, -0.15667724609375], [0.0, 0.0, 0.0, 1.0]], [[0.009326063096523285, 0.9997297525405884, 0.021294470876455307, -0.02886962890625], [-0.028458841145038605, 0.021552130579948425, -0.9993625283241272, 1.5669488906860352], [-0.9995514750480652, 0.008714062161743641, 0.028652146458625793, 0.0054931640625], [0.0, 0.0, 0.0, 1.0]], [[-0.9236429929733276, 0.3826252818107605, 0.021942084655165672, 1.092010498046875], [-0.024220163002610207, -0.001137270126491785, -0.999705970287323, 1.5460200309753418], [-0.38248777389526367, -0.9239029884338379, 0.010317676700651646, -0.0712890625], [0.0, 0.0, 0.0, 1.0]]], "view": [[0.0, -2.0, 100.0], [-2.0, 0.0, 100.0], [0.0, 0.0, 1.0]], "bev": "bev_9266a726a6a74fccb3be23efa49a0aed.png", "aux": "aux_9266a726a6a74fccb3be23efa49a0aed.npz", "visibility": "visibility_9266a726a6a74fccb3be23efa49a0aed.png", "pose": [[-0.9536203742027283, -0.30101197957992554, 0.0, 316.7353210449219], [0.30101197957992554, -0.9536203742027283, 0.0, 663.6807861328125], [0.0, 0.0, 1.0, 0.0], [0.0, 0.0, 0.0, 1.0]], "pose_inverse": [[-0.9536203742027283, 0.30101197957992554, 0.0, 102.26939392089844], [-0.30101197957992554, -0.9536203742027283, 0.0, 728.2406616210938], [0.0, 0.0, 1.0, 0.0], [0.0, 0.0, 0.0, 1.0]], "cam_ids": [0, 1, 2, 3, 4, 5], "cam_channels": ["CAM_FRONT_LEFT", "CAM_FRONT", "CAM_FRONT_RIGHT", "CAM_BACK_LEFT", "CAM_BACK", "CAM_BACK_RIGHT"], "token": "9266a726a6a74fccb3be23efa49a0aed", "scene": "scene-0576"}, {"images": ["samples/CAM_FRONT_LEFT/n008-2018-09-18-13-10-39-0400__CAM_FRONT_LEFT__1537290905854799.jpg", "samples/CAM_FRONT/n008-2018-09-18-13-10-39-0400__CAM_FRONT__1537290905862404.jpg", "samples/CAM_FRONT_RIGHT/n008-2018-09-18-13-10-39-0400__CAM_FRONT_RIGHT__1537290905870482.jpg", "samples/CAM_BACK_LEFT/n008-2018-09-18-13-10-39-0400__CAM_BACK_LEFT__1537290905897405.jpg", "samples/CAM_BACK/n008-2018-09-18-13-10-39-0400__CAM_BACK__1537290905887558.jpg", "samples/CAM_BACK_RIGHT/n008-2018-09-18-13-10-39-0400__CAM_BACK_RIGHT__1537290905878113.jpg"], "intrinsics": [[[1257.8625342125129, 0.0, 827.2410631095686], [0.0, 1257.8625342125129, 450.915498205774], [0.0, 0.0, 1.0]], [[1252.8131021185304, 0.0, 826.588114781398], [0.0, 1252.8131021185304, 469.9846626224581], [0.0, 0.0, 1.0]], [[1256.7485116440405, 0.0, 817.7887570959712], [0.0, 1256.7485116440403, 451.9541780095127], [0.0, 0.0, 1.0]], [[1254.9860565800168, 0.0, 829.5769333630991], [0.0, 1254.9860565800168, 467.1680561863987], [0.0, 0.0, 1.0]], [[796.8910634503094, 0.0, 857.7774326863696], [0.0, 796.8910634503094, 476.8848988407415], [0.0, 0.0, 1.0]], [[1249.9629280788233, 0.0, 825.3768045375984], [0.0, 1249.9629280788233, 462.54816385708756], [0.0, 0.0, 1.0]]], "extrinsics": [[[0.8225264549255371, -0.5684056878089905, -0.01911543682217598, -0.87298583984375], [-0.007948657497763634, 0.02211831696331501, -0.9997237324714661, 1.4870023727416992], [0.568671464920044, 0.8224510550498962, 0.013674835674464703, -1.24310302734375], [0.0, 0.0, 0.0, 1.0]], [[0.01025346014648676, -0.9997811317443848, -0.018235482275485992, 0.0074462890625], [-0.005994976498186588, 0.01817465014755726, -0.9998168349266052, 1.479355812072754], [0.9999294877052307, 0.010360859334468842, -0.00580731313675642, -1.6017303466796875], [0.0, 0.0, 0.0, 1.0]], [[-0.8440471887588501, -0.5362244844436646, -0.00690506212413311, 1.003509521484375], [0.002045337576419115, 0.009657081216573715, -0.9999513030052185, 1.493278980255127], [0.5362650156021118, -0.8440202474594116, -0.007054272573441267, -1.221435546875], [0.0, 0.0, 0.0, 1.0]], [[0.9477328658103943, 0.3187520205974579, -0.014127487316727638, -1.138580322265625], [-0.02345346473157406, 0.02543855831027031, -0.9994012117385864, 1.5619144439697266], [-0.31820178031921387, 0.9474966526031494, 0.03158479928970337, -0.15777587890625], [0.0, 0.0, 0.0, 1.0]], [[0.009309553541243076, 0.999803900718689, 0.017482448369264603, -0.02874755859375], [-0.021260837092995644, 0.01767716184258461, -0.9996176362037659, 1.5671749114990234], [-0.99973064661026, 0.008934295736253262, 0.02142123505473137, 0.00287628173828125], [0.0, 0.0, 0.0, 1.0]], [[-0.9237089157104492, 0.38285061717033386, 0.013683700002729893, 1.0904388427734375], [-0.016986925154924393, -0.005248617380857468, -0.9998419284820557, 1.546525478363037], [-0.38271820545196533, -0.9237954020500183, 0.011351646855473518, -0.0723876953125], [0.0, 0.0, 0.0, 1.0]]], "view": [[0.0, -2.0, 100.0], [-2.0, 0.0, 100.0], [0.0, 0.0, 1.0]], "bev": "bev_1f6502dbac894d519c9c57a747c62ec6.png", "aux": "aux_1f6502dbac894d519c9c57a747c62ec6.npz", "visibility": "visibility_1f6502dbac894d519c9c57a747c62ec6.png", "pose": [[-0.9524519443511963, -0.3046889007091522, 0.0, 314.9837646484375], [0.3046889007091522, -0.9524519443511963, 0.0, 664.2576293945312], [0.0, 0.0, 1.0, 0.0], [0.0, 0.0, 0.0, 1.0]], "pose_inverse": [[-0.9524519443511963, 0.3046889007091522, 0.0, 97.61495971679688], [-0.3046889007091522, -0.9524519443511963, 0.0, 728.6455078125], [0.0, 0.0, 1.0, 0.0], [0.0, 0.0, 0.0, 1.0]], "cam_ids": [0, 1, 2, 3, 4, 5], "cam_channels": ["CAM_FRONT_LEFT", "CAM_FRONT", "CAM_FRONT_RIGHT", "CAM_BACK_LEFT", "CAM_BACK", "CAM_BACK_RIGHT"], "token": "1f6502dbac894d519c9c57a747c62ec6", "scene": "scene-0576"}, {"images": ["samples/CAM_FRONT_LEFT/n008-2018-09-18-13-10-39-0400__CAM_FRONT_LEFT__1537290906354799.jpg", "samples/CAM_FRONT/n008-2018-09-18-13-10-39-0400__CAM_FRONT__1537290906362404.jpg", "samples/CAM_FRONT_RIGHT/n008-2018-09-18-13-10-39-0400__CAM_FRONT_RIGHT__1537290906370482.jpg", "samples/CAM_BACK_LEFT/n008-2018-09-18-13-10-39-0400__CAM_BACK_LEFT__1537290906397405.jpg", "samples/CAM_BACK/n008-2018-09-18-13-10-39-0400__CAM_BACK__1537290906387558.jpg", "samples/CAM_BACK_RIGHT/n008-2018-09-18-13-10-39-0400__CAM_BACK_RIGHT__1537290906378113.jpg"], "intrinsics": [[[1257.8625342125129, 0.0, 827.2410631095686], [0.0, 1257.8625342125129, 450.915498205774], [0.0, 0.0, 1.0]], [[1252.8131021185304, 0.0, 826.588114781398], [0.0, 1252.8131021185304, 469.9846626224581], [0.0, 0.0, 1.0]], [[1256.7485116440405, 0.0, 817.7887570959712], [0.0, 1256.7485116440403, 451.9541780095127], [0.0, 0.0, 1.0]], [[1254.9860565800168, 0.0, 829.5769333630991], [0.0, 1254.9860565800168, 467.1680561863987], [0.0, 0.0, 1.0]], [[796.8910634503094, 0.0, 857.7774326863696], [0.0, 796.8910634503094, 476.8848988407415], [0.0, 0.0, 1.0]], [[1249.9629280788233, 0.0, 825.3768045375984], [0.0, 1249.9629280788233, 462.54816385708756], [0.0, 0.0, 1.0]]], "extrinsics": [[[0.8228183388710022, -0.5677173137664795, -0.02582916058599949, -0.87701416015625], [-0.016775337979197502, 0.021166672930121422, -0.9996352195739746, 1.4856805801391602], [0.5680568814277649, 0.8229514956474304, 0.007892675697803497, -1.245361328125], [0.0, 0.0, 0.0, 1.0]], [[0.010841205716133118, -0.9997939467430115, -0.017163293436169624, 0.007080078125], [-0.015002804808318615, 0.016999736428260803, -0.9997429251670837, 1.4782295227050781], [0.9998286962509155, 0.011095880530774593, -0.014815415255725384, -1.6059417724609375], [0.0, 0.0, 0.0, 1.0]], [[-0.8437448143959045, -0.536742091178894, 0.0016604992561042309, 1.005767822265625], [-0.00721367122605443, 0.0082462253049016, -0.9999399781227112, 1.4923453330993652], [0.5366961359977722, -0.8437060713768005, -0.010829591192305088, -1.223388671875], [0.0, 0.0, 0.0, 1.0]], [[0.9475069642066956, 0.3188323676586151, -0.024008816108107567, -1.1407470703125], [-0.033090587705373764, 0.023097731173038483, -0.9991854429244995, 1.5619277954101562], [-0.3180181086063385, 0.9475296139717102, 0.03243561089038849, -0.15728759765625], [0.0, 0.0, 0.0, 1.0]], [[