[{"images": ["samples/CAM_FRONT_LEFT/n008-2018-08-29-16-04-13-0400__CAM_FRONT_LEFT__1535574019854799.jpg", "samples/CAM_FRONT/n008-2018-08-29-16-04-13-0400__CAM_FRONT__1535574019862404.jpg", "samples/CAM_FRONT_RIGHT/n008-2018-08-29-16-04-13-0400__CAM_FRONT_RIGHT__1535574019870482.jpg", "samples/CAM_BACK_LEFT/n008-2018-08-29-16-04-13-0400__CAM_BACK_LEFT__1535574019897405.jpg", "samples/CAM_BACK/n008-2018-08-29-16-04-13-0400__CAM_BACK__1535574019887558.jpg", "samples/CAM_BACK_RIGHT/n008-2018-08-29-16-04-13-0400__CAM_BACK_RIGHT__1535574019878113.jpg"], "intrinsics": [[[1257.8625342125129, 0.0, 827.2410631095686], [0.0, 1257.8625342125129, 450.915498205774], [0.0, 0.0, 1.0]], [[1252.8131021185304, 0.0, 826.588114781398], [0.0, 1252.8131021185304, 469.9846626224581], [0.0, 0.0, 1.0]], [[1256.7485116440405, 0.0, 817.7887570959712], [0.0, 1256.7485116440403, 451.9541780095127], [0.0, 0.0, 1.0]], [[1254.9860565800168, 0.0, 829.5769333630991], [0.0, 1254.9860565800168, 467.1680561863987], [0.0, 0.0, 1.0]], [[796.8910634503094, 0.0, 857.7774326863696], [0.0, 796.8910634503094, 476.8848988407415], [0.0, 0.0, 1.0]], [[1249.9629280788233, 0.0, 825.3768045375984], [0.0, 1249.9629280788233, 462.54816385708756], [0.0, 0.0, 1.0]]], "extrinsics": [[[0.8225081562995911, -0.5687236189842224, 0.00580949243158102, -1.005157470703125], [0.008566783741116524, 0.0021750207524746656, -0.9999609589576721, 1.488295555114746], [0.5686887502670288, 0.8225259184837341, 0.0066611021757125854, -1.3333740234375], [0.0, 0.0, 0.0, 1.0]], [[0.01021308358758688, -0.9999457597732544, 0.002064378699287772, 0.00537109375], [0.01051812618970871, -0.001956944353878498, -0.9999427795410156, 1.4801660776138306], [0.99989253282547, 0.010234241373836994, 0.010497570037841797, -1.734619140625], [0.0, 0.0, 0.0, 1.0]], [[-0.8439809083938599, -0.5362810492515564, -0.009937472641468048, 1.090576171875], [0.018544502556324005, -0.010658606886863708, -0.999771237373352, 1.4930715560913086], [0.536052405834198, -0.8439721465110779, 0.018940726295113564, -1.277587890625], [0.0, 0.0, 0.0, 1.0]], [[0.9478988647460938, 0.3185320794582367, -0.005021326243877411, -1.143798828125], [-0.006810338702052832, 0.0045030079782009125, -0.9999666810035706, 1.562041997909546], [-0.3184988498687744, 0.9479013681411743, 0.006437706761062145, -0.1561279296875], [0.0, 0.0, 0.0, 1.0]], [[0.009249456226825714, 0.9999525547027588, -0.0030670748092234135, -0.02880859375], [-0.0046949381940066814, -0.003023745259270072, -0.9999843835830688, 1.5680608749389648], [-0.9999462962150574, 0.00926364865154028, 0.0046667479909956455, 0.044189453125], [0.0, 0.0, 0.0, 1.0]], [[-0.9237059354782104, 0.3829871416091919, -0.009387082420289516, 1.16058349609375], [-0.000508687284309417, -0.02572893165051937, -0.9996687769889832, 1.5478134155273438], [-0.3831019103527069, -0.9233952760696411, 0.023960785940289497, -0.043701171875], [0.0, 0.0, 0.0, 1.0]]], "view": [[0.0, -2.0, 100.0], [-2.0, 0.0, 100.0], [0.0, 0.0, 1.0]], "bev": "bev_6e37dec6c6194a1cbd451aeb71453e8b.png", "aux": "aux_6e37dec6c6194a1cbd451aeb71453e8b.npz", "visibility": "visibility_6e37dec6c6194a1cbd451aeb71453e8b.png", "pose": [[0.8748787641525269, 0.48434197902679443, 0.0, 1420.0216064453125], [-0.48434197902679443, 0.8748787641525269, 0.0, 1254.170654296875], [0.0, 0.0, 1.0, 0.0], [0.0, 0.0, 0.0, 1.0]], "pose_inverse": [[0.8748787641525269, -0.48434197902679443, 0.0, -634.8992309570312], [0.48434197902679443, 0.8748787641525269, 0.0, -1785.0233154296875], [0.0, 0.0, 1.0, 0.0], [0.0, 0.0, 0.0, 1.0]], "cam_ids": [0, 1, 2, 3, 4, 5], "cam_channels": ["CAM_FRONT_LEFT", "CAM_FRONT", "CAM_FRONT_RIGHT", "CAM_BACK_LEFT", "CAM_BACK", "CAM_BACK_RIGHT"], "token": "6e37dec6c6194a1cbd451aeb71453e8b", "scene": "scene-0734"}, {"images": ["samples/CAM_FRONT_LEFT/n008-2018-08-29-16-04-13-0400__CAM_FRONT_LEFT__1535574020354799.jpg", "samples/CAM_FRONT/n008-2018-08-29-16-04-13-0400__CAM_FRONT__1535574020362404.jpg", "samples/CAM_FRONT_RIGHT/n008-2018-08-29-16-04-13-0400__CAM_FRONT_RIGHT__1535574020370482.jpg", "samples/CAM_BACK_LEFT/n008-2018-08-29-16-04-13-0400__CAM_BACK_LEFT__1535574020397405.jpg", "samples/CAM_BACK/n008-2018-08-29-16-04-13-0400__CAM_BACK__1535574020387558.jpg", "samples/CAM_BACK_RIGHT/n008-2018-08-29-16-04-13-0400__CAM_BACK_RIGHT__1535574020378113.jpg"], "intrinsics": [[[1257.8625342125129, 0.0, 827.2410631095686], [0.0, 1257.8625342125129, 450.915498205774], [0.0, 0.0, 1.0]], [[1252.8131021185304, 0.0, 826.588114781398], [0.0, 1252.8131021185304, 469.9846626224581], [0.0, 0.0, 1.0]], [[1256.7485116440405, 0.0, 817.7887570959712], [0.0, 1256.7485116440403, 451.9541780095127], [0.0, 0.0, 1.0]], [[1254.9860565800168, 0.0, 829.5769333630991], [0.0, 1254.9860565800168, 467.1680561863987], [0.0, 0.0, 1.0]], [[796.8910634503094, 0.0, 857.7774326863696], [0.0, 796.8910634503094, 476.8848988407415], [0.0, 0.0, 1.0]], [[1249.9629280788233, 0.0, 825.3768045375984], [0.0, 1249.9629280788233, 462.54816385708756], [0.0, 0.0, 1.0]]], "extrinsics": [[[0.8225220441818237, -0.56870436668396, 0.005726617760956287, -1.005096435546875], [0.008482938632369041, 0.0021997515577822924, -0.9999615550041199, 1.4882946014404297], [0.5686699151992798, 0.8225390911102295, 0.006633628159761429, -1.3333740234375], [0.0, 0.0, 0.0, 1.0]], [[0.010233218781650066, -0.9999456405639648, 0.002023251261562109, 0.0052490234375], [0.010442383587360382, -0.0019163828110322356, -0.9999436736106873, 1.4801658391952515], [0.999893069267273, 0.010253731161355972, 0.010422204621136189, -1.73480224609375], [0.0, 0.0, 0.0, 1.0]], [[-0.843973696231842, -0.5362935066223145, -0.009884907864034176, 1.090576171875], [0.018452035263180733, -0.010610546916723251, -0.9997734427452087, 1.4930682182312012], [0.5360670685768127, -0.8439649343490601, 0.01885073073208332, -1.277587890625], [0.0, 0.0, 0.0, 1.0]], [[0.9478949308395386, 0.3185414671897888, -0.0051412503235042095, -1.1439208984375], [-0.0069535039365291595, 0.004552368074655533, -0.999965488910675, 1.5620439052581787], [-0.3185071051120758, 0.9478979706764221, 0.006530145648866892, -0.1561279296875], [0.0, 0.0, 0.0, 1.0]], [[0.009240478277206421, 0.9999527335166931, -0.003018211806192994, -0.0289306640625], [-0.004812968894839287, -0.00297382939606905, -0.9999839663505554, 1.5680608749389648], [-0.9999457597732544, 0.009254849515855312, 0.004785262048244476, 0.0443115234375], [0.0, 0.0, 0.0, 1.0]], [[-0.9237109422683716, 0.3829776644706726, -0.009272102266550064, 1.1606979370117188], [-0.0006123858038336039, -0.025679590180516243, -0.9996700286865234, 1.5478134155273438], [-0.3830893635749817, -0.9234005212783813, 0.023955052718520164, -0.043701171875], [0.0, 0.0, 0.0, 1.0]]], "view": [[0.0, -2.0, 100.0], [-2.0, 0.0, 100.0], [0.0, 0.0, 1.0]], "bev": "bev_6fc45c707873443c84ea63e4f9b52a01.png", "aux": "aux_6fc45c707873443c84ea63e4f9b52a01.npz", "visibility": "visibility_6fc45c707873443c84ea63e4f9b52a01.png", "pose": [[0.8749129772186279, 0.48428013920783997, 0.0, 1420.0216064453125], [-0.48428013920783997, 0.8749129772186279, 0.0, 1254.170654296875], [0.0, 0.0, 1.0, 0.0], [0.0, 0.0, 0.0, 1.0]], "pose_inverse": [[0.8749129772186279, -0.48428013920783997, 0.0, -635.025390625], [0.48428013920783997, 0.8749129772186279, 0.0, -1784.978515625], [0.0, 0.0, 1.0, 0.0], [0.0, 0.0, 0.0, 1.0]], "cam_ids": [0, 1, 2, 3, 4, 5], "cam_channels": ["CAM_FRONT_LEFT", "CAM_FRONT", "CAM_FRONT_RIGHT", "CAM_BACK_LEFT", "CAM_BACK", "CAM_BACK_RIGHT"], "token": "6fc45c707873443c84ea63e4f9b52a01", "scene": "scene-0734"}, {"images": ["samples/CAM_FRONT_LEFT/n008-2018-08-29-16-04-13-0400__CAM_FRONT_LEFT__1535574020854799.jpg", "samples/CAM_FRONT/n008-2018-08-29-16-04-13-0400__CAM_FRONT__1535574020862404.jpg", "samples/CAM_FRONT_RIGHT/n008-2018-08-29-16-04-13-0400__CAM_FRONT_RIGHT__1535574020870482.jpg", "samples/CAM_BACK_LEFT/n008-2018-08-29-16-04-13-0400__CAM_BACK_LEFT__1535574020897405.jpg", "samples/CAM_BACK/n008-2018-08-29-16-04-13-0400__CAM_BACK__1535574020887558.jpg", "samples/CAM_BACK_RIGHT/n008-2018-08-29-16-04-13-0400__CAM_BACK_RIGHT__1535574020878113.jpg"], "intrinsics": [[[1257.8625342125129, 0.0, 827.2410631095686], [0.0, 1257.8625342125129, 450.915498205774], [0.0, 0.0, 1.0]], [[1252.8131021185304, 0.0, 826.588114781398], [0.0, 1252.8131021185304, 469.9846626224581], [0.0, 0.0, 1.0]], [[1256.7485116440405, 0.0, 817.7887570959712], [0.0, 1256.7485116440403, 451.9541780095127], [0.0, 0.0, 1.0]], [[1254.9860565800168, 0.0, 829.5769333630991], [0.0, 1254.9860565800168, 467.1680561863987], [0.0, 0.0, 1.0]], [[796.8910634503094, 0.0, 857.7774326863696], [0.0, 796.8910634503094, 476.8848988407415], [0.0, 0.0, 1.0]], [[1249.9629280788233, 0.0, 825.3768045375984], [0.0, 1249.9629280788233, 462.54816385708756], [0.0, 0.0, 1.0]]], "extrinsics": [[[0.822510302066803, -0.5687216520309448, 0.005705868359655142, -1.00494384765625], [0.008469760417938232, 0.0022169293370097876, -0.9999616742134094, 1.4882926940917969], [0.5686872601509094, 0.8225270509719849, 0.006640381645411253, -1.3333740234375], [0.0, 0.0, 0.0, 1.0]], [[0.010213564150035381, -0.9999458193778992, 0.001999056665226817, 0.00537109375], [0.010424365289509296, -0.0018925759941339493, -0.9999438524246216, 1.4801663160324097], [0.9998934268951416, 0.010233785957098007, 0.010404471307992935, -1.73480224609375], [0.0, 0.0, 0.0, 1.0]], [[-0.843981921672821, -0.5362803936004639, -0.009894400835037231, 1.090576171875], [0.01844794489443302, -0.010586943477392197, -0.9997737407684326, 1.4930710792541504], [0.5360543131828308, -0.8439735770225525, 0.018828459084033966, -1.277587890625], [0.0, 0.0, 0.0, 1.0]], [[0.9478955864906311, 0.31853994727134705, -0.005113132763653994, -1.143798828125], [-0.0069332486018538475, 0.004580398090183735, -0.999965488910675, 1.5620448589324951], [-0.31850552558898926, 0.9478983879089355, 0.006550257094204426, -0.156005859375], [0.0, 0.0, 0.0, 1.0]], [[0.009246652014553547, 0.9999528527259827, -0.002990700537338853, -0.0286865234375], [-0.004812486469745636, -0.0029462925158441067, -0.999984085559845, 1.5680608749389648], [-0.9999457001686096, 0.009260882623493671, 0.0047850157134234905, 0.04437255859375], [0.0, 0.0, 0.0, 1.0]], [[-0.9237068295478821, 0.3829880952835083, -0.009261123836040497, 1.1606597900390625], [-0.0006135442527011037, -0.025653041899204254, -0.999670684337616, 1.5478096008300781], [-0.3830994963645935, -0.9233970046043396, 0.0239308699965477, -0.043701171875], [0.0, 0.0, 0.0, 1.0]]], "view": [[0.0, -2.0, 100.0], [-2.0, 0.0, 100.0], [0.0, 0.0, 1.0]], "bev": "bev_1827b5342e0e434080fa547a8b106676.png", "aux": "aux_1827b5342e0e434080fa547a8b106676.npz", "visibility": "visibility_1827b5342e0e434080fa547a8b106676.png", "pose": [[0.874937891960144, 0.48423513770103455, 0.0, 1420.0216064453125], [-0.48423513770103455, 0.874937891960144, 0.0, 1254.170654296875], [0.0, 0.0, 1.0, 0.0], [0.0, 0.0, 0.0, 1.0]], "pose_inverse": [[0.874937891960144, -0.48423513770103455, 0.0, -635.1172485351562], [0.48423513770103455, 0.874937891960144, 0.0, -1784.94580078125], [0.0, 0.0, 1.0, 0.0], [0.0, 0.0, 0.0, 1.0]], "cam_ids": [0, 1, 2, 3, 4, 5], "cam_channels": ["CAM_FRONT_LEFT", "CAM_FRONT", "CAM_FRONT_RIGHT", "CAM_BACK_LEFT", "CAM_BACK", "CAM_BACK_RIGHT"], "token": "1827b5342e0e434080fa547a8b106676", "scene": "scene-0734"}, {"images": ["samples/CAM_FRONT_LEFT/n008-2018-08-29-16-04-13-0400__CAM_FRONT_LEFT__1535574021354799.jpg", "samples/CAM_FRONT/n008-2018-08-29-16-04-13-0400__CAM_FRONT__1535574021362404.jpg", "samples/CAM_FRONT_RIGHT/n008-2018-08-29-16-04-13-0400__CAM_FRONT_RIGHT__1535574021370482.jpg", "samples/CAM_BACK_LEFT/n008-2018-08-29-16-04-13-0400__CAM_BACK_LEFT__1535574021397405.jpg", "samples/CAM_BACK/n008-2018-08-29-16-04-13-0400__CAM_BACK__1535574021387558.jpg", "samples/CAM_BACK_RIGHT/n008-2018-08-29-16-04-13-0400__CAM_BACK_RIGHT__1535574021378113.jpg"], "intrinsics": [[[1257.8625342125129, 0.0, 827.2410631095686], [0.0, 1257.8625342125129, 450.915498205774], [0.0, 0.0, 1.0]], [[1252.8131021185304, 0.0, 826.588114781398], [0.0, 1252.8131021185304, 469.9846626224581], [0.0, 0.0, 1.0]], [[1256.7485116440405, 0.0, 817.7887570959712], [0.0, 1256.7485116440403, 451.9541780095127], [0.0, 0.0, 1.0]], [[1254.9860565800168, 0.0, 829.5769333630991], [0.0, 1254.9860565800168, 467.1680561863987], [0.0, 0.0, 1.0]], [[796.8910634503094, 0.0, 857.7774326863696], [0.0, 796.8910634503094, 476.8848988407415], [0.0, 0.0, 1.0]], [[1249.9629280788233, 0.0, 825.3768045375984], [0.0, 1249.9629280788233, 462.54816385708756], [0.0, 0.0, 1.0]]], "extrinsics": [[[0.8225387334823608, -0.5686812400817871, 0.005619092378765345, -1.005035400390625], [0.008356260135769844, 0.0022059225011616945, -0.9999626278877258, 1.4882946014404297], [0.5686476230621338, 0.8225550055503845, 0.006566505413502455, -1.33349609375], [0.0, 0.0, 0.0, 1.0]], [[0.01025439240038395, -0.9999454021453857, 0.002013233257457614, 0.00537109375], [0.010317908599972725, -0.0019074234878644347, -0.9999449849128723, 1.4801658391952515], [0.9998941421508789, 0.010274547152221203, 0.010297785513103008, -1.73468017578125], [0.0, 0.0, 0.0, 1.0]], [[-0.8439663052558899, -0.5363068580627441, -0.009788461960852146, 1.0904541015625], [0.018331298604607582, -0.010599770583212376, -0.999775767326355, 1.4930744171142578], [0.5360828638076782, -0.8439565300941467, 0.01877705194056034, -1.277587890625], [0.0, 0.0, 0.0, 1.0]], [[0.9478931427001953, 0.3185453414916992, -0.005238466430455446, -1.1439208984375], [-0.0070669082924723625, 0.004584568087011576, -0.9999645352363586, 1.5620436668395996], [-0.3185100257396698, 0.9478964805603027, 0.006596812047064304, -0.15625], [0.0, 0.0, 0.0, 1.0]], [[0.009232649579644203, 0.9999528527259827, -0.0029911270830780268, -0.0289306640625], [-0.004935112781822681, -0.0029456522315740585, -0.9999834895133972, 1.5680608749389648], [-0.9999452829360962, 0.009247170761227608, 0.004907684866338968, 0.0443115234375], [0.0, 0.0, 0.0, 1.0]], [[-0.9237164855003357, 0.38296735286712646, -0.009154572151601315, 1.1606826782226562], [-0.0007319690776057541, -0.02566194348037243, -0.9996704459190369, 1.5478134155273438], [-0.383076012134552, -0.9234053492546082, 0.02398468181490898, -0.0438232421875], [0.0, 0.0, 0.0, 1.0]]], "view": [[0.0, -2.0, 100.0], [-2.0, 0.0, 100.0], [0.0, 0.0, 1.0]], "bev": "bev_6be945a882aa43f4994815a567c285a0.png", "aux": "aux_6be945a882aa43f4994815a567c285a0.npz", "visibility": "visibility_6be945a882aa43f4994815a567c285a0.png", "pose": [[0.8749309778213501, 0.484247624874115, 0.0, 1420.0216064453125], [-0.484247624874115, 0.8749309778213501, 0.0, 1254.170654296875], [0.0, 0.0, 1.0, 0.0], [0.0, 0.0, 0.0, 1.0]], "pose_inverse": [[0.8749309778213501, -0.484247624874115, 0.0, -635.0917358398438], [0.484247624874115, 0.8749309778213501, 0.0, -1784.954833984375], [0.0, 0.0, 1.0, 0.0], [0.0, 0.0, 0.0, 1.0]], "cam_ids": [0, 1, 2, 3, 4, 5], "cam_channels": ["CAM_FRONT_LEFT", "CAM_FRONT", "CAM_FRONT_RIGHT", "CAM_BACK_LEFT", "CAM_BACK", "CAM_BACK_RIGHT"], "token": "6be945a882aa43f4994815a567c285a0", "scene": "scene-0734"}, {"images": ["samples/CAM_FRONT_LEFT/n008-2018-08-29-16-04-13-0400__CAM_FRONT_LEFT__1535574021854799.jpg", "samples/CAM_FRONT/n008-2018-08-29-16-04-13-0400__CAM_FRONT__1535574021862404.jpg", "samples/CAM_FRONT_RIGHT/n008-2018-08-29-16-04-13-0400__CAM_FRONT_RIGHT__1535574021870482.jpg", "samples/CAM_BACK_LEFT/n008-2018-08-29-16-04-13-0400__CAM_BACK_LEFT__1535574021897405.jpg", "samples/CAM_BACK/n008-2018-08-29-16-04-13-0400__CAM_BACK__1535574021887558.jpg", "samples/CAM_BACK_RIGHT/n008-2018-08-29-16-04-13-0400__CAM_BACK_RIGHT__1535574021878113.jpg"], "intrinsics": [[[1257.8625342125129, 0.0, 827.2410631095686], [0.0, 1257.8625342125129, 450.915498205774], [0.0, 0.0, 1.0]], [[1252.8131021185304, 0.0, 826.588114781398], [0.0, 1252.8131021185304, 469.9846626224581], [0.0, 0.0, 1.0]], [[1256.7485116440405, 0.0, 817.7887570959712], [0.0, 1256.7485116440403, 451.9541780095127], [0.0, 0.0, 1.0]], [[1254.9860565800168, 0.0, 829.5769333630991], [0.0, 1254.9860565800168, 467.1680561863987], [0.0, 0.0, 1.0]], [[796.8910634503094, 0.0, 857.7774326863696], [0.0, 796.8910634503094, 476.8848988407415], [0.0, 0.0, 1.0]], [[1249.9629280788233, 0.0, 825.3768045375984], [0.0, 1249.9629280788233, 462.54816385708756], [0.0, 0.0, 1.0]]], "extrinsics": [[[0.8225306272506714, -0.5686933994293213, 0.005590606015175581, -1.00506591796875], [0.008329753763973713, 0.0022175048943609, -0.9999628663063049, 1.4882946014404297], [0.5686598420143127, 0.822546660900116, 0.006561039946973324, -1.3333740234375], [0.0, 0.0, 0.0, 1.0]], [[0.010242492891848087, -0.9999454617500305, 0.002016766695305705, 0.00537109375], [0.010289212688803673, -0.0019113736925646663, -0.9999452829360962, 1.4801636934280396], [0.9998945593833923, 0.010262671858072281, 0.010269074700772762, -1.73468017578125], [0.0, 0.0, 0.0, 1.0]], [[-0.8439714908599854, -0.5362992882728577, -0.009757722727954388, 1.090576171875], [0.01830965280532837, -0.01062333770096302, -0.9997759461402893, 1.4930710792541504], [0.5360754728317261, -0.8439610600471497, 0.018785247579216957, -1.277587890625], [0.0, 0.0, 0.0, 1.0]], [[0.9478968381881714, 0.3185349106788635, -0.005223363637924194, -1.1439208984375], [-0.007032152730971575, 0.004528777673840523, -0.9999650120735168, 1.5620458126068115], [-0.3185001313686371, 0.9479003548622131, 0.006532798986881971, -0.156005859375], [0.0, 0.0, 0.0, 1.0]], [[0.009240047074854374, 0.9999526739120483, -0.0030415444634854794, -0.0289306640625], [-0.004920166451483965, -0.0029961736872792244, -0.9999833703041077, 1.5680599212646484], [-0.9999452829360962, 0.009254846721887589, 0.004892248194664717, 0.044189453125], [0.0, 0.0, 0.0, 1.0]], [[-0.9237140417098999, 0.38297322392463684, -0.00916072353720665, 1.1606369018554688], [-0.0007408688543364406, -0.02569904737174511, -0.9996694326400757, 1.5478096008300781], [-0.3830820322036743, -0.923401951789856, 0.024022301658988, -0.043701171875], [0.0, 0.0, 0.0, 1.0]]], "view": [[0.0, -2.0, 100.0], [-2.0, 0.0, 100.0], [0.0, 0.0, 1.0]], "bev": "bev_bb37f7cda4c147feb20d7c19a43f047d.png", "aux": "aux_bb37f7cda4c147feb20d7c19a43f047d.npz", "visibility": "visibility_bb37f7cda4c147feb20d7c19a43f047d.png", "pose": [[0.874936580657959, 0.48423755168914795, 0.0, 1420.0216064453125], [-0.48423755168914795, 0.874936580657959, 0.0, 1254.170654296875], [0.0, 0.0, 1.0, 0.0], [0.0, 0.0, 0.0, 1.0]], "pose_inverse": [[0.874936580657959, -0.48423755168914795, 0.0, -635.1123046875], [0.48423755168914795, 0.874936580657959, 0.0, -1784.947509765625], [0.0, 0.0, 1.0, 0.0], [0.0, 0.0, 0.0, 1.0]], "cam_ids": [0, 1, 2, 3, 4, 5], "cam_channels": ["CAM_FRONT_LEFT", "CAM_FRONT", "CAM_FRONT_RIGHT", "CAM_BACK_LEFT", "CAM_BACK", "CAM_BACK_RIGHT"], "token": "bb37f7cda4c147feb20d7c19a43f047d", "scene": "scene-0734"}, {"images": ["samples/CAM_FRONT_LEFT/n008-2018-08-29-16-04-13-0400__CAM_FRONT_LEFT__1535574022354799.jpg", "samples/CAM_FRONT/n008-2018-08-29-16-04-13-0400__CAM_FRONT__1535574022362404.jpg", "samples/CAM_FRONT_RIGHT/n008-2018-08-29-16-04-13-0400__CAM_FRONT_RIGHT__1535574022370482.jpg", "samples/CAM_BACK_LEFT/n008-2018-08-29-16-04-13-0400__CAM_BACK_LEFT__1535574022397405.jpg", "samples/CAM_BACK/n008-2018-08-29-16-04-13-0400__CAM_BACK__1535574022387558.jpg", "samples/CAM_BACK_RIGHT/n008-2018-08-29-16-04-13-0400__CAM_BACK_RIGHT__1535574022378113.jpg"], "intrinsics": [[[1257.8625342125129, 0.0, 827.2410631095686], [0.0, 1257.8625342125129, 450.915498205774], [0.0, 0.0, 1.0]], [[1252.8131021185304, 0.0, 826.588114781398], [0.0, 1252.8131021185304, 469.9846626224581], [0.0, 0.0, 1.0]], [[1256.7485116440405, 0.0, 817.7887570959712], [0.0, 1256.7485116440403, 451.9541780095127], [0.0, 0.0, 1.0]], [[1254.9860565800168, 0.0, 829.5769333630991], [0.0, 1254.9860565800168, 467.1680561863987], [0.0, 0.0, 1.0]], [[796.8910634503094, 0.0, 857.7774326863696], [0.0, 796.8910634503094, 476.8848988407415], [0.0, 0.0, 1.0]], [[1249.9629280788233, 0.0, 825.3768045375984], [0.0, 1249.9629280788233, 462.54816385708756], [0.0, 0.0, 1.0]]], "extrinsics": [[[0.8225164413452148, -0.5687132477760315, 0.005648637190461159, -1.005157470703125], [0.008289797231554985, 0.0020573902875185013, -0.9999634623527527, 1.488295555114746], [0.5686808228492737, 0.8225333094596863, 0.006406753323972225, -1.333251953125], [0.0, 0.0, 0.0, 1.0]], [[0.010224235244095325, -0.999945342540741, 0.00216500461101532, 0.00537109375], [0.0102485166862607, -0.0020602145232260227, -0.999945342540741, 1.4801665544509888], [0.9998952746391296, 0.01024586521089077, 0.010226892307400703, -1.734619140625], [0.0, 0.0, 0.0, 1.0]], [[-0.8439797163009644, -0.5362881422042847, -0.009652601554989815, 1.0906982421875], [0.018268391489982605, -0.010754894465208054, -0.999775230884552, 1.493072509765625], [0.5360638499259949, -0.8439664840698242, 0.0188740361481905, -1.2777099609375], [0.0, 0.0, 0.0, 1.0]], [[0.9478970170021057, 0.3185313940048218, -0.005375175271183252, -1.1439208984375], [-0.007149640005081892, 0.004401880316436291, -0.9999647736549377, 1.5620425939559937], [-0.3184964954853058, 0.9479020833969116, 0.006449915934354067, -0.156005859375], [0.0, 0.0, 0.0, 1.0]], [[0.00924693699926138, 0.9999522566795349, -0.003164394060149789, -0.02880859375], [-0.005014761816710234, -0.0031181159429252148, -0.9999825358390808, 1.5680618286132812], [-0.9999447464942932, 0.00926261954009533, 0.00498568918555975, 0.0443115234375], [0.0, 0.0, 0.0, 1.0]], [[-0.9237102270126343, 0.382982462644577, -0.009153316728770733, 1.16058349609375], [-0.0008006573189049959, -0.025823207572102547, -0.9996662139892578, 1.5478096008300781], [-0.3830910623073578, -0.923394501209259, 0.02415979839861393, -0.043701171875], [0.0, 0.0, 0.0, 1.0]]], "view": [[0.0, -2.0, 100.0], [-2.0, 0.0, 100.0], [0.0, 0.0, 1.0]], "bev": "bev_9c0f2fbc2c6049109e913bda56c5ea34.png", "aux": "aux_9c0f2fbc2c6049109e913bda56c5ea34.npz", "visibility": "visibility_9c0f2fbc2c6049109e913bda56c5ea34.png", "pose": [[0.8749514222145081, 0.48421066999435425, 0.0, 1420.0216064453125], [-0.48421066999435425, 0.8749514222145081, 0.0, 1254.170654296875], [0.0, 0.0, 1.0, 0.0], [0.0, 0.0, 0.0, 1.0]], "pose_inverse": [[0.8749514222145081, -0.48421066999435425, 0.0, -635.1671752929688], [0.48421066999435425, 0.8749514222145081, 0.0, -1784.927978515625], [0.0, 0.0, 1.0, 0.0], [0.0, 0.0, 0.0, 1.0]], "cam_ids": [0, 1, 2, 3, 4, 5], "cam_channels": ["CAM_FRONT_LEFT", "CAM_FRONT", "CAM_FRONT_RIGHT", "CAM_BACK_LEFT", "CAM_BACK", "CAM_BACK_RIGHT"], "token": "9c0f2fbc2c6049109e913bda56c5ea34", "scene": "scene-0734"}, {"images": ["samples/CAM_FRONT_LEFT/n008-2018-08-29-16-04-13-0400__CAM_FRONT_LEFT__1535574022854799.jpg", "samples/CAM_FRONT/n008-2018-08-29-16-04-13-0400__CAM_FRONT__1535574022862404.jpg", "samples/CAM_FRONT_RIGHT/n008-2018-08-29-16-04-13-0400__CAM_FRONT_RIGHT__1535574022870484.jpg", "samples/CAM_BACK_LEFT/n008-2018-08-29-16-04-13-0400__CAM_BACK_LEFT__1535574022897405.jpg", "samples/CAM_BACK/n008-2018-08-29-16-04-13-0400__CAM_BACK__1535574022887558.jpg", "samples/CAM_BACK_RIGHT/n008-2018-08-29-16-04-13-0400__CAM_BACK_RIGHT__1535574022878113.jpg"], "intrinsics": [[[1257.8625342125129, 0.0, 827.2410631095686], [0.0, 1257.8625342125129, 450.915498205774], [0.0, 0.0, 1.0]], [[1252.8131021185304, 0.0, 826.588114781398], [0.0, 1252.8131021185304, 469.9846626224581], [0.0, 0.0, 1.0]], [[1256.7485116440405, 0.0, 817.7887570959712], [0.0, 1256.7485116440403, 451.9541780095127], [0.0, 0.0, 1.0]], [[1254.9860565800168, 0.0, 829.5769333630991], [0.0, 1254.9860565800168, 467.1680561863987], [0.0, 0.0, 1.0]], [[796.8910634503094, 0.0, 857.7774326863696], [0.0, 796.8910634503094, 476.8848988407415], [0.0, 0.0, 1.0]], [[1249.9629280788233, 0.0, 825.3768045375984], [0.0, 1249.9629280788233, 462.54816385708756], [0.0, 0.0, 1.0]]], "extrinsics": [[[0.8225246071815491, -0.5687023997306824, 0.005560103338211775, -1.005035400390625], [0.008178225718438625, 0.002051837742328644, -0.9999644160270691, 1.488295555114746], [0.5686708092689514, 0.822540819644928, 0.006338662002235651, -1.33349609375], [0.0, 0.0, 0.0, 1.0]], [[0.010236690752208233, -0.9999452233314514, 0.00217024190351367, 0.00537109375], [0.010133801028132439, -0.0020665035117417574, -0.9999465346336365, 1.4801656007766724], [0.999896228313446, 0.010258089751005173, 0.010112090967595577, -1.734619140625], [0.0, 0.0, 0.0, 1.0]], [[-0.8439757227897644, -0.5362961292266846, -0.009560826234519482, 1.090576171875], [0.01816420443356037, -0.010761689394712448, -0.99977707862854, 1.4930734634399414], [0.5360737442970276, -0.8439612984657288, 0.018823998048901558, -1.2777099609375], [0.0, 0.0, 0.0, 1.0]], [[0.9478973150253296, 0.3185301721096039, -0.005410951562225819, -1.1439208984375], [-0.0071872822009027, 0.004401610232889652, -0.9999644756317139, 1.5620437860488892], [-0.3184950351715088, 0.9479025602340698, 0.006461640819907188, -0.1561279296875], [0.0, 0.0, 0.0, 1.0]], [[0.009243819862604141, 0.9999523162841797, -0.0031627702992409468, -0.0286865234375], [-0.005075020249933004, -0.0031159506179392338, -0.9999822378158569, 1.5680618286132812], [-0.9999443888664246, 0.009259678423404694, 0.0050459750927984715, 0.0443115234375], [0.0, 0.0, 0.0, 1.0]], [[-0.9237135052680969, 0.3829762637615204, -0.009073900058865547, 1.1606369018554688], [-0.0008874050108715892, -0.025825561955571175, -0.9996660351753235, 1.5478134155273438], [-0.38308268785476685, -0.9233971238136292, 0.02419527806341648, -0.043701171875], [0.0, 0.0, 0.0, 1.0]]], "view": [[0.0, -2.0, 100.0], [-2.0, 0.0, 100.0], [0.0, 0.0, 1.0]], "bev": "bev_da4f49b7438d4c10a0c6efabcd45d23d.png", "aux": "aux_da4f49b7438d4c10a0c6efabcd45d23d.npz", "visibility": "visibility_da4f49b7438d4c10a0c6efabcd45d23d.png", "pose": [[0.8749087452888489, 0.484287828207016, 0.0, 1420.0216064453125], [-0.484287828207016, 0.8749087452888489, 0.0, 1254.170654296875], [0.0, 0.0, 1.0, 0.0], [0.0, 0.0, 0.0, 1.0]], "pose_inverse": [[0.8749087452888489, -0.484287828207016, 0.0, -635.0097045898438], [0.484287828207016, 0.8749087452888489, 0.0, -1784.9840087890625], [0.0, 0.0, 1.0, 0.0], [0.0, 0.0, 0.0, 1.0]], "cam_ids": [0, 1, 2, 3, 4, 5], "cam_channels": ["CAM_FRONT_LEFT", "CAM_FRONT", "CAM_FRONT_RIGHT", "CAM_BACK_LEFT", "CAM_BACK", "CAM_BACK_RIGHT"], "token": "da4f49b7438d4c10a0c6efabcd45d23d", "scene": "scene-0734"}, {"images": ["samples/CAM_FRONT_LEFT/n008-2018-08-29-16-04-13-0400__CAM_FRONT_LEFT__1535574023354799.jpg", "samples/CAM_FRONT/n008-2018-08-29-16-04-13-0400__CAM_FRONT__1535574023362404.jpg", "samples/CAM_FRONT_RIGHT/n008-2018-08-29-16-04-13-0400__CAM_FRONT_RIGHT__1535574023370482.jpg", "samples/CAM_BACK_LEFT/n008-2018-08-29-16-04-13-0400__CAM_BACK_LEFT__1535574023397405.jpg", "samples/CAM_BACK/n008-2018-08-29-16-04-13-0400__CAM_BACK__1535574023387558.jpg", "samples/CAM_BACK_RIGHT/n008-2018-08-29-16-04-13-0400__CAM_BACK_RIGHT__1535574023378113.jpg"], "intrinsics": [[[1257.8625342125129, 0.0, 827.2410631095686], [0.0, 1257.8625342125129, 450.915498205774], [0.0, 0.0, 1.0]], [[1252.8131021185304, 0.0, 826.588114781398], [0.0, 1252.8131021185304, 469.9846626224581], [0.0, 0.0, 1.0]], [[1256.7485116440405, 0.0, 817.7887570959712], [0.0, 1256.7485116440403, 451.9541780095127], [0.0, 0.0, 1.0]], [[1254.9860565800168, 0.0, 829.5769333630991], [0.0, 1254.9860565800168, 467.1680561863987], [0.0, 0.0, 1.0]], [[796.8910634503094, 0.0, 857.7774326863696], [0.0, 796.8910634503094, 476.8848988407415], [0.0, 0.0, 1.0]], [[1249.9629280788233, 0.0, 825.3768045375984], [0.0, 1249.9629280788233, 462.54816385708756], [0.0, 0.0, 1.0]]], "extrinsics": [[[0.8225378394126892, -0.5686825513839722, 0.005631583277136087, -1.0050048828125], [0.008306684903800488, 0.0021122274920344353, -0.9999632239341736, 1.4882946014404297], [0.5686497092247009, 0.8225544095039368, 0.0064612519927322865, -1.33349609375], [0.0, 0.0, 0.0, 1.0]], [[0.0102545116096735, -0.9999452233314514, 0.0021054206881672144, 0.0052490234375], [0.010256015695631504, -0.0020002450328320265, -0.9999454617500305, 1.4801639318466187], [0.9998947978019714, 0.010275537148118019, 0.010234941728413105, -1.73455810546875], [0.0, 0.0, 0.0, 1.0]], [[-0.8439670205116272, -0.5363074541091919, -0.009691714309155941, 1.090576171875], [0.018272042274475098, -0.01068689115345478, -0.9997759461402893, 1.4930710792541504], [0.5360837578773499, -0.8439550399780273, 0.018818818032741547, -1.277587890625], [0.0, 0.0, 0.0, 1.0]], [[0.9478950500488281, 0.31853875517845154, -0.005311321001499891, -1.1439208984375], [-0.007114749401807785, 0.0044983611442148685, -0.9999645948410034, 1.5620416402816772], [-0.31850358843803406, 0.9478991627693176, 0.006530298385769129, -0.1561279296875], [0.0, 0.0, 0.0, 1.0]], [[0.00923575833439827, 0.9999526143074036, -0.003081915434449911, -0.02880859375], [-0.0049842773005366325, -0.0030359721276909113, -0.9999829530715942, 1.5680627822875977], [-0.9999450445175171, 0.009250938892364502, 0.004956000950187445, 0.0443115234375], [0.0, 0.0, 0.0, 1.0]], [[-0.9237167835235596, 0.3829670548439026, -0.009138652123510838, 1.1607208251953125], [-0.0007861352642066777, -0.02575100213289261, -0.9996680617332458, 1.5478172302246094], [-0.3830752968788147, -0.9234029650688171, 0.02408769726753235, -0.0435791015625], [0.0, 0.0, 0.0, 1.0]]], "view": [[0.0, -2.0, 100.0], [-2.0, 0.0, 100.0], [0.0, 0.0, 1.0]], "bev": "bev_f421e38df6884b3ba98540a930cd05dc.png", "aux": "aux_f421e38df6884b3ba98540a930cd05dc.npz", "visibility": "visibility_f421e38df6884b3ba98540a930cd05dc.png", "pose": [[0.8748747110366821, 0.4843493402004242, 0.0, 1420.0216064453125], [-0.4843493402004242, 0.8748747110366821, 0.0, 1254.170654296875], [0.0, 0.0, 1.0, 0.0], [0.0, 0.0, 0.0, 1.0]], "pose_inverse": [[0.8748747110366821, -0.4843493402004242, 0.0, -634.8842163085938], [0.4843493402004242, 0.8748747110366821, 0.0, -1785.0286865234375], [0.0, 0.0, 1.0, 0.0], [0.0, 0.0, 0.0, 1.0]], "cam_ids": [0, 1, 2, 3, 4, 5], "cam_channels": ["CAM_FRONT_LEFT", "CAM_FRONT", "CAM_FRONT_RIGHT", "CAM_BACK_LEFT", "CAM_BACK", "CAM_BACK_RIGHT"], "token": "f421e38df6884b3ba98540a930cd05dc", "scene": "scene-0734"}, {"images": ["samples/CAM_FRONT_LEFT/n008-2018-08-29-16-04-13-0400__CAM_FRONT_LEFT__1535574023904799.jpg", "samples/CAM_FRONT/n008-2018-08-29-16-04-13-0400__CAM_FRONT__1535574023912404.jpg", "samples/CAM_FRONT_RIGHT/n008-2018-08-29-16-04-13-0400__CAM_FRONT_RIGHT__1535574023920482.jpg", "samples/CAM_BACK_LEFT/n008-2018-08-29-16-04-13-0400__CAM_BACK_LEFT__1535574023947405.jpg", "samples/CAM_BACK/n008-2018-08-29-16-04-13-0400__CAM_BACK__1535574023937558.jpg", "samples/CAM_BACK_RIGHT/n008-2018-08-29-16-04-13-0400__CAM_BACK_RIGHT__1535574023928113.jpg"], "intrinsics": [[[1257.8625342125129, 0.0, 827.2410631095686], [0.0, 1257.8625342125129, 450.915498205774], [0.0, 0.0, 1.0]], [[1252.8131021185304, 0.0, 826.588114781398], [0.0, 1252.8131021185304, 469.9846626224581], [0.0, 0.0, 1.0]], [[1256.7485116440405, 0.0, 817.7887570959712], [0.0, 1256.7485116440403, 451.9541780095127], [0.0, 0.0, 1.0]], [[1254.9860565800168, 0.0, 829.5769333630991], [0.0, 1254.9860565800168, 467.1680561863987], [0.0, 0.0, 1.0]], [[796.8910634503094, 0.0, 857.7774326863696], [0.0, 796.8910634503094, 476.8848988407415], [0.0, 0.0, 1.0]], [[1249.9629280788233, 0.0, 825.3768045375984], [0.0, 1249.9629280788233, 462.54816385708756], [0.0, 0.0, 1.0]]], "extrinsics": [[[0.8225218653678894, -0.5687057971954346, 0.005609783343970776, -1.004974365234375], [0.008398691192269325, 0.002283320063725114, -0.9999620914459229, 1.488295555114746], [0.5686715245246887, 0.8225377798080444, 0.006654465105384588, -1.3333740234375], [0.0, 0.0, 0.0, 1.0]], [[0.010232919827103615, -0.9999458193778992, 0.001921829767525196, 0.0052490234375], [0.010364864021539688, -0.0018157579470425844, -0.9999446272850037, 1.4801679849624634], [0.9998939037322998, 0.010252239182591438, 0.010345721617341042, -1.7347412109375], [0.0, 0.0, 0.0, 1.0]], [[-0.8439732193946838, -0.5362939238548279, -0.00990438461303711, 1.090576171875], [0.018398314714431763, -0.010489624924957752, -0.9997757077217102, 1.4930734634399414], [0.5360696911811829, -0.8439661264419556, 0.0187198668718338, -1.277587890625], [0.0, 0.0, 0.0, 1.0]], [[0.9478963613510132, 0.3185370862483978, -0.0051439255475997925, -1.14404296875], [-0.006997781805694103, 0.004675841890275478, -0.9999645352363586, 1.562039852142334], [-0.3185017704963684, 0.947898805141449, 0.006661268882453442, -0.1561279296875], [0.0, 0.0, 0.0, 1.0]], [[0.009241475723683834, 0.9999530911445618, -0.0028956448659300804, -0.0286865234375], [-0.004855439532548189, -0.0028508612886071205, -0.9999841451644897, 1.5680618286132812], [-0.9999455213546753, 0.009255348704755306, 0.004828866571187973, 0.04437255859375], [0.0, 0.0, 0.0, 1.0]], [[-0.9237122535705566, 0.3829769492149353, -0.009181254543364048, 1.1607131958007812], [-0.0006585978553630412, -0.02555404230952263, -0.9996731877326965, 1.5478134155273438], [-0.3830863833427429, -0.9234043955802917, 0.023856809362769127, -0.0438232421875], [0.0, 0.0, 0.0, 1.0]]], "view": [[0.0, -2.0, 100.0], [-2.0, 0.0, 100.0], [0.0, 0.0, 1.0]], "bev": "bev_bffa0d5588c246e58e0fc853c2eef796.png", "aux": "aux_bffa0d5588c246e58e0fc853c2eef796.npz", "visibility": "visibility_bffa0d5588c246e58e0fc853c2eef796.png", "pose": [[0.8749228715896606, 0.48426225781440735, 0.0, 1420.0216064453125], [-0.48426225781440735, 0.8749228715896606, 0.0, 1254.170654296875], [0.0, 0.0, 1.0, 0.0], [0.0, 0.0, 0.0, 1.0]], "pose_inverse": [[0.8749228715896606, -0.48426225781440735, 0.0, -635.0618896484375], [0.48426225781440735, 0.8749228715896606, 0.0, -1784.9654541015625], [0.0, 0.0, 1.0, 0.0], [0.0, 0.0, 0.0, 1.0]], "cam_ids": [0, 1, 2, 3, 4, 5], "cam_channels": ["CAM_FRONT_LEFT", "CAM_FRONT", "CAM_FRONT_RIGHT", "CAM_BACK_LEFT", "CAM_BACK", "CAM_BACK_RIGHT"], "token": "bffa0d5588c246e58e0fc853c2eef796", "scene": "scene-0734"}, {"images": ["samples/CAM_FRONT_LEFT/n008-2018-08-29-16-04-13-0400__CAM_FRONT_LEFT__1535574024404799.jpg", "samples/CAM_FRONT/n008-2018-08-29-16-04-13-0400__CAM_FRONT__1535574024412404.jpg", "samples/CAM_FRONT_RIGHT/n008-2018-08-29-16-04-13-0400__CAM_FRONT_RIGHT__1535574024420482.jpg", "samples/CAM_BACK_LEFT/n008-2018-08-29-16-04-13-0400__CAM_BACK_LEFT__1535574024447405.jpg", "samples/CAM_BACK/n008-2018-08-29-16-04-13-0400__CAM_BACK__1535574024437562.jpg", "samples/CAM_BACK_RIGHT/n008-2018-08-29-16-04-13-0400__CAM_BACK_RIGHT__1535574024428113.jpg"], "intrinsics": [[[1257.8625342125129, 0.0, 827.2410631095686], [0.0, 1257.8625342125129, 450.915498205774], [0.0, 0.0, 1.0]], [[1252.8131021185304, 0.0, 826.588114781398], [0.0, 1252.8131021185304, 469.9846626224581], [0.0, 0.0, 1.0]], [[1256.7485116440405, 0.0, 817.7887570959712], [0.0, 1256.7485116440403, 451.9541780095127], [0.0, 0.0, 1.0]], [[1254.9860565800168, 0.0, 829.5769333630991], [0.0, 1254.9860565800168, 467.1680561863987], [0.0, 0.0, 1.0]], [[796.8910634503094, 0.0, 857.7774326863696], [0.0, 796.8910634503094, 476.8848988407415], [0.0, 0.0, 1.0]], [[1249.9629280788233, 0.0, 825.3768045375984], [0.0, 1249.9629280788233, 462.54816385708756], [0.0, 0.0, 1.0]]], "extrinsics": [[[0.8225202560424805, -0.5687083601951599, 0.005585416220128536, -1.005035400390625], [0.008504278026521206, 0.0024788540322333574, -0.9999607801437378, 1.4882965087890625], [0.5686721801757812, 0.822535514831543, 0.0068753608502447605, -1.3333740234375], [0.0, 0.0, 0.0, 1.0]], [[0.010230118408799171, -0.9999461770057678, 0.0017405839171260595, 0.00537109375], [0.010461268946528435, -0.001633554813452065, -0.9999439716339111, 1.4801652431488037], [0.9998928904533386, 0.010247676633298397, 0.010443995706737041, -1.7347412109375], [0.0, 0.0, 0.0, 1.0]], [[-0.8439742922782898, -0.5362891554832458, -0.010067685507237911, 1.090576171875], [0.01848493330180645, -0.010321629233658314, -0.9997758269309998, 1.4930734634399414], [0.5360650420188904, -0.8439712524414062, 0.018624460324645042, -1.277587890625], [0.0, 0.0, 0.0, 1.0]], [[0.9478974342346191, 0.3185364007949829, -0.005003408528864384, -1.1439208984375], [-0.006911052390933037, 0.0048589082434773445, -0.9999643564224243, 1.5620427131652832], [-0.31850069761276245, 0.9478980898857117, 0.006807168945670128, -0.1561279296875], [0.0, 0.0, 0.0, 1.0]], [[0.00924200564622879, 0.99995356798172, -0.002711369888857007, -0.0286865234375], [-0.00477871298789978, -0.0026672868989408016, -0.9999849796295166, 1.5680618286132812], [-0.999945878982544, 0.009254838339984417, 0.004753839690238237, 0.04437255859375], [0.0, 0.0, 0.0, 1.0]], [[-0.9237105250358582, 0.38298091292381287, -0.009189048781991005, 1.1607208251953125], [-0.0005779892671853304, -0.025379808619618416, -0.9996776580810547, 1.5478096008300781], [-0.38309064507484436, -0.9234074950218201, 0.02366495504975319, -0.043701171875], [0.0, 0.0, 0.0, 1.0]]], "view": [[0.0, -2.0, 100.0], [-2.0, 0.0, 100.0], [0.0, 0.0, 1.0]], "bev": "bev_adde15bca6644d0b92d511fd36ab1a76.png", "aux": "aux_adde15bca6644d0b92d511fd36ab1a76.npz", "visibility": "visibility_adde15bca6644d0b92d511fd36ab1a76.png", "pose": [[0.874937117099762, 0.4842365086078644, 0.0, 1420.0216064453125], [-0.4842365086078644, 0.874937117099762, 0.0, 1254.170654296875], [0.0, 0.0, 1.0, 0.0], [0.0, 0.0, 0.0, 1.0]], "pose_inverse": [[0.874937117099762, -0.4842365086078644, 0.0, -635.1144409179688], [0.4842365086078644, 0.874937117099762, 0.0, -1784.94677734375], [0.0, 0.0, 1.0, 0.0], [0.0, 0.0, 0.0, 1.0]], "cam_ids": [0, 1, 2, 3, 4, 5], "cam_channels": ["CAM_FRONT_LEFT", "CAM_FRONT", "CAM_FRONT_RIGHT", "CAM_BACK_LEFT", "CAM_BACK", "CAM_BACK_RIGHT"], "token": "adde15bca6644d0b92d511fd36ab1a76", "scene": "scene-0734"}, {"images": ["samples/CAM_FRONT_LEFT/n008-2018-08-29-16-04-13-0400__CAM_FRONT_LEFT__1535574024904799.jpg", "samples/CAM_FRONT/n008-2018-08-29-16-04-13-0400__CAM_FRONT__1535574024912404.jpg", "samples/CAM_FRONT_RIGHT/n008-2018-08-29-16-04-13-0400__CAM_FRONT_RIGHT__1535574024920482.jpg", "samples/CAM_BACK_LEFT/n008-2018-08-29-16-04-13-0400__CAM_BACK_LEFT__1535574024947405.jpg", "samples/CAM_BACK/n008-2018-08-29-16-04-13-0400__CAM_BACK__1535574024937558.jpg", "samples/CAM_BACK_RIGHT/n008-2018-08-29-16-04-13-0400__CAM_BACK_RIGHT__1535574024928113.jpg"], "intrinsics": [[[1257.8625342125129, 0.0, 827.2410631095686], [0.0, 1257.8625342125129, 450.915498205774], [0.0, 0.0, 1.0]], [[1252.8131021185304, 0.0, 826.588114781398], [0.0, 1252.8131021185304, 469.9846626224581], [0.0, 0.0, 1.0]], [[1256.7485116440405, 0.0, 817.7887570959712], [0.0, 1256.7485116440403, 451.9541780095127], [0.0, 0.0, 1.0]], [[1254.9860565800168, 0.0, 829.5769333630991], [0.0, 1254.9860565800168, 467.1680561863987], [0.0, 0.0, 1.0]], [[796.8910634503094, 0.0, 857.7774326863696], [0.0, 796.8910634503094, 476.8848988407415], [0.0, 0.0, 1.0]], [[1249.9629280788233, 0.0, 825.3768045375984], [0.0, 1249.9629280788233, 462.54816385708756], [0.0, 0.0, 1.0]]], "extrinsics": [[[0.822517454624176, -0.5687115788459778, 0.005679621361196041, -1.004974365234375], [0.00861591286957264, 0.0024746228009462357, -0.9999598264694214, 1.4882965087890625], [0.5686746835708618, 0.8225333094596863, 0.006935388781130314, -1.3333740234375], [0.0, 0.0, 0.0, 1.0]], [[0.010229144245386124, -0.999946117401123, 0.0017476516077294946, 0.00537109375], [0.01056996826082468, -0.0016395170241594315, -0.9999428391456604, 1.4801685810089111], [0.9998917579650879, 0.010247090831398964, 0.01055262703448534, -1.734619140625], [0.0, 0.0, 0.0, 1.0]], [[-0.8439717888832092, -0.5362914800643921, -0.01015268824994564, 1.090576171875], [0.018590766936540604, -0.010329628363251686, -0.9997738003730774, 1.493072509765625], [0.5360653400421143, -0.8439696431159973, 0.018687985837459564, -1.2774658203125], [0.0, 0.0, 0.0, 1.0]], [[0.947895348072052, 0.31854450702667236, -0.004880947060883045, -1.1439208984375], [-0.006770346779376268, 0.004824449308216572, -0.9999654293060303, 1.5620431900024414], [-0.3185099959373474, 0.9478956460952759, 0.006729731336236, -0.156005859375], [0.0, 0.0, 0.0, 1.0]], [[0.009240253828465939, 0.9999535083770752, -0.0027401542756706476, -0.0289306640625], [-0.0046570496633648