[{"images": ["samples/CAM_FRONT_LEFT/n008-2018-08-28-16-16-48-0400__CAM_FRONT_LEFT__1535488002754799.jpg", "samples/CAM_FRONT/n008-2018-08-28-16-16-48-0400__CAM_FRONT__1535488002762404.jpg", "samples/CAM_FRONT_RIGHT/n008-2018-08-28-16-16-48-0400__CAM_FRONT_RIGHT__1535488002770482.jpg", "samples/CAM_BACK_LEFT/n008-2018-08-28-16-16-48-0400__CAM_BACK_LEFT__1535488002797405.jpg", "samples/CAM_BACK/n008-2018-08-28-16-16-48-0400__CAM_BACK__1535488002787558.jpg", "samples/CAM_BACK_RIGHT/n008-2018-08-28-16-16-48-0400__CAM_BACK_RIGHT__1535488002778113.jpg"], "intrinsics": [[[1257.8625342125129, 0.0, 827.2410631095686], [0.0, 1257.8625342125129, 450.915498205774], [0.0, 0.0, 1.0]], [[1252.8131021185304, 0.0, 826.588114781398], [0.0, 1252.8131021185304, 469.9846626224581], [0.0, 0.0, 1.0]], [[1256.7485116440405, 0.0, 817.7887570959712], [0.0, 1256.7485116440403, 451.9541780095127], [0.0, 0.0, 1.0]], [[1254.9860565800168, 0.0, 829.5769333630991], [0.0, 1254.9860565800168, 467.1680561863987], [0.0, 0.0, 1.0]], [[796.8910634503094, 0.0, 857.7774326863696], [0.0, 796.8910634503094, 476.8848988407415], [0.0, 0.0, 1.0]], [[1249.9629280788233, 0.0, 825.3768045375984], [0.0, 1249.9629280788233, 462.54816385708756], [0.0, 0.0, 1.0]]], "extrinsics": [[[0.8221440315246582, -0.5687282085418701, -0.025050083175301552, -0.91656494140625], [-0.006397680379450321, 0.034769874066114426, -0.9993748664855957, 1.4875831604003906], [0.5692436695098877, 0.8217902779579163, 0.02494729869067669, -1.273193359375], [0.0, 0.0, 0.0, 1.0]], [[0.009649042040109634, -0.999480128288269, -0.030763499438762665, 0.0068359375], [-0.004493233747780323, 0.030721286311745644, -0.9995179176330566, 1.4797401428222656], [0.9999433159828186, 0.00978265143930912, -0.004194465931504965, -1.6449508666992188], [0.0, 0.0, 0.0, 1.0]], [[-0.8443127870559692, -0.5356476902961731, -0.014749942347407341, 1.03289794921875], [0.0034537683241069317, 0.022085782140493393, -0.9997500777244568, 1.4933013916015625], [0.5358395576477051, -0.8441527485847473, -0.016797306016087532, -1.240478515625], [0.0, 0.0, 0.0, 1.0]], [[0.9478042721748352, 0.3187262713909149, -0.008985139429569244, -1.1461181640625], [-0.02203415147960186, 0.03735926374793053, -0.9990589618682861, 1.5620956420898438], [-0.31809061765670776, 0.9471102356910706, 0.04243213310837746, -0.1552734375], [0.0, 0.0, 0.0, 1.0]], [[0.009567520581185818, 0.9995154738426208, 0.029618186876177788, -0.028564453125], [-0.019877677783370018, 0.029803795740008354, -0.999358057975769, 1.5675849914550781], [-0.9997566938400269, 0.008972647599875927, 0.020153196528553963, 0.0203857421875], [0.0, 0.0, 0.0, 1.0]], [[-0.9235708117485046, 0.38304251432418823, 0.017185315489768982, 1.11541748046875], [-0.015678144991397858, 0.007056389469653368, -0.999852180480957, 1.5470457077026367], [-0.38310715556144714, -0.9237037301063538, -0.0005116803222335875, -0.0621337890625], [0.0, 0.0, 0.0, 1.0]]], "view": [[0.0, -2.0, 100.0], [-2.0, 0.0, 100.0], [0.0, 0.0, 1.0]], "bev": "bev_9739469459174d408ae6fd29f688d8e0.png", "aux": "aux_9739469459174d408ae6fd29f688d8e0.npz", "visibility": "visibility_9739469459174d408ae6fd29f688d8e0.png", "pose": [[-0.8623260855674744, -0.5063533782958984, 0.0, 757.8125], [0.5063533782958984, -0.8623260855674744, 0.0, 1415.76416015625], [0.0, 0.0, 1.0, 0.0], [0.0, 0.0, 0.0, 1.0]], "pose_inverse": [[-0.8623260855674744, 0.5063533782958984, 0.0, -63.39549255371094], [-0.5063533782958984, -0.8623260855674744, 0.0, 1604.5712890625], [0.0, 0.0, 1.0, 0.0], [0.0, 0.0, 0.0, 1.0]], "cam_ids": [0, 1, 2, 3, 4, 5], "cam_channels": ["CAM_FRONT_LEFT", "CAM_FRONT", "CAM_FRONT_RIGHT", "CAM_BACK_LEFT", "CAM_BACK", "CAM_BACK_RIGHT"], "token": "9739469459174d408ae6fd29f688d8e0", "scene": "scene-0678"}, {"images": ["samples/CAM_FRONT_LEFT/n008-2018-08-28-16-16-48-0400__CAM_FRONT_LEFT__1535488003254799.jpg", "samples/CAM_FRONT/n008-2018-08-28-16-16-48-0400__CAM_FRONT__1535488003262404.jpg", "samples/CAM_FRONT_RIGHT/n008-2018-08-28-16-16-48-0400__CAM_FRONT_RIGHT__1535488003270482.jpg", "samples/CAM_BACK_LEFT/n008-2018-08-28-16-16-48-0400__CAM_BACK_LEFT__1535488003297405.jpg", "samples/CAM_BACK/n008-2018-08-28-16-16-48-0400__CAM_BACK__1535488003287558.jpg", "samples/CAM_BACK_RIGHT/n008-2018-08-28-16-16-48-0400__CAM_BACK_RIGHT__1535488003278113.jpg"], "intrinsics": [[[1257.8625342125129, 0.0, 827.2410631095686], [0.0, 1257.8625342125129, 450.915498205774], [0.0, 0.0, 1.0]], [[1252.8131021185304, 0.0, 826.588114781398], [0.0, 1252.8131021185304, 469.9846626224581], [0.0, 0.0, 1.0]], [[1256.7485116440405, 0.0, 817.7887570959712], [0.0, 1256.7485116440403, 451.9541780095127], [0.0, 0.0, 1.0]], [[1254.9860565800168, 0.0, 829.5769333630991], [0.0, 1254.9860565800168, 467.1680561863987], [0.0, 0.0, 1.0]], [[796.8910634503094, 0.0, 857.7774326863696], [0.0, 796.8910634503094, 476.8848988407415], [0.0, 0.0, 1.0]], [[1249.9629280788233, 0.0, 825.3768045375984], [0.0, 1249.9629280788233, 462.54816385708756], [0.0, 0.0, 1.0]]], "extrinsics": [[[0.8225510120391846, -0.5681638121604919, -0.02449078857898712, -0.90625], [-0.007937276735901833, 0.031591206789016724, -0.9994693994522095, 1.4873466491699219], [0.5686360597610474, 0.8223088979721069, 0.02147570438683033, -1.264892578125], [0.0, 0.0, 0.0, 1.0]], [[0.010273903608322144, -0.9995679259300232, -0.02753671072423458, 0.006103515625], [-0.005935511086136103, 0.0274767205119133, -0.9996048212051392, 1.4795875549316406], [0.9999296069145203, 0.010433360002934933, -0.005650652572512627, -1.6366767883300781], [0.0, 0.0, 0.0, 1.0]], [[-0.8440496325492859, -0.5361334085464478, -0.011883554980158806, 1.02728271484375], [0.0021313040051609278, 0.01880595088005066, -0.99982088804245, 1.4932327270507812], [0.5362608432769775, -0.8439237475395203, -0.014730492606759071, -1.2374267578125], [0.0, 0.0, 0.0, 1.0]], [[0.9476609230041504, 0.3190881907939911, -0.011023911647498608, -1.139404296875], [-0.023121267557144165, 0.03414914757013321, -0.9991492629051208, 1.5619430541992188], [-0.3184402883052826, 0.947109580039978, 0.03973953798413277, -0.157470703125], [0.0, 0.0, 0.0, 1.0]], [[0.00924511719495058, 0.9996095299720764, 0.026369739323854446, -0.0284423828125], [-0.02102828584611416, 0.026559384539723396, -0.999426007270813, 1.5674629211425781], [-0.9997361302375793, 0.008685322478413582, 0.021265622228384018, 0.0157470703125], [0.0, 0.0, 0.0, 1.0]], [[-0.9236987829208374, 0.3827401399612427, 0.01704273372888565, 1.111572265625], [-0.016880899667739868, 0.00378145813010633, -0.9998503923416138, 1.5469117164611816], [-0.3827473223209381, -0.9238482713699341, 0.0029680717270821333, -0.06396484375], [0.0, 0.0, 0.0, 1.0]]], "view": [[0.0, -2.0, 100.0], [-2.0, 0.0, 100.0], [0.0, 0.0, 1.0]], "bev": "bev_920914a16dbe402ab14c575b3e261cb4.png", "aux": "aux_920914a16dbe402ab14c575b3e261cb4.npz", "visibility": "visibility_920914a16dbe402ab14c575b3e261cb4.png", "pose": [[-0.8623799681663513, -0.5062615871429443, 0.0, 756.6769409179688], [0.5062615871429443, -0.8623799681663513, 0.0, 1416.4471435546875], [0.0, 0.0, 1.0, 0.0], [0.0, 0.0, 0.0, 1.0]], "pose_inverse": [[-0.8623799681663513, 0.5062615871429443, 0.0, -64.54979705810547], [-0.5062615871429443, -0.8623799681663513, 0.0, 1604.5921630859375], [0.0, 0.0, 1.0, 0.0], [0.0, 0.0, 0.0, 1.0]], "cam_ids": [0, 1, 2, 3, 4, 5], "cam_channels": ["CAM_FRONT_LEFT", "CAM_FRONT", "CAM_FRONT_RIGHT", "CAM_BACK_LEFT", "CAM_BACK", "CAM_BACK_RIGHT"], "token": "920914a16dbe402ab14c575b3e261cb4", "scene": "scene-0678"}, {"images": ["samples/CAM_FRONT_LEFT/n008-2018-08-28-16-16-48-0400__CAM_FRONT_LEFT__1535488003754799.jpg", "samples/CAM_FRONT/n008-2018-08-28-16-16-48-0400__CAM_FRONT__1535488003762404.jpg", "samples/CAM_FRONT_RIGHT/n008-2018-08-28-16-16-48-0400__CAM_FRONT_RIGHT__1535488003770482.jpg", "samples/CAM_BACK_LEFT/n008-2018-08-28-16-16-48-0400__CAM_BACK_LEFT__1535488003797405.jpg", "samples/CAM_BACK/n008-2018-08-28-16-16-48-0400__CAM_BACK__1535488003787558.jpg", "samples/CAM_BACK_RIGHT/n008-2018-08-28-16-16-48-0400__CAM_BACK_RIGHT__1535488003778113.jpg"], "intrinsics": [[[1257.8625342125129, 0.0, 827.2410631095686], [0.0, 1257.8625342125129, 450.915498205774], [0.0, 0.0, 1.0]], [[1252.8131021185304, 0.0, 826.588114781398], [0.0, 1252.8131021185304, 469.9846626224581], [0.0, 0.0, 1.0]], [[1256.7485116440405, 0.0, 817.7887570959712], [0.0, 1256.7485116440403, 451.9541780095127], [0.0, 0.0, 1.0]], [[1254.9860565800168, 0.0, 829.5769333630991], [0.0, 1254.9860565800168, 467.1680561863987], [0.0, 0.0, 1.0]], [[796.8910634503094, 0.0, 857.7774326863696], [0.0, 796.8910634503094, 476.8848988407415], [0.0, 0.0, 1.0]], [[1249.9629280788233, 0.0, 825.3768045375984], [0.0, 1249.9629280788233, 462.54816385708756], [0.0, 0.0, 1.0]]], "extrinsics": [[[0.8222987651824951, -0.5685014128684998, -0.025119146332144737, -0.91741943359375], [-0.0075320350006222725, 0.033264558762311935, -0.9994181990623474, 1.4874763488769531], [0.5690062642097473, 0.8220095634460449, 0.02307143248617649, -1.2733154296875], [0.0, 0.0, 0.0, 1.0]], [[0.009924751706421375, -0.9995261430740356, -0.029138101264834404, 0.006591796875], [-0.005570545326918364, 0.029083818197250366, -0.9995614290237427, 1.4796676635742188], [0.9999352097511292, 0.010082796216011047, -0.00527925556525588, -1.6478500366210938], [0.0, 0.0, 0.0, 1.0]], [[-0.8441948890686035, -0.5358799695968628, -0.012949468567967415, 1.03472900390625], [0.0024390839971601963, 0.02031741477549076, -0.9997905492782593, 1.4932289123535156], [0.5360308289527893, -0.8440497517585754, -0.01584479957818985, -1.2418212890625], [0.0, 0.0, 0.0, 1.0]], [[0.9477840662002563, 0.31873777508735657, -0.01056821458041668, -1.146575927734375], [-0.022993115708231926, 0.03524418920278549, -0.9991141557693481, 1.5621185302734375], [-0.3180829584598541, 0.9471874833106995, 0.04073265194892883, -0.155029296875], [0.0, 0.0, 0.0, 1.0]], [[0.009482334367930889, 0.999573826789856, 0.027610551565885544, -0.028564453125], [-0.020860115066170692, 0.02780352160334587, -0.9993956685066223, 1.5675849914550781], [-0.999737560749054, 0.008900667540729046, 0.02111486718058586, 0.0216217041015625], [0.0, 0.0, 0.0, 1.0]], [[-0.9236258268356323, 0.382901668548584, 0.01736724190413952, 1.11737060546875], [-0.016651395708322525, 0.005183949135243893, -0.9998478889465332, 1.5470266342163086], [-0.38293352723121643, -0.9237745404243469, 0.0015878200065344572, -0.0615234375], [0.0, 0.0, 0.0, 1.0]]], "view": [[0.0, -2.0, 100.0], [-2.0, 0.0, 100.0], [0.0, 0.0, 1.0]], "bev": "bev_87bd06c3304a489584c46d9be94f40f7.png", "aux": "aux_87bd06c3304a489584c46d9be94f40f7.npz", "visibility": "visibility_87bd06c3304a489584c46d9be94f40f7.png", "pose": [[-0.864025354385376, -0.5034483671188354, 0.0, 755.6721801757812], [0.5034483671188354, -0.864025354385376, 0.0, 1417.0445556640625], [0.0, 0.0, 1.0, 0.0], [0.0, 0.0, 0.0, 1.0]], "pose_inverse": [[-0.864025354385376, 0.5034483671188354, 0.0, -60.48882293701172], [-0.5034483671188354, -0.864025354385376, 0.0, 1604.8043212890625], [0.0, 0.0, 1.0, 0.0], [0.0, 0.0, 0.0, 1.0]], "cam_ids": [0, 1, 2, 3, 4, 5], "cam_channels": ["CAM_FRONT_LEFT", "CAM_FRONT", "CAM_FRONT_RIGHT", "CAM_BACK_LEFT", "CAM_BACK", "CAM_BACK_RIGHT"], "token": "87bd06c3304a489584c46d9be94f40f7", "scene": "scene-0678"}, {"images": ["samples/CAM_FRONT_LEFT/n008-2018-08-28-16-16-48-0400__CAM_FRONT_LEFT__1535488004254799.jpg", "samples/CAM_FRONT/n008-2018-08-28-16-16-48-0400__CAM_FRONT__1535488004262404.jpg", "samples/CAM_FRONT_RIGHT/n008-2018-08-28-16-16-48-0400__CAM_FRONT_RIGHT__1535488004270482.jpg", "samples/CAM_BACK_LEFT/n008-2018-08-28-16-16-48-0400__CAM_BACK_LEFT__1535488004297405.jpg", "samples/CAM_BACK/n008-2018-08-28-16-16-48-0400__CAM_BACK__1535488004287558.jpg", "samples/CAM_BACK_RIGHT/n008-2018-08-28-16-16-48-0400__CAM_BACK_RIGHT__1535488004278113.jpg"], "intrinsics": [[[1257.8625342125129, 0.0, 827.2410631095686], [0.0, 1257.8625342125129, 450.915498205774], [0.0, 0.0, 1.0]], [[1252.8131021185304, 0.0, 826.588114781398], [0.0, 1252.8131021185304, 469.9846626224581], [0.0, 0.0, 1.0]], [[1256.7485116440405, 0.0, 817.7887570959712], [0.0, 1256.7485116440403, 451.9541780095127], [0.0, 0.0, 1.0]], [[1254.9860565800168, 0.0, 829.5769333630991], [0.0, 1254.9860565800168, 467.1680561863987], [0.0, 0.0, 1.0]], [[796.8910634503094, 0.0, 857.7774326863696], [0.0, 796.8910634503094, 476.8848988407415], [0.0, 0.0, 1.0]], [[1249.9629280788233, 0.0, 825.3768045375984], [0.0, 1249.9629280788233, 462.54816385708756], [0.0, 0.0, 1.0]]], "extrinsics": [[[0.8226229548454285, -0.5681420564651489, -0.02249743603169918, -0.908935546875], [-0.006915722973644733, 0.029566600918769836, -0.9995388984680176, 1.4874649047851562], [0.5685452222824097, 0.8223991990089417, 0.020393051207065582, -1.2679443359375], [0.0, 0.0, 0.0, 1.0]], [[0.010377672500908375, -0.9996222257614136, -0.02544788271188736, 0.0068359375], [-0.004970670212060213, 0.025397367775440216, -0.9996650815010071, 1.4796791076660156], [0.9999337196350098, 0.010500648990273476, -0.004705225583165884, -1.6394157409667969], [0.0, 0.0, 0.0, 1.0]], [[-0.8440051674842834, -0.5362116694450378, -0.01150469295680523, 1.029296875], [0.003040454350411892, 0.016666706651449203, -0.9998564124107361, 1.4932842254638672], [0.5363264679908752, -0.843919038772583, -0.0124364597722888, -1.238037109375], [0.0, 0.0, 0.0, 1.0]], [[0.9477488398551941, 0.3188253939151764, -0.011074457317590714, -1.136749267578125], [-0.02236909605562687, 0.031786028295755386, -0.9992443323135376, 1.561859130859375], [-0.3182325065135956, 0.9472802877426147, 0.037257008254528046, -0.158935546875], [0.0, 0.0, 0.0, 1.0]], [[0.009287425316870213, 0.9996667504310608, 0.024085689336061478, -0.02880859375], [-0.020254964008927345, 0.02426985464990139, -0.9995001554489136, 1.5674591064453125], [-0.9997516870498657, 0.008794987574219704, 0.020473619922995567, 0.01488494873046875], [0.0, 0.0, 0.0, 1.0]], [[-0.9237311482429504, 0.3827309012413025, 0.015419953502714634, 1.11236572265625], [-0.016036514192819595, 0.0015794936334714293, -0.9998701810836792, 1.54697585105896], [-0.3827054500579834, -0.9238584637641907, 0.004678642377257347, -0.0633544921875], [0.0, 0.0, 0.0, 1.0]]], "view": [[0.0, -2.0, 100.0], [-2.0, 0.0, 100.0], [0.0, 0.0, 1.0]], "bev": "bev_a77eb42de63b417ea9635f6c9e2c51e2.png", "aux": "aux_a77eb42de63b417ea9635f6c9e2c51e2.npz", "visibility": "visibility_a77eb42de63b417ea9635f6c9e2c51e2.png", "pose": [[-0.8637628555297852, -0.5038985013961792, 0.0, 754.5857543945312], [0.5038985013961792, -0.8637628555297852, 0.0, 1417.6773681640625], [0.0, 0.0, 1.0, 0.0], [0.0, 0.0, 0.0, 1.0]], "pose_inverse": [[-0.8637628555297852, 0.5038985013961792, 0.0, -62.582366943359375], [-0.5038985013961792, -0.8637628555297852, 0.0, 1604.771728515625], [0.0, 0.0, 1.0, 0.0], [0.0, 0.0, 0.0, 1.0]], "cam_ids": [0, 1, 2, 3, 4, 5], "cam_channels": ["CAM_FRONT_LEFT", "CAM_FRONT", "CAM_FRONT_RIGHT", "CAM_BACK_LEFT", "CAM_BACK", "CAM_BACK_RIGHT"], "token": "a77eb42de63b417ea9635f6c9e2c51e2", "scene": "scene-0678"}, {"images": ["samples/CAM_FRONT_LEFT/n008-2018-08-28-16-16-48-0400__CAM_FRONT_LEFT__1535488004754799.jpg", "samples/CAM_FRONT/n008-2018-08-28-16-16-48-0400__CAM_FRONT__1535488004762404.jpg", "samples/CAM_FRONT_RIGHT/n008-2018-08-28-16-16-48-0400__CAM_FRONT_RIGHT__1535488004770482.jpg", "samples/CAM_BACK_LEFT/n008-2018-08-28-16-16-48-0400__CAM_BACK_LEFT__1535488004797405.jpg", "samples/CAM_BACK/n008-2018-08-28-16-16-48-0400__CAM_BACK__1535488004787558.jpg", "samples/CAM_BACK_RIGHT/n008-2018-08-28-16-16-48-0400__CAM_BACK_RIGHT__1535488004778113.jpg"], "intrinsics": [[[1257.8625342125129, 0.0, 827.2410631095686], [0.0, 1257.8625342125129, 450.915498205774], [0.0, 0.0, 1.0]], [[1252.8131021185304, 0.0, 826.588114781398], [0.0, 1252.8131021185304, 469.9846626224581], [0.0, 0.0, 1.0]], [[1256.7485116440405, 0.0, 817.7887570959712], [0.0, 1256.7485116440403, 451.9541780095127], [0.0, 0.0, 1.0]], [[1254.9860565800168, 0.0, 829.5769333630991], [0.0, 1254.9860565800168, 467.1680561863987], [0.0, 0.0, 1.0]], [[796.8910634503094, 0.0, 857.7774326863696], [0.0, 796.8910634503094, 476.8848988407415], [0.0, 0.0, 1.0]], [[1249.9629280788233, 0.0, 825.3768045375984], [0.0, 1249.9629280788233, 462.54816385708756], [0.0, 0.0, 1.0]]], "extrinsics": [[[0.822766900062561, -0.5680577754974365, -0.019102955237030983, -0.9193115234375], [-0.004118095617741346, 0.027650807052850723, -0.999609112739563, 1.4878578186035156], [0.5683640241622925, 0.8225240111351013, 0.020410852506756783, -1.2747802734375], [0.0, 0.0, 0.0, 1.0]], [[0.010572480037808418, -0.9996650218963623, -0.02362099476158619, 0.006591796875], [-0.0020129356998950243, 0.02360098995268345, -0.9997194409370422, 1.47998046875], [0.9999420642852783, 0.010617062449455261, -0.0017627408960834146, -1.6494865417480469], [0.0, 0.0, 0.0, 1.0]], [[-0.8439213037490845, -0.5363031029701233, -0.013251817785203457, 1.03570556640625], [0.006168416701257229, 0.014999755658209324, -0.9998684525489807, 1.49346923828125], [0.5364313721656799, -0.8438920974731445, -0.009350473992526531, -1.2423095703125], [0.0, 0.0, 0.0, 1.0]], [[0.9477878212928772, 0.3187951445579529, -0.008241359144449234, -1.14678955078125], [-0.01895194873213768, 0.03050983138382435, -0.9993547797203064, 1.5620918273925781], [-0.318338006734848, 0.9473324418067932, 0.03495863452553749, -0.1553955078125], [0.0, 0.0, 0.0, 1.0]], [[0.009197987616062164, 0.9996996521949768, 0.022716758772730827, -0.02880859375], [-0.01689383201301098, 0.022869832813739777, -0.9995957016944885, 1.5676765441894531], [-0.9998149871826172, 0.008810494095087051, 0.01709911599755287, 0.021881103515625], [0.0, 0.0, 0.0, 1.0]], [[-0.9237939119338989, 0.3827075660228729, 0.011815001256763935, 1.11767578125], [-0.012774460017681122, 3.414642560528591e-05, -0.9999184012413025, 1.5472197532653809], [-0.3826766610145569, -0.9238694310188293, 0.004857339430600405, -0.0611572265625], [0.0, 0.0, 0.0, 1.0]]], "view": [[0.0, -2.0, 100.0], [-2.0, 0.0, 100.0], [0.0, 0.0, 1.0]], "bev": "bev_0919c2d339ae4a29a7f619c3b7b7baa0.png", "aux": "aux_0919c2d339ae4a29a7f619c3b7b7baa0.npz", "visibility": "visibility_0919c2d339ae4a29a7f619c3b7b7baa0.png", "pose": [[-0.8612641096115112, -0.5081575512886047, 0.0, 753.55859375], [0.5081575512886047, -0.8612641096115112, 0.0, 1418.282470703125], [0.0, 0.0, 1.0, 0.0], [0.0, 0.0, 0.0, 1.0]], "pose_inverse": [[-0.8612641096115112, 0.5081575512886047, 0.0, -71.69800567626953], [-0.5081575512886047, -0.8612641096115112, 0.0, 1604.4422607421875], [0.0, 0.0, 1.0, 0.0], [0.0, 0.0, 0.0, 1.0]], "cam_ids": [0, 1, 2, 3, 4, 5], "cam_channels": ["CAM_FRONT_LEFT", "CAM_FRONT", "CAM_FRONT_RIGHT", "CAM_BACK_LEFT", "CAM_BACK", "CAM_BACK_RIGHT"], "token": "0919c2d339ae4a29a7f619c3b7b7baa0", "scene": "scene-0678"}, {"images": ["samples/CAM_FRONT_LEFT/n008-2018-08-28-16-16-48-0400__CAM_FRONT_LEFT__1535488005254799.jpg", "samples/CAM_FRONT/n008-2018-08-28-16-16-48-0400__CAM_FRONT__1535488005262404.jpg", "samples/CAM_FRONT_RIGHT/n008-2018-08-28-16-16-48-0400__CAM_FRONT_RIGHT__1535488005270482.jpg", "samples/CAM_BACK_LEFT/n008-2018-08-28-16-16-48-0400__CAM_BACK_LEFT__1535488005297405.jpg", "samples/CAM_BACK/n008-2018-08-28-16-16-48-0400__CAM_BACK__1535488005287558.jpg", "samples/CAM_BACK_RIGHT/n008-2018-08-28-16-16-48-0400__CAM_BACK_RIGHT__1535488005278113.jpg"], "intrinsics": [[[1257.8625342125129, 0.0, 827.2410631095686], [0.0, 1257.8625342125129, 450.915498205774], [0.0, 0.0, 1.0]], [[1252.8131021185304, 0.0, 826.588114781398], [0.0, 1252.8131021185304, 469.9846626224581], [0.0, 0.0, 1.0]], [[1256.7485116440405, 0.0, 817.7887570959712], [0.0, 1256.7485116440403, 451.9541780095127], [0.0, 0.0, 1.0]], [[1254.9860565800168, 0.0, 829.5769333630991], [0.0, 1254.9860565800168, 467.1680561863987], [0.0, 0.0, 1.0]], [[796.8910634503094, 0.0, 857.7774326863696], [0.0, 796.8910634503094, 476.8848988407415], [0.0, 0.0, 1.0]], [[1249.9629280788233, 0.0, 825.3768045375984], [0.0, 1249.9629280788233, 462.54816385708756], [0.0, 0.0, 1.0]]], "extrinsics": [[[0.8227946758270264, -0.5680822134017944, -0.01707342639565468, -0.91278076171875], [-0.0011218494037166238, 0.028417488560080528, -0.9995955228805542, 1.4881401062011719], [0.5683375597000122, 0.8224810361862183, 0.02274445630609989, -1.270751953125], [0.0, 0.0, 0.0, 1.0]], [[0.010591919533908367, -0.9996506571769714, -0.02421257458627224, 0.007080078125], [0.000849314674269408, 0.02422291785478592, -0.9997062087059021, 1.480224609375], [0.9999435544013977, 0.010568322613835335, 0.0011055858340114355, -1.6435623168945312], [0.0, 0.0, 0.0, 1.0]], [[-0.8439058661460876, -0.536258339881897, -0.015806008130311966, 1.03204345703125], [0.00889802910387516, 0.01546715572476387, -0.9998407959938049, 1.493682861328125], [0.5364174842834473, -0.8439121842384338, -0.008281180635094643, -1.2396240234375], [0.0, 0.0, 0.0, 1.0]], [[0.9478634595870972, 0.3186213970184326, -0.005935262888669968, -1.144500732421875], [-0.016517365351319313, 0.0305206086486578, -0.9993976950645447, 1.5620536804199219], [-0.3182483911514282, 0.9473905563354492, 0.03419215604662895, -0.1558837890625], [0.0, 0.0, 0.0, 1.0]], [[0.009233548305928707, 0.9996946454048157, 0.022921914234757423, -0.0286865234375], [-0.014359146356582642, 0.023053083568811417, -0.9996310472488403, 1.5677032470703125], [-0.9998542666435242, 0.0089009590446949, 0.014567623846232891, 0.01941680908203125], [0.0, 0.0, 0.0, 1.0]], [[-0.923806369304657, 0.3827422559261322, 0.00949253048747778, 1.11468505859375], [-0.010123391635715961, 0.00036574972909875214, -0.9999486804008484, 1.547309398651123], [-0.3827260434627533, -0.9238550662994385, 0.0035367682576179504, -0.062255859375], [0.0, 0.0, 0.0, 1.0]]], "view": [[0.0, -2.0, 100.0], [-2.0, 0.0, 100.0], [0.0, 0.0, 1.0]], "bev": "bev_64bc10f2d954462795784d125dfeb1d4.png", "aux": "aux_64bc10f2d954462795784d125dfeb1d4.npz", "visibility": "visibility_64bc10f2d954462795784d125dfeb1d4.png", "pose": [[-0.8571297526359558, -0.5151005387306213, 0.0, 752.3897094726562], [0.5151005387306213, -0.8571297526359558, 0.0, 1418.990966796875], [0.0, 0.0, 1.0, 0.0], [0.0, 0.0, 0.0, 1.0]], "pose_inverse": [[-0.8571297526359558, 0.5151005387306213, 0.0, -86.02741241455078], [-0.5151005387306213, -0.8571297526359558, 0.0, 1603.8157958984375], [0.0, 0.0, 1.0, 0.0], [0.0, 0.0, 0.0, 1.0]], "cam_ids": [0, 1, 2, 3, 4, 5], "cam_channels": ["CAM_FRONT_LEFT", "CAM_FRONT", "CAM_FRONT_RIGHT", "CAM_BACK_LEFT", "CAM_BACK", "CAM_BACK_RIGHT"], "token": "64bc10f2d954462795784d125dfeb1d4", "scene": "scene-0678"}, {"images": ["samples/CAM_FRONT_LEFT/n008-2018-08-28-16-16-48-0400__CAM_FRONT_LEFT__1535488005754799.jpg", "samples/CAM_FRONT/n008-2018-08-28-16-16-48-0400__CAM_FRONT__1535488005762404.jpg", "samples/CAM_FRONT_RIGHT/n008-2018-08-28-16-16-48-0400__CAM_FRONT_RIGHT__1535488005770482.jpg", "samples/CAM_BACK_LEFT/n008-2018-08-28-16-16-48-0400__CAM_BACK_LEFT__1535488005797405.jpg", "samples/CAM_BACK/n008-2018-08-28-16-16-48-0400__CAM_BACK__1535488005787719.jpg", "samples/CAM_BACK_RIGHT/n008-2018-08-28-16-16-48-0400__CAM_BACK_RIGHT__1535488005778113.jpg"], "intrinsics": [[[1257.8625342125129, 0.0, 827.2410631095686], [0.0, 1257.8625342125129, 450.915498205774], [0.0, 0.0, 1.0]], [[1252.8131021185304, 0.0, 826.588114781398], [0.0, 1252.8131021185304, 469.9846626224581], [0.0, 0.0, 1.0]], [[1256.7485116440405, 0.0, 817.7887570959712], [0.0, 1256.7485116440403, 451.9541780095127], [0.0, 0.0, 1.0]], [[1254.9860565800168, 0.0, 829.5769333630991], [0.0, 1254.9860565800168, 467.1680561863987], [0.0, 0.0, 1.0]], [[796.8910634503094, 0.0, 857.7774326863696], [0.0, 796.8910634503094, 476.8848988407415], [0.0, 0.0, 1.0]], [[1249.9629280788233, 0.0, 825.3768045375984], [0.0, 1249.9629280788233, 462.54816385708756], [0.0, 0.0, 1.0]]], "extrinsics": [[[0.8227638006210327, -0.5681976675987244, -0.014530891552567482, -0.9202880859375], [0.0013899318873882294, 0.02757655829191208, -0.9996187090873718, 1.4883995056152344], [0.5683817863464355, 0.8224299550056458, 0.02347874827682972, -1.2763671875], [0.0, 0.0, 0.0, 1.0]], [[0.010544365271925926, -0.9996697306632996, -0.023434918373823166, 0.00732421875], [0.0034009497612714767, 0.02347194030880928, -0.9997187256813049, 1.4804267883300781], [0.9999386072158813, 0.010461724363267422, 0.0036473232321441174, -1.651092529296875], [0.0, 0.0, 0.0, 1.0]], [[-0.8439115285873413, -0.5361929535865784, -0.01761416345834732, 1.03704833984375], [0.011452832259237766, 0.01481909491121769, -0.999824583530426, 1.4937934875488281], [0.5363600254058838, -0.8439653515815735, -0.006365079898387194, -1.2425537109375], [0.0, 0.0, 0.0, 1.0]], [[0.947887122631073, 0.318587988615036, -0.0034169137943536043, -1.149566650390625], [-0.013777428306639194, 0.03027239441871643, -0.99944669008255, 1.5621223449707031], [-0.31830835342407227, 0.9474097490310669, 0.03308413550257683, -0.1541748046875], [0.0, 0.0, 0.0, 1.0]], [[0.009229662828147411, 0.999704122543335, 0.02250678464770317, -0.029052734375], [-0.011696109548211098, 0.02261413261294365, -0.9996758103370667, 1.5678215026855469], [-0.9998890161514282, 0.008963506668806076, 0.011901368387043476, 0.024078369140625], [0.0, 0.0, 0.0, 1.0]], [[-0.9237989783287048, 0.3828144967556, 0.006958754267543554, 1.11846923828125], [-0.007610854227095842, -0.0001889890554593876, -0.9999709725379944, 1.5474662780761719], [-0.3828020393848419, -0.9238252639770508, 0.003088132943958044, -0.0604248046875], [0.0, 0.0, 0.0, 1.0]]], "view": [[0.0, -2.0, 100.0], [-2.0, 0.0, 100.0], [0.0, 0.0, 1.0]], "bev": "bev_57876af9398c4133906b47b14da5f67b.png", "aux": "aux_57876af9398c4133906b47b14da5f67b.npz", "visibility": "visibility_57876af9398c4133906b47b14da5f67b.png", "pose": [[-0.852810800075531, -0.5222200155258179, 0.0, 751.3322143554688], [0.5222200155258179, -0.852810800075531, 0.0, 1419.65380859375], [0.0, 0.0, 1.0, 0.0], [0.0, 0.0, 0.0, 1.0]], "pose_inverse": [[-0.852810800075531, 0.5222200155258179, 0.0, -100.62738800048828], [-0.5222200155258179, -0.852810800075531, 0.0, 1603.0567626953125], [0.0, 0.0, 1.0, 0.0], [0.0, 0.0, 0.0, 1.0]], "cam_ids": [0, 1, 2, 3, 4, 5], "cam_channels": ["CAM_FRONT_LEFT", "CAM_FRONT", "CAM_FRONT_RIGHT", "CAM_BACK_LEFT", "CAM_BACK", "CAM_BACK_RIGHT"], "token": "57876af9398c4133906b47b14da5f67b", "scene": "scene-0678"}, {"images": ["samples/CAM_FRONT_LEFT/n008-2018-08-28-16-16-48-0400__CAM_FRONT_LEFT__1535488006254799.jpg", "samples/CAM_FRONT/n008-2018-08-28-16-16-48-0400__CAM_FRONT__1535488006262404.jpg", "samples/CAM_FRONT_RIGHT/n008-2018-08-28-16-16-48-0400__CAM_FRONT_RIGHT__1535488006270482.jpg", "samples/CAM_BACK_LEFT/n008-2018-08-28-16-16-48-0400__CAM_BACK_LEFT__1535488006297405.jpg", "samples/CAM_BACK/n008-2018-08-28-16-16-48-0400__CAM_BACK__1535488006287558.jpg", "samples/CAM_BACK_RIGHT/n008-2018-08-28-16-16-48-0400__CAM_BACK_RIGHT__1535488006278113.jpg"], "intrinsics": [[[1257.8625342125129, 0.0, 827.2410631095686], [0.0, 1257.8625342125129, 450.915498205774], [0.0, 0.0, 1.0]], [[1252.8131021185304, 0.0, 826.588114781398], [0.0, 1252.8131021185304, 469.9846626224581], [0.0, 0.0, 1.0]], [[1256.7485116440405, 0.0, 817.7887570959712], [0.0, 1256.7485116440403, 451.9541780095127], [0.0, 0.0, 1.0]], [[1254.9860565800168, 0.0, 829.5769333630991], [0.0, 1254.9860565800168, 467.1680561863987], [0.0, 0.0, 1.0]], [[796.8910634503094, 0.0, 857.7774326863696], [0.0, 796.8910634503094, 476.8848988407415], [0.0, 0.0, 1.0]], [[1249.9629280788233, 0.0, 825.3768045375984], [0.0, 1249.9629280788233, 462.54816385708756], [0.0, 0.0, 1.0]]], "extrinsics": [[[0.8228569030761719, -0.5680813193321228, -0.013792308047413826, -0.91925048828125], [0.0036207828670740128, 0.029512668028473854, -0.9995578527450562, 1.4886054992675781], [0.5682371854782104, 0.8224431276321411, 0.026341600343585014, -1.2767333984375], [0.0, 0.0, 0.0, 1.0]], [[0.010690197348594666, -0.9996194839477539, -0.02543042227625847, 0.008056640625], [0.0056483130902051926, 0.025491833686828613, -0.9996590614318848, 1.4805946350097656], [0.9999268651008606, 0.01054298970848322, 0.005918677430599928, -1.6505126953125], [0.0, 0.0, 0.0, 1.0]], [[-0.8438350558280945, -0.536204993724823, -0.020654350519180298, 1.0367431640625], [0.013731386512517929, 0.016901055350899696, -0.9997628331184387, 1.493936538696289], [0.5364269614219666, -0.8439186811447144, -0.006898865569382906, -1.24169921875], [0.0, 0.0, 0.0, 1.0]], [[0.9478592872619629, 0.3186888098716736, -0.0005051341722719371, -1.146026611328125], [-0.011424129828810692, 0.03239409253001213, -0.9994099140167236, 1.5620498657226562], [-0.3184843361377716, 0.9473056793212891, 0.03434578329324722, -0.156005859375], [0.0, 0.0, 0.0, 1.0]], [[0.0091214245185256, 0.9996541142463684, 0.02466876059770584, -0.0294189453125], [-0.009405633434653282, 0.024754466488957405, -0.9996492862701416, 1.5678291320800781], [-0.9999142289161682, 0.00888619851320982, 0.0096281748265028, 0.0217132568359375], [0.0, 0.0, 0.0, 1.0]], [[-0.9238265156745911, 0.3827701508998871, 0.005616649053990841, 1.11773681640625], [-0.00528222369030118, 0.0019246595911681652, -0.9999842047691345, 1.547567367553711], [-0.3827749192714691, -0.9238415360450745, 0.00024382660922128707, -0.0604248046875], [0.0, 0.0, 0.0, 1.0]]], "view": [[0.0, -2.0, 100.0], [-2.0, 0.0, 100.0], [0.0, 0.0, 1.0]], "bev": "bev_cd7e2d4bf4eb4baea7e0c0be8e88fa30.png", "aux": "aux_cd7e2d4bf4eb4baea7e0c0be8e88fa30.npz", "visibility": "visibility_cd7e2d4bf4eb4baea7e0c0be8e88fa30.png", "pose": [[-0.8493296504020691, -0.5278628468513489, 0.0, 750.31640625], [0.5278628468513489, -0.8493296504020691, 0.0, 1420.3011474609375], [0.0, 0.0, 1.0, 0.0], [0.0, 0.0, 0.0, 1.0]], "pose_inverse": [[-0.8493296504020691, 0.5278628468513489, 0.0, -112.45820617675781], [-0.5278628468513489, -0.8493296504020691, 0.0, 1602.3680419921875], [0.0, 0.0, 1.0, 0.0], [0.0, 0.0, 0.0, 1.0]], "cam_ids": [0, 1, 2, 3, 4, 5], "cam_channels": ["CAM_FRONT_LEFT", "CAM_FRONT", "CAM_FRONT_RIGHT", "CAM_BACK_LEFT", "CAM_BACK", "CAM_BACK_RIGHT"], "token": "cd7e2d4bf4eb4baea7e0c0be8e88fa30", "scene": "scene-0678"}, {"images": ["samples/CAM_FRONT_LEFT/n008-2018-08-28-16-16-48-0400__CAM_FRONT_LEFT__1535488006754799.jpg", "samples/CAM_FRONT/n008-2018-08-28-16-16-48-0400__CAM_FRONT__1535488006762404.jpg", "samples/CAM_FRONT_RIGHT/n008-2018-08-28-16-16-48-0400__CAM_FRONT_RIGHT__1535488006770482.jpg", "samples/CAM_BACK_LEFT/n008-2018-08-28-16-16-48-0400__CAM_BACK_LEFT__1535488006797405.jpg", "samples/CAM_BACK/n008-2018-08-28-16-16-48-0400__CAM_BACK__1535488006787564.jpg", "samples/CAM_BACK_RIGHT/n008-2018-08-28-16-16-48-0400__CAM_BACK_RIGHT__1535488006778113.jpg"], "intrinsics": [[[1257.8625342125129, 0.0, 827.2410631095686], [0.0, 1257.8625342125129, 450.915498205774], [0.0, 0.0, 1.0]], [[1252.8131021185304, 0.0, 826.588114781398], [0.0, 1252.8131021185304, 469.9846626224581], [0.0, 0.0, 1.0]], [[1256.7485116440405, 0.0, 817.7887570959712], [0.0, 1256.7485116440403, 451.9541780095127], [0.0, 0.0, 1.0]], [[1254.9860565800168, 0.0, 829.5769333630991], [0.0, 1254.9860565800168, 467.1680561863987], [0.0, 0.0, 1.0]], [[796.8910634503094, 0.0, 857.7774326863696], [0.0, 796.8910634503094, 476.8848988407415], [0.0, 0.0, 1.0]], [[1249.9629280788233, 0.0, 825.3768045375984], [0.0, 1249.9629280788233, 462.54816385708756], [0.0, 0.0, 1.0]]], "extrinsics": [[[0.8227683305740356, -0.5681006908416748, -0.017720527946949005, -0.91436767578125], [0.002949329325929284, 0.03544429689645767, -0.9993672966957092, 1.4885635375976562], [0.5683693885803223, 0.8221954703330994, 0.030837958678603172, -1.2728271484375], [0.0, 0.0, 0.0, 1.0]], [[0.010545558296144009, -0.9994558095932007, -0.03125328570604324, 0.007568359375], [0.004847443662583828, 0.03130575269460678, -0.9994981288909912, 1.4805564880371094], [0.999932587146759, 0.01038878783583641, 0.005174942780286074, -1.6449737548828125], [0.0, 0.0, 0.0, 1.0]], [[-0.8439081907272339, -0.535997748374939, -0.0229200292378664, 1.0328369140625], [0.012807833962142467, 0.022581560537219048, -0.9996629357337952, 1.4939346313476562], [0.5363346934318542, -0.8439172506332397, -0.012191795744001865, -1.23974609375], [0.0, 0.0, 0.0, 1.0]], [[0.9478698372840881, 0.31865784525871277, -9.896883420879021e-05, -1.142669677734375], [-0.012739391066133976, 0.037583865225315094, -0.9992122650146484, 1.5620193481445312], [-0.31840309500694275, 0.9471243619918823, 0.03968411684036255, -0.1566162109375], [0.0, 0.0, 0.0, 1.0]], [[0.009204269386827946, 0.9995065927505493, 0.030028261244297028, -0.0289306640625], [-0.010541160590946674, 0.03012484684586525, -0.99949049949646, 1.5677757263183594], [-0.999902069568634, 0.008883068338036537, 0.01081323903053999, 0.0184783935546875], [0.0, 0.0, 0.0, 1.0]], [[-0.9237899780273438, 0.3828010559082031, 0.008677727542817593, 1.11468505859375], [-0.006295267026871443, 0.007475967984646559, -0.9999522566795349, 1.5474920272827148], [-0.3828476667404175, -0.923800528049469, -0.004496389999985695, -0.06201171875], [0.0, 0.0, 0.0, 1.0]]], "view": [[0.0, -2.0, 100.0], [-2.0, 0.0, 100.0], [0.0, 0.0, 1.0]], "bev": "bev_3e29280dc01647fabd96466bdbaf63a1.png", "aux": "aux_3e29280dc01647fabd96466bdbaf63a1.npz", "visibility": "visibility_3e29280dc01647fabd96466bdbaf63a1.png", "pose": [[-0.8461679816246033, -0.532916247844696, 0.0, 749.2667846679688], [0.532916247844696, -0.8461679816246033, 0.0, 1420.9757080078125], [0.0, 0.0, 1.0, 0.0], [0.0, 0.0, 0.0, 1.0]], "pose_inverse": [[-0.8461679816246033, 0.532916247844696, 0.0, -123.25544738769531], [-0.532916247844696, -0.8461679816246033, 0.0, 1601.6806640625], [0.0, 0.0, 1.0, 0.0], [0.0, 0.0, 0.0, 1.0]], "cam_ids": [0, 1, 2, 3, 4, 5], "cam_channels": ["CAM_FRONT_LEFT", "CAM_FRONT", "CAM_FRONT_RIGHT", "CAM_BACK_LEFT", "CAM_BACK", "CAM_BACK_RIGHT"], "token": "3e29280dc01647fabd96466bdbaf63a1", "scene": "scene-0678"}, {"images": ["samples/CAM_FRONT_LEFT/n008-2018-08-28-16-16-48-0400__CAM_FRONT_LEFT__1535488007154799.jpg", "samples/CAM_FRONT/n008-2018-08-28-16-16-48-0400__CAM_FRONT__1535488007162404.jpg", "samples/CAM_FRONT_RIGHT/n008-2018-08-28-16-16-48-0400__CAM_FRONT_RIGHT__1535488007170482.jpg", "samples/CAM_BACK_LEFT/n008-2018-08-28-16-16-48-0400__CAM_BACK_LEFT__1535488007197405.jpg", "samples/CAM_BACK/n008-2018-08-28-16-16-48-0400__CAM_BACK__1535488007187558.jpg", "samples/CAM_BACK_RIGHT/n008-2018-08-28-16-16-48-0400__CAM_BACK_RIGHT__1535488007178113.jpg"], "intrinsics": [[[1257.8625342125129, 0.0, 827.2410631095686], [0.0, 1257.8625342125129, 450.915498205774], [0.0, 0.0, 1.0]], [[1252.8131021185304, 0.0, 826.588114781398], [0.0, 1252.8131021185304, 469.9846626224581], [0.0, 0.0, 1.0]], [[1256.7485116440405, 0.0, 817.7887570959712], [0.0, 1256.7485116440403, 451.9541780095127], [0.0, 0.0, 1.0]], [[1254.9860565800168, 0.0, 829.5769333630991], [0.0, 1254.9860565800168, 467.1680561863987], [0.0, 0.0, 1.0]], [[796.8910634503094, 0.0, 857.7774326863696], [0.0, 796.8910634503094, 476.8848988407415], [0.0, 0.0, 1.0]], [[1249.9629280788233, 0.0, 825.3768045375984], [0.0, 1249.9629280788233, 462.54816385708756], [0.0, 0.0, 1.0]]], "extrinsics": [[[0.8223188519477844, -0.5687536597251892, -0.017636895179748535, -0.91131591796875], [0.0030313876923173666, 0.035373035818338394, -0.9993695616722107, 1.4885787963867188], [0.569019079208374, 0.8217469453811646, 0.03081202134490013, -1.2705078125], [0.0, 0.0, 0.0, 1.0]], [[0.00989479385316372, -0.9994637966156006, -0.031212491914629936, 0.007568359375], [0.004989845212548971, 0.03126298636198044, -0.9994987845420837, 1.4805793762207031], [0.9999386668205261, 0.009734119288623333, 0.005296511575579643, -1.6421737670898438], [0.0, 0.0, 0.0, 1.0]], [[-0.8441743850708008, -0.5355715751647949, -0.023077981546521187, 1.03118896484375], [0.013004975393414497, 0.02257714420557022, -0.9996604919433594, 1.4939765930175781], [0.5359108448028564, -0.8441879749298096, -0.012093954719603062, -1.2386474609375], [0.0, 0.0, 0.0, 1.0]], [[0.9478710889816284, 0.31865400075912476, 0.00022688227181788534, -1.1439208984375], [-0.012460685335099697, 0.03777710720896721, -0.9992085099220276, 1.5620155334472656], [-0.31841036677360535, 0.9471179842948914, 0.03977847844362259, -0.156982421875], [0.0, 0.0, 0.0, 1.0]], [[0.009386821649968624, 0.9995013475418091, 0.03014959767460823, -0.029052734375], [-0.01028728112578392, 0.030245857313275337, -0.9994894862174988, 1.5677757263183594], [-0.9999030828475952, 0.00907193124294281, 0.010566063225269318, 0.01824951171875], [0.0, 0.0, 0.0, 1.0]], [[-0.9236526489257812, 0.3831366002559662, 0.008489437401294708, 1.1134033203125], [-0.006067024543881416, 0.007530516479164362, -0.9999532699584961, 1.5475006103515625], [-0.3831825256347656, -0.923660933971405, -0.004631081596016884, -0.0626220703125], [0.0, 0.0, 0.0, 1.0]]], "view": [[0.0, -2.0, 100.0], [-2.0, 0.0, 100.0], [0.0, 0.0, 1.0]], "bev": "bev_3465142afa0746219e031782da9c1418.png", "aux": "aux_3465142afa0746219e031782da9c1418.npz", "visibility": "visibility_3465142afa0746219e031782da9c1418.png", "pose": [[-0.8455840945243835, -0.5338422656059265, 0.0, 748.4478149414062], [0.5338422656059265, -0.8455840945243835, 0.0, 1421.509033203125], [0.0, 0.0, 1.0, 0.0], [0.0, 0.0, 0.0, 1.0]], "pose_inverse": [[-0.8455840945243835, 0.5338422656059265, 0.0, -125.98601531982422], [-0.5338422656059265, -0.8455840945243835, 0.0, 1601.5584716796875], [0.0, 0.0, 1.0, 0.0], [0.0, 0.0, 0.0, 1.0]], "cam_ids": [0, 1, 2, 3, 4, 5], "cam_channels": ["CAM_FRONT_LEFT", "CAM_FRONT", "CAM_FRONT_RIGHT", "CAM_BACK_LEFT", "CAM_BACK", "CAM_BACK_RIGHT"], "token": "3465142afa0746219e031782da9c1418", "scene": "scene-0678"}, {"images": ["samples/CAM_FRONT_LEFT/n008-2018-08-28-16-16-48-0400__CAM_FRONT_LEFT__1535488007654799.jpg", "samples/CAM_FRONT/n008-2018-08-28-16-16-48-0400__CAM_FRONT__1535488007662404.jpg", "samples/CAM_FRONT_RIGHT/n008-2018-08-28-16-16-48-0400__CAM_FRONT_RIGHT__1535488007670482.jpg", "samples/CAM_BACK_LEFT/n008-2018-08-28-16-16-48-0400__CAM_BACK_LEFT__1535488007697405.jpg", "samples/CAM_BACK/n008-2018-08-28-16-16-48-0400__CAM_BACK__1535488007687558.jpg", "samples/CAM_BACK_RIGHT/n008-2018-08-28-16-16-48-0400__CAM_BACK_RIGHT__1535488007678113.jpg"], "intrinsics": [[[1257.8625342125129, 0.0, 827.2410631095686], [0.0, 1257.8625342125129, 450.915498205774], [0.0, 0.0, 1.0]], [[1252.8131021185304, 0.0, 826.588114781398], [0.0, 1252.8131021185304, 469.9846626224581], [0.0, 0.0, 1.0]], [[1256.7485116440405, 0.0, 817.7887570959712], [0.0, 1256.7485116440403, 451.9541780095127], [0.0, 0.0, 1.0]], [[1254.9860565800168, 0.0, 829.5769333630991], [0.0, 1254.9860565800168, 467.1680561863987], [0.0, 0.0, 1.0]], [[796.8910634503094, 0.0, 857.7774326863696], [0.0, 796.8910634503094, 476.8848988407415], [0.0, 0.0, 1.0]], [[1249.9629280788233, 0.0, 825.3768045375984], [0.0, 1249.9629280788233, 462.54816385708756], [0.0, 0.0, 1.0]]], "extrinsics": [[[0.8221492171287537, -0.5687459707260132, -0.024469295516610146, -0.91583251953125], [0.0010956455953419209, 0.04456428438425064, -0.999005913734436, 1.48834228515625], [0.5692710280418396, 0.8213050961494446, 0.03726163133978844, -1.2735595703125], [0.0, 0.0, 0.0, 1.0]], [[0.009630663320422173, -0.9991320371627808, -0.04052808880805969, 0.007568359375], [0.0029901720117777586, 0.04055856540799141, -0.9991726875305176, 1.480377197265625], [0.9999492168426514, 0.009501402266323566, 0.003378180554136634, -1.6466140747070312], [0.0, 0.0, 0.0, 1.0]], [[-0.8443133234977722, -0.5352009534835815, -0.026365093886852264, 1.0341796875], [0.010946976020932198, 0.03196438029408455, -0.9994290471076965, 1.4937820434570312], [0.5357381105422974, -0.8441198468208313, -0.021129120141267776, -1.2406005859375], [0.0, 0.0, 0.0, 1.0]], [[0.9479079246520996, 0.3185422718524933, 0.0011641739401966333, -1.142059326171875], [-0.014689051546156406, 0.04736141115427017, -0.9987698197364807, 1.56201171875], [-0.31820550560951233, 0.9467247128486633, 0.04957334324717522, -0.1566162109375], [0.0, 0.0, 0.0, 1.0]], [[0.009581485763192177, 0.9991669058799744, 0.03967176377773285, -0.029052734375], [-0.012460636906325817, 0.03978980332612991, -0.999130368232727, 1.5677337646