[{"images": ["samples/CAM_FRONT_LEFT/n008-2018-08-30-15-52-26-0400__CAM_FRONT_LEFT__1535658887104799.jpg", "samples/CAM_FRONT/n008-2018-08-30-15-52-26-0400__CAM_FRONT__1535658887112404.jpg", "samples/CAM_FRONT_RIGHT/n008-2018-08-30-15-52-26-0400__CAM_FRONT_RIGHT__1535658887120482.jpg", "samples/CAM_BACK_LEFT/n008-2018-08-30-15-52-26-0400__CAM_BACK_LEFT__1535658887147405.jpg", "samples/CAM_BACK/n008-2018-08-30-15-52-26-0400__CAM_BACK__1535658887137558.jpg", "samples/CAM_BACK_RIGHT/n008-2018-08-30-15-52-26-0400__CAM_BACK_RIGHT__1535658887128113.jpg"], "intrinsics": [[[1257.8625342125129, 0.0, 827.2410631095686], [0.0, 1257.8625342125129, 450.915498205774], [0.0, 0.0, 1.0]], [[1252.8131021185304, 0.0, 826.588114781398], [0.0, 1252.8131021185304, 469.9846626224581], [0.0, 0.0, 1.0]], [[1256.7485116440405, 0.0, 817.7887570959712], [0.0, 1256.7485116440403, 451.9541780095127], [0.0, 0.0, 1.0]], [[1254.9860565800168, 0.0, 829.5769333630991], [0.0, 1254.9860565800168, 467.1680561863987], [0.0, 0.0, 1.0]], [[796.8910634503094, 0.0, 857.7774326863696], [0.0, 796.8910634503094, 476.8848988407415], [0.0, 0.0, 1.0]], [[1249.9629280788233, 0.0, 825.3768045375984], [0.0, 1249.9629280788233, 462.54816385708756], [0.0, 0.0, 1.0]]], "extrinsics": [[[0.8223498463630676, -0.5689821243286133, 0.00040592244477011263, -0.71533203125], [0.007810636889189482, 0.010575356893241405, -0.9999135136604309, 1.4910178184509277], [0.5689287185668945, 0.8222818970680237, 0.013140753842890263, -1.135162353515625], [0.0, 0.0, 0.0, 1.0]], [[0.009979136288166046, -0.9999297261238098, -0.0063896323554217815, 0.009765625], [0.009550233371555805, 0.006484964396804571, -0.9999334216117859, 1.482950210571289], [0.9999045729637146, 0.00991747435182333, 0.009614277631044388, -1.442138671875], [0.0, 0.0, 0.0, 1.0]], [[-0.8440893292427063, -0.5360332131385803, -0.013471473008394241, 0.8966064453125], [0.017342792823910713, -0.002181677846238017, -0.9998471736907959, 1.4970741271972656], [0.5359219312667847, -0.8441939949989319, 0.011137844994664192, -1.153076171875], [0.0, 0.0, 0.0, 1.0]], [[0.947884202003479, 0.31859108805656433, -0.0039091263897717, -1.124755859375], [-0.008510260842740536, 0.013051497749984264, -0.9998785853385925, 1.5618696212768555], [-0.318501353263855, 0.9478024244308472, 0.015082601457834244, -0.16259765625], [0.0, 0.0, 0.0, 1.0]], [[0.009304696694016457, 0.9999420046806335, 0.00542654562741518, -0.0283203125], [-0.006161522585898638, 0.0054840100929141045, -0.9999659657478333, 1.5674514770507812], [-0.9999377131462097, 0.009270916692912579, 0.006212192587554455, -0.0540771484375], [0.0, 0.0, 0.0, 1.0]], [[-0.9236683249473572, 0.38316109776496887, -0.004930534400045872, 1.001708984375], [-0.0018097650026902556, -0.017228828743100166, -0.9998499155044556, 1.5475149154663086], [-0.3831886053085327, -0.9235208034515381, 0.01660715602338314, -0.1086578369140625], [0.0, 0.0, 0.0, 1.0]]], "view": [[0.0, -2.0, 100.0], [-2.0, 0.0, 100.0], [0.0, 0.0, 1.0]], "bev": "bev_b57a67e863b3426aa5f2f6a58639b1d8.png", "aux": "aux_b57a67e863b3426aa5f2f6a58639b1d8.npz", "visibility": "visibility_b57a67e863b3426aa5f2f6a58639b1d8.png", "pose": [[-0.6436277627944946, 0.765338659286499, 0.0, 1219.7628173828125], [-0.765338659286499, -0.6436277627944946, 0.0, 708.0963134765625], [0.0, 0.0, 1.0, 0.0], [0.0, 0.0, 0.0, 1.0]], "pose_inverse": [[-0.6436277627944946, -0.765338659286499, 0.0, 1327.0067138671875], [0.765338659286499, -0.6436277627944946, 0.0, -477.7812194824219], [0.0, 0.0, 1.0, 0.0], [0.0, 0.0, 0.0, 1.0]], "cam_ids": [0, 1, 2, 3, 4, 5], "cam_channels": ["CAM_FRONT_LEFT", "CAM_FRONT", "CAM_FRONT_RIGHT", "CAM_BACK_LEFT", "CAM_BACK", "CAM_BACK_RIGHT"], "token": "b57a67e863b3426aa5f2f6a58639b1d8", "scene": "scene-0527"}, {"images": ["samples/CAM_FRONT_LEFT/n008-2018-08-30-15-52-26-0400__CAM_FRONT_LEFT__1535658887604799.jpg", "samples/CAM_FRONT/n008-2018-08-30-15-52-26-0400__CAM_FRONT__1535658887612404.jpg", "samples/CAM_FRONT_RIGHT/n008-2018-08-30-15-52-26-0400__CAM_FRONT_RIGHT__1535658887620482.jpg", "samples/CAM_BACK_LEFT/n008-2018-08-30-15-52-26-0400__CAM_BACK_LEFT__1535658887647405.jpg", "samples/CAM_BACK/n008-2018-08-30-15-52-26-0400__CAM_BACK__1535658887637558.jpg", "samples/CAM_BACK_RIGHT/n008-2018-08-30-15-52-26-0400__CAM_BACK_RIGHT__1535658887628113.jpg"], "intrinsics": [[[1257.8625342125129, 0.0, 827.2410631095686], [0.0, 1257.8625342125129, 450.915498205774], [0.0, 0.0, 1.0]], [[1252.8131021185304, 0.0, 826.588114781398], [0.0, 1252.8131021185304, 469.9846626224581], [0.0, 0.0, 1.0]], [[1256.7485116440405, 0.0, 817.7887570959712], [0.0, 1256.7485116440403, 451.9541780095127], [0.0, 0.0, 1.0]], [[1254.9860565800168, 0.0, 829.5769333630991], [0.0, 1254.9860565800168, 467.1680561863987], [0.0, 0.0, 1.0]], [[796.8910634503094, 0.0, 857.7774326863696], [0.0, 796.8910634503094, 476.8848988407415], [0.0, 0.0, 1.0]], [[1249.9629280788233, 0.0, 825.3768045375984], [0.0, 1249.9629280788233, 462.54816385708756], [0.0, 0.0, 1.0]]], "extrinsics": [[[0.8222380876541138, -0.5691323280334473, -0.0035874731838703156, -0.710205078125], [0.004585274029523134, 0.012927263975143433, -0.9999059438705444, 1.4898737668991089], [0.5691251754760742, 0.8221443295478821, 0.013238916173577309, -1.134307861328125], [0.0, 0.0, 0.0, 1.0]], [[0.00979864876717329, -0.9999130964279175, -0.008815479464828968, 0.011871337890625], [0.006167407613247633, 0.008876166306436062, -0.9999416470527649, 1.4819493293762207], [0.9999328851699829, 0.009743690490722656, 0.006253846921026707, -1.4404296875], [0.0, 0.0, 0.0, 1.0]], [[-0.8442001938819885, -0.5358985066413879, -0.011779168620705605, 0.8975830078125], [0.013792783953249454, 0.0002503778086975217, -0.9999048113822937, 1.4962520599365234], [0.5358505845069885, -0.8442823886871338, 0.007180163636803627, -1.151611328125], [0.0, 0.0, 0.0, 1.0]], [[0.9478655457496643, 0.31859803199768066, -0.006791824009269476, -1.125732421875], [-0.012425118125975132, 0.01565255969762802, -0.9998002648353577, 1.5618038177490234], [-0.318428099155426, 0.9477606415748596, 0.018795141950249672, -0.16229248046875], [0.0, 0.0, 0.0, 1.0]], [[0.009383320808410645, 0.9999241828918457, 0.007966655306518078, -0.0291748046875], [-0.009924071840941906, 0.008059734478592873, -0.9999182820320129, 1.567091941833496], [-0.9999067187309265, 0.009303506463766098, 0.009998947381973267, -0.0521240234375], [0.0, 0.0, 0.0, 1.0]], [[-0.923642635345459, 0.3832543194293976, -0.0005475534126162529, 1.002197265625], [-0.005525478161871433, -0.014744916930794716, -0.9998760223388672, 1.5469013452529907], [-0.3832148313522339, -0.9235250949859619, 0.015736699104309082, -0.1070709228515625], [0.0, 0.0, 0.0, 1.0]]], "view": [[0.0, -2.0, 100.0], [-2.0, 0.0, 100.0], [0.0, 0.0, 1.0]], "bev": "bev_129e34b7bbb34f6baf0564b5d05ea821.png", "aux": "aux_129e34b7bbb34f6baf0564b5d05ea821.npz", "visibility": "visibility_129e34b7bbb34f6baf0564b5d05ea821.png", "pose": [[-0.6419415473937988, 0.7667535543441772, 0.0, 1217.19580078125], [-0.7667535543441772, -0.6419415473937988, 0.0, 705.0750732421875], [0.0, 0.0, 1.0, 0.0], [0.0, 0.0, 0.0, 1.0]], "pose_inverse": [[-0.6419415473937988, -0.7667535543441772, 0.0, 1321.9874267578125], [0.7667535543441772, -0.6419415473937988, 0.0, -480.6722412109375], [0.0, 0.0, 1.0, 0.0], [0.0, 0.0, 0.0, 1.0]], "cam_ids": [0, 1, 2, 3, 4, 5], "cam_channels": ["CAM_FRONT_LEFT", "CAM_FRONT", "CAM_FRONT_RIGHT", "CAM_BACK_LEFT", "CAM_BACK", "CAM_BACK_RIGHT"], "token": "129e34b7bbb34f6baf0564b5d05ea821", "scene": "scene-0527"}, {"images": ["samples/CAM_FRONT_LEFT/n008-2018-08-30-15-52-26-0400__CAM_FRONT_LEFT__1535658888104799.jpg", "samples/CAM_FRONT/n008-2018-08-30-15-52-26-0400__CAM_FRONT__1535658888112404.jpg", "samples/CAM_FRONT_RIGHT/n008-2018-08-30-15-52-26-0400__CAM_FRONT_RIGHT__1535658888120482.jpg", "samples/CAM_BACK_LEFT/n008-2018-08-30-15-52-26-0400__CAM_BACK_LEFT__1535658888147406.jpg", "samples/CAM_BACK/n008-2018-08-30-15-52-26-0400__CAM_BACK__1535658888137558.jpg", "samples/CAM_BACK_RIGHT/n008-2018-08-30-15-52-26-0400__CAM_BACK_RIGHT__1535658888128113.jpg"], "intrinsics": [[[1257.8625342125129, 0.0, 827.2410631095686], [0.0, 1257.8625342125129, 450.915498205774], [0.0, 0.0, 1.0]], [[1252.8131021185304, 0.0, 826.588114781398], [0.0, 1252.8131021185304, 469.9846626224581], [0.0, 0.0, 1.0]], [[1256.7485116440405, 0.0, 817.7887570959712], [0.0, 1256.7485116440403, 451.9541780095127], [0.0, 0.0, 1.0]], [[1254.9860565800168, 0.0, 829.5769333630991], [0.0, 1254.9860565800168, 467.1680561863987], [0.0, 0.0, 1.0]], [[796.8910634503094, 0.0, 857.7774326863696], [0.0, 796.8910634503094, 476.8848988407415], [0.0, 0.0, 1.0]], [[1249.9629280788233, 0.0, 825.3768045375984], [0.0, 1249.9629280788233, 462.54816385708756], [0.0, 0.0, 1.0]]], "extrinsics": [[[0.8227635622024536, -0.5683807134628296, 0.0018899859860539436, -0.7144775390625], [0.008898687548935413, 0.009556432254612446, -0.9999147057533264, 1.4913883209228516], [0.5683141946792603, 0.8227102756500244, 0.01292052399367094, -1.136383056640625], [0.0, 0.0, 0.0, 1.0]], [[0.010547851212322712, -0.9999291896820068, -0.005517758894711733, 0.010955810546875], [0.01080769021064043, 0.005631745792925358, -0.9999257326126099, 1.4833030700683594], [0.9998859167098999, 0.010487368330359459, 0.010866327211260796, -1.443115234375], [0.0, 0.0, 0.0, 1.0]], [[-0.8438377380371094, -0.5364074110984802, -0.014318033121526241, 0.89947509765625], [0.018780361860990524, -0.0028562755323946476, -0.9998195171356201, 1.4973564147949219], [0.5362697839736938, -0.8439543843269348, 0.012484157457947731, -1.1539306640625], [0.0, 0.0, 0.0, 1.0]], [[0.9478829503059387, 0.31861087679862976, -0.002205141354352236, -1.1309814453125], [-0.0066277701407670975, 0.01279754564166069, -0.9998961091041565, 1.5619544982910156], [-0.31854966282844543, 0.9477992057800293, 0.014242255128920078, -0.160400390625], [0.0, 0.0, 0.0, 1.0]], [[0.009115897119045258, 0.9999454617500305, 0.005102697294205427, -0.02874755859375], [-0.004458720795810223, 0.005143504124134779, -0.9999768137931824, 1.5676465034484863], [-0.9999485611915588, 0.009092949330806732, 0.004505365155637264, -0.047607421875], [0.0, 0.0, 0.0, 1.0]], [[-0.9237825274467468, 0.38286083936691284, -0.0065848333761096, 1.0057373046875], [-0.00022839781013317406, -0.01774740032851696, -0.9998424649238586, 1.5478019714355469], [-0.3829173743724823, -0.9236354231834412, 0.016482185572385788, -0.10632705688476562], [0.0, 0.0, 0.0, 1.0]]], "view": [[0.0, -2.0, 100.0], [-2.0, 0.0, 100.0], [0.0, 0.0, 1.0]], "bev": "bev_d4a2f2537a854a60831df6f78d94a957.png", "aux": "aux_d4a2f2537a854a60831df6f78d94a957.npz", "visibility": "visibility_d4a2f2537a854a60831df6f78d94a957.png", "pose": [[-0.6422433853149414, 0.7665007710456848, 0.0, 1214.6519775390625], [-0.7665007710456848, -0.6422433853149414, 0.0, 702.0762939453125], [0.0, 0.0, 1.0, 0.0], [0.0, 0.0, 0.0, 1.0]], "pose_inverse": [[-0.6422433853149414, -0.7665007710456848, 0.0, 1318.2442626953125], [0.7665007710456848, -0.6422433853149414, 0.0, -480.1278381347656], [0.0, 0.0, 1.0, 0.0], [0.0, 0.0, 0.0, 1.0]], "cam_ids": [0, 1, 2, 3, 4, 5], "cam_channels": ["CAM_FRONT_LEFT", "CAM_FRONT", "CAM_FRONT_RIGHT", "CAM_BACK_LEFT", "CAM_BACK", "CAM_BACK_RIGHT"], "token": "d4a2f2537a854a60831df6f78d94a957", "scene": "scene-0527"}, {"images": ["samples/CAM_FRONT_LEFT/n008-2018-08-30-15-52-26-0400__CAM_FRONT_LEFT__1535658888604799.jpg", "samples/CAM_FRONT/n008-2018-08-30-15-52-26-0400__CAM_FRONT__1535658888612404.jpg", "samples/CAM_FRONT_RIGHT/n008-2018-08-30-15-52-26-0400__CAM_FRONT_RIGHT__1535658888620482.jpg", "samples/CAM_BACK_LEFT/n008-2018-08-30-15-52-26-0400__CAM_BACK_LEFT__1535658888647405.jpg", "samples/CAM_BACK/n008-2018-08-30-15-52-26-0400__CAM_BACK__1535658888637558.jpg", "samples/CAM_BACK_RIGHT/n008-2018-08-30-15-52-26-0400__CAM_BACK_RIGHT__1535658888628113.jpg"], "intrinsics": [[[1257.8625342125129, 0.0, 827.2410631095686], [0.0, 1257.8625342125129, 450.915498205774], [0.0, 0.0, 1.0]], [[1252.8131021185304, 0.0, 826.588114781398], [0.0, 1252.8131021185304, 469.9846626224581], [0.0, 0.0, 1.0]], [[1256.7485116440405, 0.0, 817.7887570959712], [0.0, 1256.7485116440403, 451.9541780095127], [0.0, 0.0, 1.0]], [[1254.9860565800168, 0.0, 829.5769333630991], [0.0, 1254.9860565800168, 467.1680561863987], [0.0, 0.0, 1.0]], [[796.8910634503094, 0.0, 857.7774326863696], [0.0, 796.8910634503094, 476.8848988407415], [0.0, 0.0, 1.0]], [[1249.9629280788233, 0.0, 825.3768045375984], [0.0, 1249.9629280788233, 462.54816385708756], [0.0, 0.0, 1.0]]], "extrinsics": [[[0.822951078414917, -0.5681070685386658, -0.0024533760733902454, -0.716796875], [0.006800824776291847, 0.014169544912874699, -0.9998764991760254, 1.4906258583068848], [0.5680716633796692, 0.8228326439857483, 0.01552443765103817, -1.13763427734375], [0.0, 0.0, 0.0, 1.0]], [[0.01087476871907711, -0.9998912811279297, -0.009951210580766201, 0.010986328125], [0.00876617431640625, 0.010046747513115406, -0.9999111294746399, 1.4826688766479492], [0.9999024271965027, 0.010786605067551136, 0.008874478749930859, -1.4464111328125], [0.0, 0.0, 0.0, 1.0]], [[-0.8437179923057556, -0.5365799069404602, -0.014900526963174343, 0.90283203125], [0.01680038869380951, 0.0013485815143212676, -0.9998579025268555, 1.4968318939208984], [0.5365237593650818, -0.843848466873169, 0.007876927964389324, -1.156005859375], [0.0, 0.0, 0.0, 1.0]], [[0.9478930234909058, 0.3185773193836212, -0.0027026934549212456, -1.1356201171875], [-0.008421809412539005, 0.01657603122293949, -0.9998271465301514, 1.5619754791259766], [-0.31847745180130005, 0.9477519392967224, 0.018395300954580307, -0.158447265625], [0.0, 0.0, 0.0, 1.0]], [[0.00903943832963705, 0.999919056892395, 0.008956864476203918, -0.0286865234375], [-0.006332609336823225, 0.009014293551445007, -0.9999393224716187, 1.5675020217895508], [-0.9999390840530396, 0.00898211169987917, 0.006413581315428019, -0.04296875], [0.0, 0.0, 0.0, 1.0]], [[-0.9238684177398682, 0.3826967775821686, -0.0031865278724581003, 1.0096435546875], [-0.0022330263163894415, -0.01371645275503397, -0.9999034404754639, 1.547466516494751], [-0.3827035427093506, -0.9237721562385559, 0.013526770286262035, -0.10475921630859375], [0.0, 0.0, 0.0, 1.0]]], "view": [[0.0, -2.0, 100.0], [-2.0, 0.0, 100.0], [0.0, 0.0, 1.0]], "bev": "bev_9179748cda1a4f4a895bdb8f3f62af46.png", "aux": "aux_9179748cda1a4f4a895bdb8f3f62af46.npz", "visibility": "visibility_9179748cda1a4f4a895bdb8f3f62af46.png", "pose": [[-0.6456966400146484, 0.7635940313339233, 0.0, 1212.0634765625], [-0.7635940313339233, -0.6456966400146484, 0.0, 699.0553588867188], [0.0, 0.0, 1.0, 0.0], [0.0, 0.0, 0.0, 1.0]], "pose_inverse": [[-0.6456966400146484, -0.7635940313339233, 0.0, 1316.4197998046875], [0.7635940313339233, -0.6456966400146484, 0.0, -474.146728515625], [0.0, 0.0, 1.0, 0.0], [0.0, 0.0, 0.0, 1.0]], "cam_ids": [0, 1, 2, 3, 4, 5], "cam_channels": ["CAM_FRONT_LEFT", "CAM_FRONT", "CAM_FRONT_RIGHT", "CAM_BACK_LEFT", "CAM_BACK", "CAM_BACK_RIGHT"], "token": "9179748cda1a4f4a895bdb8f3f62af46", "scene": "scene-0527"}, {"images": ["samples/CAM_FRONT_LEFT/n008-2018-08-30-15-52-26-0400__CAM_FRONT_LEFT__1535658889104799.jpg", "samples/CAM_FRONT/n008-2018-08-30-15-52-26-0400__CAM_FRONT__1535658889112404.jpg", "samples/CAM_FRONT_RIGHT/n008-2018-08-30-15-52-26-0400__CAM_FRONT_RIGHT__1535658889120482.jpg", "samples/CAM_BACK_LEFT/n008-2018-08-30-15-52-26-0400__CAM_BACK_LEFT__1535658889147405.jpg", "samples/CAM_BACK/n008-2018-08-30-15-52-26-0400__CAM_BACK__1535658889137558.jpg", "samples/CAM_BACK_RIGHT/n008-2018-08-30-15-52-26-0400__CAM_BACK_RIGHT__1535658889128113.jpg"], "intrinsics": [[[1257.8625342125129, 0.0, 827.2410631095686], [0.0, 1257.8625342125129, 450.915498205774], [0.0, 0.0, 1.0]], [[1252.8131021185304, 0.0, 826.588114781398], [0.0, 1252.8131021185304, 469.9846626224581], [0.0, 0.0, 1.0]], [[1256.7485116440405, 0.0, 817.7887570959712], [0.0, 1256.7485116440403, 451.9541780095127], [0.0, 0.0, 1.0]], [[1254.9860565800168, 0.0, 829.5769333630991], [0.0, 1254.9860565800168, 467.1680561863987], [0.0, 0.0, 1.0]], [[796.8910634503094, 0.0, 857.7774326863696], [0.0, 796.8910634503094, 476.8848988407415], [0.0, 0.0, 1.0]], [[1249.9629280788233, 0.0, 825.3768045375984], [0.0, 1249.9629280788233, 462.54816385708756], [0.0, 0.0, 1.0]]], "extrinsics": [[[0.8231366872787476, -0.5678387880325317, -0.0022808711510151625, -0.71630859375], [0.008294143714010715, 0.016039259731769562, -0.9998369216918945, 1.4911203384399414], [0.5677828192710876, 0.8229835629463196, 0.017912235110998154, -1.138916015625], [0.0, 0.0, 0.0, 1.0]], [[0.011110757477581501, -0.9998692274093628, -0.011751587502658367, 0.0115966796875], [0.010340833105146885, 0.011866578832268715, -0.999876081943512, 1.4830989837646484], [0.9998847842216492, 0.010987776331603527, 0.010471327230334282, -1.44775390625], [0.0, 0.0, 0.0, 1.0]], [[-0.8436036705970764, -0.5366893410682678, -0.017249081283807755, 0.904052734375], [0.018460722640156746, 0.0031163727398961782, -0.9998247027397156, 1.4971790313720703], [0.5366489887237549, -0.8437742590904236, 0.007278687786310911, -1.156005859375], [0.0, 0.0, 0.0, 1.0]], [[0.9477905035018921, 0.31889277696609497, -0.0007822013576515019, -1.13671875], [-0.0069450740702450275, 0.018189260736107826, -0.9998104572296143, 1.5619745254516602], [-0.318818062543869, 0.9476162195205688, 0.019454343244433403, -0.15924072265625], [0.0, 0.0, 0.0, 1.0]], [[0.008868107572197914, 0.9999039173126221, 0.010655791498720646, -0.029266357421875], [-0.004857477266341448, 0.010699160397052765, -0.9999309778213501, 1.5676279067993164], [-0.9999489188194275, 0.008815818466246128, 0.0049518924206495285, -0.0423583984375], [0.0, 0.0, 0.0, 1.0]], [[-0.9239078760147095, 0.38259363174438477, -0.004039785359054804, 1.0103759765625], [-0.0005971055943518877, -0.01200010720640421, -0.999927818775177, 1.5477361679077148], [-0.38261449337005615, -0.9238388538360596, 0.011315441690385342, -0.10401153564453125], [0.0, 0.0, 0.0, 1.0]]], "view": [[0.0, -2.0, 100.0], [-2.0, 0.0, 100.0], [0.0, 0.0, 1.0]], "bev": "bev_5e44ec0cf4704c6ea12c879bb015deb6.png", "aux": "aux_5e44ec0cf4704c6ea12c879bb015deb6.npz", "visibility": "visibility_5e44ec0cf4704c6ea12c879bb015deb6.png", "pose": [[-0.6559697389602661, 0.7547872066497803, 0.0, 1209.4530029296875], [-0.7547872066497803, -0.6559697389602661, 0.0, 696.0828247070312], [0.0, 0.0, 1.0, 0.0], [0.0, 0.0, 0.0, 1.0]], "pose_inverse": [[-0.6559697389602661, -0.7547872066497803, 0.0, 1318.7589111328125], [0.7547872066497803, -0.6559697389602661, 0.0, -456.2703857421875], [0.0, 0.0, 1.0, 0.0], [0.0, 0.0, 0.0, 1.0]], "cam_ids": [0, 1, 2, 3, 4, 5], "cam_channels": ["CAM_FRONT_LEFT", "CAM_FRONT", "CAM_FRONT_RIGHT", "CAM_BACK_LEFT", "CAM_BACK", "CAM_BACK_RIGHT"], "token": "5e44ec0cf4704c6ea12c879bb015deb6", "scene": "scene-0527"}, {"images": ["samples/CAM_FRONT_LEFT/n008-2018-08-30-15-52-26-0400__CAM_FRONT_LEFT__1535658889604799.jpg", "samples/CAM_FRONT/n008-2018-08-30-15-52-26-0400__CAM_FRONT__1535658889612404.jpg", "samples/CAM_FRONT_RIGHT/n008-2018-08-30-15-52-26-0400__CAM_FRONT_RIGHT__1535658889620482.jpg", "samples/CAM_BACK_LEFT/n008-2018-08-30-15-52-26-0400__CAM_BACK_LEFT__1535658889647405.jpg", "samples/CAM_BACK/n008-2018-08-30-15-52-26-0400__CAM_BACK__1535658889637558.jpg", "samples/CAM_BACK_RIGHT/n008-2018-08-30-15-52-26-0400__CAM_BACK_RIGHT__1535658889628113.jpg"], "intrinsics": [[[1257.8625342125129, 0.0, 827.2410631095686], [0.0, 1257.8625342125129, 450.915498205774], [0.0, 0.0, 1.0]], [[1252.8131021185304, 0.0, 826.588114781398], [0.0, 1252.8131021185304, 469.9846626224581], [0.0, 0.0, 1.0]], [[1256.7485116440405, 0.0, 817.7887570959712], [0.0, 1256.7485116440403, 451.9541780095127], [0.0, 0.0, 1.0]], [[1254.9860565800168, 0.0, 829.5769333630991], [0.0, 1254.9860565800168, 467.1680561863987], [0.0, 0.0, 1.0]], [[796.8910634503094, 0.0, 857.7774326863696], [0.0, 796.8910634503094, 476.8848988407415], [0.0, 0.0, 1.0]], [[1249.9629280788233, 0.0, 825.3768045375984], [0.0, 1249.9629280788233, 462.54816385708756], [0.0, 0.0, 1.0]]], "extrinsics": [[[0.8229398131370544, -0.5681285262107849, -0.0003631840809248388, -0.7281494140625], [0.00976406317204237, 0.014782504178583622, -0.9998430609703064, 1.4915142059326172], [0.5680447816848755, 0.8228070139884949, 0.01771235279738903, -1.145904541015625], [0.0, 0.0, 0.0, 1.0]], [[0.010771135799586773, -0.9998868107795715, -0.010500048287212849, 0.010650634765625], [0.01168400701135397, 0.010625789873301983, -0.9998753070831299, 1.4833555221557617], [0.999873697757721, 0.010647033341228962, 0.01179713848978281, -1.4598388671875], [0.0, 0.0, 0.0, 1.0]], [[-0.8437409996986389, -0.5364614725112915, -0.01761259324848652, 0.912109375], [0.01966746523976326, 0.0018918574787676334, -0.9998047351837158, 1.49725341796875], [0.5363901257514954, -0.8439226746559143, 0.008954599499702454, -1.162109375], [0.0, 0.0, 0.0, 1.0]], [[0.9478980302810669, 0.3185736835002899, 0.0001469107810407877, -1.1380615234375], [-0.005516046192497015, 0.016873765736818314, -0.9998424053192139, 1.5620088577270508], [-0.3185259997844696, 0.9477478861808777, 0.01775187812745571, -0.157958984375], [0.0, 0.0, 0.0, 1.0]], [[0.00906643457710743, 0.9999145269393921, 0.009418105706572533, -0.028717041015625], [-0.0035227807238698006, 0.00945037417113781, -0.9999490976333618, 1.56776762008667], [-0.9999526739120483, 0.009032832458615303, 0.003608160885050893, -0.03759765625], [0.0, 0.0, 0.0, 1.0]], [[-0.9238193035125732, 0.38278713822364807, -0.005651326384395361, 1.017578125], [0.0006449387292377651, -0.013205841183662415, -0.9999126195907593, 1.547926425933838], [-0.3828282356262207, -0.9237421751022339, 0.01195293664932251, -0.1016998291015625], [0.0, 0.0, 0.0, 1.0]]], "view": [[0.0, -2.0, 100.0], [-2.0, 0.0, 100.0], [0.0, 0.0, 1.0]], "bev": "bev_6e17fffb025046acb3f4e528adb87524.png", "aux": "aux_6e17fffb025046acb3f4e528adb87524.npz", "visibility": "visibility_6e17fffb025046acb3f4e528adb87524.png", "pose": [[-0.6626854538917542, 0.7488978505134583, 0.0, 1206.918701171875], [-0.7488978505134583, -0.6626854538917542, 0.0, 693.2355346679688], [0.0, 0.0, 1.0, 0.0], [0.0, 0.0, 0.0, 1.0]], "pose_inverse": [[-0.6626854538917542, -0.7488978505134583, 0.0, 1318.9700927734375], [0.7488978505134583, -0.6626854538917542, 0.0, -444.46173095703125], [0.0, 0.0, 1.0, 0.0], [0.0, 0.0, 0.0, 1.0]], "cam_ids": [0, 1, 2, 3, 4, 5], "cam_channels": ["CAM_FRONT_LEFT", "CAM_FRONT", "CAM_FRONT_RIGHT", "CAM_BACK_LEFT", "CAM_BACK", "CAM_BACK_RIGHT"], "token": "6e17fffb025046acb3f4e528adb87524", "scene": "scene-0527"}, {"images": ["samples/CAM_FRONT_LEFT/n008-2018-08-30-15-52-26-0400__CAM_FRONT_LEFT__1535658890104799.jpg", "samples/CAM_FRONT/n008-2018-08-30-15-52-26-0400__CAM_FRONT__1535658890112404.jpg", "samples/CAM_FRONT_RIGHT/n008-2018-08-30-15-52-26-0400__CAM_FRONT_RIGHT__1535658890120482.jpg", "samples/CAM_BACK_LEFT/n008-2018-08-30-15-52-26-0400__CAM_BACK_LEFT__1535658890147405.jpg", "samples/CAM_BACK/n008-2018-08-30-15-52-26-0400__CAM_BACK__1535658890137558.jpg", "samples/CAM_BACK_RIGHT/n008-2018-08-30-15-52-26-0400__CAM_BACK_RIGHT__1535658890128113.jpg"], "intrinsics": [[[1257.8625342125129, 0.0, 827.2410631095686], [0.0, 1257.8625342125129, 450.915498205774], [0.0, 0.0, 1.0]], [[1252.8131021185304, 0.0, 826.588114781398], [0.0, 1252.8131021185304, 469.9846626224581], [0.0, 0.0, 1.0]], [[1256.7485116440405, 0.0, 817.7887570959712], [0.0, 1256.7485116440403, 451.9541780095127], [0.0, 0.0, 1.0]], [[1254.9860565800168, 0.0, 829.5769333630991], [0.0, 1254.9860565800168, 467.1680561863987], [0.0, 0.0, 1.0]], [[796.8910634503094, 0.0, 857.7774326863696], [0.0, 796.8910634503094, 476.8848988407415], [0.0, 0.0, 1.0]], [[1249.9629280788233, 0.0, 825.3768045375984], [0.0, 1249.9629280788233, 462.54816385708756], [0.0, 0.0, 1.0]]], "extrinsics": [[[0.8229718804359436, -0.5680812001228333, 0.0010113856988027692, -0.7216796875], [0.009234665893018246, 0.011597981676459312, -0.9998900890350342, 1.4914073944091797], [0.5680071115493774, 0.8228908181190491, 0.0147908516228199, -1.142242431640625], [0.0, 0.0, 0.0, 1.0]], [[0.010937510058283806, -0.9999131560325623, -0.007356015499681234, 0.01171875], [0.011085166595876217, 0.007477250881493092, -0.9999106526374817, 1.483271598815918], [0.9998787641525269, 0.010855015367269516, 0.011165985837578773, -1.452392578125], [0.0, 0.0, 0.0, 1.0]], [[-0.8436636924743652, -0.5366517305374146, -0.015376334078609943, 0.907470703125], [0.018997380509972572, -0.0012183942599222064, -0.999818742275238, 1.4972305297851562], [0.5365357995033264, -0.8438029885292053, 0.011222891509532928, -1.158203125], [0.0, 0.0, 0.0, 1.0]], [[0.9478891491889954, 0.3185945749282837, -0.0019009977113455534, -1.13916015625], [-0.006697016768157482, 0.013958996161818504, -0.9998801350593567, 1.5620136260986328], [-0.3185299038887024, 0.9477882981300354, 0.01536521501839161, -0.15740966796875], [0.0, 0.0, 0.0, 1.0]], [[0.009004340507090092, 0.9999391436576843, 0.006374165881425142, -0.0291748046875], [-0.004440156742930412, 0.006414342671632767, -0.9999695420265198, 1.5676846504211426], [-0.9999496340751648, 0.008975726552307606, 0.004497643560171127, -0.0389404296875], [0.0, 0.0, 0.0, 1.0]], [[-0.9238689541816711, 0.3826594650745392, -0.0061563425697386265, 1.013916015625], [-9.199558553518727e-05, -0.01630827784538269, -0.9998670220375061, 1.5478286743164062], [-0.38270890712738037, -0.9237454533576965, 0.01510191522538662, -0.10247802734375], [0.0, 0.0, 0.0, 1.0]]], "view": [[0.0, -2.0, 100.0], [-2.0, 0.0, 100.0], [0.0, 0.0, 1.0]], "bev": "bev_e4d456c9335340c0b0a91a488bb2c229.png", "aux": "aux_e4d456c9335340c0b0a91a488bb2c229.npz", "visibility": "visibility_e4d456c9335340c0b0a91a488bb2c229.png", "pose": [[-0.6691963076591492, 0.7430856823921204, 0.0, 1204.3270263671875], [-0.7430856823921204, -0.6691963076591492, 0.0, 690.397216796875], [0.0, 0.0, 1.0, 0.0], [0.0, 0.0, 0.0, 1.0]], "pose_inverse": [[-0.6691963076591492, -0.7430856823921204, 0.0, 1318.9554443359375], [0.7430856823921204, -0.6691963076591492, 0.0, -432.9068908691406], [0.0, 0.0, 1.0, 0.0], [0.0, 0.0, 0.0, 1.0]], "cam_ids": [0, 1, 2, 3, 4, 5], "cam_channels": ["CAM_FRONT_LEFT", "CAM_FRONT", "CAM_FRONT_RIGHT", "CAM_BACK_LEFT", "CAM_BACK", "CAM_BACK_RIGHT"], "token": "e4d456c9335340c0b0a91a488bb2c229", "scene": "scene-0527"}, {"images": ["samples/CAM_FRONT_LEFT/n008-2018-08-30-15-52-26-0400__CAM_FRONT_LEFT__1535658890604799.jpg", "samples/CAM_FRONT/n008-2018-08-30-15-52-26-0400__CAM_FRONT__1535658890612404.jpg", "samples/CAM_FRONT_RIGHT/n008-2018-08-30-15-52-26-0400__CAM_FRONT_RIGHT__1535658890620482.jpg", "samples/CAM_BACK_LEFT/n008-2018-08-30-15-52-26-0400__CAM_BACK_LEFT__1535658890647405.jpg", "samples/CAM_BACK/n008-2018-08-30-15-52-26-0400__CAM_BACK__1535658890637558.jpg", "samples/CAM_BACK_RIGHT/n008-2018-08-30-15-52-26-0400__CAM_BACK_RIGHT__1535658890628113.jpg"], "intrinsics": [[[1257.8625342125129, 0.0, 827.2410631095686], [0.0, 1257.8625342125129, 450.915498205774], [0.0, 0.0, 1.0]], [[1252.8131021185304, 0.0, 826.588114781398], [0.0, 1252.8131021185304, 469.9846626224581], [0.0, 0.0, 1.0]], [[1256.7485116440405, 0.0, 817.7887570959712], [0.0, 1256.7485116440403, 451.9541780095127], [0.0, 0.0, 1.0]], [[1254.9860565800168, 0.0, 829.5769333630991], [0.0, 1254.9860565800168, 467.1680561863987], [0.0, 0.0, 1.0]], [[796.8910634503094, 0.0, 857.7774326863696], [0.0, 796.8910634503094, 476.8848988407415], [0.0, 0.0, 1.0]], [[1249.9629280788233, 0.0, 825.3768045375984], [0.0, 1249.9629280788233, 462.54816385708756], [0.0, 0.0, 1.0]]], "extrinsics": [[[0.8223716020584106, -0.5689507722854614, 2.4352779291803017e-05, -0.7191162109375], [0.008997960947453976, 0.012963014654815197, -0.9998754858970642, 1.491356372833252], [0.5688796639442444, 0.8222694396972656, 0.015779810026288033, -1.139678955078125], [0.0, 0.0, 0.0, 1.0]], [[0.010148625820875168, -0.9999102354049683, -0.008741801604628563, 0.0111083984375], [0.010958326980471611, 0.008852941915392876, -0.999900758266449, 1.4832496643066406], [0.9998884201049805, 0.010051831603050232, 0.011047189123928547, -1.4510498046875], [0.0, 0.0, 0.0, 1.0]], [[-0.8439844250679016, -0.5361255407333374, -0.016116468235850334, 0.90625], [0.018987562507390976, 0.00016480452904943377, -0.9998196959495544, 1.4972476959228516], [0.5360315442085266, -0.8441383242607117, 0.010040624998509884, -1.157958984375], [0.0, 0.0, 0.0, 1.0]], [[0.9478808045387268, 0.31862306594848633, -0.00111407320946455, -1.1353759765625], [-0.0063248444348573685, 0.015319913625717163, -0.9998626112937927, 1.561985969543457], [-0.31856226921081543, 0.9477576613426208, 0.016536694020032883, -0.1590576171875], [0.0, 0.0, 0.0, 1.0]], [[0.009221003390848637, 0.9999272227287292, 0.007783234119415283, -0.029022216796875], [-0.004296152852475643, 0.007823108695447445, -0.9999601244926453, 1.567685604095459], [-0.999948263168335, 0.009187167510390282, 0.004367976915091276, -0.0418701171875], [0.0, 0.0, 0.0, 1.0]], [[-0.9237028360366821, 0.38306766748428345, -0.00567450700327754, 1.01220703125], [-3.488483343971893e-05, -0.014895807020366192, -0.999889075756073, 1.5478301048278809], [-0.3831096291542053, -0.9236001968383789, 0.013772662729024887, -0.1034698486328125], [0.0, 0.0, 0.0, 1.0]]], "view": [[0.0, -2.0, 100.0], [-2.0, 0.0, 100.0], [0.0, 0.0, 1.0]], "bev": "bev_64d3aa6003b242299e18f54a63560701.png", "aux": "aux_64d3aa6003b242299e18f54a63560701.npz", "visibility": "visibility_64d3aa6003b242299e18f54a63560701.png", "pose": [[-0.669018030166626, 0.7432461977005005, 0.0, 1201.6507568359375], [-0.7432461977005005, -0.669018030166626, 0.0, 687.4783325195312], [0.0, 0.0, 1.0, 0.0], [0.0, 0.0, 0.0, 1.0]], "pose_inverse": [[-0.669018030166626, -0.7432461977005005, 0.0, 1314.8916015625], [0.7432461977005005, -0.669018030166626, 0.0, -433.1869812011719], [0.0, 0.0, 1.0, 0.0], [0.0, 0.0, 0.0, 1.0]], "cam_ids": [0, 1, 2, 3, 4, 5], "cam_channels": ["CAM_FRONT_LEFT", "CAM_FRONT", "CAM_FRONT_RIGHT", "CAM_BACK_LEFT", "CAM_BACK", "CAM_BACK_RIGHT"], "token": "64d3aa6003b242299e18f54a63560701", "scene": "scene-0527"}, {"images": ["samples/CAM_FRONT_LEFT/n008-2018-08-30-15-52-26-0400__CAM_FRONT_LEFT__1535658891104799.jpg", "samples/CAM_FRONT/n008-2018-08-30-15-52-26-0400__CAM_FRONT__1535658891112404.jpg", "samples/CAM_FRONT_RIGHT/n008-2018-08-30-15-52-26-0400__CAM_FRONT_RIGHT__1535658891120482.jpg", "samples/CAM_BACK_LEFT/n008-2018-08-30-15-52-26-0400__CAM_BACK_LEFT__1535658891147405.jpg", "samples/CAM_BACK/n008-2018-08-30-15-52-26-0400__CAM_BACK__1535658891137558.jpg", "samples/CAM_BACK_RIGHT/n008-2018-08-30-15-52-26-0400__CAM_BACK_RIGHT__1535658891128113.jpg"], "intrinsics": [[[1257.8625342125129, 0.0, 827.2410631095686], [0.0, 1257.8625342125129, 450.915498205774], [0.0, 0.0, 1.0]], [[1252.8131021185304, 0.0, 826.588114781398], [0.0, 1252.8131021185304, 469.9846626224581], [0.0, 0.0, 1.0]], [[1256.7485116440405, 0.0, 817.7887570959712], [0.0, 1256.7485116440403, 451.9541780095127], [0.0, 0.0, 1.0]], [[1254.9860565800168, 0.0, 829.5769333630991], [0.0, 1254.9860565800168, 467.1680561863987], [0.0, 0.0, 1.0]], [[796.8910634503094, 0.0, 857.7774326863696], [0.0, 796.8910634503094, 476.8848988407415], [0.0, 0.0, 1.0]], [[1249.9629280788233, 0.0, 825.3768045375984], [0.0, 1249.9629280788233, 462.54816385708756], [0.0, 0.0, 1.0]]], "extrinsics": [[[0.8225690126419067, -0.5686320066452026, -0.0061652325093746185, -0.7203369140625], [0.0008525178418494761, 0.012074656784534454, -0.999926745891571, 1.4885258674621582], [0.5686648488044739, 0.8225034475326538, 0.01041700504720211, -1.142578125], [0.0, 0.0, 0.0, 1.0]], [[0.010399851948022842, -0.9999143481254578, -0.007949468679726124, 0.012481689453125], [0.0027957193087786436, 0.00797894224524498, -0.9999642968177795, 1.480920672416687], [0.9999420046806335, 0.010377191007137299, 0.002878459868952632, -1.4525146484375], [0.0, 0.0, 0.0, 1.0]], [[-0.8439570665359497, -0.5363394021987915, -0.008750787936151028, 0.90692138671875], [0.01080770418047905, -0.0006916577694937587, -0.999941349029541, 1.4954490661621094], [0.536301851272583, -0.8440021276473999, 0.006380325648933649, -1.1568603515625], [0.0, 0.0, 0.0, 1.0]], [[0.9478338360786438, 0.3186320960521698, -0.009201258420944214, -1.1319580078125], [-0.014573346823453903, 0.014480002224445343, -0.9997889399528503, 1.561859130859375], [-0.3184316158294678, 0.9477678537368774, 0.018368171527981758, -0.1602783203125], [0.0, 0.0, 0.0, 1.0]], [[0.009190498851239681, 0.9999345541000366, 0.006817123387008905, -0.029296875], [-0.012428270652890205, 0.006931109819561243, -0.9998987317085266, 1.5669574737548828], [-0.9998805522918701, 0.009104843251407146, 0.012491158209741116, -0.043701171875], [0.0, 0.0, 0.0, 1.0]], [[-0.9237852096557617, 0.38290777802467346, 0.0015854033408686519, 1.01123046875], [-0.008246897719800472, -0.01575629785656929, -0.9998418688774109, 1.546523094177246], [-0.3828222155570984, -0.9236522912979126, 0.017713237553834915, -0.103057861328125], [0.0, 0.0, 0.0, 1.0]]], "view": [[0.0, -2.0, 100.0], [-2.0, 0.0, 100.0], [0.0, 0.0, 1.0]], "bev": "bev_79031fa1c5a74a1ebc2d957021755001.png", "aux": "aux_79031fa1c5a74a1ebc2d957021755001.npz", "visibility": "visibility_79031fa1c5a74a1ebc2d957021755001.png", "pose": [[-0.6614066362380981, 0.7500275373458862, 0.0, 1199.0029296875], [-0.7500275373458862, -0.6614066362380981, 0.0, 684.554931640625], [0.0, 0.0, 1.0, 0.0], [0.0, 0.0, 0.0, 1.0]], "pose_inverse": [[-0.6614066362380981, -0.7500275373458862, 0.0, 1306.4635009765625], [0.7500275373458862, -0.6614066362380981, 0.0, -446.5160217285156], [0.0, 0.0, 1.0, 0.0], [0.0, 0.0, 0.0, 1.0]], "cam_ids": [0, 1, 2, 3, 4, 5], "cam_channels": ["CAM_FRONT_LEFT", "CAM_FRONT", "CAM_FRONT_RIGHT", "CAM_BACK_LEFT", "CAM_BACK", "CAM_BACK_RIGHT"], "token": "79031fa1c5a74a1ebc2d957021755001", "scene": "scene-0527"}, {"images": ["samples/CAM_FRONT_LEFT/n008-2018-08-30-15-52-26-0400__CAM_FRONT_LEFT__1535658891604799.jpg", "samples/CAM_FRONT/n008-2018-08-30-15-52-26-0400__CAM_FRONT__1535658891612404.jpg", "samples/CAM_FRONT_RIGHT/n008-2018-08-30-15-52-26-0400__CAM_FRONT_RIGHT__1535658891620482.jpg", "samples/CAM_BACK_LEFT/n008-2018-08-30-15-52-26-0400__CAM_BACK_LEFT__1535658891647405.jpg", "samples/CAM_BACK/n008-2018-08-30-15-52-26-0400__CAM_BACK__1535658891637558.jpg", "samples/CAM_BACK_RIGHT/n008-2018-08-30-15-52-26-0400__CAM_BACK_RIGHT__1535658891628113.jpg"], "intrinsics": [[[1257.8625342125129, 0.0, 827.2410631095686], [0.0, 1257.8625342125129, 450.915498205774], [0.0, 0.0, 1.0]], [[1252.8131021185304, 0.0, 826.588114781398], [0.0, 1252.8131021185304, 469.9846626224581], [0.0, 0.0, 1.0]], [[1256.7485116440405, 0.0, 817.7887570959712], [0.0, 1256.7485116440403, 451.9541780095127], [0.0, 0.0, 1.0]], [[1254.9860565800168, 0.0, 829.5769333630991], [0.0, 1254.9860565800168, 467.1680561863987], [0.0, 0.0, 1.0]], [[796.8910634503094, 0.0, 857.7774326863696], [0.0, 796.8910634503094, 476.8848988407415], [0.0, 0.0, 1.0]], [[1249.9629280788233, 0.0, 825.3768045375984], [0.0, 1249.9629280788233, 462.54816385708756], [0.0, 0.0, 1.0]]], "extrinsics": [[[0.8220709562301636, -0.5693660378456116, -0.0046498822048306465, -0.7589111328125], [0.003932560328394175, 0.013843894004821777, -0.9998964071273804, 1.489413857460022], [0.5693715810775757, 0.8219675421714783, 0.013619729317724705, -1.167205810546875], [0.0, 0.0, 0.0, 1.0]], [[0.009579806588590145, -0.9999074339866638, -0.00965502392500639, 0.0107421875], [0.0060013956390321255, 0.009712785482406616, -0.9999347925186157, 1.4815986156463623], [0.9999361038208008, 0.009521272964775562, 0.006093887146562338, -1.4910888671875], [0.0, 0.0, 0.0, 1.0]], [[-0.844282865524292, -0.5357525944709778, -0.012479061260819435, 0.9326171875], [0.014143833890557289, 0.0010012284619733691, -0.9998994469642639, 1.4957389831542969], [0.5357111692428589, -0.844374418258667, 0.006732274778187275, -1.174560546875], [0.0, 0.0, 0.0, 1.0]], [[0.9478626847267151, 0.3186345398426056, -0.005331032909452915, -1.1376953125], [-0.01106507983058691, 0.016188349574804306, -0.9998077154159546, 1.5619640350341797], [-0.3184870481491089, 0.94773930311203, 0.018870051950216293, -0.15826416015625], [0.0, 0.0, 0.0, 1.0]], [[0.009419840760529041, 0.999919056892395, 0.00856245681643486, -0.029022216796875], [-0.009030535817146301, 0.0086475545540452, -0.9999217987060547, 1.5673933029174805], [-0.999914824962616, 0.009341864846646786, 0.009111263789236546, -0.0286865234375], [0.0, 0.0, 0.0, 1.0]], [[-0.9235992431640625, 0.3833584189414978, -0.0008926763548515737, 1.033447265625], [-0.004871482495218515, -0.014064840041100979, -0.9998891949653625, 1.5471694469451904], [-0.38332849740982056, -0.9234925508499146, 0.01485779881477356, -0.0945281982421875], [0.0, 0.0, 0.0, 1.0]]], "view": [[0.0, -2.0, 100.0], [-2.0, 0.0, 100.0], [0.0, 0.0, 1.0]], "bev": "bev_b3f72050433a47abb1226fa2401e8a46.png", "aux": "aux_b3f72050433a47abb1226fa2401e8a46.npz", "visibility": "visibility_b3f72050433a47abb1226fa2401e8a46.png", "pose": [[-0.6544752717018127, 0.7560834288597107, 0.0, 1196.5196533203125], [-0.7560834288597107, -0.6544752717018127, 0.0, 681.7679443359375], [0.0, 0.0, 1.0, 0.0], [0.0, 0.0, 0.0, 1.0]], "pose_inverse": [[-0.6544752717018127, -0.7560834288597107, 0.0, 1298.56591796875], [0.7560834288597107, -0.6544752717018127, 0.0, -458.4683837890625], [0.0, 0.0, 1.0, 0.0], [0.0, 0.0, 0.0, 1.0]], "cam_ids": [0, 1, 2, 3, 4, 5], "cam_channels": ["CAM_FRONT_LEFT", "CAM_FRONT", "CAM_FRONT_RIGHT", "CAM_BACK_LEFT", "CAM_BACK", "CAM_BACK_RIGHT"], "token": "b3f72050433a47abb1226fa2401e8a46", "scene": "scene-0527"}, {"images": ["samples/CAM_FRONT_LEFT/n008-2018-08-30-15-52-26-0400__CAM_FRONT_LEFT__1535658892104799.jpg", "samples/CAM_FRONT/n008-2018-08-30-15-52-26-0400__CAM_FRONT__1535658892112404.jpg", "samples/CAM_FRONT_RIGHT/n008-2018-08-30-15-52-26-0400__CAM_FRONT_RIGHT__1535658892120482.jpg", "samples/CAM_BACK_LEFT/n008-2018-08-30-15-52-26-0400__CAM_BACK_LEFT__1535658892147405.jpg", "samples/CAM_BACK/n008-2018-08-30-15-52-26-0400__CAM_BACK__1535658892137558.jpg", "samples/CAM_BACK_RIGHT/n008-2018-08-30-15-52-26-0400__CAM_BACK_RIGHT__1535658892128113.jpg"], "intrinsics": [[[1257.8625342125129, 0.0, 827.2410631095686], [0.0, 1257.8625342125129, 450.915498205774], [0.0, 0.0, 1.0]], [[1252.8131021185304, 0.0, 826.588114781398], [0.0, 1252.8131021185304, 469.9846626224581], [0.0, 0.0, 1.0]], [[1256.7485116440405, 0.0, 817.7887570959712], [0.0, 1256.7485116440403, 451.9541780095127], [0.0, 0.0, 1.0]], [[1254.9860565800168, 0.0, 829.5769333630991], [0.0, 1254.9860565800168, 467.1680561863987], [0.0, 0.0, 1.0]], [[796.8910634503094, 0.0, 857.7774326863696], [0.0, 796.8910634503094, 476.8848988407415], [0.0, 0.0, 1.0]], [[1249.9629280788233, 0.0, 825.3768045375984], [0.0, 1249.9629280788233, 462.54816385708756], [0.0, 0.0, 1.0]]], "extrinsics": [[[0.8222790956497192, -0.569077730178833, -0.0027716278564184904, -0.753173828125], [0.007873810827732086, 0.016246719285845757, -0.9998370409011841, 1.4906446933746338], [0.5690300464630127, 0.8221232295036316, 0.017840147018432617, -1.162506103515625], [0.0, 0.0, 0.0, 1.0]], [[0.009815581142902374, -0.9998785257339478, -0.012111025862395763, 0.010101318359375], [0.009914027526974678, 0.012208323925733566, -0.9998763799667358, 1.4826340675354004], [0.9999027252197266, 0.009694330394268036, 0.010032654739916325, -1.483154296875], [0.0, 0.0, 0.0, 1.0]], [[-0.8441525101661682, -0.5358288884162903, -0.01714513450860977, 0.9263916015625], [0.018024280667304993, 0.00359628745354712, -0.9998310208320618, 1.4965953826904297], [0.535800039768219, -0.8443189859390259, 0.006622115150094032, -1.171142578125], [0.0, 0.0, 0.0, 1.0]], [[0.9478798508644104, 0.3186269700527191, -0.000746179255656898, -1.1353759765625], [-0.00719849020242691, 0.01907333731651306, -0.9997921586036682, 1.5619773864746094], [-0.3185465633869171, 0.9476882815361023, 0.020372865721583366, -0.15899658203125], [0.0, 0.0, 0.0, 1.0]], [[0.009339949116110802, 0.9998913407325745, 0.011408540420234203, -0.02886962890625], [-0.00515549024567008, 0.0114570