[{"images": ["samples/CAM_FRONT_LEFT/n008-2018-08-30-15-52-26-0400__CAM_FRONT_LEFT__1535659108004799.jpg", "samples/CAM_FRONT/n008-2018-08-30-15-52-26-0400__CAM_FRONT__1535659108012404.jpg", "samples/CAM_FRONT_RIGHT/n008-2018-08-30-15-52-26-0400__CAM_FRONT_RIGHT__1535659108020482.jpg", "samples/CAM_BACK_LEFT/n008-2018-08-30-15-52-26-0400__CAM_BACK_LEFT__1535659108047405.jpg", "samples/CAM_BACK/n008-2018-08-30-15-52-26-0400__CAM_BACK__1535659108037558.jpg", "samples/CAM_BACK_RIGHT/n008-2018-08-30-15-52-26-0400__CAM_BACK_RIGHT__1535659108028113.jpg"], "intrinsics": [[[1257.8625342125129, 0.0, 827.2410631095686], [0.0, 1257.8625342125129, 450.915498205774], [0.0, 0.0, 1.0]], [[1252.8131021185304, 0.0, 826.588114781398], [0.0, 1252.8131021185304, 469.9846626224581], [0.0, 0.0, 1.0]], [[1256.7485116440405, 0.0, 817.7887570959712], [0.0, 1256.7485116440403, 451.9541780095127], [0.0, 0.0, 1.0]], [[1254.9860565800168, 0.0, 829.5769333630991], [0.0, 1254.9860565800168, 467.1680561863987], [0.0, 0.0, 1.0]], [[796.8910634503094, 0.0, 857.7774326863696], [0.0, 796.8910634503094, 476.8848988407415], [0.0, 0.0, 1.0]], [[1249.9629280788233, 0.0, 825.3768045375984], [0.0, 1249.9629280788233, 462.54816385708756], [0.0, 0.0, 1.0]]], "extrinsics": [[[0.8228835463523865, -0.5679837465286255, -0.016036350280046463, -0.785308837890625], [-0.0013373035471886396, 0.02628657966852188, -0.9996535181999207, 1.4878883361816406], [0.5682083964347839, 0.8226198554039001, 0.020871227607131004, -1.183837890625], [0.0, 0.0, 0.0, 1.0]], [[0.010776770301163197, -0.9996985793113708, -0.022058241069316864, 0.00927734375], [0.00040875779814086854, 0.022063923999667168, -0.9997564554214478, 1.4802227020263672], [0.999941885471344, 0.01076515018939972, 0.0006464125472120941, -1.5143890380859375], [0.0, 0.0, 0.0, 1.0]], [[-0.8438016176223755, -0.536471426486969, -0.014043710194528103, 0.94586181640625], [0.008210882544517517, 0.013260064646601677, -0.9998783469200134, 1.494471549987793], [0.536592423915863, -0.8438143134117126, -0.0067839608527719975, -1.18426513671875], [0.0, 0.0, 0.0, 1.0]], [[0.9478046894073486, 0.3187248408794403, -0.008981272578239441, -1.133056640625], [-0.01899406872689724, 0.0283210389316082, -0.9994183778762817, 1.5618247985839844], [-0.31828516721725464, 0.947424054145813, 0.03289669379591942, -0.1597900390625], [0.0, 0.0, 0.0, 1.0]], [[0.009098370559513569, 0.9997467994689941, 0.02058364823460579, -0.02862548828125], [-0.016198350116610527, 0.020729154348373413, -0.9996538758277893, 1.5669145584106445], [-0.9998274445533752, 0.008761833421885967, 0.0163828507065773, -0.0259552001953125], [0.0, 0.0, 0.0, 1.0]], [[-0.9238833785057068, 0.3825511336326599, 0.009701663628220558, 1.04327392578125], [-0.011293881572782993, -0.0019166108686476946, -0.9999344348907471, 1.5463802814483643], [-0.3825073540210724, -0.9239322543144226, 0.0060912128537893295, -0.09173583984375], [0.0, 0.0, 0.0, 1.0]]], "view": [[0.0, -2.0, 100.0], [-2.0, 0.0, 100.0], [0.0, 0.0, 1.0]], "bev": "bev_fa54b8e1028c4671a7aacbbc70a184df.png", "aux": "aux_fa54b8e1028c4671a7aacbbc70a184df.npz", "visibility": "visibility_fa54b8e1028c4671a7aacbbc70a184df.png", "pose": [[-0.751140296459198, -0.6601426005363464, 0.0, 668.5283813476562], [0.6601426005363464, -0.751140296459198, 0.0, 512.0852661132812], [0.0, 0.0, 1.0, 0.0], [0.0, 0.0, 0.0, 1.0]], "pose_inverse": [[-0.751140296459198, 0.6601426005363464, 0.0, 164.10928344726562], [-0.6601426005363464, -0.751140296459198, 0.0, 825.971923828125], [0.0, 0.0, 1.0, 0.0], [0.0, 0.0, 0.0, 1.0]], "cam_ids": [0, 1, 2, 3, 4, 5], "cam_channels": ["CAM_FRONT_LEFT", "CAM_FRONT", "CAM_FRONT_RIGHT", "CAM_BACK_LEFT", "CAM_BACK", "CAM_BACK_RIGHT"], "token": "fa54b8e1028c4671a7aacbbc70a184df", "scene": "scene-0533"}, {"images": ["samples/CAM_FRONT_LEFT/n008-2018-08-30-15-52-26-0400__CAM_FRONT_LEFT__1535659108404799.jpg", "samples/CAM_FRONT/n008-2018-08-30-15-52-26-0400__CAM_FRONT__1535659108412404.jpg", "samples/CAM_FRONT_RIGHT/n008-2018-08-30-15-52-26-0400__CAM_FRONT_RIGHT__1535659108420482.jpg", "samples/CAM_BACK_LEFT/n008-2018-08-30-15-52-26-0400__CAM_BACK_LEFT__1535659108447410.jpg", "samples/CAM_BACK/n008-2018-08-30-15-52-26-0400__CAM_BACK__1535659108437558.jpg", "samples/CAM_BACK_RIGHT/n008-2018-08-30-15-52-26-0400__CAM_BACK_RIGHT__1535659108428113.jpg"], "intrinsics": [[[1257.8625342125129, 0.0, 827.2410631095686], [0.0, 1257.8625342125129, 450.915498205774], [0.0, 0.0, 1.0]], [[1252.8131021185304, 0.0, 826.588114781398], [0.0, 1252.8131021185304, 469.9846626224581], [0.0, 0.0, 1.0]], [[1256.7485116440405, 0.0, 817.7887570959712], [0.0, 1256.7485116440403, 451.9541780095127], [0.0, 0.0, 1.0]], [[1254.9860565800168, 0.0, 829.5769333630991], [0.0, 1254.9860565800168, 467.1680561863987], [0.0, 0.0, 1.0]], [[796.8910634503094, 0.0, 857.7774326863696], [0.0, 796.8910634503094, 476.8848988407415], [0.0, 0.0, 1.0]], [[1249.9629280788233, 0.0, 825.3768045375984], [0.0, 1249.9629280788233, 462.54816385708756], [0.0, 0.0, 1.0]]], "extrinsics": [[[0.821836531162262, -0.569498598575592, -0.015997808426618576, -0.80780029296875], [0.003135615959763527, 0.03260093554854393, -0.9994634985923767, 1.4889678955078125], [0.5697146654129028, 0.8213455677032471, 0.028578368946909904, -1.1993408203125], [0.0, 0.0, 0.0, 1.0]], [[0.009203486144542694, -0.9995590448379517, -0.02822982147336006, 0.00897216796875], [0.005466110073029995, 0.02828088589012623, -0.9995850920677185, 1.4811935424804688], [0.9999426007270813, 0.009045380167663097, 0.0057239835150539875, -1.537078857421875], [0.0, 0.0, 0.0, 1.0]], [[-0.8444532155990601, -0.5351734161376953, -0.0220963004976511, 0.961181640625], [0.013885405845940113, 0.019366523250937462, -0.99971604347229, 1.495187759399414], [0.5354493856430054, -0.8445202112197876, -0.008923022076487541, -1.1937255859375], [0.0, 0.0, 0.0, 1.0]], [[0.9479137659072876, 0.318523645401001, 0.0014821855584159493, -1.13275146484375], [-0.009815364144742489, 0.03386055305600166, -0.9993783831596375, 1.5619239807128906], [-0.31837576627731323, 0.9473100304603577, 0.03522331267595291, -0.15997314453125], [0.0, 0.0, 0.0, 1.0]], [[0.00960452575236559, 0.9996007084846497, 0.02657165564596653, -0.02880859375], [-0.008311224170029163, 0.026651762425899506, -0.999610185623169, 1.5675182342529297], [-0.9999192953109741, 0.009379934519529343, 0.00856388546526432, -0.019317626953125], [0.0, 0.0, 0.0, 1.0]], [[-0.9235020279884338, 0.3835471272468567, 0.005971875041723251, 1.055633544921875], [-0.004747918341308832, 0.0041378093883395195, -0.9999801516532898, 1.5472691059112549], [-0.38356417417526245, -0.9235120415687561, -0.0020002233795821667, -0.0863037109375], [0.0, 0.0, 0.0, 1.0]]], "view": [[0.0, -2.0, 100.0], [-2.0, 0.0, 100.0], [0.0, 0.0, 1.0]], "bev": "bev_9bb8faa6bcd04775b6353d35b62f1313.png", "aux": "aux_9bb8faa6bcd04775b6353d35b62f1313.npz", "visibility": "visibility_9bb8faa6bcd04775b6353d35b62f1313.png", "pose": [[-0.7538256049156189, -0.657074511051178, 0.0, 666.8643188476562], [0.657074511051178, -0.7538256049156189, 0.0, 513.570556640625], [0.0, 0.0, 1.0, 0.0], [0.0, 0.0, 0.0, 1.0]], "pose_inverse": [[-0.7538256049156189, 0.657074511051178, 0.0, 165.24526977539062], [-0.657074511051178, -0.7538256049156189, 0.0, 825.3222045898438], [0.0, 0.0, 1.0, 0.0], [0.0, 0.0, 0.0, 1.0]], "cam_ids": [0, 1, 2, 3, 4, 5], "cam_channels": ["CAM_FRONT_LEFT", "CAM_FRONT", "CAM_FRONT_RIGHT", "CAM_BACK_LEFT", "CAM_BACK", "CAM_BACK_RIGHT"], "token": "9bb8faa6bcd04775b6353d35b62f1313", "scene": "scene-0533"}, {"images": ["samples/CAM_FRONT_LEFT/n008-2018-08-30-15-52-26-0400__CAM_FRONT_LEFT__1535659108904799.jpg", "samples/CAM_FRONT/n008-2018-08-30-15-52-26-0400__CAM_FRONT__1535659108912404.jpg", "samples/CAM_FRONT_RIGHT/n008-2018-08-30-15-52-26-0400__CAM_FRONT_RIGHT__1535659108920482.jpg", "samples/CAM_BACK_LEFT/n008-2018-08-30-15-52-26-0400__CAM_BACK_LEFT__1535659108947405.jpg", "samples/CAM_BACK/n008-2018-08-30-15-52-26-0400__CAM_BACK__1535659108937558.jpg", "samples/CAM_BACK_RIGHT/n008-2018-08-30-15-52-26-0400__CAM_BACK_RIGHT__1535659108928113.jpg"], "intrinsics": [[[1257.8625342125129, 0.0, 827.2410631095686], [0.0, 1257.8625342125129, 450.915498205774], [0.0, 0.0, 1.0]], [[1252.8131021185304, 0.0, 826.588114781398], [0.0, 1252.8131021185304, 469.9846626224581], [0.0, 0.0, 1.0]], [[1256.7485116440405, 0.0, 817.7887570959712], [0.0, 1256.7485116440403, 451.9541780095127], [0.0, 0.0, 1.0]], [[1254.9860565800168, 0.0, 829.5769333630991], [0.0, 1254.9860565800168, 467.1680561863987], [0.0, 0.0, 1.0]], [[796.8910634503094, 0.0, 857.7774326863696], [0.0, 796.8910634503094, 476.8848988407415], [0.0, 0.0, 1.0]], [[1249.9629280788233, 0.0, 825.3768045375984], [0.0, 1249.9629280788233, 462.54816385708756], [0.0, 0.0, 1.0]]], "extrinsics": [[[0.8214339017868042, -0.5701284408569336, -0.014140037819743156, -0.822052001953125], [0.003948028665035963, 0.03047804720699787, -0.999527633190155, 1.4891071319580078], [0.5702901482582092, 0.8209900259971619, 0.027286585420370102, -1.20880126953125], [0.0, 0.0, 0.0, 1.0]], [[0.008625931106507778, -0.999617874622345, -0.026260124519467354, 0.0084228515625], [0.00593864731490612, 0.02631184831261635, -0.999636173248291, 1.4812164306640625], [0.9999451041221619, 0.008466816507279873, 0.006163341924548149, -1.5509033203125], [0.0, 0.0, 0.0, 1.0]], [[-0.84468674659729, -0.5348400473594666, -0.021218789741396904, 0.96966552734375], [0.01399605069309473, 0.01755881868302822, -0.9997478127479553, 1.495065689086914], [0.5350777506828308, -0.8447708487510681, -0.0073460545390844345, -1.199462890625], [0.0, 0.0, 0.0, 1.0]], [[0.9479230642318726, 0.31849947571754456, -0.00013732595834881067, -1.13177490234375], [-0.011094676330685616, 0.03258924558758736, -0.9994072318077087, 1.5618972778320312], [-0.31830620765686035, 0.9473626613616943, 0.03442574292421341, -0.16033935546875], [0.0, 0.0, 0.0, 1.0]], [[0.009791752323508263, 0.9996376633644104, 0.025072064250707626, -0.02874755859375], [-0.009108660742640495, 0.025161391124129295, -0.9996418356895447, 1.5674972534179688], [-0.9999105930328369, 0.009559912607073784, 0.009351735934615135, -0.016357421875], [0.0, 0.0, 0.0, 1.0]], [[-0.9233850240707397, 0.38383471965789795, 0.005565429572016001, 1.0621337890625], [-0.004994343034923077, 0.0024845078587532043, -0.9999844431877136, 1.5472784042358398], [-0.3838425576686859, -0.923398494720459, -0.00037715520011261106, -0.08380126953125], [0.0, 0.0, 0.0, 1.0]]], "view": [[0.0, -2.0, 100.0], [-2.0, 0.0, 100.0], [0.0, 0.0, 1.0]], "bev": "bev_ffb8f394bf11413b8015c21e72d8e463.png", "aux": "aux_ffb8f394bf11413b8015c21e72d8e463.npz", "visibility": "visibility_ffb8f394bf11413b8015c21e72d8e463.png", "pose": [[-0.7637612223625183, -0.6454988718032837, 0.0, 664.911865234375], [0.6454988718032837, -0.7637612223625183, 0.0, 515.2818603515625], [0.0, 0.0, 1.0, 0.0], [0.0, 0.0, 0.0, 1.0]], "pose_inverse": [[-0.7637612223625183, 0.6454988718032837, 0.0, 175.22003173828125], [-0.6454988718032837, -0.7637612223625183, 0.0, 822.7521362304688], [0.0, 0.0, 1.0, 0.0], [0.0, 0.0, 0.0, 1.0]], "cam_ids": [0, 1, 2, 3, 4, 5], "cam_channels": ["CAM_FRONT_LEFT", "CAM_FRONT", "CAM_FRONT_RIGHT", "CAM_BACK_LEFT", "CAM_BACK", "CAM_BACK_RIGHT"], "token": "ffb8f394bf11413b8015c21e72d8e463", "scene": "scene-0533"}, {"images": ["samples/CAM_FRONT_LEFT/n008-2018-08-30-15-52-26-0400__CAM_FRONT_LEFT__1535659109404799.jpg", "samples/CAM_FRONT/n008-2018-08-30-15-52-26-0400__CAM_FRONT__1535659109412404.jpg", "samples/CAM_FRONT_RIGHT/n008-2018-08-30-15-52-26-0400__CAM_FRONT_RIGHT__1535659109420482.jpg", "samples/CAM_BACK_LEFT/n008-2018-08-30-15-52-26-0400__CAM_BACK_LEFT__1535659109447405.jpg", "samples/CAM_BACK/n008-2018-08-30-15-52-26-0400__CAM_BACK__1535659109437560.jpg", "samples/CAM_BACK_RIGHT/n008-2018-08-30-15-52-26-0400__CAM_BACK_RIGHT__1535659109428113.jpg"], "intrinsics": [[[1257.8625342125129, 0.0, 827.2410631095686], [0.0, 1257.8625342125129, 450.915498205774], [0.0, 0.0, 1.0]], [[1252.8131021185304, 0.0, 826.588114781398], [0.0, 1252.8131021185304, 469.9846626224581], [0.0, 0.0, 1.0]], [[1256.7485116440405, 0.0, 817.7887570959712], [0.0, 1256.7485116440403, 451.9541780095127], [0.0, 0.0, 1.0]], [[1254.9860565800168, 0.0, 829.5769333630991], [0.0, 1254.9860565800168, 467.1680561863987], [0.0, 0.0, 1.0]], [[796.8910634503094, 0.0, 857.7774326863696], [0.0, 796.8910634503094, 476.8848988407415], [0.0, 0.0, 1.0]], [[1249.9629280788233, 0.0, 825.3768045375984], [0.0, 1249.9629280788233, 462.54816385708756], [0.0, 0.0, 1.0]]], "extrinsics": [[[0.8218243718147278, -0.5696697235107422, -0.00901046022772789, -0.82183837890625], [0.00805031880736351, 0.02742418460547924, -0.9995914697647095, 1.4900245666503906], [0.5696841478347778, 0.8214161396026611, 0.027123885229229927, -1.208740234375], [0.0, 0.0, 0.0, 1.0]], [[0.009197775274515152, -0.999690055847168, -0.02313634566962719, 0.00872802734375], [0.010064362548291683, 0.023228701204061508, -0.9996795058250427, 1.4819793701171875], [0.9999070167541504, 0.008961927145719528, 0.010274894535541534, -1.5508270263671875], [0.0, 0.0, 0.0, 1.0]], [[-0.8444234132766724, -0.5351796746253967, -0.023061048239469528, 0.96978759765625], [0.018146950751543045, 0.014445866458117962, -0.9997309446334839, 1.4956655502319336], [0.5353688597679138, -0.8446146845817566, -0.0024865500163286924, -1.19940185546875], [0.0, 0.0, 0.0, 1.0]], [[0.9479073882102966, 0.31853553652763367, 0.0025914229918271303, -1.134490966796875], [-0.007103540003299713, 0.029270658269524574, -0.9995462894439697, 1.561971664428711], [-0.31846684217453003, 0.9474588632583618, 0.030008604750037193, -0.1593017578125], [0.0, 0.0, 0.0, 1.0]], [[0.009586241096258163, 0.9997153878211975, 0.02184635028243065, -0.02886962890625], [-0.005018815863877535, 0.021895181387662888, -0.999747633934021, 1.5677547454833984], [-0.9999414682388306, 0.009474089369177818, 0.005227279849350452, -0.0146026611328125], [0.0, 0.0, 0.0, 1.0]], [[-0.9234673976898193, 0.3836763799190521, 0.0005421536625362933, 1.062347412109375], [-0.0008758872863836586, -0.0006951185059733689, -0.9999993443489075, 1.54771888256073], [-0.383675754070282, -0.9234673380851746, 0.00097797648049891, -0.08355712890625], [0.0, 0.0, 0.0, 1.0]]], "view": [[0.0, -2.0, 100.0], [-2.0, 0.0, 100.0], [0.0, 0.0, 1.0]], "bev": "bev_53e48b025a7f4cf894756923f9edff8d.png", "aux": "aux_53e48b025a7f4cf894756923f9edff8d.npz", "visibility": "visibility_53e48b025a7f4cf894756923f9edff8d.png", "pose": [[-0.7746885418891907, -0.6323429942131042, 0.0, 663.0396118164062], [0.6323429942131042, -0.7746885418891907, 0.0, 516.856689453125], [0.0, 0.0, 1.0, 0.0], [0.0, 0.0, 0.0, 1.0]], "pose_inverse": [[-0.7746885418891907, 0.6323429942131042, 0.0, 186.8184814453125], [-0.6323429942131042, -0.7746885418891907, 0.0, 819.67138671875], [0.0, 0.0, 1.0, 0.0], [0.0, 0.0, 0.0, 1.0]], "cam_ids": [0, 1, 2, 3, 4, 5], "cam_channels": ["CAM_FRONT_LEFT", "CAM_FRONT", "CAM_FRONT_RIGHT", "CAM_BACK_LEFT", "CAM_BACK", "CAM_BACK_RIGHT"], "token": "53e48b025a7f4cf894756923f9edff8d", "scene": "scene-0533"}, {"images": ["samples/CAM_FRONT_LEFT/n008-2018-08-30-15-52-26-0400__CAM_FRONT_LEFT__1535659109904799.jpg", "samples/CAM_FRONT/n008-2018-08-30-15-52-26-0400__CAM_FRONT__1535659109912404.jpg", "samples/CAM_FRONT_RIGHT/n008-2018-08-30-15-52-26-0400__CAM_FRONT_RIGHT__1535659109920482.jpg", "samples/CAM_BACK_LEFT/n008-2018-08-30-15-52-26-0400__CAM_BACK_LEFT__1535659109947405.jpg", "samples/CAM_BACK/n008-2018-08-30-15-52-26-0400__CAM_BACK__1535659109937558.jpg", "samples/CAM_BACK_RIGHT/n008-2018-08-30-15-52-26-0400__CAM_BACK_RIGHT__1535659109928113.jpg"], "intrinsics": [[[1257.8625342125129, 0.0, 827.2410631095686], [0.0, 1257.8625342125129, 450.915498205774], [0.0, 0.0, 1.0]], [[1252.8131021185304, 0.0, 826.588114781398], [0.0, 1252.8131021185304, 469.9846626224581], [0.0, 0.0, 1.0]], [[1256.7485116440405, 0.0, 817.7887570959712], [0.0, 1256.7485116440403, 451.9541780095127], [0.0, 0.0, 1.0]], [[1254.9860565800168, 0.0, 829.5769333630991], [0.0, 1254.9860565800168, 467.1680561863987], [0.0, 0.0, 1.0]], [[796.8910634503094, 0.0, 857.7774326863696], [0.0, 796.8910634503094, 476.8848988407415], [0.0, 0.0, 1.0]], [[1249.9629280788233, 0.0, 825.3768045375984], [0.0, 1249.9629280788233, 462.54816385708756], [0.0, 0.0, 1.0]]], "extrinsics": [[[0.8221759796142578, -0.5691905617713928, -0.006986204069107771, -0.82611083984375], [0.008153615519404411, 0.02404758334159851, -0.9996775984764099, 1.4900226593017578], [0.5691750049591064, 0.8218538761138916, 0.024412306025624275, -1.21136474609375], [0.0, 0.0, 0.0, 1.0]], [[0.009773846715688705, -0.9997567534446716, -0.019769994542002678, 0.00848388671875], [0.010058792307972908, 0.019868236035108566, -0.9997520446777344, 1.4819526672363281], [0.9999017119407654, 0.009572627954185009, 0.010250533930957317, -1.554443359375], [0.0, 0.0, 0.0, 1.0]], [[-0.8441416025161743, -0.5357019901275635, -0.021171962842345238, 0.971435546875], [0.01802768185734749, 0.0111056137830019, -0.999775767326355, 1.4956178665161133], [0.53581702709198, -0.844334065914154, 0.0002827527350746095, -1.20050048828125], [0.0, 0.0, 0.0, 1.0]], [[0.9478910565376282, 0.3185923099517822, 0.001272357301786542, -1.13275146484375], [-0.007474921178072691, 0.02623194083571434, -0.999627947807312, 1.5619525909423828], [-0.3185071051120758, 0.9475287795066833, 0.027246471494436264, -0.159912109375], [0.0, 0.0, 0.0, 1.0]], [[0.00931673776358366, 0.9997828006744385, 0.018638674169778824, -0.02880859375], [-0.005311363376677036, 0.01868869923055172, -0.9998112320899963, 1.5677337646484375], [-0.9999425411224365, 0.009215994738042355, 0.005484327208250761, -0.0153350830078125], [0.0, 0.0, 0.0, 1.0]], [[-0.9236540198326111, 0.38322678208351135, -0.0005559247802011669, 1.0627899169921875], [-0.0010591986356303096, -0.00400351220741868, -0.9999914169311523, 1.547703504562378], [-0.383225679397583, -0.9236456155776978, 0.0041037737391889095, -0.08331298828125], [0.0, 0.0, 0.0, 1.0]]], "view": [[0.0, -2.0, 100.0], [-2.0, 0.0, 100.0], [0.0, 0.0, 1.0]], "bev": "bev_80c68a173c84470eb7a8ee6ea6126b10.png", "aux": "aux_80c68a173c84470eb7a8ee6ea6126b10.npz", "visibility": "visibility_80c68a173c84470eb7a8ee6ea6126b10.png", "pose": [[-0.7810680866241455, -0.6244458556175232, 0.0, 661.1707153320312], [0.6244458556175232, -0.7810680866241455, 0.0, 518.3905029296875], [0.0, 0.0, 1.0, 0.0], [0.0, 0.0, 0.0, 1.0]], "pose_inverse": [[-0.7810680866241455, 0.6244458556175232, 0.0, 192.71253967285156], [-0.6244458556175232, -0.7810680866241455, 0.0, 817.7636108398438], [0.0, 0.0, 1.0, 0.0], [0.0, 0.0, 0.0, 1.0]], "cam_ids": [0, 1, 2, 3, 4, 5], "cam_channels": ["CAM_FRONT_LEFT", "CAM_FRONT", "CAM_FRONT_RIGHT", "CAM_BACK_LEFT", "CAM_BACK", "CAM_BACK_RIGHT"], "token": "80c68a173c84470eb7a8ee6ea6126b10", "scene": "scene-0533"}, {"images": ["samples/CAM_FRONT_LEFT/n008-2018-08-30-15-52-26-0400__CAM_FRONT_LEFT__1535659110404799.jpg", "samples/CAM_FRONT/n008-2018-08-30-15-52-26-0400__CAM_FRONT__1535659110412404.jpg", "samples/CAM_FRONT_RIGHT/n008-2018-08-30-15-52-26-0400__CAM_FRONT_RIGHT__1535659110420482.jpg", "samples/CAM_BACK_LEFT/n008-2018-08-30-15-52-26-0400__CAM_BACK_LEFT__1535659110447405.jpg", "samples/CAM_BACK/n008-2018-08-30-15-52-26-0400__CAM_BACK__1535659110437558.jpg", "samples/CAM_BACK_RIGHT/n008-2018-08-30-15-52-26-0400__CAM_BACK_RIGHT__1535659110428124.jpg"], "intrinsics": [[[1257.8625342125129, 0.0, 827.2410631095686], [0.0, 1257.8625342125129, 450.915498205774], [0.0, 0.0, 1.0]], [[1252.8131021185304, 0.0, 826.588114781398], [0.0, 1252.8131021185304, 469.9846626224581], [0.0, 0.0, 1.0]], [[1256.7485116440405, 0.0, 817.7887570959712], [0.0, 1256.7485116440403, 451.9541780095127], [0.0, 0.0, 1.0]], [[1254.9860565800168, 0.0, 829.5769333630991], [0.0, 1254.9860565800168, 467.1680561863987], [0.0, 0.0, 1.0]], [[796.8910634503094, 0.0, 857.7774326863696], [0.0, 796.8910634503094, 476.8848988407415], [0.0, 0.0, 1.0]], [[1249.9629280788233, 0.0, 825.3768045375984], [0.0, 1249.9629280788233, 462.54816385708756], [0.0, 0.0, 1.0]]], "extrinsics": [[[0.8232744336128235, -0.567599356174469, -0.0070902141742408276, -0.8338623046875], [0.006456197705119848, 0.021852731704711914, -0.9997403025627136, 1.4895381927490234], [0.5676069259643555, 0.8230148553848267, 0.021655326709151268, -1.2198486328125], [0.0, 0.0, 0.0, 1.0]], [[0.011434993706643581, -0.99978107213974, -0.017522791400551796, 0.010498046875], [0.008406742475926876, 0.017619440332055092, -0.9998094439506531, 1.4815349578857422], [0.9998992085456848, 0.011285508051514626, 0.00860638078302145, -1.5649871826171875], [0.0, 0.0, 0.0, 1.0]], [[-0.8434127569198608, -0.536944568157196, -0.01858733594417572, 0.98077392578125], [0.016427572816610336, 0.008807022124528885, -0.9998262524604797, 1.4952173233032227], [0.5370150208473206, -0.8435716032981873, 0.0013927406398579478, -1.20428466796875], [0.0, 0.0, 0.0, 1.0]], [[0.9478123188018799, 0.31882762908935547, -0.0008965787710621953, -1.136474609375], [-0.008860843256115913, 0.023530341684818268, -0.9996838569641113, 1.5619697570800781], [-0.318705677986145, 0.9475206136703491, 0.025127429515123367, -0.15869140625], [0.0, 0.0, 0.0, 1.0]], [[0.008628389798104763, 0.9998334050178528, 0.016089824959635735, -0.02984619140625], [-0.006754821632057428, 0.016148334369063377, -0.9998468160629272, 1.5676803588867188], [-0.999940037727356, 0.008518301881849766, 0.006893029436469078, -0.0086822509765625], [0.0, 0.0, 0.0, 1.0]], [[-0.9240980744361877, 0.38215526938438416, -0.00010894484876189381, 1.07086181640625], [-0.00253171194344759, -0.006407060194760561, -0.9999762773513794, 1.547584056854248], [-0.3821469247341156, -0.9240759015083313, 0.006888259667903185, -0.0782470703125], [0.0, 0.0, 0.0, 1.0]]], "view": [[0.0, -2.0, 100.0], [-2.0, 0.0, 100.0], [0.0, 0.0, 1.0]], "bev": "bev_f30e9b9e19a245e0a5cedd003444cd71.png", "aux": "aux_f30e9b9e19a245e0a5cedd003444cd71.npz", "visibility": "visibility_f30e9b9e19a245e0a5cedd003444cd71.png", "pose": [[-0.7801529765129089, -0.6255888342857361, 0.0, 659.3333740234375], [0.6255888342857361, -0.7801529765129089, 0.0, 519.8927612304688], [0.0, 0.0, 1.0, 0.0], [0.0, 0.0, 0.0, 1.0]], "pose_inverse": [[-0.7801529765129089, 0.6255888342857361, 0.0, 189.1417999267578], [-0.6255888342857361, -0.7801529765129089, 0.0, 818.0674438476562], [0.0, 0.0, 1.0, 0.0], [0.0, 0.0, 0.0, 1.0]], "cam_ids": [0, 1, 2, 3, 4, 5], "cam_channels": ["CAM_FRONT_LEFT", "CAM_FRONT", "CAM_FRONT_RIGHT", "CAM_BACK_LEFT", "CAM_BACK", "CAM_BACK_RIGHT"], "token": "f30e9b9e19a245e0a5cedd003444cd71", "scene": "scene-0533"}, {"images": ["samples/CAM_FRONT_LEFT/n008-2018-08-30-15-52-26-0400__CAM_FRONT_LEFT__1535659110904799.jpg", "samples/CAM_FRONT/n008-2018-08-30-15-52-26-0400__CAM_FRONT__1535659110912404.jpg", "samples/CAM_FRONT_RIGHT/n008-2018-08-30-15-52-26-0400__CAM_FRONT_RIGHT__1535659110920482.jpg", "samples/CAM_BACK_LEFT/n008-2018-08-30-15-52-26-0400__CAM_BACK_LEFT__1535659110947405.jpg", "samples/CAM_BACK/n008-2018-08-30-15-52-26-0400__CAM_BACK__1535659110937558.jpg", "samples/CAM_BACK_RIGHT/n008-2018-08-30-15-52-26-0400__CAM_BACK_RIGHT__1535659110928124.jpg"], "intrinsics": [[[1257.8625342125129, 0.0, 827.2410631095686], [0.0, 1257.8625342125129, 450.915498205774], [0.0, 0.0, 1.0]], [[1252.8131021185304, 0.0, 826.588114781398], [0.0, 1252.8131021185304, 469.9846626224581], [0.0, 0.0, 1.0]], [[1256.7485116440405, 0.0, 817.7887570959712], [0.0, 1256.7485116440403, 451.9541780095127], [0.0, 0.0, 1.0]], [[1254.9860565800168, 0.0, 829.5769333630991], [0.0, 1254.9860565800168, 467.1680561863987], [0.0, 0.0, 1.0]], [[796.8910634503094, 0.0, 857.7774326863696], [0.0, 796.8910634503094, 476.8848988407415], [0.0, 0.0, 1.0]], [[1249.9629280788233, 0.0, 825.3768045375984], [0.0, 1249.9629280788233, 462.54816385708756], [0.0, 0.0, 1.0]]], "extrinsics": [[[0.8231623768806458, -0.5677823424339294, -0.005191476084291935, -0.82489013671875], [0.007109808269888163, 0.019449159502983093, -0.9997856020927429, 1.4898319244384766], [0.5677616000175476, 0.8229489922523499, 0.020046640187501907, -1.21014404296875], [0.0, 0.0, 0.0, 1.0]], [[0.011125091463327408, -0.999822735786438, -0.015187950804829597, 0.00787353515625], [0.00912005640566349, 0.01528971642255783, -0.9998415112495422, 1.4818029403686523], [0.9998964667320251, 0.010984713211655617, 0.009288537316024303, -1.5541229248046875], [0.0, 0.0, 0.0, 1.0]], [[-0.843634843826294, -0.5366145372390747, -0.01803094707429409, 0.97216796875], [0.01720123365521431, 0.006552806589752436, -0.9998305439949036, 1.4954872131347656], [0.5366417765617371, -0.8438020944595337, 0.003702256130054593, -1.20196533203125], [0.0, 0.0, 0.0, 1.0]], [[0.9478707909584045, 0.318654328584671, -0.0007531216251663864, -1.136322021484375], [-0.00803221482783556, 0.021529853343963623, -0.9997358918190002, 1.5619792938232422], [-0.3185538947582245, 0.9476264119148254, 0.02296701818704605, -0.1585693359375], [0.0, 0.0, 0.0, 1.0]], [[0.008986257016658783, 0.9998614192008972, 0.01401869673281908, -0.02838134765625], [-0.005979521200060844, 0.014072741381824017, -0.9998830556869507, 1.5677251815795898], [-0.9999417662620544, 0.008901369757950306, 0.006105153821408749, -0.0120391845703125], [0.0, 0.0, 0.0, 1.0]], [[-0.9238878488540649, 0.3826598823070526, -0.0016004840144887567, 1.0659027099609375], [-0.001816671690903604, -0.008568505756556988, -0.9999616146087646, 1.5476250648498535], [-0.3826589584350586, -0.9238495826721191, 0.008611505851149559, -0.0830078125], [0.0, 0.0, 0.0, 1.0]]], "view": [[0.0, -2.0, 100.0], [-2.0, 0.0, 100.0], [0.0, 0.0, 1.0]], "bev": "bev_f7ad19cfccd34f5e845303d92cd470e4.png", "aux": "aux_f7ad19cfccd34f5e845303d92cd470e4.npz", "visibility": "visibility_f7ad19cfccd34f5e845303d92cd470e4.png", "pose": [[-0.7732841372489929, -0.6340596675872803, 0.0, 657.4701538085938], [0.6340596675872803, -0.7732841372489929, 0.0, 521.4309692382812], [0.0, 0.0, 1.0, 0.0], [0.0, 0.0, 0.0, 1.0]], "pose_inverse": [[-0.7732841372489929, 0.6340596675872803, 0.0, 177.79290771484375], [-0.6340596675872803, -0.7732841372489929, 0.0, 820.089599609375], [0.0, 0.0, 1.0, 0.0], [0.0, 0.0, 0.0, 1.0]], "cam_ids": [0, 1, 2, 3, 4, 5], "cam_channels": ["CAM_FRONT_LEFT", "CAM_FRONT", "CAM_FRONT_RIGHT", "CAM_BACK_LEFT", "CAM_BACK", "CAM_BACK_RIGHT"], "token": "f7ad19cfccd34f5e845303d92cd470e4", "scene": "scene-0533"}, {"images": ["samples/CAM_FRONT_LEFT/n008-2018-08-30-15-52-26-0400__CAM_FRONT_LEFT__1535659111404799.jpg", "samples/CAM_FRONT/n008-2018-08-30-15-52-26-0400__CAM_FRONT__1535659111412404.jpg", "samples/CAM_FRONT_RIGHT/n008-2018-08-30-15-52-26-0400__CAM_FRONT_RIGHT__1535659111420482.jpg", "samples/CAM_BACK_LEFT/n008-2018-08-30-15-52-26-0400__CAM_BACK_LEFT__1535659111447405.jpg", "samples/CAM_BACK/n008-2018-08-30-15-52-26-0400__CAM_BACK__1535659111437558.jpg", "samples/CAM_BACK_RIGHT/n008-2018-08-30-15-52-26-0400__CAM_BACK_RIGHT__1535659111428113.jpg"], "intrinsics": [[[1257.8625342125129, 0.0, 827.2410631095686], [0.0, 1257.8625342125129, 450.915498205774], [0.0, 0.0, 1.0]], [[1252.8131021185304, 0.0, 826.588114781398], [0.0, 1252.8131021185304, 469.9846626224581], [0.0, 0.0, 1.0]], [[1256.7485116440405, 0.0, 817.7887570959712], [0.0, 1256.7485116440403, 451.9541780095127], [0.0, 0.0, 1.0]], [[1254.9860565800168, 0.0, 829.5769333630991], [0.0, 1254.9860565800168, 467.1680561863987], [0.0, 0.0, 1.0]], [[796.8910634503094, 0.0, 857.7774326863696], [0.0, 796.8910634503094, 476.8848988407415], [0.0, 0.0, 1.0]], [[1249.9629280788233, 0.0, 825.3768045375984], [0.0, 1249.9629280788233, 462.54816385708756], [0.0, 0.0, 1.0]]], "extrinsics": [[[0.8231995105743408, -0.5677422881126404, -0.003346908139064908, -0.825103759765625], [0.005842592567205429, 0.01436589378863573, -0.9998797178268433, 1.4895572662353516], [0.5677220821380615, 0.8230809569358826, 0.015143083408474922, -1.2100830078125], [0.0, 0.0, 0.0, 1.0]], [[0.011197544634342194, -0.9998853206634521, -0.010192041285336018, 0.00799560546875], [0.007855208590626717, 0.010280325077474117, -0.9999163150787354, 1.4815750122070312], [0.9999064207077026, 0.01111648790538311, 0.00796942226588726, -1.5544891357421875], [0.0, 0.0, 0.0, 1.0]], [[-0.8435889482498169, -0.536798357963562, -0.014319662004709244, 0.9725341796875], [0.015939580276608467, 0.0016232718480750918, -0.9998716115951538, 1.495307445526123], [0.5367527604103088, -0.8437089920043945, 0.007186966482549906, -1.2017822265625], [0.0, 0.0, 0.0, 1.0]], [[0.9478650093078613, 0.31865406036376953, -0.0033805768471211195, -1.13677978515625], [-0.009329702705144882, 0.017145128920674324, -0.9998095035552979, 1.5619735717773438], [-0.3185354471206665, 0.9477159976959229, 0.019224217161536217, -0.158447265625], [0.0, 0.0, 0.0, 1.0]], [[0.008918235078454018, 0.999916136264801, 0.009390891529619694, -0.02850341796875], [-0.0071950387209653854, 0.009455189108848572, -0.9999293684959412, 1.5676555633544922], [-0.9999343752861023, 0.00885007530450821, 0.007278759032487869, -0.01171875], [0.0, 0.0, 0.0, 1.0]], [[-0.9239484667778015, 0.3825097680091858, -0.0023149466142058372, 1.0656585693359375], [-0.00303623266518116, -0.013385414145886898, -0.9999058246612549, 1.5475053787231445], [-0.3825046718120575, -0.9238544702529907, 0.013528822921216488, -0.08258056640625], [0.0, 0.0, 0.0, 1.0]]], "view": [[0.0, -2.0, 100.0], [-2.0, 0.0, 100.0], [0.0, 0.0, 1.0]], "bev": "bev_55a7eb4341084232a67859f0687cc6c4.png", "aux": "aux_55a7eb4341084232a67859f0687cc6c4.npz", "visibility": "visibility_55a7eb4341084232a67859f0687cc6c4.png", "pose": [[-0.7645184993743896, -0.6446017622947693, 0.0, 655.59716796875], [0.6446017622947693, -0.7645184993743896, 0.0, 523.0017700195312], [0.0, 0.0, 1.0, 0.0], [0.0, 0.0, 0.0, 1.0]], "pose_inverse": [[-0.7645184993743896, 0.6446017622947693, 0.0, 164.0883026123047], [-0.6446017622947693, -0.7645184993743896, 0.0, 822.443603515625], [0.0, 0.0, 1.0, 0.0], [0.0, 0.0, 0.0, 1.0]], "cam_ids": [0, 1, 2, 3, 4, 5], "cam_channels": ["CAM_FRONT_LEFT", "CAM_FRONT", "CAM_FRONT_RIGHT", "CAM_BACK_LEFT", "CAM_BACK", "CAM_BACK_RIGHT"], "token": "55a7eb4341084232a67859f0687cc6c4", "scene": "scene-0533"}, {"images": ["samples/CAM_FRONT_LEFT/n008-2018-08-30-15-52-26-0400__CAM_FRONT_LEFT__1535659111904799.jpg", "samples/CAM_FRONT/n008-2018-08-30-15-52-26-0400__CAM_FRONT__1535659111912404.jpg", "samples/CAM_FRONT_RIGHT/n008-2018-08-30-15-52-26-0400__CAM_FRONT_RIGHT__1535659111920482.jpg", "samples/CAM_BACK_LEFT/n008-2018-08-30-15-52-26-0400__CAM_BACK_LEFT__1535659111947405.jpg", "samples/CAM_BACK/n008-2018-08-30-15-52-26-0400__CAM_BACK__1535659111937558.jpg", "samples/CAM_BACK_RIGHT/n008-2018-08-30-15-52-26-0400__CAM_BACK_RIGHT__1535659111928113.jpg"], "intrinsics": [[[1257.8625342125129, 0.0, 827.2410631095686], [0.0, 1257.8625342125129, 450.915498205774], [0.0, 0.0, 1.0]], [[1252.8131021185304, 0.0, 826.588114781398], [0.0, 1252.8131021185304, 469.9846626224581], [0.0, 0.0, 1.0]], [[1256.7485116440405, 0.0, 817.7887570959712], [0.0, 1256.7485116440403, 451.9541780095127], [0.0, 0.0, 1.0]], [[1254.9860565800168, 0.0, 829.5769333630991], [0.0, 1254.9860565800168, 467.1680561863987], [0.0, 0.0, 1.0]], [[796.8910634503094, 0.0, 857.7774326863696], [0.0, 796.8910634503094, 476.8848988407415], [0.0, 0.0, 1.0]], [[1249.9629280788233, 0.0, 825.3768045375984], [0.0, 1249.9629280788233, 462.54816385708756], [0.0, 0.0, 1.0]]], "extrinsics": [[[0.8237642049789429, -0.5669296979904175, -0.0018330318853259087, -0.8248291015625], [0.009823167696595192, 0.017505938187241554, -0.9997985363006592, 1.490386962890625], [0.566847562789917, 0.8235802054405212, 0.01998980902135372, -1.212158203125], [0.0, 0.0, 0.0, 1.0]], [[0.012067630887031555, -0.9998396039009094, -0.013237039558589458, 0.009521484375], [0.011778200976550579, 0.013379218056797981, -0.9998411536216736, 1.4822559356689453], [0.9998578429222107, 0.011909780092537403, 0.011937765404582024, -1.5549468994140625], [0.0, 0.0, 0.0, 1.0]], [[-0.843178391456604, -0.5372904539108276, -0.01921621710062027, 0.97344970703125], [0.019802527502179146, 0.004681224934756756, -0.9997929334640503, 1.4958372116088867], [0.5372692346572876, -0.843384325504303, 0.006692602764815092, -1.20086669921875], [0.0, 0.0, 0.0, 1.0]], [[0.9478511214256287, 0.31871217489242554, 0.0009929819498211145, -1.135223388671875], [-0.00561472587287426, 0.019813163205981255, -0.9997879266738892, 1.5619888305664062], [-0.31866422295570374, 0.9476444125175476, 0.02056940831243992, -0.1591796875], [0.0, 0.0, 0.0, 1.0]], [[0.00860840268433094, 0.9998881816864014, 0.012231286615133286, -0.02923583984375], [-0.0035203329753130674, 0.012261968106031418, -0.9999185800552368, 1.5678510665893555], [-0.9999568462371826, 0.008564715273678303, 0.0036254955921322107, -0.012542724609375], [0.0, 0.0, 0.0, 1.0]], [[-0.924116313457489, 0.3820823132991791, -0.004706593696027994, 1.06536865234375], [0.0007759984582662582, -0.01044074259698391, -0.9999451637268066, 1.547905445098877], [-0.38211044669151306, -0.924069344997406, 0.00935196503996849, -0.0816650390625], [0.0, 0.0, 0.0, 1.0]]], "view": [[0.0, -2.0, 100.0], [-2.0, 0.0, 100.0], [0.0, 0.0, 1.0]], "bev": "bev_db7033ce34e446cbbe5d02a7bce4ae53.png", "aux": "aux_db7033ce34e446cbbe5d02a7bce4ae53.npz", "visibility": "visibility_db7033ce34e446cbbe5d02a7bce4ae53.png", "pose": [[-0.7521190047264099, -0.6590273380279541, 0.0, 653.7273559570312], [0.6590273380279541, -0.7521190047264099, 0.0, 524.63525390625], [0.0, 0.0, 1.0, 0.0], [0.0, 0.0, 0.0, 1.0]], "pose_inverse": [[-0.7521190047264099, 0.6590273380279541, 0.0, 145.93177795410156], [-0.6590273380279541, -0.7521190047264099, 0.0, 825.412353515625], [0.0, 0.0, 1.0, 0.0], [0.0, 0.0, 0.0, 1.0]], "cam_ids": [0, 1, 2, 3, 4, 5], "cam_channels": ["CAM_FRONT_LEFT", "CAM_FRONT", "CAM_FRONT_RIGHT", "CAM_BACK_LEFT", "CAM_BACK", "CAM_BACK_RIGHT"], "token": "db7033ce34e446cbbe5d02a7bce4ae53", "scene": "scene-0533"}, {"images": ["samples/CAM_FRONT_LEFT/n008-2018-08-30-15-52-26-0400__CAM_FRONT_LEFT__1535659112354799.jpg", "samples/CAM_FRONT/n008-2018-08-30-15-52-26-0400__CAM_FRONT__1535659112362404.jpg", "samples/CAM_FRONT_RIGHT/n008-2018-08-30-15-52-26-0400__CAM_FRONT_RIGHT__1535659112370482.jpg", "samples/CAM_BACK_LEFT/n008-2018-08-30-15-52-26-0400__CAM_BACK_LEFT__1535659112397405.jpg", "samples/CAM_BACK/n008-2018-08-30-15-52-26-0400__CAM_BACK__1535659112387558.jpg", "samples/CAM_BACK_RIGHT/n008-2018-08-30-15-52-26-0400__CAM_BACK_RIGHT__1535659112378113.jpg"], "intrinsics": [[[1257.8625342125129, 0.0, 827.2410631095686], [0.0, 1257.8625342125129, 450.915498205774], [0.0, 0.0, 1.0]], [[1252.8131021185304, 0.0, 826.588114781398], [0.0, 1252.8131021185304, 469.9846626224581], [0.0, 0.0, 1.0]], [[1256.7485116440405, 0.0, 817.7887570959712], [0.0, 1256.7485116440403, 451.9541780095127], [0.0, 0.0, 1.0]], [[1254.9860565800168, 0.0, 829.5769333630991], [0.0, 1254.9860565800168, 467.1680561863987], [0.0, 0.0, 1.0]], [[796.8910634503094, 0.0, 857.7774326863696], [0.0, 796.8910634503094, 476.8848988407415], [0.0, 0.0, 1.0]], [[1249.9629280788233, 0.0, 825.3768045375984], [0.0, 1249.9629280788233, 462.54816385708756], [0.0, 0.0, 1.0]]], "extrinsics": [[[0.8231611847877502, -0.5677809715270996, -0.005513986572623253, -0.82598876953125], [0.007373564876616001, 0.020399276167154312, -0.9997647404670715, 1.489908218383789], [0.5677599310874939, 0.8229267597198486, 0.02097846381366253, -1.20941162109375], [0.0, 0.0, 0.0, 1.0]], [[0.01123493630439043, -0.9998050928115845, -0.016235394403338432, 0.00732421875], [0.009257260710000992, 0.016339721158146858, -0.9998236894607544, 1.4818344116210938], [0.9998940229415894, 0.011082670651376247, 0.009439031593501568, -1.5543670654296875], [0.0, 0.0, 0.0, 1.0]], [[-0.8435322642326355, -0.5367538928985596, -0.018673457205295563, 0.97210693359375], [0.01721622422337532, 0.007727362681180239, -0.9998219609260559, 1.4954919815063477], [0.5368026494979858, -0.8437035083770752, 0.0027225951198488474, -1.20196533203125], [0.0, 0.0, 0.0, 1.0]], [[0.9478691220283508, 0.3186590373516083, -0.0007461060304194689, -1.13690185546875], [-0.008576251566410065, 0.02316986583173275, -0.9996947646141052, 1.561981201171875], [-0.3185444474220276, 0.947586178779602, 0.02469490095973015, -0.158447265625], [0.0, 0.0, 0.0, 1.0]], [[0.008888794109225273, 0.9998403191566467, 0.015502767637372017, -0.02838134765625], [-0.00630812905728817, 0.015559137798845768, -0.9998590350151062, 1.5677051544189453], [-0.9999406337738037, 0.008789708837866783, 0.006445423234254122, -0.01181793212890625], [0.0, 0.0, 0.0, 1.0]], [[-0.923961341381073, 0.38248470425605774, -0.0009357094531878829, 1.06561279296875], [-0.0019942198414355516, -0.007263728883117437, -0.9999716281890869, 1.547607421875], [-0.3824806213378906, -0.9239332675933838, 0.007474164478480816, -0.08294677734375], [0.0, 0.0, 0.0, 1.0]]], "view": [[0.0, -2.0, 100.0], [-2.0, 0.0, 100.0], [0.0, 0.0, 1.0]], "bev": "bev_0996a425e05b4a0590ddb4e441f7e099.png", "aux": "aux_0996a425e05b4a0590ddb4e441f7e099.npz", "visibility": "visibility_0996a425e05b4a0590ddb4e441f7e099.png", "pose": [[-0.7446134686470032, -0.6674959063529968, 0.0, 652.0823364257812], [0.6674959063529968, -0.7446134686470032, 0.0, 526.1058349609375], [0.0, 0.0, 1.0, 0.0], [0.0, 0.0, 0.0, 1.0]], "pose_inverse": [[-0.7446134686470032, 0.6674959063529968, 0.0, 134.3758087158203], [-0.6674959063529968, -0.7446134686470032, 0.0, 827.0077514648438], [0.0, 0.0, 1.0, 0.0], [0.0, 0.0, 0.0, 1.0]], "cam_ids": [0, 1, 2, 3, 4, 5], "cam_channels": ["CAM_FRONT_LEFT", "CAM_FRONT", "CAM_FRONT_RIGHT", "CAM_BACK_LEFT", "CAM_BACK", "CAM_BACK_RIGHT"], "token": "0996a425e05b4a0590ddb4e441f7e099", "scene": "scene-0533"}, {"images": ["samples/CAM_FRONT_LEFT/n008-2018-08-30-15-52-26-0400__CAM_FRONT_LEFT__1535659112854799.jpg", "samples/CAM_FRONT/n008-2018-08-30-15-52-26-0400__CAM_FRONT__1535659112862404.jpg", "samples/CAM_FRONT_RIGHT/n008-2018-08-30-15-52-26-0400__CAM_FRONT_RIGHT__1535659112870482.jpg", "samples/CAM_BACK_LEFT/n008-2018-08-30-15-52-26-0400__CAM_BACK_LEFT__1535659112897405.jpg", "samples/CAM_BACK/n008-2018-08-30-15-52-26-0400__CAM_BACK__1535659112887561.jpg", "samples/CAM_BACK_RIGHT/n008-2018-08-30-15-52-26-0400__CAM_BACK_RIGHT__1535659112878113.jpg"], "intrinsics": [[[1257.8625342125129, 0.0, 827.2410631095686], [0.0, 1257.8625342125129, 450.915498205774], [0.0, 0.0, 1.0]], [[1252.8131021185304, 0.0, 826.588114781398], [0.0, 1252.8131021185304, 469.9846626224581], [0.0, 0.0, 1.0]], [[1256.7485116440405, 0.0, 817.7887570959712], [0.0, 1256.7485116440403, 451.9541780095127], [0.0, 0.0, 1.0]], [[1254.9860565800168, 0.0, 829.5769333630991], [0.0, 1254.9860565800168, 467.1680561863987], [0.0, 0.0, 1.0]], [[796.8910634503094, 0.0, 857.7774326863696], [0.0, 796.8910634503094, 476.8848988407415], [0.0, 0.0, 1.0]], [[1249.9629280788233, 0.0, 825.3768045375984], [0.0, 1249.9629280788233, 462.54816385708756], [0.0, 0.0, 1.0]]], "extrinsics": [[[0.822796642780304, -0.568259596824646, -0.009315640665590763, -0.8355712890625], [0.0015690537402406335, 0.018662281334400177, -0.999824583530426, 1.4885826110839844], [0.5683337450027466, 0.822637677192688, 0.016246892511844635, -1.21844482421875], [0.0, 0.0, 0.0, 1.0]], [[0.010665074922144413, -0.9998382329940796, -0.01448191236704588, 0.00885009765625], [0.003536422038450837, 0.01452036015689373, -0.9998883605003357, 1.480738639831543], [0.9999367594718933, 0.010612663812935352, 0.0036907102912664413, -1.5656890869140625], [0.0, 0.0, 0.0, 1.0]], [[-0.8438284993171692, -0.5364585518836975, -0.012862879782915115, 0.98065185546875], [0.011538504622876644, 0.005825769156217575, -0.9999164342880249, 1.4945788383483887], [0.5364887118339539, -0.8439065217971802, 0.0012739788508042693, -1.20574951171875], [0.0, 0.0, 0.0, 1.0]], [[0.9478505849838257, 0.3186517059803009, -0.006347012240439653, -1.1375732421875], [-0.013759574852883816, 0.021016715094447136, -0.9996844530105591, 1.56195068359375], [-0.3184177577495575, 0.9476388096809387, 0.024305220693349838, -0.15826416015625], [0.0, 0.0, 0.0, 1.0]], [[0.009108408354222775, 0.9998692274093628, 0