[{"images": ["samples/CAM_FRONT_LEFT/n015-2018-07-18-11-50-34+0800__CAM_FRONT_LEFT__1531886382604844.jpg", "samples/CAM_FRONT/n015-2018-07-18-11-50-34+0800__CAM_FRONT__1531886382612465.jpg", "samples/CAM_FRONT_RIGHT/n015-2018-07-18-11-50-34+0800__CAM_FRONT_RIGHT__1531886382620339.jpg", "samples/CAM_BACK_LEFT/n015-2018-07-18-11-50-34+0800__CAM_BACK_LEFT__1531886382647423.jpg", "samples/CAM_BACK/n015-2018-07-18-11-50-34+0800__CAM_BACK__1531886382637525.jpg", "samples/CAM_BACK_RIGHT/n015-2018-07-18-11-50-34+0800__CAM_BACK_RIGHT__1531886382627893.jpg"], "intrinsics": [[[1272.5979470598488, 0.0, 826.6154927353808], [0.0, 1272.5979470598488, 479.75165386361925], [0.0, 0.0, 1.0]], [[1266.417203046554, 0.0, 816.2670197447984], [0.0, 1266.417203046554, 491.50706579294757], [0.0, 0.0, 1.0]], [[1260.8474446004698, 0.0, 807.968244525554], [0.0, 1260.8474446004698, 495.3344268742088], [0.0, 0.0, 1.0]], [[1256.7414812095406, 0.0, 792.1125740759628], [0.0, 1256.7414812095406, 492.7757465151356], [0.0, 0.0, 1.0]], [[809.2209905677063, 0.0, 829.2196003259838], [0.0, 809.2209905677063, 481.77842384512485], [0.0, 0.0, 1.0]], [[1259.5137405846733, 0.0, 807.2529053838625], [0.0, 1259.5137405846733, 501.19579884916527], [0.0, 0.0, 1.0]]], "extrinsics": [[[0.8242266774177551, -0.5660633444786072, -0.01492233108729124, -0.65380859375], [0.009626876562833786, 0.04035628214478493, -0.9991390109062195, 1.5119171142578125], [0.5661781430244446, 0.8233733773231506, 0.038712143898010254, -1.065582275390625], [0.0, 0.0, 0.0, 1.0]], [[0.010877643711864948, -0.9992750883102417, -0.03648080676794052, 0.0081787109375], [0.004528093617409468, 0.03653181716799736, -0.999322235584259, 1.521951675415039], [0.9999306201934814, 0.010705121792852879, 0.004922191612422466, -1.38037109375], [0.0, 0.0, 0.0, 1.0]], [[-0.8304429650306702, -0.5557649731636047, -0.038597580045461655, 0.82989501953125], [0.01025665644556284, 0.05401855334639549, -0.9984872341156006, 1.5061416625976562], [0.5570092797279358, -0.8295825123786926, -0.039159029722213745, -1.1126708984375], [0.0, 0.0, 0.0, 1.0]], [[0.9474454522132874, 0.31884679198265076, 0.02615155093371868, -1.13427734375], [0.019414518028497696, 0.024289747700095177, -0.9995163679122925, 1.5887174606323242], [-0.31932777166366577, 0.9474950432777405, 0.01682295650243759, -0.1063232421875], [0.0, 0.0, 0.0, 1.0]], [[0.000453638203907758, 0.999419093132019, 0.03407680243253708, 0.00262451171875], [-0.006100392434746027, 0.0340789370238781, -0.9994005560874939, 1.5787696838378906], [-0.9999813437461853, 0.000245478906435892, 0.006112311035394669, -0.0926513671875], [0.0, 0.0, 0.0, 1.0]], [[-0.9357753396034241, 0.3525215983390808, -0.00728509109467268, 0.9691162109375], [0.026330532506108284, 0.04926150664687157, -0.998438835144043, 1.556131362915039], [-0.3516123592853546, -0.9345061779022217, -0.055379778146743774, -0.1259765625], [0.0, 0.0, 0.0, 1.0]]], "view": [[0.0, -2.0, 100.0], [-2.0, 0.0, 100.0], [0.0, 0.0, 1.0]], "bev": "bev_b8aea4184f244ea1a9c9d1ed01ddcf21.png", "aux": "aux_b8aea4184f244ea1a9c9d1ed01ddcf21.npz", "visibility": "visibility_b8aea4184f244ea1a9c9d1ed01ddcf21.png", "pose": [[-0.2806416153907776, 0.9598126411437988, 0.0, 1230.221435546875], [-0.9598126411437988, -0.2806416153907776, 0.0, 557.7183227539062], [0.0, 0.0, 1.0, 0.0], [0.0, 0.0, 0.0, 1.0]], "pose_inverse": [[-0.2806416153907776, -0.9598126411437988, 0.0, 880.556396484375], [0.9598126411437988, -0.2806416153907776, 0.0, -1024.2630615234375], [0.0, 0.0, 1.0, 0.0], [0.0, 0.0, 0.0, 1.0]], "cam_ids": [0, 1, 2, 3, 4, 5], "cam_channels": ["CAM_FRONT_LEFT", "CAM_FRONT", "CAM_FRONT_RIGHT", "CAM_BACK_LEFT", "CAM_BACK", "CAM_BACK_RIGHT"], "token": "b8aea4184f244ea1a9c9d1ed01ddcf21", "scene": "scene-0034"}, {"images": ["samples/CAM_FRONT_LEFT/n015-2018-07-18-11-50-34+0800__CAM_FRONT_LEFT__1531886383104844.jpg", "samples/CAM_FRONT/n015-2018-07-18-11-50-34+0800__CAM_FRONT__1531886383112464.jpg", "samples/CAM_FRONT_RIGHT/n015-2018-07-18-11-50-34+0800__CAM_FRONT_RIGHT__1531886383120339.jpg", "samples/CAM_BACK_LEFT/n015-2018-07-18-11-50-34+0800__CAM_BACK_LEFT__1531886383147423.jpg", "samples/CAM_BACK/n015-2018-07-18-11-50-34+0800__CAM_BACK__1531886383137525.jpg", "samples/CAM_BACK_RIGHT/n015-2018-07-18-11-50-34+0800__CAM_BACK_RIGHT__1531886383127893.jpg"], "intrinsics": [[[1272.5979470598488, 0.0, 826.6154927353808], [0.0, 1272.5979470598488, 479.75165386361925], [0.0, 0.0, 1.0]], [[1266.417203046554, 0.0, 816.2670197447984], [0.0, 1266.417203046554, 491.50706579294757], [0.0, 0.0, 1.0]], [[1260.8474446004698, 0.0, 807.968244525554], [0.0, 1260.8474446004698, 495.3344268742088], [0.0, 0.0, 1.0]], [[1256.7414812095406, 0.0, 792.1125740759628], [0.0, 1256.7414812095406, 492.7757465151356], [0.0, 0.0, 1.0]], [[809.2209905677063, 0.0, 829.2196003259838], [0.0, 809.2209905677063, 481.77842384512485], [0.0, 0.0, 1.0]], [[1259.5137405846733, 0.0, 807.2529053838625], [0.0, 1259.5137405846733, 501.19579884916527], [0.0, 0.0, 1.0]]], "extrinsics": [[[0.8244155645370483, -0.5653061270713806, -0.027712233364582062, -0.651123046875], [-0.006984428036957979, 0.038797780871391296, -0.9992226362228394, 1.5055961608886719], [0.5659418702125549, 0.8239683508872986, 0.02803715132176876, -1.064605712890625], [0.0, 0.0, 0.0, 1.0]], [[0.011047170497477055, -0.999345064163208, -0.03445540368556976, 0.00885009765625], [-0.012566570192575455, 0.034316036850214005, -0.9993320107460022, 1.5165901184082031], [0.9998599886894226, 0.011472797021269798, -0.012179246172308922, -1.37896728515625], [0.0, 0.0, 0.0, 1.0]], [[-0.8306183218955994, -0.5563919544219971, -0.022388417273759842, 0.83001708984375], [-0.0073369648307561874, 0.05113794282078743, -0.9986646175384521, 1.5018310546875], [0.5567938089370728, -0.8293448686599731, -0.04655833542346954, -1.112548828125], [0.0, 0.0, 0.0, 1.0]], [[0.947740912437439, 0.3189726769924164, 0.006606272421777248, -1.13543701171875], [0.0003552385896909982, 0.019651593640446663, -0.999806821346283, 1.5885601043701172], [-0.31904083490371704, 0.9475601315498352, 0.01851131021976471, -0.106201171875], [0.0, 0.0, 0.0, 1.0]], [[0.0007519157370552421, 0.9995500445365906, 0.029984019696712494, 0.002685546875], [-0.0246086698025465, 0.029993444681167603, -0.999247133731842, 1.5770530700683594], [-0.9996968507766724, 1.3516651961253956e-05, 0.02462015114724636, -0.09136962890625], [0.0, 0.0, 0.0, 1.0]], [[-0.9359531998634338, 0.35202640295028687, 0.00830771867185831, 0.9703369140625], [0.00836389884352684, 0.04581168293952942, -0.9989150762557983, 1.5529098510742188], [-0.3520250618457794, -0.934868335723877, -0.0458219051361084, -0.1256103515625], [0.0, 0.0, 0.0, 1.0]]], "view": [[0.0, -2.0, 100.0], [-2.0, 0.0, 100.0], [0.0, 0.0, 1.0]], "bev": "bev_0bc8f639dc95404ebd8195e45f72adf9.png", "aux": "aux_0bc8f639dc95404ebd8195e45f72adf9.npz", "visibility": "visibility_0bc8f639dc95404ebd8195e45f72adf9.png", "pose": [[-0.3443804085254669, 0.9388301968574524, 0.0, 1228.8480224609375], [-0.9388301968574524, -0.3443804085254669, 0.0, 553.60205078125], [0.0, 0.0, 1.0, 0.0], [0.0, 0.0, 0.0, 1.0]], "pose_inverse": [[-0.3443804085254669, -0.9388301968574524, 0.0, 942.9295043945312], [0.9388301968574524, -0.3443804085254669, 0.0, -963.0299682617188], [0.0, 0.0, 1.0, 0.0], [0.0, 0.0, 0.0, 1.0]], "cam_ids": [0, 1, 2, 3, 4, 5], "cam_channels": ["CAM_FRONT_LEFT", "CAM_FRONT", "CAM_FRONT_RIGHT", "CAM_BACK_LEFT", "CAM_BACK", "CAM_BACK_RIGHT"], "token": "0bc8f639dc95404ebd8195e45f72adf9", "scene": "scene-0034"}, {"images": ["samples/CAM_FRONT_LEFT/n015-2018-07-18-11-50-34+0800__CAM_FRONT_LEFT__1531886383604844.jpg", "samples/CAM_FRONT/n015-2018-07-18-11-50-34+0800__CAM_FRONT__1531886383612462.jpg", "samples/CAM_FRONT_RIGHT/n015-2018-07-18-11-50-34+0800__CAM_FRONT_RIGHT__1531886383620339.jpg", "samples/CAM_BACK_LEFT/n015-2018-07-18-11-50-34+0800__CAM_BACK_LEFT__1531886383647423.jpg", "samples/CAM_BACK/n015-2018-07-18-11-50-34+0800__CAM_BACK__1531886383637525.jpg", "samples/CAM_BACK_RIGHT/n015-2018-07-18-11-50-34+0800__CAM_BACK_RIGHT__1531886383627893.jpg"], "intrinsics": [[[1272.5979470598488, 0.0, 826.6154927353808], [0.0, 1272.5979470598488, 479.75165386361925], [0.0, 0.0, 1.0]], [[1266.417203046554, 0.0, 816.2670197447984], [0.0, 1266.417203046554, 491.50706579294757], [0.0, 0.0, 1.0]], [[1260.8474446004698, 0.0, 807.968244525554], [0.0, 1260.8474446004698, 495.3344268742088], [0.0, 0.0, 1.0]], [[1256.7414812095406, 0.0, 792.1125740759628], [0.0, 1256.7414812095406, 492.7757465151356], [0.0, 0.0, 1.0]], [[809.2209905677063, 0.0, 829.2196003259838], [0.0, 809.2209905677063, 481.77842384512485], [0.0, 0.0, 1.0]], [[1259.5137405846733, 0.0, 807.2529053838625], [0.0, 1259.5137405846733, 501.19579884916527], [0.0, 0.0, 1.0]]], "extrinsics": [[[0.8244329690933228, -0.5654167532920837, -0.024784883484244347, -0.6474609375], [-0.016393020749092102, 0.019917504861950874, -0.999667227268219, 1.5019302368164062], [0.5657221674919128, 0.8245648145675659, 0.007151757832616568, -1.0622100830078125], [0.0, 0.0, 0.0, 1.0]], [[0.011187677271664143, -0.9998107552528381, -0.01591332256793976, 0.00885009765625], [-0.022026412189006805, 0.015664048492908478, -0.9996346831321716, 1.5135421752929688], [0.9996947646141052, 0.011534092016518116, -0.02184699848294258, -1.37518310546875], [0.0, 0.0, 0.0, 1.0]], [[-0.830612301826477, -0.5568349957466125, -0.004234880208969116, 0.82708740234375], [-0.01685083657503128, 0.032735954970121384, -0.9993219375610352, 1.4994735717773438], [0.556596040725708, -0.8299778699874878, -0.036574020981788635, -1.1109619140625], [0.0, 0.0, 0.0, 1.0]], [[0.9477176070213318, 0.31900230050086975, -0.008298196829855442, -1.136474609375], [-0.009333214722573757, 0.0017160627758130431, -0.9999549984931946, 1.5884981155395508], [-0.31897369027137756, 0.9477524161338806, 0.00460366066545248, -0.1055908203125], [0.0, 0.0, 0.0, 1.0]], [[0.000882624473888427, 0.9999276995658875, 0.01198670919984579, 0.0025634765625], [-0.034278348088264465, 0.012009923346340656, -0.9993401765823364, 1.5761337280273438], [-0.999411940574646, 0.00047114494373090565, 0.03428647294640541, -0.0921630859375], [0.0, 0.0, 0.0, 1.0]], [[-0.9358967542648315, 0.3521049916744232, 0.010925467126071453, 0.9678955078125], [-0.0012752348557114601, 0.027627550065517426, -0.9996174573898315, 1.55120849609375], [-0.3522721230983734, -0.9355526566505432, -0.025407519191503525, -0.12652587890625], [0.0, 0.0, 0.0, 1.0]]], "view": [[0.0, -2.0, 100.0], [-2.0, 0.0, 100.0], [0.0, 0.0, 1.0]], "bev": "bev_f3e3f5d995984303a0e32bee909dd2f6.png", "aux": "aux_f3e3f5d995984303a0e32bee909dd2f6.npz", "visibility": "visibility_f3e3f5d995984303a0e32bee909dd2f6.png", "pose": [[-0.41358283162117004, 0.9104664921760559, 0.0, 1227.1636962890625], [-0.9104664921760559, -0.41358283162117004, 0.0, 549.502197265625], [0.0, 0.0, 1.0, 0.0], [0.0, 0.0, 0.0, 1.0]], "pose_inverse": [[-0.41358283162117004, -0.9104664921760559, 0.0, 1007.837158203125], [0.9104664921760559, -0.41358283162117004, 0.0, -890.0267333984375], [0.0, 0.0, 1.0, 0.0], [0.0, 0.0, 0.0, 1.0]], "cam_ids": [0, 1, 2, 3, 4, 5], "cam_channels": ["CAM_FRONT_LEFT", "CAM_FRONT", "CAM_FRONT_RIGHT", "CAM_BACK_LEFT", "CAM_BACK", "CAM_BACK_RIGHT"], "token": "f3e3f5d995984303a0e32bee909dd2f6", "scene": "scene-0034"}, {"images": ["samples/CAM_FRONT_LEFT/n015-2018-07-18-11-50-34+0800__CAM_FRONT_LEFT__1531886384104844.jpg", "samples/CAM_FRONT/n015-2018-07-18-11-50-34+0800__CAM_FRONT__1531886384112473.jpg", "samples/CAM_FRONT_RIGHT/n015-2018-07-18-11-50-34+0800__CAM_FRONT_RIGHT__1531886384120339.jpg", "samples/CAM_BACK_LEFT/n015-2018-07-18-11-50-34+0800__CAM_BACK_LEFT__1531886384147423.jpg", "samples/CAM_BACK/n015-2018-07-18-11-50-34+0800__CAM_BACK__1531886384137525.jpg", "samples/CAM_BACK_RIGHT/n015-2018-07-18-11-50-34+0800__CAM_BACK_RIGHT__1531886384127893.jpg"], "intrinsics": [[[1272.5979470598488, 0.0, 826.6154927353808], [0.0, 1272.5979470598488, 479.75165386361925], [0.0, 0.0, 1.0]], [[1266.417203046554, 0.0, 816.2670197447984], [0.0, 1266.417203046554, 491.50706579294757], [0.0, 0.0, 1.0]], [[1260.8474446004698, 0.0, 807.968244525554], [0.0, 1260.8474446004698, 495.3344268742088], [0.0, 0.0, 1.0]], [[1256.7414812095406, 0.0, 792.1125740759628], [0.0, 1256.7414812095406, 492.7757465151356], [0.0, 0.0, 1.0]], [[809.2209905677063, 0.0, 829.2196003259838], [0.0, 809.2209905677063, 481.77842384512485], [0.0, 0.0, 1.0]], [[1259.5137405846733, 0.0, 807.2529053838625], [0.0, 1259.5137405846733, 501.19579884916527], [0.0, 0.0, 1.0]]], "extrinsics": [[[0.8237242698669434, -0.5663332939147949, -0.027292944490909576, -0.6473388671875], [-0.03020196408033371, 0.004241598304361105, -0.9995347857475281, 1.4965858459472656], [0.5661855936050415, 0.824165403842926, -0.013610471040010452, -1.0604476928710938], [0.0, 0.0, 0.0, 1.0]], [[0.010582467541098595, -0.9999439716339111, -0.0002570602227933705, 0.00750732421875], [-0.03549382835626602, -0.00011872112372657284, -0.9993699193000793, 1.5092506408691406], [0.9993138313293457, 0.010584909468889236, -0.035493094474077225, -1.37451171875], [0.0, 0.0, 0.0, 1.0]], [[-0.8307415843009949, -0.5564417243003845, 0.015525656752288342, 0.826507568359375], [-0.029955891892313957, 0.016837557777762413, -0.9994093775749207, 1.4962425231933594], [0.5558516383171082, -0.8307160139083862, -0.030656365677714348, -1.1114501953125], [0.0, 0.0, 0.0, 1.0]], [[0.9474704265594482, 0.3188551664352417, -0.025122329592704773, -1.13739013671875], [-0.021590273827314377, -0.014607398770749569, -0.9996601343154907, 1.5884428024291992], [-0.3191137909889221, 0.9476909041404724, -0.00695590628311038, -0.1053466796875], [0.0, 0.0, 0.0, 1.0]], [[0.0009845633758231997, 0.9999905228614807, -0.004260222427546978, 0.0030517578125], [-0.04676834121346474, -0.004209516569972038, -0.9988968968391418, 1.5749778747558594], [-0.9989053010940552, 0.0011827637208625674, 0.04676374793052673, -0.0916748046875], [0.0, 0.0, 0.0, 1.0]], [[-0.9356317520141602, 0.3525555431842804, 0.017259791493415833, 0.96826171875], [-0.014082280918955803, 0.011575753800570965, -0.999833881855011, 1.5489215850830078], [-0.3526967167854309, -0.93571937084198, -0.005865857005119324, -0.12725830078125], [0.0, 0.0, 0.0, 1.0]]], "view": [[0.0, -2.0, 100.0], [-2.0, 0.0, 100.0], [0.0, 0.0, 1.0]], "bev": "bev_de5b7c0be0764013867c5e741856fce2.png", "aux": "aux_de5b7c0be0764013867c5e741856fce2.npz", "visibility": "visibility_de5b7c0be0764013867c5e741856fce2.png", "pose": [[-0.47732195258140564, 0.8787285089492798, 0.0, 1225.1868896484375], [-0.8787285089492798, -0.47732195258140564, 0.0, 545.5376586914062], [0.0, 0.0, 1.0, 0.0], [0.0, 0.0, 0.0, 1.0]], "pose_inverse": [[-0.47732195258140564, -0.8787285089492798, 0.0, 1064.1881103515625], [0.8787285089492798, -0.47732195258140564, 0.0, -816.2095336914062], [0.0, 0.0, 1.0, 0.0], [0.0, 0.0, 0.0, 1.0]], "cam_ids": [0, 1, 2, 3, 4, 5], "cam_channels": ["CAM_FRONT_LEFT", "CAM_FRONT", "CAM_FRONT_RIGHT", "CAM_BACK_LEFT", "CAM_BACK", "CAM_BACK_RIGHT"], "token": "de5b7c0be0764013867c5e741856fce2", "scene": "scene-0034"}, {"images": ["samples/CAM_FRONT_LEFT/n015-2018-07-18-11-50-34+0800__CAM_FRONT_LEFT__1531886384604844.jpg", "samples/CAM_FRONT/n015-2018-07-18-11-50-34+0800__CAM_FRONT__1531886384612469.jpg", "samples/CAM_FRONT_RIGHT/n015-2018-07-18-11-50-34+0800__CAM_FRONT_RIGHT__1531886384620339.jpg", "samples/CAM_BACK_LEFT/n015-2018-07-18-11-50-34+0800__CAM_BACK_LEFT__1531886384647423.jpg", "samples/CAM_BACK/n015-2018-07-18-11-50-34+0800__CAM_BACK__1531886384637525.jpg", "samples/CAM_BACK_RIGHT/n015-2018-07-18-11-50-34+0800__CAM_BACK_RIGHT__1531886384627893.jpg"], "intrinsics": [[[1272.5979470598488, 0.0, 826.6154927353808], [0.0, 1272.5979470598488, 479.75165386361925], [0.0, 0.0, 1.0]], [[1266.417203046554, 0.0, 816.2670197447984], [0.0, 1266.417203046554, 491.50706579294757], [0.0, 0.0, 1.0]], [[1260.8474446004698, 0.0, 807.968244525554], [0.0, 1260.8474446004698, 495.3344268742088], [0.0, 0.0, 1.0]], [[1256.7414812095406, 0.0, 792.1125740759628], [0.0, 1256.7414812095406, 492.7757465151356], [0.0, 0.0, 1.0]], [[809.2209905677063, 0.0, 829.2196003259838], [0.0, 809.2209905677063, 481.77842384512485], [0.0, 0.0, 1.0]], [[1259.5137405846733, 0.0, 807.2529053838625], [0.0, 1259.5137405846733, 501.19579884916527], [0.0, 0.0, 1.0]]], "extrinsics": [[[0.8223685622215271, -0.5683499574661255, -0.02623256854712963, -0.6485595703125], [-0.03750927746295929, -0.008152050897479057, -0.9992630481719971, 1.4937896728515625], [0.5677173137664795, 0.8227464556694031, -0.028022389858961105, -1.0609588623046875], [0.0, 0.0, 0.0, 1.0]], [[0.009007260203361511, -0.9998874068260193, 0.011994820088148117, 0.00732421875], [-0.04254443943500519, -0.012367638759315014, -0.9990180730819702, 1.5070457458496094], [0.9990538954734802, 0.008488059975206852, -0.04265105351805687, -1.375732421875], [0.0, 0.0, 0.0, 1.0]], [[-0.8312513828277588, -0.5551949739456177, 0.027921125292778015, 0.827301025390625], [-0.036715514957904816, 0.004715160932391882, -0.9993146061897278, 1.4946022033691406], [0.5546827912330627, -0.8317067623138428, -0.024303754791617393, -1.1124267578125], [0.0, 0.0, 0.0, 1.0]], [[0.9472480416297913, 0.3186652958393097, -0.03425746038556099, -1.138427734375], [-0.027316952124238014, -0.026224881410598755, -0.9992827773094177, 1.588449478149414], [-0.31933513283729553, 0.9475043416023254, -0.016136502847075462, -0.105224609375], [0.0, 0.0, 0.0, 1.0]], [[0.0012290142476558685, 0.9998698234558105, -0.016091743484139442, 0.003173828125], [-0.05292501673102379, -0.016004163771867752, -0.9984702467918396, 1.5744590759277344], [-0.9985977411270142, 0.0020787937100976706, 0.05289845913648605, -0.0904541015625], [0.0, 0.0, 0.0, 1.0]], [[-0.9352431297302246, 0.3534896671772003, 0.019113147631287575, 0.96923828125], [-0.020589979365468025, -0.00041739700827747583, -0.9997879266738892, 1.5477752685546875], [-0.3534066677093506, -0.935438334941864, 0.007668710313737392, -0.12701416015625], [0.0, 0.0, 0.0, 1.0]]], "view": [[0.0, -2.0, 100.0], [-2.0, 0.0, 100.0], [0.0, 0.0, 1.0]], "bev": "bev_03f54952344b4fd29253e26557b6d56f.png", "aux": "aux_03f54952344b4fd29253e26557b6d56f.npz", "visibility": "visibility_03f54952344b4fd29253e26557b6d56f.png", "pose": [[-0.5257852077484131, 0.8506173491477966, 0.0, 1222.937744140625], [-0.8506173491477966, -0.5257852077484131, 0.0, 541.6892700195312], [0.0, 0.0, 1.0, 0.0], [0.0, 0.0, 0.0, 1.0]], "pose_inverse": [[-0.5257852077484131, -0.8506173491477966, 0.0, 1103.7728271484375], [0.8506173491477966, -0.5257852077484131, 0.0, -755.4398803710938], [0.0, 0.0, 1.0, 0.0], [0.0, 0.0, 0.0, 1.0]], "cam_ids": [0, 1, 2, 3, 4, 5], "cam_channels": ["CAM_FRONT_LEFT", "CAM_FRONT", "CAM_FRONT_RIGHT", "CAM_BACK_LEFT", "CAM_BACK", "CAM_BACK_RIGHT"], "token": "03f54952344b4fd29253e26557b6d56f", "scene": "scene-0034"}, {"images": ["samples/CAM_FRONT_LEFT/n015-2018-07-18-11-50-34+0800__CAM_FRONT_LEFT__1531886385104844.jpg", "samples/CAM_FRONT/n015-2018-07-18-11-50-34+0800__CAM_FRONT__1531886385112609.jpg", "samples/CAM_FRONT_RIGHT/n015-2018-07-18-11-50-34+0800__CAM_FRONT_RIGHT__1531886385120339.jpg", "samples/CAM_BACK_LEFT/n015-2018-07-18-11-50-34+0800__CAM_BACK_LEFT__1531886385147519.jpg", "samples/CAM_BACK/n015-2018-07-18-11-50-34+0800__CAM_BACK__1531886385137525.jpg", "samples/CAM_BACK_RIGHT/n015-2018-07-18-11-50-34+0800__CAM_BACK_RIGHT__1531886385127893.jpg"], "intrinsics": [[[1272.5979470598488, 0.0, 826.6154927353808], [0.0, 1272.5979470598488, 479.75165386361925], [0.0, 0.0, 1.0]], [[1266.417203046554, 0.0, 816.2670197447984], [0.0, 1266.417203046554, 491.50706579294757], [0.0, 0.0, 1.0]], [[1260.8474446004698, 0.0, 807.968244525554], [0.0, 1260.8474446004698, 495.3344268742088], [0.0, 0.0, 1.0]], [[1256.7414812095406, 0.0, 792.1125740759628], [0.0, 1256.7414812095406, 492.7757465151356], [0.0, 0.0, 1.0]], [[809.2209905677063, 0.0, 829.2196003259838], [0.0, 809.2209905677063, 481.77842384512485], [0.0, 0.0, 1.0]], [[1259.5137405846733, 0.0, 807.2529053838625], [0.0, 1259.5137405846733, 501.19579884916527], [0.0, 0.0, 1.0]]], "extrinsics": [[[0.821045994758606, -0.5703438520431519, -0.024319199845194817, -0.6419677734375], [-0.03901918977499008, -0.013567453250288963, -0.9991463422775269, 1.4929084777832031], [0.5695269703865051, 0.8212940096855164, -0.03339385613799095, -1.0566177368164062], [0.0, 0.0, 0.0, 1.0]], [[0.0071847401559352875, -0.9998255968093872, 0.0172371044754982, 0.0078125], [-0.04430849477648735, -0.017538925632834435, -0.998863935470581, 1.5062255859375], [0.9989920258522034, 0.0064127459190785885, -0.04442678019404411, -1.3695068359375], [0.0, 0.0, 0.0, 1.0]], [[-0.831977367401123, -0.5538653135299683, 0.032355453819036484, 0.8218994140625], [-0.03870738670229912, -0.0002302686043549329, -0.9992505311965942, 1.4938507080078125], [0.5534576177597046, -0.8326062560081482, -0.021247098222374916, -1.108154296875], [0.0, 0.0, 0.0, 1.0]], [[0.9471311569213867, 0.31855592131614685, -0.03826986998319626, -1.1356201171875], [-0.030182339251041412, -0.030287403613328934, -0.9990854263305664, 1.5883407592773438], [-0.319423645734787, 0.947420060634613, -0.019071383401751518, -0.1060791015625], [0.0, 0.0, 0.0, 1.0]], [[0.0016715116798877716, 0.9997888207435608, -0.02048429846763611, 0.0028076171875], [-0.05549948662519455, -0.020360006019473076, -0.9982511401176453, 1.5739479064941406], [-0.9984573125839233, 0.002805425552651286, 0.05545373633503914, -0.0955810546875], [0.0, 0.0, 0.0, 1.0]], [[-0.9348428249359131, 0.3545243740081787, 0.01953180320560932, 0.9635009765625], [-0.022837769240140915, -0.005142870359122753, -0.9997259974479675, 1.5472354888916016], [-0.3543267250061035, -0.9350327253341675, 0.012904318049550056, -0.128692626953125], [0.0, 0.0, 0.0, 1.0]]], "view": [[0.0, -2.0, 100.0], [-2.0, 0.0, 100.0], [0.0, 0.0, 1.0]], "bev": "bev_ccb13c286a894d1a9b9a200c89df5657.png", "aux": "aux_ccb13c286a894d1a9b9a200c89df5657.npz", "visibility": "visibility_ccb13c286a894d1a9b9a200c89df5657.png", "pose": [[-0.5518760681152344, 0.8339261412620544, 0.0, 1220.4940185546875], [-0.8339261412620544, -0.5518760681152344, 0.0, 537.8843994140625], [0.0, 0.0, 1.0, 0.0], [0.0, 0.0, 0.0, 1.0]], "pose_inverse": [[-0.5518760681152344, -0.8339261412620544, 0.0, 1122.1173095703125], [0.8339261412620544, -0.5518760681152344, 0.0, -720.9563598632812], [0.0, 0.0, 1.0, 0.0], [0.0, 0.0, 0.0, 1.0]], "cam_ids": [0, 1, 2, 3, 4, 5], "cam_channels": ["CAM_FRONT_LEFT", "CAM_FRONT", "CAM_FRONT_RIGHT", "CAM_BACK_LEFT", "CAM_BACK", "CAM_BACK_RIGHT"], "token": "ccb13c286a894d1a9b9a200c89df5657", "scene": "scene-0034"}, {"images": ["samples/CAM_FRONT_LEFT/n015-2018-07-18-11-50-34+0800__CAM_FRONT_LEFT__1531886385604844.jpg", "samples/CAM_FRONT/n015-2018-07-18-11-50-34+0800__CAM_FRONT__1531886385612470.jpg", "samples/CAM_FRONT_RIGHT/n015-2018-07-18-11-50-34+0800__CAM_FRONT_RIGHT__1531886385620339.jpg", "samples/CAM_BACK_LEFT/n015-2018-07-18-11-50-34+0800__CAM_BACK_LEFT__1531886385647423.jpg", "samples/CAM_BACK/n015-2018-07-18-11-50-34+0800__CAM_BACK__1531886385637525.jpg", "samples/CAM_BACK_RIGHT/n015-2018-07-18-11-50-34+0800__CAM_BACK_RIGHT__1531886385627893.jpg"], "intrinsics": [[[1272.5979470598488, 0.0, 826.6154927353808], [0.0, 1272.5979470598488, 479.75165386361925], [0.0, 0.0, 1.0]], [[1266.417203046554, 0.0, 816.2670197447984], [0.0, 1266.417203046554, 491.50706579294757], [0.0, 0.0, 1.0]], [[1260.8474446004698, 0.0, 807.968244525554], [0.0, 1260.8474446004698, 495.3344268742088], [0.0, 0.0, 1.0]], [[1256.7414812095406, 0.0, 792.1125740759628], [0.0, 1256.7414812095406, 492.7757465151356], [0.0, 0.0, 1.0]], [[809.2209905677063, 0.0, 829.2196003259838], [0.0, 809.2209905677063, 481.77842384512485], [0.0, 0.0, 1.0]], [[1259.5137405846733, 0.0, 807.2529053838625], [0.0, 1259.5137405846733, 501.19579884916527], [0.0, 0.0, 1.0]]], "extrinsics": [[[0.8201505541801453, -0.5715370178222656, -0.02642803080379963, -0.6363525390625], [-0.04624950885772705, -0.020186271518468857, -0.998725950717926, 1.4897384643554688], [0.5702753067016602, 0.820327877998352, -0.0429890900850296, -1.0520820617675781], [0.0, 0.0, 0.0, 1.0]], [[0.006301918067038059, -0.9996891021728516, 0.02412302792072296, 0.00732421875], [-0.05151553079485893, -0.024416033178567886, -0.9983737468719482, 1.5035934448242188], [0.9986522793769836, 0.005048953462392092, -0.05165337771177292, -1.36376953125], [0.0, 0.0, 0.0, 1.0]], [[-0.8321648836135864, -0.5529118776321411, 0.04230813682079315, 0.8199462890625], [-0.04587755352258682, -0.007387684658169746, -0.9989197254180908, 1.4919319152832031], [0.5526271462440491, -0.8332068920135498, -0.01921847276389599, -1.107421875], [0.0, 0.0, 0.0, 1.0]], [[0.9469272494316101, 0.3179180920124054, -0.04750533029437065, -1.13909912109375], [-0.037354476749897, -0.03795302286744118, -0.9985811114311218, 1.5884342193603516], [-0.3192700445652008, 0.9473581910133362, -0.02406308799982071, -0.1044921875], [0.0, 0.0, 0.0, 1.0]], [[0.0019837510772049427, 0.9996059536933899, -0.028001921251416206, 0.0029296875], [-0.06265800446271896, -0.0278227049857378, -0.9976471662521362, 1.5733985900878906], [-0.9980330467224121, 0.0037336258683353662, 0.06257811188697815, -0.093017578125], [0.0, 0.0, 0.0, 1.0]], [[-0.9344630241394043, 0.3552766442298889, 0.023607397451996803, 0.963623046875], [-0.03000815398991108, -0.012515868060290813, -0.9994713068008423, 1.5459117889404297], [-0.35479336977005005, -0.9346774220466614, 0.02235681377351284, -0.128997802734375], [0.0, 0.0, 0.0, 1.0]]], "view": [[0.0, -2.0, 100.0], [-2.0, 0.0, 100.0], [0.0, 0.0, 1.0]], "bev": "bev_f6be08a0884649a1962595e505946c80.png", "aux": "aux_f6be08a0884649a1962595e505946c80.npz", "visibility": "visibility_f6be08a0884649a1962595e505946c80.png", "pose": [[-0.5595117807388306, 0.8288223743438721, 0.0, 1217.94677734375], [-0.8288223743438721, -0.5595117807388306, 0.0, 534.0807495117188], [0.0, 0.0, 1.0, 0.0], [0.0, 0.0, 0.0, 1.0]], "pose_inverse": [[-0.5595117807388306, -0.8288223743438721, 0.0, 1124.1136474609375], [0.8288223743438721, -0.5595117807388306, 0.0, -710.6370849609375], [0.0, 0.0, 1.0, 0.0], [0.0, 0.0, 0.0, 1.0]], "cam_ids": [0, 1, 2, 3, 4, 5], "cam_channels": ["CAM_FRONT_LEFT", "CAM_FRONT", "CAM_FRONT_RIGHT", "CAM_BACK_LEFT", "CAM_BACK", "CAM_BACK_RIGHT"], "token": "f6be08a0884649a1962595e505946c80", "scene": "scene-0034"}, {"images": ["samples/CAM_FRONT_LEFT/n015-2018-07-18-11-50-34+0800__CAM_FRONT_LEFT__1531886386104844.jpg", "samples/CAM_FRONT/n015-2018-07-18-11-50-34+0800__CAM_FRONT__1531886386112465.jpg", "samples/CAM_FRONT_RIGHT/n015-2018-07-18-11-50-34+0800__CAM_FRONT_RIGHT__1531886386120339.jpg", "samples/CAM_BACK_LEFT/n015-2018-07-18-11-50-34+0800__CAM_BACK_LEFT__1531886386147423.jpg", "samples/CAM_BACK/n015-2018-07-18-11-50-34+0800__CAM_BACK__1531886386137525.jpg", "samples/CAM_BACK_RIGHT/n015-2018-07-18-11-50-34+0800__CAM_BACK_RIGHT__1531886386127893.jpg"], "intrinsics": [[[1272.5979470598488, 0.0, 826.6154927353808], [0.0, 1272.5979470598488, 479.75165386361925], [0.0, 0.0, 1.0]], [[1266.417203046554, 0.0, 816.2670197447984], [0.0, 1266.417203046554, 491.50706579294757], [0.0, 0.0, 1.0]], [[1260.8474446004698, 0.0, 807.968244525554], [0.0, 1260.8474446004698, 495.3344268742088], [0.0, 0.0, 1.0]], [[1256.7414812095406, 0.0, 792.1125740759628], [0.0, 1256.7414812095406, 492.7757465151356], [0.0, 0.0, 1.0]], [[809.2209905677063, 0.0, 829.2196003259838], [0.0, 809.2209905677063, 481.77842384512485], [0.0, 0.0, 1.0]], [[1259.5137405846733, 0.0, 807.2529053838625], [0.0, 1259.5137405846733, 501.19579884916527], [0.0, 0.0, 1.0]]], "extrinsics": [[[0.8193122744560242, -0.5729301571846008, -0.0218743197619915, -0.63916015625], [-0.043983638286590576, -0.024767251685261726, -0.998725175857544, 1.490753173828125], [0.5716578960418701, 0.8192299008369446, -0.04549166187644005, -1.0527572631835938], [0.0, 0.0, 0.0, 1.0]], [[0.004959519952535629, -0.9995729327201843, 0.02879694476723671, 0.00640869140625], [-0.04930245876312256, -0.029006697237491608, -0.99836266040802, 1.5044059753417969], [0.998771607875824, 0.003531599882990122, -0.04942525923252106, -1.3658447265625], [0.0, 0.0, 0.0, 1.0]], [[-0.8328072428703308, -0.5518857836723328, 0.04305868223309517, 0.820556640625], [-0.04369322583079338, -0.012006863951683044, -0.9989728331565857, 1.4925422668457031], [0.5518358945846558, -0.8338332772254944, -0.014114267192780972, -1.10888671875], [0.0, 0.0, 0.0, 1.0]], [[0.9468050599098206, 0.3183077275753021, -0.04733194783329964, -1.14154052734375], [-0.03546976298093796, -0.04296307638287544, -0.9984468221664429, 1.5885319709777832], [-0.31984689831733704, 0.9470133781433105, -0.02938735857605934, -0.10400390625], [0.0, 0.0, 0.0, 1.0]], [[0.0020690264645963907, 0.9994553923606873, -0.032935529947280884, 0.0032958984375], [-0.0606374628841877, -0.03274960070848465, -0.9976224303245544, 1.5736732482910156], [-0.9981576800346375, 0.00406119879335165, 0.06053667888045311, -0.0914306640625], [0.0, 0.0, 0.0, 1.0]], [[-0.9342617392539978, 0.3560308814048767, 0.01992831751704216, 0.96484375], [-0.027884671464562416, -0.01722877100110054, -0.9994626641273499, 1.5463085174560547], [-0.35549619793891907, -0.9343153834342957, 0.02602398581802845, -0.1295166015625], [0.0, 0.0, 0.0, 1.0]]], "view": [[0.0, -2.0, 100.0], [-2.0, 0.0, 100.0], [0.0, 0.0, 1.0]], "bev": "bev_edc9b93f9eb14d26951a0dae6f59e0a5.png", "aux": "aux_edc9b93f9eb14d26951a0dae6f59e0a5.npz", "visibility": "visibility_edc9b93f9eb14d26951a0dae6f59e0a5.png", "pose": [[-0.5607494711875916, 0.8279855251312256, 0.0, 1215.3065185546875], [-0.8279855251312256, -0.5607494711875916, 0.0, 530.2413940429688], [0.0, 0.0, 1.0, 0.0], [0.0, 0.0, 0.0, 1.0]], "pose_inverse": [[-0.5607494711875916, -0.8279855251312256, 0.0, 1120.5146484375], [0.8279855251312256, -0.5607494711875916, 0.0, -708.9236450195312], [0.0, 0.0, 1.0, 0.0], [0.0, 0.0, 0.0, 1.0]], "cam_ids": [0, 1, 2, 3, 4, 5], "cam_channels": ["CAM_FRONT_LEFT", "CAM_FRONT", "CAM_FRONT_RIGHT", "CAM_BACK_LEFT", "CAM_BACK", "CAM_BACK_RIGHT"], "token": "edc9b93f9eb14d26951a0dae6f59e0a5", "scene": "scene-0034"}, {"images": ["samples/CAM_FRONT_LEFT/n015-2018-07-18-11-50-34+0800__CAM_FRONT_LEFT__1531886386604844.jpg", "samples/CAM_FRONT/n015-2018-07-18-11-50-34+0800__CAM_FRONT__1531886386612473.jpg", "samples/CAM_FRONT_RIGHT/n015-2018-07-18-11-50-34+0800__CAM_FRONT_RIGHT__1531886386620339.jpg", "samples/CAM_BACK_LEFT/n015-2018-07-18-11-50-34+0800__CAM_BACK_LEFT__1531886386647423.jpg", "samples/CAM_BACK/n015-2018-07-18-11-50-34+0800__CAM_BACK__1531886386637525.jpg", "samples/CAM_BACK_RIGHT/n015-2018-07-18-11-50-34+0800__CAM_BACK_RIGHT__1531886386627893.jpg"], "intrinsics": [[[1272.5979470598488, 0.0, 826.6154927353808], [0.0, 1272.5979470598488, 479.75165386361925], [0.0, 0.0, 1.0]], [[1266.417203046554, 0.0, 816.2670197447984], [0.0, 1266.417203046554, 491.50706579294757], [0.0, 0.0, 1.0]], [[1260.8474446004698, 0.0, 807.968244525554], [0.0, 1260.8474446004698, 495.3344268742088], [0.0, 0.0, 1.0]], [[1256.7414812095406, 0.0, 792.1125740759628], [0.0, 1256.7414812095406, 492.7757465151356], [0.0, 0.0, 1.0]], [[809.2209905677063, 0.0, 829.2196003259838], [0.0, 809.2209905677063, 481.77842384512485], [0.0, 0.0, 1.0]], [[1259.5137405846733, 0.0, 807.2529053838625], [0.0, 1259.5137405846733, 501.19579884916527], [0.0, 0.0, 1.0]]], "extrinsics": [[[0.8185105323791504, -0.5740535855293274, -0.022425848990678787, -0.6448974609375], [-0.04553950950503349, -0.025920111685991287, -0.9986262321472168, 1.4904937744140625], [0.572683572769165, 0.8184073567390442, -0.04735800623893738, -1.0573692321777344], [0.0, 0.0, 0.0, 1.0]], [[0.003928592428565025, -0.9995506405830383, 0.029714200645685196, 0.00689697265625], [-0.0509505532681942, -0.02987591177225113, -0.9982542395591736, 1.5042343139648438], [0.9986934065818787, 0.0024078229907900095, -0.05104503035545349, -1.3724365234375], [0.0, 0.0, 0.0, 1.0]], [[-0.8331754803657532, -0.5511881709098816, 0.044834550470113754, 0.8258056640625], [-0.04541845619678497, -0.012596731074154377, -0.9988886117935181, 1.4923782348632812], [0.5511403679847717, -0.8342858552932739, -0.014538826420903206, -1.111572265625], [0.0, 0.0, 0.0, 1.0]], [[0.9467224478721619, 0.3182946443557739, -0.0490415133535862, -1.142578125], [-0.037379465997219086, -0.04264792054891586, -0.9983906149864197, 1.5885705947875977], [-0.3198738694190979, 0.9470319747924805, -0.02847806178033352, -0.103515625], [0.0, 0.0, 0.0, 1.0]], [[0.0022985413670539856, 0.9994553327560425, -0.032923102378845215, 0.0029296875], [-0.062493838369846344, -0.03271527588367462, -0.9975090026855469, 1.5737152099609375], [-0.9980427026748657, 0.004350224509835243, 0.06238459795713425, -0.0882568359375], [0.0, 0.0, 0.0, 1.0]], [[-0.9340316653251648, 0.3565436601638794, 0.02147810161113739, 0.9691162109375], [-0.02968147210776806, -0.017552146688103676, -0.9994053244590759, 1.5461463928222656], [-0.35595467686653137, -0.9341137409210205, 0.02697700448334217, -0.127044677734375], [0.0, 0.0, 0.0, 1.0]]], "view": [[0.0, -2.0, 100.0], [-2.0, 0.0, 100.0], [0.0, 0.0, 1.0]], "bev": "bev_253071304afe4ae993141c9198e117ac.png", "aux": "aux_253071304afe4ae993141c9198e117ac.npz", "visibility": "visibility_253071304afe4ae993141c9198e117ac.png", "pose": [[-0.5407578349113464, 0.841178297996521, 0.0, 1212.7733154296875], [-0.841178297996521, -0.5407578349113464, 0.0, 526.4111328125], [0.0, 0.0, 1.0, 0.0], [0.0, 0.0, 0.0, 1.0]], "pose_inverse": [[-0.5407578349113464, -0.841178297996521, 0.0, 1098.622314453125], [0.841178297996521, -0.5407578349113464, 0.0, -735.4976806640625], [0.0, 0.0, 1.0, 0.0], [0.0, 0.0, 0.0, 1.0]], "cam_ids": [0, 1, 2, 3, 4, 5], "cam_channels": ["CAM_FRONT_LEFT", "CAM_FRONT", "CAM_FRONT_RIGHT", "CAM_BACK_LEFT", "CAM_BACK", "CAM_BACK_RIGHT"], "token": "253071304afe4ae993141c9198e117ac", "scene": "scene-0034"}, {"images": ["samples/CAM_FRONT_LEFT/n015-2018-07-18-11-50-34+0800__CAM_FRONT_LEFT__1531886387154844.jpg", "samples/CAM_FRONT/n015-2018-07-18-11-50-34+0800__CAM_FRONT__1531886387162460.jpg", "samples/CAM_FRONT_RIGHT/n015-2018-07-18-11-50-34+0800__CAM_FRONT_RIGHT__1531886387170339.jpg", "samples/CAM_BACK_LEFT/n015-2018-07-18-11-50-34+0800__CAM_BACK_LEFT__1531886387197423.jpg", "samples/CAM_BACK/n015-2018-07-18-11-50-34+0800__CAM_BACK__1531886387187525.jpg", "samples/CAM_BACK_RIGHT/n015-2018-07-18-11-50-34+0800__CAM_BACK_RIGHT__1531886387177893.jpg"], "intrinsics": [[[1272.5979470598488, 0.0, 826.6154927353808], [0.0, 1272.5979470598488, 479.75165386361925], [0.0, 0.0, 1.0]], [[1266.417203046554, 0.0, 816.2670197447984], [0.0, 1266.417203046554, 491.50706579294757], [0.0, 0.0, 1.0]], [[1260.8474446004698, 0.0, 807.968244525554], [0.0, 1260.8474446004698, 495.3344268742088], [0.0, 0.0, 1.0]], [[1256.7414812095406, 0.0, 792.1125740759628], [0.0, 1256.7414812095406, 492.7757465151356], [0.0, 0.0, 1.0]], [[809.2209905677063, 0.0, 829.2196003259838], [0.0, 809.2209905677063, 481.77842384512485], [0.0, 0.0, 1.0]], [[1259.5137405846733, 0.0, 807.2529053838625], [0.0, 1259.5137405846733, 501.19579884916527], [0.0, 0.0, 1.0]]], "extrinsics": [[[0.8179236054420471, -0.5748066902160645, -0.024459000676870346, -0.6370849609375], [-0.05127967521548271, -0.03049272485077381, -0.9982186555862427, 1.4877967834472656], [0.5730370283126831, 0.8177208304405212, -0.05441662296652794, -1.0524253845214844], [0.0, 0.0, 0.0, 1.0]], [[0.0035014464519917965, -0.9993985891342163, 0.03449833020567894, 0.00732421875], [-0.05663056671619415, -0.03464135155081749, -0.9977940320968628, 1.501913070678711], [0.9983890652656555, 0.0015401679556816816, -0.056717801839113235, -1.36328125], [0.0, 0.0, 0.0, 1.0]], [[-0.8331388831138611, -0.5505878925323486, 0.052272867411375046, 0.81890869140625], [-0.05103807523846626, -0.017571866512298584, -0.998542070388794, 1.4905586242675781], [0.5507038235664368, -0.8345922231674194, -0.013461139984428883, -1.1065673828125], [0.0, 0.0, 0.0, 1.0]], [[0.9464468955993652, 0.3180113434791565, -0.055740877985954285, -1.1370849609375], [-0.04254525899887085, -0.04829538241028786, -0.9979265332221985, 1.5883307456970215], [-0.32004398107528687, 0.9468560814857483, -0.03217914327979088, -0.105712890625], [0.0, 0.0, 0.0, 1.0]], [[0.002173138316720724, 0.9992613792419434, -0.0383673757314682, 0.002685546875], [-0.0678882747888565, -0.03813152387738228, -0.9969639778137207, 1.5727195739746094], [-0.9976905584335327, 0.0047711883671581745, 0.06775525957345963, -0.095947265625], [0.0, 0.0, 0.0, 1.0]], [[-0.9338119626045227, 0.35690250992774963, 0.0248149111866951, 0.9615478515625], [-0.035239074379205704, -0.022733353078365326, -0.99912029504776, 1.5448760986328125], [-0.35602444410324097, -0.9338650703430176, 0.033805593848228455, -0.12957763671875], [0.0, 0.0, 0.0, 1.0]]], "view": [[0.0, -2.0, 100.0], [-2.0, 0.0, 100.0], [0.0, 0.0, 1.0]], "bev": "bev_433a50cb27ce4f0086bcba8ace34ce18.png", "aux": "aux_433a50cb27ce4f0086bcba8ace34ce18.npz", "visibility": "visibility_433a50cb27ce4f0086bcba8ace34ce18.png", "pose": [[-0.5057878494262695, 0.862657904624939, 0.0, 1210.080810546875], [-0.862657904624939, -0.5057878494262695, 0.0, 522.0575561523438], [0.0, 0.0, 1.0, 0.0], [0.0, 0.0, 0.0, 1.0]], "pose_inverse": [[-0.5057878494262695, -0.862657904624939, 0.0, 1062.4012451171875], [0.862657904624939, -0.5057878494262695, 0.0, -779.8353881835938], [0.0, 0.0, 1.0, 0.0], [0.0, 0.0, 0.0, 1.0]], "cam_ids": [0, 1, 2, 3, 4, 5], "cam_channels": ["CAM_FRONT_LEFT", "CAM_FRONT", "CAM_FRONT_RIGHT", "CAM_BACK_LEFT", "CAM_BACK", "CAM_BACK_RIGHT"], "token": "433a50cb27ce4f0086bcba8ace34ce18", "scene": "scene-0034"}, {"images": ["samples/CAM_FRONT_LEFT/n015-2018-07-18-11-50-34+0800__CAM_FRONT_LEFT__1531886387604844.jpg", "samples/CAM_FRONT/n015-2018-07-18-11-50-34+0800__CAM_FRONT__1531886387612684.jpg", "samples/CAM_FRONT_RIGHT/n015-2018-07-18-11-50-34+0800__CAM_FRONT_RIGHT__1531886387620339.jpg", "samples/CAM_BACK_LEFT/n015-2018-07-18-11-50-34+0800__CAM_BACK_LEFT__1531886387648902.jpg", "samples/CAM_BACK/n015-2018-07-18-11-50-34+0800__CAM_BACK__1531886387637525.jpg", "samples/CAM_BACK_RIGHT/n015-2018-07-18-11-50-34+0800__CAM_BACK_RIGHT__1531886387627893.jpg"], "intrinsics": [[[1272.5979470598488, 0.0, 826.6154927353808], [0.0, 1272.5979470598488, 479.75165386361925], [0.0, 0.0, 1.0]], [[1266.417203046554, 0.0, 816.2670197447984], [0.0, 1266.417203046554, 491.50706579294757], [0.0, 0.0, 1.0]], [[1260.8474446004698, 0.0, 807.968244525554], [0.0, 1260.8474446004698, 495.3344268742088], [0.0, 0.0, 1.0]], [[1256.7414812095406, 0.0, 792.1125740759628], [0.0, 1256.7414812095406, 492.7757465151356], [0.0, 0.0, 1.0]], [[809.2209905677063, 0.0, 829.2196003259838], [0.0, 809.2209905677063, 481.77842384512485], [0.0, 0.0, 1.0]], [[1259.5137405846733, 0.0, 807.2529053838625], [0.0, 1259.5137405846733, 501.19579884916527], [0.0, 0.0, 1.0]]], "extrinsics": [[[0.8198005557060242, -0.5724037885665894, -0.016763949766755104, -0.61962890625], [-0.04747258126735687, -0.03875867277383804, -0.9981203079223633, 1.488576889038086], [0.5706780552864075, 0.819055438041687, -0.058947861194610596, -1.0454635620117188], [0.0, 0.0, 0.0, 1.0]], [[0.006042546592652798, -0.9990697503089905, 0.04269823431968689, 0.01116943359375], [-0.05273360386490822, -0.04295796528458595, -0.9976842403411865, 1.5025920867919922], [0.9985902905464172, 0.003776957280933857, -0.052944116294384, -1.3492431640625], [0.0, 0.0, 0.0, 1.0]], [[-0.8321158289909363, -0.5520089864730835, 0.053565915673971176, 0.80902099609375], [-0.047088343650102615, -0.025915393605828285, -0.9985544681549072, 1.4909896850585938], [0.5525992512702942, -0.8334352970123291, -0.004428576212376356, -1.0963134765625], [0.0, 0.0, 0.0, 1.0]], [[0.9462407827377319, 0.3188851475715637, -0.05422847345471382, -1.14874267578125], [-0.037939440459012985, -0.05707734823226929, -0.9976485967636108, 1.5888738632202148], [-0.32123053073883057, 0.9460732340812683, -0.04191058874130249, -0.10302734375], [0.0, 0.0, 0.0, 1.0]], [[0.000823775480967015, 0.9988986849784851, -0.04691312089562416, 0.00079345703125], [-0.06362178176641464, -0.0