[{"images": ["samples/CAM_FRONT_LEFT/n015-2018-10-08-16-03-24+0800__CAM_FRONT_LEFT__1538986297754844.jpg", "samples/CAM_FRONT/n015-2018-10-08-16-03-24+0800__CAM_FRONT__1538986297762460.jpg", "samples/CAM_FRONT_RIGHT/n015-2018-10-08-16-03-24+0800__CAM_FRONT_RIGHT__1538986297770344.jpg", "samples/CAM_BACK_LEFT/n015-2018-10-08-16-03-24+0800__CAM_BACK_LEFT__1538986297797423.jpg", "samples/CAM_BACK/n015-2018-10-08-16-03-24+0800__CAM_BACK__1538986297787525.jpg", "samples/CAM_BACK_RIGHT/n015-2018-10-08-16-03-24+0800__CAM_BACK_RIGHT__1538986297777893.jpg"], "intrinsics": [[[1272.5979470598488, 0.0, 826.6154927353808], [0.0, 1272.5979470598488, 479.75165386361925], [0.0, 0.0, 1.0]], [[1266.417203046554, 0.0, 816.2670197447984], [0.0, 1266.417203046554, 491.50706579294757], [0.0, 0.0, 1.0]], [[1260.8474446004698, 0.0, 807.968244525554], [0.0, 1260.8474446004698, 495.3344268742088], [0.0, 0.0, 1.0]], [[1256.7414812095406, 0.0, 792.1125740759628], [0.0, 1256.7414812095406, 492.7757465151356], [0.0, 0.0, 1.0]], [[809.2209905677063, 0.0, 829.2196003259838], [0.0, 809.2209905677063, 481.77842384512485], [0.0, 0.0, 1.0]], [[1259.5137405846733, 0.0, 807.2529053838625], [0.0, 1259.5137405846733, 501.19579884916527], [0.0, 0.0, 1.0]]], "extrinsics": [[[0.8210239410400391, -0.5704690217971802, -0.02201751247048378, -0.789794921875], [0.01730019599199295, 0.06341058760881424, -0.9978375434875488, 1.5118026733398438], [0.5706315636634827, 0.818867564201355, 0.061930835247039795, -1.160888671875], [0.0, 0.0, 0.0, 1.0]], [[0.006434417795389891, -0.9982138872146606, -0.05939424782991409, 0.00750732421875], [0.011972378939390182, 0.05946812406182289, -0.9981584548950195, 1.5225372314453125], [0.9999075531959534, 0.005711450707167387, 0.012333637103438377, -1.5185546875], [0.0, 0.0, 0.0, 1.0]], [[-0.832137942314148, -0.5516204237937927, -0.05710654333233833, 0.9212646484375], [0.017532652243971825, 0.0767551138997078, -0.9968957901000977, 1.5059318542480469], [0.5542913675308228, -0.8305562138557434, -0.05419947952032089, -1.173583984375], [0.0, 0.0, 0.0, 1.0]], [[0.9470617175102234, 0.31859466433525085, 0.03964219242334366, -1.1424560546875], [0.026061534881591797, 0.04677865281701088, -0.9985652565956116, 1.5885467529296875], [-0.31999194622039795, 0.9467360973358154, 0.03599920496344566, -0.103515625], [0.0, 0.0, 0.0, 1.0]], [[0.0011886016000062227, 0.9983925819396973, 0.05666465312242508, 0.0025634765625], [0.0006950004026293755, 0.05666385218501091, -0.9983930587768555, 1.5793781280517578], [-0.9999991059303284, 0.0012261082883924246, -0.0006265343399718404, -0.047119140625], [0.0, 0.0, 0.0, 1.0]], [[-0.9348264932632446, 0.355058878660202, -0.005698901601135731, 1.0458984375], [0.03336774557828903, 0.07185304909944534, -0.9968569278717041, 1.5546340942382812], [-0.35353344678878784, -0.93207848072052, -0.07901766151189804, -0.09722900390625], [0.0, 0.0, 0.0, 1.0]]], "view": [[0.0, -2.0, 100.0], [-2.0, 0.0, 100.0], [0.0, 0.0, 1.0]], "bev": "bev_01a96d35d8fe49479e300798f1dbd206.png", "aux": "aux_01a96d35d8fe49479e300798f1dbd206.npz", "visibility": "visibility_01a96d35d8fe49479e300798f1dbd206.png", "pose": [[0.5004379153251648, -0.8657724261283875, 0.0, 593.573486328125], [0.8657724261283875, 0.5004379153251648, 0.0, 1793.400390625], [0.0, 0.0, 1.0, 0.0], [0.0, 0.0, 0.0, 1.0]], "pose_inverse": [[0.5004379153251648, 0.8657724261283875, 0.0, -1849.7232666015625], [-0.8657724261283875, 0.5004379153251648, 0.0, -383.5859680175781], [0.0, 0.0, 1.0, 0.0], [0.0, 0.0, 0.0, 1.0]], "cam_ids": [0, 1, 2, 3, 4, 5], "cam_channels": ["CAM_FRONT_LEFT", "CAM_FRONT", "CAM_FRONT_RIGHT", "CAM_BACK_LEFT", "CAM_BACK", "CAM_BACK_RIGHT"], "token": "01a96d35d8fe49479e300798f1dbd206", "scene": "scene-0866"}, {"images": ["samples/CAM_FRONT_LEFT/n015-2018-10-08-16-03-24+0800__CAM_FRONT_LEFT__1538986298254844.jpg", "samples/CAM_FRONT/n015-2018-10-08-16-03-24+0800__CAM_FRONT__1538986298262460.jpg", "samples/CAM_FRONT_RIGHT/n015-2018-10-08-16-03-24+0800__CAM_FRONT_RIGHT__1538986298270339.jpg", "samples/CAM_BACK_LEFT/n015-2018-10-08-16-03-24+0800__CAM_BACK_LEFT__1538986298297423.jpg", "samples/CAM_BACK/n015-2018-10-08-16-03-24+0800__CAM_BACK__1538986298287525.jpg", "samples/CAM_BACK_RIGHT/n015-2018-10-08-16-03-24+0800__CAM_BACK_RIGHT__1538986298277893.jpg"], "intrinsics": [[[1272.5979470598488, 0.0, 826.6154927353808], [0.0, 1272.5979470598488, 479.75165386361925], [0.0, 0.0, 1.0]], [[1266.417203046554, 0.0, 816.2670197447984], [0.0, 1266.417203046554, 491.50706579294757], [0.0, 0.0, 1.0]], [[1260.8474446004698, 0.0, 807.968244525554], [0.0, 1260.8474446004698, 495.3344268742088], [0.0, 0.0, 1.0]], [[1256.7414812095406, 0.0, 792.1125740759628], [0.0, 1256.7414812095406, 492.7757465151356], [0.0, 0.0, 1.0]], [[809.2209905677063, 0.0, 829.2196003259838], [0.0, 809.2209905677063, 481.77842384512485], [0.0, 0.0, 1.0]], [[1259.5137405846733, 0.0, 807.2529053838625], [0.0, 1259.5137405846733, 501.19579884916527], [0.0, 0.0, 1.0]]], "extrinsics": [[[0.8203712105751038, -0.5711479783058167, -0.02794843539595604, -0.79443359375], [0.009078416042029858, 0.06187783181667328, -0.9980424642562866, 1.5100479125976562], [0.5717592239379883, 0.8185115456581116, 0.05594790726900101, -1.1630859375], [0.0, 0.0, 0.0, 1.0]], [[0.005227596499025822, -0.9983212947845459, -0.05768221244215965, 0.006866455078125], [0.0037001764867454767, 0.05770191550254822, -0.9983270168304443, 1.5211029052734375], [0.9999794363975525, 0.005005415063351393, 0.003995608538389206, -1.5223388671875], [0.0, 0.0, 0.0, 1.0]], [[-0.8329424858093262, -0.5511828064918518, -0.04903518036007881, 0.9228515625], [0.009241122752428055, 0.0747457817196846, -0.9971597790718079, 1.5048255920410156], [0.5532824397087097, -0.8310298919677734, -0.05716538801789284, -1.17535400390625], [0.0, 0.0, 0.0, 1.0]], [[0.9473509192466736, 0.31871962547302246, 0.03072405606508255, -1.137939453125], [0.017605189234018326, 0.043961189687252045, -0.9988780617713928, 1.5886383056640625], [-0.31971269845962524, 0.9468290209770203, 0.036035552620887756, -0.1050872802734375], [0.0, 0.0, 0.0, 1.0]], [[0.0018794328207150102, 0.9985326528549194, 0.054119955748319626, 0.002716064453125], [-0.0077120643109083176, 0.054132916033267975, -0.9985039830207825, 1.5789575576782227], [-0.9999685287475586, 0.0014592373045161366, 0.007802489213645458, -0.0491943359375], [0.0, 0.0, 0.0, 1.0]], [[-0.9346801042556763, 0.3554873764514923, 0.0013503445079550147, 1.046142578125], [0.025030989199876785, 0.06960194557905197, -0.9972607493400574, 1.5538330078125], [-0.35460761189460754, -0.9320859909057617, -0.07395375519990921, -0.097412109375], [0.0, 0.0, 0.0, 1.0]]], "view": [[0.0, -2.0, 100.0], [-2.0, 0.0, 100.0], [0.0, 0.0, 1.0]], "bev": "bev_9e0129e358994f2d80e9373e9296f1d2.png", "aux": "aux_9e0129e358994f2d80e9373e9296f1d2.npz", "visibility": "visibility_9e0129e358994f2d80e9373e9296f1d2.png", "pose": [[0.4897491931915283, -0.8718633651733398, 0.0, 594.8222045898438], [0.8718633651733398, 0.4897491931915283, 0.0, 1795.54296875], [0.0, 0.0, 1.0, 0.0], [0.0, 0.0, 0.0, 1.0]], "pose_inverse": [[0.4897491931915283, 0.8718633651733398, 0.0, -1856.7818603515625], [-0.8718633651733398, 0.4897491931915283, 0.0, -360.76202392578125], [0.0, 0.0, 1.0, 0.0], [0.0, 0.0, 0.0, 1.0]], "cam_ids": [0, 1, 2, 3, 4, 5], "cam_channels": ["CAM_FRONT_LEFT", "CAM_FRONT", "CAM_FRONT_RIGHT", "CAM_BACK_LEFT", "CAM_BACK", "CAM_BACK_RIGHT"], "token": "9e0129e358994f2d80e9373e9296f1d2", "scene": "scene-0866"}, {"images": ["samples/CAM_FRONT_LEFT/n015-2018-10-08-16-03-24+0800__CAM_FRONT_LEFT__1538986298754844.jpg", "samples/CAM_FRONT/n015-2018-10-08-16-03-24+0800__CAM_FRONT__1538986298762460.jpg", "samples/CAM_FRONT_RIGHT/n015-2018-10-08-16-03-24+0800__CAM_FRONT_RIGHT__1538986298770339.jpg", "samples/CAM_BACK_LEFT/n015-2018-10-08-16-03-24+0800__CAM_BACK_LEFT__1538986298797423.jpg", "samples/CAM_BACK/n015-2018-10-08-16-03-24+0800__CAM_BACK__1538986298787525.jpg", "samples/CAM_BACK_RIGHT/n015-2018-10-08-16-03-24+0800__CAM_BACK_RIGHT__1538986298777893.jpg"], "intrinsics": [[[1272.5979470598488, 0.0, 826.6154927353808], [0.0, 1272.5979470598488, 479.75165386361925], [0.0, 0.0, 1.0]], [[1266.417203046554, 0.0, 816.2670197447984], [0.0, 1266.417203046554, 491.50706579294757], [0.0, 0.0, 1.0]], [[1260.8474446004698, 0.0, 807.968244525554], [0.0, 1260.8474446004698, 495.3344268742088], [0.0, 0.0, 1.0]], [[1256.7414812095406, 0.0, 792.1125740759628], [0.0, 1256.7414812095406, 492.7757465151356], [0.0, 0.0, 1.0]], [[809.2209905677063, 0.0, 829.2196003259838], [0.0, 809.2209905677063, 481.77842384512485], [0.0, 0.0, 1.0]], [[1259.5137405846733, 0.0, 807.2529053838625], [0.0, 1259.5137405846733, 501.19579884916527], [0.0, 0.0, 1.0]]], "extrinsics": [[[0.8204832673072815, -0.571129322052002, -0.0248689167201519, -0.7999267578125], [0.005240512080490589, 0.05101462081074715, -0.9986841678619385, 1.5092048645019531], [0.5716464519500732, 0.8192733526229858, 0.04484965279698372, -1.16748046875], [0.0, 0.0, 0.0, 1.0]], [[0.005378588568419218, -0.9988927245140076, -0.04673640429973602, 0.007476806640625], [-0.00024711506557650864, 0.046735748648643494, -0.9989072680473328, 1.520425796508789], [0.9999854564666748, 0.005384278483688831, 4.52988751931116e-06, -1.5267333984375], [0.0, 0.0, 0.0, 1.0]], [[-0.83293616771698, -0.5519533753395081, -0.039555639028549194, 0.9246826171875], [0.0051888469606637955, 0.0636880174279213, -0.9979563355445862, 1.5042476654052734], [0.5533446073532104, -0.831439197063446, -0.050184059888124466, -1.17572021484375], [0.0, 0.0, 0.0, 1.0]], [[0.9475463628768921, 0.3188108205795288, 0.02270299755036831, -1.14111328125], [0.013042500242590904, 0.03240406885743141, -0.9993897080421448, 1.5885696411132812], [-0.3193519115447998, 0.9472642540931702, 0.02654626965522766, -0.103973388671875], [0.0, 0.0, 0.0, 1.0]], [[0.0021036979742348194, 0.9990828633308411, 0.042765576392412186, 0.002593994140625], [-0.012069487012922764, 0.04278791695833206, -0.9990112781524658, 1.5787534713745117], [-0.9999249577522278, 0.0015854645753279328, 0.01214842963963747, -0.0465087890625], [0.0, 0.0, 0.0, 1.0]], [[-0.934739351272583, 0.355331689119339, 0.001277658622711897, 1.048095703125], [0.020850159227848053, 0.05843739211559296, -0.9980733394622803, 1.5533714294433594], [-0.35472172498703003, -0.9329118132591248, -0.06203245744109154, -0.09619140625], [0.0, 0.0, 0.0, 1.0]]], "view": [[0.0, -2.0, 100.0], [-2.0, 0.0, 100.0], [0.0, 0.0, 1.0]], "bev": "bev_fec864b434784ee99ec3c3cc41af420a.png", "aux": "aux_fec864b434784ee99ec3c3cc41af420a.npz", "visibility": "visibility_fec864b434784ee99ec3c3cc41af420a.png", "pose": [[0.47518306970596313, -0.8798869252204895, 0.0, 595.970458984375], [0.8798869252204895, 0.47518306970596313, 0.0, 1797.608154296875], [0.0, 0.0, 1.0, 0.0], [0.0, 0.0, 0.0, 1.0]], "pose_inverse": [[0.47518306970596313, 0.8798869252204895, 0.0, -1864.8870849609375], [-0.8798869252204895, 0.47518306970596313, 0.0, -329.80633544921875], [0.0, 0.0, 1.0, 0.0], [0.0, 0.0, 0.0, 1.0]], "cam_ids": [0, 1, 2, 3, 4, 5], "cam_channels": ["CAM_FRONT_LEFT", "CAM_FRONT", "CAM_FRONT_RIGHT", "CAM_BACK_LEFT", "CAM_BACK", "CAM_BACK_RIGHT"], "token": "fec864b434784ee99ec3c3cc41af420a", "scene": "scene-0866"}, {"images": ["samples/CAM_FRONT_LEFT/n015-2018-10-08-16-03-24+0800__CAM_FRONT_LEFT__1538986299254844.jpg", "samples/CAM_FRONT/n015-2018-10-08-16-03-24+0800__CAM_FRONT__1538986299262460.jpg", "samples/CAM_FRONT_RIGHT/n015-2018-10-08-16-03-24+0800__CAM_FRONT_RIGHT__1538986299270339.jpg", "samples/CAM_BACK_LEFT/n015-2018-10-08-16-03-24+0800__CAM_BACK_LEFT__1538986299297423.jpg", "samples/CAM_BACK/n015-2018-10-08-16-03-24+0800__CAM_BACK__1538986299287525.jpg", "samples/CAM_BACK_RIGHT/n015-2018-10-08-16-03-24+0800__CAM_BACK_RIGHT__1538986299277893.jpg"], "intrinsics": [[[1272.5979470598488, 0.0, 826.6154927353808], [0.0, 1272.5979470598488, 479.75165386361925], [0.0, 0.0, 1.0]], [[1266.417203046554, 0.0, 816.2670197447984], [0.0, 1266.417203046554, 491.50706579294757], [0.0, 0.0, 1.0]], [[1260.8474446004698, 0.0, 807.968244525554], [0.0, 1260.8474446004698, 495.3344268742088], [0.0, 0.0, 1.0]], [[1256.7414812095406, 0.0, 792.1125740759628], [0.0, 1256.7414812095406, 492.7757465151356], [0.0, 0.0, 1.0]], [[809.2209905677063, 0.0, 829.2196003259838], [0.0, 809.2209905677063, 481.77842384512485], [0.0, 0.0, 1.0]], [[1259.5137405846733, 0.0, 807.2529053838625], [0.0, 1259.5137405846733, 501.19579884916527], [0.0, 0.0, 1.0]]], "extrinsics": [[[0.8202089667320251, -0.5716742873191833, -0.02111010067164898, -0.8167724609375], [0.0002357634512009099, 0.0372394397854805, -0.999306321144104, 1.5082435607910156], [0.5720639228820801, 0.8196350336074829, 0.030678903684020042, -1.1785888671875], [0.0, 0.0, 0.0, 1.0]], [[0.004974740091711283, -0.9994412064552307, -0.03305332735180855, 0.006927490234375], [-0.00515301339328289, 0.03302767872810364, -0.9994411468505859, 1.5197404623031616], [0.9999743103981018, 0.005142283160239458, -0.004985830746591091, -1.545166015625], [0.0, 0.0, 0.0, 1.0]], [[-0.8331753015518188, -0.5522988438606262, -0.02801450714468956, 0.9388427734375], [0.0003918972215615213, 0.050068631768226624, -0.9987456798553467, 1.5036468505859375], [0.5530087351799011, -0.8321412205696106, -0.041499506682157516, -1.18560791015625], [0.0, 0.0, 0.0, 1.0]], [[0.9476888179779053, 0.318867951631546, 0.014463248662650585, -1.1416015625], [0.00880816113203764, 0.019169798120856285, -0.9997774362564087, 1.58856201171875], [-0.31907421350479126, 0.9476052522659302, 0.015358363278210163, -0.10394287109375], [0.0, 0.0, 0.0, 1.0]], [[0.002444358542561531, 0.9995660781860352, 0.029355932027101517, 0.002593994140625], [-0.016536246985197067, 0.029392410069704056, -0.9994311928749084, 1.5786628723144531], [-0.9998602271080017, 0.001957509433850646, 0.016600916162133217, -0.03955078125], [0.0, 0.0, 0.0, 1.0]], [[-0.9346789121627808, 0.35549208521842957, 0.0008311946876347065, 1.0599365234375], [0.016191501170396805, 0.044907037168741226, -0.9988599419593811, 1.5527420043945312], [-0.3551241457462311, -0.9335998892784119, -0.04772961512207985, -0.09197998046875], [0.0, 0.0, 0.0, 1.0]]], "view": [[0.0, -2.0, 100.0], [-2.0, 0.0, 100.0], [0.0, 0.0, 1.0]], "bev": "bev_7346c6b976b24b7784e1e32e7bb704e4.png", "aux": "aux_7346c6b976b24b7784e1e32e7bb704e4.npz", "visibility": "visibility_7346c6b976b24b7784e1e32e7bb704e4.png", "pose": [[0.46102046966552734, -0.8873894810676575, 0.0, 597.0038452148438], [0.8873894810676575, 0.46102046966552734, 0.0, 1799.5325927734375], [0.0, 0.0, 1.0, 0.0], [0.0, 0.0, 0.0, 1.0]], "pose_inverse": [[0.46102046966552734, 0.8873894810676575, 0.0, -1872.1173095703125], [-0.8873894810676575, 0.46102046966552734, 0.0, -299.846435546875], [0.0, 0.0, 1.0, 0.0], [0.0, 0.0, 0.0, 1.0]], "cam_ids": [0, 1, 2, 3, 4, 5], "cam_channels": ["CAM_FRONT_LEFT", "CAM_FRONT", "CAM_FRONT_RIGHT", "CAM_BACK_LEFT", "CAM_BACK", "CAM_BACK_RIGHT"], "token": "7346c6b976b24b7784e1e32e7bb704e4", "scene": "scene-0866"}, {"images": ["samples/CAM_FRONT_LEFT/n015-2018-10-08-16-03-24+0800__CAM_FRONT_LEFT__1538986299754844.jpg", "samples/CAM_FRONT/n015-2018-10-08-16-03-24+0800__CAM_FRONT__1538986299762460.jpg", "samples/CAM_FRONT_RIGHT/n015-2018-10-08-16-03-24+0800__CAM_FRONT_RIGHT__1538986299770339.jpg", "samples/CAM_BACK_LEFT/n015-2018-10-08-16-03-24+0800__CAM_BACK_LEFT__1538986299797423.jpg", "samples/CAM_BACK/n015-2018-10-08-16-03-24+0800__CAM_BACK__1538986299787525.jpg", "samples/CAM_BACK_RIGHT/n015-2018-10-08-16-03-24+0800__CAM_BACK_RIGHT__1538986299777893.jpg"], "intrinsics": [[[1272.5979470598488, 0.0, 826.6154927353808], [0.0, 1272.5979470598488, 479.75165386361925], [0.0, 0.0, 1.0]], [[1266.417203046554, 0.0, 816.2670197447984], [0.0, 1266.417203046554, 491.50706579294757], [0.0, 0.0, 1.0]], [[1260.8474446004698, 0.0, 807.968244525554], [0.0, 1260.8474446004698, 495.3344268742088], [0.0, 0.0, 1.0]], [[1256.7414812095406, 0.0, 792.1125740759628], [0.0, 1256.7414812095406, 492.7757465151356], [0.0, 0.0, 1.0]], [[809.2209905677063, 0.0, 829.2196003259838], [0.0, 809.2209905677063, 481.77842384512485], [0.0, 0.0, 1.0]], [[1259.5137405846733, 0.0, 807.2529053838625], [0.0, 1259.5137405846733, 501.19579884916527], [0.0, 0.0, 1.0]]], "extrinsics": [[[0.8201830387115479, -0.5719363689422607, -0.013728548772633076, -0.8284912109375], [0.0016635822830721736, 0.026380890980362892, -0.9996505379676819, 1.5084724426269531], [0.5720987319946289, 0.819873571395874, 0.02258862555027008, -1.187255859375], [0.0, 0.0, 0.0, 1.0]], [[0.004820238333195448, -0.9997385144233704, -0.022348681464791298, 0.00714111328125], [-0.0037013806868344545, 0.02233095094561577, -0.9997438192367554, 1.5199956893920898], [0.9999814629554749, 0.00490176398307085, -0.0035927710123360157, -1.5562744140625], [0.0, 0.0, 0.0, 1.0]], [[-0.8333035111427307, -0.552319347858429, -0.023421425372362137, 0.9447021484375], [0.001880563679151237, 0.03953508287668228, -0.9992163777351379, 1.5038042068481445], [0.5528125166893005, -0.8326945900917053, -0.03190605342388153, -1.18939208984375], [0.0, 0.0, 0.0, 1.0]], [[0.947717547416687, 0.3188577890396118, 0.012696475721895695, -1.14013671875], [0.010307171382009983, 0.009179577231407166, -0.9999046921730042, 1.5885772705078125], [-0.31894391775131226, 0.9477581977844238, 0.005413124803453684, -0.104400634765625], [0.0, 0.0, 0.0, 1.0]], [[0.002611796371638775, 0.9998127818107605, 0.019173000007867813, 0.00250244140625], [-0.015026099048554897, 0.01921014115214348, -0.9997025728225708, 1.5787487030029297], [-0.9998836517333984, 0.0023229490034282207, 0.015073459595441818, -0.0382080078125], [0.0, 0.0, 0.0, 1.0]], [[-0.9345839619636536, 0.35571718215942383, -0.004260022658854723, 1.06396484375], [0.01769401505589485, 0.03452103212475777, -0.9992473721504211, 1.5527877807617188], [-0.3553023636341095, -0.9339559078216553, -0.03855687379837036, -0.09033203125], [0.0, 0.0, 0.0, 1.0]]], "view": [[0.0, -2.0, 100.0], [-2.0, 0.0, 100.0], [0.0, 0.0, 1.0]], "bev": "bev_de331aaafeb94ca5b65a98521faeda54.png", "aux": "aux_de331aaafeb94ca5b65a98521faeda54.npz", "visibility": "visibility_de331aaafeb94ca5b65a98521faeda54.png", "pose": [[0.45092952251434326, -0.8925595283508301, 0.0, 597.9479370117188], [0.8925595283508301, 0.45092952251434326, 0.0, 1801.325439453125], [0.0, 0.0, 1.0, 0.0], [0.0, 0.0, 0.0, 1.0]], "pose_inverse": [[0.45092952251434326, 0.8925595283508301, 0.0, -1877.422607421875], [-0.8925595283508301, 0.45092952251434326, 0.0, -278.56671142578125], [0.0, 0.0, 1.0, 0.0], [0.0, 0.0, 0.0, 1.0]], "cam_ids": [0, 1, 2, 3, 4, 5], "cam_channels": ["CAM_FRONT_LEFT", "CAM_FRONT", "CAM_FRONT_RIGHT", "CAM_BACK_LEFT", "CAM_BACK", "CAM_BACK_RIGHT"], "token": "de331aaafeb94ca5b65a98521faeda54", "scene": "scene-0866"}, {"images": ["samples/CAM_FRONT_LEFT/n015-2018-10-08-16-03-24+0800__CAM_FRONT_LEFT__1538986300154844.jpg", "samples/CAM_FRONT/n015-2018-10-08-16-03-24+0800__CAM_FRONT__1538986300162460.jpg", "samples/CAM_FRONT_RIGHT/n015-2018-10-08-16-03-24+0800__CAM_FRONT_RIGHT__1538986300170339.jpg", "samples/CAM_BACK_LEFT/n015-2018-10-08-16-03-24+0800__CAM_BACK_LEFT__1538986300197423.jpg", "samples/CAM_BACK/n015-2018-10-08-16-03-24+0800__CAM_BACK__1538986300187525.jpg", "samples/CAM_BACK_RIGHT/n015-2018-10-08-16-03-24+0800__CAM_BACK_RIGHT__1538986300177893.jpg"], "intrinsics": [[[1272.5979470598488, 0.0, 826.6154927353808], [0.0, 1272.5979470598488, 479.75165386361925], [0.0, 0.0, 1.0]], [[1266.417203046554, 0.0, 816.2670197447984], [0.0, 1266.417203046554, 491.50706579294757], [0.0, 0.0, 1.0]], [[1260.8474446004698, 0.0, 807.968244525554], [0.0, 1260.8474446004698, 495.3344268742088], [0.0, 0.0, 1.0]], [[1256.7414812095406, 0.0, 792.1125740759628], [0.0, 1256.7414812095406, 492.7757465151356], [0.0, 0.0, 1.0]], [[809.2209905677063, 0.0, 829.2196003259838], [0.0, 809.2209905677063, 481.77842384512485], [0.0, 0.0, 1.0]], [[1259.5137405846733, 0.0, 807.2529053838625], [0.0, 1259.5137405846733, 501.19579884916527], [0.0, 0.0, 1.0]]], "extrinsics": [[[0.82032710313797, -0.5717857480049133, -0.0111560532823205, -0.8419189453125], [0.0007265117601491511, 0.02054908126592636, -0.9997885823249817, 1.5083227157592773], [0.5718940496444702, 0.8201456069946289, 0.017272379249334335, -1.1966552734375], [0.0, 0.0, 0.0, 1.0]], [[0.005083777010440826, -0.9998515844345093, -0.01645739935338497, 0.006988525390625], [-0.004492728505283594, 0.01643460988998413, -0.9998548626899719, 1.519960880279541], [0.9999770522117615, 0.00515701761469245, -0.00440851179882884, -1.569580078125], [0.0, 0.0, 0.0, 1.0]], [[-0.8331595063209534, -0.5526856184005737, -0.0195945855230093, 0.9534912109375], [0.0012311141472309828, 0.033577512949705124, -0.999435305595398, 1.5037212371826172], [0.5530314445495605, -0.8327131271362305, -0.027295002713799477, -1.19512939453125], [0.0, 0.0, 0.0, 1.0]], [[0.9477354288101196, 0.3188757002353668, 0.010762488469481468, -1.139404296875], [0.010343587026000023, 0.0030070687644183636, -0.9999420046806335, 1.5885887145996094], [-0.3188895285129547, 0.9477917551994324, -0.0004484129894990474, -0.1046142578125], [0.0, 0.0, 0.0, 1.0]], [[0.0025469609536230564, 0.999911367893219, 0.013070204295217991, 0.00244140625], [-0.015267760492861271, 0.013107607141137123, -0.999797523021698, 1.5787944793701172], [-0.9998802542686462, 0.0023468697909265757, 0.015299792401492596, -0.0350341796875], [0.0, 0.0, 0.0, 1.0]], [[-0.934654712677002, 0.3555067777633667, -0.0059553650207817554, 1.0709228515625], [0.017209801822900772, 0.02850341983139515, -0.9994455575942993, 1.5526237487792969], [-0.3551398813724518, -0.9342390298843384, -0.032759059220552444, -0.0875244140625], [0.0, 0.0, 0.0, 1.0]]], "view": [[0.0, -2.0, 100.0], [-2.0, 0.0, 100.0], [0.0, 0.0, 1.0]], "bev": "bev_b6fcecbc91134ebbb0769dd4d30e5a47.png", "aux": "aux_b6fcecbc91134ebbb0769dd4d30e5a47.npz", "visibility": "visibility_b6fcecbc91134ebbb0769dd4d30e5a47.png", "pose": [[0.44199469685554504, -0.8970176577568054, 0.0, 598.602783203125], [0.8970176577568054, 0.44199469685554504, 0.0, 1802.6134033203125], [0.0, 0.0, 1.0, 0.0], [0.0, 0.0, 0.0, 1.0]], "pose_inverse": [[0.44199469685554504, 0.8970176577568054, 0.0, -1881.5552978515625], [-0.8970176577568054, 0.44199469685554504, 0.0, -259.78826904296875], [0.0, 0.0, 1.0, 0.0], [0.0, 0.0, 0.0, 1.0]], "cam_ids": [0, 1, 2, 3, 4, 5], "cam_channels": ["CAM_FRONT_LEFT", "CAM_FRONT", "CAM_FRONT_RIGHT", "CAM_BACK_LEFT", "CAM_BACK", "CAM_BACK_RIGHT"], "token": "b6fcecbc91134ebbb0769dd4d30e5a47", "scene": "scene-0866"}, {"images": ["samples/CAM_FRONT_LEFT/n015-2018-10-08-16-03-24+0800__CAM_FRONT_LEFT__1538986300654844.jpg", "samples/CAM_FRONT/n015-2018-10-08-16-03-24+0800__CAM_FRONT__1538986300662460.jpg", "samples/CAM_FRONT_RIGHT/n015-2018-10-08-16-03-24+0800__CAM_FRONT_RIGHT__1538986300670339.jpg", "samples/CAM_BACK_LEFT/n015-2018-10-08-16-03-24+0800__CAM_BACK_LEFT__1538986300697423.jpg", "samples/CAM_BACK/n015-2018-10-08-16-03-24+0800__CAM_BACK__1538986300687525.jpg", "samples/CAM_BACK_RIGHT/n015-2018-10-08-16-03-24+0800__CAM_BACK_RIGHT__1538986300677893.jpg"], "intrinsics": [[[1272.5979470598488, 0.0, 826.6154927353808], [0.0, 1272.5979470598488, 479.75165386361925], [0.0, 0.0, 1.0]], [[1266.417203046554, 0.0, 816.2670197447984], [0.0, 1266.417203046554, 491.50706579294757], [0.0, 0.0, 1.0]], [[1260.8474446004698, 0.0, 807.968244525554], [0.0, 1260.8474446004698, 495.3344268742088], [0.0, 0.0, 1.0]], [[1256.7414812095406, 0.0, 792.1125740759628], [0.0, 1256.7414812095406, 492.7757465151356], [0.0, 0.0, 1.0]], [[809.2209905677063, 0.0, 829.2196003259838], [0.0, 809.2209905677063, 481.77842384512485], [0.0, 0.0, 1.0]], [[1259.5137405846733, 0.0, 807.2529053838625], [0.0, 1259.5137405846733, 501.19579884916527], [0.0, 0.0, 1.0]]], "extrinsics": [[[0.8201172947883606, -0.5721745491027832, 0.004895737860351801, -0.852294921875], [0.015511921606957912, 0.013679223135113716, -0.9997861385345459, 1.5103530883789062], [0.5719851851463318, 0.8200178742408752, 0.020094092935323715, -1.202880859375], [0.0, 0.0, 0.0, 1.0]], [[0.004864318761974573, -0.9999439120292664, -0.009412840940058231, 0.006439208984375], [0.010465209372341633, 0.009463341906666756, -0.9999005198478699, 1.5217018127441406], [0.9999334216117859, 0.004765338264405727, 0.010510655120015144, -1.5797119140625], [0.0, 0.0, 0.0, 1.0]], [[-0.8330053687095642, -0.5525407791137695, -0.028296034783124924, 0.959716796875], [0.01637015864253044, 0.02650640159845352, -0.9995145201683044, 1.5050621032714844], [0.5530226230621338, -0.8330642580986023, -0.013034791685640812, -1.19970703125], [0.0, 0.0, 0.0, 1.0]], [[0.9475247263908386, 0.3188354969024658, 0.02325376123189926, -1.138916015625], [0.025982297956943512, -0.004306850954890251, -0.9996531009674072, 1.5886421203613281], [-0.3186247646808624, 0.9478002786636353, -0.012364925816655159, -0.104949951171875], [0.0, 0.0, 0.0, 1.0]], [[0.0026623078156262636, 0.9999793171882629, 0.005871048662811518, 0.0025787353515625], [0.00021768420992884785, 0.005870489869266748, -0.9999827742576599, 1.5793640613555908], [-0.9999964237213135, 0.0026635185349732637, -0.00020204950124025345, -0.03173828125], [0.0, 0.0, 0.0, 1.0]], [[-0.9343186616897583, 0.3557091951370239, -0.022798452526330948, 1.076171875], [0.03250957280397415, 0.021346332505345345, -0.999243438243866, 1.5535202026367188], [-0.35495349764823914, -0.9343528747558594, -0.03150822967290878, -0.08587646484375], [0.0, 0.0, 0.0, 1.0]]], "view": [[0.0, -2.0, 100.0], [-2.0, 0.0, 100.0], [0.0, 0.0, 1.0]], "bev": "bev_1209cb2d074042daaee326f31017cb69.png", "aux": "aux_1209cb2d074042daaee326f31017cb69.npz", "visibility": "visibility_1209cb2d074042daaee326f31017cb69.png", "pose": [[0.4313100278377533, -0.9022037982940674, 0.0, 599.3193359375], [0.9022037982940674, 0.4313100278377533, 0.0, 1804.057373046875], [0.0, 0.0, 1.0, 0.0], [0.0, 0.0, 0.0, 1.0]], "pose_inverse": [[0.4313100278377533, 0.9022037982940674, 0.0, -1886.119873046875], [-0.9022037982940674, 0.4313100278377533, 0.0, -237.3998565673828], [0.0, 0.0, 1.0, 0.0], [0.0, 0.0, 0.0, 1.0]], "cam_ids": [0, 1, 2, 3, 4, 5], "cam_channels": ["CAM_FRONT_LEFT", "CAM_FRONT", "CAM_FRONT_RIGHT", "CAM_BACK_LEFT", "CAM_BACK", "CAM_BACK_RIGHT"], "token": "1209cb2d074042daaee326f31017cb69", "scene": "scene-0866"}, {"images": ["samples/CAM_FRONT_LEFT/n015-2018-10-08-16-03-24+0800__CAM_FRONT_LEFT__1538986301154844.jpg", "samples/CAM_FRONT/n015-2018-10-08-16-03-24+0800__CAM_FRONT__1538986301162460.jpg", "samples/CAM_FRONT_RIGHT/n015-2018-10-08-16-03-24+0800__CAM_FRONT_RIGHT__1538986301170339.jpg", "samples/CAM_BACK_LEFT/n015-2018-10-08-16-03-24+0800__CAM_BACK_LEFT__1538986301197423.jpg", "samples/CAM_BACK/n015-2018-10-08-16-03-24+0800__CAM_BACK__1538986301187525.jpg", "samples/CAM_BACK_RIGHT/n015-2018-10-08-16-03-24+0800__CAM_BACK_RIGHT__1538986301177893.jpg"], "intrinsics": [[[1272.5979470598488, 0.0, 826.6154927353808], [0.0, 1272.5979470598488, 479.75165386361925], [0.0, 0.0, 1.0]], [[1266.417203046554, 0.0, 816.2670197447984], [0.0, 1266.417203046554, 491.50706579294757], [0.0, 0.0, 1.0]], [[1260.8474446004698, 0.0, 807.968244525554], [0.0, 1260.8474446004698, 495.3344268742088], [0.0, 0.0, 1.0]], [[1256.7414812095406, 0.0, 792.1125740759628], [0.0, 1256.7414812095406, 492.7757465151356], [0.0, 0.0, 1.0]], [[809.2209905677063, 0.0, 829.2196003259838], [0.0, 809.2209905677063, 481.77842384512485], [0.0, 0.0, 1.0]], [[1259.5137405846733, 0.0, 807.2529053838625], [0.0, 1259.5137405846733, 501.19579884916527], [0.0, 0.0, 1.0]]], "extrinsics": [[[0.820434033870697, -0.5717290043830872, -0.003727598348632455, -0.8504638671875], [0.0053165084682404995, 0.014148342423141003, -0.9998857975006104, 1.5089616775512695], [0.5717164278030396, 0.8203205466270447, 0.014647383242845535, -1.202392578125], [0.0, 0.0, 0.0, 1.0]], [[0.005242518149316311, -0.9999343156814575, -0.01019030250608921, 0.0069427490234375], [-0.0007021971978247166, 0.010186759755015373, -0.9999479055404663, 1.520439863204956], [0.9999859929084778, 0.0052493782714009285, -0.0006487471400760114, -1.5775146484375], [0.0, 0.0, 0.0, 1.0]], [[-0.8330543041229248, -0.5528756976127625, -0.018683936446905136, 0.957763671875], [0.004173730965703726, 0.02749219723045826, -0.9996132850646973, 1.5039911270141602], [0.5531755685806274, -0.8328100442886353, -0.02059493586421013, -1.19793701171875], [0.0, 0.0, 0.0, 1.0]], [[0.9477090239524841, 0.3190123438835144, 0.008878765627741814, -1.1402587890625], [0.010263343341648579, -0.002659443998709321, -0.999943733215332, 1.5885791778564453], [-0.31897079944610596, 0.9477468729019165, -0.005794510245323181, -0.104400634765625], [0.0, 0.0, 0.0, 1.0]], [[0.0024685964453965425, 0.999970555305481, 0.007269666064530611, 0.0024871826171875], [-0.014218167401850224, 0.007304050028324127, -0.9998722672462463, 1.578866958618164], [-0.9998958706855774, 0.0023649106733500957, 0.014235778711736202, -0.0325927734375], [0.0, 0.0, 0.0, 1.0]], [[-0.9346660375595093, 0.3553845286369324, -0.010064232163131237, 1.0745849609375], [0.019338954240083694, 0.022554932162165642, -0.9995585680007935, 1.5527000427246094], [-0.35500070452690125, -0.9344480037689209, -0.027954094111919403, -0.08624267578125], [0.0, 0.0, 0.0, 1.0]]], "view": [[0.0, -2.0, 100.0], [-2.0, 0.0, 100.0], [0.0, 0.0, 1.0]], "bev": "bev_db80bd5e933e4c0b9c545bdccb9dd4b0.png", "aux": "aux_db80bd5e933e4c0b9c545bdccb9dd4b0.npz", "visibility": "visibility_db80bd5e933e4c0b9c545bdccb9dd4b0.png", "pose": [[0.4204801917076111, -0.9073017239570618, 0.0, 599.9779052734375], [0.9073017239570618, 0.4204801917076111, 0.0, 1805.437744140625], [0.0, 0.0, 1.0, 0.0], [0.0, 0.0, 0.0, 1.0]], "pose_inverse": [[0.4204801917076111, 0.9073017239570618, 0.0, -1890.3555908203125], [-0.9073017239570618, 0.4204801917076111, 0.0, -214.78982543945312], [0.0, 0.0, 1.0, 0.0], [0.0, 0.0, 0.0, 1.0]], "cam_ids": [0, 1, 2, 3, 4, 5], "cam_channels": ["CAM_FRONT_LEFT", "CAM_FRONT", "CAM_FRONT_RIGHT", "CAM_BACK_LEFT", "CAM_BACK", "CAM_BACK_RIGHT"], "token": "db80bd5e933e4c0b9c545bdccb9dd4b0", "scene": "scene-0866"}, {"images": ["samples/CAM_FRONT_LEFT/n015-2018-10-08-16-03-24+0800__CAM_FRONT_LEFT__1538986301654844.jpg", "samples/CAM_FRONT/n015-2018-10-08-16-03-24+0800__CAM_FRONT__1538986301662460.jpg", "samples/CAM_FRONT_RIGHT/n015-2018-10-08-16-03-24+0800__CAM_FRONT_RIGHT__1538986301670339.jpg", "samples/CAM_BACK_LEFT/n015-2018-10-08-16-03-24+0800__CAM_BACK_LEFT__1538986301697423.jpg", "samples/CAM_BACK/n015-2018-10-08-16-03-24+0800__CAM_BACK__1538986301687525.jpg", "samples/CAM_BACK_RIGHT/n015-2018-10-08-16-03-24+0800__CAM_BACK_RIGHT__1538986301677893.jpg"], "intrinsics": [[[1272.5979470598488, 0.0, 826.6154927353808], [0.0, 1272.5979470598488, 479.75165386361925], [0.0, 0.0, 1.0]], [[1266.417203046554, 0.0, 816.2670197447984], [0.0, 1266.417203046554, 491.50706579294757], [0.0, 0.0, 1.0]], [[1260.8474446004698, 0.0, 807.968244525554], [0.0, 1260.8474446004698, 495.3344268742088], [0.0, 0.0, 1.0]], [[1256.7414812095406, 0.0, 792.1125740759628], [0.0, 1256.7414812095406, 492.7757465151356], [0.0, 0.0, 1.0]], [[809.2209905677063, 0.0, 829.2196003259838], [0.0, 809.2209905677063, 481.77842384512485], [0.0, 0.0, 1.0]], [[1259.5137405846733, 0.0, 807.2529053838625], [0.0, 1259.5137405846733, 501.19579884916527], [0.0, 0.0, 1.0]]], "extrinsics": [[[0.8201256990432739, -0.5721444487571716, -0.006678103003650904, -0.832275390625], [-0.0014675336424261332, 0.009567913599312305, -0.9999531507492065, 1.5080041885375977], [0.5721815824508667, 0.820097029209137, 0.0070072500966489315, -1.1885986328125], [0.0, 0.0, 0.0, 1.0]], [[0.004815272055566311, -0.9999732971191406, -0.005483606830239296, 0.0063629150390625], [-0.006631002761423588, 0.005451619625091553, -0.9999631643295288, 1.5196552276611328], [0.9999663829803467, 0.004851451143622398, -0.006604575086385012, -1.5604248046875], [0.0, 0.0, 0.0, 1.0]], [[-0.8332859873771667, -0.5527163743972778, -0.011786626651883125, 0.948486328125], [-0.0008487714803777635, 0.022599078714847565, -0.999744176864624, 1.503547191619873], [0.5528414249420166, -0.8330628871917725, -0.01930062659084797, -1.192138671875], [0.0, 0.0, 0.0, 1.0]], [[0.9477620720863342, 0.3189318776130676, 0.005415164865553379, -1.1405029296875], [0.008389844559133053, -0.007953968830406666, -0.999933123588562, 1.5885696411132812], [-0.3188674747943878, 0.9477442502975464, -0.010214259847998619, -0.104248046875], [0.0, 0.0, 0.0, 1.0]], [[0.0026536756195127964, 0.9999942779541016, 0.0020983275026082993, 0.00274658203125], [-0.017241984605789185, 0.0021437769755721092, -0.9998490810394287, 1.5786895751953125], [-0.9998478293418884, 0.0026171167846769094, 0.017247572541236877, -0.0364990234375], [0.0, 0.0, 0.0, 1.0]], [[-0.93462073802948, 0.3555566966533661, -0.007963741198182106, 1.0675048828125], [0.01518928725272417, 0.01753482036292553, -0.9997308850288391, 1.5525627136230469], [-0.35532134771347046, -0.9344902038574219, -0.021789060905575752, -0.0894775390625], [0.0, 0.0, 0.0, 1.0]]], "view": [[0.0, -2.0, 100.0], [-2.0, 0.0, 100.0], [0.0, 0.0, 1.0]], "bev": "bev_638c348d8fdf410093025f654a9bf7eb.png", "aux": "aux_638c348d8fdf410093025f654a9bf7eb.npz", "visibility": "visibility_638c348d8fdf410093025f654a9bf7eb.png", "pose": [[0.4096837043762207, -0.9122276306152344, 0.0, 600.7008666992188], [0.9122276306152344, 0.4096837043762207, 0.0, 1806.9967041015625], [0.0, 0.0, 1.0, 0.0], [0.0, 0.0, 0.0, 1.0]], "pose_inverse": [[0.4096837043762207, 0.9122276306152344, 0.0, -1894.48974609375], [-0.9122276306152344, 0.4096837043762207, 0.0, -192.32119750976562], [0.0, 0.0, 1.0, 0.0], [0.0, 0.0, 0.0, 1.0]], "cam_ids": [0, 1, 2, 3, 4, 5], "cam_channels": ["CAM_FRONT_LEFT", "CAM_FRONT", "CAM_FRONT_RIGHT", "CAM_BACK_LEFT", "CAM_BACK", "CAM_BACK_RIGHT"], "token": "638c348d8fdf410093025f654a9bf7eb", "scene": "scene-0866"}, {"images": ["samples/CAM_FRONT_LEFT/n015-2018-10-08-16-03-24+0800__CAM_FRONT_LEFT__1538986302154844.jpg", "samples/CAM_FRONT/n015-2018-10-08-16-03-24+0800__CAM_FRONT__1538986302162460.jpg", "samples/CAM_FRONT_RIGHT/n015-2018-10-08-16-03-24+0800__CAM_FRONT_RIGHT__1538986302170339.jpg", "samples/CAM_BACK_LEFT/n015-2018-10-08-16-03-24+0800__CAM_BACK_LEFT__1538986302197423.jpg", "samples/CAM_BACK/n015-2018-10-08-16-03-24+0800__CAM_BACK__1538986302187525.jpg", "samples/CAM_BACK_RIGHT/n015-2018-10-08-16-03-24+0800__CAM_BACK_RIGHT__1538986302177893.jpg"], "intrinsics": [[[1272.5979470598488, 0.0, 826.6154927353808], [0.0, 1272.5979470598488, 479.75165386361925], [0.0, 0.0, 1.0]], [[1266.417203046554, 0.0, 816.2670197447984], [0.0, 1266.417203046554, 491.50706579294757], [0.0, 0.0, 1.0]], [[1260.8474446004698, 0.0, 807.968244525554], [0.0, 1260.8474446004698, 495.3344268742088], [0.0, 0.0, 1.0]], [[1256.7414812095406, 0.0, 792.1125740759628], [0.0, 1256.7414812095406, 492.7757465151356], [0.0, 0.0, 1.0]], [[809.2209905677063, 0.0, 829.2196003259838], [0.0, 809.2209905677063, 481.77842384512485], [0.0, 0.0, 1.0]], [[1259.5137405846733, 0.0, 807.2529053838625], [0.0, 1259.5137405846733, 501.19579884916527], [0.0, 0.0, 1.0]]], "extrinsics": [[[0.8202275633811951, -0.5719586610794067, 0.009490817785263062, -0.8167724609375], [0.018816446885466576, 0.010394359938800335, -0.9997689127922058, 1.5116310119628906], [0.5717276930809021, 0.8202165961265564, 0.019287968054413795, -1.177978515625], [0.0, 0.0, 0.0, 1.0]], [[0.00505994213744998, -0.9999680519104004, -0.00618465943261981, 0.0064544677734375], [0.013596398755908012, 0.006252963561564684, -0.999888002872467, 1.5225410461425781], [0.9998947381973267, 0.004975261632353067, 0.013627602718770504, -1.5443115234375], [0.0, 0.0, 0.0, 1.0]], [[-0.8328637480735779, -0.5527189373970032, -0.02898045815527439, 0.937255859375], [0.019273366779088974, 0.023366443812847137, -0.9995411038398743, 1.5058403015136719], [0.5531424283981323, -0.8330401182174683, -0.00880830641835928, -1.18511962890625], [0.0, 0.0, 0.0, 1.0]], [[0.9474888443946838, 0.3188725709915161, 0.024192998185753822, -1.1429443359375], [0.027997927740216255, -0.007353604305535555, -0.9995809197425842, 1.588531494140625], [-0.31856098771095276, 0.9477691054344177, -0.01589522697031498, -0.103546142578125], [0.0, 0.0, 0.0, 1.0]], [[0.0026401104405522346, 0.9999925494194031, 0.0028218873776495457, 0.0027313232421875], [0.0025937866885215044, 0.00281504075974226, -0.9999926686286926, 1.5794668197631836], [-0.9999932050704956, 0.002647392451763153, -0.0025863363407552242, -0.0396728515625], [0.0, 0.0, 0.0, 1.0]], [[-0.9342752695083618, 0.35557323694229126, -0.026409897953271866, 1.05908203125], [0.03519430011510849, 0.01825791969895363, -0.999213695526123, 1.554351806640625], [-0.3548114001750946, -0.9344701170921326, -0.02957206964492798, -0.0926513671875], [0.0, 0.0, 0.0, 1.0]]], "view": [[0.0, -2.0, 100.0], [-2.0, 0.0, 100.0], [0.0, 0.0, 1.0]], "bev": "bev_314b4268910e4a378c26783ff8e40250.png", "aux": "aux_314b4268910e4a378c26783ff8e40250.npz", "visibility": "visibility_314b4268910e4a378c26783ff8e40250.png", "pose": [[0.3961012363433838, -0.9182068705558777, 0.0, 601.505126953125], [0.9182068705558777, 0.3961012363433838, 0.0, 1808.8050537109375], [0.0, 0.0, 1.0, 0.0], [0.0, 0.0, 0.0, 1.0]], "pose_inverse": [[0.3961012363433838, 0.9182068705558777, 0.0, -1899.1141357421875], [-0.9182068705558777, 0.3961012363433838, 0.0, -164.1637725830078], [0.0, 0.0, 1.0, 0.0], [0.0, 0.0, 0.0, 1.0]], "cam_ids": [0, 1, 2, 3, 4, 5], "cam_channels": ["CAM_FRONT_LEFT", "CAM_FRONT", "CAM_FRONT_RIGHT", "CAM_BACK_LEFT", "CAM_BACK", "CAM_BACK_RIGHT"], "token": "314b4268910e4a378c26783ff8e40250", "scene": "scene-0866"}, {"images": ["samples/CAM_FRONT_LEFT/n015-2018-10-08-16-03-24+0800__CAM_FRONT_LEFT__1538986302654844.jpg", "samples/CAM_FRONT/n015-2018-10-08-16-03-24+0800__CAM_FRONT__1538986302662460.jpg", "samples/CAM_FRONT_RIGHT/n015-2018-10-08-16-03-24+0800__CAM_FRONT_RIGHT__1538986302670339.jpg", "samples/CAM_BACK_LEFT/n015-2018-10-08-16-03-24+0800__CAM_BACK_LEFT__1538986302697423.jpg", "samples/CAM_BACK/n015-2018-10-08-16-03-24+0800__CAM_BACK__1538986302687525.jpg", "samples/CAM_BACK_RIGHT/n015-2018-10-08-16-03-24+0800__CAM_BACK_RIGHT__1538986302677893.jpg"], "intrinsics": [[[1272.5979470598488, 0.0, 826.6154927353808], [0.0, 1272.5979470598488, 479.75165386361925], [0.0, 0.0, 1.0]], [[1266.417203046554, 0.0, 816.2670197447984], [0.0, 1266.417203046554, 491.50706579294757], [0.0, 0.0, 1.0]], [[1260.8474446004698, 0.0, 807.968244525554], [0.0, 1260.8474446004698, 495.3344268742088], [0.0, 0.0, 1.0]], [[1256.7414812095406, 0.0, 792.1125740759628], [0.0, 1256.7414812095406, 492.7757465151356], [0.0, 0.0, 1.0]], [[809.2209905677063, 0.0, 829.2196003259838], [0.0, 809.2209905677063, 481.77842384512485], [0.0, 0.0, 1.0]], [[1259.5137405846733, 0.0, 807.2529053838625], [0.0, 1259.5137405846733, 501.19579884916527], [0.0, 0.0, 1.0]]], "extrinsics": [[[0.8195660710334778, -0.5728446245193481, 0.012665956281125546, -0.8013916015625], [0.01831730827689171, 0.00409974530339241, -0.999823808670044, 1.5118904113769531], [0.572691798210144, 0.8196537494659424, 0.013852981850504875, -1.1669921875], [0.0, 0.0, 0.0, 1.0]], [[0.004118230193853378, -0.9999915361404419, 6.079622471588664e-05, 0.00650787353515625], [0.013025946915149689, -7.147559244913282e-06, -0.9999151825904846, 1.5226688385009766], [0.999906599521637, 0.004118644632399082, 0.013025806285440922, -1.528564453125], [0.0, 0.0, 0.0, 1.0]], [[-0.8332716226577759, -0.5522962212562561, -0.02504480630159378, 0.9263916015625], [0.0186807569116354, 0.017147697508335114, -0.9996784329414368, 1.5060081481933594], [0.5525481700897217, -0.8334715366363525, -0.003971376921981573, -1.177490234375], [0.0, 0.0, 0.0, 1.0]], [[0.94754558801651, 0.3188856542110443, 0.021663282066583633, -1.1416015625], [0.027311697602272034, -0.013251710683107376, -0.9995390772819519, 1.5885810852050781], [-0.3184516131877899, 0.947700560092926, -0.02126590721309185, -0.103973388671875], [0.0, 0.0, 0.0, 1.0]], [[0.002968380693346262, 0.9999904632568359, -0.003232603194192052, 0.0026092529296875], [0.001919418340548873, -0.003238308709114