[{"images": ["samples/CAM_FRONT_LEFT/n008-2018-08-28-16-16-48-0400__CAM_FRONT_LEFT__1535488157004799.jpg", "samples/CAM_FRONT/n008-2018-08-28-16-16-48-0400__CAM_FRONT__1535488157012404.jpg", "samples/CAM_FRONT_RIGHT/n008-2018-08-28-16-16-48-0400__CAM_FRONT_RIGHT__1535488157020482.jpg", "samples/CAM_BACK_LEFT/n008-2018-08-28-16-16-48-0400__CAM_BACK_LEFT__1535488157047405.jpg", "samples/CAM_BACK/n008-2018-08-28-16-16-48-0400__CAM_BACK__1535488157037558.jpg", "samples/CAM_BACK_RIGHT/n008-2018-08-28-16-16-48-0400__CAM_BACK_RIGHT__1535488157028113.jpg"], "intrinsics": [[[1257.8625342125129, 0.0, 827.2410631095686], [0.0, 1257.8625342125129, 450.915498205774], [0.0, 0.0, 1.0]], [[1252.8131021185304, 0.0, 826.588114781398], [0.0, 1252.8131021185304, 469.9846626224581], [0.0, 0.0, 1.0]], [[1256.7485116440405, 0.0, 817.7887570959712], [0.0, 1256.7485116440403, 451.9541780095127], [0.0, 0.0, 1.0]], [[1254.9860565800168, 0.0, 829.5769333630991], [0.0, 1254.9860565800168, 467.1680561863987], [0.0, 0.0, 1.0]], [[796.8910634503094, 0.0, 857.7774326863696], [0.0, 796.8910634503094, 476.8848988407415], [0.0, 0.0, 1.0]], [[1249.9629280788233, 0.0, 825.3768045375984], [0.0, 1249.9629280788233, 462.54816385708756], [0.0, 0.0, 1.0]]], "extrinsics": [[[0.8223434686660767, -0.5684147477149963, -0.02561093680560589, -1.0050048828125], [-0.008242294192314148, 0.03310616314411163, -0.9994178414344788, 1.4882965087890625], [0.5689317584037781, 0.8220757842063904, 0.022539591416716576, -1.333251953125], [0.0, 0.0, 0.0, 1.0]], [[0.009986355900764465, -0.9995282292366028, -0.029046472162008286, 0.0054931640625], [-0.006302487570792437, 0.02898442931473255, -0.9995599985122681, 1.48016357421875], [0.9999302625656128, 0.010164998471736908, -0.006010064389556646, -1.7346954345703125], [0.0, 0.0, 0.0, 1.0]], [[-0.8441693186759949, -0.53593510389328, -0.012312166392803192, 1.090576171875], [0.0017034438205882907, 0.02028532512485981, -0.999792754650116, 1.4930686950683594], [0.5360738635063171, -0.84401535987854, -0.016211312264204025, -1.277587890625], [0.0, 0.0, 0.0, 1.0]], [[0.9477642178535461, 0.3187767267227173, -0.011148141697049141, -1.143829345703125], [-0.023682627826929092, 0.03547168895602226, -0.9990900158882141, 1.5620460510253906], [-0.3180913031101227, 0.947165846824646, 0.04116826876997948, -0.1561279296875], [0.0, 0.0, 0.0, 1.0]], [[0.00946179311722517, 0.9995707273483276, 0.02773023024201393, -0.0289306640625], [-0.021563321352005005, 0.027928978204727173, -0.9993772506713867, 1.5680618286132812], [-0.9997226595878601, 0.008857961744070053, 0.02181832119822502, 0.044281005859375], [0.0, 0.0, 0.0, 1.0]], [[-0.9236319661140442, 0.38285642862319946, 0.018026800826191902, 1.16070556640625], [-0.01735556684434414, 0.00520740170031786, -0.9998357892036438, 1.5478105545043945], [-0.38288745284080505, -0.9237931370735168, 0.0018349688034504652, -0.043701171875], [0.0, 0.0, 0.0, 1.0]]], "view": [[0.0, -2.0, 100.0], [-2.0, 0.0, 100.0], [0.0, 0.0, 1.0]], "bev": "bev_4d0fe4580503410c92351de7dacd0961.png", "aux": "aux_4d0fe4580503410c92351de7dacd0961.npz", "visibility": "visibility_4d0fe4580503410c92351de7dacd0961.png", "pose": [[-0.8595702648162842, -0.5110175609588623, 0.0, 591.8135986328125], [0.5110175609588623, -0.8595702648162842, 0.0, 1516.8297119140625], [0.0, 0.0, 1.0, 0.0], [0.0, 0.0, 0.0, 1.0]], "pose_inverse": [[-0.8595702648162842, 0.5110175609588623, 0.0, -266.42120361328125], [-0.5110175609588623, -0.8595702648162842, 0.0, 1606.2489013671875], [0.0, 0.0, 1.0, 0.0], [0.0, 0.0, 0.0, 1.0]], "cam_ids": [0, 1, 2, 3, 4, 5], "cam_channels": ["CAM_FRONT_LEFT", "CAM_FRONT", "CAM_FRONT_RIGHT", "CAM_BACK_LEFT", "CAM_BACK", "CAM_BACK_RIGHT"], "token": "4d0fe4580503410c92351de7dacd0961", "scene": "scene-0683"}, {"images": ["samples/CAM_FRONT_LEFT/n008-2018-08-28-16-16-48-0400__CAM_FRONT_LEFT__1535488157504799.jpg", "samples/CAM_FRONT/n008-2018-08-28-16-16-48-0400__CAM_FRONT__1535488157512406.jpg", "samples/CAM_FRONT_RIGHT/n008-2018-08-28-16-16-48-0400__CAM_FRONT_RIGHT__1535488157520482.jpg", "samples/CAM_BACK_LEFT/n008-2018-08-28-16-16-48-0400__CAM_BACK_LEFT__1535488157547405.jpg", "samples/CAM_BACK/n008-2018-08-28-16-16-48-0400__CAM_BACK__1535488157537558.jpg", "samples/CAM_BACK_RIGHT/n008-2018-08-28-16-16-48-0400__CAM_BACK_RIGHT__1535488157528113.jpg"], "intrinsics": [[[1257.8625342125129, 0.0, 827.2410631095686], [0.0, 1257.8625342125129, 450.915498205774], [0.0, 0.0, 1.0]], [[1252.8131021185304, 0.0, 826.588114781398], [0.0, 1252.8131021185304, 469.9846626224581], [0.0, 0.0, 1.0]], [[1256.7485116440405, 0.0, 817.7887570959712], [0.0, 1256.7485116440403, 451.9541780095127], [0.0, 0.0, 1.0]], [[1254.9860565800168, 0.0, 829.5769333630991], [0.0, 1254.9860565800168, 467.1680561863987], [0.0, 0.0, 1.0]], [[796.8910634503094, 0.0, 857.7774326863696], [0.0, 796.8910634503094, 476.8848988407415], [0.0, 0.0, 1.0]], [[1249.9629280788233, 0.0, 825.3768045375984], [0.0, 1249.9629280788233, 462.54816385708756], [0.0, 0.0, 1.0]]], "extrinsics": [[[0.8223559260368347, -0.5683920979499817, -0.025711826980113983, -1.005126953125], [-0.008346285670995712, 0.033134158700704575, -0.9994160532951355, 1.4882926940917969], [0.5689122080802917, 0.8220903277397156, 0.022504106163978577, -1.333251953125], [0.0, 0.0, 0.0, 1.0]], [[0.010006425902247429, -0.9995267987251282, -0.029085485264658928, 0.00537109375], [-0.006386048160493374, 0.029022470116615295, -0.9995583891868591, 1.48016357421875], [0.999929666519165, 0.010187740437686443, -0.006092614959925413, -1.734710693359375], [0.0, 0.0, 0.0, 1.0]], [[-0.8441604971885681, -0.53594970703125, -0.012286425568163395, 1.09063720703125], [0.0016416313592344522, 0.02033412829041481, -0.9997918605804443, 1.493072509765625], [0.5360879898071289, -0.8440049290657043, -0.01628543809056282, -1.277587890625], [0.0, 0.0, 0.0, 1.0]], [[0.9477625489234924, 0.3187803030014038, -0.011193710379302502, -1.1439208984375], [-0.02373449318110943, 0.035482604056596756, -0.9990884065628052, 1.562042236328125], [-0.31809255480766296, 0.9471642374992371, 0.04119517281651497, -0.1561279296875], [0.0, 0.0, 0.0, 1.0]], [[0.009455927647650242, 0.999569833278656, 0.027762683108448982, -0.0289306640625], [-0.021609952673316002, 0.027961714193224907, -0.9993753433227539, 1.5680580139160156], [-0.9997217655181885, 0.008850101381540298, 0.021865060552954674, 0.0443115234375], [0.0, 0.0, 0.0, 1.0]], [[-0.9236356616020203, 0.38284358382225037, 0.018106823787093163, 1.16058349609375], [-0.01741674728691578, 0.005268721375614405, -0.999834418296814, 1.5478134155273438], [-0.38287559151649475, -0.9237982034683228, 0.0018015094101428986, -0.043701171875], [0.0, 0.0, 0.0, 1.0]]], "view": [[0.0, -2.0, 100.0], [-2.0, 0.0, 100.0], [0.0, 0.0, 1.0]], "bev": "bev_a8b50cc6f2a941758533d5c7d2ef2ef9.png", "aux": "aux_a8b50cc6f2a941758533d5c7d2ef2ef9.npz", "visibility": "visibility_a8b50cc6f2a941758533d5c7d2ef2ef9.png", "pose": [[-0.8596120476722717, -0.5109472870826721, 0.0, 591.8135986328125], [0.5109472870826721, -0.8596120476722717, 0.0, 1516.8297119140625], [0.0, 0.0, 1.0, 0.0], [0.0, 0.0, 0.0, 1.0]], "pose_inverse": [[-0.8596120476722717, 0.5109472870826721, 0.0, -266.28997802734375], [-0.5109472870826721, -0.8596120476722717, 0.0, 1606.2706298828125], [0.0, 0.0, 1.0, 0.0], [0.0, 0.0, 0.0, 1.0]], "cam_ids": [0, 1, 2, 3, 4, 5], "cam_channels": ["CAM_FRONT_LEFT", "CAM_FRONT", "CAM_FRONT_RIGHT", "CAM_BACK_LEFT", "CAM_BACK", "CAM_BACK_RIGHT"], "token": "a8b50cc6f2a941758533d5c7d2ef2ef9", "scene": "scene-0683"}, {"images": ["samples/CAM_FRONT_LEFT/n008-2018-08-28-16-16-48-0400__CAM_FRONT_LEFT__1535488158004799.jpg", "samples/CAM_FRONT/n008-2018-08-28-16-16-48-0400__CAM_FRONT__1535488158012404.jpg", "samples/CAM_FRONT_RIGHT/n008-2018-08-28-16-16-48-0400__CAM_FRONT_RIGHT__1535488158020482.jpg", "samples/CAM_BACK_LEFT/n008-2018-08-28-16-16-48-0400__CAM_BACK_LEFT__1535488158047405.jpg", "samples/CAM_BACK/n008-2018-08-28-16-16-48-0400__CAM_BACK__1535488158037558.jpg", "samples/CAM_BACK_RIGHT/n008-2018-08-28-16-16-48-0400__CAM_BACK_RIGHT__1535488158028113.jpg"], "intrinsics": [[[1257.8625342125129, 0.0, 827.2410631095686], [0.0, 1257.8625342125129, 450.915498205774], [0.0, 0.0, 1.0]], [[1252.8131021185304, 0.0, 826.588114781398], [0.0, 1252.8131021185304, 469.9846626224581], [0.0, 0.0, 1.0]], [[1256.7485116440405, 0.0, 817.7887570959712], [0.0, 1256.7485116440403, 451.9541780095127], [0.0, 0.0, 1.0]], [[1254.9860565800168, 0.0, 829.5769333630991], [0.0, 1254.9860565800168, 467.1680561863987], [0.0, 0.0, 1.0]], [[796.8910634503094, 0.0, 857.7774326863696], [0.0, 796.8910634503094, 476.8848988407415], [0.0, 0.0, 1.0]], [[1249.9629280788233, 0.0, 825.3768045375984], [0.0, 1249.9629280788233, 462.54816385708756], [0.0, 0.0, 1.0]]], "extrinsics": [[[0.8223544955253601, -0.568385124206543, -0.025913257151842117, -1.0050048828125], [-0.008478092029690742, 0.03329776972532272, -0.999409556388855, 1.4882965087890625], [0.5689124464988708, 0.8220885992050171, 0.0225637499243021, -1.333251953125], [0.0, 0.0, 0.0, 1.0]], [[0.010004648938775063, -0.9995219111442566, -0.029255468398332596, 0.0052490234375], [-0.0065285274758934975, 0.029191020876169205, -0.9995525479316711, 1.48016357421875], [0.9999286532402039, 0.010191165842115879, -0.006233359687030315, -1.73468017578125], [0.0, 0.0, 0.0, 1.0]], [[-0.8441615700721741, -0.5359489321708679, -0.012249736115336418, 1.09063720703125], [0.0014877922367304564, 0.020507942885160446, -0.9997885823249817, 1.493072509765625], [0.5360867977142334, -0.8440013527870178, -0.01651463843882084, -1.2777099609375], [0.0, 0.0, 0.0, 1.0]], [[0.9477614164352417, 0.31878089904785156, -0.011277941055595875, -1.143951416015625], [-0.023902304470539093, 0.03571783006191254, -0.9990760684013367, 1.562042236328125], [-0.3180835247039795, 0.9471551775932312, 0.04147157445549965, -0.1561279296875], [0.0, 0.0, 0.0, 1.0]], [[0.009459816850721836, 0.9995635151863098, 0.027986491098999977, -0.0286865234375], [-0.021777132526040077, 0.028187042102217674, -0.9993653893470764, 1.5680618286132812], [-0.9997180700302124, 0.0088443448767066, 0.02203427255153656, 0.0443115234375], [0.0, 0.0, 0.0, 1.0]], [[-0.9236332774162292, 0.3828388750553131, 0.018326953053474426, 1.16070556640625], [-0.01757986471056938, 0.005450073629617691, -0.9998306035995483, 1.547811508178711], [-0.38287389278411865, -0.9237990379333496, 0.0016963871894404292, -0.043701171875], [0.0, 0.0, 0.0, 1.0]]], "view": [[0.0, -2.0, 100.0], [-2.0, 0.0, 100.0], [0.0, 0.0, 1.0]], "bev": "bev_459d40f4e71940eb930847582b16fd2a.png", "aux": "aux_459d40f4e71940eb930847582b16fd2a.npz", "visibility": "visibility_459d40f4e71940eb930847582b16fd2a.png", "pose": [[-0.8595962524414062, -0.5109738707542419, 0.0, 591.8135986328125], [0.5109738707542419, -0.8595962524414062, 0.0, 1516.8297119140625], [0.0, 0.0, 1.0, 0.0], [0.0, 0.0, 0.0, 1.0]], "pose_inverse": [[-0.8595962524414062, 0.5109738707542419, 0.0, -266.3396301269531], [-0.5109738707542419, -0.8595962524414062, 0.0, 1606.262451171875], [0.0, 0.0, 1.0, 0.0], [0.0, 0.0, 0.0, 1.0]], "cam_ids": [0, 1, 2, 3, 4, 5], "cam_channels": ["CAM_FRONT_LEFT", "CAM_FRONT", "CAM_FRONT_RIGHT", "CAM_BACK_LEFT", "CAM_BACK", "CAM_BACK_RIGHT"], "token": "459d40f4e71940eb930847582b16fd2a", "scene": "scene-0683"}, {"images": ["samples/CAM_FRONT_LEFT/n008-2018-08-28-16-16-48-0400__CAM_FRONT_LEFT__1535488158504799.jpg", "samples/CAM_FRONT/n008-2018-08-28-16-16-48-0400__CAM_FRONT__1535488158512404.jpg", "samples/CAM_FRONT_RIGHT/n008-2018-08-28-16-16-48-0400__CAM_FRONT_RIGHT__1535488158520482.jpg", "samples/CAM_BACK_LEFT/n008-2018-08-28-16-16-48-0400__CAM_BACK_LEFT__1535488158547405.jpg", "samples/CAM_BACK/n008-2018-08-28-16-16-48-0400__CAM_BACK__1535488158537558.jpg", "samples/CAM_BACK_RIGHT/n008-2018-08-28-16-16-48-0400__CAM_BACK_RIGHT__1535488158528113.jpg"], "intrinsics": [[[1257.8625342125129, 0.0, 827.2410631095686], [0.0, 1257.8625342125129, 450.915498205774], [0.0, 0.0, 1.0]], [[1252.8131021185304, 0.0, 826.588114781398], [0.0, 1252.8131021185304, 469.9846626224581], [0.0, 0.0, 1.0]], [[1256.7485116440405, 0.0, 817.7887570959712], [0.0, 1256.7485116440403, 451.9541780095127], [0.0, 0.0, 1.0]], [[1254.9860565800168, 0.0, 829.5769333630991], [0.0, 1254.9860565800168, 467.1680561863987], [0.0, 0.0, 1.0]], [[796.8910634503094, 0.0, 857.7774326863696], [0.0, 796.8910634503094, 476.8848988407415], [0.0, 0.0, 1.0]], [[1249.9629280788233, 0.0, 825.3768045375984], [0.0, 1249.9629280788233, 462.54816385708756], [0.0, 0.0, 1.0]]], "extrinsics": [[[0.8223320245742798, -0.5684105157852173, -0.026068370789289474, -1.0048828125], [-0.008662231266498566, 0.033302873373031616, -0.9994077086448669, 1.4882965087890625], [0.5689420104026794, 0.822070837020874, 0.02246231772005558, -1.333251953125], [0.0, 0.0, 0.0, 1.0]], [[0.00997326709330082, -0.9995222687721252, -0.029252154752612114, 0.00537109375], [-0.006690414622426033, 0.029186254367232323, -0.9995515942573547, 1.4801597595214844], [0.9999278783798218, 0.010164494626224041, -0.006396133918315172, -1.73468017578125], [0.0, 0.0, 0.0, 1.0]], [[-0.8441746234893799, -0.5359311103820801, -0.01212435681372881, 1.09063720703125], [0.0013494690647348762, 0.02049258165061474, -0.9997890591621399, 1.4930763244628906], [0.5360665321350098, -0.844012975692749, -0.016576100140810013, -1.2774658203125], [0.0, 0.0, 0.0, 1.0]], [[0.9477594494819641, 0.31878015398979187, -0.01145735289901495, -1.143890380859375], [-0.024064403027296066, 0.035637445747852325, -0.9990750551223755, 1.562042236328125], [-0.3180769979953766, 0.9471584558486938, 0.041446980088949203, -0.156005859375], [0.0, 0.0, 0.0, 1.0]], [[0.009469373151659966, 0.9995652437210083, 0.027921227738261223, -0.0286865234375], [-0.02192411944270134, 0.02812330424785614, -0.9993640184402466, 1.5680618286132812], [-0.9997147917747498, 0.008851214312016964, 0.02218089997768402, 0.04443359375], [0.0, 0.0, 0.0, 1.0]], [[-0.9236252903938293, 0.3828527331352234, 0.01843908615410328, 1.16058349609375], [-0.017713936045765877, 0.005419531837105751, -0.9998283982276917, 1.547811508178711], [-0.3828868865966797, -0.9237934947013855, 0.0017762131756171584, -0.0435791015625], [0.0, 0.0, 0.0, 1.0]]], "view": [[0.0, -2.0, 100.0], [-2.0, 0.0, 100.0], [0.0, 0.0, 1.0]], "bev": "bev_57989730dd144d85bd74b17673374b27.png", "aux": "aux_57989730dd144d85bd74b17673374b27.npz", "visibility": "visibility_57989730dd144d85bd74b17673374b27.png", "pose": [[-0.8596081733703613, -0.5109537839889526, 0.0, 591.8135986328125], [0.5109537839889526, -0.8596081733703613, 0.0, 1516.8297119140625], [0.0, 0.0, 1.0, 0.0], [0.0, 0.0, 0.0, 1.0]], "pose_inverse": [[-0.8596081733703613, 0.5109537839889526, 0.0, -266.3020935058594], [-0.5109537839889526, -0.8596081733703613, 0.0, 1606.2686767578125], [0.0, 0.0, 1.0, 0.0], [0.0, 0.0, 0.0, 1.0]], "cam_ids": [0, 1, 2, 3, 4, 5], "cam_channels": ["CAM_FRONT_LEFT", "CAM_FRONT", "CAM_FRONT_RIGHT", "CAM_BACK_LEFT", "CAM_BACK", "CAM_BACK_RIGHT"], "token": "57989730dd144d85bd74b17673374b27", "scene": "scene-0683"}, {"images": ["samples/CAM_FRONT_LEFT/n008-2018-08-28-16-16-48-0400__CAM_FRONT_LEFT__1535488159004799.jpg", "samples/CAM_FRONT/n008-2018-08-28-16-16-48-0400__CAM_FRONT__1535488159012404.jpg", "samples/CAM_FRONT_RIGHT/n008-2018-08-28-16-16-48-0400__CAM_FRONT_RIGHT__1535488159020482.jpg", "samples/CAM_BACK_LEFT/n008-2018-08-28-16-16-48-0400__CAM_BACK_LEFT__1535488159047412.jpg", "samples/CAM_BACK/n008-2018-08-28-16-16-48-0400__CAM_BACK__1535488159037558.jpg", "samples/CAM_BACK_RIGHT/n008-2018-08-28-16-16-48-0400__CAM_BACK_RIGHT__1535488159028113.jpg"], "intrinsics": [[[1257.8625342125129, 0.0, 827.2410631095686], [0.0, 1257.8625342125129, 450.915498205774], [0.0, 0.0, 1.0]], [[1252.8131021185304, 0.0, 826.588114781398], [0.0, 1252.8131021185304, 469.9846626224581], [0.0, 0.0, 1.0]], [[1256.7485116440405, 0.0, 817.7887570959712], [0.0, 1256.7485116440403, 451.9541780095127], [0.0, 0.0, 1.0]], [[1254.9860565800168, 0.0, 829.5769333630991], [0.0, 1254.9860565800168, 467.1680561863987], [0.0, 0.0, 1.0]], [[796.8910634503094, 0.0, 857.7774326863696], [0.0, 796.8910634503094, 476.8848988407415], [0.0, 0.0, 1.0]], [[1249.9629280788233, 0.0, 825.3768045375984], [0.0, 1249.9629280788233, 462.54816385708756], [0.0, 0.0, 1.0]]], "extrinsics": [[[0.8223478198051453, -0.5683891177177429, -0.02603619173169136, -1.0050048828125], [-0.008545949123799801, 0.03341541439294815, -0.999405026435852, 1.4882965087890625], [0.568920910358429, 0.8220810294151306, 0.022621668875217438, -1.3333740234375], [0.0, 0.0, 0.0, 1.0]], [[0.009996120817959309, -0.9995191693305969, -0.029351582750678062, 0.00537109375], [-0.0065871914848685265, 0.029286591336131096, -0.999549388885498, 1.48016357421875], [0.9999282360076904, 0.010184955783188343, -0.006291271187365055, -1.734710693359375], [0.0, 0.0, 0.0, 1.0]], [[-0.8441647887229919, -0.5359438061714172, -0.012247014790773392, 1.09063720703125], [0.0014388866256922483, 0.020580049604177475, -0.9997871518135071, 1.493072509765625], [0.5360817909240723, -0.8440028429031372, -0.016601793467998505, -1.277587890625], [0.0, 0.0, 0.0, 1.0]], [[0.9477593898773193, 0.3187854290008545, -0.011312689632177353, -1.14385986328125], [-0.023932425305247307, 0.0356978103518486, -0.9990760087966919, 1.5620460510253906], [-0.31808707118034363, 0.9471544027328491, 0.0414622500538826, -0.1561279296875], [0.0, 0.0, 0.0, 1.0]], [[0.0094621442258358, 0.999563455581665, 0.02799064852297306, -0.029052734375], [-0.021814756095409393, 0.02819158136844635, -0.99936443567276, 1.5680580139160156], [-0.9997172951698303, 0.008845564909279346, 0.02207198552787304, 0.0443115234375], [0.0, 0.0, 0.0, 1.0]], [[-0.9236313700675964, 0.38284122943878174, 0.018377067521214485, 1.16058349609375], [-0.017614934593439102, 0.005496363155543804, -0.9998297095298767, 1.547811508178711], [-0.382876992225647, -0.9237977862358093, 0.001667110831476748, -0.043701171875], [0.0, 0.0, 0.0, 1.0]]], "view": [[0.0, -2.0, 100.0], [-2.0, 0.0, 100.0], [0.0, 0.0, 1.0]], "bev": "bev_ecf97b1ac67a4fcbb62e2d4a8defff98.png", "aux": "aux_ecf97b1ac67a4fcbb62e2d4a8defff98.npz", "visibility": "visibility_ecf97b1ac67a4fcbb62e2d4a8defff98.png", "pose": [[-0.8596121072769165, -0.5109471678733826, 0.0, 591.8135986328125], [0.5109471678733826, -0.8596121072769165, 0.0, 1516.8297119140625], [0.0, 0.0, 1.0, 0.0], [0.0, 0.0, 0.0, 1.0]], "pose_inverse": [[-0.8596121072769165, 0.5109471678733826, 0.0, -266.2897644042969], [-0.5109471678733826, -0.8596121072769165, 0.0, 1606.2706298828125], [0.0, 0.0, 1.0, 0.0], [0.0, 0.0, 0.0, 1.0]], "cam_ids": [0, 1, 2, 3, 4, 5], "cam_channels": ["CAM_FRONT_LEFT", "CAM_FRONT", "CAM_FRONT_RIGHT", "CAM_BACK_LEFT", "CAM_BACK", "CAM_BACK_RIGHT"], "token": "ecf97b1ac67a4fcbb62e2d4a8defff98", "scene": "scene-0683"}, {"images": ["samples/CAM_FRONT_LEFT/n008-2018-08-28-16-16-48-0400__CAM_FRONT_LEFT__1535488159504799.jpg", "samples/CAM_FRONT/n008-2018-08-28-16-16-48-0400__CAM_FRONT__1535488159512404.jpg", "samples/CAM_FRONT_RIGHT/n008-2018-08-28-16-16-48-0400__CAM_FRONT_RIGHT__1535488159520482.jpg", "samples/CAM_BACK_LEFT/n008-2018-08-28-16-16-48-0400__CAM_BACK_LEFT__1535488159547405.jpg", "samples/CAM_BACK/n008-2018-08-28-16-16-48-0400__CAM_BACK__1535488159537558.jpg", "samples/CAM_BACK_RIGHT/n008-2018-08-28-16-16-48-0400__CAM_BACK_RIGHT__1535488159528113.jpg"], "intrinsics": [[[1257.8625342125129, 0.0, 827.2410631095686], [0.0, 1257.8625342125129, 450.915498205774], [0.0, 0.0, 1.0]], [[1252.8131021185304, 0.0, 826.588114781398], [0.0, 1252.8131021185304, 469.9846626224581], [0.0, 0.0, 1.0]], [[1256.7485116440405, 0.0, 817.7887570959712], [0.0, 1256.7485116440403, 451.9541780095127], [0.0, 0.0, 1.0]], [[1254.9860565800168, 0.0, 829.5769333630991], [0.0, 1254.9860565800168, 467.1680561863987], [0.0, 0.0, 1.0]], [[796.8910634503094, 0.0, 857.7774326863696], [0.0, 796.8910634503094, 476.8848988407415], [0.0, 0.0, 1.0]], [[1249.9629280788233, 0.0, 825.3768045375984], [0.0, 1249.9629280788233, 462.54816385708756], [0.0, 0.0, 1.0]]], "extrinsics": [[[0.8223409652709961, -0.5684028267860413, -0.02595527656376362, -1.0050048828125], [-0.008565510623157024, 0.03324440121650696, -0.9994105696678162, 1.4882926940917969], [0.5689305663108826, 0.82207852602005, 0.022469568997621536, -1.33349609375], [0.0, 0.0, 0.0, 1.0]], [[0.009985710494220257, -0.9995238184928894, -0.029194267466664314, 0.0052490234375], [-0.0066114626824855804, 0.029129089787602425, -0.9995537996292114, 1.48016357421875], [0.9999282360076904, 0.010174263268709183, -0.006317440420389175, -1.734710693359375], [0.0, 0.0, 0.0, 1.0]], [[-0.8441694378852844, -0.5359389185905457, -0.01214537862688303, 1.09063720703125], [0.0014095818623900414, 0.020436853170394897, -0.9997901320457458, 1.493072509765625], [0.5360746383666992, -0.8440093994140625, -0.016496717929840088, -1.277587890625], [0.0, 0.0, 0.0, 1.0]], [[0.9477587342262268, 0.31878411769866943, -0.011407265439629555, -1.1439208984375], [-0.02399541065096855, 0.03558868542313576, -0.9990783929824829, 1.562042236328125], [-0.31808435916900635, 0.947158932685852, 0.041378844529390335, -0.15625], [0.0, 0.0, 0.0, 1.0]], [[0.009464419446885586, 0.9995669722557068, 0.027862532064318657, -0.0289306640625], [-0.021854838356375694, 0.028063897043466568, -0.9993671774864197, 1.5680618286132812], [-0.9997163414955139, 0.00884955283254385, 0.022110985592007637, 0.04437255859375], [0.0, 0.0, 0.0, 1.0]], [[-0.9236286878585815, 0.38284820318222046, 0.018362119793891907, 1.16058349609375], [-0.017651302739977837, 0.005369600839912891, -0.9998297691345215, 1.5478105545043945], [-0.38288164138793945, -0.9237955808639526, 0.0017982531571760774, -0.043701171875], [0.0, 0.0, 0.0, 1.0]]], "view": [[0.0, -2.0, 100.0], [-2.0, 0.0, 100.0], [0.0, 0.0, 1.0]], "bev": "bev_d868bd9661014c099d06661b7f3a7cc3.png", "aux": "aux_d868bd9661014c099d06661b7f3a7cc3.npz", "visibility": "visibility_d868bd9661014c099d06661b7f3a7cc3.png", "pose": [[-0.8596467971801758, -0.5108888149261475, 0.0, 591.8135986328125], [0.5108888149261475, -0.8596467971801758, 0.0, 1516.8297119140625], [0.0, 0.0, 1.0, 0.0], [0.0, 0.0, 0.0, 1.0]], "pose_inverse": [[-0.8596467971801758, 0.5108888149261475, 0.0, -266.1806945800781], [-0.5108888149261475, -0.8596467971801758, 0.0, 1606.2886962890625], [0.0, 0.0, 1.0, 0.0], [0.0, 0.0, 0.0, 1.0]], "cam_ids": [0, 1, 2, 3, 4, 5], "cam_channels": ["CAM_FRONT_LEFT", "CAM_FRONT", "CAM_FRONT_RIGHT", "CAM_BACK_LEFT", "CAM_BACK", "CAM_BACK_RIGHT"], "token": "d868bd9661014c099d06661b7f3a7cc3", "scene": "scene-0683"}, {"images": ["samples/CAM_FRONT_LEFT/n008-2018-08-28-16-16-48-0400__CAM_FRONT_LEFT__1535488160004799.jpg", "samples/CAM_FRONT/n008-2018-08-28-16-16-48-0400__CAM_FRONT__1535488160012404.jpg", "samples/CAM_FRONT_RIGHT/n008-2018-08-28-16-16-48-0400__CAM_FRONT_RIGHT__1535488160020482.jpg", "samples/CAM_BACK_LEFT/n008-2018-08-28-16-16-48-0400__CAM_BACK_LEFT__1535488160047412.jpg", "samples/CAM_BACK/n008-2018-08-28-16-16-48-0400__CAM_BACK__1535488160037558.jpg", "samples/CAM_BACK_RIGHT/n008-2018-08-28-16-16-48-0400__CAM_BACK_RIGHT__1535488160029516.jpg"], "intrinsics": [[[1257.8625342125129, 0.0, 827.2410631095686], [0.0, 1257.8625342125129, 450.915498205774], [0.0, 0.0, 1.0]], [[1252.8131021185304, 0.0, 826.588114781398], [0.0, 1252.8131021185304, 469.9846626224581], [0.0, 0.0, 1.0]], [[1256.7485116440405, 0.0, 817.7887570959712], [0.0, 1256.7485116440403, 451.9541780095127], [0.0, 0.0, 1.0]], [[1254.9860565800168, 0.0, 829.5769333630991], [0.0, 1254.9860565800168, 467.1680561863987], [0.0, 0.0, 1.0]], [[796.8910634503094, 0.0, 857.7774326863696], [0.0, 796.8910634503094, 476.8848988407415], [0.0, 0.0, 1.0]], [[1249.9629280788233, 0.0, 825.3768045375984], [0.0, 1249.9629280788233, 462.54816385708756], [0.0, 0.0, 1.0]]], "extrinsics": [[[0.8223789930343628, -0.5683478713035583, -0.025952037423849106, -1.005126953125], [-0.008568793535232544, 0.03323660045862198, -0.9994107484817505, 1.4883003234863281], [0.5688755512237549, 0.8221167922019958, 0.022463027387857437, -1.3333740234375], [0.0, 0.0, 0.0, 1.0]], [[0.010042914189398289, -0.9995234608650208, -0.029189305379986763, 0.00537109375], [-0.006616252940148115, 0.029123717918992043, -0.999553918838501, 1.4801597595214844], [0.9999276399612427, 0.010231598280370235, -0.006320612970739603, -1.734710693359375], [0.0, 0.0, 0.0, 1.0]], [[-0.8441447019577026, -0.5359780788421631, -0.012139485217630863, 1.09063720703125], [0.001403320231474936, 0.020434293895959854, -0.9997901916503906, 1.493072509765625], [0.5361136198043823, -0.8439846038818359, -0.016497351229190826, -1.277587890625], [0.0, 0.0, 0.0, 1.0]], [[0.9477584958076477, 0.31878626346588135, -0.011368372477591038, -1.144012451171875], [-0.023957401514053345, 0.0355972945690155, -0.9990789890289307, 1.562042236328125], [-0.31808796525001526, 0.9471578598022461, 0.04137492924928665, -0.1561279296875], [0.0, 0.0, 0.0, 1.0]], [[0.009448115713894367, 0.9995667934417725, 0.027874117717146873, -0.02880859375], [-0.02184290811419487, 0.02807501144707203, -0.9993671178817749, 1.5680656433105469], [-0.9997167587280273, 0.008833304978907108, 0.02209870144724846, 0.044189453125], [0.0, 0.0, 0.0, 1.0]], [[-0.9236406683921814, 0.38281962275505066, 0.01835709623992443, 1.16070556640625], [-0.017648160457611084, 0.0053639174439013, -0.999829888343811, 1.547811508178711], [-0.3828529417514801, -0.9238075017929077, 0.0018017302500084043, -0.043701171875], [0.0, 0.0, 0.0, 1.0]]], "view": [[0.0, -2.0, 100.0], [-2.0, 0.0, 100.0], [0.0, 0.0, 1.0]], "bev": "bev_48edc191e09b4fe8860cfa5ff773c91f.png", "aux": "aux_48edc191e09b4fe8860cfa5ff773c91f.npz", "visibility": "visibility_48edc191e09b4fe8860cfa5ff773c91f.png", "pose": [[-0.8595929145812988, -0.5109794735908508, 0.0, 591.8135986328125], [0.5109794735908508, -0.8595929145812988, 0.0, 1516.8297119140625], [0.0, 0.0, 1.0, 0.0], [0.0, 0.0, 0.0, 1.0]], "pose_inverse": [[-0.8595929145812988, 0.5109794735908508, 0.0, -266.35003662109375], [-0.5109794735908508, -0.8595929145812988, 0.0, 1606.2606201171875], [0.0, 0.0, 1.0, 0.0], [0.0, 0.0, 0.0, 1.0]], "cam_ids": [0, 1, 2, 3, 4, 5], "cam_channels": ["CAM_FRONT_LEFT", "CAM_FRONT", "CAM_FRONT_RIGHT", "CAM_BACK_LEFT", "CAM_BACK", "CAM_BACK_RIGHT"], "token": "48edc191e09b4fe8860cfa5ff773c91f", "scene": "scene-0683"}, {"images": ["samples/CAM_FRONT_LEFT/n008-2018-08-28-16-16-48-0400__CAM_FRONT_LEFT__1535488160504799.jpg", "samples/CAM_FRONT/n008-2018-08-28-16-16-48-0400__CAM_FRONT__1535488160512404.jpg", "samples/CAM_FRONT_RIGHT/n008-2018-08-28-16-16-48-0400__CAM_FRONT_RIGHT__1535488160521138.jpg", "samples/CAM_BACK_LEFT/n008-2018-08-28-16-16-48-0400__CAM_BACK_LEFT__1535488160547405.jpg", "samples/CAM_BACK/n008-2018-08-28-16-16-48-0400__CAM_BACK__1535488160537558.jpg", "samples/CAM_BACK_RIGHT/n008-2018-08-28-16-16-48-0400__CAM_BACK_RIGHT__1535488160528113.jpg"], "intrinsics": [[[1257.8625342125129, 0.0, 827.2410631095686], [0.0, 1257.8625342125129, 450.915498205774], [0.0, 0.0, 1.0]], [[1252.8131021185304, 0.0, 826.588114781398], [0.0, 1252.8131021185304, 469.9846626224581], [0.0, 0.0, 1.0]], [[1256.7485116440405, 0.0, 817.7887570959712], [0.0, 1256.7485116440403, 451.9541780095127], [0.0, 0.0, 1.0]], [[1254.9860565800168, 0.0, 829.5769333630991], [0.0, 1254.9860565800168, 467.1680561863987], [0.0, 0.0, 1.0]], [[796.8910634503094, 0.0, 857.7774326863696], [0.0, 796.8910634503094, 476.8848988407415], [0.0, 0.0, 1.0]], [[1249.9629280788233, 0.0, 825.3768045375984], [0.0, 1249.9629280788233, 462.54816385708756], [0.0, 0.0, 1.0]]], "extrinsics": [[[0.8223539590835571, -0.5683845281600952, -0.02594323270022869, -1.005126953125], [-0.008576414547860622, 0.033208366483449936, -0.9994116425514221, 1.4882926940917969], [0.5689116716384888, 0.822092592716217, 0.022434329614043236, -1.33349609375], [0.0, 0.0, 0.0, 1.0]], [[0.010007183067500591, -0.9995245933532715, -0.02916247397661209, 0.00537109375], [-0.006614583544433117, 0.02909712679684162, -0.9995547533035278, 1.48016357421875], [0.9999280571937561, 0.010195608250796795, -0.006320258602499962, -1.734619140625], [0.0, 0.0, 0.0, 1.0]], [[-0.8441593050956726, -0.5359549522399902, -0.01213614922016859, 1.090576171875], [0.0014154978562146425, 0.02040974237024784, -0.9997906684875488, 1.493072509765625], [0.5360904932022095, -0.8439999222755432, -0.01647043228149414, -1.277587890625], [0.0, 0.0, 0.0, 1.0]], [[0.9477590322494507, 0.31878432631492615, -0.011375701986253262, -1.14398193359375], [-0.023967472836375237, 0.03560454770922661, -0.9990785121917725, 1.562042236328125], [-0.31808552145957947, 0.9471583366394043, 0.0413849838078022, -0.1561279296875], [0.0, 0.0, 0.0, 1.0]], [[0.009457622654736042, 0.9995669722557068, 0.027862325310707092, -0.0286865234375], [-0.021838631480932236, 0.028063399717211723, -0.9993675351142883, 1.5680618286132812], [-0.9997168183326721, 0.008843250572681427, 0.022094590589404106, 0.04425048828125], [0.0, 0.0, 0.0, 1.0]], [[-0.9236339330673218, 0.3828362226486206, 0.018349748104810715, 1.16070556640625], [-0.017646463587880135, 0.005348904523998499, -0.9998300075531006, 1.547811508178711], [-0.38286927342414856, -0.9238007664680481, 0.001815275987610221, -0.0438232421875], [0.0, 0.0, 0.0, 1.0]]], "view": [[0.0, -2.0, 100.0], [-2.0, 0.0, 100.0], [0.0, 0.0, 1.0]], "bev": "bev_2d3d18943b7046bda990c9882e537672.png", "aux": "aux_2d3d18943b7046bda990c9882e537672.npz", "visibility": "visibility_2d3d18943b7046bda990c9882e537672.png", "pose": [[-0.8595899939537048, -0.5109844207763672, 0.0, 591.8135986328125], [0.5109844207763672, -0.8595899939537048, 0.0, 1516.8297119140625], [0.0, 0.0, 1.0, 0.0], [0.0, 0.0, 0.0, 1.0]], "pose_inverse": [[-0.8595899939537048, 0.5109844207763672, 0.0, -266.3592834472656], [-0.5109844207763672, -0.8595899939537048, 0.0, 1606.2591552734375], [0.0, 0.0, 1.0, 0.0], [0.0, 0.0, 0.0, 1.0]], "cam_ids": [0, 1, 2, 3, 4, 5], "cam_channels": ["CAM_FRONT_LEFT", "CAM_FRONT", "CAM_FRONT_RIGHT", "CAM_BACK_LEFT", "CAM_BACK", "CAM_BACK_RIGHT"], "token": "2d3d18943b7046bda990c9882e537672", "scene": "scene-0683"}, {"images": ["samples/CAM_FRONT_LEFT/n008-2018-08-28-16-16-48-0400__CAM_FRONT_LEFT__1535488161004799.jpg", "samples/CAM_FRONT/n008-2018-08-28-16-16-48-0400__CAM_FRONT__1535488161012404.jpg", "samples/CAM_FRONT_RIGHT/n008-2018-08-28-16-16-48-0400__CAM_FRONT_RIGHT__1535488161020482.jpg", "samples/CAM_BACK_LEFT/n008-2018-08-28-16-16-48-0400__CAM_BACK_LEFT__1535488161047408.jpg", "samples/CAM_BACK/n008-2018-08-28-16-16-48-0400__CAM_BACK__1535488161037558.jpg", "samples/CAM_BACK_RIGHT/n008-2018-08-28-16-16-48-0400__CAM_BACK_RIGHT__1535488161028113.jpg"], "intrinsics": [[[1257.8625342125129, 0.0, 827.2410631095686], [0.0, 1257.8625342125129, 450.915498205774], [0.0, 0.0, 1.0]], [[1252.8131021185304, 0.0, 826.588114781398], [0.0, 1252.8131021185304, 469.9846626224581], [0.0, 0.0, 1.0]], [[1256.7485116440405, 0.0, 817.7887570959712], [0.0, 1256.7485116440403, 451.9541780095127], [0.0, 0.0, 1.0]], [[1254.9860565800168, 0.0, 829.5769333630991], [0.0, 1254.9860565800168, 467.1680561863987], [0.0, 0.0, 1.0]], [[796.8910634503094, 0.0, 857.7774326863696], [0.0, 796.8910634503094, 476.8848988407415], [0.0, 0.0, 1.0]], [[1249.9629280788233, 0.0, 825.3768045375984], [0.0, 1249.9629280788233, 462.54816385708756], [0.0, 0.0, 1.0]]], "extrinsics": [[[0.8223564624786377, -0.5683848857879639, -0.025856323540210724, -1.0050048828125], [-0.008424644358456135, 0.03327503427863121, -0.9994106888771057, 1.4882965087890625], [0.5689103007316589, 0.8220897316932678, 0.02257549576461315, -1.3333740234375], [0.0, 0.0, 0.0, 1.0]], [[0.010008416138589382, -0.9995223879814148, -0.029237613081932068, 0.00537109375], [-0.006471250206232071, 0.029173722490668297, -0.9995534420013428, 1.48016357421875], [0.9999289512634277, 0.010193122550845146, -0.006176177877932787, -1.7347259521484375], [0.0, 0.0, 0.0, 1.0]], [[-0.8441594243049622, -0.5359511971473694, -0.012295449152588844, 1.090576171875], [0.0015491776866838336, 0.020496448501944542, -0.999788761138916, 1.4930763244628906], [0.5360899567604065, -0.8440001010894775, -0.016471989452838898, -1.277587890625], [0.0, 0.0, 0.0, 1.0]], [[0.947761058807373, 0.3187841773033142, -0.011208947747945786, -1.1439208984375], [-0.023822495713829994, 0.03569628670811653, -0.9990786910057068, 1.562042236328125], [-0.31809043884277344, 0.9471549391746521, 0.041425783187150955, -0.15625], [0.0, 0.0, 0.0, 1.0]], [[0.00945768877863884, 0.9995642900466919, 0.027959832921624184, -0.0286865234375], [-0.021703999489545822, 0.028159692883491516, -0.9993677735328674, 1.5680694580078125], [-0.9997196197509766, 0.008844884112477303, 0.021960871294140816, 0.044342041015625], [0.0, 0.0, 0.0, 1.0]], [[-0.9236351251602173, 0.38283780217170715, 0.018259329721331596, 1.1607666015625], [-0.01751134730875492, 0.005438764579594135, -0.9998318552970886, 1.5478096008300781], [-0.3828727900981903, -0.9237995147705078, 0.0016805741470307112, -0.043701171875], [0.0, 0.0, 0.0, 1.0]]], "view": [[0.0, -2.0, 100.0], [-2.0, 0.0, 100.0], [0.0, 0.0, 1.0]], "bev": "bev_e656407ef5cf41ab8c9e2372e3d2f21c.png", "aux": "aux_e656407ef5cf41ab8c9e2372e3d2f21c.npz", "visibility": "visibility_e656407ef5cf41ab8c9e2372e3d2f21c.png", "pose": [[-0.8595826029777527, -0.5109968185424805, 0.0, 591.8135986328125], [0.5109968185424805, -0.8595826029777527, 0.0, 1516.8297119140625], [0.0, 0.0, 1.0, 0.0], [0.0, 0.0, 0.0, 1.0]], "pose_inverse": [[-0.8595826029777527, 0.5109968185424805, 0.0, -266.38250732421875], [-0.5109968185424805, -0.8595826029777527, 0.0, 1606.2552490234375], [0.0, 0.0, 1.0, 0.0], [0.0, 0.0, 0.0, 1.0]], "cam_ids": [0, 1, 2, 3, 4, 5], "cam_channels": ["CAM_FRONT_LEFT", "CAM_FRONT", "CAM_FRONT_RIGHT", "CAM_BACK_LEFT", "CAM_BACK", "CAM_BACK_RIGHT"], "token": "e656407ef5cf41ab8c9e2372e3d2f21c", "scene": "scene-0683"}, {"images": ["samples/CAM_FRONT_LEFT/n008-2018-08-28-16-16-48-0400__CAM_FRONT_LEFT__1535488161504799.jpg", "samples/CAM_FRONT/n008-2018-08-28-16-16-48-0400__CAM_FRONT__1535488161512404.jpg", "samples/CAM_FRONT_RIGHT/n008-2018-08-28-16-16-48-0400__CAM_FRONT_RIGHT__1535488161520482.jpg", "samples/CAM_BACK_LEFT/n008-2018-08-28-16-16-48-0400__CAM_BACK_LEFT__1535488161547405.jpg", "samples/CAM_BACK/n008-2018-08-28-16-16-48-0400__CAM_BACK__1535488161537558.jpg", "samples/CAM_BACK_RIGHT/n008-2018-08-28-16-16-48-0400__CAM_BACK_RIGHT__1535488161528113.jpg"], "intrinsics": [[[1257.8625342125129, 0.0, 827.2410631095686], [0.0, 1257.8625342125129, 450.915498205774], [0.0, 0.0, 1.0]], [[1252.8131021185304, 0.0, 826.588114781398], [0.0, 1252.8131021185304, 469.9846626224581], [0.0, 0.0, 1.0]], [[1256.7485116440405, 0.0, 817.7887570959712], [0.0, 1256.7485116440403, 451.9541780095127], [0.0, 0.0, 1.0]], [[1254.9860565800168, 0.0, 829.5769333630991], [0.0, 1254.9860565800168, 467.1680561863987], [0.0, 0.0, 1.0]], [[796.8910634503094, 0.0, 857.7774326863696], [0.0, 796.8910634503094, 476.8848988407415], [0.0, 0.0, 1.0]], [[1249.9629280788233, 0.0, 825.3768045375984], [0.0, 1249.9629280788233, 462.54816385708756], [0.0, 0.0, 1.0]]], "extrinsics": [[[0.8223481178283691, -0.5683944821357727, -0.025909973308444023, -1.005126953125], [-0.008424215018749237, 0.03336940333247185, -0.9994075894355774, 1.4883003234863281], [0.5689224004745483, 0.8220791816711426, 0.022652987390756607, -1.3333740234375], [0.0, 0.0, 0.0, 1.0]], [[0.009994459338486195, -0.9995198249816895, -0.02932770736515522, 0.0052490234375], [-0.006458983290940523, 0.02926403097808361, -0.9995508193969727, 1.48016357421875], [0.9999291300773621, 0.010179453529417515, -0.006163403391838074, -1.734771728515625], [0.0, 0.0, 0.0, 1.0]], [[-0.844166100025177, -0.5359390377998352, -0.01236221008002758, 1.0906982421875], [0.001573955058120191, 0.020582370460033417, -0.999786913394928, 1.493072509765625], [0.5360792279243469, -0.8440057635307312, -0.01653139851987362, -1.277587890625], [0.0, 0.0, 0.0, 1.0]], [[0.9477631449699402, 0.3187798857688904, -0.011156457476317883, -1.143951416015625], [-0.02379387617111206, 0.035776421427726746, -0.9990764856338501, 1.5620460510253906], [-0.3180863857269287, 0.9471533298492432, 0.041492585092782974, -0.1561279296875], [0.0, 0.0, 0.0, 1.0]], [[0.00946225505322218, 0.9995619654655457, 0.028042424470186234, -0.02880859375], [-0.021666644141077995, 0.028242038562893867, -0.9993662238121033, 1.5680656433105469], [-0.9997203946113586, 0.00884870532900095, 0.021924389526247978, 0.044281005859375], [0.0, 0.0, 0.0, 1.0]], [[-0.9236317276954651, 0.38284534215927124, 0.0182686448097229, 1.16070556640625], [-0.01748449169099331, 0.005527921952307224, -0.9998318552970886, 1.5478134155273438], [-0.3828819692134857, -0.923795759677887, 0.0015880916034802794, -0.0438232421875], [0.0, 0.0, 0.0, 1.0]]], "view": [[0.0, -2.0, 100.0], [-2.0, 0.0, 100.0], [0.0, 0.0, 1.0]], "bev": "bev_b2d4c2f2efb44edda5b3928a551f2e9e.png", "aux": "aux_b2d4c2f2efb44edda5b3928a551f2e9e.npz", "visibility": "visibility_b2d4c2f2efb44edda5b3928a551f2e9e.png", "pose": [[-0.8596005439758301, -0.5109665989875793, 0.0, 591.8135986328125], [0.5109665989875793, -0.8596005439758301, 0.0, 1516.8297119140625], [0.0, 0.0, 1.0, 0.0], [0.0, 0.0, 0.0, 1.0]], "pose_inverse": [[-0.8596005439758301, 0.5109665989875793, 0.0, -266.3260498046875], [-0.5109665989875793, -0.8596005439758301, 0.0, 1606.2646484375], [0.0, 0.0, 1.0, 0.0], [0.0, 0.0, 0.0, 1.0]], "cam_ids": [0, 1, 2, 3, 4, 5], "cam_channels": ["CAM_FRONT_LEFT", "CAM_FRONT", "CAM_FRONT_RIGHT", "CAM_BACK_LEFT", "CAM_BACK", "CAM_BACK_RIGHT"], "token": "b2d4c2f2efb44edda5b3928a551f2e9e", "scene": "scene-0683"}, {"images": ["samples/CAM_FRONT_LEFT/n008-2018-08-28-16-16-48-0400__CAM_FRONT_LEFT__1535488162004799.jpg", "samples/CAM_FRONT/n008-2018-08-28-16-16-48-0400__CAM_FRONT__1535488162012404.jpg", "samples/CAM_FRONT_RIGHT/n008-2018-08-28-16-16-48-0400__CAM_FRONT_RIGHT__1535488162020482.jpg", "samples/CAM_BACK_LEFT/n008-2018-08-28-16-16-48-0400__CAM_BACK_LEFT__1535488162047416.jpg", "samples/CAM_BACK/n008-2018-08-28-16-16-48-0400__CAM_BACK__1535488162037558.jpg", "samples/CAM_BACK_RIGHT/n008-2018-08-28-16-16-48-0400__CAM_BACK_RIGHT__1535488162028113.jpg"], "intrinsics": [[[1257.8625342125129, 0.0, 827.2410631095686], [0.0, 1257.8625342125129, 450.915498205774], [0.0, 0.0, 1.0]], [[1252.8131021185304, 0.0, 826.588114781398], [0.0, 1252.8131021185304, 469.9846626224581], [0.0, 0.0, 1.0]], [[1256.7485116440405, 0.0, 817.7887570959712], [0.0, 1256.7485116440403, 451.9541780095127], [0.0, 0.0, 1.0]], [[1254.9860565800168, 0.0, 829.5769333630991], [0.0, 1254.9860565800168, 467.1680561863987], [0.0, 0.0, 1.0]], [[796.8910634503094, 0.0, 857.7774326863696], [0.0, 796.8910634503094, 476.8848988407415], [0.0, 0.0, 1.0]], [[1249.9629280788233, 0.0, 825.3768045375984], [0.0, 1249.9629280788233, 462.54816385708756], [0.0, 0.0, 1.0]]], "extrinsics": [[[0.8223475217819214, -0.5683977007865906, -0.025859106332063675, -1.0048828125], [-0.008333967998623848, 0.03341033309698105, -0.9994069933891296, 1.4882888793945312], [0.5689245462417603, 0.822075366973877, 0.02273789420723915, -1.33349609375], [0.0, 0.0, 0.0, 1.0]], [[0.009992745704948902, -0.9995192885398865, -0.029348867014050484, 0.00537109375], [-0.006377170328050852, 0.029286032542586327, -0.9995507597923279, 1.48016357421875], [0.9999297857284546, 0.010175460949540138, -0.006081456318497658, -1.734771728515625], [0.0, 0.0, 0.0, 1.0]], [[-0.8441669940948486, -0.5359362959861755, -0.012424678541719913, 1.09063720703125], [0.0016468120738863945, 0.02058424800634384, -0.9997867345809937, 1.493072509765625], [0.5360777378082275, -0.8440074324607849, -0.016493957489728928, -1.277587890625], [0.0, 0.0, 0.0, 1.0]], [[0.9477654695510864, 0.31877559423446655, -0.0110795758664608, -1.14385986328125], [-0.02370227687060833, 0.035745568573474884, -0.9990798234939575, 1.5620460510253906], [-0.31808629631996155, 0.9471558928489685, 0.04143412783741951, -0.1561279296875], [0.0, 0.0, 0.0, 1.0]], [[0.009462251327931881, 0.9995622634887695, 0.028031574562191963, -0.0289306640625], [-0.021590957418084145, 0.028230518102645874, -0.999368190765