[{"images": ["samples/CAM_FRONT_LEFT/n015-2018-07-27-11-24-31+0800__CAM_FRONT_LEFT__1532662083354844.jpg", "samples/CAM_FRONT/n015-2018-07-27-11-24-31+0800__CAM_FRONT__1532662083362460.jpg", "samples/CAM_FRONT_RIGHT/n015-2018-07-27-11-24-31+0800__CAM_FRONT_RIGHT__1532662083370339.jpg", "samples/CAM_BACK_LEFT/n015-2018-07-27-11-24-31+0800__CAM_BACK_LEFT__1532662083397423.jpg", "samples/CAM_BACK/n015-2018-07-27-11-24-31+0800__CAM_BACK__1532662083387525.jpg", "samples/CAM_BACK_RIGHT/n015-2018-07-27-11-24-31+0800__CAM_BACK_RIGHT__1532662083377893.jpg"], "intrinsics": [[[1272.5979470598488, 0.0, 826.6154927353808], [0.0, 1272.5979470598488, 479.75165386361925], [0.0, 0.0, 1.0]], [[1266.417203046554, 0.0, 816.2670197447984], [0.0, 1266.417203046554, 491.50706579294757], [0.0, 0.0, 1.0]], [[1260.8474446004698, 0.0, 807.968244525554], [0.0, 1260.8474446004698, 495.3344268742088], [0.0, 0.0, 1.0]], [[1256.7414812095406, 0.0, 792.1125740759628], [0.0, 1256.7414812095406, 492.7757465151356], [0.0, 0.0, 1.0]], [[809.2209905677063, 0.0, 829.2196003259838], [0.0, 809.2209905677063, 481.77842384512485], [0.0, 0.0, 1.0]], [[1259.5137405846733, 0.0, 807.2529053838625], [0.0, 1259.5137405846733, 501.19579884916527], [0.0, 0.0, 1.0]]], "extrinsics": [[[0.818483829498291, -0.5744171738624573, 0.011358865536749363, -0.7908935546875], [0.02195042371749878, 0.0115085169672966, -0.9996927976608276, 1.5128402709960938], [0.5741099715232849, 0.8184818029403687, 0.022028235718607903, -1.1614990234375], [0.0, 0.0, 0.0, 1.0]], [[0.002599856583401561, -0.9999713897705078, -0.007096942979842424, 0.0078125], [0.01741892285645008, 0.007141176611185074, -0.9998227953910828, 1.5235652923583984], [0.9998448491096497, 0.002475772285833955, 0.01743699051439762, -1.5172119140625], [0.0, 0.0, 0.0, 1.0]], [[-0.8338080644607544, -0.5510581731796265, -0.03315054997801781, 0.918212890625], [0.023851925507187843, 0.02403305470943451, -0.9994266033172607, 1.5068893432617188], [0.5515389442443848, -0.8341205716133118, -0.0068951561115682125, -1.1711273193359375], [0.0, 0.0, 0.0, 1.0]], [[0.9473952651023865, 0.31857579946517944, 0.03084821067750454, -1.1336669921875], [0.03496745601296425, -0.007217949256300926, -0.9993623495101929, 1.5888710021972656], [-0.31814998388290405, 0.9478699564933777, -0.017978038638830185, -0.1065673828125], [0.0, 0.0, 0.0, 1.0]], [[0.0035179611295461655, 0.9999887347221375, 0.0031924962531775236, 0.0020751953125], [0.008680356666445732, 0.0031618590001016855, -0.9999573230743408, 1.5798463821411133], [-0.9999561905860901, 0.003545530140399933, -0.00866913516074419, -0.0550537109375], [0.0, 0.0, 0.0, 1.0]], [[-0.9335952997207642, 0.3569788634777069, -0.0310796108096838, 1.039794921875], [0.040422458201646805, 0.018739113584160805, -0.999006986618042, 1.5555801391601562], [-0.35604190826416016, -0.9339244961738586, -0.03192470967769623, -0.098876953125], [0.0, 0.0, 0.0, 1.0]]], "view": [[0.0, -2.0, 100.0], [-2.0, 0.0, 100.0], [0.0, 0.0, 1.0]], "bev": "bev_97e5a42b5690436392a4a4121ad2b6fc.png", "aux": "aux_97e5a42b5690436392a4a4121ad2b6fc.npz", "visibility": "visibility_97e5a42b5690436392a4a4121ad2b6fc.png", "pose": [[0.9914014935493469, -0.13085512816905975, 0.0, 1327.630615234375], [0.13085512816905975, 0.9914014935493469, 0.0, 1221.6131591796875], [0.0, 0.0, 1.0, 0.0], [0.0, 0.0, 0.0, 1.0]], "pose_inverse": [[0.9914014935493469, 0.13085512816905975, 0.0, -1476.0693359375], [-0.13085512816905975, 0.9914014935493469, 0.0, -1037.3818359375], [0.0, 0.0, 1.0, 0.0], [0.0, 0.0, 0.0, 1.0]], "cam_ids": [0, 1, 2, 3, 4, 5], "cam_channels": ["CAM_FRONT_LEFT", "CAM_FRONT", "CAM_FRONT_RIGHT", "CAM_BACK_LEFT", "CAM_BACK", "CAM_BACK_RIGHT"], "token": "97e5a42b5690436392a4a4121ad2b6fc", "scene": "scene-0316"}, {"images": ["samples/CAM_FRONT_LEFT/n015-2018-07-27-11-24-31+0800__CAM_FRONT_LEFT__1532662083854844.jpg", "samples/CAM_FRONT/n015-2018-07-27-11-24-31+0800__CAM_FRONT__1532662083862460.jpg", "samples/CAM_FRONT_RIGHT/n015-2018-07-27-11-24-31+0800__CAM_FRONT_RIGHT__1532662083870339.jpg", "samples/CAM_BACK_LEFT/n015-2018-07-27-11-24-31+0800__CAM_BACK_LEFT__1532662083897427.jpg", "samples/CAM_BACK/n015-2018-07-27-11-24-31+0800__CAM_BACK__1532662083887525.jpg", "samples/CAM_BACK_RIGHT/n015-2018-07-27-11-24-31+0800__CAM_BACK_RIGHT__1532662083877893.jpg"], "intrinsics": [[[1272.5979470598488, 0.0, 826.6154927353808], [0.0, 1272.5979470598488, 479.75165386361925], [0.0, 0.0, 1.0]], [[1266.417203046554, 0.0, 816.2670197447984], [0.0, 1266.417203046554, 491.50706579294757], [0.0, 0.0, 1.0]], [[1260.8474446004698, 0.0, 807.968244525554], [0.0, 1260.8474446004698, 495.3344268742088], [0.0, 0.0, 1.0]], [[1256.7414812095406, 0.0, 792.1125740759628], [0.0, 1256.7414812095406, 492.7757465151356], [0.0, 0.0, 1.0]], [[809.2209905677063, 0.0, 829.2196003259838], [0.0, 809.2209905677063, 481.77842384512485], [0.0, 0.0, 1.0]], [[1259.5137405846733, 0.0, 807.2529053838625], [0.0, 1259.5137405846733, 501.19579884916527], [0.0, 0.0, 1.0]]], "extrinsics": [[[0.8203617930412292, -0.5718443989753723, 0.0006383640575222671, -0.7864990234375], [0.009249293245375156, 0.012152740731835365, -0.9998833537101746, 1.5102157592773438], [0.5717699527740479, 0.8202720284461975, 0.015258802101016045, -1.1588134765625], [0.0, 0.0, 0.0, 1.0]], [[0.005134602542966604, -0.9999545812606812, -0.008027262054383755, 0.0078125], [0.0030477684922516346, 0.00804297998547554, -0.9999630451202393, 1.5210628509521484], [0.9999821782112122, 0.0051099336706101894, 0.0030889271292835474, -1.5137939453125], [0.0, 0.0, 0.0, 1.0]], [[-0.8330656886100769, -0.5527967810630798, -0.020425979048013687, 0.916748046875], [0.007788832299411297, 0.025199610739946365, -0.999652087688446, 1.5046920776367188], [0.5531192421913147, -0.8329349756240845, -0.016687288880348206, -1.170179009437561], [0.0, 0.0, 0.0, 1.0]], [[0.9477348327636719, 0.3188554048538208, 0.011397718451917171, -1.1341552734375], [0.013815021142363548, -0.005320616997778416, -0.9998903870582581, 1.5886716842651367], [-0.31875982880592346, 0.947788417339325, -0.00944752898067236, -0.106536865234375], [0.0, 0.0, 0.0, 1.0]], [[0.0026066380087286234, 0.9999854564666748, 0.004733396228402853, 0.00250244140625], [-0.010705716907978058, 0.004761047195643187, -0.9999313354492188, 1.5787572860717773], [-0.9999393224716187, 0.0025557756889611483, 0.010717969387769699, -0.05419921875], [0.0, 0.0, 0.0, 1.0]], [[-0.9345704913139343, 0.35549384355545044, -0.014214356429874897, 1.0400390625], [0.022862330079078674, 0.020137345418334007, -0.9995357990264893, 1.55377197265625], [-0.35504257678985596, -0.9344616532325745, -0.02694718912243843, -0.09912109375], [0.0, 0.0, 0.0, 1.0]]], "view": [[0.0, -2.0, 100.0], [-2.0, 0.0, 100.0], [0.0, 0.0, 1.0]], "bev": "bev_04a3a699a6624482bc572c87f3fbbc05.png", "aux": "aux_04a3a699a6624482bc572c87f3fbbc05.npz", "visibility": "visibility_04a3a699a6624482bc572c87f3fbbc05.png", "pose": [[0.9877384901046753, -0.1561175286769867, 0.0, 1330.0423583984375], [0.1561175286769867, 0.9877384901046753, 0.0, 1221.9375], [0.0, 0.0, 1.0, 0.0], [0.0, 0.0, 0.0, 1.0]], "pose_inverse": [[0.9877384901046753, 0.1561175286769867, 0.0, -1504.4998779296875], [-0.1561175286769867, 0.9877384901046753, 0.0, -999.311767578125], [0.0, 0.0, 1.0, 0.0], [0.0, 0.0, 0.0, 1.0]], "cam_ids": [0, 1, 2, 3, 4, 5], "cam_channels": ["CAM_FRONT_LEFT", "CAM_FRONT", "CAM_FRONT_RIGHT", "CAM_BACK_LEFT", "CAM_BACK", "CAM_BACK_RIGHT"], "token": "04a3a699a6624482bc572c87f3fbbc05", "scene": "scene-0316"}, {"images": ["samples/CAM_FRONT_LEFT/n015-2018-07-27-11-24-31+0800__CAM_FRONT_LEFT__1532662084354844.jpg", "samples/CAM_FRONT/n015-2018-07-27-11-24-31+0800__CAM_FRONT__1532662084362460.jpg", "samples/CAM_FRONT_RIGHT/n015-2018-07-27-11-24-31+0800__CAM_FRONT_RIGHT__1532662084370339.jpg", "samples/CAM_BACK_LEFT/n015-2018-07-27-11-24-31+0800__CAM_BACK_LEFT__1532662084397423.jpg", "samples/CAM_BACK/n015-2018-07-27-11-24-31+0800__CAM_BACK__1532662084387525.jpg", "samples/CAM_BACK_RIGHT/n015-2018-07-27-11-24-31+0800__CAM_BACK_RIGHT__1532662084377893.jpg"], "intrinsics": [[[1272.5979470598488, 0.0, 826.6154927353808], [0.0, 1272.5979470598488, 479.75165386361925], [0.0, 0.0, 1.0]], [[1266.417203046554, 0.0, 816.2670197447984], [0.0, 1266.417203046554, 491.50706579294757], [0.0, 0.0, 1.0]], [[1260.8474446004698, 0.0, 807.968244525554], [0.0, 1260.8474446004698, 495.3344268742088], [0.0, 0.0, 1.0]], [[1256.7414812095406, 0.0, 792.1125740759628], [0.0, 1256.7414812095406, 492.7757465151356], [0.0, 0.0, 1.0]], [[809.2209905677063, 0.0, 829.2196003259838], [0.0, 809.2209905677063, 481.77842384512485], [0.0, 0.0, 1.0]], [[1259.5137405846733, 0.0, 807.2529053838625], [0.0, 1259.5137405846733, 501.19579884916527], [0.0, 0.0, 1.0]]], "extrinsics": [[[0.8210640549659729, -0.5708352327346802, -0.0009530409006401896, -0.78515625], [0.007950874045491219, 0.0131055423989892, -0.9998825192451477, 1.5099411010742188], [0.5707806944847107, 0.8209599852561951, 0.015299128368496895, -1.1580810546875], [0.0, 0.0, 0.0, 1.0]], [[0.006158699747174978, -0.9999393820762634, -0.0091185811907053, 0.00823974609375], [0.0026574027724564075, 0.009135088883340359, -0.9999547600746155, 1.5209932327270508], [0.9999774694442749, 0.006134164519608021, 0.002713502151891589, -1.5123291015625], [0.0, 0.0, 0.0, 1.0]], [[-0.8326165676116943, -0.5534327030181885, -0.021491825580596924, 0.9156494140625], [0.008245203644037247, 0.026414236053824425, -0.9996170401573181, 1.5047645568847656], [0.5537884831428528, -0.832474946975708, -0.017429765313863754, -1.1693575382232666], [0.0, 0.0, 0.0, 1.0]], [[0.9477419257164001, 0.31870561838150024, 0.014554657973349094, -1.1341552734375], [0.016644639894366264, -0.003835168667137623, -0.9998540878295898, 1.5887031555175781], [-0.3186032772064209, 0.9478459358215332, -0.008939490653574467, -0.10687255859375], [0.0, 0.0, 0.0, 1.0]], [[0.002369237830862403, 0.9999783039093018, 0.006152326241135597, 0.002197265625], [-0.008631610311567783, 0.006172564346343279, -0.9999436736106873, 1.5788602828979492], [-0.9999599456787109, 0.002316013677045703, 0.008646044880151749, -0.05517578125], [0.0, 0.0, 0.0, 1.0]], [[-0.9347551465034485, 0.35498008131980896, -0.014901955612003803, 1.0384521484375], [0.02408030815422535, 0.02145186811685562, -0.9994798302650452, 1.5539283752441406], [-0.3544757664203644, -0.9346277117729187, -0.02860027365386486, -0.099365234375], [0.0, 0.0, 0.0, 1.0]]], "view": [[0.0, -2.0, 100.0], [-2.0, 0.0, 100.0], [0.0, 0.0, 1.0]], "bev": "bev_62e8780e62f54a248679d952c88faab5.png", "aux": "aux_62e8780e62f54a248679d952c88faab5.npz", "visibility": "visibility_62e8780e62f54a248679d952c88faab5.png", "pose": [[0.987746000289917, -0.15606994926929474, 0.0, 1332.53857421875], [0.15606994926929474, 0.987746000289917, 0.0, 1222.3065185546875], [0.0, 0.0, 1.0, 0.0], [0.0, 0.0, 0.0, 1.0]], "pose_inverse": [[0.987746000289917, 0.15606994926929474, 0.0, -1506.9749755859375], [-0.15606994926929474, 0.987746000289917, 0.0, -999.359130859375], [0.0, 0.0, 1.0, 0.0], [0.0, 0.0, 0.0, 1.0]], "cam_ids": [0, 1, 2, 3, 4, 5], "cam_channels": ["CAM_FRONT_LEFT", "CAM_FRONT", "CAM_FRONT_RIGHT", "CAM_BACK_LEFT", "CAM_BACK", "CAM_BACK_RIGHT"], "token": "62e8780e62f54a248679d952c88faab5", "scene": "scene-0316"}, {"images": ["samples/CAM_FRONT_LEFT/n015-2018-07-27-11-24-31+0800__CAM_FRONT_LEFT__1532662084854844.jpg", "samples/CAM_FRONT/n015-2018-07-27-11-24-31+0800__CAM_FRONT__1532662084862460.jpg", "samples/CAM_FRONT_RIGHT/n015-2018-07-27-11-24-31+0800__CAM_FRONT_RIGHT__1532662084870350.jpg", "samples/CAM_BACK_LEFT/n015-2018-07-27-11-24-31+0800__CAM_BACK_LEFT__1532662084897423.jpg", "samples/CAM_BACK/n015-2018-07-27-11-24-31+0800__CAM_BACK__1532662084887525.jpg", "samples/CAM_BACK_RIGHT/n015-2018-07-27-11-24-31+0800__CAM_BACK_RIGHT__1532662084877893.jpg"], "intrinsics": [[[1272.5979470598488, 0.0, 826.6154927353808], [0.0, 1272.5979470598488, 479.75165386361925], [0.0, 0.0, 1.0]], [[1266.417203046554, 0.0, 816.2670197447984], [0.0, 1266.417203046554, 491.50706579294757], [0.0, 0.0, 1.0]], [[1260.8474446004698, 0.0, 807.968244525554], [0.0, 1260.8474446004698, 495.3344268742088], [0.0, 0.0, 1.0]], [[1256.7414812095406, 0.0, 792.1125740759628], [0.0, 1256.7414812095406, 492.7757465151356], [0.0, 0.0, 1.0]], [[809.2209905677063, 0.0, 829.2196003259838], [0.0, 809.2209905677063, 481.77842384512485], [0.0, 0.0, 1.0]], [[1259.5137405846733, 0.0, 807.2529053838625], [0.0, 1259.5137405846733, 501.19579884916527], [0.0, 0.0, 1.0]]], "extrinsics": [[[0.8222862482070923, -0.5690407156944275, -0.006159482058137655, -0.78021240234375], [0.0019019501050934196, 0.013571702875196934, -0.999906063079834, 1.5086755752563477], [0.5690707564353943, 0.8221973776817322, 0.012242112308740616, -1.152587890625], [0.0, 0.0, 0.0, 1.0]], [[0.007902976125478745, -0.9999235272407532, -0.009511105716228485, 0.006591796875], [-0.0033880514092743397, 0.00948457419872284, -0.9999493360519409, 1.519904613494873], [0.9999630451202393, 0.00793479010462761, -0.003312836168333888, -1.506591796875], [0.0, 0.0, 0.0, 1.0]], [[-0.8319423198699951, -0.5546128153800964, -0.016628503799438477, 0.911376953125], [0.0021922362502664328, 0.02668299339711666, -0.999641478061676, 1.5039634704589844], [0.5548576712608337, -0.8316805362701416, -0.02098287083208561, -1.1678276062011719], [0.0, 0.0, 0.0, 1.0]], [[0.9477828145027161, 0.3187870383262634, 0.00907238107174635, -1.1373291015625], [0.010828161612153053, -0.0037359173875302076, -0.9999343752861023, 1.5886030197143555], [-0.31873220205307007, 0.9478190541267395, -0.006992717739194632, -0.10418701171875], [0.0, 0.0, 0.0, 1.0]], [[0.0018188005778938532, 0.9999788403511047, 0.006263358518481255, 0.00341796875], [-0.014565208926796913, 0.00628919480368495, -0.9998741745948792, 1.5785341262817383], [-0.9998922348022461, 0.0017273236298933625, 0.014576338231563568, -0.0548095703125], [0.0, 0.0, 0.0, 1.0]], [[-0.9352045655250549, 0.3539874255657196, -0.009230793453752995, 1.03582763671875], [0.018067559227347374, 0.021666716784238815, -0.9996020197868347, 1.5533866882324219], [-0.35364654660224915, -0.9349991679191589, -0.026658503338694572, -0.1014404296875], [0.0, 0.0, 0.0, 1.0]]], "view": [[0.0, -2.0, 100.0], [-2.0, 0.0, 100.0], [0.0, 0.0, 1.0]], "bev": "bev_5ceb349ee7f74a638be08552906d9147.png", "aux": "aux_5ceb349ee7f74a638be08552906d9147.npz", "visibility": "visibility_5ceb349ee7f74a638be08552906d9147.png", "pose": [[0.9917809367179871, -0.12794746458530426, 0.0, 1335.0128173828125], [0.12794746458530426, 0.9917809367179871, 0.0, 1222.6439208984375], [0.0, 0.0, 1.0, 0.0], [0.0, 0.0, 0.0, 1.0]], "pose_inverse": [[0.9917809367179871, 0.12794746458530426, 0.0, -1480.4744873046875], [-0.12794746458530426, 0.9917809367179871, 0.0, -1041.783447265625], [0.0, 0.0, 1.0, 0.0], [0.0, 0.0, 0.0, 1.0]], "cam_ids": [0, 1, 2, 3, 4, 5], "cam_channels": ["CAM_FRONT_LEFT", "CAM_FRONT", "CAM_FRONT_RIGHT", "CAM_BACK_LEFT", "CAM_BACK", "CAM_BACK_RIGHT"], "token": "5ceb349ee7f74a638be08552906d9147", "scene": "scene-0316"}, {"images": ["samples/CAM_FRONT_LEFT/n015-2018-07-27-11-24-31+0800__CAM_FRONT_LEFT__1532662085354844.jpg", "samples/CAM_FRONT/n015-2018-07-27-11-24-31+0800__CAM_FRONT__1532662085362460.jpg", "samples/CAM_FRONT_RIGHT/n015-2018-07-27-11-24-31+0800__CAM_FRONT_RIGHT__1532662085370339.jpg", "samples/CAM_BACK_LEFT/n015-2018-07-27-11-24-31+0800__CAM_BACK_LEFT__1532662085397423.jpg", "samples/CAM_BACK/n015-2018-07-27-11-24-31+0800__CAM_BACK__1532662085387525.jpg", "samples/CAM_BACK_RIGHT/n015-2018-07-27-11-24-31+0800__CAM_BACK_RIGHT__1532662085377893.jpg"], "intrinsics": [[[1272.5979470598488, 0.0, 826.6154927353808], [0.0, 1272.5979470598488, 479.75165386361925], [0.0, 0.0, 1.0]], [[1266.417203046554, 0.0, 816.2670197447984], [0.0, 1266.417203046554, 491.50706579294757], [0.0, 0.0, 1.0]], [[1260.8474446004698, 0.0, 807.968244525554], [0.0, 1260.8474446004698, 495.3344268742088], [0.0, 0.0, 1.0]], [[1256.7414812095406, 0.0, 792.1125740759628], [0.0, 1256.7414812095406, 492.7757465151356], [0.0, 0.0, 1.0]], [[809.2209905677063, 0.0, 829.2196003259838], [0.0, 809.2209905677063, 481.77842384512485], [0.0, 0.0, 1.0]], [[1259.5137405846733, 0.0, 807.2529053838625], [0.0, 1259.5137405846733, 501.19579884916527], [0.0, 0.0, 1.0]]], "extrinsics": [[[0.8222022652626038, -0.568553626537323, -0.02702278085052967, -0.78857421875], [-0.023149359971284866, 0.014034595340490341, -0.9996335506439209, 1.5032787322998047], [0.568724513053894, 0.8225264549255371, -0.0016223760321736336, -1.158447265625], [0.0, 0.0, 0.0, 1.0]], [[0.008142136968672276, -0.9999147057533264, -0.010213709436357021, 0.006591796875], [-0.029133105650544167, 0.009972511790692806, -0.999525785446167, 1.5153675079345703], [0.9995424151420593, 0.008435833267867565, -0.02904941886663437, -1.51513671875], [0.0, 0.0, 0.0, 1.0]], [[-0.8318482637405396, -0.5549802184104919, 0.00502994516864419, 0.9171142578125], [-0.024233363568782806, 0.027265623211860657, -0.9993343949317932, 1.500274658203125], [0.5544738173484802, -0.8314165472984314, -0.0361298993229866, -1.1715621948242188], [0.0, 0.0, 0.0, 1.0]], [[0.947556734085083, 0.3191094994544983, -0.017475973814725876, -1.135009765625], [-0.017606280744075775, -0.0024764640256762505, -0.9998419284820557, 1.5884208679199219], [-0.31910234689712524, 0.947714626789093, 0.0032717417925596237, -0.105712890625], [0.0, 0.0, 0.0, 1.0]], [[0.0016448069363832474, 0.9999730587005615, 0.007152208127081394, 0.0029296875], [-0.04233869910240173, 0.007215440738946199, -0.999077320098877, 1.5770111083984375], [-0.999101996421814, 0.001340458751656115, 0.0423494316637516, -0.0535888671875], [0.0, 0.0, 0.0, 1.0]], [[-0.9352498054504395, 0.35361215472221375, 0.016317198053002357, 1.04083251953125], [-0.008974136784672737, 0.022395692765712738, -0.999708890914917, 1.550532341003418], [-0.35387468338012695, -0.9351239800453186, -0.01777220517396927, -0.0994873046875], [0.0, 0.0, 0.0, 1.0]]], "view": [[0.0, -2.0, 100.0], [-2.0, 0.0, 100.0], [0.0, 0.0, 1.0]], "bev": "bev_23fb208765a54a65894e5fcfba05327f.png", "aux": "aux_23fb208765a54a65894e5fcfba05327f.npz", "visibility": "visibility_23fb208765a54a65894e5fcfba05327f.png", "pose": [[0.9956467151641846, -0.09320752322673798, 0.0, 1337.4444580078125], [0.09320752322673798, 0.9956467151641846, 0.0, 1222.89697265625], [0.0, 0.0, 1.0, 0.0], [0.0, 0.0, 0.0, 1.0]], "pose_inverse": [[0.9956467151641846, 0.09320752322673798, 0.0, -1445.6053466796875], [-0.09320752322673798, 0.9956467151641846, 0.0, -1092.9134521484375], [0.0, 0.0, 1.0, 0.0], [0.0, 0.0, 0.0, 1.0]], "cam_ids": [0, 1, 2, 3, 4, 5], "cam_channels": ["CAM_FRONT_LEFT", "CAM_FRONT", "CAM_FRONT_RIGHT", "CAM_BACK_LEFT", "CAM_BACK", "CAM_BACK_RIGHT"], "token": "23fb208765a54a65894e5fcfba05327f", "scene": "scene-0316"}, {"images": ["samples/CAM_FRONT_LEFT/n015-2018-07-27-11-24-31+0800__CAM_FRONT_LEFT__1532662085854844.jpg", "samples/CAM_FRONT/n015-2018-07-27-11-24-31+0800__CAM_FRONT__1532662085862460.jpg", "samples/CAM_FRONT_RIGHT/n015-2018-07-27-11-24-31+0800__CAM_FRONT_RIGHT__1532662085870339.jpg", "samples/CAM_BACK_LEFT/n015-2018-07-27-11-24-31+0800__CAM_BACK_LEFT__1532662085897423.jpg", "samples/CAM_BACK/n015-2018-07-27-11-24-31+0800__CAM_BACK__1532662085887525.jpg", "samples/CAM_BACK_RIGHT/n015-2018-07-27-11-24-31+0800__CAM_BACK_RIGHT__1532662085877893.jpg"], "intrinsics": [[[1272.5979470598488, 0.0, 826.6154927353808], [0.0, 1272.5979470598488, 479.75165386361925], [0.0, 0.0, 1.0]], [[1266.417203046554, 0.0, 816.2670197447984], [0.0, 1266.417203046554, 491.50706579294757], [0.0, 0.0, 1.0]], [[1260.8474446004698, 0.0, 807.968244525554], [0.0, 1260.8474446004698, 495.3344268742088], [0.0, 0.0, 1.0]], [[1256.7414812095406, 0.0, 792.1125740759628], [0.0, 1256.7414812095406, 492.7757465151356], [0.0, 0.0, 1.0]], [[809.2209905677063, 0.0, 829.2196003259838], [0.0, 809.2209905677063, 481.77842384512485], [0.0, 0.0, 1.0]], [[1259.5137405846733, 0.0, 807.2529053838625], [0.0, 1259.5137405846733, 501.19579884916527], [0.0, 0.0, 1.0]]], "extrinsics": [[[0.8219283819198608, -0.569582998752594, -0.0029895820189267397, -0.7933349609375], [0.00807458907365799, 0.01689971797168255, -0.999824583530426, 1.5098743438720703], [0.5695335268974304, 0.8217600584030151, 0.01848950795829296, -1.164306640625], [0.0, 0.0, 0.0, 1.0]], [[0.007352832239121199, -0.9998934864997864, -0.012604518793523312, 0.0084228515625], [0.00378063484095037, 0.012632566504180431, -0.9999130964279175, 1.5211544036865234], [0.9999657869338989, 0.007304539903998375, 0.003873117035254836, -1.5211181640625], [0.0, 0.0, 0.0, 1.0]], [[-0.832063615322113, -0.5541118383407593, -0.02510097250342369, 0.9217529296875], [0.010385948233306408, 0.02968134731054306, -0.9995054006576538, 1.5049858093261719], [0.5545828342437744, -0.8319128751754761, -0.018941795453429222, -1.17303466796875], [0.0, 0.0, 0.0, 1.0]], [[0.9477459192276001, 0.3183427155017853, 0.020869828760623932, -1.1405029296875], [0.022299248725175858, -0.0008462300756946206, -0.9997509717941284, 1.588592529296875], [-0.3182457685470581, 0.9479752779006958, -0.007900814525783062, -0.10406494140625], [0.0, 0.0, 0.0, 1.0]], [[0.0021519064903259277, 0.9999556541442871, 0.009160072542726994, 0.002197265625], [-0.0042424690909683704, 0.009169140830636024, -0.9999489784240723, 1.5791349411010742], [-0.9999886155128479, 0.0021129415836185217, 0.004262011032551527, -0.049072265625], [0.0, 0.0, 0.0, 1.0]], [[-0.9349337220191956, 0.3544270098209381, -0.01674416847527027, 1.0440673828125], [0.027211878448724747, 0.024570338428020477, -0.9993277192115784, 1.5541000366210938], [-0.35377734899520874, -0.9347608685493469, -0.0326162651181221, -0.097412109375], [0.0, 0.0, 0.0, 1.0]]], "view": [[0.0, -2.0, 100.0], [-2.0, 0.0, 100.0], [0.0, 0.0, 1.0]], "bev": "bev_e2ebbc3e513240da84818c91e7e88c7e.png", "aux": "aux_e2ebbc3e513240da84818c91e7e88c7e.npz", "visibility": "visibility_e2ebbc3e513240da84818c91e7e88c7e.png", "pose": [[0.9981072545051575, -0.061496760696172714, 0.0, 1339.9376220703125], [0.061496760696172714, 0.9981072545051575, 0.0, 1223.076416015625], [0.0, 0.0, 1.0, 0.0], [0.0, 0.0, 0.0, 1.0]], "pose_inverse": [[0.9981072545051575, 0.061496760696172714, 0.0, -1412.61669921875], [-0.061496760696172714, 0.9981072545051575, 0.0, -1138.359619140625], [0.0, 0.0, 1.0, 0.0], [0.0, 0.0, 0.0, 1.0]], "cam_ids": [0, 1, 2, 3, 4, 5], "cam_channels": ["CAM_FRONT_LEFT", "CAM_FRONT", "CAM_FRONT_RIGHT", "CAM_BACK_LEFT", "CAM_BACK", "CAM_BACK_RIGHT"], "token": "e2ebbc3e513240da84818c91e7e88c7e", "scene": "scene-0316"}, {"images": ["samples/CAM_FRONT_LEFT/n015-2018-07-27-11-24-31+0800__CAM_FRONT_LEFT__1532662086354844.jpg", "samples/CAM_FRONT/n015-2018-07-27-11-24-31+0800__CAM_FRONT__1532662086362460.jpg", "samples/CAM_FRONT_RIGHT/n015-2018-07-27-11-24-31+0800__CAM_FRONT_RIGHT__1532662086370339.jpg", "samples/CAM_BACK_LEFT/n015-2018-07-27-11-24-31+0800__CAM_BACK_LEFT__1532662086397423.jpg", "samples/CAM_BACK/n015-2018-07-27-11-24-31+0800__CAM_BACK__1532662086387525.jpg", "samples/CAM_BACK_RIGHT/n015-2018-07-27-11-24-31+0800__CAM_BACK_RIGHT__1532662086377893.jpg"], "intrinsics": [[[1272.5979470598488, 0.0, 826.6154927353808], [0.0, 1272.5979470598488, 479.75165386361925], [0.0, 0.0, 1.0]], [[1266.417203046554, 0.0, 816.2670197447984], [0.0, 1266.417203046554, 491.50706579294757], [0.0, 0.0, 1.0]], [[1260.8474446004698, 0.0, 807.968244525554], [0.0, 1260.8474446004698, 495.3344268742088], [0.0, 0.0, 1.0]], [[1256.7414812095406, 0.0, 792.1125740759628], [0.0, 1256.7414812095406, 492.7757465151356], [0.0, 0.0, 1.0]], [[809.2209905677063, 0.0, 829.2196003259838], [0.0, 809.2209905677063, 481.77842384512485], [0.0, 0.0, 1.0]], [[1259.5137405846733, 0.0, 807.2529053838625], [0.0, 1259.5137405846733, 501.19579884916527], [0.0, 0.0, 1.0]]], "extrinsics": [[[0.8217066526412964, -0.5698882341384888, 0.0050527057610452175, -0.774169921875], [0.02622867003083229, 0.028959063813090324, -0.9992364645004272, 1.5142669677734375], [0.5693066120147705, 0.8212118148803711, 0.0387432686984539, -1.1497802734375], [0.0, 0.0, 0.0, 1.0]], [[0.007364825811237097, -0.9996693134307861, -0.024636810645461082, 0.0076904296875], [0.021281789988279343, 0.024788595736026764, -0.9994661808013916, 1.524566650390625], [0.9997463822364807, 0.006836577318608761, 0.021457316353917122, -1.501220703125], [0.0, 0.0, 0.0, 1.0]], [[-0.8316353559494019, -0.5534247756004333, -0.04586479440331459, 0.90869140625], [0.027210505679249763, 0.041881632059812546, -0.9987519383430481, 1.5076675415039062], [0.5546550154685974, -0.8318454623222351, -0.019771281629800797, -1.1649627685546875], [0.0, 0.0, 0.0, 1.0]], [[0.9471698999404907, 0.31840720772743225, 0.03854842856526375, -1.1361083984375], [0.03696117922663689, 0.011027456261217594, -0.9992558360099792, 1.5887908935546875], [-0.3185953199863434, 0.9478899240493774, -0.0013238321989774704, -0.1064453125], [0.0, 0.0, 0.0, 1.0]], [[0.0018858473049476743, 0.9997719526290894, 0.02127227373421192, 0.0020751953125], [0.011173248291015625, 0.021249914541840553, -0.9997117519378662, 1.5799980163574219], [-0.9999357461929321, 0.0021229791454970837, -0.011130623519420624, -0.056884765625], [0.0, 0.0, 0.0, 1.0]], [[-0.93446946144104, 0.35497549176216125, -0.027554387226700783, 1.03375244140625], [0.04339936003088951, 0.03675064817070961, -0.9983816146850586, 1.556182861328125], [-0.35338836908340454, -0.9341529607772827, -0.049748070538043976, -0.1015625], [0.0, 0.0, 0.0, 1.0]]], "view": [[0.0, -2.0, 100.0], [-2.0, 0.0, 100.0], [0.0, 0.0, 1.0]], "bev": "bev_f81205e1d792497cba901c08e7812dc6.png", "aux": "aux_f81205e1d792497cba901c08e7812dc6.npz", "visibility": "visibility_f81205e1d792497cba901c08e7812dc6.png", "pose": [[0.9992890357971191, -0.03770144283771515, 0.0, 1342.4498291015625], [0.03770144283771515, 0.9992890357971191, 0.0, 1223.1785888671875], [0.0, 0.0, 1.0, 0.0], [0.0, 0.0, 0.0, 1.0]], "pose_inverse": [[0.9992890357971191, 0.03770144283771515, 0.0, -1387.6109619140625], [-0.03770144283771515, 0.9992890357971191, 0.0, -1171.6966552734375], [0.0, 0.0, 1.0, 0.0], [0.0, 0.0, 0.0, 1.0]], "cam_ids": [0, 1, 2, 3, 4, 5], "cam_channels": ["CAM_FRONT_LEFT", "CAM_FRONT", "CAM_FRONT_RIGHT", "CAM_BACK_LEFT", "CAM_BACK", "CAM_BACK_RIGHT"], "token": "f81205e1d792497cba901c08e7812dc6", "scene": "scene-0316"}, {"images": ["samples/CAM_FRONT_LEFT/n015-2018-07-27-11-24-31+0800__CAM_FRONT_LEFT__1532662086904844.jpg", "samples/CAM_FRONT/n015-2018-07-27-11-24-31+0800__CAM_FRONT__1532662086912460.jpg", "samples/CAM_FRONT_RIGHT/n015-2018-07-27-11-24-31+0800__CAM_FRONT_RIGHT__1532662086920580.jpg", "samples/CAM_BACK_LEFT/n015-2018-07-27-11-24-31+0800__CAM_BACK_LEFT__1532662086947423.jpg", "samples/CAM_BACK/n015-2018-07-27-11-24-31+0800__CAM_BACK__1532662086937525.jpg", "samples/CAM_BACK_RIGHT/n015-2018-07-27-11-24-31+0800__CAM_BACK_RIGHT__1532662086927893.jpg"], "intrinsics": [[[1272.5979470598488, 0.0, 826.6154927353808], [0.0, 1272.5979470598488, 479.75165386361925], [0.0, 0.0, 1.0]], [[1266.417203046554, 0.0, 816.2670197447984], [0.0, 1266.417203046554, 491.50706579294757], [0.0, 0.0, 1.0]], [[1260.8474446004698, 0.0, 807.968244525554], [0.0, 1260.8474446004698, 495.3344268742088], [0.0, 0.0, 1.0]], [[1256.7414812095406, 0.0, 792.1125740759628], [0.0, 1256.7414812095406, 492.7757465151356], [0.0, 0.0, 1.0]], [[809.2209905677063, 0.0, 829.2196003259838], [0.0, 809.2209905677063, 481.77842384512485], [0.0, 0.0, 1.0]], [[1259.5137405846733, 0.0, 807.2529053838625], [0.0, 1259.5137405846733, 501.19579884916527], [0.0, 0.0, 1.0]]], "extrinsics": [[[0.8208040595054626, -0.5711963176727295, 0.003930140286684036, -0.751190185546875], [0.02789352647960186, 0.033208683133125305, -0.9990591406822205, 1.5154037475585938], [0.5705283880233765, 0.8201414346694946, 0.043190501630306244, -1.13427734375], [0.0, 0.0, 0.0, 1.0]], [[0.006184091791510582, -0.9995604753494263, -0.028990469872951508, 0.008056640625], [0.022440584376454353, 0.029122445732355118, -0.9993239641189575, 1.5253028869628906], [0.9997290372848511, 0.005529345944523811, 0.022610817104578018, -1.4776611328125], [0.0, 0.0, 0.0, 1.0]], [[-0.8320794701576233, -0.5525012612342834, -0.0488472618162632, 0.8934326171875], [0.027881870046257973, 0.04629121348261833, -0.9985387325286865, 1.5082626342773438], [0.5539551973342896, -0.8322256207466125, -0.023113200441002846, -1.154693603515625], [0.0, 0.0, 0.0, 1.0]], [[0.9472947716712952, 0.31795257329940796, 0.03922704979777336, -1.1348876953125], [0.03602391481399536, 0.015949953347444534, -0.9992236495018005, 1.5888442993164062], [-0.3183313310146332, 0.9479724764823914, 0.00365540967322886, -0.106201171875], [0.0, 0.0, 0.0, 1.0]], [[0.002334669465199113, 0.9996606111526489, 0.025945434346795082, 0.00244140625], [0.01081516407430172, 0.02591874822974205, -0.9996055960655212, 1.5800704956054688], [-0.9999387860298157, 0.002614353084936738, -0.010750981979072094, -0.0650634765625], [0.0, 0.0, 0.0, 1.0]], [[-0.9342449903488159, 0.35567358136177063, -0.026125991716980934, 1.0198974609375], [0.04361819475889206, 0.04124906286597252, -0.9981963634490967, 1.5568313598632812], [-0.3539544343948364, -0.9336995482444763, -0.05405057221651077, -0.106689453125], [0.0, 0.0, 0.0, 1.0]]], "view": [[0.0, -2.0, 100.0], [-2.0, 0.0, 100.0], [0.0, 0.0, 1.0]], "bev": "bev_b75f3177b749411492f60c68d9507e0d.png", "aux": "aux_b75f3177b749411492f60c68d9507e0d.npz", "visibility": "visibility_b75f3177b749411492f60c68d9507e0d.png", "pose": [[0.9997271299362183, -0.02336045913398266, 0.0, 1345.4593505859375], [0.02336045913398266, 0.9997271299362183, 0.0, 1223.24755859375], [0.0, 0.0, 1.0, 0.0], [0.0, 0.0, 0.0, 1.0]], "pose_inverse": [[0.9997271299362183, 0.02336045913398266, 0.0, -1373.6678466796875], [-0.02336045913398266, 0.9997271299362183, 0.0, -1191.483154296875], [0.0, 0.0, 1.0, 0.0], [0.0, 0.0, 0.0, 1.0]], "cam_ids": [0, 1, 2, 3, 4, 5], "cam_channels": ["CAM_FRONT_LEFT", "CAM_FRONT", "CAM_FRONT_RIGHT", "CAM_BACK_LEFT", "CAM_BACK", "CAM_BACK_RIGHT"], "token": "b75f3177b749411492f60c68d9507e0d", "scene": "scene-0316"}, {"images": ["samples/CAM_FRONT_LEFT/n015-2018-07-27-11-24-31+0800__CAM_FRONT_LEFT__1532662087404844.jpg", "samples/CAM_FRONT/n015-2018-07-27-11-24-31+0800__CAM_FRONT__1532662087412460.jpg", "samples/CAM_FRONT_RIGHT/n015-2018-07-27-11-24-31+0800__CAM_FRONT_RIGHT__1532662087420339.jpg", "samples/CAM_BACK_LEFT/n015-2018-07-27-11-24-31+0800__CAM_BACK_LEFT__1532662087447423.jpg", "samples/CAM_BACK/n015-2018-07-27-11-24-31+0800__CAM_BACK__1532662087437525.jpg", "samples/CAM_BACK_RIGHT/n015-2018-07-27-11-24-31+0800__CAM_BACK_RIGHT__1532662087427893.jpg"], "intrinsics": [[[1272.5979470598488, 0.0, 826.6154927353808], [0.0, 1272.5979470598488, 479.75165386361925], [0.0, 0.0, 1.0]], [[1266.417203046554, 0.0, 816.2670197447984], [0.0, 1266.417203046554, 491.50706579294757], [0.0, 0.0, 1.0]], [[1260.8474446004698, 0.0, 807.968244525554], [0.0, 1260.8474446004698, 495.3344268742088], [0.0, 0.0, 1.0]], [[1256.7414812095406, 0.0, 792.1125740759628], [0.0, 1256.7414812095406, 492.7757465151356], [0.0, 0.0, 1.0]], [[809.2209905677063, 0.0, 829.2196003259838], [0.0, 809.2209905677063, 481.77842384512485], [0.0, 0.0, 1.0]], [[1259.5137405846733, 0.0, 807.2529053838625], [0.0, 1259.5137405846733, 501.19579884916527], [0.0, 0.0, 1.0]]], "extrinsics": [[[0.8209559917449951, -0.5709894895553589, -0.0015003860462456942, -0.725341796875], [0.019590482115745544, 0.030792707577347755, -0.9993337988853455, 1.513946533203125], [0.5706552863121033, 0.8203796744346619, 0.036465417593717575, -1.114013671875], [0.0, 0.0, 0.0, 1.0]], [[0.0061165569350123405, -0.9996217489242554, -0.02681392803788185, 0.0067138671875], [0.014050062745809555, 0.026897693052887917, -0.9995394945144653, 1.5239143371582031], [0.9998825788497925, 0.005737003870308399, 0.014209268614649773, -1.451416015625], [0.0, 0.0, 0.0, 1.0]], [[-0.8324092030525208, -0.5526669025421143, -0.04067094996571541, 0.875732421875], [0.01941072568297386, 0.04426851123571396, -0.998831033706665, 1.507293701171875], [0.553821325302124, -0.8322257399559021, -0.026121852919459343, -1.144195556640625], [0.0, 0.0, 0.0, 1.0]], [[0.9475232362747192, 0.31824684143066406, 0.030308689922094345, -1.1341552734375], [0.02714010700583458, 0.01438665110617876, -0.9995281100273132, 1.5887908935546875], [-0.31853264570236206, 0.9478986859321594, 0.004994434304535389, -0.1060791015625], [0.0, 0.0, 0.0, 1.0]], [[0.002360657788813114, 0.9997027516365051, 0.024267109110951424, 0.0029296875], [0.0020685079507529736, 0.024262242019176483, -0.9997034668922424, 1.5795097351074219], [-0.9999951124191284, 0.0024101566523313522, -0.0020106167066842318, -0.072509765625], [0.0, 0.0, 0.0, 1.0]], [[-0.9344853758811951, 0.3555072546005249, -0.01875264011323452, 1.00677490234375], [0.03502829000353813, 0.0393996424973011, -0.9986093640327454, 1.5562973022460938], [-0.3542740046977997, -0.9338427782058716, -0.049271199852228165, -0.1124267578125], [0.0, 0.0, 0.0, 1.0]]], "view": [[0.0, -2.0, 100.0], [-2.0, 0.0, 100.0], [0.0, 0.0, 1.0]], "bev": "bev_9809b075da434c18a2dcfec97e570b4c.png", "aux": "aux_9809b075da434c18a2dcfec97e570b4c.npz", "visibility": "visibility_9809b075da434c18a2dcfec97e570b4c.png", "pose": [[0.9998577237129211, -0.01686895824968815, 0.0, 1348.65185546875], [0.01686895824968815, 0.9998577237129211, 0.0, 1223.2967529296875], [0.0, 0.0, 1.0, 0.0], [0.0, 0.0, 0.0, 1.0]], "pose_inverse": [[0.9998577237129211, 0.01686895824968815, 0.0, -1369.095703125], [-0.01686895824968815, 0.9998577237129211, 0.0, -1200.372314453125], [0.0, 0.0, 1.0, 0.0], [0.0, 0.0, 0.0, 1.0]], "cam_ids": [0, 1, 2, 3, 4, 5], "cam_channels": ["CAM_FRONT_LEFT", "CAM_FRONT", "CAM_FRONT_RIGHT", "CAM_BACK_LEFT", "CAM_BACK", "CAM_BACK_RIGHT"], "token": "9809b075da434c18a2dcfec97e570b4c", "scene": "scene-0316"}, {"images": ["samples/CAM_FRONT_LEFT/n015-2018-07-27-11-24-31+0800__CAM_FRONT_LEFT__1532662087904844.jpg", "samples/CAM_FRONT/n015-2018-07-27-11-24-31+0800__CAM_FRONT__1532662087912460.jpg", "samples/CAM_FRONT_RIGHT/n015-2018-07-27-11-24-31+0800__CAM_FRONT_RIGHT__1532662087920339.jpg", "samples/CAM_BACK_LEFT/n015-2018-07-27-11-24-31+0800__CAM_BACK_LEFT__1532662087947423.jpg", "samples/CAM_BACK/n015-2018-07-27-11-24-31+0800__CAM_BACK__1532662087937525.jpg", "samples/CAM_BACK_RIGHT/n015-2018-07-27-11-24-31+0800__CAM_BACK_RIGHT__1532662087927893.jpg"], "intrinsics": [[[1272.5979470598488, 0.0, 826.6154927353808], [0.0, 1272.5979470598488, 479.75165386361925], [0.0, 0.0, 1.0]], [[1266.417203046554, 0.0, 816.2670197447984], [0.0, 1266.417203046554, 491.50706579294757], [0.0, 0.0, 1.0]], [[1260.8474446004698, 0.0, 807.968244525554], [0.0, 1260.8474446004698, 495.3344268742088], [0.0, 0.0, 1.0]], [[1256.7414812095406, 0.0, 792.1125740759628], [0.0, 1256.7414812095406, 492.7757465151356], [0.0, 0.0, 1.0]], [[809.2209905677063, 0.0, 829.2196003259838], [0.0, 809.2209905677063, 481.77842384512485], [0.0, 0.0, 1.0]], [[1259.5137405846733, 0.0, 807.2529053838625], [0.0, 1259.5137405846733, 501.19579884916527], [0.0, 0.0, 1.0]]], "extrinsics": [[[0.8211240172386169, -0.5706963539123535, -0.007810321636497974, -0.693359375], [0.013127771206200123, 0.03256554529070854, -0.9993833303451538, 1.5125770568847656], [0.5705987811088562, 0.8205151557922363, 0.03423232212662697, -1.091796875], [0.0, 0.0, 0.0, 1.0]], [[0.006238015368580818, -0.999573826789856, -0.02851785533130169, 0.0068359375], [0.007984123192727566, 0.02856728620827198, -0.9995599985122681, 1.5227088928222656], [0.9999485611915588, 0.006007581017911434, 0.008158924989402294, -1.418701171875], [0.0, 0.0, 0.0, 1.0]], [[-0.8325005769729614, -0.5527986288070679, -0.03682965412735939, 0.853759765625], [0.013755039311945438, 0.045832935720682144, -0.9988543391227722, 1.506591796875], [0.5538533926010132, -0.8320534825325012, -0.030552180483937263, -1.1298675537109375], [0.0, 0.0, 0.0, 1.0]], [[0.9476206302642822, 0.31828516721725464, 0.026637837290763855, -1.1304931640625], [0.022800303995609283, 0.01577690802514553, -0.9996155500411987, 1.5888404846191406], [-0.31858307123184204, 0.9478636980056763, 0.007693527732044458, -0.10760498046875], [0.0, 0.0, 0.0, 1.0]], [[0.0023114040959626436, 0.9996685981750488, 0.025640374049544334, 0.0029296875], [-0.002699253149330616, 0.02564658597111702, -0.9996674656867981, 1.579122543334961], [-0.9999936819076538, 0.002241425449028611, 0.0027576375287026167, -0.08447265625], [0.0, 0.0, 0.0, 1.0]], [[-0.9346418976783752, 0.3553409278392792, -0.013315646909177303, 0.98822021484375], [0.029768936336040497, 0.04087534174323082, -0.9987207055091858, 1.5561676025390625], [-0.35434210300445557, -0.9338425993919373, -0.04878193140029907, -0.1197509765625], [0.0, 0.0, 0.0, 1.0]]], "view": [[0.0, -2.0, 100.0], [-2.0, 0.0, 100.0], [0.0, 0.0, 1.0]], "bev": "bev_07d6570c89b747c89b09a14e976b5f40.png", "aux": "aux_07d6570c89b747c89b09a14e976b5f40.npz", "visibility": "visibility_07d6570c89b747c89b09a14e976b5f40.png", "pose": [[0.9999579191207886, -0.009173235855996609, 0.0, 1352.188720703125], [0.009173235855996609, 0.9999579191207886, 0.0, 1223.3216552734375], [0.0, 0.0, 1.0, 0.0], [0.0, 0.0, 0.0, 1.0]], "pose_inverse": [[0.9999579191207886, 0.009173235855996609, 0.0, -1363.3536376953125], [-0.009173235855996609, 0.9999579191207886, 0.0, -1210.8662109375], [0.0, 0.0, 1.0, 0.0], [0.0, 0.0, 0.0, 1.0]], "cam_ids": [0, 1, 2, 3, 4, 5], "cam_channels": ["CAM_FRONT_LEFT", "CAM_FRONT", "CAM_FRONT_RIGHT", "CAM_BACK_LEFT", "CAM_BACK", "CAM_BACK_RIGHT"], "token": "07d6570c89b747c89b09a14e976b5f40", "scene": "scene-0316"}, {"images": ["samples/CAM_FRONT_LEFT/n015-2018-07-27-11-24-31+0800__CAM_FRONT_LEFT__1532662088354844.jpg", "samples/CAM_FRONT/n015-2018-07-27-11-24-31+0800__CAM_FRONT__1532662088362460.jpg", "samples/CAM_FRONT_RIGHT/n015-2018-07-27-11-24-31+0800__CAM_FRONT_RIGHT__1532662088370339.jpg", "samples/CAM_BACK_LEFT/n015-2018-07-27-11-24-31+0800__CAM_BACK_LEFT__1532662088397423.jpg", "samples/CAM_BACK/n015-2018-07-27-11-24-31+0800__CAM_BACK__1532662088387525.jpg", "samples/CAM_BACK_RIGHT/n015-2018-07-27-11-24-31+0800__CAM_BACK_RIGHT__1532662088377893.jpg"], "intrinsics": [[[1272.5979470598488, 0.0, 826.6154927353808], [0.0, 1272.5979470598488, 479.75165386361925], [0.0, 0.0, 1.0]], [[1266.417203046554, 0.0, 816.2670197447984], [0.0, 1266.417203046554, 491.50706579294757], [0.0, 0.0, 1.0]], [[1260.8474446004698, 0.0, 807.968244525554], [0.0, 1260.8474446004698, 495.3344268742088], [0.0, 0.0, 1.0]], [[1256.7414812095406, 0.0, 792.1125740759628], [0.0, 1256.7414812095406, 492.7757465151356], [0.0, 0.0, 1.0]], [[809.2209905677063, 0.0, 829.2196003259838], [0.0, 809.2209905677063, 481.77842384512485], [0.0, 0.0, 1.0]], [[1259.5137405846733, 0.0, 807.2529053838625], [0.0, 1259.5137405846733, 501.19579884916527], [0.0, 0.0, 1.0]]], "extrinsics": [[[0.8212175965309143, -0.5704097747802734, -0.015308036468923092, -0.677642822265625], [0.000514129875227809, 0.027566898614168167, -0.9996198415756226, 1.5083885192871094], [0.5706149339675903, 0.8208974599838257, 0.022931687533855438, -1.082275390625], [0.0, 0.0, 0.0, 1.0]], [[0.006353450007736683, -0.9997076392173767, -0.023327955976128578, 0.0078125], [-0.004937163088470697, 0.02329678274691105, -0.9997164607048035, 1.5190792083740234], [0.999967634677887, 0.006466821767389774, -0.004787704907357693, -1.4031982421875], [0.0, 0.0, 0.0, 1.0]], [[-0.832633912563324, -0.5533567667007446, -0.022739576175808907, 0.84375], [0.0005285305087454617, 0.0402652733027935, -0.9991888403892517, 1.5037345886230469], [0.5538234710693359, -0.8319705724716187, -0.03323376551270485, -1.1224365234375], [0.0, 0.0, 0.0, 1.0]], [[0.9478036761283875, 0.31865939497947693, 0.011150611564517021, -1.12890625], [0.00880006980150938, 0.00881507433950901, -0.9999224543571472, 1.5886802673339844], [-0.31873294711112976, 0.9478282928466797, 0.005550734233111143, -0.10772705078125], [0.0, 0.0, 0.0, 1.0]], [[0.002289939671754837, 0.9998118281364441, 0.019263669848442078, 0.0030517578125], [-0.016482757404446602, 0.019298840314149857, -0.9996778964996338, 1.577839136123