[{"images": ["samples/CAM_FRONT_LEFT/n008-2018-08-31-11-37-23-0400__CAM_FRONT_LEFT__1535730420904799.jpg", "samples/CAM_FRONT/n008-2018-08-31-11-37-23-0400__CAM_FRONT__1535730420912404.jpg", "samples/CAM_FRONT_RIGHT/n008-2018-08-31-11-37-23-0400__CAM_FRONT_RIGHT__1535730420920482.jpg", "samples/CAM_BACK_LEFT/n008-2018-08-31-11-37-23-0400__CAM_BACK_LEFT__1535730420947405.jpg", "samples/CAM_BACK/n008-2018-08-31-11-37-23-0400__CAM_BACK__1535730420937558.jpg", "samples/CAM_BACK_RIGHT/n008-2018-08-31-11-37-23-0400__CAM_BACK_RIGHT__1535730420928113.jpg"], "intrinsics": [[[1257.8625342125129, 0.0, 827.2410631095686], [0.0, 1257.8625342125129, 450.915498205774], [0.0, 0.0, 1.0]], [[1252.8131021185304, 0.0, 826.588114781398], [0.0, 1252.8131021185304, 469.9846626224581], [0.0, 0.0, 1.0]], [[1256.7485116440405, 0.0, 817.7887570959712], [0.0, 1256.7485116440403, 451.9541780095127], [0.0, 0.0, 1.0]], [[1254.9860565800168, 0.0, 829.5769333630991], [0.0, 1254.9860565800168, 467.1680561863987], [0.0, 0.0, 1.0]], [[796.8910634503094, 0.0, 857.7774326863696], [0.0, 796.8910634503094, 476.8848988407415], [0.0, 0.0, 1.0]], [[1249.9629280788233, 0.0, 825.3768045375984], [0.0, 1249.9629280788233, 462.54816385708756], [0.0, 0.0, 1.0]]], "extrinsics": [[[0.8219143748283386, -0.5684872269630432, -0.035762641578912735, -0.7830810546875], [-0.02218184806406498, 0.03079276904463768, -0.9992796182632446, 1.482269287109375], [0.5691789984703064, 0.8221155405044556, 0.01269892230629921, -1.182373046875], [0.0, 0.0, 0.0, 1.0]], [[0.009710697457194328, -0.9995940923690796, -0.02678423374891281, 0.009521484375], [-0.020098425447940826, 0.02658497542142868, -0.9994445443153381, 1.4756126403808594], [0.9997507929801941, 0.01024362538009882, -0.019832106307148933, -1.510986328125], [0.0, 0.0, 0.0, 1.0]], [[-0.8441670536994934, -0.536080002784729, 0.0005373608437366784, 0.9429931640625], [-0.011938150972127914, 0.017796887084841728, -0.9997703433036804, 1.4909515380859375], [0.535947322845459, -0.84397953748703, -0.021423351019620895, -1.18212890625], [0.0, 0.0, 0.0, 1.0]], [[0.9475790858268738, 0.31851109862327576, -0.025386083871126175, -1.1304931640625], [-0.0374576710164547, 0.03183157369494438, -0.9987910985946655, 1.5615005493164062], [-0.31731802225112915, 0.9473844766616821, 0.04209361970424652, -0.1607666015625], [0.0, 0.0, 0.0, 1.0]], [[0.00981982983648777, 0.999651312828064, 0.02451351098716259, -0.0286865234375], [-0.03550301864743233, 0.024847781285643578, -0.9990606307983398, 1.5654449462890625], [-0.9993214011192322, 0.008940265513956547, 0.0357346385717392, -0.029052734375], [0.0, 0.0, 0.0, 1.0]], [[-0.9233384132385254, 0.3828403651714325, 0.02965196594595909, 1.0404052734375], [-0.031023483723402023, 0.002592243952676654, -0.9995152950286865, 1.5437774658203125], [-0.3827316462993622, -0.9238108992576599, 0.00948352087289095, -0.092315673828125], [0.0, 0.0, 0.0, 1.0]]], "view": [[0.0, -2.0, 100.0], [-2.0, 0.0, 100.0], [0.0, 0.0, 1.0]], "bev": "bev_5c558d97108341ebb7b30b1c841ff57f.png", "aux": "aux_5c558d97108341ebb7b30b1c841ff57f.npz", "visibility": "visibility_5c558d97108341ebb7b30b1c841ff57f.png", "pose": [[0.6449893116950989, -0.7641915678977966, 0.0, 1428.692138671875], [0.7641915678977966, 0.6449893116950989, 0.0, 1199.4932861328125], [0.0, 0.0, 1.0, 0.0], [0.0, 0.0, 0.0, 1.0]], "pose_inverse": [[0.6449893116950989, 0.7641915678977966, 0.0, -1838.1337890625], [-0.7641915678977966, 0.6449893116950989, 0.0, 318.1341552734375], [0.0, 0.0, 1.0, 0.0], [0.0, 0.0, 0.0, 1.0]], "cam_ids": [0, 1, 2, 3, 4, 5], "cam_channels": ["CAM_FRONT_LEFT", "CAM_FRONT", "CAM_FRONT_RIGHT", "CAM_BACK_LEFT", "CAM_BACK", "CAM_BACK_RIGHT"], "token": "5c558d97108341ebb7b30b1c841ff57f", "scene": "scene-0560"}, {"images": ["samples/CAM_FRONT_LEFT/n008-2018-08-31-11-37-23-0400__CAM_FRONT_LEFT__1535730421504809.jpg", "samples/CAM_FRONT/n008-2018-08-31-11-37-23-0400__CAM_FRONT__1535730421512404.jpg", "samples/CAM_FRONT_RIGHT/n008-2018-08-31-11-37-23-0400__CAM_FRONT_RIGHT__1535730421520482.jpg", "samples/CAM_BACK_LEFT/n008-2018-08-31-11-37-23-0400__CAM_BACK_LEFT__1535730421547405.jpg", "samples/CAM_BACK/n008-2018-08-31-11-37-23-0400__CAM_BACK__1535730421537558.jpg", "samples/CAM_BACK_RIGHT/n008-2018-08-31-11-37-23-0400__CAM_BACK_RIGHT__1535730421528113.jpg"], "intrinsics": [[[1257.8625342125129, 0.0, 827.2410631095686], [0.0, 1257.8625342125129, 450.915498205774], [0.0, 0.0, 1.0]], [[1252.8131021185304, 0.0, 826.588114781398], [0.0, 1252.8131021185304, 469.9846626224581], [0.0, 0.0, 1.0]], [[1256.7485116440405, 0.0, 817.7887570959712], [0.0, 1256.7485116440403, 451.9541780095127], [0.0, 0.0, 1.0]], [[1254.9860565800168, 0.0, 829.5769333630991], [0.0, 1254.9860565800168, 467.1680561863987], [0.0, 0.0, 1.0]], [[796.8910634503094, 0.0, 857.7774326863696], [0.0, 796.8910634503094, 476.8848988407415], [0.0, 0.0, 1.0]], [[1249.9629280788233, 0.0, 825.3768045375984], [0.0, 1249.9629280788233, 462.54816385708756], [0.0, 0.0, 1.0]]], "extrinsics": [[[0.8223626017570496, -0.568302571773529, -0.027424242347478867, -0.7962646484375], [-0.01218839269131422, 0.030593018978834152, -0.999457597732544, 1.4851341247558594], [0.5688332319259644, 0.8222508430480957, 0.018231859430670738, -1.19281005859375], [0.0, 0.0, 0.0, 1.0]], [[0.01004005316644907, -0.9996021389961243, -0.026357026770710945, 0.010009765625], [-0.010402647778391838, 0.026252519339323044, -0.9996012449264526, 1.4779281616210938], [0.9998953938484192, 0.010310222394764423, -0.010134932585060596, -1.5264892578125], [0.0, 0.0, 0.0, 1.0]], [[-0.8441497087478638, -0.5360601544380188, -0.007124255411326885, 0.95458984375], [-0.002560999942943454, 0.017320873215794563, -0.9998466968536377, 1.4926204681396484], [0.5361014008522034, -0.8440020680427551, -0.01599426381289959, -1.1888427734375], [0.0, 0.0, 0.0, 1.0]], [[0.947644829750061, 0.3188376724720001, -0.01765594631433487, -1.134765625], [-0.028846140950918198, 0.030408784747123718, -0.9991211891174316, 1.5617485046386719], [-0.31802064180374146, 0.9473214149475098, 0.038013968616724014, -0.1595458984375], [0.0, 0.0, 0.0, 1.0]], [[0.009577400982379913, 0.9996767044067383, 0.023553412407636642, -0.029083251953125], [-0.02660202607512474, 0.02380087599158287, -0.9993627071380615, 1.5662956237792969], [-0.9996002316474915, 0.008944705128669739, 0.026821376755833626, -0.0213623046875], [0.0, 0.0, 0.0, 1.0]], [[-0.9235678315162659, 0.3828602135181427, 0.020992504432797432, 1.0499267578125], [-0.021932341158390045, 0.0019103935919702053, -0.9997575879096985, 1.545196533203125], [-0.3828073740005493, -0.9238042831420898, 0.006632640957832336, -0.08782958984375], [0.0, 0.0, 0.0, 1.0]]], "view": [[0.0, -2.0, 100.0], [-2.0, 0.0, 100.0], [0.0, 0.0, 1.0]], "bev": "bev_1692c9bf2e154282bd6c56436ad350b0.png", "aux": "aux_1692c9bf2e154282bd6c56436ad350b0.npz", "visibility": "visibility_1692c9bf2e154282bd6c56436ad350b0.png", "pose": [[0.6432980298995972, -0.7656158804893494, 0.0, 1430.9541015625], [0.7656158804893494, 0.6432980298995972, 0.0, 1202.1356201171875], [0.0, 0.0, 1.0, 0.0], [0.0, 0.0, 0.0, 1.0]], "pose_inverse": [[0.6432980298995972, 0.7656158804893494, 0.0, -1840.904052734375], [-0.7656158804893494, 0.6432980298995972, 0.0, 322.22967529296875], [0.0, 0.0, 1.0, 0.0], [0.0, 0.0, 0.0, 1.0]], "cam_ids": [0, 1, 2, 3, 4, 5], "cam_channels": ["CAM_FRONT_LEFT", "CAM_FRONT", "CAM_FRONT_RIGHT", "CAM_BACK_LEFT", "CAM_BACK", "CAM_BACK_RIGHT"], "token": "1692c9bf2e154282bd6c56436ad350b0", "scene": "scene-0560"}, {"images": ["samples/CAM_FRONT_LEFT/n008-2018-08-31-11-37-23-0400__CAM_FRONT_LEFT__1535730422005494.jpg", "samples/CAM_FRONT/n008-2018-08-31-11-37-23-0400__CAM_FRONT__1535730422012404.jpg", "samples/CAM_FRONT_RIGHT/n008-2018-08-31-11-37-23-0400__CAM_FRONT_RIGHT__1535730422020482.jpg", "samples/CAM_BACK_LEFT/n008-2018-08-31-11-37-23-0400__CAM_BACK_LEFT__1535730422047405.jpg", "samples/CAM_BACK/n008-2018-08-31-11-37-23-0400__CAM_BACK__1535730422037558.jpg", "samples/CAM_BACK_RIGHT/n008-2018-08-31-11-37-23-0400__CAM_BACK_RIGHT__1535730422028113.jpg"], "intrinsics": [[[1257.8625342125129, 0.0, 827.2410631095686], [0.0, 1257.8625342125129, 450.915498205774], [0.0, 0.0, 1.0]], [[1252.8131021185304, 0.0, 826.588114781398], [0.0, 1252.8131021185304, 469.9846626224581], [0.0, 0.0, 1.0]], [[1256.7485116440405, 0.0, 817.7887570959712], [0.0, 1256.7485116440403, 451.9541780095127], [0.0, 0.0, 1.0]], [[1254.9860565800168, 0.0, 829.5769333630991], [0.0, 1254.9860565800168, 467.1680561863987], [0.0, 0.0, 1.0]], [[796.8910634503094, 0.0, 857.7774326863696], [0.0, 796.8910634503094, 476.8848988407415], [0.0, 0.0, 1.0]], [[1249.9629280788233, 0.0, 825.3768045375984], [0.0, 1249.9629280788233, 462.54816385708756], [0.0, 0.0, 1.0]]], "extrinsics": [[[0.8221186399459839, -0.5687199234962463, -0.026053041219711304, -0.8125], [-0.01515199150890112, 0.02388853020966053, -0.999599814414978, 1.4847221374511719], [0.569114625453949, 0.8221843242645264, 0.011021965183317661, -1.20263671875], [0.0, 0.0, 0.0, 1.0]], [[0.009712078608572483, -0.9997580051422119, -0.01973908022046089, 0.0089111328125], [-0.013251986354589462, 0.019609590992331505, -0.9997199177742004, 1.4775562286376953], [0.9998650550842285, 0.009970911778509617, -0.013058330863714218, -1.5399169921875], [0.0, 0.0, 0.0, 1.0]], [[-0.8442785143852234, -0.5359031558036804, -0.0012764789862558246, 0.964111328125], [-0.0052955131977796555, 0.010724464431405067, -0.9999284744262695, 1.4922657012939453], [0.5358784794807434, -0.8442113995552063, -0.011892318725585938, -1.196044921875], [0.0, 0.0, 0.0, 1.0]], [[0.947650671005249, 0.31861770153045654, -0.0209989994764328, -1.1409912109375], [-0.030722597613930702, 0.025522900745272636, -0.9992020130157471, 1.5619583129882812], [-0.31782758235931396, 0.9475396871566772, 0.03397555649280548, -0.156982421875], [0.0, 0.0, 0.0, 1.0]], [[0.009684659540653229, 0.9997948408126831, 0.017786959186196327, -0.0286865234375], [-0.028616100549697876, 0.01805761083960533, -0.999427318572998, 1.5664329528808594], [-0.9995436072349548, 0.009170081466436386, 0.028785113245248795, -0.0125732421875], [0.0, 0.0, 0.0, 1.0]], [[-0.9234613180160522, 0.38312941789627075, 0.020761150866746902, 1.06005859375], [-0.024343769997358322, -0.004504338838160038, -0.9996935129165649, 1.5451736450195312], [-0.3829183280467987, -0.9236837029457092, 0.013486397452652454, -0.084442138671875], [0.0, 0.0, 0.0, 1.0]]], "view": [[0.0, -2.0, 100.0], [-2.0, 0.0, 100.0], [0.0, 0.0, 1.0]], "bev": "bev_cb277e7166c94ffcbc2177c695a5c108.png", "aux": "aux_cb277e7166c94ffcbc2177c695a5c108.npz", "visibility": "visibility_cb277e7166c94ffcbc2177c695a5c108.png", "pose": [[0.6386947631835938, -0.7694602012634277, 0.0, 1432.7476806640625], [0.7694602012634277, 0.6386947631835938, 0.0, 1204.25341796875], [0.0, 0.0, 1.0, 0.0], [0.0, 0.0, 0.0, 1.0]], "pose_inverse": [[0.6386947631835938, 0.7694602012634277, 0.0, -1841.7135009765625], [-0.7694602012634277, 0.6386947631835938, 0.0, 333.2919921875], [0.0, 0.0, 1.0, 0.0], [0.0, 0.0, 0.0, 1.0]], "cam_ids": [0, 1, 2, 3, 4, 5], "cam_channels": ["CAM_FRONT_LEFT", "CAM_FRONT", "CAM_FRONT_RIGHT", "CAM_BACK_LEFT", "CAM_BACK", "CAM_BACK_RIGHT"], "token": "cb277e7166c94ffcbc2177c695a5c108", "scene": "scene-0560"}, {"images": ["samples/CAM_FRONT_LEFT/n008-2018-08-31-11-37-23-0400__CAM_FRONT_LEFT__1535730422504799.jpg", "samples/CAM_FRONT/n008-2018-08-31-11-37-23-0400__CAM_FRONT__1535730422512404.jpg", "samples/CAM_FRONT_RIGHT/n008-2018-08-31-11-37-23-0400__CAM_FRONT_RIGHT__1535730422520482.jpg", "samples/CAM_BACK_LEFT/n008-2018-08-31-11-37-23-0400__CAM_BACK_LEFT__1535730422547405.jpg", "samples/CAM_BACK/n008-2018-08-31-11-37-23-0400__CAM_BACK__1535730422537558.jpg", "samples/CAM_BACK_RIGHT/n008-2018-08-31-11-37-23-0400__CAM_BACK_RIGHT__1535730422528113.jpg"], "intrinsics": [[[1257.8625342125129, 0.0, 827.2410631095686], [0.0, 1257.8625342125129, 450.915498205774], [0.0, 0.0, 1.0]], [[1252.8131021185304, 0.0, 826.588114781398], [0.0, 1252.8131021185304, 469.9846626224581], [0.0, 0.0, 1.0]], [[1256.7485116440405, 0.0, 817.7887570959712], [0.0, 1256.7485116440403, 451.9541780095127], [0.0, 0.0, 1.0]], [[1254.9860565800168, 0.0, 829.5769333630991], [0.0, 1254.9860565800168, 467.1680561863987], [0.0, 0.0, 1.0]], [[796.8910634503094, 0.0, 857.7774326863696], [0.0, 796.8910634503094, 476.8848988407415], [0.0, 0.0, 1.0]], [[1249.9629280788233, 0.0, 825.3768045375984], [0.0, 1249.9629280788233, 462.54816385708756], [0.0, 0.0, 1.0]]], "extrinsics": [[[0.8224605917930603, -0.568355143070221, -0.02304239198565483, -0.8179931640625], [-0.016689982265233994, 0.016379259526729584, -0.9997265338897705, 1.4844894409179688], [0.568577229976654, 0.8226203322410583, 0.0039854575879871845, -1.20758056640625], [0.0, 0.0, 0.0, 1.0]], [[0.010263203643262386, -0.9998721480369568, -0.012256378307938576, 0.009979248046875], [-0.014922657050192356, 0.01210250798612833, -0.9998154044151306, 1.477376937866211], [0.9998359680175781, 0.010444184765219688, -0.014796539209783077, -1.55029296875], [0.0, 0.0, 0.0, 1.0]], [[-0.8440207242965698, -0.5362938046455383, 0.004255814012140036, 0.97216796875], [-0.007100227754563093, 0.003238999517634511, -0.9999695420265198, 1.4920597076416016], [0.5362637042999268, -0.844025194644928, -0.006541591603308916, -1.1998291015625], [0.0, 0.0, 0.0, 1.0]], [[0.9475854635238647, 0.318497896194458, -0.025316579267382622, -1.14453125], [-0.03280232474207878, 0.018160957843065262, -0.9992968440055847, 1.5620574951171875], [-0.3178141713142395, 0.9477495551109314, 0.02765653282403946, -0.15582275390625], [0.0, 0.0, 0.0, 1.0]], [[0.009499756619334221, 0.9999006390571594, 0.010416913777589798, -0.0291748046875], [-0.030664633959531784, 0.01070378813892603, -0.9994723796844482, 1.5664825439453125], [-0.9994845986366272, 0.009175318293273449, 0.03076327033340931, -0.0068359375], [0.0, 0.0, 0.0, 1.0]], [[-0.9235612154006958, 0.3829484283924103, 0.01962907612323761, 1.0665283203125], [-0.026185883209109306, -0.011916259303689003, -0.9995860457420349, 1.5451812744140625], [-0.3825559914112091, -0.9236928820610046, 0.021033234894275665, -0.08099365234375], [0.0, 0.0, 0.0, 1.0]]], "view": [[0.0, -2.0, 100.0], [-2.0, 0.0, 100.0], [0.0, 0.0, 1.0]], "bev": "bev_ed106be96a684bce9379a75dac61ed54.png", "aux": "aux_ed106be96a684bce9379a75dac61ed54.npz", "visibility": "visibility_ed106be96a684bce9379a75dac61ed54.png", "pose": [[0.6409399509429932, -0.7675910592079163, 0.0, 1434.4931640625], [0.7675910592079163, 0.6409399509429932, 0.0, 1206.301513671875], [0.0, 0.0, 1.0, 0.0], [0.0, 0.0, 0.0, 1.0]], "pose_inverse": [[0.6409399509429932, 0.7675910592079163, 0.0, -1845.3702392578125], [-0.7675910592079163, 0.6409399509429932, 0.0, 327.9372863769531], [0.0, 0.0, 1.0, 0.0], [0.0, 0.0, 0.0, 1.0]], "cam_ids": [0, 1, 2, 3, 4, 5], "cam_channels": ["CAM_FRONT_LEFT", "CAM_FRONT", "CAM_FRONT_RIGHT", "CAM_BACK_LEFT", "CAM_BACK", "CAM_BACK_RIGHT"], "token": "ed106be96a684bce9379a75dac61ed54", "scene": "scene-0560"}, {"images": ["samples/CAM_FRONT_LEFT/n008-2018-08-31-11-37-23-0400__CAM_FRONT_LEFT__1535730423004799.jpg", "samples/CAM_FRONT/n008-2018-08-31-11-37-23-0400__CAM_FRONT__1535730423012404.jpg", "samples/CAM_FRONT_RIGHT/n008-2018-08-31-11-37-23-0400__CAM_FRONT_RIGHT__1535730423020482.jpg", "samples/CAM_BACK_LEFT/n008-2018-08-31-11-37-23-0400__CAM_BACK_LEFT__1535730423047405.jpg", "samples/CAM_BACK/n008-2018-08-31-11-37-23-0400__CAM_BACK__1535730423037558.jpg", "samples/CAM_BACK_RIGHT/n008-2018-08-31-11-37-23-0400__CAM_BACK_RIGHT__1535730423028113.jpg"], "intrinsics": [[[1257.8625342125129, 0.0, 827.2410631095686], [0.0, 1257.8625342125129, 450.915498205774], [0.0, 0.0, 1.0]], [[1252.8131021185304, 0.0, 826.588114781398], [0.0, 1252.8131021185304, 469.9846626224581], [0.0, 0.0, 1.0]], [[1256.7485116440405, 0.0, 817.7887570959712], [0.0, 1256.7485116440403, 451.9541780095127], [0.0, 0.0, 1.0]], [[1254.9860565800168, 0.0, 829.5769333630991], [0.0, 1254.9860565800168, 467.1680561863987], [0.0, 0.0, 1.0]], [[796.8910634503094, 0.0, 857.7774326863696], [0.0, 796.8910634503094, 476.8848988407415], [0.0, 0.0, 1.0]], [[1249.9629280788233, 0.0, 825.3768045375984], [0.0, 1249.9629280788233, 462.54816385708756], [0.0, 0.0, 1.0]]], "extrinsics": [[[0.8218203186988831, -0.5692643523216248, -0.02344212494790554, -0.8328857421875], [-0.01639791764318943, 0.017494935542345047, -0.9997124671936035, 1.4848442077636719], [0.5695108771324158, 0.8219683766365051, 0.005042941775172949, -1.2161865234375], [0.0, 0.0, 0.0, 1.0]], [[0.00932944007217884, -0.9998665452003479, -0.013417295180261135, 0.008148193359375], [-0.014436500146985054, 0.013281801715493202, -0.999807596206665, 1.4776744842529297], [0.9998522400856018, 0.009521360509097576, -0.01431065984070301, -1.5633544921875], [0.0, 0.0, 0.0, 1.0]], [[-0.8444125652313232, -0.5356850028038025, 0.0030109353829175234, 0.979248046875], [-0.006409181281924248, 0.004482390359044075, -0.9999693632125854, 1.4922199249267578], [0.5356550812721252, -0.8444060683250427, -0.0072182901203632355, -1.2061767578125], [0.0, 0.0, 0.0, 1.0]], [[0.9476262927055359, 0.3185136616230011, -0.023524722084403038, -1.142578125], [-0.03135765716433525, 0.019486309960484505, -0.9993182420730591, 1.5619888305664062], [-0.3178381025791168, 0.9477179646492004, 0.028453584760427475, -0.15667724609375], [0.0, 0.0, 0.0, 1.0]], [[0.009749751538038254, 0.9998849034309387, 0.011626421473920345, -0.028533935546875], [-0.02937089279294014, 0.011908309534192085, -0.9994975924491882, 1.5666122436523438], [-0.9995211362838745, 0.009403329342603683, 0.029483612626791, -0.0050048828125], [0.0, 0.0, 0.0, 1.0]], [[-0.9233783483505249, 0.3834047317504883, 0.019321853294968605, 1.0723876953125], [-0.025364423170685768, -0.01071043312549591, -0.9996209144592285, 1.54541015625], [-0.38305240869522095, -0.9235183596611023, 0.019614621996879578, -0.079681396484375], [0.0, 0.0, 0.0, 1.0]]], "view": [[0.0, -2.0, 100.0], [-2.0, 0.0, 100.0], [0.0, 0.0, 1.0]], "bev": "bev_a4060a0eb9c4477b91d6cad12ced7d43.png", "aux": "aux_a4060a0eb9c4477b91d6cad12ced7d43.npz", "visibility": "visibility_a4060a0eb9c4477b91d6cad12ced7d43.png", "pose": [[0.6426148414611816, -0.7661893963813782, 0.0, 1436.1329345703125], [0.7661893963813782, 0.6426148414611816, 0.0, 1208.2177734375], [0.0, 0.0, 1.0, 0.0], [0.0, 0.0, 0.0, 1.0]], "pose_inverse": [[0.6426148414611816, 0.7661893963813782, 0.0, -1848.60400390625], [-0.7661893963813782, 0.6426148414611816, 0.0, 323.9311218261719], [0.0, 0.0, 1.0, 0.0], [0.0, 0.0, 0.0, 1.0]], "cam_ids": [0, 1, 2, 3, 4, 5], "cam_channels": ["CAM_FRONT_LEFT", "CAM_FRONT", "CAM_FRONT_RIGHT", "CAM_BACK_LEFT", "CAM_BACK", "CAM_BACK_RIGHT"], "token": "a4060a0eb9c4477b91d6cad12ced7d43", "scene": "scene-0560"}, {"images": ["samples/CAM_FRONT_LEFT/n008-2018-08-31-11-37-23-0400__CAM_FRONT_LEFT__1535730423504799.jpg", "samples/CAM_FRONT/n008-2018-08-31-11-37-23-0400__CAM_FRONT__1535730423512404.jpg", "samples/CAM_FRONT_RIGHT/n008-2018-08-31-11-37-23-0400__CAM_FRONT_RIGHT__1535730423520482.jpg", "samples/CAM_BACK_LEFT/n008-2018-08-31-11-37-23-0400__CAM_BACK_LEFT__1535730423547405.jpg", "samples/CAM_BACK/n008-2018-08-31-11-37-23-0400__CAM_BACK__1535730423537558.jpg", "samples/CAM_BACK_RIGHT/n008-2018-08-31-11-37-23-0400__CAM_BACK_RIGHT__1535730423528113.jpg"], "intrinsics": [[[1257.8625342125129, 0.0, 827.2410631095686], [0.0, 1257.8625342125129, 450.915498205774], [0.0, 0.0, 1.0]], [[1252.8131021185304, 0.0, 826.588114781398], [0.0, 1252.8131021185304, 469.9846626224581], [0.0, 0.0, 1.0]], [[1256.7485116440405, 0.0, 817.7887570959712], [0.0, 1256.7485116440403, 451.9541780095127], [0.0, 0.0, 1.0]], [[1254.9860565800168, 0.0, 829.5769333630991], [0.0, 1254.9860565800168, 467.1680561863987], [0.0, 0.0, 1.0]], [[796.8910634503094, 0.0, 857.7774326863696], [0.0, 796.8910634503094, 476.8848988407415], [0.0, 0.0, 1.0]], [[1249.9629280788233, 0.0, 825.3768045375984], [0.0, 1249.9629280788233, 462.54816385708756], [0.0, 0.0, 1.0]]], "extrinsics": [[[0.8223101496696472, -0.5685938000679016, -0.022521018981933594, -0.8509521484375], [-0.01194093283265829, 0.022326387465000153, -0.999679446220398, 1.4860401153564453], [0.5689144134521484, 0.8223154544830322, 0.0115696731954813, -1.228271484375], [0.0, 0.0, 0.0, 1.0]], [[0.010014789178967476, -0.9997830986976624, -0.018258560448884964, 0.008026123046875], [-0.009901747107505798, 0.018159430474042892, -0.9997860789299011, 1.4786319732666016], [0.999900758266449, 0.010193385183811188, -0.009717736393213272, -1.5819091796875], [0.0, 0.0, 0.0, 1.0]], [[-0.8441382050514221, -0.536113977432251, -0.003535649972036481, 0.9921875], [-0.001789561240002513, 0.009412411600351334, -0.999954104423523, 1.4928584098815918], [0.5361226201057434, -0.8440932035446167, -0.008904785849153996, -1.2139892578125], [0.0, 0.0, 0.0, 1.0]], [[0.9477221369743347, 0.3185803294181824, -0.018147729337215424, -1.1456298828125], [-0.02733691781759262, 0.024396546185016632, -0.9993284940719604, 1.5620918273925781], [-0.3179236352443695, 0.9475818872451782, 0.03183015063405037, -0.155517578125], [0.0, 0.0, 0.0, 1.0]], [[0.009516718797385693, 0.9998146891593933, 0.016734827309846878, -0.028656005859375], [-0.025211939588189125, 0.01697017438709736, -0.9995380640029907, 1.5670089721679688], [-0.9996368885040283, 0.0090904226526618, 0.025368770584464073, 0.0025634765625], [0.0, 0.0, 0.0, 1.0]], [[-0.9235981702804565, 0.38298138976097107, 0.01707572676241398, 1.083251953125], [-0.020841773599386215, -0.005686139687895775, -0.9997666478157043, 1.5460777282714844], [-0.38279488682746887, -0.9237385392189026, 0.01323371846228838, -0.07513427734375], [0.0, 0.0, 0.0, 1.0]]], "view": [[0.0, -2.0, 100.0], [-2.0, 0.0, 100.0], [0.0, 0.0, 1.0]], "bev": "bev_ecba6710968e4e118a943a12c56f57a6.png", "aux": "aux_ecba6710968e4e118a943a12c56f57a6.npz", "visibility": "visibility_ecba6710968e4e118a943a12c56f57a6.png", "pose": [[0.6420913934707642, -0.766628086566925, 0.0, 1437.61767578125], [0.766628086566925, 0.6420913934707642, 0.0, 1209.969970703125], [0.0, 0.0, 1.0, 0.0], [0.0, 0.0, 0.0, 1.0]], "pose_inverse": [[0.6420913934707642, 0.766628086566925, 0.0, -1850.678955078125], [-0.766628086566925, 0.6420913934707642, 0.0, 325.2067565917969], [0.0, 0.0, 1.0, 0.0], [0.0, 0.0, 0.0, 1.0]], "cam_ids": [0, 1, 2, 3, 4, 5], "cam_channels": ["CAM_FRONT_LEFT", "CAM_FRONT", "CAM_FRONT_RIGHT", "CAM_BACK_LEFT", "CAM_BACK", "CAM_BACK_RIGHT"], "token": "ecba6710968e4e118a943a12c56f57a6", "scene": "scene-0560"}, {"images": ["samples/CAM_FRONT_LEFT/n008-2018-08-31-11-37-23-0400__CAM_FRONT_LEFT__1535730424004799.jpg", "samples/CAM_FRONT/n008-2018-08-31-11-37-23-0400__CAM_FRONT__1535730424012404.jpg", "samples/CAM_FRONT_RIGHT/n008-2018-08-31-11-37-23-0400__CAM_FRONT_RIGHT__1535730424020482.jpg", "samples/CAM_BACK_LEFT/n008-2018-08-31-11-37-23-0400__CAM_BACK_LEFT__1535730424047405.jpg", "samples/CAM_BACK/n008-2018-08-31-11-37-23-0400__CAM_BACK__1535730424037581.jpg", "samples/CAM_BACK_RIGHT/n008-2018-08-31-11-37-23-0400__CAM_BACK_RIGHT__1535730424028113.jpg"], "intrinsics": [[[1257.8625342125129, 0.0, 827.2410631095686], [0.0, 1257.8625342125129, 450.915498205774], [0.0, 0.0, 1.0]], [[1252.8131021185304, 0.0, 826.588114781398], [0.0, 1252.8131021185304, 469.9846626224581], [0.0, 0.0, 1.0]], [[1256.7485116440405, 0.0, 817.7887570959712], [0.0, 1256.7485116440403, 451.9541780095127], [0.0, 0.0, 1.0]], [[1254.9860565800168, 0.0, 829.5769333630991], [0.0, 1254.9860565800168, 467.1680561863987], [0.0, 0.0, 1.0]], [[796.8910634503094, 0.0, 857.7774326863696], [0.0, 796.8910634503094, 476.8848988407415], [0.0, 0.0, 1.0]], [[1249.9629280788233, 0.0, 825.3768045375984], [0.0, 1249.9629280788233, 462.54816385708756], [0.0, 0.0, 1.0]]], "extrinsics": [[[0.8223939538002014, -0.568500280380249, -0.021812137216329575, -0.8555908203125], [-0.010402691550552845, 0.023306800052523613, -0.9996742606163025, 1.4863777160644531], [0.5688233971595764, 0.8223528861999512, 0.013253436423838139, -1.232421875], [0.0, 0.0, 0.0, 1.0]], [[0.010116581805050373, -0.9997620582580566, -0.019324682652950287, 0.008514404296875], [-0.008330259472131729, 0.019240738824009895, -0.9997801780700684, 1.478891372680664], [0.9999141693115234, 0.010275335051119328, -0.008133625611662865, -1.58544921875], [0.0, 0.0, 0.0, 1.0]], [[-0.8440994024276733, -0.5361582040786743, -0.005530135706067085, 0.99365234375], [-0.00018256738258060068, 0.010601217858493328, -0.999943733215332, 1.4930357933044434], [0.5361866354942322, -0.8440510034561157, -0.00904636736959219, -1.21435546875], [0.0, 0.0, 0.0, 1.0]], [[0.9477552771568298, 0.31861430406570435, -0.015652906149625778, -1.1461181640625], [-0.02519972249865532, 0.02586347796022892, -0.9993478655815125, 1.562103271484375], [-0.3180016577243805, 0.9475315809249878, 0.03254123777151108, -0.1553955078125], [0.0, 0.0, 0.0, 1.0]], [[0.009456080384552479, 0.9997914433479309, 0.018104225397109985, -0.02874755859375], [-0.023099221289157867, 0.018318604677915573, -0.9995653033256531, 1.5671157836914062], [-0.9996885657310486, 0.009033734910190105, 0.023267624899744987, 0.00341796875], [0.0, 0.0, 0.0, 1.0]], [[-0.9236423969268799, 0.3829207420349121, 0.01601366326212883, 1.0843505859375], [-0.019160833209753036, -0.004406108055263758, -0.9998067021369934, 1.5462417602539062], [-0.382776141166687, -0.9237706661224365, 0.011406748555600643, -0.07440185546875], [0.0, 0.0, 0.0, 1.0]]], "view": [[0.0, -2.0, 100.0], [-2.0, 0.0, 100.0], [0.0, 0.0, 1.0]], "bev": "bev_ed4feec41c034ec09c3ee6fcee681127.png", "aux": "aux_ed4feec41c034ec09c3ee6fcee681127.npz", "visibility": "visibility_ed4feec41c034ec09c3ee6fcee681127.png", "pose": [[0.6422616243362427, -0.7664855122566223, 0.0, 1439.0469970703125], [0.7664855122566223, 0.6422616243362427, 0.0, 1211.6495361328125], [0.0, 0.0, 1.0, 0.0], [0.0, 0.0, 0.0, 1.0]], "pose_inverse": [[0.6422616243362427, 0.7664855122566223, 0.0, -1852.9564208984375], [-0.7664855122566223, 0.6422616243362427, 0.0, 324.81268310546875], [0.0, 0.0, 1.0, 0.0], [0.0, 0.0, 0.0, 1.0]], "cam_ids": [0, 1, 2, 3, 4, 5], "cam_channels": ["CAM_FRONT_LEFT", "CAM_FRONT", "CAM_FRONT_RIGHT", "CAM_BACK_LEFT", "CAM_BACK", "CAM_BACK_RIGHT"], "token": "ed4feec41c034ec09c3ee6fcee681127", "scene": "scene-0560"}, {"images": ["samples/CAM_FRONT_LEFT/n008-2018-08-31-11-37-23-0400__CAM_FRONT_LEFT__1535730424504799.jpg", "samples/CAM_FRONT/n008-2018-08-31-11-37-23-0400__CAM_FRONT__1535730424512404.jpg", "samples/CAM_FRONT_RIGHT/n008-2018-08-31-11-37-23-0400__CAM_FRONT_RIGHT__1535730424520482.jpg", "samples/CAM_BACK_LEFT/n008-2018-08-31-11-37-23-0400__CAM_BACK_LEFT__1535730424547411.jpg", "samples/CAM_BACK/n008-2018-08-31-11-37-23-0400__CAM_BACK__1535730424537558.jpg", "samples/CAM_BACK_RIGHT/n008-2018-08-31-11-37-23-0400__CAM_BACK_RIGHT__1535730424528113.jpg"], "intrinsics": [[[1257.8625342125129, 0.0, 827.2410631095686], [0.0, 1257.8625342125129, 450.915498205774], [0.0, 0.0, 1.0]], [[1252.8131021185304, 0.0, 826.588114781398], [0.0, 1252.8131021185304, 469.9846626224581], [0.0, 0.0, 1.0]], [[1256.7485116440405, 0.0, 817.7887570959712], [0.0, 1256.7485116440403, 451.9541780095127], [0.0, 0.0, 1.0]], [[1254.9860565800168, 0.0, 829.5769333630991], [0.0, 1254.9860565800168, 467.1680561863987], [0.0, 0.0, 1.0]], [[796.8910634503094, 0.0, 857.7774326863696], [0.0, 796.8910634503094, 476.8848988407415], [0.0, 0.0, 1.0]], [[1249.9629280788233, 0.0, 825.3768045375984], [0.0, 1249.9629280788233, 462.54816385708756], [0.0, 0.0, 1.0]]], "extrinsics": [[[0.8227325081825256, -0.5681027770042419, -0.01924877054989338, -0.858642578125], [-0.005804473999887705, 0.025464894250035286, -0.9996588826179504, 1.4872112274169922], [0.56839919090271, 0.822563648223877, 0.01765325665473938, -1.2349853515625], [0.0, 0.0, 0.0, 1.0]], [[0.010510454885661602, -0.9997155070304871, -0.021409079432487488, 0.008819580078125], [-0.0038411510176956654, 0.02136974222958088, -0.9997642636299133, 1.479569435119629], [0.9999373555183411, 0.010590137913823128, -0.0036154522094875574, -1.5904541015625], [0.0, 0.0, 0.0, 1.0]], [[-0.8439618945121765, -0.5363034009933472, -0.010348211042582989, 0.998291015625], [0.004190121777355671, 0.012699871324002743, -0.9999105334281921, 1.4935119152069092], [0.5363867878913879, -0.8439297676086426, -0.008471031673252583, -1.2171630859375], [0.0, 0.0, 0.0, 1.0]], [[0.9478171467781067, 0.31861674785614014, -0.011233593337237835, -1.1474609375], [-0.02123916707932949, 0.027946345508098602, -0.999383807182312, 1.5621185302734375], [-0.318106472492218, 0.947471559047699, 0.03325517475605011, -0.15484619140625], [0.0, 0.0, 0.0, 1.0]], [[0.009312490932643414, 0.9997526407241821, 0.020198486745357513, -0.029052734375], [-0.019241714850068092, 0.020374780520796776, -0.9996072053909302, 1.5673103332519531], [-0.9997715353965759, 0.008920072577893734, 0.019426696002483368, 0.005615234375], [0.0, 0.0, 0.0, 1.0]], [[-0.9237571954727173, 0.38276413083076477, 0.012813268229365349, 1.0880126953125], [-0.014845901168882847, -0.0023570358753204346, -0.9998870491981506, 1.5466537475585938], [-0.3826906085014343, -0.9238431453704834, 0.007859808392822742, -0.072509765625], [0.0, 0.0, 0.0, 1.0]]], "view": [[0.0, -2.0, 100.0], [-2.0, 0.0, 100.0], [0.0, 0.0, 1.0]], "bev": "bev_6ad026dd85f4499ab8cced6248b840d6.png", "aux": "aux_6ad026dd85f4499ab8cced6248b840d6.npz", "visibility": "visibility_6ad026dd85f4499ab8cced6248b840d6.png", "pose": [[0.6464393734931946, -0.7629653811454773, 0.0, 1440.442626953125], [0.7629653811454773, 0.6464393734931946, 0.0, 1213.2637939453125], [0.0, 0.0, 1.0, 0.0], [0.0, 0.0, 0.0, 1.0]], "pose_inverse": [[0.6464393734931946, 0.7629653811454773, 0.0, -1856.8370361328125], [-0.7629653811454773, 0.6464393734931946, 0.0, 314.70635986328125], [0.0, 0.0, 1.0, 0.0], [0.0, 0.0, 0.0, 1.0]], "cam_ids": [0, 1, 2, 3, 4, 5], "cam_channels": ["CAM_FRONT_LEFT", "CAM_FRONT", "CAM_FRONT_RIGHT", "CAM_BACK_LEFT", "CAM_BACK", "CAM_BACK_RIGHT"], "token": "6ad026dd85f4499ab8cced6248b840d6", "scene": "scene-0560"}, {"images": ["samples/CAM_FRONT_LEFT/n008-2018-08-31-11-37-23-0400__CAM_FRONT_LEFT__1535730425004799.jpg", "samples/CAM_FRONT/n008-2018-08-31-11-37-23-0400__CAM_FRONT__1535730425012404.jpg", "samples/CAM_FRONT_RIGHT/n008-2018-08-31-11-37-23-0400__CAM_FRONT_RIGHT__1535730425020482.jpg", "samples/CAM_BACK_LEFT/n008-2018-08-31-11-37-23-0400__CAM_BACK_LEFT__1535730425047405.jpg", "samples/CAM_BACK/n008-2018-08-31-11-37-23-0400__CAM_BACK__1535730425037558.jpg", "samples/CAM_BACK_RIGHT/n008-2018-08-31-11-37-23-0400__CAM_BACK_RIGHT__1535730425028113.jpg"], "intrinsics": [[[1257.8625342125129, 0.0, 827.2410631095686], [0.0, 1257.8625342125129, 450.915498205774], [0.0, 0.0, 1.0]], [[1252.8131021185304, 0.0, 826.588114781398], [0.0, 1252.8131021185304, 469.9846626224581], [0.0, 0.0, 1.0]], [[1256.7485116440405, 0.0, 817.7887570959712], [0.0, 1256.7485116440403, 451.9541780095127], [0.0, 0.0, 1.0]], [[1254.9860565800168, 0.0, 829.5769333630991], [0.0, 1254.9860565800168, 467.1680561863987], [0.0, 0.0, 1.0]], [[796.8910634503094, 0.0, 857.7774326863696], [0.0, 796.8910634503094, 476.8848988407415], [0.0, 0.0, 1.0]], [[1249.9629280788233, 0.0, 825.3768045375984], [0.0, 1249.9629280788233, 462.54816385708756], [0.0, 0.0, 1.0]]], "extrinsics": [[[0.8223914504051208, -0.5685381889343262, -0.02090025320649147, -0.8782958984375], [-0.005472682416439056, 0.028829317539930344, -0.9995693564414978, 1.4874095916748047], [0.5688958764076233, 0.8221516609191895, 0.0205975528806448, -1.24798583984375], [0.0, 0.0, 0.0, 1.0]], [[0.010050322860479355, -0.999640166759491, -0.024872127920389175, 0.008209228515625], [-0.0034947500098496675, 0.024838117882609367, -0.9996853470802307, 1.4796953201293945], [0.9999433755874634, 0.010134114883840084, -0.0032438617199659348, -1.6104736328125], [0.0, 0.0, 0.0, 1.0]], [[-0.8441370725631714, -0.5359801054000854, -0.012568942271173, 1.0113525390625], [0.004552256781607866, 0.016277503222227097, -0.9998571276664734, 1.4934817552566528], [0.5361082553863525, -0.8440737128257751, -0.011300522834062576, -1.2255859375], [0.0, 0.0, 0.0, 1.0]], [[0.9478093385696411, 0.3186981678009033, -0.009437811560928822, -1.14453125], [-0.02062714472413063, 0.03175278380513191, -0.9992828965187073, 1.5620613098144531], [-0.3181699812412262, 0.947324275970459, 0.03666941449046135, -0.15576171875], [0.0, 0.0, 0.0, 1.0]], [[0.009418527595698833, 0.9996681809425354, 0.023977501317858696, -0.02911376953125], [-0.018620863556861877, 0.02414974756538868, -0.9995349049568176, 1.5674171447753906], [-0.9997822642326355, 0.00896778330206871, 0.018842142075300217, 0.0101318359375], [0.0, 0.0, 0.0, 1.0]], [[-0.9236707091331482, 0.3829353451728821, 0.01389240100979805, 1.0977783203125], [-0.014491834677755833, 0.0013194058556109667, -0.9998940825462341, 1.5468292236328125], [-0.38291311264038086, -0.923774242401123, 0.004330738447606564, -0.06884765625], [0.0, 0.0, 0.0, 1.0]]], "view": [[0.0, -2.0, 100.0], [-2.0, 0.0, 100.0], [0.0, 0.0, 1.0]], "bev": "bev_bf8b53ea92124e95ad770045706015de.png", "aux": "aux_bf8b53ea92124e95ad770045706015de.npz", "visibility": "visibility_bf8b53ea92124e95ad770045706015de.png", "pose": [[0.6471971273422241, -0.762322723865509, 0.0, 1441.7042236328125], [0.762322723865509, 0.6471971273422241, 0.0, 1214.72998046875], [0.0, 0.0, 1.0, 0.0], [0.0, 0.0, 0.0, 1.0]], "pose_inverse": [[0.6471971273422241, 0.762322723865509, 0.0, -1859.0830078125], [-0.762322723865509, 0.6471971273422241, 0.0, 312.8741149902344], [0.0, 0.0, 1.0, 0.0], [0.0, 0.0, 0.0, 1.0]], "cam_ids": [0, 1, 2, 3, 4, 5], "cam_channels": ["CAM_FRONT_LEFT", "CAM_FRONT", "CAM_FRONT_RIGHT", "CAM_BACK_LEFT", "CAM_BACK", "CAM_BACK_RIGHT"], "token": "bf8b53ea92124e95ad770045706015de", "scene": "scene-0560"}, {"images": ["samples/CAM_FRONT_LEFT/n008-2018-08-31-11-37-23-0400__CAM_FRONT_LEFT__1535730425504799.jpg", "samples/CAM_FRONT/n008-2018-08-31-11-37-23-0400__CAM_FRONT__1535730425512404.jpg", "samples/CAM_FRONT_RIGHT/n008-2018-08-31-11-37-23-0400__CAM_FRONT_RIGHT__1535730425520482.jpg", "samples/CAM_BACK_LEFT/n008-2018-08-31-11-37-23-0400__CAM_BACK_LEFT__1535730425547405.jpg", "samples/CAM_BACK/n008-2018-08-31-11-37-23-0400__CAM_BACK__1535730425537558.jpg", "samples/CAM_BACK_RIGHT/n008-2018-08-31-11-37-23-0400__CAM_BACK_RIGHT__1535730425528113.jpg"], "intrinsics": [[[1257.8625342125129, 0.0, 827.2410631095686], [0.0, 1257.8625342125129, 450.915498205774], [0.0, 0.0, 1.0]], [[1252.8131021185304, 0.0, 826.588114781398], [0.0, 1252.8131021185304, 469.9846626224581], [0.0, 0.0, 1.0]], [[1256.7485116440405, 0.0, 817.7887570959712], [0.0, 1256.7485116440403, 451.9541780095127], [0.0, 0.0, 1.0]], [[1254.9860565800168, 0.0, 829.5769333630991], [0.0, 1254.9860565800168, 467.1680561863987], [0.0, 0.0, 1.0]], [[796.8910634503094, 0.0, 857.7774326863696], [0.0, 796.8910634503094, 476.8848988407415], [0.0, 0.0, 1.0]], [[1249.9629280788233, 0.0, 825.3768045375984], [0.0, 1249.9629280788233, 462.54816385708756], [0.0, 0.0, 1.0]]], "extrinsics": [[[0.8223398327827454, -0.5686561465263367, -0.019687063992023468, -0.894775390625], [-0.005069477949291468, 0.02727598510682583, -0.9996150732040405, 1.4875831604003906], [0.5689741373062134, 0.822123110294342, 0.019547341391444206, -1.2586669921875], [0.0, 0.0, 0.0, 1.0]], [[0.009912111796438694, -0.9996800422668457, -0.023270651698112488, 0.007537841796875], [-0.003240870079025626, 0.023239554837346077, -0.9997246861457825, 1.479783058166504], [0.9999456405639648, 0.009984810836613178, -0.0030094804242253304, -1.625732421875], [0.0, 0.0, 0.0, 1.0]], [[-0.8442165851593018, -0.5358729958534241, -0.011763112619519234, 1.0206298828125], [0.004645803477615118, 0.014629699289798737, -0.999882161617279, 1.4934477806091309], [0.5359819531440735, -0.8441718816757202, -0.009861074388027191, -1.2320556640625], [0.0, 0.0, 0.0, 1.0]], [[0.9478012919425964, 0.3186933398246765, -0.010361899621784687, -1.14453125], [-0.021064652130007744, 0.030155057087540627, -0.9993232488632202, 1.5620574951171875], [-0.31816524267196655, 0.9473780393600464, 0.03529416769742966, -0.1558837890625], [0.0, 0.0, 0.0, 1.0]], [[0.009478862397372723, 0.9997063279151917, 0.022302862256765366, -0.028900146484375], [-0.018935220316052437, 0.022479312494397163, -0.999567985534668, 1.5674896240234375], [-0.9997758269309998, 0.009052403271198273, 0.01914273574948311, 0.0142822265625], [0.0, 0.0, 0.0, 1.0]], [[-0.9236297607421875, 0.38305673003196716, 0.01324639655649662, 1.1053466796875], [-0.014491931535303593, -0.00036593893310055137, -0.9998948574066162, 1.5469493865966797], [-0.3830115795135498, -0.9237247705459595, 0.005889224354177713, -0.0657958984375], [0.0, 0.0, 0.0, 1.0]]], "view": [[0.0, -2.0, 100.0], [-2.0, 0.0, 100.0], [0.0, 0.0, 1.0]], "bev": "bev_99d384fef2ea463ebb660d9f5e1955eb.png", "aux": "aux_99d384fef2ea463ebb660d9f5e1955eb.npz", "visibility": "visibility_99d384fef2ea463ebb660d9f5e1955eb.png", "pose": [[0.6486651301383972, -0.7610739469528198, 0.0, 1442.837890625], [0.7610739469528198, 0.6486651301383972, 0.0, 1216.02490234375], [0.0, 0.0, 1.0, 0.0], [0.0, 0.0, 0.0, 1.0]], "pose_inverse": [[0.6486651301383972, 0.7610739469528198, 0.0, -1861.4034423828125], [-0.7610739469528198, 0.6486651301383972, 0.0, 309.3133850097656], [0.0, 0.0, 1.0, 0.0], [0.0, 0.0, 0.0, 1.0]], "cam_ids": [0, 1, 2, 3, 4, 5], "cam_channels": ["CAM_FRONT_LEFT", "CAM_FRONT", "CAM_FRONT_RIGHT", "CAM_BACK_LEFT", "CAM_BACK", "CAM_BACK_RIGHT"], "token": "99d384fef2ea463ebb660d9f5e1955eb", "scene": "scene-0560"}, {"images": ["samples/CAM_FRONT_LEFT/n008-2018-08-31-11-37-23-0400__CAM_FRONT_LEFT__1535730426004799.jpg", "samples/CAM_FRONT/n008-2018-08-31-11-37-23-0400__CAM_FRONT__1535730426012404.jpg", "samples/CAM_FRONT_RIGHT/n008-2018-08-31-11-37-23-0400__CAM_FRONT_RIGHT__1535730426020482.jpg", "samples/CAM_BACK_LEFT/n008-2018-08-31-11-37-23-0400__CAM_BACK_LEFT__1535730426047405.jpg", "samples/CAM_BACK/n008-2018-08-31-11-37-23-0400__CAM_BACK__1535730426037558.jpg", "samples/CAM_BACK_RIGHT/n008-2018-08-31-11-37-23-0400__CAM_BACK_RIGHT__1535730426028113.jpg"], "intrinsics": [[[1257.8625342125129, 0.0, 827.2410631095686], [0.0, 1257.8625342125129, 450.915498205774], [0.0, 0.0, 1.0]], [[1252.8131021185304, 0.0, 826.588114781398], [0.0, 1252.8131021185304, 469.9846626224581], [0.0, 0.0, 1.0]], [[1256.7485116440405, 0.0, 817.7887570959712], [0.0, 1256.7485116440403, 451.9541780095127], [0.0, 0.0, 1.0]], [[1254.9860565800168, 0.0, 829.5769333630991], [0.0, 1254.9860565800168, 467.1680561863987], [0.0, 0.0, 1.0]], [[796.8910634503094, 0.0, 857.7774326863696], [0.0, 796.8910634503094, 476.8848988407415], [0.0, 0.0, 1.0]], [[1249.9629280788233, 0.0, 825.3768045375984], [0.0, 1249.9629280788233, 462.54816385708756], [0.0, 0.0, 1.0]]], "extrinsics": [[[0.8227028250694275, -0.5677837133407593, -0.027962423861026764, -0.904052734375], [-0.009985854849219322, 0.03474695608019829, -0.9993461966514587, 1.4870281219482422], [0.568384051322937, 0.8224441409111023, 0.022916609421372414, -1.265625], [0.0, 0.0, 0.0, 1.0]], [[0.010520504787564278, -0.9994753003120422, -0.030633891001343727, 0.007781982421875], [-0.008103989996016026, 0.03054935857653618, -0.9995003938674927, 1.4793167114257812], [0.9999118447303772, 0.010763472877442837, -0.007778344210237265, -1.635009765625], [0.0, 0.0, 0.0, 1.0]], [[-0.8439511060714722, -0.5362958908081055, -0.011544871143996716, 1.0262451171875], [-0.0001588672457728535, 0.021771958097815514, -0.9997628927230835, 1.4930362701416016], [0.5364201068878174, -0.8437491655349731, -0.01845967024564743, -1.2354736328125], [0.0, 0.0, 0.0, 1.0]], [[0.9477508068084717, 0.3187698423862457, -0.012412075884640217, -1.1427001953125], [-0.025511274114251137, 0.03695071116089821, -0.9989914298057556, 1.5620040893554688], [-0.3179897964000702, 0.9471116662025452, 0.04315229505300522, -0.15667724609375], [0.0, 0.0, 0.0, 1.0]], [[0.00937758106738329, 0.999530553817749, 0.029167883098125458, -0.029083251953125], [-0.023316407576203346, 0.02937980368733406, -0.9992963075637817, 1.5673866271972656], [-0.99968421459198, 0.008690919727087021, 0.023580