[{"images": ["samples/CAM_FRONT_LEFT/n008-2018-07-27-12-07-38-0400__CAM_FRONT_LEFT__1532708631004799.jpg", "samples/CAM_FRONT/n008-2018-07-27-12-07-38-0400__CAM_FRONT__1532708631012404.jpg", "samples/CAM_FRONT_RIGHT/n008-2018-07-27-12-07-38-0400__CAM_FRONT_RIGHT__1532708631020482.jpg", "samples/CAM_BACK_LEFT/n008-2018-07-27-12-07-38-0400__CAM_BACK_LEFT__1532708631047405.jpg", "samples/CAM_BACK/n008-2018-07-27-12-07-38-0400__CAM_BACK__1532708631037558.jpg", "samples/CAM_BACK_RIGHT/n008-2018-07-27-12-07-38-0400__CAM_BACK_RIGHT__1532708631028113.jpg"], "intrinsics": [[[1257.8625342125129, 0.0, 827.2410631095686], [0.0, 1257.8625342125129, 450.915498205774], [0.0, 0.0, 1.0]], [[1252.8131021185304, 0.0, 826.588114781398], [0.0, 1252.8131021185304, 469.9846626224581], [0.0, 0.0, 1.0]], [[1256.7485116440405, 0.0, 817.7887570959712], [0.0, 1256.7485116440403, 451.9541780095127], [0.0, 0.0, 1.0]], [[1254.9860565800168, 0.0, 829.5769333630991], [0.0, 1254.9860565800168, 467.1680561863987], [0.0, 0.0, 1.0]], [[796.8910634503094, 0.0, 857.7774326863696], [0.0, 796.8910634503094, 476.8848988407415], [0.0, 0.0, 1.0]], [[1249.9629280788233, 0.0, 825.3768045375984], [0.0, 1249.9629280788233, 462.54816385708756], [0.0, 0.0, 1.0]]], "extrinsics": [[[0.8227289319038391, -0.5684335827827454, 0.0005813758471049368, -0.9666748046875], [0.018395720049738884, 0.025603001937270164, -0.999502956867218, 1.4891510009765625], [0.5681360960006714, 0.8223307132720947, 0.03152107819914818, -1.3067626953125], [0.0, 0.0, 0.0, 1.0]], [[0.010697617195546627, -0.9997169375419617, -0.02124887891113758, 0.005859375], [0.02031904086470604, 0.02146303281188011, -0.9995631575584412, 1.4809513092041016], [0.9997363090515137, 0.010261126793920994, 0.020542891696095467, -1.696044921875], [0.0, 0.0, 0.0, 1.0]], [[-0.8436028957366943, -0.536087691783905, -0.030726438388228416, 1.06512451171875], [0.028306595981121063, 0.012744379229843616, -0.9995180368423462, 1.4939284324645996], [0.5362209677696228, -0.8440660834312439, 0.004423622041940689, -1.261474609375], [0.0, 0.0, 0.0, 1.0]], [[0.9478226900100708, 0.31858864426612854, 0.01155081856995821, -1.142364501953125], [0.0028178642969578505, 0.027858657762408257, -0.9996079206466675, 1.562042236328125], [-0.3187856078147888, 0.9474835395812988, 0.025507327169179916, -0.1566162109375], [0.0, 0.0, 0.0, 1.0]], [[0.008949985727667809, 0.9997519254684448, 0.020395971834659576, -0.0286865234375], [0.004970488138496876, 0.020352058112621307, -0.9997804760932922, 1.568124771118164], [-0.9999476671218872, 0.009049351327121258, -0.004787105601280928, 0.0321044921875], [0.0, 0.0, 0.0, 1.0]], [[-0.9237222671508789, 0.38294723629951477, -0.009409493766725063, 1.14013671875], [0.009214785881340504, -0.002342791296541691, -0.9999547600746155, 1.548017978668213], [-0.3829519748687744, -0.9237672090530396, -0.0013646879233419895, -0.05224609375], [0.0, 0.0, 0.0, 1.0]]], "view": [[0.0, -2.0, 100.0], [-2.0, 0.0, 100.0], [0.0, 0.0, 1.0]], "bev": "bev_e4606d4d8eb244f2aada8e6e96617f96.png", "aux": "aux_e4606d4d8eb244f2aada8e6e96617f96.npz", "visibility": "visibility_e4606d4d8eb244f2aada8e6e96617f96.png", "pose": [[0.7550328969955444, 0.6556869149208069, 0.0, 759.4194946289062], [-0.6556869149208069, 0.7550328969955444, 0.0, 1515.6304931640625], [0.0, 0.0, 1.0, 0.0], [0.0, 0.0, 0.0, 1.0]], "pose_inverse": [[0.7550328969955444, -0.6556869149208069, 0.0, 420.392333984375], [0.6556869149208069, 0.7550328969955444, 0.0, -1642.2923583984375], [0.0, 0.0, 1.0, 0.0], [0.0, 0.0, 0.0, 1.0]], "cam_ids": [0, 1, 2, 3, 4, 5], "cam_channels": ["CAM_FRONT_LEFT", "CAM_FRONT", "CAM_FRONT_RIGHT", "CAM_BACK_LEFT", "CAM_BACK", "CAM_BACK_RIGHT"], "token": "e4606d4d8eb244f2aada8e6e96617f96", "scene": "scene-0238"}, {"images": ["samples/CAM_FRONT_LEFT/n008-2018-07-27-12-07-38-0400__CAM_FRONT_LEFT__1532708631404799.jpg", "samples/CAM_FRONT/n008-2018-07-27-12-07-38-0400__CAM_FRONT__1532708631412404.jpg", "samples/CAM_FRONT_RIGHT/n008-2018-07-27-12-07-38-0400__CAM_FRONT_RIGHT__1532708631420482.jpg", "samples/CAM_BACK_LEFT/n008-2018-07-27-12-07-38-0400__CAM_BACK_LEFT__1532708631447474.jpg", "samples/CAM_BACK/n008-2018-07-27-12-07-38-0400__CAM_BACK__1532708631437558.jpg", "samples/CAM_BACK_RIGHT/n008-2018-07-27-12-07-38-0400__CAM_BACK_RIGHT__1532708631428119.jpg"], "intrinsics": [[[1257.8625342125129, 0.0, 827.2410631095686], [0.0, 1257.8625342125129, 450.915498205774], [0.0, 0.0, 1.0]], [[1252.8131021185304, 0.0, 826.588114781398], [0.0, 1252.8131021185304, 469.9846626224581], [0.0, 0.0, 1.0]], [[1256.7485116440405, 0.0, 817.7887570959712], [0.0, 1256.7485116440403, 451.9541780095127], [0.0, 0.0, 1.0]], [[1254.9860565800168, 0.0, 829.5769333630991], [0.0, 1254.9860565800168, 467.1680561863987], [0.0, 0.0, 1.0]], [[796.8910634503094, 0.0, 857.7774326863696], [0.0, 796.8910634503094, 476.8848988407415], [0.0, 0.0, 1.0]], [[1249.9629280788233, 0.0, 825.3768045375984], [0.0, 1249.9629280788233, 462.54816385708756], [0.0, 0.0, 1.0]]], "extrinsics": [[[0.8231342434883118, -0.5678465962409973, -0.0004981884849257767, -0.9515380859375], [0.017537619918584824, 0.02629893086850643, -0.9995002746582031, 1.4894294738769531], [0.5675759315490723, 0.8227142095565796, 0.03160622715950012, -1.2967529296875], [0.0, 0.0, 0.0, 1.0]], [[0.011268948204815388, -0.99969482421875, -0.021982332691550255, 0.006103515625], [0.019491836428642273, 0.02219916507601738, -0.9995635151863098, 1.4812068939208984], [0.9997464418411255, 0.010835591703653336, 0.019736049696803093, -1.680999755859375], [0.0, 0.0, 0.0, 1.0]], [[-0.8433817625045776, -0.5364498496055603, -0.03047407604753971, 1.0555419921875], [0.027513153851032257, 0.013525322079658508, -0.9995299577713013, 1.4942150115966797], [0.5366098880767822, -0.8438237905502319, 0.003352417843416333, -1.2552490234375], [0.0, 0.0, 0.0, 1.0]], [[0.9478248953819275, 0.3185971677303314, 0.01113145612180233, -1.142730712890625], [0.002094648778438568, 0.0286929439753294, -0.9995861053466797, 1.5620498657226562], [-0.31878459453582764, 0.9474558234214783, 0.02652853913605213, -0.156494140625], [0.0, 0.0, 0.0, 1.0]], [[0.008785020560026169, 0.9997365474700928, 0.021206170320510864, -0.02880859375], [0.004226351622492075, 0.021169675514101982, -0.9997669458389282, 1.5681304931640625], [-0.999952495098114, 0.00887263659387827, -0.004039262421429157, 0.027923583984375], [0.0, 0.0, 0.0, 1.0]], [[-0.9238567352294922, 0.382646381855011, -0.00839289277791977, 1.1326904296875], [0.0084451949223876, -0.001543027232401073, -0.9999631643295288, 1.548067569732666], [-0.38264521956443787, -0.9238935112953186, -0.0018059881404042244, -0.055419921875], [0.0, 0.0, 0.0, 1.0]]], "view": [[0.0, -2.0, 100.0], [-2.0, 0.0, 100.0], [0.0, 0.0, 1.0]], "bev": "bev_8596f837529c47089822720c8c8b6c4c.png", "aux": "aux_8596f837529c47089822720c8c8b6c4c.npz", "visibility": "visibility_8596f837529c47089822720c8c8b6c4c.png", "pose": [[0.7509585618972778, 0.6603493094444275, 0.0, 759.8275756835938], [-0.6603493094444275, 0.7509585618972778, 0.0, 1515.270263671875], [0.0, 0.0, 1.0, 0.0], [0.0, 0.0, 0.0, 1.0]], "pose_inverse": [[0.7509585618972778, -0.6603493094444275, 0.0, 430.0086669921875], [0.6603493094444275, 0.7509585618972778, 0.0, -1639.6568603515625], [0.0, 0.0, 1.0, 0.0], [0.0, 0.0, 0.0, 1.0]], "cam_ids": [0, 1, 2, 3, 4, 5], "cam_channels": ["CAM_FRONT_LEFT", "CAM_FRONT", "CAM_FRONT_RIGHT", "CAM_BACK_LEFT", "CAM_BACK", "CAM_BACK_RIGHT"], "token": "8596f837529c47089822720c8c8b6c4c", "scene": "scene-0238"}, {"images": ["samples/CAM_FRONT_LEFT/n008-2018-07-27-12-07-38-0400__CAM_FRONT_LEFT__1532708631904804.jpg", "samples/CAM_FRONT/n008-2018-07-27-12-07-38-0400__CAM_FRONT__1532708631912404.jpg", "samples/CAM_FRONT_RIGHT/n008-2018-07-27-12-07-38-0400__CAM_FRONT_RIGHT__1532708631920482.jpg", "samples/CAM_BACK_LEFT/n008-2018-07-27-12-07-38-0400__CAM_BACK_LEFT__1532708631947405.jpg", "samples/CAM_BACK/n008-2018-07-27-12-07-38-0400__CAM_BACK__1532708631937558.jpg", "samples/CAM_BACK_RIGHT/n008-2018-07-27-12-07-38-0400__CAM_BACK_RIGHT__1532708631928113.jpg"], "intrinsics": [[[1257.8625342125129, 0.0, 827.2410631095686], [0.0, 1257.8625342125129, 450.915498205774], [0.0, 0.0, 1.0]], [[1252.8131021185304, 0.0, 826.588114781398], [0.0, 1252.8131021185304, 469.9846626224581], [0.0, 0.0, 1.0]], [[1256.7485116440405, 0.0, 817.7887570959712], [0.0, 1256.7485116440403, 451.9541780095127], [0.0, 0.0, 1.0]], [[1254.9860565800168, 0.0, 829.5769333630991], [0.0, 1254.9860565800168, 467.1680561863987], [0.0, 0.0, 1.0]], [[796.8910634503094, 0.0, 857.7774326863696], [0.0, 796.8910634503094, 476.8848988407415], [0.0, 0.0, 1.0]], [[1249.9629280788233, 0.0, 825.3768045375984], [0.0, 1249.9629280788233, 462.54816385708756], [0.0, 0.0, 1.0]]], "extrinsics": [[[0.8231616616249084, -0.5677967667579651, -0.003429620061069727, -0.9403076171875], [0.01594012789428234, 0.029146039858460426, -0.9994480609893799, 1.4895477294921875], [0.5675833821296692, 0.8226526379585266, 0.03304265812039375, -1.2886962890625], [0.0, 0.0, 0.0, 1.0]], [[0.011265798471868038, -0.9996241927146912, -0.024992553517222404, 0.005859375], [0.017835063859820366, 0.025191040709614754, -0.9995235800743103, 1.4813289642333984], [0.9997774958610535, 0.010814676992595196, 0.01811215467751026, -1.669525146484375], [0.0, 0.0, 0.0, 1.0]], [[-0.8434255719184875, -0.5363675355911255, -0.030711082741618156, 1.047882080078125], [0.02579348161816597, 0.016670867800712585, -0.9995282888412476, 1.4943809509277344], [0.5366265773773193, -0.8438198566436768, -0.0002258487802464515, -1.25048828125], [0.0, 0.0, 0.0, 1.0]], [[0.9478491544723511, 0.31854480504989624, 0.0105441240593791, -1.1416015625], [0.00021394126815721393, 0.03244688734412193, -0.9994734525680542, 1.562042236328125], [-0.3187192678451538, 0.9473522901535034, 0.030686605721712112, -0.1568603515625], [0.0, 0.0, 0.0, 1.0]], [[0.008823293261229992, 0.9996556639671326, 0.02471185475587845, -0.028564453125], [0.0024231886491179466, 0.024691367521882057, -0.9996922016143799, 1.568115234375], [-0.9999581575393677, 0.008880391716957092, -0.002204494085162878, 0.024078369140625], [0.0, 0.0, 0.0, 1.0]], [[-0.9238724708557129, 0.3826608657836914, -0.0055091846734285355, 1.12646484375], [0.00669310474768281, 0.0017627119086682796, -0.9999760389328003, 1.5480598211288452], [-0.3826419711112976, -0.9238871932029724, -0.004189710132777691, -0.0579833984375], [0.0, 0.0, 0.0, 1.0]]], "view": [[0.0, -2.0, 100.0], [-2.0, 0.0, 100.0], [0.0, 0.0, 1.0]], "bev": "bev_76800f1d5f994fa9b869be0fbeadec94.png", "aux": "aux_76800f1d5f994fa9b869be0fbeadec94.npz", "visibility": "visibility_76800f1d5f994fa9b869be0fbeadec94.png", "pose": [[0.7434509992599487, 0.6687904000282288, 0.0, 760.4601440429688], [-0.6687904000282288, 0.7434509992599487, 0.0, 1514.70166015625], [0.0, 0.0, 1.0, 0.0], [0.0, 0.0, 0.0, 1.0]], "pose_inverse": [[0.7434509992599487, -0.6687904000282288, 0.0, 447.6530456542969], [0.6687904000282288, 0.7434509992599487, 0.0, -1634.6949462890625], [0.0, 0.0, 1.0, 0.0], [0.0, 0.0, 0.0, 1.0]], "cam_ids": [0, 1, 2, 3, 4, 5], "cam_channels": ["CAM_FRONT_LEFT", "CAM_FRONT", "CAM_FRONT_RIGHT", "CAM_BACK_LEFT", "CAM_BACK", "CAM_BACK_RIGHT"], "token": "76800f1d5f994fa9b869be0fbeadec94", "scene": "scene-0238"}, {"images": ["samples/CAM_FRONT_LEFT/n008-2018-07-27-12-07-38-0400__CAM_FRONT_LEFT__1532708632404799.jpg", "samples/CAM_FRONT/n008-2018-07-27-12-07-38-0400__CAM_FRONT__1532708632412404.jpg", "samples/CAM_FRONT_RIGHT/n008-2018-07-27-12-07-38-0400__CAM_FRONT_RIGHT__1532708632420482.jpg", "samples/CAM_BACK_LEFT/n008-2018-07-27-12-07-38-0400__CAM_BACK_LEFT__1532708632447405.jpg", "samples/CAM_BACK/n008-2018-07-27-12-07-38-0400__CAM_BACK__1532708632437558.jpg", "samples/CAM_BACK_RIGHT/n008-2018-07-27-12-07-38-0400__CAM_BACK_RIGHT__1532708632428113.jpg"], "intrinsics": [[[1257.8625342125129, 0.0, 827.2410631095686], [0.0, 1257.8625342125129, 450.915498205774], [0.0, 0.0, 1.0]], [[1252.8131021185304, 0.0, 826.588114781398], [0.0, 1252.8131021185304, 469.9846626224581], [0.0, 0.0, 1.0]], [[1256.7485116440405, 0.0, 817.7887570959712], [0.0, 1256.7485116440403, 451.9541780095127], [0.0, 0.0, 1.0]], [[1254.9860565800168, 0.0, 829.5769333630991], [0.0, 1254.9860565800168, 467.1680561863987], [0.0, 0.0, 1.0]], [[796.8910634503094, 0.0, 857.7774326863696], [0.0, 796.8910634503094, 476.8848988407415], [0.0, 0.0, 1.0]], [[1249.9629280788233, 0.0, 825.3768045375984], [0.0, 1249.9629280788233, 462.54816385708756], [0.0, 0.0, 1.0]]], "extrinsics": [[[0.8227141499519348, -0.568453311920166, -0.0015075245173648, -0.917724609375], [0.01614624448120594, 0.026018954813480377, -0.9995310306549072, 1.490020751953125], [0.5682259798049927, 0.8223039507865906, 0.03058454766869545, -1.2725830078125], [0.0, 0.0, 0.0, 1.0]], [[0.010625520721077919, -0.9997096657752991, -0.021623026579618454, 0.006103515625], [0.017992764711380005, 0.021811893209815025, -0.9996001720428467, 1.4817543029785156], [0.9997816681861877, 0.01023220643401146, 0.01821930520236492, -1.64666748046875], [0.0, 0.0, 0.0, 1.0]], [[-0.8436853885650635, -0.5360625386238098, -0.028843164443969727, 1.032623291015625], [0.025898899883031845, 0.013021832332015038, -0.9995797276496887, 1.4948525428771973], [0.5362128615379333, -0.8440778255462646, 0.002897098660469055, -1.240966796875], [0.0, 0.0, 0.0, 1.0]], [[0.9478469491004944, 0.3185953199863434, 0.009119439870119095, -1.139923095703125], [0.0002348332345718518, 0.027914097532629967, -0.9996103048324585, 1.562042236328125], [-0.31872570514678955, 0.9474796652793884, 0.026383476331830025, -0.1575927734375], [0.0, 0.0, 0.0, 1.0]], [[0.009008996188640594, 0.9997490644454956, 0.02050887793302536, -0.0284423828125], [0.0024358509108424187, 0.0204877071082592, -0.9997870922088623, 1.5681343078613281], [-0.9999564290046692, 0.009057051502168179, -0.0022506669629365206, 0.0166015625], [0.0, 0.0, 0.0, 1.0]], [[-0.9237369894981384, 0.3829626739025116, -0.007036753464490175, 1.1142578125], [0.0067366682924330235, -0.002124667400494218, -0.9999750256538391, 1.548149585723877], [-0.38296809792518616, -0.9237613081932068, -0.0006172581342980266, -0.0631103515625], [0.0, 0.0, 0.0, 1.0]]], "view": [[0.0, -2.0, 100.0], [-2.0, 0.0, 100.0], [0.0, 0.0, 1.0]], "bev": "bev_bab95b86a5ba46608dc66eec3b9eeb71.png", "aux": "aux_bab95b86a5ba46608dc66eec3b9eeb71.npz", "visibility": "visibility_bab95b86a5ba46608dc66eec3b9eeb71.png", "pose": [[0.7390704154968262, 0.6736281514167786, 0.0, 761.239990234375], [-0.6736281514167786, 0.7390704154968262, 0.0, 1513.995361328125], [0.0, 0.0, 1.0, 0.0], [0.0, 0.0, 0.0, 1.0]], "pose_inverse": [[0.7390704154968262, -0.6736281514167786, 0.0, 457.2599792480469], [0.6736281514167786, 0.7390704154968262, 0.0, -1631.741943359375], [0.0, 0.0, 1.0, 0.0], [0.0, 0.0, 0.0, 1.0]], "cam_ids": [0, 1, 2, 3, 4, 5], "cam_channels": ["CAM_FRONT_LEFT", "CAM_FRONT", "CAM_FRONT_RIGHT", "CAM_BACK_LEFT", "CAM_BACK", "CAM_BACK_RIGHT"], "token": "bab95b86a5ba46608dc66eec3b9eeb71", "scene": "scene-0238"}, {"images": ["samples/CAM_FRONT_LEFT/n008-2018-07-27-12-07-38-0400__CAM_FRONT_LEFT__1532708632854799.jpg", "samples/CAM_FRONT/n008-2018-07-27-12-07-38-0400__CAM_FRONT__1532708632862404.jpg", "samples/CAM_FRONT_RIGHT/n008-2018-07-27-12-07-38-0400__CAM_FRONT_RIGHT__1532708632870482.jpg", "samples/CAM_BACK_LEFT/n008-2018-07-27-12-07-38-0400__CAM_BACK_LEFT__1532708632897409.jpg", "samples/CAM_BACK/n008-2018-07-27-12-07-38-0400__CAM_BACK__1532708632887558.jpg", "samples/CAM_BACK_RIGHT/n008-2018-07-27-12-07-38-0400__CAM_BACK_RIGHT__1532708632878113.jpg"], "intrinsics": [[[1257.8625342125129, 0.0, 827.2410631095686], [0.0, 1257.8625342125129, 450.915498205774], [0.0, 0.0, 1.0]], [[1252.8131021185304, 0.0, 826.588114781398], [0.0, 1252.8131021185304, 469.9846626224581], [0.0, 0.0, 1.0]], [[1256.7485116440405, 0.0, 817.7887570959712], [0.0, 1256.7485116440403, 451.9541780095127], [0.0, 0.0, 1.0]], [[1254.9860565800168, 0.0, 829.5769333630991], [0.0, 1254.9860565800168, 467.1680561863987], [0.0, 0.0, 1.0]], [[796.8910634503094, 0.0, 857.7774326863696], [0.0, 796.8910634503094, 476.8848988407415], [0.0, 0.0, 1.0]], [[1249.9629280788233, 0.0, 825.3768045375984], [0.0, 1249.9629280788233, 462.54816385708756], [0.0, 0.0, 1.0]]], "extrinsics": [[[0.8227953910827637, -0.5683266520500183, -0.003543836297467351, -0.9068603515625], [0.016456637531518936, 0.030057009309530258, -0.9994127154350281, 1.4902458190917969], [0.5680994391441345, 0.8222537636756897, 0.03408351540565491, -1.265869140625], [0.0, 0.0, 0.0, 1.0]], [[0.010765367187559605, -0.9996083974838257, -0.025827594101428986, 0.006591796875], [0.01846771314740181, 0.026023441925644875, -0.9994907379150391, 1.4819793701171875], [0.9997714757919312, 0.010282924398779869, 0.018740633502602577, -1.635986328125], [0.0, 0.0, 0.0, 1.0]], [[-0.8436017036437988, -0.5360296368598938, -0.03175503760576248, 1.025787353515625], [0.02655182220041752, 0.017424145713448524, -0.9994955658912659, 1.4951152801513672], [0.5363125801086426, -0.8440192937850952, -0.0004664763400796801, -1.2362060546875], [0.0, 0.0, 0.0, 1.0]], [[0.9478302001953125, 0.31855419278144836, 0.011878686025738716, -1.1381912231445312], [0.0014896534848958254, 0.03283688426017761, -0.9994595646858215, 1.5620536804199219], [-0.3187721371650696, 0.9473357200622559, 0.030649255961179733, -0.1580810546875], [0.0, 0.0, 0.0, 1.0]], [[0.008915637619793415, 0.9996407628059387, 0.02527373842895031, -0.028564453125], [0.003479471430182457, 0.025243576616048813, -0.9996752142906189, 1.56817626953125], [-0.9999542236328125, 0.009000715799629688, -0.003253159113228321, 0.012725830078125], [0.0, 0.0, 0.0, 1.0]], [[-0.9237726926803589, 0.3828929364681244, -0.006074035074561834, 1.1082763671875], [0.00758441723883152, 0.0024352362379431725, -0.9999682307243347, 1.548241376876831], [-0.3828660249710083, -0.9237895011901855, -0.005153624806553125, -0.0653076171875], [0.0, 0.0, 0.0, 1.0]]], "view": [[0.0, -2.0, 100.0], [-2.0, 0.0, 100.0], [0.0, 0.0, 1.0]], "bev": "bev_15dd671a6e4d47f9b8e8348994431fc2.png", "aux": "aux_15dd671a6e4d47f9b8e8348994431fc2.npz", "visibility": "visibility_15dd671a6e4d47f9b8e8348994431fc2.png", "pose": [[0.7365689873695374, 0.6763623952865601, 0.0, 762.0768432617188], [-0.6763623952865601, 0.7365689873695374, 0.0, 1513.23583984375], [0.0, 0.0, 1.0, 0.0], [0.0, 0.0, 0.0, 1.0]], "pose_inverse": [[0.7365689873695374, -0.6763623952865601, 0.0, 462.17364501953125], [0.6763623952865601, 0.7365689873695374, 0.0, -1630.042724609375], [0.0, 0.0, 1.0, 0.0], [0.0, 0.0, 0.0, 1.0]], "cam_ids": [0, 1, 2, 3, 4, 5], "cam_channels": ["CAM_FRONT_LEFT", "CAM_FRONT", "CAM_FRONT_RIGHT", "CAM_BACK_LEFT", "CAM_BACK", "CAM_BACK_RIGHT"], "token": "15dd671a6e4d47f9b8e8348994431fc2", "scene": "scene-0238"}, {"images": ["samples/CAM_FRONT_LEFT/n008-2018-07-27-12-07-38-0400__CAM_FRONT_LEFT__1532708633404799.jpg", "samples/CAM_FRONT/n008-2018-07-27-12-07-38-0400__CAM_FRONT__1532708633412404.jpg", "samples/CAM_FRONT_RIGHT/n008-2018-07-27-12-07-38-0400__CAM_FRONT_RIGHT__1532708633420482.jpg", "samples/CAM_BACK_LEFT/n008-2018-07-27-12-07-38-0400__CAM_BACK_LEFT__1532708633447405.jpg", "samples/CAM_BACK/n008-2018-07-27-12-07-38-0400__CAM_BACK__1532708633437558.jpg", "samples/CAM_BACK_RIGHT/n008-2018-07-27-12-07-38-0400__CAM_BACK_RIGHT__1532708633428329.jpg"], "intrinsics": [[[1257.8625342125129, 0.0, 827.2410631095686], [0.0, 1257.8625342125129, 450.915498205774], [0.0, 0.0, 1.0]], [[1252.8131021185304, 0.0, 826.588114781398], [0.0, 1252.8131021185304, 469.9846626224581], [0.0, 0.0, 1.0]], [[1256.7485116440405, 0.0, 817.7887570959712], [0.0, 1256.7485116440403, 451.9541780095127], [0.0, 0.0, 1.0]], [[1254.9860565800168, 0.0, 829.5769333630991], [0.0, 1254.9860565800168, 467.1680561863987], [0.0, 0.0, 1.0]], [[796.8910634503094, 0.0, 857.7774326863696], [0.0, 796.8910634503094, 476.8848988407415], [0.0, 0.0, 1.0]], [[1249.9629280788233, 0.0, 825.3768045375984], [0.0, 1249.9629280788233, 462.54816385708756], [0.0, 0.0, 1.0]]], "extrinsics": [[[0.8229361176490784, -0.5681295394897461, -0.0022047758102416992, -0.896240234375], [0.016721239313483238, 0.02809942327439785, -0.9994652271270752, 1.4904823303222656], [0.5678877234458923, 0.8224592804908752, 0.03262386471033096, -1.2587890625], [0.0, 0.0, 0.0, 1.0]], [[0.010967846028506756, -0.999665379524231, -0.023424847051501274, 0.007080078125], [0.018753210082650185, 0.02362777478992939, -0.9995449185371399, 1.4822044372558594], [0.9997639656066895, 0.010523589327931404, 0.01900608278810978, -1.62542724609375], [0.0, 0.0, 0.0, 1.0]], [[-0.8435187339782715, -0.5362344980239868, -0.030474726110696793, 1.01873779296875], [0.02685672789812088, 0.014557713642716408, -0.9995332360267639, 1.495361328125], [0.5364278554916382, -0.8439435362815857, 0.0021218005567789078, -1.2314453125], [0.0, 0.0, 0.0, 1.0]], [[0.9478369951248169, 0.31858232617378235, 0.01051062997430563, -1.1393356323242188], [0.0016073047881945968, 0.02819671295583248, -0.9996011257171631, 1.5620498657226562], [-0.31875160336494446, 0.9474756717681885, 0.02621382661163807, -0.15771484375], [0.0, 0.0, 0.0, 1.0]], [[0.00889483280479908, 0.9997335076332092, 0.021299315616488457, -0.0286865234375], [0.0036936758551746607, 0.02126716449856758, -0.9997669458389282, 1.5681838989257812], [-0.99995356798172, 0.008971448987722397, -0.003503524698317051, 0.009979248046875], [0.0, 0.0, 0.0, 1.0]], [[-0.9237977862358093, 0.38280507922172546, -0.007605032529681921, 1.1033935546875], [0.007854592055082321, -0.0009110114770010114, -0.9999687075614929, 1.548299789428711], [-0.38279998302459717, -0.9238287210464478, -0.0021651876159012318, -0.0672607421875], [0.0, 0.0, 0.0, 1.0]]], "view": [[0.0, -2.0, 100.0], [-2.0, 0.0, 100.0], [0.0, 0.0, 1.0]], "bev": "bev_c8d34f4fbf50498fb6e6b29ac2b99e68.png", "aux": "aux_c8d34f4fbf50498fb6e6b29ac2b99e68.npz", "visibility": "visibility_c8d34f4fbf50498fb6e6b29ac2b99e68.png", "pose": [[0.7315892577171326, 0.6817456483840942, 0.0, 763.1906127929688], [-0.6817456483840942, 0.7315892577171326, 0.0, 1512.1995849609375], [0.0, 0.0, 1.0, 0.0], [0.0, 0.0, 0.0, 1.0]], "pose_inverse": [[0.7315892577171326, -0.6817456483840942, 0.0, 472.5934753417969], [0.6817456483840942, 0.7315892577171326, 0.0, -1626.61083984375], [0.0, 0.0, 1.0, 0.0], [0.0, 0.0, 0.0, 1.0]], "cam_ids": [0, 1, 2, 3, 4, 5], "cam_channels": ["CAM_FRONT_LEFT", "CAM_FRONT", "CAM_FRONT_RIGHT", "CAM_BACK_LEFT", "CAM_BACK", "CAM_BACK_RIGHT"], "token": "c8d34f4fbf50498fb6e6b29ac2b99e68", "scene": "scene-0238"}, {"images": ["samples/CAM_FRONT_LEFT/n008-2018-07-27-12-07-38-0400__CAM_FRONT_LEFT__1532708633904799.jpg", "samples/CAM_FRONT/n008-2018-07-27-12-07-38-0400__CAM_FRONT__1532708633912404.jpg", "samples/CAM_FRONT_RIGHT/n008-2018-07-27-12-07-38-0400__CAM_FRONT_RIGHT__1532708633920482.jpg", "samples/CAM_BACK_LEFT/n008-2018-07-27-12-07-38-0400__CAM_BACK_LEFT__1532708633947413.jpg", "samples/CAM_BACK/n008-2018-07-27-12-07-38-0400__CAM_BACK__1532708633937558.jpg", "samples/CAM_BACK_RIGHT/n008-2018-07-27-12-07-38-0400__CAM_BACK_RIGHT__1532708633928113.jpg"], "intrinsics": [[[1257.8625342125129, 0.0, 827.2410631095686], [0.0, 1257.8625342125129, 450.915498205774], [0.0, 0.0, 1.0]], [[1252.8131021185304, 0.0, 826.588114781398], [0.0, 1252.8131021185304, 469.9846626224581], [0.0, 0.0, 1.0]], [[1256.7485116440405, 0.0, 817.7887570959712], [0.0, 1256.7485116440403, 451.9541780095127], [0.0, 0.0, 1.0]], [[1254.9860565800168, 0.0, 829.5769333630991], [0.0, 1254.9860565800168, 467.1680561863987], [0.0, 0.0, 1.0]], [[796.8910634503094, 0.0, 857.7774326863696], [0.0, 796.8910634503094, 476.8848988407415], [0.0, 0.0, 1.0]], [[1249.9629280788233, 0.0, 825.3768045375984], [0.0, 1249.9629280788233, 462.54816385708756], [0.0, 0.0, 1.0]]], "extrinsics": [[[0.8230996131896973, -0.5678691864013672, -0.0056212483905255795, -0.8812255859375], [0.013524302281439304, 0.02949647232890129, -0.9994733929634094, 1.4903335571289062], [0.5677359700202942, 0.8225902318954468, 0.03195856884121895, -1.2479248046875], [0.0, 0.0, 0.0, 1.0]], [[0.011139706708490849, -0.9996075630187988, -0.0257028266787529, 0.006591796875], [0.015819938853383064, 0.025877386331558228, -0.9995399713516235, 1.4821357727050781], [0.9998128414154053, 0.010727948509156704, 0.01610199734568596, -1.610076904296875], [0.0, 0.0, 0.0, 1.0]], [[-0.8435053825378418, -0.5362861752510071, -0.029929323121905327, 1.00848388671875], [0.024204205721616745, 0.017713449895381927, -0.9995500445365906, 1.4954299926757812], [0.5365750789642334, -0.8438504338264465, -0.0019610109739005566, -1.2255859375], [0.0, 0.0, 0.0, 1.0]], [[0.9478601813316345, 0.3185015618801117, 0.010856904089450836, -1.1373825073242188], [-0.0001192959607578814, 0.034422263503074646, -0.9994073510169983, 1.5620460510253906], [-0.3186866044998169, 0.9472970962524414, 0.03266548737883568, -0.158203125], [0.0, 0.0, 0.0, 1.0]], [[0.008859430439770222, 0.9996123909950256, 0.0263929795473814, -0.0284423828125], [0.0016779596917331219, 0.026379117742180824, -0.9996505379676819, 1.5681304931640625], [-0.9999593496322632, 0.00890068057924509, -0.0014436043566092849, 0.004638671875], [0.0, 0.0, 0.0, 1.0]], [[-0.9238622784614563, 0.38270509243011475, -0.0038909721188247204, 1.094482421875], [0.00550109101459384, 0.0031129876151680946, -0.9999799728393555, 1.5482068061828613], [-0.3826853036880493, -0.9238652586936951, -0.004981267731636763, -0.071044921875], [0.0, 0.0, 0.0, 1.0]]], "view": [[0.0, -2.0, 100.0], [-2.0, 0.0, 100.0], [0.0, 0.0, 1.0]], "bev": "bev_28bde8cdc48d4dbe91270ea7e5b6f6ac.png", "aux": "aux_28bde8cdc48d4dbe91270ea7e5b6f6ac.npz", "visibility": "visibility_28bde8cdc48d4dbe91270ea7e5b6f6ac.png", "pose": [[0.7264420986175537, 0.6872276663780212, 0.0, 764.3381958007812], [-0.6872276663780212, 0.7264420986175537, 0.0, 1511.1177978515625], [0.0, 0.0, 1.0, 0.0], [0.0, 0.0, 0.0, 1.0]], "pose_inverse": [[0.7264420986175537, -0.6872276663780212, 0.0, 483.23455810546875], [0.6872276663780212, 0.7264420986175537, 0.0, -1623.013916015625], [0.0, 0.0, 1.0, 0.0], [0.0, 0.0, 0.0, 1.0]], "cam_ids": [0, 1, 2, 3, 4, 5], "cam_channels": ["CAM_FRONT_LEFT", "CAM_FRONT", "CAM_FRONT_RIGHT", "CAM_BACK_LEFT", "CAM_BACK", "CAM_BACK_RIGHT"], "token": "28bde8cdc48d4dbe91270ea7e5b6f6ac", "scene": "scene-0238"}, {"images": ["samples/CAM_FRONT_LEFT/n008-2018-07-27-12-07-38-0400__CAM_FRONT_LEFT__1532708634404799.jpg", "samples/CAM_FRONT/n008-2018-07-27-12-07-38-0400__CAM_FRONT__1532708634412404.jpg", "samples/CAM_FRONT_RIGHT/n008-2018-07-27-12-07-38-0400__CAM_FRONT_RIGHT__1532708634420482.jpg", "samples/CAM_BACK_LEFT/n008-2018-07-27-12-07-38-0400__CAM_BACK_LEFT__1532708634447405.jpg", "samples/CAM_BACK/n008-2018-07-27-12-07-38-0400__CAM_BACK__1532708634437558.jpg", "samples/CAM_BACK_RIGHT/n008-2018-07-27-12-07-38-0400__CAM_BACK_RIGHT__1532708634428113.jpg"], "intrinsics": [[[1257.8625342125129, 0.0, 827.2410631095686], [0.0, 1257.8625342125129, 450.915498205774], [0.0, 0.0, 1.0]], [[1252.8131021185304, 0.0, 826.588114781398], [0.0, 1252.8131021185304, 469.9846626224581], [0.0, 0.0, 1.0]], [[1256.7485116440405, 0.0, 817.7887570959712], [0.0, 1256.7485116440403, 451.9541780095127], [0.0, 0.0, 1.0]], [[1254.9860565800168, 0.0, 829.5769333630991], [0.0, 1254.9860565800168, 467.1680561863987], [0.0, 0.0, 1.0]], [[796.8910634503094, 0.0, 857.7774326863696], [0.0, 796.8910634503094, 476.8848988407415], [0.0, 0.0, 1.0]], [[1249.9629280788233, 0.0, 825.3768045375984], [0.0, 1249.9629280788233, 462.54816385708756], [0.0, 0.0, 1.0]]], "extrinsics": [[[0.823354959487915, -0.5674492120742798, 0.009385345503687859, -0.8831787109375], [0.022419435903429985, 0.015996795147657394, -0.9996206760406494, 1.4915924072265625], [0.5670838356018066, 0.8232530355453491, 0.02589293010532856, -1.250244140625], [0.0, 0.0, 0.0, 1.0]], [[0.011687792837619781, -0.9998700022697449, -0.011103533208370209, 0.00732421875], [0.02474217489361763, 0.011390075087547302, -0.9996289610862732, 1.483189582824707], [0.999625563621521, 0.011408709920942783, 0.024872083216905594, -1.6124267578125], [0.0, 0.0, 0.0, 1.0]], [[-0.8430895209312439, -0.5369831323623657, -0.029138565063476562, 1.010406494140625], [0.03315399959683418, 0.002180115319788456, -0.9994478821754456, 1.4962396621704102], [0.5367502570152283, -0.8435901403427124, 0.015965109691023827, -1.225830078125], [0.0, 0.0, 0.0, 1.0]], [[0.9477349519729614, 0.3187673091888428, 0.013636504299938679, -1.1387290954589844], [0.008897830732166767, 0.01631712168455124, -0.9998272657394409, 1.5620956420898438], [-0.3189347982406616, 0.9476925730705261, 0.012627968564629555, -0.1578369140625], [0.0, 0.0, 0.0, 1.0]], [[0.008604566566646099, 0.9999208450317383, 0.009178879670798779, -0.0286865234375], [0.010761908255517483, 0.009086087346076965, -0.999900758266449, 1.5684771537780762], [-0.9999051094055176, 0.008702435530722141, -0.010682875290513039, 0.0054931640625], [0.0, 0.0, 0.0, 1.0]], [[-0.9238365888595581, 0.38234028220176697, -0.018485864624381065, 1.095703125], [0.01452595368027687, -0.013241305947303772, -0.999806821346283, 1.5488338470458984], [-0.382511168718338, -0.9239267110824585, 0.006678946781903505, -0.0701904296875], [0.0, 0.0, 0.0, 1.0]]], "view": [[0.0, -2.0, 100.0], [-2.0, 0.0, 100.0], [0.0, 0.0, 1.0]], "bev": "bev_314dcf984061481eb682391be9339433.png", "aux": "aux_314dcf984061481eb682391be9339433.npz", "visibility": "visibility_314dcf984061481eb682391be9339433.png", "pose": [[0.7172182202339172, 0.6968486309051514, 0.0, 765.5182495117188], [-0.6968486309051514, 0.7172182202339172, 0.0, 1509.9696044921875], [0.0, 0.0, 1.0, 0.0], [0.0, 0.0, 0.0, 1.0]], "pose_inverse": [[0.7172182202339172, -0.6968486309051514, 0.0, 503.1766052246094], [0.6968486309051514, 0.7172182202339172, 0.0, -1616.4281005859375], [0.0, 0.0, 1.0, 0.0], [0.0, 0.0, 0.0, 1.0]], "cam_ids": [0, 1, 2, 3, 4, 5], "cam_channels": ["CAM_FRONT_LEFT", "CAM_FRONT", "CAM_FRONT_RIGHT", "CAM_BACK_LEFT", "CAM_BACK", "CAM_BACK_RIGHT"], "token": "314dcf984061481eb682391be9339433", "scene": "scene-0238"}, {"images": ["samples/CAM_FRONT_LEFT/n008-2018-07-27-12-07-38-0400__CAM_FRONT_LEFT__1532708634904799.jpg", "samples/CAM_FRONT/n008-2018-07-27-12-07-38-0400__CAM_FRONT__1532708634912404.jpg", "samples/CAM_FRONT_RIGHT/n008-2018-07-27-12-07-38-0400__CAM_FRONT_RIGHT__1532708634920482.jpg", "samples/CAM_BACK_LEFT/n008-2018-07-27-12-07-38-0400__CAM_BACK_LEFT__1532708634947405.jpg", "samples/CAM_BACK/n008-2018-07-27-12-07-38-0400__CAM_BACK__1532708634937558.jpg", "samples/CAM_BACK_RIGHT/n008-2018-07-27-12-07-38-0400__CAM_BACK_RIGHT__1532708634928113.jpg"], "intrinsics": [[[1257.8625342125129, 0.0, 827.2410631095686], [0.0, 1257.8625342125129, 450.915498205774], [0.0, 0.0, 1.0]], [[1252.8131021185304, 0.0, 826.588114781398], [0.0, 1252.8131021185304, 469.9846626224581], [0.0, 0.0, 1.0]], [[1256.7485116440405, 0.0, 817.7887570959712], [0.0, 1256.7485116440403, 451.9541780095127], [0.0, 0.0, 1.0]], [[1254.9860565800168, 0.0, 829.5769333630991], [0.0, 1254.9860565800168, 467.1680561863987], [0.0, 0.0, 1.0]], [[796.8910634503094, 0.0, 857.7774326863696], [0.0, 796.8910634503094, 476.8848988407415], [0.0, 0.0, 1.0]], [[1249.9629280788233, 0.0, 825.3768045375984], [0.0, 1249.9629280788233, 462.54816385708756], [0.0, 0.0, 1.0]]], "extrinsics": [[[0.8225901126861572, -0.5686248540878296, -0.003370723919942975, -0.87548828125], [0.019238905981183052, 0.033754970878362656, -0.9992449283599854, 1.4912643432617188], [0.5683091878890991, 0.821904182434082, 0.0387062169611454, -1.245361328125], [0.0, 0.0, 0.0, 1.0]], [[0.01052037626504898, -0.9995207786560059, -0.029111580923199654, 0.0078125], [0.021493513137102127, 0.02933250367641449, -0.9993386268615723, 1.4829177856445312], [0.9997135996818542, 0.00988772977143526, 0.02179180271923542, -1.6051025390625], [0.0, 0.0, 0.0, 1.0]], [[-0.8436402082443237, -0.5356957316398621, -0.03607254475355148, 1.00579833984375], [0.02983250468969345, 0.020312167704105377, -0.9993484616279602, 1.4960670471191406], [0.5360794067382812, -0.8441667556762695, -0.0011550155468285084, -1.2225341796875], [0.0, 0.0, 0.0, 1.0]], [[0.947787344455719, 0.3185039758682251, 0.01594681479036808, -1.1384620666503906], [0.005304707679897547, 0.03425231948494911, -0.9993991255760193, 1.5620765686035156], [-0.3188587725162506, 0.947302520275116, 0.030774343758821487, -0.1580810546875], [0.0, 0.0, 0.0, 1.0]], [[0.008959941565990448, 0.9995882511138916, 0.027257254347205162, -0.0289306640625], [0.007134094834327698, 0.02719375304877758, -0.9996046423912048, 1.5683403015136719], [-0.9999344944953918, 0.009150848723948002, -0.006887503433972597, 0.003662109375], [0.0, 0.0, 0.0, 1.0]], [[-0.9236605763435364, 0.38312163949012756, -0.008299672044813633, 1.092041015625], [0.011031728237867355, 0.0049344818107783794, -0.9999269843101501, 1.5486268997192383], [-0.38305267691612244, -0.9236847162246704, -0.008784279227256775, -0.0714111328125], [0.0, 0.0, 0.0, 1.0]]], "view": [[0.0, -2.0, 100.0], [-2.0, 0.0, 100.0], [0.0, 0.0, 1.0]], "bev": "bev_cb739273fb0c448c9cf2df32c6985553.png", "aux": "aux_cb739273fb0c448c9cf2df32c6985553.npz", "visibility": "visibility_cb739273fb0c448c9cf2df32c6985553.png", "pose": [[0.715544581413269, 0.6985670924186707, 0.0, 766.7373046875], [-0.6985670924186707, 0.715544581413269, 0.0, 1508.7708740234375], [0.0, 0.0, 1.0, 0.0], [0.0, 0.0, 0.0, 1.0]], "pose_inverse": [[0.715544581413269, -0.6985670924186707, 0.0, 505.3429870605469], [0.6985670924186707, 0.715544581413269, 0.0, -1615.210205078125], [0.0, 0.0, 1.0, 0.0], [0.0, 0.0, 0.0, 1.0]], "cam_ids": [0, 1, 2, 3, 4, 5], "cam_channels": ["CAM_FRONT_LEFT", "CAM_FRONT", "CAM_FRONT_RIGHT", "CAM_BACK_LEFT", "CAM_BACK", "CAM_BACK_RIGHT"], "token": "cb739273fb0c448c9cf2df32c6985553", "scene": "scene-0238"}, {"images": ["samples/CAM_FRONT_LEFT/n008-2018-07-27-12-07-38-0400__CAM_FRONT_LEFT__1532708635404799.jpg", "samples/CAM_FRONT/n008-2018-07-27-12-07-38-0400__CAM_FRONT__1532708635412404.jpg", "samples/CAM_FRONT_RIGHT/n008-2018-07-27-12-07-38-0400__CAM_FRONT_RIGHT__1532708635420485.jpg", "samples/CAM_BACK_LEFT/n008-2018-07-27-12-07-38-0400__CAM_BACK_LEFT__1532708635447405.jpg", "samples/CAM_BACK/n008-2018-07-27-12-07-38-0400__CAM_BACK__1532708635437558.jpg", "samples/CAM_BACK_RIGHT/n008-2018-07-27-12-07-38-0400__CAM_BACK_RIGHT__1532708635428113.jpg"], "intrinsics": [[[1257.8625342125129, 0.0, 827.2410631095686], [0.0, 1257.8625342125129, 450.915498205774], [0.0, 0.0, 1.0]], [[1252.8131021185304, 0.0, 826.588114781398], [0.0, 1252.8131021185304, 469.9846626224581], [0.0, 0.0, 1.0]], [[1256.7485116440405, 0.0, 817.7887570959712], [0.0, 1256.7485116440403, 451.9541780095127], [0.0, 0.0, 1.0]], [[1254.9860565800168, 0.0, 829.5769333630991], [0.0, 1254.9860565800168, 467.1680561863987], [0.0, 0.0, 1.0]], [[796.8910634503094, 0.0, 857.7774326863696], [0.0, 796.8910634503094, 476.8848988407415], [0.0, 0.0, 1.0]], [[1249.9629280788233, 0.0, 825.3768045375984], [0.0, 1249.9629280788233, 462.54816385708756], [0.0, 0.0, 1.0]]], "extrinsics": [[[0.8228749632835388, -0.5682188868522644, 0.002047796966508031, -0.8802490234375], [0.021233579143881798, 0.027147987857460976, -0.9994058609008789, 1.4914608001708984], [0.5678257346153259, 0.8224294781684875, 0.03440471738576889, -1.2491455078125], [0.0, 0.0, 0.0, 1.0]], [[0.010978061705827713, -0.9996832609176636, -0.022646499797701836, 0.0079345703125], [0.02315330132842064, 0.022895922884345055, -0.9994696974754333, 1.4830207824707031], [0.9996716380119324, 0.010447981767356396, 0.02339732088148594, -1.610198974609375], [0.0, 0.0, 0.0, 1.0]], [[-0.843420147895813, -0.536189079284668, -0.03381948545575142, 1.00958251953125], [0.031136993318796158, 0.014058803208172321, -0.9994162321090698, 1.496068000793457], [0.5363515019416809, -0.8439807891845703, 0.004837837070226669, -1.2249755859375], [0.0, 0.0, 0.0, 1.0]], [[0.9478063583374023, 0.3185167610645294, 0.01450400147587061, -1.1410369873046875], [0.005614612251520157, 0.028809115290641785, -0.9995691776275635, 1.5620613098144531], [-0.31879743933677673, 0.9474793672561646, 0.025517113506793976, -0.1571044921875], [0.0, 0.0, 0.0, 1.0]], [[0.008819667622447014, 0.9997302889823914, 0.02148418314754963, -0.0286865234375], [0.007781146559864283, 0.02141575701534748, -0.9997403621673584, 1.568349838256836], [-0.9999308586120605, 0.00898455735296011, -0.007590169087052345, 0.0067138671875], [0.0, 0.0, 0.0, 1.0]], [[-0.9237410426139832, 0.3828434944152832, -0.01155163161456585, 1.095458984375], [0.012030587531626225, -0.0011431354796513915, -0.9999269843101501, 1.5486574172973633], [-0.3828286826610565, -0.9238125085830688, -0.0035498691722750664, -0.070068359375], [0.0, 0.0, 0.0, 1.0]]], "view": [[0.0, -2.0, 100.0], [-2.0, 0.0, 100.0], [0.0, 0.0, 1.0]], "bev": "bev_b22aea801a8b498198c2517b1ea5521a.png", "aux": "aux_b22aea801a8b498198c2517b1ea5521a.npz", "visibility": "visibility_b22aea801a8b498198c2517b1ea5521a.png", "pose": [[0.708780825138092, 0.7054287791252136, 0.0, 768.018798828125], [-0.7054287791252136, 0.708780825138092, 0.0, 1507.482177734375], [0.0, 0.0, 1.0, 0.0], [0.0, 0.0, 0.0, 1.0]], "pose_inverse": [[0.708780825138092, -0.7054287791252136, 0.0, 519.0642700195312], [0.7054287791252136, 0.708780825138092, 0.0, -1610.2569580078125], [0.0, 0.0, 1.0, 0.0], [0.0, 0.0, 0.0, 1.0]], "cam_ids": [0, 1, 2, 3, 4, 5], "cam_channels": ["CAM_FRONT_LEFT", "CAM_FRONT", "CAM_FRONT_RIGHT", "CAM_BACK_LEFT", "CAM_BACK", "CAM_BACK_RIGHT"], "token": "b22aea801a8b498198c2517b1ea5521a", "scene": "scene-0238"}, {"images": ["samples/CAM_FRONT_LEFT/n008-2018-07-27-12-07-38-0400__CAM_FRONT_LEFT__1532708635904799.jpg", "samples/CAM_FRONT/n008-2018-07-27-12-07-38-0400__CAM_FRONT__1532708635912404.jpg", "samples/CAM_FRONT_RIGHT/n008-2018-07-27-12-07-38-0400__CAM_FRONT_RIGHT__1532708635920482.jpg", "samples/CAM_BACK_LEFT/n008-2018-07-27-12-07-38-0400__CAM_BACK_LEFT__1532708635947405.jpg", "samples/CAM_BACK/n008-2018-07-27-12-07-38-0400__CAM_BACK__1532708635937576.jpg", "samples/CAM_BACK_RIGHT/n008-2018-07-27-12-07-38-0400__CAM_BACK_RIGHT__1532708635928113.jpg"], "intrinsics": [[[1257.8625342125129, 0.0, 827.2410631095686], [0.0, 1257.8625342125129, 450.915498205774], [0.0, 0.0, 1.0]], [[1252.8131021185304, 0.0, 826.588114781398], [0.0, 1252.8131021185304, 469.9846626224581], [0.0, 0.0, 1.0]], [[1256.7485116440405, 0.0, 817.7887570959712], [0.0, 1256.7485116440403, 451.9541780095127], [0.0, 0.0, 1.0]], [[1254.9860565800168, 0.0, 829.5769333630991], [0.0, 1254.9860565800168, 467.1680561863987], [0.0, 0.0, 1.0]], [[796.8910634503094, 0.0, 857.7774326863696], [0.0, 796.8910634503094, 476.8848988407415], [0.0, 0.0, 1.0]], [[1249.9629280788233, 0.0, 825.3768045375984], [0.0, 1249.9629280788233, 462.54816385708756], [0.0, 0.0, 1.0]]], "extrinsics": [[[0.8225216269493103, -0.5687336921691895, 0.0004752767563331872, -0.870361328125], [0.015146087855100632, 0.02106938138604164, -0.999663233757019, 1.4907569885253906], [0.5685322880744934, 0.8222518563270569, 0.025944111868739128, -1.2408447265625], [0.0, 0.0, 0.0, 1.0]], [[0.010324728675186634, -0.9998090863227844, -0.016591982915997505, 0.0069580078125], [0.017118068411946297, 0.01676715910434723, -0.9997128844261169, 1.4824638366699219], [0.9998002052307129, 0.010037663392722607, 0.01728791370987892, -1.600067138671875], [0.0, 0.0, 0.0, 1.0]], [[-0.8438273072242737, -0.5360106825828552, -0.025458374992012978, 1.002655029296875], [0.025157073512673378, 0.007875408045947552, -0.9996525049209595, 1.495696783065796], [0.5360249280929565, -0.8441745042800903, 0.006838974542915821, -1.2215576171875], [0.0, 0.0, 0.0, 1.0]], [[0.94785475730896, 0.318634569644928, 0.006596543360501528, -1.1407222747802734], [-0.0006296674837358296, 0.022570351138710976, -0.9997450709342957, 1.5620384216308594], [-0.31870225071907043, 0.9476088881492615, 0.02159404568374157, -0.1572265625], [0.0, 0.0, 0.0, 1.0]], [[0.009116058237850666, 0.9998431205749512, 0.015187202952802181, -0.0284423828125], [0.001636745990253985, 0.015172894112765789, -0.9998835325241089, 1.5681266784667969], [-0.9999571442604065, 0.009139873087406158, -0.00149