[{"images": ["samples/CAM_FRONT_LEFT/n008-2018-09-18-14-54-39-0400__CAM_FRONT_LEFT__1537297453854799.jpg", "samples/CAM_FRONT/n008-2018-09-18-14-54-39-0400__CAM_FRONT__1537297453862404.jpg", "samples/CAM_FRONT_RIGHT/n008-2018-09-18-14-54-39-0400__CAM_FRONT_RIGHT__1537297453870482.jpg", "samples/CAM_BACK_LEFT/n008-2018-09-18-14-54-39-0400__CAM_BACK_LEFT__1537297453897405.jpg", "samples/CAM_BACK/n008-2018-09-18-14-54-39-0400__CAM_BACK__1537297453887558.jpg", "samples/CAM_BACK_RIGHT/n008-2018-09-18-14-54-39-0400__CAM_BACK_RIGHT__1537297453878113.jpg"], "intrinsics": [[[1257.8625342125129, 0.0, 827.2410631095686], [0.0, 1257.8625342125129, 450.915498205774], [0.0, 0.0, 1.0]], [[1252.8131021185304, 0.0, 826.588114781398], [0.0, 1252.8131021185304, 469.9846626224581], [0.0, 0.0, 1.0]], [[1256.7485116440405, 0.0, 817.7887570959712], [0.0, 1256.7485116440403, 451.9541780095127], [0.0, 0.0, 1.0]], [[1254.9860565800168, 0.0, 829.5769333630991], [0.0, 1254.9860565800168, 467.1680561863987], [0.0, 0.0, 1.0]], [[796.8910634503094, 0.0, 857.7774326863696], [0.0, 796.8910634503094, 476.8848988407415], [0.0, 0.0, 1.0]], [[1249.9629280788233, 0.0, 825.3768045375984], [0.0, 1249.9629280788233, 462.54816385708756], [0.0, 0.0, 1.0]]], "extrinsics": [[[0.8233507871627808, -0.5674475431442261, -0.00983708631247282, -0.6971435546875], [0.005618701688945293, 0.025482352823019028, -0.9996594190597534, 1.4902992248535156], [0.5675049424171448, 0.8230151534080505, 0.024169230833649635, -1.1251220703125], [0.0, 0.0, 0.0, 1.0]], [[0.011438843794167042, -0.9997120499610901, -0.0210915207862854, 0.011474609375], [0.007235133554786444, 0.021175095811486244, -0.9997496008872986, 1.4823532104492188], [0.9999083876609802, 0.011283325031399727, 0.007475269492715597, -1.42498779296875], [0.0, 0.0, 0.0, 1.0]], [[-0.8434968590736389, -0.5367915630340576, -0.01917879469692707, 0.885986328125], [0.01491077896207571, 0.012291581369936466, -0.9998132586479187, 1.4966812133789062], [0.5369270443916321, -0.8436253070831299, -0.0023639306891709566, -1.1453857421875], [0.0, 0.0, 0.0, 1.0]], [[0.9478474259376526, 0.318715363740921, -0.0024314257316291332, -1.1229248046875], [-0.011578804813325405, 0.02680934965610504, -0.9995735287666321, 1.5617828369140625], [-0.3185141980648041, 0.9474712014198303, 0.02910151705145836, -0.1634521484375], [0.0, 0.0, 0.0, 1.0]], [[0.008849876932799816, 0.9997721910476685, 0.01942072995007038, -0.0286865234375], [-0.00898732803761959, 0.01950022764503956, -0.9997694492340088, 1.5671157836914062], [-0.9999203681945801, 0.008673247881233692, 0.009157855994999409, -0.0589752197265625], [0.0, 0.0, 0.0, 1.0]], [[-0.9240045547485352, 0.3823699653148651, 0.0029647673945873976, 0.99310302734375], [-0.004439148120582104, -0.002973738359287381, -0.9999856948852539, 1.5470123291015625], [-0.3823556900024414, -0.9240044355392456, 0.004445145837962627, -0.111572265625], [0.0, 0.0, 0.0, 1.0]]], "view": [[0.0, -2.0, 100.0], [-2.0, 0.0, 100.0], [0.0, 0.0, 1.0]], "bev": "bev_4747867a6289415d8069bf6ff2c4bda0.png", "aux": "aux_4747867a6289415d8069bf6ff2c4bda0.npz", "visibility": "visibility_4747867a6289415d8069bf6ff2c4bda0.png", "pose": [[-0.8540931940078735, -0.5201199650764465, 0.0, 1243.7813720703125], [0.5201199650764465, -0.8540931940078735, 0.0, 1518.172607421875], [0.0, 0.0, 1.0, 0.0], [0.0, 0.0, 0.0, 1.0]], "pose_inverse": [[-0.8540931940078735, 0.5201199650764465, 0.0, 272.6733093261719], [-0.5201199650764465, -0.8540931940078735, 0.0, 1943.576416015625], [0.0, 0.0, 1.0, 0.0], [0.0, 0.0, 0.0, 1.0]], "cam_ids": [0, 1, 2, 3, 4, 5], "cam_channels": ["CAM_FRONT_LEFT", "CAM_FRONT", "CAM_FRONT_RIGHT", "CAM_BACK_LEFT", "CAM_BACK", "CAM_BACK_RIGHT"], "token": "4747867a6289415d8069bf6ff2c4bda0", "scene": "scene-0886"}, {"images": ["samples/CAM_FRONT_LEFT/n008-2018-09-18-14-54-39-0400__CAM_FRONT_LEFT__1537297454354799.jpg", "samples/CAM_FRONT/n008-2018-09-18-14-54-39-0400__CAM_FRONT__1537297454362404.jpg", "samples/CAM_FRONT_RIGHT/n008-2018-09-18-14-54-39-0400__CAM_FRONT_RIGHT__1537297454370482.jpg", "samples/CAM_BACK_LEFT/n008-2018-09-18-14-54-39-0400__CAM_BACK_LEFT__1537297454397405.jpg", "samples/CAM_BACK/n008-2018-09-18-14-54-39-0400__CAM_BACK__1537297454387558.jpg", "samples/CAM_BACK_RIGHT/n008-2018-09-18-14-54-39-0400__CAM_BACK_RIGHT__1537297454378113.jpg"], "intrinsics": [[[1257.8625342125129, 0.0, 827.2410631095686], [0.0, 1257.8625342125129, 450.915498205774], [0.0, 0.0, 1.0]], [[1252.8131021185304, 0.0, 826.588114781398], [0.0, 1252.8131021185304, 469.9846626224581], [0.0, 0.0, 1.0]], [[1256.7485116440405, 0.0, 817.7887570959712], [0.0, 1256.7485116440403, 451.9541780095127], [0.0, 0.0, 1.0]], [[1254.9860565800168, 0.0, 829.5769333630991], [0.0, 1254.9860565800168, 467.1680561863987], [0.0, 0.0, 1.0]], [[796.8910634503094, 0.0, 857.7774326863696], [0.0, 796.8910634503094, 476.8848988407415], [0.0, 0.0, 1.0]], [[1249.9629280788233, 0.0, 825.3768045375984], [0.0, 1249.9629280788233, 462.54816385708756], [0.0, 0.0, 1.0]]], "extrinsics": [[[0.8229612112045288, -0.5679663419723511, -0.012213896960020065, -0.695556640625], [0.0002518284891266376, 0.021864360198378563, -0.9997609257698059, 1.4882965087890625], [0.5680975914001465, 0.8227612972259521, 0.01813654974102974, -1.1248779296875], [0.0, 0.0, 0.0, 1.0]], [[0.010835840366780758, -0.9997875094413757, -0.017533259466290474, 0.0120849609375], [0.002441877033561468, 0.017560696229338646, -0.9998428225517273, 1.4808578491210938], [0.9999383091926575, 0.010791313834488392, 0.0026316435541957617, -1.424560546875], [0.0, 0.0, 0.0, 1.0]], [[-0.843792200088501, -0.5364947319030762, -0.013713258318603039, 0.8865966796875], [0.010734851472079754, 0.00867476873099804, -0.9999047517776489, 1.4956626892089844], [0.5365626215934753, -0.843859076499939, -0.0015605116495862603, -1.1444091796875], [0.0, 0.0, 0.0, 1.0]], [[0.9478299021720886, 0.31872275471687317, -0.005853018257766962, -1.12646484375], [-0.013978421688079834, 0.02321232669055462, -0.9996327757835388, 1.5617828369140625], [-0.3184698820114136, 0.9475637674331665, 0.026456577703356743, -0.1619873046875], [0.0, 0.0, 0.0, 1.0]], [[0.009069658815860748, 0.9998334050178528, 0.015837613493204117, -0.02880859375], [-0.012089324183762074, 0.01594674587249756, -0.9997996687889099, 1.5667991638183594], [-0.9998857378959656, 0.00887640006840229, 0.012231942266225815, -0.0585174560546875], [0.0, 0.0, 0.0, 1.0]], [[-0.9238725304603577, 0.3826681971549988, 0.004962811712175608, 0.992919921875], [-0.008089061826467514, -0.006561086978763342, -0.9999457597732544, 1.5463647842407227], [-0.3826148509979248, -0.9238625764846802, 0.009157033637166023, -0.1109619140625], [0.0, 0.0, 0.0, 1.0]]], "view": [[0.0, -2.0, 100.0], [-2.0, 0.0, 100.0], [0.0, 0.0, 1.0]], "bev": "bev_b727ee9d827a4efd93350977bb947b3f.png", "aux": "aux_b727ee9d827a4efd93350977bb947b3f.npz", "visibility": "visibility_b727ee9d827a4efd93350977bb947b3f.png", "pose": [[-0.8458850383758545, -0.5333652496337891, 0.0, 1240.3331298828125], [0.5333652496337891, -0.8458850383758545, 0.0, 1520.380859375], [0.0, 0.0, 1.0, 0.0], [0.0, 0.0, 0.0, 1.0]], "pose_inverse": [[-0.8458850383758545, 0.5333652496337891, 0.0, 238.2609405517578], [-0.5333652496337891, -0.8458850383758545, 0.0, 1947.6180419921875], [0.0, 0.0, 1.0, 0.0], [0.0, 0.0, 0.0, 1.0]], "cam_ids": [0, 1, 2, 3, 4, 5], "cam_channels": ["CAM_FRONT_LEFT", "CAM_FRONT", "CAM_FRONT_RIGHT", "CAM_BACK_LEFT", "CAM_BACK", "CAM_BACK_RIGHT"], "token": "b727ee9d827a4efd93350977bb947b3f", "scene": "scene-0886"}, {"images": ["samples/CAM_FRONT_LEFT/n008-2018-09-18-14-54-39-0400__CAM_FRONT_LEFT__1537297454854799.jpg", "samples/CAM_FRONT/n008-2018-09-18-14-54-39-0400__CAM_FRONT__1537297454862404.jpg", "samples/CAM_FRONT_RIGHT/n008-2018-09-18-14-54-39-0400__CAM_FRONT_RIGHT__1537297454870482.jpg", "samples/CAM_BACK_LEFT/n008-2018-09-18-14-54-39-0400__CAM_BACK_LEFT__1537297454897405.jpg", "samples/CAM_BACK/n008-2018-09-18-14-54-39-0400__CAM_BACK__1537297454887558.jpg", "samples/CAM_BACK_RIGHT/n008-2018-09-18-14-54-39-0400__CAM_BACK_RIGHT__1537297454878113.jpg"], "intrinsics": [[[1257.8625342125129, 0.0, 827.2410631095686], [0.0, 1257.8625342125129, 450.915498205774], [0.0, 0.0, 1.0]], [[1252.8131021185304, 0.0, 826.588114781398], [0.0, 1252.8131021185304, 469.9846626224581], [0.0, 0.0, 1.0]], [[1256.7485116440405, 0.0, 817.7887570959712], [0.0, 1256.7485116440403, 451.9541780095127], [0.0, 0.0, 1.0]], [[1254.9860565800168, 0.0, 829.5769333630991], [0.0, 1254.9860565800168, 467.1680561863987], [0.0, 0.0, 1.0]], [[796.8910634503094, 0.0, 857.7774326863696], [0.0, 796.8910634503094, 476.8848988407415], [0.0, 0.0, 1.0]], [[1249.9629280788233, 0.0, 825.3768045375984], [0.0, 1249.9629280788233, 462.54816385708756], [0.0, 0.0, 1.0]]], "extrinsics": [[[0.8230398893356323, -0.5678641200065613, -0.011653329245746136, -0.69854736328125], [0.0030677379108965397, 0.02496110275387764, -0.9996837377548218, 1.4893379211425781], [0.5679754018783569, 0.8227437734603882, 0.02228603884577751, -1.1260986328125], [0.0, 0.0, 0.0, 1.0]], [[0.010945034213364124, -0.9997300505638123, -0.020495472475886345, 0.01171875], [0.0048713600262999535, 0.020549766719341278, -0.9997769594192505, 1.481597900390625], [0.9999282360076904, 0.010842712596058846, 0.005094962660223246, -1.4281463623046875], [0.0, 0.0, 0.0, 1.0]], [[-0.8437376022338867, -0.5364884734153748, -0.016941191628575325, 0.89013671875], [0.012743107974529266, 0.011532123200595379, -0.9998522996902466, 1.49609375], [0.5366045832633972, -0.8438289165496826, -0.002893556607887149, -1.147216796875], [0.0, 0.0, 0.0, 1.0]], [[0.94785076379776, 0.31869083642959595, -0.0039000939577817917, -1.1331787109375], [-0.012787092477083206, 0.025798609480261803, -0.9995853304862976, 1.5618896484375], [-0.31845802068710327, 0.9475076198577881, 0.028528358787298203, -0.16015625], [0.0, 0.0, 0.0, 1.0]], [[0.009049367159605026, 0.9997891783714294, 0.018434545025229454, -0.0289306640625], [-0.01063499879091978, 0.018530486151576042, -0.9997717142105103, 1.5670356750488281], [-0.9999024868011475, 0.008851327933371067, 0.010800445452332497, -0.050445556640625], [0.0, 0.0, 0.0, 1.0]], [[-0.9238890409469604, 0.3826345205307007, 0.004452045541256666, 0.99871826171875], [-0.006409574765712023, -0.0038413023576140404, -0.9999721050262451, 1.546699047088623], [-0.38260671496391296, -0.9238917827606201, 0.006001463159918785, -0.10888671875], [0.0, 0.0, 0.0, 1.0]]], "view": [[0.0, -2.0, 100.0], [-2.0, 0.0, 100.0], [0.0, 0.0, 1.0]], "bev": "bev_b45593ac338e4f58b2948b46323f5ffc.png", "aux": "aux_b45593ac338e4f58b2948b46323f5ffc.npz", "visibility": "visibility_b45593ac338e4f58b2948b46323f5ffc.png", "pose": [[-0.8404836654663086, -0.5418369174003601, 0.0, 1236.863525390625], [0.5418369174003601, -0.8404836654663086, 0.0, 1522.6517333984375], [0.0, 0.0, 1.0, 0.0], [0.0, 0.0, 0.0, 1.0]], "pose_inverse": [[-0.8404836654663086, 0.5418369174003601, 0.0, 214.53468322753906], [-0.5418369174003601, -0.8404836654663086, 0.0, 1949.942138671875], [0.0, 0.0, 1.0, 0.0], [0.0, 0.0, 0.0, 1.0]], "cam_ids": [0, 1, 2, 3, 4, 5], "cam_channels": ["CAM_FRONT_LEFT", "CAM_FRONT", "CAM_FRONT_RIGHT", "CAM_BACK_LEFT", "CAM_BACK", "CAM_BACK_RIGHT"], "token": "b45593ac338e4f58b2948b46323f5ffc", "scene": "scene-0886"}, {"images": ["samples/CAM_FRONT_LEFT/n008-2018-09-18-14-54-39-0400__CAM_FRONT_LEFT__1537297455354799.jpg", "samples/CAM_FRONT/n008-2018-09-18-14-54-39-0400__CAM_FRONT__1537297455362681.jpg", "samples/CAM_FRONT_RIGHT/n008-2018-09-18-14-54-39-0400__CAM_FRONT_RIGHT__1537297455370482.jpg", "samples/CAM_BACK_LEFT/n008-2018-09-18-14-54-39-0400__CAM_BACK_LEFT__1537297455397405.jpg", "samples/CAM_BACK/n008-2018-09-18-14-54-39-0400__CAM_BACK__1537297455387681.jpg", "samples/CAM_BACK_RIGHT/n008-2018-09-18-14-54-39-0400__CAM_BACK_RIGHT__1537297455378113.jpg"], "intrinsics": [[[1257.8625342125129, 0.0, 827.2410631095686], [0.0, 1257.8625342125129, 450.915498205774], [0.0, 0.0, 1.0]], [[1252.8131021185304, 0.0, 826.588114781398], [0.0, 1252.8131021185304, 469.9846626224581], [0.0, 0.0, 1.0]], [[1256.7485116440405, 0.0, 817.7887570959712], [0.0, 1256.7485116440403, 451.9541780095127], [0.0, 0.0, 1.0]], [[1254.9860565800168, 0.0, 829.5769333630991], [0.0, 1254.9860565800168, 467.1680561863987], [0.0, 0.0, 1.0]], [[796.8910634503094, 0.0, 857.7774326863696], [0.0, 796.8910634503094, 476.8848988407415], [0.0, 0.0, 1.0]], [[1249.9629280788233, 0.0, 825.3768045375984], [0.0, 1249.9629280788233, 462.54816385708756], [0.0, 0.0, 1.0]]], "extrinsics": [[[0.8230275511741638, -0.567960798740387, -0.006804517470300198, -0.70166015625], [0.007958337664604187, 0.02350928634405136, -0.9996919631958008, 1.4911155700683594], [0.5679457783699036, 0.8227198123931885, 0.02386881411075592, -1.128662109375], [0.0, 0.0, 0.0, 1.0]], [[0.010965581052005291, -0.9997559785842896, -0.019174300134181976, 0.011962890625], [0.00979919359087944, 0.01928197219967842, -0.9997661113739014, 1.4830436706542969], [0.9998918175697327, 0.010775074362754822, 0.010008241981267929, -1.4346160888671875], [0.0, 0.0, 0.0, 1.0]], [[-0.8436691164970398, -0.5364677309989929, -0.02061253972351551, 0.8936767578125], [0.017753999680280685, 0.010493932291865349, -0.9997872710227966, 1.4972171783447266], [0.5365698933601379, -0.843855619430542, 0.0006710404413752258, -1.1492919921875], [0.0, 0.0, 0.0, 1.0]], [[0.9478756785392761, 0.3186388909816742, 0.0009720475063659251, -1.13433837890625], [-0.007557503879070282, 0.025531332939863205, -0.999645471572876, 1.5619659423828125], [-0.3185507655143738, 0.9475322365760803, 0.026608644053339958, -0.1593017578125], [0.0, 0.0, 0.0, 1.0]], [[0.008995385840535164, 0.9997987747192383, 0.01792900450527668, -0.0289306640625], [-0.005480708088725805, 0.01797875575721264, -0.9998233318328857, 1.5675430297851562], [-0.9999445080757141, 0.008895494043827057, 0.005641331430524588, -0.047027587890625], [0.0, 0.0, 0.0, 1.0]], [[-0.9238824844360352, 0.3826758861541748, -0.0005666640936397016, 1.0015869140625], [-0.0013164017582312226, -0.004658925347030163, -0.999988317489624, 1.5475974082946777], [-0.382673978805542, -0.9238709211349487, 0.004808054771274328, -0.107421875], [0.0, 0.0, 0.0, 1.0]]], "view": [[0.0, -2.0, 100.0], [-2.0, 0.0, 100.0], [0.0, 0.0, 1.0]], "bev": "bev_8d5c860daae74bfc86427ff61a067ae7.png", "aux": "aux_8d5c860daae74bfc86427ff61a067ae7.npz", "visibility": "visibility_8d5c860daae74bfc86427ff61a067ae7.png", "pose": [[-0.8346357345581055, -0.5508022904396057, 0.0, 1233.4149169921875], [0.5508022904396057, -0.8346357345581055, 0.0, 1524.9642333984375], [0.0, 0.0, 1.0, 0.0], [0.0, 0.0, 0.0, 1.0]], "pose_inverse": [[-0.8346357345581055, 0.5508022904396057, 0.0, 189.49838256835938], [-0.5508022904396057, -0.8346357345581055, 0.0, 1952.157470703125], [0.0, 0.0, 1.0, 0.0], [0.0, 0.0, 0.0, 1.0]], "cam_ids": [0, 1, 2, 3, 4, 5], "cam_channels": ["CAM_FRONT_LEFT", "CAM_FRONT", "CAM_FRONT_RIGHT", "CAM_BACK_LEFT", "CAM_BACK", "CAM_BACK_RIGHT"], "token": "8d5c860daae74bfc86427ff61a067ae7", "scene": "scene-0886"}, {"images": ["samples/CAM_FRONT_LEFT/n008-2018-09-18-14-54-39-0400__CAM_FRONT_LEFT__1537297455854799.jpg", "samples/CAM_FRONT/n008-2018-09-18-14-54-39-0400__CAM_FRONT__1537297455862404.jpg", "samples/CAM_FRONT_RIGHT/n008-2018-09-18-14-54-39-0400__CAM_FRONT_RIGHT__1537297455870482.jpg", "samples/CAM_BACK_LEFT/n008-2018-09-18-14-54-39-0400__CAM_BACK_LEFT__1537297455897405.jpg", "samples/CAM_BACK/n008-2018-09-18-14-54-39-0400__CAM_BACK__1537297455887559.jpg", "samples/CAM_BACK_RIGHT/n008-2018-09-18-14-54-39-0400__CAM_BACK_RIGHT__1537297455878113.jpg"], "intrinsics": [[[1257.8625342125129, 0.0, 827.2410631095686], [0.0, 1257.8625342125129, 450.915498205774], [0.0, 0.0, 1.0]], [[1252.8131021185304, 0.0, 826.588114781398], [0.0, 1252.8131021185304, 469.9846626224581], [0.0, 0.0, 1.0]], [[1256.7485116440405, 0.0, 817.7887570959712], [0.0, 1256.7485116440403, 451.9541780095127], [0.0, 0.0, 1.0]], [[1254.9860565800168, 0.0, 829.5769333630991], [0.0, 1254.9860565800168, 467.1680561863987], [0.0, 0.0, 1.0]], [[796.8910634503094, 0.0, 857.7774326863696], [0.0, 796.8910634503094, 476.8848988407415], [0.0, 0.0, 1.0]], [[1249.9629280788233, 0.0, 825.3768045375984], [0.0, 1249.9629280788233, 462.54816385708756], [0.0, 0.0, 1.0]]], "extrinsics": [[[0.8231152892112732, -0.5677943229675293, -0.009541417472064495, -0.705810546875], [0.004710050765424967, 0.02362750843167305, -0.9997097253799438, 1.4897499084472656], [0.5678549408912659, 0.822831392288208, 0.022122498601675034, -1.138916015625], [0.0, 0.0, 0.0, 1.0]], [[0.01117935124784708, -0.999751091003418, -0.01931130886077881, 0.016845703125], [0.00669849943369627, 0.019386958330869675, -0.9997896552085876, 1.4819755554199219], [0.9999150633811951, 0.011047620326280594, 0.006913566496223211, -1.4408721923828125], [0.0, 0.0, 0.0, 1.0]], [[-0.8435653448104858, -0.5367206335067749, -0.01812419295310974, 0.9019775390625], [0.014792412519454956, 0.010513555258512497, -0.9998353123664856, 1.4963741302490234], [0.5368227958679199, -0.8436945080757141, -0.0009294785559177399, -1.1500244140625], [0.0, 0.0, 0.0, 1.0]], [[0.9478650689125061, 0.31866759061813354, -0.001666134805418551, -1.13531494140625], [-0.010182355530560017, 0.025060517713427544, -0.9996340870857239, 1.5619392395019531], [-0.31850922107696533, 0.9475352168083191, 0.02699877694249153, -0.1593017578125], [0.0, 0.0, 0.0, 1.0]], [[0.008916904218494892, 0.999805212020874, 0.017604073509573936, -0.030517578125], [-0.008190043270587921, 0.017677202820777893, -0.9998102188110352, 1.5672874450683594], [-0.999926745891571, 0.008771040476858616, 0.0083460733294487, -0.0447845458984375], [0.0, 0.0, 0.0, 1.0]], [[-0.9239652156829834, 0.3824712336063385, 0.0020176609978079796, 1.00579833984375], [-0.004162785597145557, -0.004781140945851803, -0.9999799132347107, 1.5471458435058594], [-0.3824538588523865, -0.9239550232887268, 0.006009753793478012, -0.1029052734375], [0.0, 0.0, 0.0, 1.0]]], "view": [[0.0, -2.0, 100.0], [-2.0, 0.0, 100.0], [0.0, 0.0, 1.0]], "bev": "bev_d6205f27812f44bebe5519a425ac62a7.png", "aux": "aux_d6205f27812f44bebe5519a425ac62a7.npz", "visibility": "visibility_d6205f27812f44bebe5519a425ac62a7.png", "pose": [[-0.8282790184020996, -0.5603159070014954, 0.0, 1229.9688720703125], [0.5603159070014954, -0.8282790184020996, 0.0, 1527.374267578125], [0.0, 0.0, 1.0, 0.0], [0.0, 0.0, 0.0, 1.0]], "pose_inverse": [[-0.8282790184020996, 0.5603159070014954, 0.0, 162.94528198242188], [-0.5603159070014954, -0.8282790184020996, 0.0, 1954.26318359375], [0.0, 0.0, 1.0, 0.0], [0.0, 0.0, 0.0, 1.0]], "cam_ids": [0, 1, 2, 3, 4, 5], "cam_channels": ["CAM_FRONT_LEFT", "CAM_FRONT", "CAM_FRONT_RIGHT", "CAM_BACK_LEFT", "CAM_BACK", "CAM_BACK_RIGHT"], "token": "d6205f27812f44bebe5519a425ac62a7", "scene": "scene-0886"}, {"images": ["samples/CAM_FRONT_LEFT/n008-2018-09-18-14-54-39-0400__CAM_FRONT_LEFT__1537297456404799.jpg", "samples/CAM_FRONT/n008-2018-09-18-14-54-39-0400__CAM_FRONT__1537297456412404.jpg", "samples/CAM_FRONT_RIGHT/n008-2018-09-18-14-54-39-0400__CAM_FRONT_RIGHT__1537297456420482.jpg", "samples/CAM_BACK_LEFT/n008-2018-09-18-14-54-39-0400__CAM_BACK_LEFT__1537297456447405.jpg", "samples/CAM_BACK/n008-2018-09-18-14-54-39-0400__CAM_BACK__1537297456437558.jpg", "samples/CAM_BACK_RIGHT/n008-2018-09-18-14-54-39-0400__CAM_BACK_RIGHT__1537297456428113.jpg"], "intrinsics": [[[1257.8625342125129, 0.0, 827.2410631095686], [0.0, 1257.8625342125129, 450.915498205774], [0.0, 0.0, 1.0]], [[1252.8131021185304, 0.0, 826.588114781398], [0.0, 1252.8131021185304, 469.9846626224581], [0.0, 0.0, 1.0]], [[1256.7485116440405, 0.0, 817.7887570959712], [0.0, 1256.7485116440403, 451.9541780095127], [0.0, 0.0, 1.0]], [[1254.9860565800168, 0.0, 829.5769333630991], [0.0, 1254.9860565800168, 467.1680561863987], [0.0, 0.0, 1.0]], [[796.8910634503094, 0.0, 857.7774326863696], [0.0, 796.8910634503094, 476.8848988407415], [0.0, 0.0, 1.0]], [[1249.9629280788233, 0.0, 825.3768045375984], [0.0, 1249.9629280788233, 462.54816385708756], [0.0, 0.0, 1.0]]], "extrinsics": [[[0.8227620124816895, -0.5682438015937805, -0.01270692516118288, -0.70159912109375], [0.0007330449880100787, 0.02341698668897152, -0.9997255206108093, 1.4884757995605469], [0.5683854222297668, 0.8225269317626953, 0.01968315616250038, -1.1280517578125], [0.0, 0.0, 0.0, 1.0]], [[0.0105165159329772, -0.999767005443573, -0.01884922757744789, 0.0111083984375], [0.0021202804055064917, 0.018872521817684174, -0.9998196959495544, 1.4807586669921875], [0.999942421913147, 0.010474768467247486, 0.0023182604927569628, -1.4317779541015625], [0.0, 0.0, 0.0, 1.0]], [[-0.8439424633979797, -0.5362693667411804, -0.013274762779474258, 0.892578125], [0.009546876884996891, 0.009727414697408676, -0.9999070763587952, 1.4953060150146484], [0.5363486409187317, -0.8439908027648926, -0.0030896824318915606, -1.1494140625], [0.0, 0.0, 0.0, 1.0]], [[0.9478091597557068, 0.3187408447265625, -0.007883628830313683, -1.1334228515625], [-0.016566641628742218, 0.02453981526196003, -0.9995615482330322, 1.561859130859375], [-0.3184076249599457, 0.9475241303443909, 0.028539525344967842, -0.15966796875], [0.0, 0.0, 0.0, 1.0]], [[0.009189724922180176, 0.9998182654380798, 0.016701029613614082, -0.028564453125], [-0.014309930615127087, 0.01683151349425316, -0.9997559189796448, 1.5667152404785156], [-0.9998553991317749, 0.00894845835864544, 0.014462008140981197, -0.0491180419921875], [0.0, 0.0, 0.0, 1.0]], [[-0.9237812161445618, 0.38285714387893677, 0.006968776695430279, 1.0009765625], [-0.009907870553433895, -0.005705480929464102, -0.9999346733093262, 1.5461091995239258], [-0.38279232382774353, -0.9237898588180542, 0.00906391628086567, -0.108642578125], [0.0, 0.0, 0.0, 1.0]]], "view": [[0.0, -2.0, 100.0], [-2.0, 0.0, 100.0], [0.0, 0.0, 1.0]], "bev": "bev_dfc9569297254855b76de834135b04fc.png", "aux": "aux_dfc9569297254855b76de834135b04fc.npz", "visibility": "visibility_dfc9569297254855b76de834135b04fc.png", "pose": [[-0.8237388730049133, -0.5669693350791931, 0.0, 1226.2476806640625], [0.5669693350791931, -0.8237388730049133, 0.0, 1530.011474609375], [0.0, 0.0, 1.0, 0.0], [0.0, 0.0, 0.0, 1.0]], "pose_inverse": [[-0.8237388730049133, 0.5669693350791931, 0.0, 142.63833618164062], [-0.5669693350791931, -0.8237388730049133, 0.0, 1955.5748291015625], [0.0, 0.0, 1.0, 0.0], [0.0, 0.0, 0.0, 1.0]], "cam_ids": [0, 1, 2, 3, 4, 5], "cam_channels": ["CAM_FRONT_LEFT", "CAM_FRONT", "CAM_FRONT_RIGHT", "CAM_BACK_LEFT", "CAM_BACK", "CAM_BACK_RIGHT"], "token": "dfc9569297254855b76de834135b04fc", "scene": "scene-0886"}, {"images": ["samples/CAM_FRONT_LEFT/n008-2018-09-18-14-54-39-0400__CAM_FRONT_LEFT__1537297456904799.jpg", "samples/CAM_FRONT/n008-2018-09-18-14-54-39-0400__CAM_FRONT__1537297456912404.jpg", "samples/CAM_FRONT_RIGHT/n008-2018-09-18-14-54-39-0400__CAM_FRONT_RIGHT__1537297456920482.jpg", "samples/CAM_BACK_LEFT/n008-2018-09-18-14-54-39-0400__CAM_BACK_LEFT__1537297456947405.jpg", "samples/CAM_BACK/n008-2018-09-18-14-54-39-0400__CAM_BACK__1537297456937558.jpg", "samples/CAM_BACK_RIGHT/n008-2018-09-18-14-54-39-0400__CAM_BACK_RIGHT__1537297456928113.jpg"], "intrinsics": [[[1257.8625342125129, 0.0, 827.2410631095686], [0.0, 1257.8625342125129, 450.915498205774], [0.0, 0.0, 1.0]], [[1252.8131021185304, 0.0, 826.588114781398], [0.0, 1252.8131021185304, 469.9846626224581], [0.0, 0.0, 1.0]], [[1256.7485116440405, 0.0, 817.7887570959712], [0.0, 1256.7485116440403, 451.9541780095127], [0.0, 0.0, 1.0]], [[1254.9860565800168, 0.0, 829.5769333630991], [0.0, 1254.9860565800168, 467.1680561863987], [0.0, 0.0, 1.0]], [[796.8910634503094, 0.0, 857.7774326863696], [0.0, 796.8910634503094, 476.8848988407415], [0.0, 0.0, 1.0]], [[1249.9629280788233, 0.0, 825.3768045375984], [0.0, 1249.9629280788233, 462.54816385708756], [0.0, 0.0, 1.0]]], "extrinsics": [[[0.822731077671051, -0.568292498588562, -0.01254295650869608, -0.70220947265625], [0.002390963025391102, 0.02552550844848156, -0.9996712803840637, 1.4890365600585938], [0.5684258937835693, 0.8224306106567383, 0.022359391674399376, -1.1302490234375], [0.0, 0.0, 0.0, 1.0]], [[0.010501904413104057, -0.9997159242630005, -0.02139589749276638, 0.012451171875], [0.004175195470452309, 0.02144073136150837, -0.9997614026069641, 1.4813346862792969], [0.9999361634254456, 0.010409971699118614, 0.004399177152663469, -1.43353271484375], [0.0, 0.0, 0.0, 1.0]], [[-0.8439290523529053, -0.5361852049827576, -0.017004050314426422, 0.8946533203125], [0.012023938819766045, 0.012783045880496502, -0.9998459815979004, 1.4958477020263672], [0.5363200306892395, -0.8440035581588745, -0.004340927582234144, -1.1497802734375], [0.0, 0.0, 0.0, 1.0]], [[0.947846531867981, 0.31870537996292114, -0.0037361716385930777, -1.13433837890625], [-0.013413707725703716, 0.02817581593990326, -0.9995129704475403, 1.5619087219238281], [-0.3184448778629303, 0.9474349617958069, 0.03098136931657791, -0.1593017578125], [0.0, 0.0, 0.0, 1.0]], [[0.009179900400340557, 0.9997488856315613, 0.02044100873172283, -0.02880859375], [-0.011278255842626095, 0.020544085651636124, -0.9997252821922302, 1.5670089721679688], [-0.9998943209648132, 0.008946899324655533, 0.011464018374681473, -0.047637939453125], [0.0, 0.0, 0.0, 1.0]], [[-0.9237863421440125, 0.38286587595939636, 0.005693481769412756, 1.0025634765625], [-0.007090514991432428, -0.0022378491703420877, -0.999972403049469, 1.5466084480285645], [-0.3828425109386444, -0.9238012433052063, 0.004782010801136494, -0.107177734375], [0.0, 0.0, 0.0, 1.0]]], "view": [[0.0, -2.0, 100.0], [-2.0, 0.0, 100.0], [0.0, 0.0, 1.0]], "bev": "bev_953b8414a31143e5822ab1c805bfdfe0.png", "aux": "aux_953b8414a31143e5822ab1c805bfdfe0.npz", "visibility": "visibility_953b8414a31143e5822ab1c805bfdfe0.png", "pose": [[-0.8201899528503418, -0.572091281414032, 0.0, 1222.854736328125], [0.572091281414032, -0.8201899528503418, 0.0, 1532.420166015625], [0.0, 0.0, 1.0, 0.0], [0.0, 0.0, 0.0, 1.0]], "pose_inverse": [[-0.8201899528503418, 0.572091281414032, 0.0, 126.28902435302734], [-0.572091281414032, -0.8201899528503418, 0.0, 1956.460205078125], [0.0, 0.0, 1.0, 0.0], [0.0, 0.0, 0.0, 1.0]], "cam_ids": [0, 1, 2, 3, 4, 5], "cam_channels": ["CAM_FRONT_LEFT", "CAM_FRONT", "CAM_FRONT_RIGHT", "CAM_BACK_LEFT", "CAM_BACK", "CAM_BACK_RIGHT"], "token": "953b8414a31143e5822ab1c805bfdfe0", "scene": "scene-0886"}, {"images": ["samples/CAM_FRONT_LEFT/n008-2018-09-18-14-54-39-0400__CAM_FRONT_LEFT__1537297457404799.jpg", "samples/CAM_FRONT/n008-2018-09-18-14-54-39-0400__CAM_FRONT__1537297457412404.jpg", "samples/CAM_FRONT_RIGHT/n008-2018-09-18-14-54-39-0400__CAM_FRONT_RIGHT__1537297457420485.jpg", "samples/CAM_BACK_LEFT/n008-2018-09-18-14-54-39-0400__CAM_BACK_LEFT__1537297457447405.jpg", "samples/CAM_BACK/n008-2018-09-18-14-54-39-0400__CAM_BACK__1537297457437558.jpg", "samples/CAM_BACK_RIGHT/n008-2018-09-18-14-54-39-0400__CAM_BACK_RIGHT__1537297457428113.jpg"], "intrinsics": [[[1257.8625342125129, 0.0, 827.2410631095686], [0.0, 1257.8625342125129, 450.915498205774], [0.0, 0.0, 1.0]], [[1252.8131021185304, 0.0, 826.588114781398], [0.0, 1252.8131021185304, 469.9846626224581], [0.0, 0.0, 1.0]], [[1256.7485116440405, 0.0, 817.7887570959712], [0.0, 1256.7485116440403, 451.9541780095127], [0.0, 0.0, 1.0]], [[1254.9860565800168, 0.0, 829.5769333630991], [0.0, 1254.9860565800168, 467.1680561863987], [0.0, 0.0, 1.0]], [[796.8910634503094, 0.0, 857.7774326863696], [0.0, 796.8910634503094, 476.8848988407415], [0.0, 0.0, 1.0]], [[1249.9629280788233, 0.0, 825.3768045375984], [0.0, 1249.9629280788233, 462.54816385708756], [0.0, 0.0, 1.0]]], "extrinsics": [[[0.8227744102478027, -0.5681450366973877, -0.015928523615002632, -0.6861572265625], [0.0003507711517158896, 0.02853258140385151, -0.9995927810668945, 1.4881248474121094], [0.5683681964874268, 0.8224337697029114, 0.023675162345170975, -1.1259765625], [0.0, 0.0, 0.0, 1.0]], [[0.010611933656036854, -0.9996445775032043, -0.024456804618239403, 0.017333984375], [0.002299185609444976, 0.02448251098394394, -0.9996976256370544, 1.4806747436523438], [0.9999410510063171, 0.010552444495260715, 0.002558173844590783, -1.4213714599609375], [0.0, 0.0, 0.0, 1.0]], [[-0.8438534140586853, -0.5362980365753174, -0.01720067858695984, 0.8892822265625], [0.010299501940608025, 0.015861202031373978, -0.999821126461029, 1.4954643249511719], [0.536474883556366, -0.8438796401023865, -0.007860928773880005, -1.1417236328125], [0.0, 0.0, 0.0, 1.0]], [[0.9478530883789062, 0.318673700094223, -0.004647110588848591, -1.1353759765625], [-0.015432849526405334, 0.03132922202348709, -0.9993899464607239, 1.5618934631347656], [-0.3183337152004242, 0.947346568107605, 0.03461354225873947, -0.1591796875], [0.0, 0.0, 0.0, 1.0]], [[0.009126286953687668, 0.9996806383132935, 0.023567447438836098, -0.03076171875], [-0.01330526266247034, 0.02368774078786373, -0.999630868434906, 1.566741943359375], [-0.9998698830604553, 0.008809352293610573, 0.013517193496227264, -0.05010223388671875], [0.0, 0.0, 0.0, 1.0]], [[-0.9238637685775757, 0.3826260268688202, 0.00853883009403944, 0.99615478515625], [-0.008886574767529964, 0.0008585531613789499, -0.9999601244926453, 1.5462450981140137], [-0.38261809945106506, -0.9239029288291931, 0.002607049187645316, -0.1063232421875], [0.0, 0.0, 0.0, 1.0]]], "view": [[0.0, -2.0, 100.0], [-2.0, 0.0, 100.0], [0.0, 0.0, 1.0]], "bev": "bev_c0e136d882c1476b8a6ff3f463e78bab.png", "aux": "aux_c0e136d882c1476b8a6ff3f463e78bab.npz", "visibility": "visibility_c0e136d882c1476b8a6ff3f463e78bab.png", "pose": [[-0.8171819448471069, -0.5763798356056213, 0.0, 1219.398193359375], [0.5763798356056213, -0.8171819448471069, 0.0, 1534.96435546875], [0.0, 0.0, 1.0, 0.0], [0.0, 0.0, 0.0, 1.0]], "pose_inverse": [[-0.8171819448471069, 0.5763798356056213, 0.0, 111.74771881103516], [-0.5763798356056213, -0.8171819448471069, 0.0, 1957.181640625], [0.0, 0.0, 1.0, 0.0], [0.0, 0.0, 0.0, 1.0]], "cam_ids": [0, 1, 2, 3, 4, 5], "cam_channels": ["CAM_FRONT_LEFT", "CAM_FRONT", "CAM_FRONT_RIGHT", "CAM_BACK_LEFT", "CAM_BACK", "CAM_BACK_RIGHT"], "token": "c0e136d882c1476b8a6ff3f463e78bab", "scene": "scene-0886"}, {"images": ["samples/CAM_FRONT_LEFT/n008-2018-09-18-14-54-39-0400__CAM_FRONT_LEFT__1537297457904799.jpg", "samples/CAM_FRONT/n008-2018-09-18-14-54-39-0400__CAM_FRONT__1537297457912404.jpg", "samples/CAM_FRONT_RIGHT/n008-2018-09-18-14-54-39-0400__CAM_FRONT_RIGHT__1537297457920494.jpg", "samples/CAM_BACK_LEFT/n008-2018-09-18-14-54-39-0400__CAM_BACK_LEFT__1537297457947405.jpg", "samples/CAM_BACK/n008-2018-09-18-14-54-39-0400__CAM_BACK__1537297457937558.jpg", "samples/CAM_BACK_RIGHT/n008-2018-09-18-14-54-39-0400__CAM_BACK_RIGHT__1537297457928113.jpg"], "intrinsics": [[[1257.8625342125129, 0.0, 827.2410631095686], [0.0, 1257.8625342125129, 450.915498205774], [0.0, 0.0, 1.0]], [[1252.8131021185304, 0.0, 826.588114781398], [0.0, 1252.8131021185304, 469.9846626224581], [0.0, 0.0, 1.0]], [[1256.7485116440405, 0.0, 817.7887570959712], [0.0, 1256.7485116440403, 451.9541780095127], [0.0, 0.0, 1.0]], [[1254.9860565800168, 0.0, 829.5769333630991], [0.0, 1254.9860565800168, 467.1680561863987], [0.0, 0.0, 1.0]], [[796.8910634503094, 0.0, 857.7774326863696], [0.0, 796.8910634503094, 476.8848988407415], [0.0, 0.0, 1.0]], [[1249.9629280788233, 0.0, 825.3768045375984], [0.0, 1249.9629280788233, 462.54816385708756], [0.0, 0.0, 1.0]]], "extrinsics": [[[0.8222899436950684, -0.5690393447875977, -0.005799432750791311, -0.7008056640625], [0.006809870712459087, 0.0200299434363842, -0.9997761249542236, 1.4906845092773438], [0.5690280795097351, 0.8220664262771606, 0.020345501601696014, -1.129150390625], [0.0, 0.0, 0.0, 1.0]], [[0.009921642951667309, -0.9998272061347961, -0.015722226351499557, 0.0126953125], [0.008658690378069878, 0.015808312222361565, -0.9998375773429871, 1.4827289581298828], [0.999913215637207, 0.009783880785107613, 0.008814036846160889, -1.4310760498046875], [0.0, 0.0, 0.0, 1.0]], [[-0.8441194295883179, -0.5358613729476929, -0.01774543896317482, 0.8927001953125], [0.016574379056692123, 0.007001454476267099, -0.99983811378479, 1.4969701766967773], [0.5358989834785461, -0.8442769646644592, 0.0029715069103986025, -1.14794921875], [0.0, 0.0, 0.0, 1.0]], [[0.9478846788406372, 0.3186120390892029, -0.0010477486066520214, -1.1322021484375], [-0.008454912342131138, 0.02186615578830242, -0.9997251629829407, 1.5619316101074219], [-0.3185015916824341, 0.9476329684257507, 0.023420432582497597, -0.160400390625], [0.0, 0.0, 0.0, 1.0]], [[0.009316187351942062, 0.9998521208763123, 0.014457382261753082, -0.0291748046875], [-0.00643909303471446, 0.014517693780362606, -0.9998738169670105, 1.567434310913086], [-0.9999358654022217, 0.009221898391842842, 0.006573389284312725, -0.0501861572265625], [0.0, 0.0, 0.0, 1.0]], [[-0.923662543296814, 0.383205771446228, -0.0009130983962677419, 0.99957275390625], [-0.0023815880995243788, -0.008123178035020828, -0.99996417760849, 1.5474185943603516], [-0.3831994831562042, -0.9236272573471069, 0.008415712974965572, -0.10791015625], [0.0, 0.0, 0.0, 1.0]]], "view": [[0.0, -2.0, 100.0], [-2.0, 0.0, 100.0], [0.0, 0.0, 1.0]], "bev": "bev_9486f2a4c42843ec9139ec5c501ae02b.png", "aux": "aux_9486f2a4c42843ec9139ec5c501ae02b.npz", "visibility": "visibility_9486f2a4c42843ec9139ec5c501ae02b.png", "pose": [[-0.8190227150917053, -0.5737611055374146, 0.0, 1216.029296875], [0.5737611055374146, -0.8190227150917053, 0.0, 1537.4366455078125], [0.0, 0.0, 1.0, 0.0], [0.0, 0.0, 0.0, 1.0]], "pose_inverse": [[-0.8190227150917053, 0.5737611055374146, 0.0, 113.83419799804688], [-0.5737611055374146, -0.8190227150917053, 0.0, 1956.9058837890625], [0.0, 0.0, 1.0, 0.0], [0.0, 0.0, 0.0, 1.0]], "cam_ids": [0, 1, 2, 3, 4, 5], "cam_channels": ["CAM_FRONT_LEFT", "CAM_FRONT", "CAM_FRONT_RIGHT", "CAM_BACK_LEFT", "CAM_BACK", "CAM_BACK_RIGHT"], "token": "9486f2a4c42843ec9139ec5c501ae02b", "scene": "scene-0886"}, {"images": ["samples/CAM_FRONT_LEFT/n008-2018-09-18-14-54-39-0400__CAM_FRONT_LEFT__1537297458404799.jpg", "samples/CAM_FRONT/n008-2018-09-18-14-54-39-0400__CAM_FRONT__1537297458412404.jpg", "samples/CAM_FRONT_RIGHT/n008-2018-09-18-14-54-39-0400__CAM_FRONT_RIGHT__1537297458420482.jpg", "samples/CAM_BACK_LEFT/n008-2018-09-18-14-54-39-0400__CAM_BACK_LEFT__1537297458447405.jpg", "samples/CAM_BACK/n008-2018-09-18-14-54-39-0400__CAM_BACK__1537297458437558.jpg", "samples/CAM_BACK_RIGHT/n008-2018-09-18-14-54-39-0400__CAM_BACK_RIGHT__1537297458428113.jpg"], "intrinsics": [[[1257.8625342125129, 0.0, 827.2410631095686], [0.0, 1257.8625342125129, 450.915498205774], [0.0, 0.0, 1.0]], [[1252.8131021185304, 0.0, 826.588114781398], [0.0, 1252.8131021185304, 469.9846626224581], [0.0, 0.0, 1.0]], [[1256.7485116440405, 0.0, 817.7887570959712], [0.0, 1256.7485116440403, 451.9541780095127], [0.0, 0.0, 1.0]], [[1254.9860565800168, 0.0, 829.5769333630991], [0.0, 1254.9860565800168, 467.1680561863987], [0.0, 0.0, 1.0]], [[796.8910634503094, 0.0, 857.7774326863696], [0.0, 796.8910634503094, 476.8848988407415], [0.0, 0.0, 1.0]], [[1249.9629280788233, 0.0, 825.3768045375984], [0.0, 1249.9629280788233, 462.54816385708756], [0.0, 0.0, 1.0]]], "extrinsics": [[[0.8228097558021545, -0.5683149695396423, 0.001499100006185472, -0.697998046875], [0.012305305339396, 0.015178400091826916, -0.9998090863227844, 1.4927959442138672], [0.5681837201118469, 0.8226710557937622, 0.01948222517967224, -1.1260986328125], [0.0, 0.0, 0.0, 1.0]], [[0.010572228580713272, -0.9998838901519775, -0.010975099168717861, 0.011962890625], [0.014438975602388382, 0.011127219535410404, -0.9998338222503662, 1.484579086303711], [0.9998399019241333, 0.010411913506686687, 0.014554938301444054, -1.4263458251953125], [0.0, 0.0, 0.0, 1.0]], [[-0.843849241733551, -0.5361903309822083, -0.020455377176404, 0.887451171875], [0.022644052281975746, 0.0025026577059179544, -0.9997404217720032, 1.4985508918762207], [0.536102294921875, -0.8440935015678406, 0.010029654949903488, -1.1455078125], [0.0, 0.0, 0.0, 1.0]], [[0.947880208492279, 0.31861576437950134, 0.0026938135270029306, -1.1285400390625], [-0.003231244394555688, 0.01806625723838806, -0.9998315572738647, 1.5619850158691406], [-0.31861066818237305, 0.9477117657661438, 0.018154172226786613, -0.161376953125], [0.0, 0.0, 0.0, 1.0]], [[0.00923135969787836, 0.999903678894043, 0.010369128547608852, -0.0289306640625], [-0.0008232892141677439, 0.010377166792750359, -0.9999458193778992, 1.5679702758789062], [-0.9999570846557617, 0.009222302585840225, 0.0009190056589432061, -0.05536651611328125], [0.0, 0.0, 0.0, 1.0]], [[-0.9236465692520142, 0.3831588327884674, -0.008139149285852909, 0.9940185546875], [0.0036282376386225224, -0.012494168244302273, -0.999915361404419, 1.5484867095947266], [-0.3832281231880188, -0.9235979914665222, 0.010150004178285599, -0.1109619140625], [0.0, 0.0, 0.0, 1.0]]], "view": [[0.0, -2.0, 100.0], [-2.0, 0.0, 100.0], [0.0, 0.0, 1.0]], "bev": "bev_64b2ad60345a46e1ab13d40877bdde35.png", "aux": "aux_64b2ad60345a46e1ab13d40877bdde35.npz", "visibility": "visibility_64b2ad60345a46e1ab13d40877bdde35.png", "pose": [[-0.8193244338035583, -0.5733302235603333, 0.0, 1212.7010498046875], [0.5733302235603333, -0.8193244338035583, 0.0, 1539.8037109375], [0.0, 0.0, 1.0, 0.0], [0.0, 0.0, 0.0, 1.0]], "pose_inverse": [[-0.8193244338035583, 0.5733302235603333, 0.0, 110.77960205078125], [-0.5733302235603333, -0.8193244338035583, 0.0, 1956.876953125], [0.0, 0.0, 1.0, 0.0], [0.0, 0.0, 0.0, 1.0]], "cam_ids": [0, 1, 2, 3, 4, 5], "cam_channels": ["CAM_FRONT_LEFT", "CAM_FRONT", "CAM_FRONT_RIGHT", "CAM_BACK_LEFT", "CAM_BACK", "CAM_BACK_RIGHT"], "token": "64b2ad60345a46e1ab13d40877bdde35", "scene": "scene-0886"}, {"images": ["samples/CAM_FRONT_LEFT/n008-2018-09-18-14-54-39-0400__CAM_FRONT_LEFT__1537297458854799.jpg", "samples/CAM_FRONT/n008-2018-09-18-14-54-39-0400__CAM_FRONT__1537297458862404.jpg", "samples/CAM_FRONT_RIGHT/n008-2018-09-18-14-54-39-0400__CAM_FRONT_RIGHT__1537297458870482.jpg", "samples/CAM_BACK_LEFT/n008-2018-09-18-14-54-39-0400__CAM_BACK_LEFT__1537297458897405.jpg", "samples/CAM_BACK/n008-2018-09-18-14-54-39-0400__CAM_BACK__1537297458887558.jpg", "samples/CAM_BACK_RIGHT/n008-2018-09-18-14-54-39-0400__CAM_BACK_RIGHT__1537297458878113.jpg"], "intrinsics": [[[1257.8625342125129, 0.0, 827.2410631095686], [0.0, 1257.8625342125129, 450.915498205774], [0.0, 0.0, 1.0]], [[1252.8131021185304, 0.0, 826.588114781398], [0.0, 1252.8131021185304, 469.9846626224581], [0.0, 0.0, 1.0]], [[1256.7485116440405, 0.0, 817.7887570959712], [0.0, 1256.7485116440403, 451.9541780095127], [0.0, 0.0, 1.0]], [[1254.9860565800168, 0.0, 829.5769333630991], [0.0, 1254.9860565800168, 467.1680561863987], [0.0, 0.0, 1.0]], [[796.8910634503094, 0.0, 857.7774326863696], [0.0, 796.8910634503094, 476.8848988407415], [0.0, 0.0, 1.0]], [[1249.9629280788233, 0.0, 825.3768045375984], [0.0, 1249.9629280788233, 462.54816385708756], [0.0, 0.0, 1.0]]], "extrinsics": [[[0.8224640488624573, -0.5687907338142395, -0.005473954603075981, -0.70654296875], [0.004692604299634695, 0.016407892107963562, -0.999854326248169, 1.489990234375], [0.5687976479530334, 0.8223186135292053, 0.016164012253284454, -1.1270751953125], [0.0, 0.0, 0.0, 1.0]], [[0.010112361051142216, -0.9998747706413269, -0.01217260118573904, 0.0086669921875], [0.006658610887825489, 0.012240285985171795, -0.9999029040336609, 1.482177734375], [0.999926745891571, 0.010030361823737621, 0.006781554315239191, -1.4324111938476562], [0.0, 0.0, 0.0, 1.0]], [[-0.8440665006637573, -0.5360456705093384, -0.014380991458892822, 0.8902587890625], [0.014790961518883705, 0.003534722374752164, -0.9998843669891357, 1.4965839385986328], [0.5360344648361206, -0.8441815972328186, 0.004945090971887112, -1.150146484375], [0.0, 0.0, 0.0, 1.0]], [[0.9478784799575806, 0.31860485672950745, -0.004170096479356289, -1.1282958984375], [-0.010670285671949387, 0.018659481778740883, -0.9997689127922058, 1.5618705749511719], [-0.3184534013271332, 0.9477038979530334, 0.021086527034640312, -0.1612548828125], [0.0, 0.0, 0.0, 1.0]], [[0.00928216241300106, 0.9998947381973267, 0.011151044629514217, -0.02783203125], [-0.008583770133554935, 0.011230788193643093, -0.9999000430107117, 1.56722640