[{"images": ["samples/CAM_FRONT_LEFT/n015-2018-08-03-15-00-36+0800__CAM_FRONT_LEFT__1533280033604844.jpg", "samples/CAM_FRONT/n015-2018-08-03-15-00-36+0800__CAM_FRONT__1533280033612460.jpg", "samples/CAM_FRONT_RIGHT/n015-2018-08-03-15-00-36+0800__CAM_FRONT_RIGHT__1533280033620339.jpg", "samples/CAM_BACK_LEFT/n015-2018-08-03-15-00-36+0800__CAM_BACK_LEFT__1533280033647442.jpg", "samples/CAM_BACK/n015-2018-08-03-15-00-36+0800__CAM_BACK__1533280033637525.jpg", "samples/CAM_BACK_RIGHT/n015-2018-08-03-15-00-36+0800__CAM_BACK_RIGHT__1533280033627893.jpg"], "intrinsics": [[[1272.5979470598488, 0.0, 826.6154927353808], [0.0, 1272.5979470598488, 479.75165386361925], [0.0, 0.0, 1.0]], [[1266.417203046554, 0.0, 816.2670197447984], [0.0, 1266.417203046554, 491.50706579294757], [0.0, 0.0, 1.0]], [[1260.8474446004698, 0.0, 807.968244525554], [0.0, 1260.8474446004698, 495.3344268742088], [0.0, 0.0, 1.0]], [[1256.7414812095406, 0.0, 792.1125740759628], [0.0, 1256.7414812095406, 492.7757465151356], [0.0, 0.0, 1.0]], [[809.2209905677063, 0.0, 829.2196003259838], [0.0, 809.2209905677063, 481.77842384512485], [0.0, 0.0, 1.0]], [[1259.5137405846733, 0.0, 807.2529053838625], [0.0, 1259.5137405846733, 501.19579884916527], [0.0, 0.0, 1.0]]], "extrinsics": [[[0.8198590874671936, -0.5723512172698975, 0.01565857231616974, -0.7213134765625], [0.001787786721251905, -0.024788975715637207, -0.9996910691261292, 1.5088281631469727], [0.5725626349449158, 0.8196338415145874, -0.019300224259495735, -1.11248779296875], [0.0, 0.0, 0.0, 1.0]], [[0.0043938192538917065, -0.9995647072792053, 0.02917351759970188, 0.0078125], [-0.0038639013655483723, -0.029190553352236748, -0.9995664358139038, 1.5196332931518555], [0.9999828934669495, 0.004279236774891615, -0.003990476951003075, -1.446533203125], [0.0, 0.0, 0.0, 1.0]], [[-0.8334669470787048, -0.5525406002998352, 0.0056432574056088924, 0.87152099609375], [0.0014177389675751328, -0.01235105562955141, -0.9999226927757263, 1.503934383392334], [0.5525676012039185, -0.833394467830658, 0.01107755396515131, -1.14056396484375], [0.0, 0.0, 0.0, 1.0]], [[0.9477202296257019, 0.31904950737953186, -0.005809307098388672, -1.1282958984375], [0.008538011461496353, -0.043551966547966, -0.999014675617218, 1.5886878967285156], [-0.31898799538612366, 0.9467368721961975, -0.04399912804365158, -0.1085205078125], [0.0, 0.0, 0.0, 1.0]], [[0.002724930876865983, 0.9994382262229919, -0.03340418264269829, 0.00250244140625], [-0.01625787280499935, -0.03335561603307724, -0.9993113279342651, 1.5780658721923828], [-0.9998641014099121, 0.003266085172072053, 0.01615784876048565, -0.07861328125], [0.0, 0.0, 0.0, 1.0]], [[-0.9345097541809082, 0.35524988174438477, -0.02211497724056244, 1.0010986328125], [0.016929281875491142, -0.017699558287858963, -0.9997000098228455, 1.5539073944091797], [-0.35553473234176636, -0.9346038103103638, 0.01052628643810749, -0.11395263671875], [0.0, 0.0, 0.0, 1.0]]], "view": [[0.0, -2.0, 100.0], [-2.0, 0.0, 100.0], [0.0, 0.0, 1.0]], "bev": "bev_6dcbedd662564f9eb6fd2329f9351b6d.png", "aux": "aux_6dcbedd662564f9eb6fd2329f9351b6d.npz", "visibility": "visibility_6dcbedd662564f9eb6fd2329f9351b6d.png", "pose": [[-0.703245222568512, 0.7109473943710327, 0.0, 985.9907836914062], [-0.7109473943710327, -0.703245222568512, 0.0, 558.0841674804688], [0.0, 0.0, 1.0, 0.0], [0.0, 0.0, 0.0, 1.0]], "pose_inverse": [[-0.703245222568512, -0.7109473943710327, 0.0, 1090.1617431640625], [0.7109473943710327, -0.703245222568512, 0.0, -308.5175476074219], [0.0, 0.0, 1.0, 0.0], [0.0, 0.0, 0.0, 1.0]], "cam_ids": [0, 1, 2, 3, 4, 5], "cam_channels": ["CAM_FRONT_LEFT", "CAM_FRONT", "CAM_FRONT_RIGHT", "CAM_BACK_LEFT", "CAM_BACK", "CAM_BACK_RIGHT"], "token": "6dcbedd662564f9eb6fd2329f9351b6d", "scene": "scene-0368"}, {"images": ["samples/CAM_FRONT_LEFT/n015-2018-08-03-15-00-36+0800__CAM_FRONT_LEFT__1533280034104844.jpg", "samples/CAM_FRONT/n015-2018-08-03-15-00-36+0800__CAM_FRONT__1533280034112460.jpg", "samples/CAM_FRONT_RIGHT/n015-2018-08-03-15-00-36+0800__CAM_FRONT_RIGHT__1533280034120339.jpg", "samples/CAM_BACK_LEFT/n015-2018-08-03-15-00-36+0800__CAM_BACK_LEFT__1533280034147423.jpg", "samples/CAM_BACK/n015-2018-08-03-15-00-36+0800__CAM_BACK__1533280034137525.jpg", "samples/CAM_BACK_RIGHT/n015-2018-08-03-15-00-36+0800__CAM_BACK_RIGHT__1533280034127893.jpg"], "intrinsics": [[[1272.5979470598488, 0.0, 826.6154927353808], [0.0, 1272.5979470598488, 479.75165386361925], [0.0, 0.0, 1.0]], [[1266.417203046554, 0.0, 816.2670197447984], [0.0, 1266.417203046554, 491.50706579294757], [0.0, 0.0, 1.0]], [[1260.8474446004698, 0.0, 807.968244525554], [0.0, 1260.8474446004698, 495.3344268742088], [0.0, 0.0, 1.0]], [[1256.7414812095406, 0.0, 792.1125740759628], [0.0, 1256.7414812095406, 492.7757465151356], [0.0, 0.0, 1.0]], [[809.2209905677063, 0.0, 829.2196003259838], [0.0, 809.2209905677063, 481.77842384512485], [0.0, 0.0, 1.0]], [[1259.5137405846733, 0.0, 807.2529053838625], [0.0, 1259.5137405846733, 501.19579884916527], [0.0, 0.0, 1.0]]], "extrinsics": [[[0.8204523324966431, -0.5716721415519714, 0.007001403719186783, -0.7178955078125], [-0.006925790570676327, -0.022183680906891823, -0.9997299313545227, 1.5062237977981567], [0.5716730356216431, 0.820182204246521, -0.022159932181239128, -1.11077880859375], [0.0, 0.0, 0.0, 1.0]], [[0.005377071909606457, -0.9996427297592163, 0.02618062123656273, 0.008331298828125], [-0.012235049158334732, -0.026244809851050377, -0.9995806813240051, 1.5175390243530273], [0.9999106526374817, 0.00505450926721096, -0.012371796183288097, -1.4432373046875], [0.0, 0.0, 0.0, 1.0]], [[-0.8330511450767517, -0.5530959963798523, 0.010515432804822922, 0.8695068359375], [-0.006617984268814325, -0.009043009020388126, -0.9999371767044067, 1.5023586750030518], [0.553156316280365, -0.8330683708190918, 0.0038729081861674786, -1.138671875], [0.0, 0.0, 0.0, 1.0]], [[0.9476974010467529, 0.3190000653266907, -0.010422006249427795, -1.12860107421875], [0.0021900611463934183, -0.03915204852819443, -0.9992308616638184, 1.5885934829711914], [-0.3191627264022827, 0.9469456672668457, -0.03780292719602585, -0.10845947265625], [0.0, 0.0, 0.0, 1.0]], [[0.002282879315316677, 0.9995672106742859, -0.029328996315598488, 0.002288818359375], [-0.023285260424017906, -0.029267985373735428, -0.9993003606796265, 1.5774869918823242], [-0.9997262358665466, 0.002964209532365203, 0.023208366706967354, -0.079345703125], [0.0, 0.0, 0.0, 1.0]], [[-0.9348321557044983, 0.354826956987381, -0.013665281236171722, 0.9991455078125], [0.009289197623729706, -0.014033625833690166, -0.9998583793640137, 1.5528230667114258], [-0.35496848821640015, -0.9348267316818237, 0.009823025204241276, -0.11440277099609375], [0.0, 0.0, 0.0, 1.0]]], "view": [[0.0, -2.0, 100.0], [-2.0, 0.0, 100.0], [0.0, 0.0, 1.0]], "bev": "bev_7d407c69245b473ca68cb3af0c60b686.png", "aux": "aux_7d407c69245b473ca68cb3af0c60b686.npz", "visibility": "visibility_7d407c69245b473ca68cb3af0c60b686.png", "pose": [[-0.6922492980957031, 0.72165846824646, 0.0, 983.6622314453125], [-0.72165846824646, -0.6922492980957031, 0.0, 555.7099609375], [0.0, 0.0, 1.0, 0.0], [0.0, 0.0, 0.0, 1.0]], "pose_inverse": [[-0.6922492980957031, -0.72165846824646, 0.0, 1081.9722900390625], [0.72165846824646, -0.6922492980957031, 0.0, -325.1783142089844], [0.0, 0.0, 1.0, 0.0], [0.0, 0.0, 0.0, 1.0]], "cam_ids": [0, 1, 2, 3, 4, 5], "cam_channels": ["CAM_FRONT_LEFT", "CAM_FRONT", "CAM_FRONT_RIGHT", "CAM_BACK_LEFT", "CAM_BACK", "CAM_BACK_RIGHT"], "token": "7d407c69245b473ca68cb3af0c60b686", "scene": "scene-0368"}, {"images": ["samples/CAM_FRONT_LEFT/n015-2018-08-03-15-00-36+0800__CAM_FRONT_LEFT__1533280034604844.jpg", "samples/CAM_FRONT/n015-2018-08-03-15-00-36+0800__CAM_FRONT__1533280034612460.jpg", "samples/CAM_FRONT_RIGHT/n015-2018-08-03-15-00-36+0800__CAM_FRONT_RIGHT__1533280034620339.jpg", "samples/CAM_BACK_LEFT/n015-2018-08-03-15-00-36+0800__CAM_BACK_LEFT__1533280034647423.jpg", "samples/CAM_BACK/n015-2018-08-03-15-00-36+0800__CAM_BACK__1533280034637525.jpg", "samples/CAM_BACK_RIGHT/n015-2018-08-03-15-00-36+0800__CAM_BACK_RIGHT__1533280034627893.jpg"], "intrinsics": [[[1272.5979470598488, 0.0, 826.6154927353808], [0.0, 1272.5979470598488, 479.75165386361925], [0.0, 0.0, 1.0]], [[1266.417203046554, 0.0, 816.2670197447984], [0.0, 1266.417203046554, 491.50706579294757], [0.0, 0.0, 1.0]], [[1260.8474446004698, 0.0, 807.968244525554], [0.0, 1260.8474446004698, 495.3344268742088], [0.0, 0.0, 1.0]], [[1256.7414812095406, 0.0, 792.1125740759628], [0.0, 1256.7414812095406, 492.7757465151356], [0.0, 0.0, 1.0]], [[809.2209905677063, 0.0, 829.2196003259838], [0.0, 809.2209905677063, 481.77842384512485], [0.0, 0.0, 1.0]], [[1259.5137405846733, 0.0, 807.2529053838625], [0.0, 1259.5137405846733, 501.19579884916527], [0.0, 0.0, 1.0]]], "extrinsics": [[[0.820459246635437, -0.5716795325279236, 0.00539175933226943, -0.7254638671875], [-0.004940121900290251, -0.01651996374130249, -0.9998513460159302, 1.506850004196167], [0.5716837048530579, 0.820310652256012, -0.016378125175833702, -1.115997314453125], [0.0, 0.0, 0.0, 1.0]], [[0.0052749402821063995, -0.9997786283493042, 0.02036832459270954, 0.0081787109375], [-0.010419202968478203, -0.020422453060746193, -0.9997372031211853, 1.5180597305297852], [0.999931812286377, 0.005061236210167408, -0.010524622164666653, -1.4512939453125], [0.0, 0.0, 0.0, 1.0]], [[-0.83315110206604, -0.5530147552490234, 0.005833904724568129, 0.87493896484375], [-0.0049745067954063416, -0.003054690547287464, -0.9999828934669495, 1.5027034282684326], [0.553023099899292, -0.8331658840179443, -0.0002059565595118329, -1.142333984375], [0.0, 0.0, 0.0, 1.0]], [[0.9477338194847107, 0.31897249817848206, -0.007560754660516977, -1.12982177734375], [0.003210723400115967, -0.03322998806834221, -0.9994425177574158, 1.5886011123657227], [-0.31904593110084534, 0.9471813440322876, -0.032517317682504654, -0.10797119140625], [0.0, 0.0, 0.0, 1.0]], [[0.002482987940311432, 0.9997254014015198, -0.023304736241698265, 0.0023193359375], [-0.022015022113919258, -0.02324451319873333, -0.9994874000549316, 1.5776557922363281], [-0.9997546672821045, 0.002994794864207506, 0.021951256319880486, -0.0760498046875], [0.0, 0.0, 0.0, 1.0]], [[-0.9347255229949951, 0.3551369607448578, -0.012882689014077187, 1.0040283203125], [0.010761229321360588, -0.007948319427669048, -0.9999104738235474, 1.5529775619506836], [-0.35520756244659424, -0.9347805380821228, 0.0036077885888516903, -0.1126556396484375], [0.0, 0.0, 0.0, 1.0]]], "view": [[0.0, -2.0, 100.0], [-2.0, 0.0, 100.0], [0.0, 0.0, 1.0]], "bev": "bev_1a1a5bc5aeaf4f82874bc95d1ce494bb.png", "aux": "aux_1a1a5bc5aeaf4f82874bc95d1ce494bb.npz", "visibility": "visibility_1a1a5bc5aeaf4f82874bc95d1ce494bb.png", "pose": [[-0.6872490644454956, 0.7264218926429749, 0.0, 981.3456420898438], [-0.7264218926429749, -0.6872490644454956, 0.0, 553.303955078125], [0.0, 0.0, 1.0, 0.0], [0.0, 0.0, 0.0, 1.0]], "pose_inverse": [[-0.6872490644454956, -0.7264218926429749, 0.0, 1076.3609619140625], [0.7264218926429749, -0.6872490644454956, 0.0, -332.61334228515625], [0.0, 0.0, 1.0, 0.0], [0.0, 0.0, 0.0, 1.0]], "cam_ids": [0, 1, 2, 3, 4, 5], "cam_channels": ["CAM_FRONT_LEFT", "CAM_FRONT", "CAM_FRONT_RIGHT", "CAM_BACK_LEFT", "CAM_BACK", "CAM_BACK_RIGHT"], "token": "1a1a5bc5aeaf4f82874bc95d1ce494bb", "scene": "scene-0368"}, {"images": ["samples/CAM_FRONT_LEFT/n015-2018-08-03-15-00-36+0800__CAM_FRONT_LEFT__1533280035104844.jpg", "samples/CAM_FRONT/n015-2018-08-03-15-00-36+0800__CAM_FRONT__1533280035112460.jpg", "samples/CAM_FRONT_RIGHT/n015-2018-08-03-15-00-36+0800__CAM_FRONT_RIGHT__1533280035120339.jpg", "samples/CAM_BACK_LEFT/n015-2018-08-03-15-00-36+0800__CAM_BACK_LEFT__1533280035147423.jpg", "samples/CAM_BACK/n015-2018-08-03-15-00-36+0800__CAM_BACK__1533280035137525.jpg", "samples/CAM_BACK_RIGHT/n015-2018-08-03-15-00-36+0800__CAM_BACK_RIGHT__1533280035127893.jpg"], "intrinsics": [[[1272.5979470598488, 0.0, 826.6154927353808], [0.0, 1272.5979470598488, 479.75165386361925], [0.0, 0.0, 1.0]], [[1266.417203046554, 0.0, 816.2670197447984], [0.0, 1266.417203046554, 491.50706579294757], [0.0, 0.0, 1.0]], [[1260.8474446004698, 0.0, 807.968244525554], [0.0, 1260.8474446004698, 495.3344268742088], [0.0, 0.0, 1.0]], [[1256.7414812095406, 0.0, 792.1125740759628], [0.0, 1256.7414812095406, 492.7757465151356], [0.0, 0.0, 1.0]], [[809.2209905677063, 0.0, 829.2196003259838], [0.0, 809.2209905677063, 481.77842384512485], [0.0, 0.0, 1.0]], [[1259.5137405846733, 0.0, 807.2529053838625], [0.0, 1259.5137405846733, 501.19579884916527], [0.0, 0.0, 1.0]]], "extrinsics": [[[0.820478081703186, -0.5714747309684753, 0.015243597328662872, -0.741943359375], [0.002395656192675233, -0.023227376863360405, -0.9997273087501526, 1.508936882019043], [0.5716729164123535, 0.8202908635139465, -0.01768849417567253, -1.126800537109375], [0.0, 0.0, 0.0, 1.0]], [[0.0053603313863277435, -0.9996107220649719, 0.027379604056477547, 0.0078125], [-0.0028466624207794666, -0.027395140379667282, -0.9996206760406494, 1.5199337005615234], [0.9999815225601196, 0.0052804239094257355, -0.0029924034606665373, -1.4676513671875], [0.0, 0.0, 0.0, 1.0]], [[-0.8329842686653137, -0.5532865524291992, 0.003335154615342617, 0.885498046875], [0.0028389461804181337, -0.010301643051207066, -0.9999428987503052, 1.5041594505310059], [0.5532893538475037, -0.8329272866249084, 0.010151858441531658, -1.14971923828125], [0.0, 0.0, 0.0, 1.0]], [[0.9477070569992065, 0.31913474202156067, -0.0020732427947223186, -1.13116455078125], [0.011463522911071777, -0.0405329205095768, -0.9991124272346497, 1.5886974334716797], [-0.3189355432987213, 0.9468422532081604, -0.04207174852490425, -0.1075439453125], [0.0, 0.0, 0.0, 1.0]], [[0.002370346337556839, 0.9995254874229431, -0.030710671097040176, 0.002288818359375], [-0.013887367211282253, -0.030674893409013748, -0.9994329214096069, 1.5783696174621582], [-0.9999008178710938, 0.00279545271769166, 0.013808070681989193, -0.0704345703125], [0.0, 0.0, 0.0, 1.0]], [[-0.9347431063652039, 0.3545801043510437, -0.022980889305472374, 1.01318359375], [0.01874283328652382, -0.015382700599730015, -0.9997060298919678, 1.5539302825927734], [-0.3548293709754944, -0.9348991513252258, 0.007733039557933807, -0.10924911499023438], [0.0, 0.0, 0.0, 1.0]]], "view": [[0.0, -2.0, 100.0], [-2.0, 0.0, 100.0], [0.0, 0.0, 1.0]], "bev": "bev_953fe7c13a3d4e06b70880fd2a92239f.png", "aux": "aux_953fe7c13a3d4e06b70880fd2a92239f.npz", "visibility": "visibility_953fe7c13a3d4e06b70880fd2a92239f.png", "pose": [[-0.6799951195716858, 0.7332166433334351, 0.0, 979.188232421875], [-0.7332166433334351, -0.6799951195716858, 0.0, 551.0210571289062], [0.0, 0.0, 1.0, 0.0], [0.0, 0.0, 0.0, 1.0]], "pose_inverse": [[-0.6799951195716858, -0.7332166433334351, 0.0, 1069.861083984375], [0.7332166433334351, -0.6799951195716858, 0.0, -343.26544189453125], [0.0, 0.0, 1.0, 0.0], [0.0, 0.0, 0.0, 1.0]], "cam_ids": [0, 1, 2, 3, 4, 5], "cam_channels": ["CAM_FRONT_LEFT", "CAM_FRONT", "CAM_FRONT_RIGHT", "CAM_BACK_LEFT", "CAM_BACK", "CAM_BACK_RIGHT"], "token": "953fe7c13a3d4e06b70880fd2a92239f", "scene": "scene-0368"}, {"images": ["samples/CAM_FRONT_LEFT/n015-2018-08-03-15-00-36+0800__CAM_FRONT_LEFT__1533280035654844.jpg", "samples/CAM_FRONT/n015-2018-08-03-15-00-36+0800__CAM_FRONT__1533280035662460.jpg", "samples/CAM_FRONT_RIGHT/n015-2018-08-03-15-00-36+0800__CAM_FRONT_RIGHT__1533280035670341.jpg", "samples/CAM_BACK_LEFT/n015-2018-08-03-15-00-36+0800__CAM_BACK_LEFT__1533280035697423.jpg", "samples/CAM_BACK/n015-2018-08-03-15-00-36+0800__CAM_BACK__1533280035687525.jpg", "samples/CAM_BACK_RIGHT/n015-2018-08-03-15-00-36+0800__CAM_BACK_RIGHT__1533280035677893.jpg"], "intrinsics": [[[1272.5979470598488, 0.0, 826.6154927353808], [0.0, 1272.5979470598488, 479.75165386361925], [0.0, 0.0, 1.0]], [[1266.417203046554, 0.0, 816.2670197447984], [0.0, 1266.417203046554, 491.50706579294757], [0.0, 0.0, 1.0]], [[1260.8474446004698, 0.0, 807.968244525554], [0.0, 1260.8474446004698, 495.3344268742088], [0.0, 0.0, 1.0]], [[1256.7414812095406, 0.0, 792.1125740759628], [0.0, 1256.7414812095406, 492.7757465151356], [0.0, 0.0, 1.0]], [[809.2209905677063, 0.0, 829.2196003259838], [0.0, 809.2209905677063, 481.77842384512485], [0.0, 0.0, 1.0]], [[1259.5137405846733, 0.0, 807.2529053838625], [0.0, 1259.5137405846733, 501.19579884916527], [0.0, 0.0, 1.0]]], "extrinsics": [[[0.8204421997070312, -0.5716179609298706, 0.011292151175439358, -0.7445068359375], [-0.006670565810054541, -0.02932003326714039, -0.9995478391647339, 1.5065319538116455], [0.571690559387207, 0.8199958801269531, -0.02786840870976448, -1.129364013671875], [0.0, 0.0, 0.0, 1.0]], [[0.005410979501903057, -0.999423623085022, 0.03350857272744179, 0.008209228515625], [-0.011813084594905376, -0.033570609986782074, -0.9993665218353271, 1.5179893970489502], [0.9999154806137085, 0.005011706613004208, -0.011987925507128239, -1.4713134765625], [0.0, 0.0, 0.0, 1.0]], [[-0.833016037940979, -0.5530677437782288, 0.01415026281028986, 0.88885498046875], [-0.006016827188432217, -0.016518699005246162, -0.9998453855514526, 1.5026265382766724], [0.5532159805297852, -0.8329724073410034, 0.010432627983391285, -1.15155029296875], [0.0, 0.0, 0.0, 1.0]], [[0.9476597309112549, 0.3190625011920929, -0.01184192392975092, -1.13336181640625], [0.0032801355700939894, -0.04681630805134773, -0.9988980889320374, 1.5885906219482422], [-0.3192652761936188, 0.9465765953063965, -0.045412495732307434, -0.10693359375], [0.0, 0.0, 0.0, 1.0]], [[0.002218262990936637, 0.9993153214454651, -0.03693276271224022, 0.00238037109375], [-0.022355882450938225, -0.036874063313007355, -0.99906986951828, 1.5778369903564453], [-0.999747633934021, 0.0030419104732573032, 0.022258777171373367, -0.0672607421875], [0.0, 0.0, 0.0, 1.0]], [[-0.934834361076355, 0.3546750545501709, -0.01703781634569168, 1.0166015625], [0.010026677511632442, -0.021596398204565048, -0.9997165203094482, 1.5527534484863281], [-0.3549424707889557, -0.9347401857376099, 0.016632840037345886, -0.10773468017578125], [0.0, 0.0, 0.0, 1.0]]], "view": [[0.0, -2.0, 100.0], [-2.0, 0.0, 100.0], [0.0, 0.0, 1.0]], "bev": "bev_3c9842a20bf64bb3909b06481b22c310.png", "aux": "aux_3c9842a20bf64bb3909b06481b22c310.npz", "visibility": "visibility_3c9842a20bf64bb3909b06481b22c310.png", "pose": [[-0.6708893775939941, 0.7415574193000793, 0.0, 976.8937377929688], [-0.7415574193000793, -0.6708893775939941, 0.0, 548.5526733398438], [0.0, 0.0, 1.0, 0.0], [0.0, 0.0, 0.0, 1.0]], "pose_inverse": [[-0.6708893775939941, -0.7415574193000793, 0.0, 1062.1708984375], [0.7415574193000793, -0.6708893775939941, 0.0, -356.4046630859375], [0.0, 0.0, 1.0, 0.0], [0.0, 0.0, 0.0, 1.0]], "cam_ids": [0, 1, 2, 3, 4, 5], "cam_channels": ["CAM_FRONT_LEFT", "CAM_FRONT", "CAM_FRONT_RIGHT", "CAM_BACK_LEFT", "CAM_BACK", "CAM_BACK_RIGHT"], "token": "3c9842a20bf64bb3909b06481b22c310", "scene": "scene-0368"}, {"images": ["samples/CAM_FRONT_LEFT/n015-2018-08-03-15-00-36+0800__CAM_FRONT_LEFT__1533280036154844.jpg", "samples/CAM_FRONT/n015-2018-08-03-15-00-36+0800__CAM_FRONT__1533280036162460.jpg", "samples/CAM_FRONT_RIGHT/n015-2018-08-03-15-00-36+0800__CAM_FRONT_RIGHT__1533280036170339.jpg", "samples/CAM_BACK_LEFT/n015-2018-08-03-15-00-36+0800__CAM_BACK_LEFT__1533280036197423.jpg", "samples/CAM_BACK/n015-2018-08-03-15-00-36+0800__CAM_BACK__1533280036187525.jpg", "samples/CAM_BACK_RIGHT/n015-2018-08-03-15-00-36+0800__CAM_BACK_RIGHT__1533280036177893.jpg"], "intrinsics": [[[1272.5979470598488, 0.0, 826.6154927353808], [0.0, 1272.5979470598488, 479.75165386361925], [0.0, 0.0, 1.0]], [[1266.417203046554, 0.0, 816.2670197447984], [0.0, 1266.417203046554, 491.50706579294757], [0.0, 0.0, 1.0]], [[1260.8474446004698, 0.0, 807.968244525554], [0.0, 1260.8474446004698, 495.3344268742088], [0.0, 0.0, 1.0]], [[1256.7414812095406, 0.0, 792.1125740759628], [0.0, 1256.7414812095406, 492.7757465151356], [0.0, 0.0, 1.0]], [[809.2209905677063, 0.0, 829.2196003259838], [0.0, 809.2209905677063, 481.77842384512485], [0.0, 0.0, 1.0]], [[1259.5137405846733, 0.0, 807.2529053838625], [0.0, 1259.5137405846733, 501.19579884916527], [0.0, 0.0, 1.0]]], "extrinsics": [[[0.8201006054878235, -0.5721852779388428, 0.006245506927371025, -0.762939453125], [-0.009705529548227787, -0.02482202835381031, -0.9996447563171387, 1.5058801174163818], [0.5721370577812195, 0.8197486996650696, -0.025909919291734695, -1.14013671875], [0.0, 0.0, 0.0, 1.0]], [[0.004886259324848652, -0.9995733499526978, 0.028794800862669945, 0.006683349609375], [-0.015230664983391762, -0.028866196051239967, -0.9994672536849976, 1.5174531936645508], [0.9998719692230225, 0.004445149563252926, -0.015365215949714184, -1.4888916015625], [0.0, 0.0, 0.0, 1.0]], [[-0.8332844376564026, -0.5526506304740906, 0.01463912334293127, 0.89990234375], [-0.009812366217374802, -0.011690795421600342, -0.9998834729194641, 1.5020861625671387], [0.5527573823928833, -0.8333310484886169, 0.004318948369473219, -1.16033935546875], [0.0, 0.0, 0.0, 1.0]], [[0.9476482272148132, 0.31894761323928833, -0.015340476296842098, -1.13482666015625], [-0.001918735564686358, -0.04235302284359932, -0.9991008639335632, 1.5885429382324219], [-0.3193105459213257, 0.9468255043029785, -0.039523787796497345, -0.10638427734375], [0.0, 0.0, 0.0, 1.0]], [[0.0023926743306219578, 0.999477207660675, -0.03224344924092293, 0.0028076171875], [-0.027082497254014015, -0.032166946679353714, -0.999115526676178, 1.5776548385620117], [-0.999630331993103, 0.0032637936528772116, 0.02699137106537819, -0.0614013671875], [0.0, 0.0, 0.0, 1.0]], [[-0.9347244501113892, 0.35518908500671387, -0.011438119225203991, 1.0267333984375], [0.005860548000782728, -0.01677505299448967, -0.99984210729599, 1.5521430969238281], [-0.3553248643875122, -0.9346439838409424, 0.013598449528217316, -0.10487556457519531], [0.0, 0.0, 0.0, 1.0]]], "view": [[0.0, -2.0, 100.0], [-2.0, 0.0, 100.0], [0.0, 0.0, 1.0]], "bev": "bev_0dd14c14cea14dc1b0c0c9b0c9c7c4c3.png", "aux": "aux_0dd14c14cea14dc1b0c0c9b0c9c7c4c3.npz", "visibility": "visibility_0dd14c14cea14dc1b0c0c9b0c9c7c4c3.png", "pose": [[-0.660294771194458, 0.751006543636322, 0.0, 974.9659423828125], [-0.751006543636322, -0.660294771194458, 0.0, 546.405517578125], [0.0, 0.0, 1.0, 0.0], [0.0, 0.0, 0.0, 1.0]], "pose_inverse": [[-0.660294771194458, -0.751006543636322, 0.0, 1054.1190185546875], [0.751006543636322, -0.660294771194458, 0.0, -371.4170837402344], [0.0, 0.0, 1.0, 0.0], [0.0, 0.0, 0.0, 1.0]], "cam_ids": [0, 1, 2, 3, 4, 5], "cam_channels": ["CAM_FRONT_LEFT", "CAM_FRONT", "CAM_FRONT_RIGHT", "CAM_BACK_LEFT", "CAM_BACK", "CAM_BACK_RIGHT"], "token": "0dd14c14cea14dc1b0c0c9b0c9c7c4c3", "scene": "scene-0368"}, {"images": ["samples/CAM_FRONT_LEFT/n015-2018-08-03-15-00-36+0800__CAM_FRONT_LEFT__1533280036654844.jpg", "samples/CAM_FRONT/n015-2018-08-03-15-00-36+0800__CAM_FRONT__1533280036662460.jpg", "samples/CAM_FRONT_RIGHT/n015-2018-08-03-15-00-36+0800__CAM_FRONT_RIGHT__1533280036670339.jpg", "samples/CAM_BACK_LEFT/n015-2018-08-03-15-00-36+0800__CAM_BACK_LEFT__1533280036697423.jpg", "samples/CAM_BACK/n015-2018-08-03-15-00-36+0800__CAM_BACK__1533280036687525.jpg", "samples/CAM_BACK_RIGHT/n015-2018-08-03-15-00-36+0800__CAM_BACK_RIGHT__1533280036677893.jpg"], "intrinsics": [[[1272.5979470598488, 0.0, 826.6154927353808], [0.0, 1272.5979470598488, 479.75165386361925], [0.0, 0.0, 1.0]], [[1266.417203046554, 0.0, 816.2670197447984], [0.0, 1266.417203046554, 491.50706579294757], [0.0, 0.0, 1.0]], [[1260.8474446004698, 0.0, 807.968244525554], [0.0, 1260.8474446004698, 495.3344268742088], [0.0, 0.0, 1.0]], [[1256.7414812095406, 0.0, 792.1125740759628], [0.0, 1256.7414812095406, 492.7757465151356], [0.0, 0.0, 1.0]], [[809.2209905677063, 0.0, 829.2196003259838], [0.0, 809.2209905677063, 481.77842384512485], [0.0, 0.0, 1.0]], [[1259.5137405846733, 0.0, 807.2529053838625], [0.0, 1259.5137405846733, 501.19579884916527], [0.0, 0.0, 1.0]]], "extrinsics": [[[0.8204048275947571, -0.5716903805732727, 0.010295440442860126, -0.7716064453125], [-0.0011768501717597246, -0.01969410479068756, -0.9998053312301636, 1.508028507232666], [0.5717818737030029, 0.8202330470085144, -0.016829930245876312, -1.148956298828125], [0.0, 0.0, 0.0, 1.0]], [[0.005200431682169437, -0.9997029900550842, 0.02380719780921936, 0.008392333984375], [-0.006348662078380585, -0.023840047419071198, -0.9996956586837769, 1.5193610191345215], [0.9999663233757019, 0.005047671962529421, -0.006470754276961088, -1.4986572265625], [0.0, 0.0, 0.0, 1.0]], [[-0.8331078886985779, -0.5530945062637329, 0.004213294014334679, 0.90728759765625], [-0.0005758167244493961, -0.006750165484845638, -0.9999770522117615, 1.5035700798034668], [0.5531101822853088, -0.8330911993980408, 0.005305135622620583, -1.16314697265625], [0.0, 0.0, 0.0, 1.0]], [[0.9476162791252136, 0.3193880617618561, -0.003827220993116498, -1.13897705078125], [0.008669843897223473, -0.03769721835851669, -0.9992516040802002, 1.5886707305908203], [-0.3192933201789856, 0.9468739032745361, -0.038491543382406235, -0.1070556640625], [0.0, 0.0, 0.0, 1.0]], [[0.0022490813862532377, 0.9996206164360046, -0.027451643720269203, 0.000732421875], [-0.016956789419054985, -0.027409644797444344, -0.9994804263114929, 1.5784335136413574], [-0.9998537302017212, 0.0027132530231028795, 0.016888707876205444, -0.05615234375], [0.0, 0.0, 0.0, 1.0]], [[-0.9347445964813232, 0.35482946038246155, -0.018673207610845566, 1.0322265625], [0.01545807346701622, -0.011893905699253082, -0.9998098015785217, 1.5531806945800781], [-0.3549840450286865, -0.9348553419113159, 0.005632782820612192, -0.10084724426269531], [0.0, 0.0, 0.0, 1.0]]], "view": [[0.0, -2.0, 100.0], [-2.0, 0.0, 100.0], [0.0, 0.0, 1.0]], "bev": "bev_3f80b94c7230400f9ff21ff1d5c7ea4c.png", "aux": "aux_3f80b94c7230400f9ff21ff1d5c7ea4c.npz", "visibility": "visibility_3f80b94c7230400f9ff21ff1d5c7ea4c.png", "pose": [[-0.6518481969833374, 0.7583494782447815, 0.0, 973.1483764648438], [-0.7583494782447815, -0.6518481969833374, 0.0, 544.3438110351562], [0.0, 0.0, 1.0, 0.0], [0.0, 0.0, 0.0, 1.0]], "pose_inverse": [[-0.6518481969833374, -0.7583494782447815, 0.0, 1047.1478271484375], [0.7583494782447815, -0.6518481969833374, 0.0, -383.1570129394531], [0.0, 0.0, 1.0, 0.0], [0.0, 0.0, 0.0, 1.0]], "cam_ids": [0, 1, 2, 3, 4, 5], "cam_channels": ["CAM_FRONT_LEFT", "CAM_FRONT", "CAM_FRONT_RIGHT", "CAM_BACK_LEFT", "CAM_BACK", "CAM_BACK_RIGHT"], "token": "3f80b94c7230400f9ff21ff1d5c7ea4c", "scene": "scene-0368"}, {"images": ["samples/CAM_FRONT_LEFT/n015-2018-08-03-15-00-36+0800__CAM_FRONT_LEFT__1533280037154844.jpg", "samples/CAM_FRONT/n015-2018-08-03-15-00-36+0800__CAM_FRONT__1533280037162460.jpg", "samples/CAM_FRONT_RIGHT/n015-2018-08-03-15-00-36+0800__CAM_FRONT_RIGHT__1533280037170339.jpg", "samples/CAM_BACK_LEFT/n015-2018-08-03-15-00-36+0800__CAM_BACK_LEFT__1533280037197423.jpg", "samples/CAM_BACK/n015-2018-08-03-15-00-36+0800__CAM_BACK__1533280037187525.jpg", "samples/CAM_BACK_RIGHT/n015-2018-08-03-15-00-36+0800__CAM_BACK_RIGHT__1533280037177893.jpg"], "intrinsics": [[[1272.5979470598488, 0.0, 826.6154927353808], [0.0, 1272.5979470598488, 479.75165386361925], [0.0, 0.0, 1.0]], [[1266.417203046554, 0.0, 816.2670197447984], [0.0, 1266.417203046554, 491.50706579294757], [0.0, 0.0, 1.0]], [[1260.8474446004698, 0.0, 807.968244525554], [0.0, 1260.8474446004698, 495.3344268742088], [0.0, 0.0, 1.0]], [[1256.7414812095406, 0.0, 792.1125740759628], [0.0, 1256.7414812095406, 492.7757465151356], [0.0, 0.0, 1.0]], [[809.2209905677063, 0.0, 829.2196003259838], [0.0, 809.2209905677063, 481.77842384512485], [0.0, 0.0, 1.0]], [[1259.5137405846733, 0.0, 807.2529053838625], [0.0, 1259.5137405846733, 501.19579884916527], [0.0, 0.0, 1.0]]], "extrinsics": [[[0.8204663991928101, -0.5715486407279968, 0.01292120199650526, -0.775634765625], [-0.00027301270165480673, -0.022993288934230804, -0.9997355341911316, 1.5082015991210938], [0.5716946125030518, 0.8202459216117859, -0.019021261483430862, -1.149200439453125], [0.0, 0.0, 0.0, 1.0]], [[0.0052354056388139725, -0.9996211528778076, 0.027022190392017365, 0.0067138671875], [-0.005671023391187191, -0.027051806449890137, -0.9996179938316345, 1.5194649696350098], [0.9999701976776123, 0.005080169998109341, -0.005810502916574478, -1.5008544921875], [0.0, 0.0, 0.0, 1.0]], [[-0.8331279754638672, -0.5530520081520081, 0.005592691712081432, 0.90673828125], [-0.0001571272878209129, -0.009875222109258175, -0.9999512434005737, 1.5036242008209229], [0.5530803203582764, -0.833088219165802, 0.008140422403812408, -1.164794921875], [0.0, 0.0, 0.0, 1.0]], [[0.9477159380912781, 0.3190719783306122, -0.005243260413408279, -1.13104248046875], [0.008113878779113293, -0.0405188612639904, -0.9991458058357239, 1.588653564453125], [-0.31901195645332336, 0.9468638896942139, -0.040989283472299576, -0.1075439453125], [0.0, 0.0, 0.0, 1.0]], [[0.0024602890480309725, 0.9995339512825012, -0.030425960198044777, 0.002655029296875], [-0.017169848084449768, -0.030379345640540123, -0.9993909597396851, 1.5782885551452637], [-0.9998495578765869, 0.0029811710119247437, 0.01708710379898548, -0.060791015625], [0.0, 0.0, 0.0, 1.0]], [[-0.9347010850906372, 0.35487645864486694, -0.019908597692847252, 1.0311279296875], [0.015613403171300888, -0.01496316958218813, -0.9997661113739014, 1.5532035827636719], [-0.3550914227962494, -0.9347934126853943, 0.008445261977612972, -0.10320723056793213], [0.0, 0.0, 0.0, 1.0]]], "view": [[0.0, -2.0, 100.0], [-2.0, 0.0, 100.0], [0.0, 0.0, 1.0]], "bev": "bev_cd575d3af90947b58956760fb7c193b5.png", "aux": "aux_cd575d3af90947b58956760fb7c193b5.npz", "visibility": "visibility_cd575d3af90947b58956760fb7c193b5.png", "pose": [[-0.6434957981109619, 0.7654496431350708, 0.0, 971.4334106445312], [-0.7654496431350708, -0.6434957981109619, 0.0, 542.3228759765625], [0.0, 0.0, 1.0, 0.0], [0.0, 0.0, 0.0, 1.0]], "pose_inverse": [[-0.6434957981109619, -0.7654496431350708, 0.0, 1040.234130859375], [0.7654496431350708, -0.6434957981109619, 0.0, -394.600830078125], [0.0, 0.0, 1.0, 0.0], [0.0, 0.0, 0.0, 1.0]], "cam_ids": [0, 1, 2, 3, 4, 5], "cam_channels": ["CAM_FRONT_LEFT", "CAM_FRONT", "CAM_FRONT_RIGHT", "CAM_BACK_LEFT", "CAM_BACK", "CAM_BACK_RIGHT"], "token": "cd575d3af90947b58956760fb7c193b5", "scene": "scene-0368"}, {"images": ["samples/CAM_FRONT_LEFT/n015-2018-08-03-15-00-36+0800__CAM_FRONT_LEFT__1533280037654844.jpg", "samples/CAM_FRONT/n015-2018-08-03-15-00-36+0800__CAM_FRONT__1533280037662460.jpg", "samples/CAM_FRONT_RIGHT/n015-2018-08-03-15-00-36+0800__CAM_FRONT_RIGHT__1533280037670339.jpg", "samples/CAM_BACK_LEFT/n015-2018-08-03-15-00-36+0800__CAM_BACK_LEFT__1533280037697423.jpg", "samples/CAM_BACK/n015-2018-08-03-15-00-36+0800__CAM_BACK__1533280037687525.jpg", "samples/CAM_BACK_RIGHT/n015-2018-08-03-15-00-36+0800__CAM_BACK_RIGHT__1533280037677893.jpg"], "intrinsics": [[[1272.5979470598488, 0.0, 826.6154927353808], [0.0, 1272.5979470598488, 479.75165386361925], [0.0, 0.0, 1.0]], [[1266.417203046554, 0.0, 816.2670197447984], [0.0, 1266.417203046554, 491.50706579294757], [0.0, 0.0, 1.0]], [[1260.8474446004698, 0.0, 807.968244525554], [0.0, 1260.8474446004698, 495.3344268742088], [0.0, 0.0, 1.0]], [[1256.7414812095406, 0.0, 792.1125740759628], [0.0, 1256.7414812095406, 492.7757465151356], [0.0, 0.0, 1.0]], [[809.2209905677063, 0.0, 829.2196003259838], [0.0, 809.2209905677063, 481.77842384512485], [0.0, 0.0, 1.0]], [[1259.5137405846733, 0.0, 807.2529053838625], [0.0, 1259.5137405846733, 501.19579884916527], [0.0, 0.0, 1.0]]], "extrinsics": [[[0.8205111622810364, -0.5714322924613953, 0.015050568617880344, -0.7952880859375], [-0.0007496303878724575, -0.02740480750799179, -0.9996241331100464, 1.5081348419189453], [0.5716299414634705, 0.8201914429664612, -0.022914312779903412, -1.16387939453125], [0.0, 0.0, 0.0, 1.0]], [[0.005414123181253672, -0.999485969543457, 0.03159575164318085, 0.007537841796875], [-0.005955175030976534, -0.03162787854671478, -0.9994819760322571, 1.5195722579956055], [0.9999675154685974, 0.005223155487328768, -0.006123351398855448, -1.522705078125], [0.0, 0.0, 0.0, 1.0]], [[-0.8330045342445374, -0.5532044768333435, 0.008257279172539711, 0.92242431640625], [-0.00023664443870075047, -0.01456835214048624, -0.999893844127655, 1.5036320686340332], [0.5532659292221069, -0.832918107509613, 0.012004592455923557, -1.1741943359375], [0.0, 0.0, 0.0, 1.0]], [[0.9477015733718872, 0.31909695267677307, -0.006240405607968569, -1.1328125], [0.008657637052237988, -0.045248426496982574, -0.998938262462616, 1.588644027709961], [-0.319040447473526, 0.9466412663459778, -0.04564463347196579, -0.10693359375], [0.0, 0.0, 0.0, 1.0]], [[0.002335033379495144, 0.9993788003921509, -0.03516257181763649, 0.00238037109375], [-0.01681935414671898, -0.03511844202876091, -0.9992416501045227, 1.5784579515457153], [-0.9998557567596436, 0.0029246117919683456, 0.0167269054800272, -0.0528564453125], [0.0, 0.0, 0.0, 1.0]], [[-0.9347643256187439, 0.354606032371521, -0.021684767678380013, 1.0438232421875], [0.015726471319794655, -0.0196763277053833, -0.9996827244758606, 1.5530166625976562], [-0.3549202084541321, -0.9348087310791016, 0.01281602680683136, -0.09764862060546875], [0.0, 0.0, 0.0, 1.0]]], "view": [[0.0, -2.0, 100.0], [-2.0, 0.0, 100.0], [0.0, 0.0, 1.0]], "bev": "bev_c06723e95c9e4f0b815858e5428a9fd6.png", "aux": "aux_c06723e95c9e4f0b815858e5428a9fd6.npz", "visibility": "visibility_c06723e95c9e4f0b815858e5428a9fd6.png", "pose": [[-0.6368637084960938, 0.7709763646125793, 0.0, 969.896484375], [-0.7709763646125793, -0.6368637084960938, 0.0, 540.4977416992188], [0.0, 0.0, 1.0, 0.0], [0.0, 0.0, 0.0, 1.0]], "pose_inverse": [[-0.6368637084960938, -0.7709763646125793, 0.0, 1034.40283203125], [0.7709763646125793, -0.6368637084960938, 0.0, -403.54388427734375], [0.0, 0.0, 1.0, 0.0], [0.0, 0.0, 0.0, 1.0]], "cam_ids": [0, 1, 2, 3, 4, 5], "cam_channels": ["CAM_FRONT_LEFT", "CAM_FRONT", "CAM_FRONT_RIGHT", "CAM_BACK_LEFT", "CAM_BACK", "CAM_BACK_RIGHT"], "token": "c06723e95c9e4f0b815858e5428a9fd6", "scene": "scene-0368"}, {"images": ["samples/CAM_FRONT_LEFT/n015-2018-08-03-15-00-36+0800__CAM_FRONT_LEFT__1533280038154844.jpg", "samples/CAM_FRONT/n015-2018-08-03-15-00-36+0800__CAM_FRONT__1533280038162460.jpg", "samples/CAM_FRONT_RIGHT/n015-2018-08-03-15-00-36+0800__CAM_FRONT_RIGHT__1533280038170339.jpg", "samples/CAM_BACK_LEFT/n015-2018-08-03-15-00-36+0800__CAM_BACK_LEFT__1533280038197423.jpg", "samples/CAM_BACK/n015-2018-08-03-15-00-36+0800__CAM_BACK__1533280038187525.jpg", "samples/CAM_BACK_RIGHT/n015-2018-08-03-15-00-36+0800__CAM_BACK_RIGHT__1533280038177907.jpg"], "intrinsics": [[[1272.5979470598488, 0.0, 826.6154927353808], [0.0, 1272.5979470598488, 479.75165386361925], [0.0, 0.0, 1.0]], [[1266.417203046554, 0.0, 816.2670197447984], [0.0, 1266.417203046554, 491.50706579294757], [0.0, 0.0, 1.0]], [[1260.8474446004698, 0.0, 807.968244525554], [0.0, 1260.8474446004698, 495.3344268742088], [0.0, 0.0, 1.0]], [[1256.7414812095406, 0.0, 792.1125740759628], [0.0, 1256.7414812095406, 492.7757465151356], [0.0, 0.0, 1.0]], [[809.2209905677063, 0.0, 829.2196003259838], [0.0, 809.2209905677063, 481.77842384512485], [0.0, 0.0, 1.0]], [[1259.5137405846733, 0.0, 807.2529053838625], [0.0, 1259.5137405846733, 501.19579884916527], [0.0, 0.0, 1.0]]], "extrinsics": [[[0.8208491802215576, -0.5710160136222839, 0.01213112659752369, -0.813720703125], [-0.0024944425094872713, -0.02482401765882969, -0.9996886849403381, 1.5078105926513672], [0.571139395236969, 0.820563554763794, -0.021801143884658813, -1.1760101318359375], [0.0, 0.0, 0.0, 1.0]], [[0.005877137184143066, -0.9995736479759216, 0.028598830103874207, 0.006561279296875], [-0.007977199740707874, -0.02864527888596058, -0.9995578527450562, 1.519336223602295], [0.9999508857727051, 0.005646359641104937, -0.00814215000718832, -1.539794921875], [0.0, 0.0, 0.0, 1.0]], [[-0.8328355550765991, -0.5534573793411255, 0.008351491764187813, 0.9327392578125], [-0.0025534580927342176, -0.011246257461607456, -0.9999334812164307, 1.503344178199768], [0.5535144209861755, -0.8328015208244324, 0.007953056134283543, -1.18194580078125], [0.0, 0.0, 0.0, 1.0]], [[0.9476542472839355, 0.31919828057289124, -0.007996360771358013, -1.1336669921875], [0.005499689839780331, -0.04135737195611, -0.9991292357444763, 1.588613510131836], [-0.31925103068351746, 0.946785032749176, -0.04094798117876053, -0.1068115234375], [0.0, 0.0, 0.0, 1.0]], [[0.002187182893976569, 0.999504566192627, -0.03139530122280121, 0.002685546875], [-0.01969892345368862, -0.03134622052311897, -0.9993144869804382, 1.578397274017334], [-0.9998036026954651, 0.002804073039442301, 0.019620604813098907, -0.0472412109375], [0.0, 0.0, 0.0, 1.0]], [[-0.9348773956298828, 0.3545134663581848, -0.01801205426454544, 1.05322265625], [0.013148163445293903, -0.016124168410897255, -0.9997835755348206, 1.552621841430664], [-0.3547271192073822, -0.9349119067192078, 0.010412919335067272, -0.09477043151855469], [0.0, 0.0, 0.0, 1.0]]], "view": [[0.0, -2.0, 100.0], [-2.0, 0.0, 100.0], [0.0, 0.0, 1.0]], "bev": "bev_95772663afcd4fa0be10dd5a49cbab41.png", "aux": "aux_95772663afcd4fa0be10dd5a49cbab41.npz", "visibility": "visibility_95772663afcd4fa0be10dd5a49cbab41.png", "pose": [[-0.6319499015808105, 0.7750092148780823, 0.0, 968.4833374023438], [-0.7750092148780823, -0.6319499015808105, 0.0, 538.794189453125], [0.0, 0.0, 1.0, 0.0], [0.0, 0.0, 0.0, 1.0]], "pose_inverse": [[-0.6319499015808105, -0.7750092148780823, 0.0, 1029.6033935546875], [0.7750092148780823, -0.6319499015808105, 0.0, -410.09259033203125], [0.0, 0.0, 1.0, 0.0], [0.0, 0.0, 0.0, 1.0]], "cam_ids": [0, 1, 2, 3, 4, 5], "cam_channels": ["CAM_FRONT_LEFT", "CAM_FRONT", "CAM_FRONT_RIGHT", "CAM_BACK_LEFT", "CAM_BACK", "CAM_BACK_RIGHT"], "token": "95772663afcd4fa0be10dd5a49cbab41", "scene": "scene-0368"}, {"images": ["samples/CAM_FRONT_LEFT/n015-2018-08-03-15-00-36+0800__CAM_FRONT_LEFT__1533280038654844.jpg", "samples/CAM_FRONT/n015-2018-08-03-15-00-36+0800__CAM_FRONT__1533280038662480.jpg", "samples/CAM_FRONT_RIGHT/n015-2018-08-03-15-00-36+0800__CAM_FRONT_RIGHT__1533280038670339.jpg", "samples/CAM_BACK_LEFT/n015-2018-08-03-15-00-36+0800__CAM_BACK_LEFT__1533280038697423.jpg", "samples/CAM_BACK/n015-2018-08-03-15-00-36+0800__CAM_BACK__1533280038687525.jpg", "samples/CAM_BACK_RIGHT/n015-2018-08-03-15-00-36+0800__CAM_BACK_RIGHT__1533280038677893.jpg"], "intrinsics": [[[1272.5979470598488, 0.0, 826.6154927353808], [0.0, 1272.5979470598488, 479.75165386361925], [0.0, 0.0, 1.0]], [[1266.417203046554, 0.0, 816.2670197447984], [0.0, 1266.417203046554, 491.50706579294757], [0.0, 0.0, 1.0]], [[1260.8474446004698, 0.0, 807.968244525554], [0.0, 1260.8474446004698, 495.3344268742088], [0.0, 0.0, 1.0]], [[1256.7414812095406, 0.0, 792.1125740759628], [0.0, 1256.7414812095406, 492.7757465151356], [0.0, 0.0, 1.0]], [[809.2209905677063, 0.0, 829.2196003259838], [0.0, 809.2209905677063, 481.77842384512485], [0.0, 0.0, 1.0]], [[1259.5137405846733, 0.0, 807.2529053838625], [0.0, 1259.5137405846733, 501.19579884916527], [0.0, 0.0, 1.0]]], "extrinsics": [[[0.8209034204483032, -0.5707222819328308, 0.019842375069856644, -0.8292236328125], [0.0001525455736555159, -0.03452698141336441, -0.9994037747383118, 1.5082731246948242], [0.5710670948028564, 0.820417046546936, -0.028256256133317947, -1.1856231689453125], [0.0, 0.0, 0.0, 1.0]], [[0.005970744416117668, -0.9992481470108032, 0.03830672800540924, 0.005950927734375], [-0.005170381627976894, -0.03833775222301483, -0.9992514848709106, 1.5198297500610352], [0.9999687671661377, 0.00576823903247714, -0.005395400803536177, -1.55633544921875], [0.0, 0.0, 0.0, 1.0]], [[-0.8327550888061523, -0.5535278916358948, 0.011214065365493298, 0.94390869140625], [0.0003997981548309326, -0.020856328308582306, -0.999782383441925, 1.5036888122558594], [0.5536413788795471, -0.8325694799423218, 0.017589516937732697, -1.19000244140625], [0.0, 0.0, 0.0, 1.0]], [[0.9476564526557922, 0.31919822096824646, -0.007727977354079485, -1.13525390625], [0.00877398531883955, -0.05022786557674408, -0.9986992478370667, 1.588623046875], [-0.3191711902618408, 0.9463560581207275, -0.050399407744407654, -0.10601806640625], [0.0, 0.0, 0.0, 1.0]], [[0.0021082195453