[{"images": ["samples/CAM_FRONT_LEFT/n008-2018-08-30-15-52-26-0400__CAM_FRONT_LEFT__1535658964104799.jpg", "samples/CAM_FRONT/n008-2018-08-30-15-52-26-0400__CAM_FRONT__1535658964112404.jpg", "samples/CAM_FRONT_RIGHT/n008-2018-08-30-15-52-26-0400__CAM_FRONT_RIGHT__1535658964120482.jpg", "samples/CAM_BACK_LEFT/n008-2018-08-30-15-52-26-0400__CAM_BACK_LEFT__1535658964147405.jpg", "samples/CAM_BACK/n008-2018-08-30-15-52-26-0400__CAM_BACK__1535658964137558.jpg", "samples/CAM_BACK_RIGHT/n008-2018-08-30-15-52-26-0400__CAM_BACK_RIGHT__1535658964128113.jpg"], "intrinsics": [[[1257.8625342125129, 0.0, 827.2410631095686], [0.0, 1257.8625342125129, 450.915498205774], [0.0, 0.0, 1.0]], [[1252.8131021185304, 0.0, 826.588114781398], [0.0, 1252.8131021185304, 469.9846626224581], [0.0, 0.0, 1.0]], [[1256.7485116440405, 0.0, 817.7887570959712], [0.0, 1256.7485116440403, 451.9541780095127], [0.0, 0.0, 1.0]], [[1254.9860565800168, 0.0, 829.5769333630991], [0.0, 1254.9860565800168, 467.1680561863987], [0.0, 0.0, 1.0]], [[796.8910634503094, 0.0, 857.7774326863696], [0.0, 796.8910634503094, 476.8848988407415], [0.0, 0.0, 1.0]], [[1249.9629280788233, 0.0, 825.3768045375984], [0.0, 1249.9629280788233, 462.54816385708756], [0.0, 0.0, 1.0]]], "extrinsics": [[[0.8230084776878357, -0.5680106282234192, 0.004590900614857674, -0.868408203125], [0.00855119526386261, 0.0043080453760921955, -0.9999541640281677, 1.4897098541259766], [0.5679647922515869, 0.8230099678039551, 0.00840272568166256, -1.239471435546875], [0.0, 0.0, 0.0, 1.0]], [[0.01093761995434761, -0.9999402165412903, -8.564307063352317e-05, 0.0072021484375], [0.01049038302153349, 0.0002003897534450516, -0.9999449849128723, 1.481602668762207], [0.9998852014541626, 0.010936124250292778, 0.010491946712136269, -1.59771728515625], [0.0, 0.0, 0.0, 1.0]], [[-0.8436713814735413, -0.5367462038993835, -0.011055482551455498, 1.00103759765625], [0.018496282398700714, -0.008479964919388294, -0.9997929334640503, 1.4950428009033203], [0.5365413427352905, -0.843701183795929, 0.01708211377263069, -1.2203369140625], [0.0, 0.0, 0.0, 1.0]], [[0.9478715062141418, 0.31862133741378784, -0.004475170746445656, -1.13812255859375], [-0.006976222153753042, 0.006708909757435322, -0.9999531507492065, 1.5620002746582031], [-0.3185764253139496, 0.9478582739830017, 0.008581959642469883, -0.1578369140625], [0.0, 0.0, 0.0, 1.0]], [[0.00898321159183979, 0.9999593496322632, -0.0008638055878691375, -0.028533935546875], [-0.004841553047299385, -0.0008203347679227591, -0.9999879002571106, 1.567856788635254], [-0.9999480247497559, 0.008987300097942352, 0.004833986517041922, 0.00201416015625], [0.0, 0.0, 0.0, 1.0]], [[-0.9238750338554382, 0.38260042667388916, -0.008472730405628681, 1.0889892578125], [-0.0005823856918141246, -0.02354527823626995, -0.9997225999832153, 1.5477705001831055], [-0.38269373774528503, -0.9236139059066772, 0.021975716575980186, -0.07320404052734375], [0.0, 0.0, 0.0, 1.0]]], "view": [[0.0, -2.0, 100.0], [-2.0, 0.0, 100.0], [0.0, 0.0, 1.0]], "bev": "bev_4a726122691e4df1b39e5257c2509737.png", "aux": "aux_4a726122691e4df1b39e5257c2509737.npz", "visibility": "visibility_4a726122691e4df1b39e5257c2509737.png", "pose": [[-0.6594966650009155, 0.7517074942588806, 0.0, 943.1321411132812], [-0.7517074942588806, -0.6594966650009155, 0.0, 389.95989990234375], [0.0, 0.0, 1.0, 0.0], [0.0, 0.0, 0.0, 1.0]], "pose_inverse": [[-0.6594966650009155, -0.7517074942588806, 0.0, 915.1282958984375], [0.7517074942588806, -0.6594966650009155, 0.0, -451.7822265625], [0.0, 0.0, 1.0, 0.0], [0.0, 0.0, 0.0, 1.0]], "cam_ids": [0, 1, 2, 3, 4, 5], "cam_channels": ["CAM_FRONT_LEFT", "CAM_FRONT", "CAM_FRONT_RIGHT", "CAM_BACK_LEFT", "CAM_BACK", "CAM_BACK_RIGHT"], "token": "4a726122691e4df1b39e5257c2509737", "scene": "scene-0530"}, {"images": ["samples/CAM_FRONT_LEFT/n008-2018-08-30-15-52-26-0400__CAM_FRONT_LEFT__1535658964504799.jpg", "samples/CAM_FRONT/n008-2018-08-30-15-52-26-0400__CAM_FRONT__1535658964512404.jpg", "samples/CAM_FRONT_RIGHT/n008-2018-08-30-15-52-26-0400__CAM_FRONT_RIGHT__1535658964520482.jpg", "samples/CAM_BACK_LEFT/n008-2018-08-30-15-52-26-0400__CAM_BACK_LEFT__1535658964547405.jpg", "samples/CAM_BACK/n008-2018-08-30-15-52-26-0400__CAM_BACK__1535658964537558.jpg", "samples/CAM_BACK_RIGHT/n008-2018-08-30-15-52-26-0400__CAM_BACK_RIGHT__1535658964528113.jpg"], "intrinsics": [[[1257.8625342125129, 0.0, 827.2410631095686], [0.0, 1257.8625342125129, 450.915498205774], [0.0, 0.0, 1.0]], [[1252.8131021185304, 0.0, 826.588114781398], [0.0, 1252.8131021185304, 469.9846626224581], [0.0, 0.0, 1.0]], [[1256.7485116440405, 0.0, 817.7887570959712], [0.0, 1256.7485116440403, 451.9541780095127], [0.0, 0.0, 1.0]], [[1254.9860565800168, 0.0, 829.5769333630991], [0.0, 1254.9860565800168, 467.1680561863987], [0.0, 0.0, 1.0]], [[796.8910634503094, 0.0, 857.7774326863696], [0.0, 796.8910634503094, 476.8848988407415], [0.0, 0.0, 1.0]], [[1249.9629280788233, 0.0, 825.3768045375984], [0.0, 1249.9629280788233, 462.54816385708756], [0.0, 0.0, 1.0]]], "extrinsics": [[[0.822877049446106, -0.5682088136672974, 0.0034720664843916893, -0.86279296875], [0.007287195418030024, 0.004442956298589706, -0.9999635815620422, 1.4895434379577637], [0.5681726336479187, 0.8228724002838135, 0.007796654012054205, -1.236419677734375], [0.0, 0.0, 0.0, 1.0]], [[0.010746066458523273, -0.9999421834945679, -0.0002687207015696913, 0.00775146484375], [0.009191584773361683, 0.00036750358412973583, -0.9999576807022095, 1.4814739227294922], [0.9998999834060669, 0.010743106715381145, 0.009195002727210522, -1.59234619140625], [0.0, 0.0, 0.0, 1.0]], [[-0.8437656164169312, -0.5366179347038269, -0.010038312524557114, 0.99737548828125], [0.017160462215542793, -0.008279481902718544, -0.9998184442520142, 1.4949798583984375], [0.5364373922348022, -0.843784749507904, 0.016194554045796394, -1.2174072265625], [0.0, 0.0, 0.0, 1.0]], [[0.9478256702423096, 0.3187377154827118, -0.005725964438170195, -1.1405029296875], [-0.008420132100582123, 0.007075408939272165, -0.999939501285553, 1.5620098114013672], [-0.3186778724193573, 0.9478165507316589, 0.009390068240463734, -0.15740966796875], [0.0, 0.0, 0.0, 1.0]], [[0.008996083401143551, 0.9999592900276184, -0.000571849406696856, -0.02880859375], [-0.006199883297085762, -0.0005160851287655532, -0.999980628490448, 1.56779146194458], [-0.9999402761459351, 0.008999420329928398, 0.006194989196956158, 0.000732421875], [0.0, 0.0, 0.0, 1.0]], [[-0.9238433241844177, 0.3827037215232849, -0.0071578556671738625, 1.08538818359375], [-0.00190751813352108, -0.02330300211906433, -0.9997265934944153, 1.54766845703125], [-0.38276588916778564, -0.9235771894454956, 0.022258339449763298, -0.07433700561523438], [0.0, 0.0, 0.0, 1.0]]], "view": [[0.0, -2.0, 100.0], [-2.0, 0.0, 100.0], [0.0, 0.0, 1.0]], "bev": "bev_9e7e816e50cb4a50aa8f711137a23f47.png", "aux": "aux_9e7e816e50cb4a50aa8f711137a23f47.npz", "visibility": "visibility_9e7e816e50cb4a50aa8f711137a23f47.png", "pose": [[-0.6640783548355103, 0.7476629614830017, 0.0, 942.0996704101562], [-0.7476629614830017, -0.6640783548355103, 0.0, 388.8033752441406], [0.0, 0.0, 1.0, 0.0], [0.0, 0.0, 0.0, 1.0]], "pose_inverse": [[-0.6640783548355103, -0.7476629614830017, 0.0, 916.3218994140625], [0.7476629614830017, -0.6640783548355103, 0.0, -446.1771240234375], [0.0, 0.0, 1.0, 0.0], [0.0, 0.0, 0.0, 1.0]], "cam_ids": [0, 1, 2, 3, 4, 5], "cam_channels": ["CAM_FRONT_LEFT", "CAM_FRONT", "CAM_FRONT_RIGHT", "CAM_BACK_LEFT", "CAM_BACK", "CAM_BACK_RIGHT"], "token": "9e7e816e50cb4a50aa8f711137a23f47", "scene": "scene-0530"}, {"images": ["samples/CAM_FRONT_LEFT/n008-2018-08-30-15-52-26-0400__CAM_FRONT_LEFT__1535658965004799.jpg", "samples/CAM_FRONT/n008-2018-08-30-15-52-26-0400__CAM_FRONT__1535658965012404.jpg", "samples/CAM_FRONT_RIGHT/n008-2018-08-30-15-52-26-0400__CAM_FRONT_RIGHT__1535658965020482.jpg", "samples/CAM_BACK_LEFT/n008-2018-08-30-15-52-26-0400__CAM_BACK_LEFT__1535658965047405.jpg", "samples/CAM_BACK/n008-2018-08-30-15-52-26-0400__CAM_BACK__1535658965037558.jpg", "samples/CAM_BACK_RIGHT/n008-2018-08-30-15-52-26-0400__CAM_BACK_RIGHT__1535658965028113.jpg"], "intrinsics": [[[1257.8625342125129, 0.0, 827.2410631095686], [0.0, 1257.8625342125129, 450.915498205774], [0.0, 0.0, 1.0]], [[1252.8131021185304, 0.0, 826.588114781398], [0.0, 1252.8131021185304, 469.9846626224581], [0.0, 0.0, 1.0]], [[1256.7485116440405, 0.0, 817.7887570959712], [0.0, 1256.7485116440403, 451.9541780095127], [0.0, 0.0, 1.0]], [[1254.9860565800168, 0.0, 829.5769333630991], [0.0, 1254.9860565800168, 467.1680561863987], [0.0, 0.0, 1.0]], [[796.8910634503094, 0.0, 857.7774326863696], [0.0, 796.8910634503094, 476.8848988407415], [0.0, 0.0, 1.0]], [[1249.9629280788233, 0.0, 825.3768045375984], [0.0, 1249.9629280788233, 462.54816385708756], [0.0, 0.0, 1.0]]], "extrinsics": [[[0.8223047852516174, -0.5690417885780334, 0.002509022131562233, -0.8521728515625], [0.007373496424406767, 0.006246217526495457, -0.9999532699584961, 1.4896492958068848], [0.5689994692802429, 0.8222849369049072, 0.009332121349871159, -1.229461669921875], [0.0, 0.0, 0.0, 1.0]], [[0.009914752095937729, -0.9999484419822693, -0.0021788482554256916, 0.008209228515625], [0.009455188177525997, 0.0022726072929799557, -0.9999527335166931, 1.48160982131958], [0.9999061226844788, 0.009893751703202724, 0.009477234445512295, -1.5816650390625], [0.0, 0.0, 0.0, 1.0]], [[-0.8441095352172852, -0.5360472202301025, -0.011506847105920315, 0.99029541015625], [0.01761104166507721, -0.006269621662795544, -0.9998252391815186, 1.4951839447021484], [0.5358814597129822, -0.8441647291183472, 0.014732598327100277, -1.212646484375], [0.0, 0.0, 0.0, 1.0]], [[0.9478721618652344, 0.3186219334602356, -0.004297357518225908, -1.13446044921875], [-0.0077148606069386005, 0.009464713744819164, -0.999925434589386, 1.5619621276855469], [-0.3185575008392334, 0.9478346109390259, 0.011429463513195515, -0.15960693359375], [0.0, 0.0, 0.0, 1.0]], [[0.00929421465843916, 0.999955415725708, 0.0016864524222910404, -0.028900146484375], [-0.005649194587022066, 0.0017390059074386954, -0.9999825358390808, 1.5677809715270996], [-0.999940812587738, 0.009284500032663345, 0.00566510483622551, -0.00537109375], [0.0, 0.0, 0.0, 1.0]], [[-0.9236562848091125, 0.3831612169742584, -0.00681476341560483, 1.0792236328125], [-0.0014103454304859042, -0.02118142694234848, -0.999774694442749, 1.5477027893066406], [-0.38321924209594727, -0.923438549041748, 0.020104750990867615, -0.07670974731445312], [0.0, 0.0, 0.0, 1.0]]], "view": [[0.0, -2.0, 100.0], [-2.0, 0.0, 100.0], [0.0, 0.0, 1.0]], "bev": "bev_5dc3708c130e408880c721d3cb433e17.png", "aux": "aux_5dc3708c130e408880c721d3cb433e17.npz", "visibility": "visibility_5dc3708c130e408880c721d3cb433e17.png", "pose": [[-0.6656967401504517, 0.7462223768234253, 0.0, 940.7566528320312], [-0.7462223768234253, -0.6656967401504517, 0.0, 387.31732177734375], [0.0, 0.0, 1.0, 0.0], [0.0, 0.0, 0.0, 1.0]], "pose_inverse": [[-0.6656967401504517, -0.7462223768234253, 0.0, 915.2835083007812], [0.7462223768234253, -0.6656967401504517, 0.0, -444.1777648925781], [0.0, 0.0, 1.0, 0.0], [0.0, 0.0, 0.0, 1.0]], "cam_ids": [0, 1, 2, 3, 4, 5], "cam_channels": ["CAM_FRONT_LEFT", "CAM_FRONT", "CAM_FRONT_RIGHT", "CAM_BACK_LEFT", "CAM_BACK", "CAM_BACK_RIGHT"], "token": "5dc3708c130e408880c721d3cb433e17", "scene": "scene-0530"}, {"images": ["samples/CAM_FRONT_LEFT/n008-2018-08-30-15-52-26-0400__CAM_FRONT_LEFT__1535658965504799.jpg", "samples/CAM_FRONT/n008-2018-08-30-15-52-26-0400__CAM_FRONT__1535658965512404.jpg", "samples/CAM_FRONT_RIGHT/n008-2018-08-30-15-52-26-0400__CAM_FRONT_RIGHT__1535658965520482.jpg", "samples/CAM_BACK_LEFT/n008-2018-08-30-15-52-26-0400__CAM_BACK_LEFT__1535658965547405.jpg", "samples/CAM_BACK/n008-2018-08-30-15-52-26-0400__CAM_BACK__1535658965537558.jpg", "samples/CAM_BACK_RIGHT/n008-2018-08-30-15-52-26-0400__CAM_BACK_RIGHT__1535658965528113.jpg"], "intrinsics": [[[1257.8625342125129, 0.0, 827.2410631095686], [0.0, 1257.8625342125129, 450.915498205774], [0.0, 0.0, 1.0]], [[1252.8131021185304, 0.0, 826.588114781398], [0.0, 1252.8131021185304, 469.9846626224581], [0.0, 0.0, 1.0]], [[1256.7485116440405, 0.0, 817.7887570959712], [0.0, 1256.7485116440403, 451.9541780095127], [0.0, 0.0, 1.0]], [[1254.9860565800168, 0.0, 829.5769333630991], [0.0, 1254.9860565800168, 467.1680561863987], [0.0, 0.0, 1.0]], [[796.8910634503094, 0.0, 857.7774326863696], [0.0, 796.8910634503094, 476.8848988407415], [0.0, 0.0, 1.0]], [[1249.9629280788233, 0.0, 825.3768045375984], [0.0, 1249.9629280788233, 462.54816385708756], [0.0, 0.0, 1.0]]], "extrinsics": [[[0.8215941190719604, -0.5700315237045288, 0.006860222201794386, -0.85858154296875], [0.0047827488742768764, -0.005141072906553745, -0.999975323677063, 1.4891486167907715], [0.5700528025627136, 0.8216067552566528, -0.001497557619586587, -1.2327423095703125], [0.0, 0.0, 0.0, 1.0]], [[0.00889536738395691, -0.999921977519989, 0.008766843937337399, 0.007354736328125], [0.0069695427082479, -0.008704982697963715, -0.9999378323554993, 1.481201171875], [0.9999361634254456, 0.008955811150372028, 0.006891567260026932, -1.58709716796875], [0.0, 0.0, 0.0, 1.0]], [[-0.8445545434951782, -0.5354556441307068, -0.0038648354820907116, 0.9932861328125], [0.015235470607876778, -0.01681436412036419, -0.9997425079345703, 1.494842529296875], [0.5352528095245361, -0.8443959355354309, 0.022358564659953117, -1.21514892578125], [0.0, 0.0, 0.0, 1.0]], [[0.9478316307067871, 0.31866395473480225, -0.008281600661575794, -1.13812255859375], [-0.008998673409223557, 0.0007781375898048282, -0.9999591708183289, 1.561990737915039], [-0.3186444342136383, 0.9478674530982971, 0.003605097532272339, -0.15765380859375], [0.0, 0.0, 0.0, 1.0]], [[0.009548435918986797, 0.9999243021011353, -0.007753973361104727, -0.0284423828125], [-0.007326218299567699, -0.007684161886572838, -0.9999436140060425, 1.5677193403244019], [-0.9999275803565979, 0.009604768827557564, 0.007252291776239872, -0.0025634765625], [0.0, 0.0, 0.0, 1.0]], [[-0.9234513640403748, 0.3836166560649872, -0.008705810643732548, 1.08160400390625], [-0.003561218734830618, -0.03125545755028725, -0.9995050430297852, 1.5475187301635742], [-0.38369885087013245, -0.9229633808135986, 0.03022903762757778, -0.076141357421875], [0.0, 0.0, 0.0, 1.0]]], "view": [[0.0, -2.0, 100.0], [-2.0, 0.0, 100.0], [0.0, 0.0, 1.0]], "bev": "bev_28cd189903114862b13e948cc9ed8a8f.png", "aux": "aux_28cd189903114862b13e948cc9ed8a8f.npz", "visibility": "visibility_28cd189903114862b13e948cc9ed8a8f.png", "pose": [[-0.6549270749092102, 0.7556920647621155, 0.0, 939.4390869140625], [-0.7556920647621155, -0.6549270749092102, 0.0, 385.8421936035156], [0.0, 0.0, 1.0, 0.0], [0.0, 0.0, 0.0, 1.0]], "pose_inverse": [[-0.6549270749092102, -0.7556920647621155, 0.0, 906.8419799804688], [0.7556920647621155, -0.6549270749092102, 0.0, -457.2281799316406], [0.0, 0.0, 1.0, 0.0], [0.0, 0.0, 0.0, 1.0]], "cam_ids": [0, 1, 2, 3, 4, 5], "cam_channels": ["CAM_FRONT_LEFT", "CAM_FRONT", "CAM_FRONT_RIGHT", "CAM_BACK_LEFT", "CAM_BACK", "CAM_BACK_RIGHT"], "token": "28cd189903114862b13e948cc9ed8a8f", "scene": "scene-0530"}, {"images": ["samples/CAM_FRONT_LEFT/n008-2018-08-30-15-52-26-0400__CAM_FRONT_LEFT__1535658966004799.jpg", "samples/CAM_FRONT/n008-2018-08-30-15-52-26-0400__CAM_FRONT__1535658966012404.jpg", "samples/CAM_FRONT_RIGHT/n008-2018-08-30-15-52-26-0400__CAM_FRONT_RIGHT__1535658966020482.jpg", "samples/CAM_BACK_LEFT/n008-2018-08-30-15-52-26-0400__CAM_BACK_LEFT__1535658966047405.jpg", "samples/CAM_BACK/n008-2018-08-30-15-52-26-0400__CAM_BACK__1535658966037558.jpg", "samples/CAM_BACK_RIGHT/n008-2018-08-30-15-52-26-0400__CAM_BACK_RIGHT__1535658966028113.jpg"], "intrinsics": [[[1257.8625342125129, 0.0, 827.2410631095686], [0.0, 1257.8625342125129, 450.915498205774], [0.0, 0.0, 1.0]], [[1252.8131021185304, 0.0, 826.588114781398], [0.0, 1252.8131021185304, 469.9846626224581], [0.0, 0.0, 1.0]], [[1256.7485116440405, 0.0, 817.7887570959712], [0.0, 1256.7485116440403, 451.9541780095127], [0.0, 0.0, 1.0]], [[1254.9860565800168, 0.0, 829.5769333630991], [0.0, 1254.9860565800168, 467.1680561863987], [0.0, 0.0, 1.0]], [[796.8910634503094, 0.0, 857.7774326863696], [0.0, 796.8910634503094, 476.8848988407415], [0.0, 0.0, 1.0]], [[1249.9629280788233, 0.0, 825.3768045375984], [0.0, 1249.9629280788233, 462.54816385708756], [0.0, 0.0, 1.0]]], "extrinsics": [[[0.8215680122375488, -0.5698369741439819, 0.017656957730650902, -0.8370361328125], [0.016618885099887848, -0.007020497694611549, -0.9998372197151184, 1.4916839599609375], [0.5698682069778442, 0.8217278122901917, 0.0037022382020950317, -1.2184906005859375], [0.0, 0.0, 0.0, 1.0]], [[0.008951155468821526, -0.9998891949653625, 0.011889763176441193, 0.00799560546875], [0.018792539834976196, -0.011719931848347187, -0.9997547268867493, 1.4833526611328125], [0.9997832775115967, 0.009172425605356693, 0.01868555136024952, -1.56573486328125], [0.0, 0.0, 0.0, 1.0]], [[-0.8443728685379028, -0.5356308221817017, -0.011575572192668915, 0.97943115234375], [0.027043603360652924, -0.02103334851562977, -0.9994129538536072, 1.4966697692871094], [0.535072922706604, -0.844190239906311, 0.03224537894129753, -1.20611572265625], [0.0, 0.0, 0.0, 1.0]], [[0.9478628635406494, 0.3186781108379364, -0.00027865369338542223, -1.13519287109375], [0.0021313652396202087, -0.007213823031634092, -0.9999716877937317, 1.5620651245117188], [-0.3186711370944977, 0.9478355646133423, -0.007516936864703894, -0.159423828125], [0.0, 0.0, 0.0, 1.0]], [[0.00956075917929411, 0.999850869178772, -0.014382659457623959, -0.028778076171875], [0.004139357712119818, -0.014422765001654625, -0.9998873472213745, 1.5682916641235352], [-0.9999457001686096, 0.009500036016106606, -0.004276633262634277, -0.01025390625], [0.0, 0.0, 0.0, 1.0]], [[-0.9233361482620239, 0.3833881914615631, -0.02153470180928707, 1.0703125], [0.008110436610877514, -0.03659713640809059, -0.9992972016334534, 1.5486259460449219], [-0.3839067816734314, -0.9228619337081909, 0.030682016164064407, -0.08061981201171875], [0.0, 0.0, 0.0, 1.0]]], "view": [[0.0, -2.0, 100.0], [-2.0, 0.0, 100.0], [0.0, 0.0, 1.0]], "bev": "bev_4c5886b338084193ab447075e2ff38dc.png", "aux": "aux_4c5886b338084193ab447075e2ff38dc.npz", "visibility": "visibility_4c5886b338084193ab447075e2ff38dc.png", "pose": [[-0.6360132098197937, 0.7716781497001648, 0.0, 938.0170288085938], [-0.7716781497001648, -0.6360132098197937, 0.0, 384.1799011230469], [0.0, 0.0, 1.0, 0.0], [0.0, 0.0, 0.0, 1.0]], "pose_inverse": [[-0.6360132098197937, -0.7716781497001648, 0.0, 893.0545043945312], [0.7716781497001648, -0.6360132098197937, 0.0, -479.5037536621094], [0.0, 0.0, 1.0, 0.0], [0.0, 0.0, 0.0, 1.0]], "cam_ids": [0, 1, 2, 3, 4, 5], "cam_channels": ["CAM_FRONT_LEFT", "CAM_FRONT", "CAM_FRONT_RIGHT", "CAM_BACK_LEFT", "CAM_BACK", "CAM_BACK_RIGHT"], "token": "4c5886b338084193ab447075e2ff38dc", "scene": "scene-0530"}, {"images": ["samples/CAM_FRONT_LEFT/n008-2018-08-30-15-52-26-0400__CAM_FRONT_LEFT__1535658966504799.jpg", "samples/CAM_FRONT/n008-2018-08-30-15-52-26-0400__CAM_FRONT__1535658966512404.jpg", "samples/CAM_FRONT_RIGHT/n008-2018-08-30-15-52-26-0400__CAM_FRONT_RIGHT__1535658966520482.jpg", "samples/CAM_BACK_LEFT/n008-2018-08-30-15-52-26-0400__CAM_BACK_LEFT__1535658966547405.jpg", "samples/CAM_BACK/n008-2018-08-30-15-52-26-0400__CAM_BACK__1535658966537558.jpg", "samples/CAM_BACK_RIGHT/n008-2018-08-30-15-52-26-0400__CAM_BACK_RIGHT__1535658966528113.jpg"], "intrinsics": [[[1257.8625342125129, 0.0, 827.2410631095686], [0.0, 1257.8625342125129, 450.915498205774], [0.0, 0.0, 1.0]], [[1252.8131021185304, 0.0, 826.588114781398], [0.0, 1252.8131021185304, 469.9846626224581], [0.0, 0.0, 1.0]], [[1256.7485116440405, 0.0, 817.7887570959712], [0.0, 1256.7485116440403, 451.9541780095127], [0.0, 0.0, 1.0]], [[1254.9860565800168, 0.0, 829.5769333630991], [0.0, 1254.9860565800168, 467.1680561863987], [0.0, 0.0, 1.0]], [[796.8910634503094, 0.0, 857.7774326863696], [0.0, 796.8910634503094, 476.8848988407415], [0.0, 0.0, 1.0]], [[1249.9629280788233, 0.0, 825.3768045375984], [0.0, 1249.9629280788233, 462.54816385708756], [0.0, 0.0, 1.0]]], "extrinsics": [[[0.8212697505950928, -0.5703777074813843, 0.013612577691674232, -0.81488037109375], [0.017011145129799843, 0.000631397299002856, -0.999855101108551, 1.4922151565551758], [0.5702865123748779, 0.8213824033737183, 0.010221323929727077, -1.2031097412109375], [0.0, 0.0, 0.0, 1.0]], [[0.008555049076676369, -0.9999547600746155, 0.0041723912581801414, 0.0081787109375], [0.01897355355322361, -0.004009469412267208, -0.9998119473457336, 1.4838104248046875], [0.999783456325531, 0.00863250344991684, 0.018938392400741577, -1.54290771484375], [0.0, 0.0, 0.0, 1.0]], [[-0.8445448875427246, -0.5352542400360107, -0.015709251165390015, 0.963897705078125], [0.02699957601726055, -0.013265118934214115, -0.9995474219322205, 1.4971542358398438], [0.5348036885261536, -0.8445869088172913, 0.02565462701022625, -1.196044921875], [0.0, 0.0, 0.0, 1.0]], [[0.9479456543922424, 0.3184260427951813, 0.0019701768178492785, -1.1319580078125], [0.002010573400184512, 0.00020179855346214026, -0.9999979734420776, 1.5620688199996948], [-0.31842586398124695, 0.9479477405548096, -0.00044892396545037627, -0.1597900390625], [0.0, 0.0, 0.0, 1.0]], [[0.009790363721549511, 0.9999300241470337, -0.006653270684182644, -0.028533935546875], [0.0040012565441429615, -0.0066927107982337475, -0.9999695420265198, 1.5683155059814453], [-0.9999441504478455, 0.009763474576175213, -0.004066500812768936, -0.0189208984375], [0.0, 0.0, 0.0, 1.0]], [[-0.923241138458252, 0.38377541303634644, -0.018499040976166725, 1.05712890625], [0.008061524480581284, -0.02878778800368309, -0.9995530247688293, 1.5487327575683594], [-0.3841364085674286, -0.9229776859283447, 0.023484256118535995, -0.0859832763671875], [0.0, 0.0, 0.0, 1.0]]], "view": [[0.0, -2.0, 100.0], [-2.0, 0.0, 100.0], [0.0, 0.0, 1.0]], "bev": "bev_370c89de894d4b639b55c6f0709bfca9.png", "aux": "aux_370c89de894d4b639b55c6f0709bfca9.npz", "visibility": "visibility_370c89de894d4b639b55c6f0709bfca9.png", "pose": [[-0.6145418882369995, 0.7888842225074768, 0.0, 936.4552612304688], [-0.7888842225074768, -0.6145418882369995, 0.0, 382.248779296875], [0.0, 0.0, 1.0, 0.0], [0.0, 0.0, 0.0, 1.0]], "pose_inverse": [[-0.6145418882369995, -0.7888842225074768, 0.0, 877.041015625], [0.7888842225074768, -0.6145418882369995, 0.0, -503.84686279296875], [0.0, 0.0, 1.0, 0.0], [0.0, 0.0, 0.0, 1.0]], "cam_ids": [0, 1, 2, 3, 4, 5], "cam_channels": ["CAM_FRONT_LEFT", "CAM_FRONT", "CAM_FRONT_RIGHT", "CAM_BACK_LEFT", "CAM_BACK", "CAM_BACK_RIGHT"], "token": "370c89de894d4b639b55c6f0709bfca9", "scene": "scene-0530"}, {"images": ["samples/CAM_FRONT_LEFT/n008-2018-08-30-15-52-26-0400__CAM_FRONT_LEFT__1535658967004799.jpg", "samples/CAM_FRONT/n008-2018-08-30-15-52-26-0400__CAM_FRONT__1535658967012404.jpg", "samples/CAM_FRONT_RIGHT/n008-2018-08-30-15-52-26-0400__CAM_FRONT_RIGHT__1535658967020482.jpg", "samples/CAM_BACK_LEFT/n008-2018-08-30-15-52-26-0400__CAM_BACK_LEFT__1535658967047405.jpg", "samples/CAM_BACK/n008-2018-08-30-15-52-26-0400__CAM_BACK__1535658967037558.jpg", "samples/CAM_BACK_RIGHT/n008-2018-08-30-15-52-26-0400__CAM_BACK_RIGHT__1535658967028113.jpg"], "intrinsics": [[[1257.8625342125129, 0.0, 827.2410631095686], [0.0, 1257.8625342125129, 450.915498205774], [0.0, 0.0, 1.0]], [[1252.8131021185304, 0.0, 826.588114781398], [0.0, 1252.8131021185304, 469.9846626224581], [0.0, 0.0, 1.0]], [[1256.7485116440405, 0.0, 817.7887570959712], [0.0, 1256.7485116440403, 451.9541780095127], [0.0, 0.0, 1.0]], [[1254.9860565800168, 0.0, 829.5769333630991], [0.0, 1254.9860565800168, 467.1680561863987], [0.0, 0.0, 1.0]], [[796.8910634503094, 0.0, 857.7774326863696], [0.0, 796.8910634503094, 476.8848988407415], [0.0, 0.0, 1.0]], [[1249.9629280788233, 0.0, 825.3768045375984], [0.0, 1249.9629280788233, 462.54816385708756], [0.0, 0.0, 1.0]]], "extrinsics": [[[0.8215364813804626, -0.5699384212493896, 0.015752406790852547, -0.785400390625], [0.01514679379761219, -0.005801844876259565, -0.9998683929443359, 1.4923248291015625], [0.5699549317359924, 0.8216668963432312, 0.0038663125596940517, -1.1854629516601562], [0.0, 0.0, 0.0, 1.0]], [[0.008892453275620937, -0.9999076128005981, 0.010285022668540478, 0.0103759765625], [0.017090192064642906, -0.010131954215466976, -0.9998025894165039, 1.4839706420898438], [0.9998143911361694, 0.009066415950655937, 0.016998514533042908, -1.51397705078125], [0.0, 0.0, 0.0, 1.0]], [[-0.8444350957870483, -0.5355449914932251, -0.010993300937116146, 0.9449462890625], [0.025096528232097626, -0.019054513424634933, -0.9995033740997314, 1.4974822998046875], [0.5350695848464966, -0.8442918062210083, 0.02953062206506729, -1.18243408203125], [0.0, 0.0, 0.0, 1.0]], [[0.9478508234024048, 0.31870901584625244, -0.0018412066856399179, -1.12890625], [-0.0003840377612505108, -0.0046348790638148785, -0.9999891519546509, 1.562041997909546], [-0.3187141418457031, 0.9478412866592407, -0.004270778503268957, -0.16204833984375], [0.0, 0.0, 0.0, 1.0]], [[0.009566782973706722, 0.9998841285705566, -0.011842530220746994, -0.02935791015625], [0.001806318643502891, -0.011860331520438194, -0.9999279975891113, 1.568211555480957], [-0.9999526739120483, 0.00954463891685009, -0.0019195753848180175, -0.03009033203125], [0.0, 0.0, 0.0, 1.0]], [[-0.9233502745628357, 0.3835022449493408, -0.01871638186275959, 1.04022216796875], [0.006009889766573906, -0.03430435433983803, -0.9993933439254761, 1.5486507415771484], [-0.3839116394519806, -0.9229025840759277, 0.029370129108428955, -0.09185791015625], [0.0, 0.0, 0.0, 1.0]]], "view": [[0.0, -2.0, 100.0], [-2.0, 0.0, 100.0], [0.0, 0.0, 1.0]], "bev": "bev_5c61c26f152f47fc874e97dbe1cb7511.png", "aux": "aux_5c61c26f152f47fc874e97dbe1cb7511.npz", "visibility": "visibility_5c61c26f152f47fc874e97dbe1cb7511.png", "pose": [[-0.6004136800765991, 0.7996895909309387, 0.0, 934.7252807617188], [-0.7996895909309387, -0.6004136800765991, 0.0, 380.0270080566406], [0.0, 0.0, 1.0, 0.0], [0.0, 0.0, 0.0, 1.0]], "pose_inverse": [[-0.6004136800765991, -0.7996895909309387, 0.0, 865.12548828125], [0.7996895909309387, -0.6004136800765991, 0.0, -519.316650390625], [0.0, 0.0, 1.0, 0.0], [0.0, 0.0, 0.0, 1.0]], "cam_ids": [0, 1, 2, 3, 4, 5], "cam_channels": ["CAM_FRONT_LEFT", "CAM_FRONT", "CAM_FRONT_RIGHT", "CAM_BACK_LEFT", "CAM_BACK", "CAM_BACK_RIGHT"], "token": "5c61c26f152f47fc874e97dbe1cb7511", "scene": "scene-0530"}, {"images": ["samples/CAM_FRONT_LEFT/n008-2018-08-30-15-52-26-0400__CAM_FRONT_LEFT__1535658967504799.jpg", "samples/CAM_FRONT/n008-2018-08-30-15-52-26-0400__CAM_FRONT__1535658967512404.jpg", "samples/CAM_FRONT_RIGHT/n008-2018-08-30-15-52-26-0400__CAM_FRONT_RIGHT__1535658967520482.jpg", "samples/CAM_BACK_LEFT/n008-2018-08-30-15-52-26-0400__CAM_BACK_LEFT__1535658967547405.jpg", "samples/CAM_BACK/n008-2018-08-30-15-52-26-0400__CAM_BACK__1535658967537558.jpg", "samples/CAM_BACK_RIGHT/n008-2018-08-30-15-52-26-0400__CAM_BACK_RIGHT__1535658967528113.jpg"], "intrinsics": [[[1257.8625342125129, 0.0, 827.2410631095686], [0.0, 1257.8625342125129, 450.915498205774], [0.0, 0.0, 1.0]], [[1252.8131021185304, 0.0, 826.588114781398], [0.0, 1252.8131021185304, 469.9846626224581], [0.0, 0.0, 1.0]], [[1256.7485116440405, 0.0, 817.7887570959712], [0.0, 1256.7485116440403, 451.9541780095127], [0.0, 0.0, 1.0]], [[1254.9860565800168, 0.0, 829.5769333630991], [0.0, 1254.9860565800168, 467.1680561863987], [0.0, 0.0, 1.0]], [[796.8910634503094, 0.0, 857.7774326863696], [0.0, 796.8910634503094, 476.8848988407415], [0.0, 0.0, 1.0]], [[1249.9629280788233, 0.0, 825.3768045375984], [0.0, 1249.9629280788233, 462.54816385708756], [0.0, 0.0, 1.0]]], "extrinsics": [[[0.8219789266586304, -0.569421112537384, 0.010501384735107422, -0.76934814453125], [0.00569609459489584, -0.010218440555036068, -0.9999315142631531, 1.48992919921875], [0.5694894790649414, 0.8219824433326721, -0.005155866499990225, -1.1702041625976562], [0.0, 0.0, 0.0, 1.0]], [[0.009483483619987965, -0.9998509287834167, 0.014425413683056831, 0.0076904296875], [0.007542629260569811, -0.01435412559658289, -0.9998685717582703, 1.4819660186767578], [0.9999265670776367, 0.009591088630259037, 0.0074053797870874405, -1.49639892578125], [0.0, 0.0, 0.0, 1.0]], [[-0.844294548034668, -0.5358788967132568, -0.0006818909896537662, 0.932891845703125], [0.015448450110852718, -0.023067552596330643, -0.9996145367622375, 1.4959583282470703], [0.5356565117835999, -0.8439797163009644, 0.02775430865585804, -1.1773681640625], [0.0, 0.0, 0.0, 1.0]], [[0.9478936195373535, 0.31835994124412537, -0.012025231495499611, -1.131591796875], [-0.010064597241580486, -0.007802767213433981, -0.9999188780784607, 1.561910629272461], [-0.3184279203414917, 0.9479377865791321, -0.004192029125988483, -0.15960693359375], [0.0, 0.0, 0.0, 1.0]], [[0.009418786503374577, 0.9998361468315125, -0.01546043623238802, -0.0279541015625], [-0.0078844940289855, -0.015386383049190044, -0.9998505115509033, 1.5674498081207275], [-0.9999245405197144, 0.009539234451949596, 0.007738281041383743, -0.032958984375], [0.0, 0.0, 0.0, 1.0]], [[-0.9235977530479431, 0.3831974267959595, -0.011261587031185627, 1.032958984375], [-0.003634785069152713, -0.03812761232256889, -0.9992662668228149, 1.5473098754882812], [-0.38334566354751587, -0.922879159450531, 0.036607418209314346, -0.0966796875], [0.0, 0.0, 0.0, 1.0]]], "view": [[0.0, -2.0, 100.0], [-2.0, 0.0, 100.0], [0.0, 0.0, 1.0]], "bev": "bev_1f85dedc3b5e487a93b6e98e5a4330e7.png", "aux": "aux_1f85dedc3b5e487a93b6e98e5a4330e7.npz", "visibility": "visibility_1f85dedc3b5e487a93b6e98e5a4330e7.png", "pose": [[-0.5877822041511536, 0.8090192079544067, 0.0, 932.8557739257812], [-0.8090192079544067, -0.5877822041511536, 0.0, 377.5145568847656], [0.0, 0.0, 1.0, 0.0], [0.0, 0.0, 0.0, 1.0]], "pose_inverse": [[-0.5877822041511536, -0.8090192079544067, 0.0, 853.7325439453125], [0.8090192079544067, -0.5877822041511536, 0.0, -532.8018798828125], [0.0, 0.0, 1.0, 0.0], [0.0, 0.0, 0.0, 1.0]], "cam_ids": [0, 1, 2, 3, 4, 5], "cam_channels": ["CAM_FRONT_LEFT", "CAM_FRONT", "CAM_FRONT_RIGHT", "CAM_BACK_LEFT", "CAM_BACK", "CAM_BACK_RIGHT"], "token": "1f85dedc3b5e487a93b6e98e5a4330e7", "scene": "scene-0530"}, {"images": ["samples/CAM_FRONT_LEFT/n008-2018-08-30-15-52-26-0400__CAM_FRONT_LEFT__1535658968004799.jpg", "samples/CAM_FRONT/n008-2018-08-30-15-52-26-0400__CAM_FRONT__1535658968012404.jpg", "samples/CAM_FRONT_RIGHT/n008-2018-08-30-15-52-26-0400__CAM_FRONT_RIGHT__1535658968020482.jpg", "samples/CAM_BACK_LEFT/n008-2018-08-30-15-52-26-0400__CAM_BACK_LEFT__1535658968047405.jpg", "samples/CAM_BACK/n008-2018-08-30-15-52-26-0400__CAM_BACK__1535658968037558.jpg", "samples/CAM_BACK_RIGHT/n008-2018-08-30-15-52-26-0400__CAM_BACK_RIGHT__1535658968028113.jpg"], "intrinsics": [[[1257.8625342125129, 0.0, 827.2410631095686], [0.0, 1257.8625342125129, 450.915498205774], [0.0, 0.0, 1.0]], [[1252.8131021185304, 0.0, 826.588114781398], [0.0, 1252.8131021185304, 469.9846626224581], [0.0, 0.0, 1.0]], [[1256.7485116440405, 0.0, 817.7887570959712], [0.0, 1256.7485116440403, 451.9541780095127], [0.0, 0.0, 1.0]], [[1254.9860565800168, 0.0, 829.5769333630991], [0.0, 1254.9860565800168, 467.1680561863987], [0.0, 0.0, 1.0]], [[796.8910634503094, 0.0, 857.7774326863696], [0.0, 796.8910634503094, 476.8848988407415], [0.0, 0.0, 1.0]], [[1249.9629280788233, 0.0, 825.3768045375984], [0.0, 1249.9629280788233, 462.54816385708756], [0.0, 0.0, 1.0]]], "extrinsics": [[[0.8222629427909851, -0.5691007971763611, 0.002822295995429158, -0.76153564453125], [-0.0011454294435679913, -0.006614075042307377, -0.9999774694442749, 1.4879741668701172], [0.5691065788269043, 0.8222411870956421, -0.00609037559479475, -1.1675453186035156], [0.0, 0.0, 0.0, 1.0]], [[0.009890285320580006, -0.9998944401741028, 0.010646683163940907, 0.009765625], [0.000613355718087405, -0.010641137138009071, -0.999943196773529, 1.4803366661071777], [0.9999509453773499, 0.009896345436573029, 0.0005080470582470298, -1.49066162109375], [0.0, 0.0, 0.0, 1.0]], [[-0.8441665768623352, -0.5360714793205261, 0.003199915634468198, 0.93060302734375], [0.008427350781857967, -0.019238661974668503, -0.9997794032096863, 1.4947071075439453], [0.5360147953033447, -0.8439533710479736, 0.020758293569087982, -1.17413330078125], [0.0, 0.0, 0.0, 1.0]], [[0.9477338194847107, 0.3185589015483856, -0.017912087962031364, -1.13226318359375], [-0.017502812668681145, -0.004147374536842108, -0.9998381733894348, 1.56182861328125], [-0.3185817003250122, 0.9478940367698669, 0.0016450713155791163, -0.1602783203125], [0.0, 0.0, 0.0, 1.0]], [[0.009209026582539082, 0.9998892545700073, -0.011693842709064484, -0.0289306640625], [-0.015202966518700123, -0.011552983894944191, -0.9998176693916321, 1.566889762878418], [-0.99984210729599, 0.009385153651237488, 0.01509489119052887, -0.03326416015625], [0.0, 0.0, 0.0, 1.0]], [[-0.9236994981765747, 0.38310477137565613, -0.003142652567476034, 1.03082275390625], [-0.01080058142542839, -0.034238990396261215, -0.9993553161621094, 1.546335220336914], [-0.3829653561115265, -0.9230700731277466, 0.03576429560780525, -0.0963134765625], [0.0, 0.0, 0.0, 1.0]]], "view": [[0.0, -2.0, 100.0], [-2.0, 0.0, 100.0], [0.0, 0.0, 1.0]], "bev": "bev_ba75741f0e1a4659862a73f7040b53af.png", "aux": "aux_ba75741f0e1a4659862a73f7040b53af.npz", "visibility": "visibility_ba75741f0e1a4659862a73f7040b53af.png", "pose": [[-0.5807480216026306, 0.8140833973884583, 0.0, 930.938232421875], [-0.8140833973884583, -0.5807480216026306, 0.0, 374.8877258300781], [0.0, 0.0, 1.0, 0.0], [0.0, 0.0, 0.0, 1.0]], "pose_inverse": [[-0.5807480216026306, -0.8140833973884583, 0.0, 845.8303833007812], [0.8140833973884583, -0.5807480216026306, 0.0, -540.1460571289062], [0.0, 0.0, 1.0, 0.0], [0.0, 0.0, 0.0, 1.0]], "cam_ids": [0, 1, 2, 3, 4, 5], "cam_channels": ["CAM_FRONT_LEFT", "CAM_FRONT", "CAM_FRONT_RIGHT", "CAM_BACK_LEFT", "CAM_BACK", "CAM_BACK_RIGHT"], "token": "ba75741f0e1a4659862a73f7040b53af", "scene": "scene-0530"}, {"images": ["samples/CAM_FRONT_LEFT/n008-2018-08-30-15-52-26-0400__CAM_FRONT_LEFT__1535658968504799.jpg", "samples/CAM_FRONT/n008-2018-08-30-15-52-26-0400__CAM_FRONT__1535658968512404.jpg", "samples/CAM_FRONT_RIGHT/n008-2018-08-30-15-52-26-0400__CAM_FRONT_RIGHT__1535658968520482.jpg", "samples/CAM_BACK_LEFT/n008-2018-08-30-15-52-26-0400__CAM_BACK_LEFT__1535658968547415.jpg", "samples/CAM_BACK/n008-2018-08-30-15-52-26-0400__CAM_BACK__1535658968537558.jpg", "samples/CAM_BACK_RIGHT/n008-2018-08-30-15-52-26-0400__CAM_BACK_RIGHT__1535658968528113.jpg"], "intrinsics": [[[1257.8625342125129, 0.0, 827.2410631095686], [0.0, 1257.8625342125129, 450.915498205774], [0.0, 0.0, 1.0]], [[1252.8131021185304, 0.0, 826.588114781398], [0.0, 1252.8131021185304, 469.9846626224581], [0.0, 0.0, 1.0]], [[1256.7485116440405, 0.0, 817.7887570959712], [0.0, 1256.7485116440403, 451.9541780095127], [0.0, 0.0, 1.0]], [[1254.9860565800168, 0.0, 829.5769333630991], [0.0, 1254.9860565800168, 467.1680561863987], [0.0, 0.0, 1.0]], [[796.8910634503094, 0.0, 857.7774326863696], [0.0, 796.8910634503094, 476.8848988407415], [0.0, 0.0, 1.0]], [[1249.9629280788233, 0.0, 825.3768045375984], [0.0, 1249.9629280788233, 462.54816385708756], [0.0, 0.0, 1.0]]], "extrinsics": [[[0.8237588405609131, -0.5669046640396118, 0.00636319350451231, -0.77276611328125], [-0.0033758170902729034, -0.016128264367580414, -0.9998642206192017, 1.4873638153076172], [0.5669302940368652, 0.8236255049705505, -0.015199569053947926, -1.1747970581054688], [0.0, 0.0, 0.0, 1.0]], [[0.012078462168574333, -0.9997173547744751, 0.02047664113342762, 0.00897216796875], [-0.0015017044497653842, -0.020496245473623276, -0.999788761138916, 1.4798316955566406], [0.9999259114265442, 0.012045193463563919, -0.0017488455632701516, -1.50238037109375], [0.0, 0.0, 0.0, 1.0]], [[-0.8432274460792542, -0.5374562740325928, 0.010400736704468727, 0.938323974609375], [0.006439387332648039, -0.029445892199873924, -0.9995456337928772, 1.4942550659179688], [0.537518322467804, -0.8427773714065552, 0.02829047664999962, -1.17974853515625], [0.0, 0.0, 0.0, 1.0]], [[0.9476701617240906, 0.3184130787849426, -0.023115402087569237, -1.13421630859375], [-0.019304266199469566, -0.015119899995625019, -0.9996992945671082, 1.561842918395996], [-0.31866684556007385, 0.9478315114974976, -0.008181947283446789, -0.15899658203125], [0.0, 0.0, 0.0, 1.0]], [[0.008441828191280365, 0.9997110962867737, -0.022505098953843117, -0.0283203125], [-0.01705957017838955, -0.022358641028404236, -0.9996044635772705, 1.5668226480484009], [-0.9998189210891724, 0.008822469972074032, 0.016865896061062813, -0.02825927734375], [0.0, 0.0, 0.0, 1.0]], [[-0.9242112040519714, 0.3818441331386566, -0.0053522707894444466, 1.0379638671875], [-0.012714776210486889, -0.044776394963264465, -0.9989160895347595, 1.546142578125], [-0.38166990876197815, -0.923141360282898, 0.04623790830373764, -0.09393310546875], [0.0, 0.0, 0.0, 1.0]]], "view": [[0.0, -2.0, 100.0], [-2.0, 0.0, 100.0], [0.0, 0.0, 1.0]], "bev": "bev_5edd66f2d8544ea89d9bfbe1c1df772a.png", "aux": "aux_5edd66f2d8544ea89d9bfbe1c1df772a.npz", "visibility": "visibility_5edd66f2d8544ea89d9bfbe1c1df772a.png", "pose": [[-0.590888500213623, 0.8067532181739807, 0.0, 929.046630859375], [-0.8067532181739807, -0.590888500213623, 0.0, 372.30255126953125], [0.0, 0.0, 1.0, 0.0], [0.0, 0.0, 0.0, 1.0]], "pose_inverse": [[-0.590888500213623, -0.8067532181739807, 0.0, 849.3192749023438], [0.8067532181739807, -0.590888500213623, 0.0, -529.5220336914062], [0.0, 0.0, 1.0, 0.0], [0.0, 0.0, 0.0, 1.0]], "cam_ids": [0, 1, 2, 3, 4, 5], "cam_channels": ["CAM_FRONT_LEFT", "CAM_FRONT", "CAM_FRONT_RIGHT", "CAM_BACK_LEFT", "CAM_BACK", "CAM_BACK_RIGHT"], "token": "5edd66f2d8544ea89d9bfbe1c1df772a", "scene": "scene-0530"}, {"images": ["samples/CAM_FRONT_LEFT/n008-2018-08-30-15-52-26-0400__CAM_FRONT_LEFT__1535658968904799.jpg", "samples/CAM_FRONT/n008-2018-08-30-15-52-26-0400__CAM_FRONT__1535658968912404.jpg", "samples/CAM_FRONT_RIGHT/n008-2018-08-30-15-52-26-0400__CAM_FRONT_RIGHT__1535658968920482.jpg", "samples/CAM_BACK_LEFT/n008-2018-08-30-15-52-26-0400__CAM_BACK_LEFT__1535658968947405.jpg", "samples/CAM_BACK/n008-2018-08-30-15-52-26-0400__CAM_BACK__1535658968937558.jpg", "samples/CAM_BACK_RIGHT/n008-2018-08-30-15-52-26-0400__CAM_BACK_RIGHT__1535658968928113.jpg"], "intrinsics": [[[1257.8625342125129, 0.0, 827.2410631095686], [0.0, 1257.8625342125129, 450.915498205774], [0.0, 0.0, 1.0]], [[1252.8131021185304, 0.0, 826.588114781398], [0.0, 1252.8131021185304, 469.9846626224581], [0.0, 0.0, 1.0]], [[1256.7485116440405, 0.0, 817.7887570959712], [0.0, 1256.7485116440403, 451.9541780095127], [0.0, 0.0, 1.0]], [[1254.9860565800168, 0.0, 829.5769333630991], [0.0, 1254.9860565800168, 467.1680561863987], [0.0, 0.0, 1.0]], [[796.8910634503094, 0.0, 857.7774326863696], [0.0, 796.8910634503094, 476.8848988407415], [0.0, 0.0, 1.0]], [[1249.9629280788233, 0.0, 825.3768045375984], [0.0, 1249.9629280788233, 462.54816385708756], [0.0, 0.0, 1.0]]], "extrinsics": [[[0.8243205547332764, -0.5660063028335571, 0.011508487164974213, -0.77093505859375], [-0.001793672563508153, -0.02293967641890049, -0.9997352361679077, 1.4877986907958984], [0.566120445728302, 0.8240817785263062, -0.01992487721145153, -1.1732711791992188], [0.0, 0.0, 0.0, 1.0]], [[0.012828986160457134, -0.9995509386062622, 0.02708136849105358, 0.0086669921875], [0.00033761191298253834, -0.02707926370203495, -0.999633252620697, 1.4802541732788086], [0.9999176859855652, 0.012833400629460812, -9.938677067111712e-06, -1.50030517578125], [0.0, 0.0, 0.0, 1.0]], [[-0.8429017663002014, -0.5379326939582825, 0.012045164592564106, 0.93768310546875], [0.008555488660931587, -0.03578225523233414, -0.9993229508399963, 1.4946269989013672], [0.5379994511604309, -0.8422280550003052, 0.03476320579648018, -1.17987060546875], [0.0, 0.0, 0.0, 1.0]], [[0.9476928114891052, 0.31843113899230957, -0.021908370777964592, -1.1390380859375], [-0.016153378412127495, -0.020702676847577095, -0.9996551871299744, 1.5619484186172485], [-0.3187749981880188, 0.9477198719978333, -0.01447603665292263, -0.15692138671875], [0