[{"images": ["samples/CAM_FRONT_LEFT/n008-2018-08-28-16-16-48-0400__CAM_FRONT_LEFT__1535487463754799.jpg", "samples/CAM_FRONT/n008-2018-08-28-16-16-48-0400__CAM_FRONT__1535487463762404.jpg", "samples/CAM_FRONT_RIGHT/n008-2018-08-28-16-16-48-0400__CAM_FRONT_RIGHT__1535487463770482.jpg", "samples/CAM_BACK_LEFT/n008-2018-08-28-16-16-48-0400__CAM_BACK_LEFT__1535487463797405.jpg", "samples/CAM_BACK/n008-2018-08-28-16-16-48-0400__CAM_BACK__1535487463787558.jpg", "samples/CAM_BACK_RIGHT/n008-2018-08-28-16-16-48-0400__CAM_BACK_RIGHT__1535487463778113.jpg"], "intrinsics": [[[1257.8625342125129, 0.0, 827.2410631095686], [0.0, 1257.8625342125129, 450.915498205774], [0.0, 0.0, 1.0]], [[1252.8131021185304, 0.0, 826.588114781398], [0.0, 1252.8131021185304, 469.9846626224581], [0.0, 0.0, 1.0]], [[1256.7485116440405, 0.0, 817.7887570959712], [0.0, 1256.7485116440403, 451.9541780095127], [0.0, 0.0, 1.0]], [[1254.9860565800168, 0.0, 829.5769333630991], [0.0, 1254.9860565800168, 467.1680561863987], [0.0, 0.0, 1.0]], [[796.8910634503094, 0.0, 857.7774326863696], [0.0, 796.8910634503094, 476.8848988407415], [0.0, 0.0, 1.0]], [[1249.9629280788233, 0.0, 825.3768045375984], [0.0, 1249.9629280788233, 462.54816385708756], [0.0, 0.0, 1.0]]], "extrinsics": [[[0.8214046955108643, -0.5701764225959778, -0.013905897736549377, -0.90234375], [0.003642451483756304, 0.029625268653035164, -0.999554455280304, 1.4887275695800781], [0.5703343152999878, 0.8209879994392395, 0.02641117200255394, -1.262939453125], [0.0, 0.0, 0.0, 1.0]], [[0.008587050251662731, -0.9996402263641357, -0.025409677997231483, 0.0069580078125], [0.005622627213597298, 0.025458479300141335, -0.999660074710846, 1.4807319641113281], [0.9999473094940186, 0.008441254496574402, 0.005839216988533735, -1.6318359375], [0.0, 0.0, 0.0, 1.0]], [[-0.8447056412696838, -0.5348395109176636, -0.020473117008805275, 1.02294921875], [0.01365067157894373, 0.016710719093680382, -0.9997671246528625, 1.4941596984863281], [0.5350571870803833, -0.8447884321212769, -0.00681472010910511, -1.2342681884765625], [0.0, 0.0, 0.0, 1.0]], [[0.947864830493927, 0.31867146492004395, -0.0009346097940579057, -1.14501953125], [-0.011676114983856678, 0.0317985899746418, -0.9994261264801025, 1.5620508193969727], [-0.3184588551521301, 0.9473317265510559, 0.033861611038446426, -0.15582275390625], [0.0, 0.0, 0.0, 1.0]], [[0.009711717255413532, 0.9996597170829773, 0.024210244417190552, -0.02880859375], [-0.009568925015628338, 0.02430318482220173, -0.9996588230133057, 1.5677800178527832], [-0.9999071955680847, 0.009476719424128532, 0.009801695123314857, 0.015625], [0.0, 0.0, 0.0, 1.0]], [[-0.9233866333961487, 0.3838299810886383, 0.005626002326607704, 1.1072998046875], [-0.005412810482084751, 0.0016356087289750576, -0.9999840259552002, 1.5474987030029297], [-0.38383302092552185, -0.9234023690223694, 0.0005672997795045376, -0.0655517578125], [0.0, 0.0, 0.0, 1.0]]], "view": [[0.0, -2.0, 100.0], [-2.0, 0.0, 100.0], [0.0, 0.0, 1.0]], "bev": "bev_6f109918e00d49a583bff3efd4af992e.png", "aux": "aux_6f109918e00d49a583bff3efd4af992e.npz", "visibility": "visibility_6f109918e00d49a583bff3efd4af992e.png", "pose": [[0.9892942905426025, 0.1459343433380127, 0.0, 2259.953369140625], [-0.1459343433380127, 0.9892942905426025, 0.0, 859.7811889648438], [0.0, 0.0, 1.0, 0.0], [0.0, 0.0, 0.0, 1.0]], "pose_inverse": [[0.9892942905426025, -0.1459343433380127, 0.0, -2110.287353515625], [0.1459343433380127, 0.9892942905426025, 0.0, -1180.3814697265625], [0.0, 0.0, 1.0, 0.0], [0.0, 0.0, 0.0, 1.0]], "cam_ids": [0, 1, 2, 3, 4, 5], "cam_channels": ["CAM_FRONT_LEFT", "CAM_FRONT", "CAM_FRONT_RIGHT", "CAM_BACK_LEFT", "CAM_BACK", "CAM_BACK_RIGHT"], "token": "6f109918e00d49a583bff3efd4af992e", "scene": "scene-0665"}, {"images": ["samples/CAM_FRONT_LEFT/n008-2018-08-28-16-16-48-0400__CAM_FRONT_LEFT__1535487464254799.jpg", "samples/CAM_FRONT/n008-2018-08-28-16-16-48-0400__CAM_FRONT__1535487464262404.jpg", "samples/CAM_FRONT_RIGHT/n008-2018-08-28-16-16-48-0400__CAM_FRONT_RIGHT__1535487464270482.jpg", "samples/CAM_BACK_LEFT/n008-2018-08-28-16-16-48-0400__CAM_BACK_LEFT__1535487464297405.jpg", "samples/CAM_BACK/n008-2018-08-28-16-16-48-0400__CAM_BACK__1535487464287558.jpg", "samples/CAM_BACK_RIGHT/n008-2018-08-28-16-16-48-0400__CAM_BACK_RIGHT__1535487464278113.jpg"], "intrinsics": [[[1257.8625342125129, 0.0, 827.2410631095686], [0.0, 1257.8625342125129, 450.915498205774], [0.0, 0.0, 1.0]], [[1252.8131021185304, 0.0, 826.588114781398], [0.0, 1252.8131021185304, 469.9846626224581], [0.0, 0.0, 1.0]], [[1256.7485116440405, 0.0, 817.7887570959712], [0.0, 1256.7485116440403, 451.9541780095127], [0.0, 0.0, 1.0]], [[1254.9860565800168, 0.0, 829.5769333630991], [0.0, 1254.9860565800168, 467.1680561863987], [0.0, 0.0, 1.0]], [[796.8910634503094, 0.0, 857.7774326863696], [0.0, 796.8910634503094, 476.8848988407415], [0.0, 0.0, 1.0]], [[1249.9629280788233, 0.0, 825.3768045375984], [0.0, 1249.9629280788233, 462.54816385708756], [0.0, 0.0, 1.0]]], "extrinsics": [[[0.8205471038818359, -0.5713822245597839, -0.014991769567131996, -0.9102783203125], [0.0037531971465796232, 0.03161429241299629, -0.9994930624961853, 1.4887123107910156], [0.5715665817260742, 0.8200748562812805, 0.028085527941584587, -1.267822265625], [0.0, 0.0, 0.0, 1.0]], [[0.007383409887552261, -0.9995940327644348, -0.027516309171915054, 0.00634765625], [0.005654907785356045, 0.027558356523513794, -0.9996042251586914, 1.4806861877441406], [0.9999566674232483, 0.007224885281175375, 0.005856087431311607, -1.640625], [0.0, 0.0, 0.0, 1.0]], [[-0.8451807498931885, -0.5340447425842285, -0.021576762199401855, 1.029541015625], [0.013576281256973743, 0.018905719742178917, -0.9997290968894958, 1.4940414428710938], [0.5343080163002014, -0.8452447652816772, -0.008728410117328167, -1.2390289306640625], [0.0, 0.0, 0.0, 1.0]], [[0.9478391408920288, 0.31874823570251465, -0.0007125011179596186, -1.14697265625], [-0.01225605234503746, 0.03421112895011902, -0.9993394613265991, 1.5620784759521484], [-0.31851333379745483, 0.9472217559814453, 0.036333244293928146, -0.155303955078125], [0.0, 0.0, 0.0, 1.0]], [[0.009996761567890644, 0.9995969533920288, 0.026570739224553108, -0.0286865234375], [-0.009972660802304745, 0.026670407503843307, -0.999594509601593, 1.5678143501281738], [-0.9999002814292908, 0.009727727621793747, 0.010235259309411049, 0.019775390625], [0.0, 0.0, 0.0, 1.0]], [[-0.9231504201889038, 0.3843802511692047, 0.006720812059938908, 1.113525390625], [-0.00564749538898468, 0.003921024966984987, -0.9999763369560242, 1.547523021697998], [-0.3843974769115448, -0.9231665134429932, -0.001448910916224122, -0.063232421875], [0.0, 0.0, 0.0, 1.0]]], "view": [[0.0, -2.0, 100.0], [-2.0, 0.0, 100.0], [0.0, 0.0, 1.0]], "bev": "bev_71c35c59cd0a47df9322dfd69c758bd8.png", "aux": "aux_71c35c59cd0a47df9322dfd69c758bd8.npz", "visibility": "visibility_71c35c59cd0a47df9322dfd69c758bd8.png", "pose": [[0.9935219287872314, 0.11364035308361053, 0.0, 2261.343505859375], [-0.11364035308361053, 0.9935219287872314, 0.0, 859.5899047851562], [0.0, 0.0, 1.0, 0.0], [0.0, 0.0, 0.0, 1.0]], "pose_inverse": [[0.9935219287872314, -0.11364035308361053, 0.0, -2149.01025390625], [0.11364035308361053, 0.9935219287872314, 0.0, -1111.0013427734375], [0.0, 0.0, 1.0, 0.0], [0.0, 0.0, 0.0, 1.0]], "cam_ids": [0, 1, 2, 3, 4, 5], "cam_channels": ["CAM_FRONT_LEFT", "CAM_FRONT", "CAM_FRONT_RIGHT", "CAM_BACK_LEFT", "CAM_BACK", "CAM_BACK_RIGHT"], "token": "71c35c59cd0a47df9322dfd69c758bd8", "scene": "scene-0665"}, {"images": ["samples/CAM_FRONT_LEFT/n008-2018-08-28-16-16-48-0400__CAM_FRONT_LEFT__1535487464754799.jpg", "samples/CAM_FRONT/n008-2018-08-28-16-16-48-0400__CAM_FRONT__1535487464762404.jpg", "samples/CAM_FRONT_RIGHT/n008-2018-08-28-16-16-48-0400__CAM_FRONT_RIGHT__1535487464770482.jpg", "samples/CAM_BACK_LEFT/n008-2018-08-28-16-16-48-0400__CAM_BACK_LEFT__1535487464797405.jpg", "samples/CAM_BACK/n008-2018-08-28-16-16-48-0400__CAM_BACK__1535487464787558.jpg", "samples/CAM_BACK_RIGHT/n008-2018-08-28-16-16-48-0400__CAM_BACK_RIGHT__1535487464778113.jpg"], "intrinsics": [[[1257.8625342125129, 0.0, 827.2410631095686], [0.0, 1257.8625342125129, 450.915498205774], [0.0, 0.0, 1.0]], [[1252.8131021185304, 0.0, 826.588114781398], [0.0, 1252.8131021185304, 469.9846626224581], [0.0, 0.0, 1.0]], [[1256.7485116440405, 0.0, 817.7887570959712], [0.0, 1256.7485116440403, 451.9541780095127], [0.0, 0.0, 1.0]], [[1254.9860565800168, 0.0, 829.5769333630991], [0.0, 1254.9860565800168, 467.1680561863987], [0.0, 0.0, 1.0]], [[796.8910634503094, 0.0, 857.7774326863696], [0.0, 796.8910634503094, 476.8848988407415], [0.0, 0.0, 1.0]], [[1249.9629280788233, 0.0, 825.3768045375984], [0.0, 1249.9629280788233, 462.54816385708756], [0.0, 0.0, 1.0]]], "extrinsics": [[[0.819305956363678, -0.573057234287262, -0.018522130325436592, -0.9144287109375], [0.0010114330798387527, 0.033749230206012726, -0.9994297623634338, 1.48834228515625], [0.5733556151390076, 0.818820059299469, 0.02823055349290371, -1.2724609375], [0.0, 0.0, 0.0, 1.0]], [[0.00559218181297183, -0.9995468258857727, -0.029576973989605904, 0.00732421875], [0.002884494373574853, 0.029593437910079956, -0.9995578527450562, 1.4803810119628906], [0.9999801516532898, 0.0055043939501047134, 0.0030486800242215395, -1.6455078125], [0.0, 0.0, 0.0, 1.0]], [[-0.8459395170211792, -0.5328937768936157, -0.020260026678442955, 1.03369140625], [0.01081465557217598, 0.020840728655457497, -0.999724268913269, 1.4937820434570312], [0.5331690907478333, -0.8459254503250122, -0.011866934597492218, -1.240447998046875], [0.0, 0.0, 0.0, 1.0]], [[0.947795569896698, 0.31886929273605347, -0.0024518254213035107, -1.147216796875], [-0.014667719602584839, 0.03591445833444595, -0.9992472529411316, 1.5620900392532349], [-0.31854119896888733, 0.9471179842948914, 0.03871665149927139, -0.1550445556640625], [0.0, 0.0, 0.0, 1.0]], [[0.01047615148127079, 0.9995437860488892, 0.028326325118541718, -0.0289306640625], [-0.012531070969998837, 0.02845688723027706, -0.9995164275169373, 1.5677627325057983], [-0.9998666048049927, 0.010116125456988811, 0.012823473662137985, 0.021240234375], [0.0, 0.0, 0.0, 1.0]], [[-0.9227775931358337, 0.38520485162734985, 0.009931360371410847, 1.115966796875], [-0.008339564315974712, 0.005802844185382128, -0.9999483823776245, 1.5474071502685547], [-0.3852425813674927, -0.9228127598762512, -0.0021422933787107468, -0.0615234375], [0.0, 0.0, 0.0, 1.0]]], "view": [[0.0, -2.0, 100.0], [-2.0, 0.0, 100.0], [0.0, 0.0, 1.0]], "bev": "bev_539e46e59fb943b0a1df493004907c1f.png", "aux": "aux_539e46e59fb943b0a1df493004907c1f.npz", "visibility": "visibility_539e46e59fb943b0a1df493004907c1f.png", "pose": [[0.9981300830841064, 0.06112520024180412, 0.0, 2262.661865234375], [-0.06112520024180412, 0.9981300830841064, 0.0, 859.463623046875], [0.0, 0.0, 1.0, 0.0], [0.0, 0.0, 0.0, 1.0]], "pose_inverse": [[0.9981300830841064, -0.06112520024180412, 0.0, -2205.89599609375], [0.06112520024180412, 0.9981300830841064, 0.0, -996.1621704101562], [0.0, 0.0, 1.0, 0.0], [0.0, 0.0, 0.0, 1.0]], "cam_ids": [0, 1, 2, 3, 4, 5], "cam_channels": ["CAM_FRONT_LEFT", "CAM_FRONT", "CAM_FRONT_RIGHT", "CAM_BACK_LEFT", "CAM_BACK", "CAM_BACK_RIGHT"], "token": "539e46e59fb943b0a1df493004907c1f", "scene": "scene-0665"}, {"images": ["samples/CAM_FRONT_LEFT/n008-2018-08-28-16-16-48-0400__CAM_FRONT_LEFT__1535487465254799.jpg", "samples/CAM_FRONT/n008-2018-08-28-16-16-48-0400__CAM_FRONT__1535487465262404.jpg", "samples/CAM_FRONT_RIGHT/n008-2018-08-28-16-16-48-0400__CAM_FRONT_RIGHT__1535487465270482.jpg", "samples/CAM_BACK_LEFT/n008-2018-08-28-16-16-48-0400__CAM_BACK_LEFT__1535487465297405.jpg", "samples/CAM_BACK/n008-2018-08-28-16-16-48-0400__CAM_BACK__1535487465287558.jpg", "samples/CAM_BACK_RIGHT/n008-2018-08-28-16-16-48-0400__CAM_BACK_RIGHT__1535487465278113.jpg"], "intrinsics": [[[1257.8625342125129, 0.0, 827.2410631095686], [0.0, 1257.8625342125129, 450.915498205774], [0.0, 0.0, 1.0]], [[1252.8131021185304, 0.0, 826.588114781398], [0.0, 1252.8131021185304, 469.9846626224581], [0.0, 0.0, 1.0]], [[1256.7485116440405, 0.0, 817.7887570959712], [0.0, 1256.7485116440403, 451.9541780095127], [0.0, 0.0, 1.0]], [[1254.9860565800168, 0.0, 829.5769333630991], [0.0, 1254.9860565800168, 467.1680561863987], [0.0, 0.0, 1.0]], [[796.8910634503094, 0.0, 857.7774326863696], [0.0, 796.8910634503094, 476.8848988407415], [0.0, 0.0, 1.0]], [[1249.9629280788233, 0.0, 825.3768045375984], [0.0, 1249.9629280788233, 462.54816385708756], [0.0, 0.0, 1.0]]], "extrinsics": [[[0.8179704546928406, -0.5749893188476562, -0.017652500420808792, -0.92578125], [0.0031070655677467585, 0.03510156273841858, -0.9993789196014404, 1.488555908203125], [0.5752518773078918, 0.8174076080322266, 0.030498573556542397, -1.2786865234375], [0.0, 0.0, 0.0, 1.0]], [[0.0036960355937480927, -0.9995124340057373, -0.03100401721894741, 0.0064697265625], [0.005109220277518034, 0.031022697687149048, -0.9995056390762329, 1.4805412292480469], [0.9999801516532898, 0.0035357994493097067, 0.0052213906310498714, -1.65576171875], [0.0, 0.0, 0.0, 1.0]], [[-0.8466920852661133, -0.5315842032432556, -0.02303854003548622, 1.039794921875], [0.013178839348256588, 0.022333944216370583, -0.9996637105941772, 1.4938468933105469], [0.5319198966026306, -0.8467109799385071, -0.011904308572411537, -1.2451171875], [0.0, 0.0, 0.0, 1.0]], [[0.947816014289856, 0.3188168406486511, 0.0007697052787989378, -1.14599609375], [-0.011854629032313824, 0.03765520080924034, -0.9992204308509827, 1.5620611906051636], [-0.31859731674194336, 0.9470680952072144, 0.03946965932846069, -0.1554718017578125], [0.0, 0.0, 0.0, 1.0]], [[0.010986308567225933, 0.9994892477989197, 0.03000832349061966, -0.02880859375], [-0.009871898218989372, 0.030117083340883255, -0.9994975924491882, 1.5678515434265137], [-0.9998908638954163, 0.010684546083211899, 0.010197731666266918, 0.02392578125], [0.0, 0.0, 0.0, 1.0]], [[-0.9223775863647461, 0.3862015902996063, 0.008236966095864773, 1.1214599609375], [-0.0058401841670274734, 0.007378908805549145, -0.9999557137489319, 1.5475611686706543], [-0.3862452208995819, -0.9223848581314087, -0.004550652578473091, -0.059814453125], [0.0, 0.0, 0.0, 1.0]]], "view": [[0.0, -2.0, 100.0], [-2.0, 0.0, 100.0], [0.0, 0.0, 1.0]], "bev": "bev_0deafeb281ea411088c0b51a0dd1fdfa.png", "aux": "aux_0deafeb281ea411088c0b51a0dd1fdfa.npz", "visibility": "visibility_0deafeb281ea411088c0b51a0dd1fdfa.png", "pose": [[0.9997402429580688, -0.022790610790252686, 0.0, 2263.92041015625], [0.022790610790252686, 0.9997402429580688, 0.0, 859.4249877929688], [0.0, 0.0, 1.0, 0.0], [0.0, 0.0, 0.0, 1.0]], "pose_inverse": [[0.9997402429580688, 0.022790610790252686, 0.0, -2282.919189453125], [-0.022790610790252686, 0.9997402429580688, 0.0, -807.6056518554688], [0.0, 0.0, 1.0, 0.0], [0.0, 0.0, 0.0, 1.0]], "cam_ids": [0, 1, 2, 3, 4, 5], "cam_channels": ["CAM_FRONT_LEFT", "CAM_FRONT", "CAM_FRONT_RIGHT", "CAM_BACK_LEFT", "CAM_BACK", "CAM_BACK_RIGHT"], "token": "0deafeb281ea411088c0b51a0dd1fdfa", "scene": "scene-0665"}, {"images": ["samples/CAM_FRONT_LEFT/n008-2018-08-28-16-16-48-0400__CAM_FRONT_LEFT__1535487465754799.jpg", "samples/CAM_FRONT/n008-2018-08-28-16-16-48-0400__CAM_FRONT__1535487465762404.jpg", "samples/CAM_FRONT_RIGHT/n008-2018-08-28-16-16-48-0400__CAM_FRONT_RIGHT__1535487465770482.jpg", "samples/CAM_BACK_LEFT/n008-2018-08-28-16-16-48-0400__CAM_BACK_LEFT__1535487465797405.jpg", "samples/CAM_BACK/n008-2018-08-28-16-16-48-0400__CAM_BACK__1535487465787558.jpg", "samples/CAM_BACK_RIGHT/n008-2018-08-28-16-16-48-0400__CAM_BACK_RIGHT__1535487465778113.jpg"], "intrinsics": [[[1257.8625342125129, 0.0, 827.2410631095686], [0.0, 1257.8625342125129, 450.915498205774], [0.0, 0.0, 1.0]], [[1252.8131021185304, 0.0, 826.588114781398], [0.0, 1252.8131021185304, 469.9846626224581], [0.0, 0.0, 1.0]], [[1256.7485116440405, 0.0, 817.7887570959712], [0.0, 1256.7485116440403, 451.9541780095127], [0.0, 0.0, 1.0]], [[1254.9860565800168, 0.0, 829.5769333630991], [0.0, 1254.9860565800168, 467.1680561863987], [0.0, 0.0, 1.0]], [[796.8910634503094, 0.0, 857.7774326863696], [0.0, 796.8910634503094, 476.8848988407415], [0.0, 0.0, 1.0]], [[1249.9629280788233, 0.0, 825.3768045375984], [0.0, 1249.9629280788233, 462.54816385708756], [0.0, 0.0, 1.0]]], "extrinsics": [[[0.8159773945808411, -0.577887773513794, -0.015056559816002846, -0.925537109375], [0.0072396802715957165, 0.03625908121466637, -0.9993162155151367, 1.4889640808105469], [0.5780385732650757, 0.8153103590011597, 0.03377031162381172, -1.278076171875], [0.0, 0.0, 0.0, 1.0]], [[0.0007922694203443825, -0.9994843602180481, -0.03209930285811424, 0.00592041015625], [0.00909443385899067, 0.03210519254207611, -0.9994431138038635, 1.4808731079101562], [0.999958336353302, 0.0004999242955818772, 0.009115180931985378, -1.655029296875], [0.0, 0.0, 0.0, 1.0]], [[-0.8478996753692627, -0.5294813513755798, -0.026751235127449036, 1.03857421875], [0.016959363594651222, 0.02334408462047577, -0.9995836019515991, 1.4941177368164062], [0.5298854112625122, -0.8480003476142883, -0.010813775472342968, -1.2447509765625], [0.0, 0.0, 0.0, 1.0]], [[0.9478392601013184, 0.3187214732170105, 0.0041527035646140575, -1.14453125], [-0.00859170500189066, 0.03856977820396423, -0.9992190003395081, 1.5620436668395996], [-0.31863272190093994, 0.9470633268356323, 0.039296314120292664, -0.156005859375], [0.0, 0.0, 0.0, 1.0]], [[0.011847313493490219, 0.9994491338729858, 0.03100365586578846, -0.0286865234375], [-0.0064186397939920425, 0.03108120709657669, -0.9994962215423584, 1.5679157972335815], [-0.9999092221260071, 0.011642314493656158, 0.006783331744372845, 0.022216796875], [0.0, 0.0, 0.0, 1.0]], [[-0.9217062592506409, 0.3878515064716339, 0.005366151686757803, 1.1202392578125], [-0.002285416703671217, 0.008403898216784, -0.9999620914459229, 1.5477105379104614], [-0.387881875038147, -0.9216835498809814, -0.006859524175524712, -0.0604248046875], [0.0, 0.0, 0.0, 1.0]]], "view": [[0.0, -2.0, 100.0], [-2.0, 0.0, 100.0], [0.0, 0.0, 1.0]], "bev": "bev_a639f1ef8dca4694900cc94e990edb7a.png", "aux": "aux_a639f1ef8dca4694900cc94e990edb7a.npz", "visibility": "visibility_a639f1ef8dca4694900cc94e990edb7a.png", "pose": [[0.9899080991744995, -0.1417108029127121, 0.0, 2265.08447265625], [0.1417108029127121, 0.9899080991744995, 0.0, 859.512939453125], [0.0, 0.0, 1.0, 0.0], [0.0, 0.0, 0.0, 1.0]], "pose_inverse": [[0.9899080991744995, 0.1417108029127121, 0.0, -2364.02783203125], [-0.1417108029127121, 0.9899080991744995, 0.0, -529.8518676757812], [0.0, 0.0, 1.0, 0.0], [0.0, 0.0, 0.0, 1.0]], "cam_ids": [0, 1, 2, 3, 4, 5], "cam_channels": ["CAM_FRONT_LEFT", "CAM_FRONT", "CAM_FRONT_RIGHT", "CAM_BACK_LEFT", "CAM_BACK", "CAM_BACK_RIGHT"], "token": "a639f1ef8dca4694900cc94e990edb7a", "scene": "scene-0665"}, {"images": ["samples/CAM_FRONT_LEFT/n008-2018-08-28-16-16-48-0400__CAM_FRONT_LEFT__1535487466254799.jpg", "samples/CAM_FRONT/n008-2018-08-28-16-16-48-0400__CAM_FRONT__1535487466262404.jpg", "samples/CAM_FRONT_RIGHT/n008-2018-08-28-16-16-48-0400__CAM_FRONT_RIGHT__1535487466270482.jpg", "samples/CAM_BACK_LEFT/n008-2018-08-28-16-16-48-0400__CAM_BACK_LEFT__1535487466297405.jpg", "samples/CAM_BACK/n008-2018-08-28-16-16-48-0400__CAM_BACK__1535487466287558.jpg", "samples/CAM_BACK_RIGHT/n008-2018-08-28-16-16-48-0400__CAM_BACK_RIGHT__1535487466278113.jpg"], "intrinsics": [[[1257.8625342125129, 0.0, 827.2410631095686], [0.0, 1257.8625342125129, 450.915498205774], [0.0, 0.0, 1.0]], [[1252.8131021185304, 0.0, 826.588114781398], [0.0, 1252.8131021185304, 469.9846626224581], [0.0, 0.0, 1.0]], [[1256.7485116440405, 0.0, 817.7887570959712], [0.0, 1256.7485116440403, 451.9541780095127], [0.0, 0.0, 1.0]], [[1254.9860565800168, 0.0, 829.5769333630991], [0.0, 1254.9860565800168, 467.1680561863987], [0.0, 0.0, 1.0]], [[796.8910634503094, 0.0, 857.7774326863696], [0.0, 796.8910634503094, 476.8848988407415], [0.0, 0.0, 1.0]], [[1249.9629280788233, 0.0, 825.3768045375984], [0.0, 1249.9629280788233, 462.54816385708756], [0.0, 0.0, 1.0]]], "extrinsics": [[[0.8159884214401245, -0.577846884727478, -0.015997854992747307, -0.932861328125], [0.007171673234552145, 0.03779204934835434, -0.999259889125824, 1.4889030456542969], [0.5780237913131714, 0.8152697682380676, 0.03498200327157974, -1.2830810546875], [0.0, 0.0, 0.0, 1.0]], [[0.000915089447516948, -0.9994325041770935, -0.033674582839012146, 0.0058135986328125], [0.00902570504695177, 0.0336814783513546, -0.9993918538093567, 1.480804443359375], [0.9999588131904602, 0.0006106144282966852, 0.009051403030753136, -1.662841796875], [0.0, 0.0, 0.0, 1.0]], [[-0.8477762937545776, -0.5296375751495361, -0.02755563147366047, 1.044189453125], [0.016901962459087372, 0.024949193000793457, -0.9995458126068115, 1.4939956665039062], [0.5300845503807068, -0.8478570580482483, -0.012199422344565392, -1.2484130859375], [0.0, 0.0, 0.0, 1.0]], [[0.9478711485862732, 0.31862151622772217, 0.004542534705251455, -1.143798828125], [-0.008732764050364494, 0.04022395238280296, -0.9991525411605835, 1.5620355606079102], [-0.318534255027771, 0.9470281600952148, 0.040909573435783386, -0.15625], [0.0, 0.0, 0.0, 1.0]], [[0.011807453818619251, 0.9993971586227417, 0.03264712914824486, -0.0286712646484375], [-0.0065352399833500385, 0.03272583708167076, -0.9994429349899292, 1.5679264068603516], [-0.9999089241027832, 0.011587495915591717, 0.0069177099503576756, 0.024169921875], [0.0, 0.0, 0.0, 1.0]], [[-0.9217684268951416, 0.3876937925815582, 0.006033200770616531, 1.124267578125], [-0.0023340315092355013, 0.010011625476181507, -0.999947190284729, 1.5477187633514404], [-0.38773366808891296, -0.9217338562011719, -0.008323512971401215, -0.0589599609375], [0.0, 0.0, 0.0, 1.0]]], "view": [[0.0, -2.0, 100.0], [-2.0, 0.0, 100.0], [0.0, 0.0, 1.0]], "bev": "bev_6fa997ac10694b72a5580e023d59b6ba.png", "aux": "aux_6fa997ac10694b72a5580e023d59b6ba.npz", "visibility": "visibility_6fa997ac10694b72a5580e023d59b6ba.png", "pose": [[0.9599724411964417, -0.2800944149494171, 0.0, 2266.1904296875], [0.2800944149494171, 0.9599724411964417, 0.0, 859.7518310546875], [0.0, 0.0, 1.0, 0.0], [0.0, 0.0, 0.0, 1.0]], "pose_inverse": [[0.9599724411964417, 0.2800944149494171, 0.0, -2416.2919921875], [-0.2800944149494171, 0.9599724411964417, 0.0, -190.59078979492188], [0.0, 0.0, 1.0, 0.0], [0.0, 0.0, 0.0, 1.0]], "cam_ids": [0, 1, 2, 3, 4, 5], "cam_channels": ["CAM_FRONT_LEFT", "CAM_FRONT", "CAM_FRONT_RIGHT", "CAM_BACK_LEFT", "CAM_BACK", "CAM_BACK_RIGHT"], "token": "6fa997ac10694b72a5580e023d59b6ba", "scene": "scene-0665"}, {"images": ["samples/CAM_FRONT_LEFT/n008-2018-08-28-16-16-48-0400__CAM_FRONT_LEFT__1535487466754799.jpg", "samples/CAM_FRONT/n008-2018-08-28-16-16-48-0400__CAM_FRONT__1535487466762404.jpg", "samples/CAM_FRONT_RIGHT/n008-2018-08-28-16-16-48-0400__CAM_FRONT_RIGHT__1535487466770482.jpg", "samples/CAM_BACK_LEFT/n008-2018-08-28-16-16-48-0400__CAM_BACK_LEFT__1535487466797405.jpg", "samples/CAM_BACK/n008-2018-08-28-16-16-48-0400__CAM_BACK__1535487466787558.jpg", "samples/CAM_BACK_RIGHT/n008-2018-08-28-16-16-48-0400__CAM_BACK_RIGHT__1535487466778113.jpg"], "intrinsics": [[[1257.8625342125129, 0.0, 827.2410631095686], [0.0, 1257.8625342125129, 450.915498205774], [0.0, 0.0, 1.0]], [[1252.8131021185304, 0.0, 826.588114781398], [0.0, 1252.8131021185304, 469.9846626224581], [0.0, 0.0, 1.0]], [[1256.7485116440405, 0.0, 817.7887570959712], [0.0, 1256.7485116440403, 451.9541780095127], [0.0, 0.0, 1.0]], [[1254.9860565800168, 0.0, 829.5769333630991], [0.0, 1254.9860565800168, 467.1680561863987], [0.0, 0.0, 1.0]], [[796.8910634503094, 0.0, 857.7774326863696], [0.0, 796.8910634503094, 476.8848988407415], [0.0, 0.0, 1.0]], [[1249.9629280788233, 0.0, 825.3768045375984], [0.0, 1249.9629280788233, 462.54816385708756], [0.0, 0.0, 1.0]]], "extrinsics": [[[0.8154324293136597, -0.5785503387451172, -0.018693923950195312, -0.938232421875], [0.007104506250470877, 0.042295314371585846, -0.9990798830986023, 1.4888620376586914], [0.5788087248802185, 0.8145493268966675, 0.03859928622841835, -1.286376953125], [0.0, 0.0, 0.0, 1.0]], [[0.00015011227515060455, -0.9992743730545044, -0.03808922693133354, 0.0055389404296875], [0.00891088880598545, 0.038089051842689514, -0.9992346167564392, 1.4807538986206055], [0.9999603033065796, -0.0001893749285954982, 0.00891014002263546, -1.66796875], [0.0, 0.0, 0.0, 1.0]], [[-0.8480721116065979, -0.5290477275848389, -0.02970324642956257, 1.0479736328125], [0.01675807684659958, 0.02924935705959797, -0.9994316101074219, 1.4939155578613281], [0.5296158790588379, -0.8480879068374634, -0.01593974232673645, -1.2508544921875], [0.0, 0.0, 0.0, 1.0]], [[0.9478370547294617, 0.31870588660240173, 0.005615398287773132, -1.143798828125], [-0.008923168294131756, 0.04413916543126106, -0.9989855289459229, 1.562032699584961], [-0.3186304271221161, 0.946825385093689, 0.04468059912323952, -0.15631103515625], [0.0, 0.0, 0.0, 1.0]], [[0.011952233500778675, 0.9992542266845703, 0.03671680763363838, -0.02866363525390625], [-0.006691107992082834, 0.03679853677749634, -0.9993002414703369, 1.5679359436035156], [-0.9999061822891235, 0.011698218062520027, 0.007125942502170801, 0.026123046875], [0.0, 0.0, 0.0, 1.0]], [[-0.921626091003418, 0.38800057768821716, 0.00780149083584547, 1.12744140625], [-0.0024770668242126703, 0.014220979996025562, -0.9998957514762878, 1.5477209091186523], [-0.38807108998298645, -0.9215494394302368, -0.012145324610173702, -0.05780029296875], [0.0, 0.0, 0.0, 1.0]]], "view": [[0.0, -2.0, 100.0], [-2.0, 0.0, 100.0], [0.0, 0.0, 1.0]], "bev": "bev_2ed74b4d940f4bbba19a1b69ad8dc930.png", "aux": "aux_2ed74b4d940f4bbba19a1b69ad8dc930.npz", "visibility": "visibility_2ed74b4d940f4bbba19a1b69ad8dc930.png", "pose": [[0.9109930992126465, -0.41242164373397827, 0.0, 2267.1240234375], [0.41242164373397827, 0.9109930992126465, 0.0, 860.0952758789062], [0.0, 0.0, 1.0, 0.0], [0.0, 0.0, 0.0, 1.0]], "pose_inverse": [[0.9109930992126465, 0.41242164373397827, 0.0, -2420.05615234375], [-0.41242164373397827, 0.9109930992126465, 0.0, 151.47015380859375], [0.0, 0.0, 1.0, 0.0], [0.0, 0.0, 0.0, 1.0]], "cam_ids": [0, 1, 2, 3, 4, 5], "cam_channels": ["CAM_FRONT_LEFT", "CAM_FRONT", "CAM_FRONT_RIGHT", "CAM_BACK_LEFT", "CAM_BACK", "CAM_BACK_RIGHT"], "token": "2ed74b4d940f4bbba19a1b69ad8dc930", "scene": "scene-0665"}, {"images": ["samples/CAM_FRONT_LEFT/n008-2018-08-28-16-16-48-0400__CAM_FRONT_LEFT__1535487467254799.jpg", "samples/CAM_FRONT/n008-2018-08-28-16-16-48-0400__CAM_FRONT__1535487467262404.jpg", "samples/CAM_FRONT_RIGHT/n008-2018-08-28-16-16-48-0400__CAM_FRONT_RIGHT__1535487467270482.jpg", "samples/CAM_BACK_LEFT/n008-2018-08-28-16-16-48-0400__CAM_BACK_LEFT__1535487467297405.jpg", "samples/CAM_BACK/n008-2018-08-28-16-16-48-0400__CAM_BACK__1535487467287558.jpg", "samples/CAM_BACK_RIGHT/n008-2018-08-28-16-16-48-0400__CAM_BACK_RIGHT__1535487467278113.jpg"], "intrinsics": [[[1257.8625342125129, 0.0, 827.2410631095686], [0.0, 1257.8625342125129, 450.915498205774], [0.0, 0.0, 1.0]], [[1252.8131021185304, 0.0, 826.588114781398], [0.0, 1252.8131021185304, 469.9846626224581], [0.0, 0.0, 1.0]], [[1256.7485116440405, 0.0, 817.7887570959712], [0.0, 1256.7485116440403, 451.9541780095127], [0.0, 0.0, 1.0]], [[1254.9860565800168, 0.0, 829.5769333630991], [0.0, 1254.9860565800168, 467.1680561863987], [0.0, 0.0, 1.0]], [[796.8910634503094, 0.0, 857.7774326863696], [0.0, 796.8910634503094, 476.8848988407415], [0.0, 0.0, 1.0]], [[1249.9629280788233, 0.0, 825.3768045375984], [0.0, 1249.9629280788233, 462.54816385708756], [0.0, 0.0, 1.0]]], "extrinsics": [[[0.8151566982269287, -0.5789925456047058, -0.016950171440839767, -0.934326171875], [0.00760111166164279, 0.03995257988572121, -0.9991726875305176, 1.488931655883789], [0.579190731048584, 0.8143534064292908, 0.03696860000491142, -1.2835693359375], [0.0, 0.0, 0.0, 1.0]], [[-0.00030785755370743573, -0.9993558526039124, -0.035886913537979126, 0.005645751953125], [0.009416570886969566, 0.03588242828845978, -0.999311625957489, 1.480825424194336], [0.9999555945396423, -0.0006455715047195554, 0.009399456903338432, -1.66357421875], [0.0, 0.0, 0.0, 1.0]], [[-0.8483009934425354, -0.5287169218063354, -0.02904987335205078, 1.04443359375], [0.017271550372242928, 0.02720419131219387, -0.999480664730072, 1.4940128326416016], [0.5292325615882874, -0.8483622074127197, -0.013945580460131168, -1.24853515625], [0.0, 0.0, 0.0, 1.0]], [[0.9477596879005432, 0.3189350664615631, 0.005663618445396423, -1.145751953125], [-0.008394073694944382, 0.04268524423241615, -0.9990533590316772, 1.5620536804199219], [-0.3188748359680176, 0.9468148946762085, 0.043132517486810684, -0.1556396484375], [0.0, 0.0, 0.0, 1.0]], [[0.011969439685344696, 0.9993137121200562, 0.0350557416677475, -0.028656005859375], [-0.006145344115793705, 0.03513110429048538, -0.9993637800216675, 1.5679435729980469], [-0.999909520149231, 0.01174637395888567, 0.00656162528321147, 0.025390625], [0.0, 0.0, 0.0, 1.0]], [[-0.9215214848518372, 0.38827115297317505, 0.006592924706637859, 1.124755859375], [-0.001948097487911582, 0.012355268932878971, -0.9999217391014099, 1.5477352142333984], [-0.38832226395606995, -0.9214622974395752, -0.010629258118569851, -0.058746337890625], [0.0, 0.0, 0.0, 1.0]]], "view": [[0.0, -2.0, 100.0], [-2.0, 0.0, 100.0], [0.0, 0.0, 1.0]], "bev": "bev_f4b99deaf57d441cb2758cbb0425ad7d.png", "aux": "aux_f4b99deaf57d441cb2758cbb0425ad7d.npz", "visibility": "visibility_f4b99deaf57d441cb2758cbb0425ad7d.png", "pose": [[0.8397910594940186, -0.5429097414016724, 0.0, 2267.965087890625], [0.5429097414016724, 0.8397910594940186, 0.0, 860.559326171875], [0.0, 0.0, 1.0, 0.0], [0.0, 0.0, 0.0, 1.0]], "pose_inverse": [[0.8397910594940186, 0.5429097414016724, 0.0, -2371.82275390625], [-0.5429097414016724, 0.8397910594940186, 0.0, 508.6103515625], [0.0, 0.0, 1.0, 0.0], [0.0, 0.0, 0.0, 1.0]], "cam_ids": [0, 1, 2, 3, 4, 5], "cam_channels": ["CAM_FRONT_LEFT", "CAM_FRONT", "CAM_FRONT_RIGHT", "CAM_BACK_LEFT", "CAM_BACK", "CAM_BACK_RIGHT"], "token": "f4b99deaf57d441cb2758cbb0425ad7d", "scene": "scene-0665"}, {"images": ["samples/CAM_FRONT_LEFT/n008-2018-08-28-16-16-48-0400__CAM_FRONT_LEFT__1535487467754799.jpg", "samples/CAM_FRONT/n008-2018-08-28-16-16-48-0400__CAM_FRONT__1535487467762404.jpg", "samples/CAM_FRONT_RIGHT/n008-2018-08-28-16-16-48-0400__CAM_FRONT_RIGHT__1535487467770482.jpg", "samples/CAM_BACK_LEFT/n008-2018-08-28-16-16-48-0400__CAM_BACK_LEFT__1535487467797405.jpg", "samples/CAM_BACK/n008-2018-08-28-16-16-48-0400__CAM_BACK__1535487467787558.jpg", "samples/CAM_BACK_RIGHT/n008-2018-08-28-16-16-48-0400__CAM_BACK_RIGHT__1535487467778113.jpg"], "intrinsics": [[[1257.8625342125129, 0.0, 827.2410631095686], [0.0, 1257.8625342125129, 450.915498205774], [0.0, 0.0, 1.0]], [[1252.8131021185304, 0.0, 826.588114781398], [0.0, 1252.8131021185304, 469.9846626224581], [0.0, 0.0, 1.0]], [[1256.7485116440405, 0.0, 817.7887570959712], [0.0, 1256.7485116440403, 451.9541780095127], [0.0, 0.0, 1.0]], [[1254.9860565800168, 0.0, 829.5769333630991], [0.0, 1254.9860565800168, 467.1680561863987], [0.0, 0.0, 1.0]], [[796.8910634503094, 0.0, 857.7774326863696], [0.0, 796.8910634503094, 476.8848988407415], [0.0, 0.0, 1.0]], [[1249.9629280788233, 0.0, 825.3768045375984], [0.0, 1249.9629280788233, 462.54816385708756], [0.0, 0.0, 1.0]]], "extrinsics": [[[0.8150970935821533, -0.5791072249412537, -0.01585834100842476, -0.934814453125], [0.007021116092801094, 0.0372467041015625, -0.9992814660072327, 1.4888687133789062], [0.5792818069458008, 0.8144001364707947, 0.03442566096782684, -1.28424072265625], [0.0, 0.0, 0.0, 1.0]], [[-0.00035239270073361695, -0.9994563460350037, -0.03296705335378647, 0.00592041015625], [0.008832111954689026, 0.03296265751123428, -0.9994175434112549, 1.480769157409668], [0.9999608993530273, -0.0006433750968426466, 0.00881569366902113, -1.66455078125], [0.0, 0.0, 0.0, 1.0]], [[-0.8482956886291504, -0.5288402438163757, -0.026876697316765785, 1.045166015625], [0.016677722334861755, 0.024047987535595894, -0.999571681022644, 1.4939556121826172], [0.5292600989341736, -0.8483806252479553, -0.011579951271414757, -1.248779296875], [0.0, 0.0, 0.0, 1.0]], [[0.9477713704109192, 0.3189205527305603, 0.004372537136077881, -1.1456298828125], [-0.008409506641328335, 0.03869112953543663, -0.9992157816886902, 1.5620574951171875], [-0.3188396692276001, 0.9469913840293884, 0.039352308958768845, -0.15576171875], [0.0, 0.0, 0.0, 1.0]], [[0.011943708173930645, 0.9994363784790039, 0.031374212354421616, -0.0289306640625], [-0.006116855423897505, 0.03144888952374458, -0.9994866251945496, 1.5679435729980469], [-0.9999099969863892, 0.011745678260922432, 0.006489024963229895, 0.025634765625], [0.0, 0.0, 0.0, 1.0]], [[-0.9215323328971863, 0.3882581293582916, 0.00581364706158638, 1.12548828125], [-0.002530971309170127, 0.008965740911662579, -0.9999566078186035, 1.547713279724121], [-0.38829341530799866, -0.9215070009231567, -0.007279548328369856, -0.0582122802734375], [0.0, 0.0, 0.0, 1.0]]], "view": [[0.0, -2.0, 100.0], [-2.0, 0.0, 100.0], [0.0, 0.0, 1.0]], "bev": "bev_01d56f14934b43b99e4623ed51eedc48.png", "aux": "aux_01d56f14934b43b99e4623ed51eedc48.npz", "visibility": "visibility_01d56f14934b43b99e4623ed51eedc48.png", "pose": [[0.7461302280426025, -0.6658000349998474, 0.0, 2268.787109375], [0.6658000349998474, 0.7461302280426025, 0.0, 861.1818237304688], [0.0, 0.0, 1.0, 0.0], [0.0, 0.0, 0.0, 1.0]], "pose_inverse": [[0.7461302280426025, 0.6658000349998474, 0.0, -2266.185546875], [-0.6658000349998474, 0.7461302280426025, 0.0, 868.0047607421875], [0.0, 0.0, 1.0, 0.0], [0.0, 0.0, 0.0, 1.0]], "cam_ids": [0, 1, 2, 3, 4, 5], "cam_channels": ["CAM_FRONT_LEFT", "CAM_FRONT", "CAM_FRONT_RIGHT", "CAM_BACK_LEFT", "CAM_BACK", "CAM_BACK_RIGHT"], "token": "01d56f14934b43b99e4623ed51eedc48", "scene": "scene-0665"}, {"images": ["samples/CAM_FRONT_LEFT/n008-2018-08-28-16-16-48-0400__CAM_FRONT_LEFT__1535487468254799.jpg", "samples/CAM_FRONT/n008-2018-08-28-16-16-48-0400__CAM_FRONT__1535487468262404.jpg", "samples/CAM_FRONT_RIGHT/n008-2018-08-28-16-16-48-0400__CAM_FRONT_RIGHT__1535487468270482.jpg", "samples/CAM_BACK_LEFT/n008-2018-08-28-16-16-48-0400__CAM_BACK_LEFT__1535487468297522.jpg", "samples/CAM_BACK/n008-2018-08-28-16-16-48-0400__CAM_BACK__1535487468287586.jpg", "samples/CAM_BACK_RIGHT/n008-2018-08-28-16-16-48-0400__CAM_BACK_RIGHT__1535487468278113.jpg"], "intrinsics": [[[1257.8625342125129, 0.0, 827.2410631095686], [0.0, 1257.8625342125129, 450.915498205774], [0.0, 0.0, 1.0]], [[1252.8131021185304, 0.0, 826.588114781398], [0.0, 1252.8131021185304, 469.9846626224581], [0.0, 0.0, 1.0]], [[1256.7485116440405, 0.0, 817.7887570959712], [0.0, 1256.7485116440403, 451.9541780095127], [0.0, 0.0, 1.0]], [[1254.9860565800168, 0.0, 829.5769333630991], [0.0, 1254.9860565800168, 467.1680561863987], [0.0, 0.0, 1.0]], [[796.8910634503094, 0.0, 857.7774326863696], [0.0, 796.8910634503094, 476.8848988407415], [0.0, 0.0, 1.0]], [[1249.9629280788233, 0.0, 825.3768045375984], [0.0, 1249.9629280788233, 462.54816385708756], [0.0, 0.0, 1.0]]], "extrinsics": [[[0.8144561648368835, -0.5801273584365845, -0.01064907293766737, -0.926513671875], [0.008137051947414875, 0.02977151796221733, -0.9995235800743103, 1.4890384674072266], [0.5801680088043213, 0.8139815330505371, 0.028968121856451035, -1.27880859375], [0.0, 0.0, 0.0, 1.0]], [[-0.00124002480879426, -0.9996685981750488, -0.02571464329957962, 0.00634765625], [0.010024303570389748, 0.025700945407152176, -0.9996194243431091, 1.4809274673461914], [0.9999489784240723, -0.00149730802513659, 0.009989110752940178, -1.656494140625], [0.0, 0.0, 0.0, 1.0]], [[-0.8486335873603821, -0.5284253358840942, -0.024244017899036407, 1.0400390625], [0.01797359064221382, 0.017000706866383553, -0.9996938705444336, 1.4941349029541016], [0.5286757349967957, -0.8488094806671143, -0.004929669667035341, -1.245849609375], [0.0, 0.0, 0.0, 1.0]], [[0.947749137878418, 0.31899821758270264, 0.0034355362877249718, -1.1463623046875], [-0.007265780121088028, 0.032350603491067886, -0.999450147151947, 1.5620460510253906], [-0.31893390417099, 0.9472030401229858, 0.03297802060842514, -0.155517578125], [0.0, 0.0, 0.0, 1.0]], [[0.012167309410870075, 0.9996188879013062, 0.024778909981250763, -0.0286865234375], [-0.0051622549071908, 0.024843210354447365, -0.9996780157089233, 1.5679435729980469], [-0.999912679195404, 0.012035449035465717, 0.005462560802698135, 0.02392578125], [0.0, 0.0, 0.0, 1.0]], [[-0.9213423728942871, 0.3887474238872528, 0.001865083584561944, 1.12158203125], [-0.0011315055890008807, 0.0021159604657441378, -0.9999971389770508, 1.547762393951416], [-0.38875025510787964, -0.9213419556617737, -0.0015096546849235892, -0.059722900390625], [0.0, 0.0, 0.0, 1.0]]], "view": [[0.0, -2.0, 100.0], [-2.0, 0.0, 100.0], [0.0, 0.0, 1.0]], "bev": "bev_cb13ff2c1210468885e08bc0fe9b0270.png", "aux": "aux_cb13ff2c1210468885e08bc0fe9b0270.npz", "visibility": "visibility_cb13ff2c1210468885e08bc0fe9b0270.png", "pose": [[0.6268388628959656, -0.7791489362716675, 0.0, 2269.543212890625], [0.7791489362716675, 0.6268388628959656, 0.0, 861.971923828125], [0.0, 0.0, 1.0, 0.0], [0.0, 0.0, 0.0, 1.0]], "pose_inverse": [[0.6268388628959656, 0.7791489362716675, 0.0, -2094.242431640625], [-0.7791489362716675, 0.6268388628959656, 0.0, 1227.99462890625], [0.0, 0.0, 1.0, 0.0], [0.0, 0.0, 0.0, 1.0]], "cam_ids": [0, 1, 2, 3, 4, 5], "cam_channels": ["CAM_FRONT_LEFT", "CAM_FRONT", "CAM_FRONT_RIGHT", "CAM_BACK_LEFT", "CAM_BACK", "CAM_BACK_RIGHT"], "token": "cb13ff2c1210468885e08bc0fe9b0270", "scene": "scene-0665"}, {"images": ["samples/CAM_FRONT_LEFT/n008-2018-08-28-16-16-48-0400__CAM_FRONT_LEFT__1535487468754799.jpg", "samples/CAM_FRONT/n008-2018-08-28-16-16-48-0400__CAM_FRONT__1535487468762404.jpg", "samples/CAM_FRONT_RIGHT/n008-2018-08-28-16-16-48-0400__CAM_FRONT_RIGHT__1535487468770482.jpg", "samples/CAM_BACK_LEFT/n008-2018-08-28-16-16-48-0400__CAM_BACK_LEFT__1535487468797405.jpg", "samples/CAM_BACK/n008-2018-08-28-16-16-48-0400__CAM_BACK__1535487468787558.jpg", "samples/CAM_BACK_RIGHT/n008-2018-08-28-16-16-48-0400__CAM_BACK_RIGHT__1535487468778113.jpg"], "intrinsics": [[[1257.8625342125129, 0.0, 827.2410631095686], [0.0, 1257.8625342125129, 450.915498205774], [0.0, 0.0, 1.0]], [[1252.8131021185304, 0.0, 826.588114781398], [0.0, 1252.8131021185304, 469.9846626224581], [0.0, 0.0, 1.0]], [[1256.7485116440405, 0.0, 817.7887570959712], [0.0, 1256.7485116440403, 451.9541780095127], [0.0, 0.0, 1.0]], [[1254.9860565800168, 0.0, 829.5769333630991], [0.0, 1254.9860565800168, 467.1680561863987], [0.0, 0.0, 1.0]], [[796.8910634503094, 0.0, 857.7774326863696], [0.0, 796.8910634503094, 476.8848988407415], [0.0, 0.0, 1.0]], [[1249.9629280788233, 0.0, 825.3768045375984], [0.0, 1249.9629280788233, 462.54816385708756], [0.0, 0.0, 1.0]]], "extrinsics": [[[0.8150832056999207, -0.5792936682701111, -0.007630295120179653, -0.923828125], [0.012273887172341347, 0.030434345826506615, -0.9994614124298096, 1.489461898803711], [0.5792138576507568, 0.814550518989563, 0.03191671147942543, -1.277374267578125], [0.0, 0.0, 0.0, 1.0]], [[-0.000325435190461576, -0.9996526837348938, -0.02635188400745392, 0.006591796875], [0.014276308938860893, 0.026344554498791695, -0.999550998210907, 1.481287956237793], [0.9998979568481445, -0.0007015091250650585, 0.01426277682185173, -1.6539306640625], [0.0, 0.0, 0.0, 1.0]], [[-0.8482138514518738, -0.5288991332054138, -0.028266673907637596, 1.0384521484375], [0.02230643853545189, 0.017649123445153236, -0.9995953440666199, 1.4944448471069336], [0.5291839838027954, -0.8485010862350464, -0.003172376425936818, -1.244384765625], [0.0, 0.0, 0.0, 1.0]], [[0.947810709476471, 0.31873461604118347, 0.007951479405164719, -1.144775390625], [-0.002740095369517803, 0.033081408590078354, -0.9994488954544067, 1.5620498657226562], [-0.3188219964504242, 0.9472665786743164, 0.03222827613353729, -0.156005859375], [0.0, 0.0, 0.0, 1.0]], [[0.011963753029704094, 0.9996022582054138, 0.025537872686982155, -0.0286865234375], [-0.0006859431741759181, 0.025547897443175316, -0.9996733069419861, 1.5680427551269531], [-0.9999281764030457, 0.011942308396100998, 0.0009913173271343112, 0.0224609375], [0.0, 0.0, 0.