[{"images": ["samples/CAM_FRONT_LEFT/n015-2018-10-08-15-52-24+0800__CAM_FRONT_LEFT__1538985460254844.jpg", "samples/CAM_FRONT/n015-2018-10-08-15-52-24+0800__CAM_FRONT__1538985460262460.jpg", "samples/CAM_FRONT_RIGHT/n015-2018-10-08-15-52-24+0800__CAM_FRONT_RIGHT__1538985460270339.jpg", "samples/CAM_BACK_LEFT/n015-2018-10-08-15-52-24+0800__CAM_BACK_LEFT__1538985460297423.jpg", "samples/CAM_BACK/n015-2018-10-08-15-52-24+0800__CAM_BACK__1538985460287525.jpg", "samples/CAM_BACK_RIGHT/n015-2018-10-08-15-52-24+0800__CAM_BACK_RIGHT__1538985460277893.jpg"], "intrinsics": [[[1272.5979470598488, 0.0, 826.6154927353808], [0.0, 1272.5979470598488, 479.75165386361925], [0.0, 0.0, 1.0]], [[1266.417203046554, 0.0, 816.2670197447984], [0.0, 1266.417203046554, 491.50706579294757], [0.0, 0.0, 1.0]], [[1260.8474446004698, 0.0, 807.968244525554], [0.0, 1260.8474446004698, 495.3344268742088], [0.0, 0.0, 1.0]], [[1256.7414812095406, 0.0, 792.1125740759628], [0.0, 1256.7414812095406, 492.7757465151356], [0.0, 0.0, 1.0]], [[809.2209905677063, 0.0, 829.2196003259838], [0.0, 809.2209905677063, 481.77842384512485], [0.0, 0.0, 1.0]], [[1259.5137405846733, 0.0, 807.2529053838625], [0.0, 1259.5137405846733, 501.19579884916527], [0.0, 0.0, 1.0]]], "extrinsics": [[[0.8203316926956177, -0.5717726945877075, 0.01148262619972229, -0.62451171875], [-0.005037922412157059, -0.027302749454975128, -0.9996145367622375, 1.5062294006347656], [0.5718657970428467, 0.8199576139450073, -0.02527785487473011, -1.045654296875], [0.0, 0.0, 0.0, 1.0]], [[0.005013680085539818, -0.9994977712631226, 0.031289245933294296, 0.0086669921875], [-0.010110692121088505, -0.031338710337877274, -0.9994577169418335, 1.5171394348144531], [0.9999363422393799, 0.004694608971476555, -0.01026273611932993, -1.3512744903564453], [0.0, 0.0, 0.0, 1.0]], [[-0.8333104848861694, -0.5526873469352722, 0.011408246122300625, 0.8114013671875], [-0.004323496483266354, -0.0141204334795475, -0.999890923500061, 1.5025177001953125], [0.5527881979942322, -0.8332691192626953, 0.00937716756016016, -1.1004638671875], [0.0, 0.0, 0.0, 1.0]], [[0.9478244781494141, 0.3186454772949219, -0.009685823693871498, -1.1317138671875], [0.004692410118877888, -0.04432442784309387, -0.9990061521530151, 1.5886077880859375], [-0.31875813007354736, 0.9468371272087097, -0.04350699111819267, -0.1072998046875], [0.0, 0.0, 0.0, 1.0]], [[0.0027602941263467073, 0.9994021654129028, -0.034461941570043564, 0.00244140625], [-0.020815875381231308, -0.0343971811234951, -0.9991914629936218, 1.5772171020507812], [-0.9997795224189758, 0.00347537943162024, 0.020708486437797546, -0.10240912437438965], [0.0, 0.0, 0.0, 1.0]], [[-0.9346301555633545, 0.3551793098449707, -0.017720764502882957, 0.95361328125], [0.011687139980494976, -0.019126001745462418, -0.9997488260269165, 1.5537452697753906], [-0.3554290235042572, -0.9346025586128235, 0.013724707067012787, -0.1318359375], [0.0, 0.0, 0.0, 1.0]]], "view": [[0.0, -2.0, 100.0], [-2.0, 0.0, 100.0], [0.0, 0.0, 1.0]], "bev": "bev_c6e28b2a7d4641c597e03423b02ce9b1.png", "aux": "aux_c6e28b2a7d4641c597e03423b02ce9b1.npz", "visibility": "visibility_c6e28b2a7d4641c597e03423b02ce9b1.png", "pose": [[0.8380627632141113, 0.5455738306045532, 0.0, 1108.2894287109375], [-0.5455738306045532, 0.8380627632141113, 0.0, 1694.1248779296875], [0.0, 0.0, 1.0, 0.0], [0.0, 0.0, 0.0, 1.0]], "pose_inverse": [[0.8380627632141113, -0.5455738306045532, 0.0, -4.545883655548096], [0.5455738306045532, 0.8380627632141113, 0.0, -2024.4366455078125], [0.0, 0.0, 1.0, 0.0], [0.0, 0.0, 0.0, 1.0]], "cam_ids": [0, 1, 2, 3, 4, 5], "cam_channels": ["CAM_FRONT_LEFT", "CAM_FRONT", "CAM_FRONT_RIGHT", "CAM_BACK_LEFT", "CAM_BACK", "CAM_BACK_RIGHT"], "token": "c6e28b2a7d4641c597e03423b02ce9b1", "scene": "scene-0430"}, {"images": ["samples/CAM_FRONT_LEFT/n015-2018-10-08-15-52-24+0800__CAM_FRONT_LEFT__1538985460754844.jpg", "samples/CAM_FRONT/n015-2018-10-08-15-52-24+0800__CAM_FRONT__1538985460762460.jpg", "samples/CAM_FRONT_RIGHT/n015-2018-10-08-15-52-24+0800__CAM_FRONT_RIGHT__1538985460770339.jpg", "samples/CAM_BACK_LEFT/n015-2018-10-08-15-52-24+0800__CAM_BACK_LEFT__1538985460797423.jpg", "samples/CAM_BACK/n015-2018-10-08-15-52-24+0800__CAM_BACK__1538985460787532.jpg", "samples/CAM_BACK_RIGHT/n015-2018-10-08-15-52-24+0800__CAM_BACK_RIGHT__1538985460777893.jpg"], "intrinsics": [[[1272.5979470598488, 0.0, 826.6154927353808], [0.0, 1272.5979470598488, 479.75165386361925], [0.0, 0.0, 1.0]], [[1266.417203046554, 0.0, 816.2670197447984], [0.0, 1266.417203046554, 491.50706579294757], [0.0, 0.0, 1.0]], [[1260.8474446004698, 0.0, 807.968244525554], [0.0, 1260.8474446004698, 495.3344268742088], [0.0, 0.0, 1.0]], [[1256.7414812095406, 0.0, 792.1125740759628], [0.0, 1256.7414812095406, 492.7757465151356], [0.0, 0.0, 1.0]], [[809.2209905677063, 0.0, 829.2196003259838], [0.0, 809.2209905677063, 481.77842384512485], [0.0, 0.0, 1.0]], [[1259.5137405846733, 0.0, 807.2529053838625], [0.0, 1259.5137405846733, 501.19579884916527], [0.0, 0.0, 1.0]]], "extrinsics": [[[0.820848822593689, -0.5710364580154419, 0.011162436567246914, -0.6348876953125], [-0.007289007771760225, -0.0300160963088274, -0.9995228052139282, 1.50543212890625], [0.5710989832878113, 0.8203757405281067, -0.0288009624928236, -1.0546875], [0.0, 0.0, 0.0, 1.0]], [[0.005905949976295233, -0.9994035363197327, 0.03402489796280861, 0.0098876953125], [-0.012426218949258327, -0.034096214920282364, -0.9993413686752319, 1.5165328979492188], [0.9999052882194519, 0.005479240790009499, -0.012620178051292896, -1.3627853393554688], [0.0, 0.0, 0.0, 1.0]], [[-0.8328537344932556, -0.5532931685447693, 0.01487595122307539, 0.8199462890625], [-0.006633135490119457, -0.016897130757570267, -0.999835193157196, 1.501983642578125], [0.5534534454345703, -0.8328151702880859, 0.010402769781649113, -1.1043701171875], [0.0, 0.0, 0.0, 1.0]], [[0.9478226900100708, 0.3185521364212036, -0.012518052943050861, -1.13323974609375], [0.0026601054705679417, -0.04716774821281433, -0.9988833665847778, 1.588592529296875], [-0.3187869191169739, 0.9467311501502991, -0.04555404186248779, -0.10693359375], [0.0, 0.0, 0.0, 1.0]], [[0.0024265821557492018, 0.9993028044700623, -0.03725598752498627, 0.0020751953125], [-0.022979306057095528, -0.03719053417444229, -0.9990439414978027, 1.5771026611328125], [-0.9997329115867615, 0.0032803963404148817, 0.022873040288686752, -0.09798645973205566], [0.0, 0.0, 0.0, 1.0]], [[-0.934863805770874, 0.35461944341659546, -0.016576804220676422, 0.95989990234375], [0.009420542977750301, -0.021897200495004654, -0.9997158646583557, 1.553253173828125], [-0.35488161444664, -0.9347542524337769, 0.017130188643932343, -0.1282958984375], [0.0, 0.0, 0.0, 1.0]]], "view": [[0.0, -2.0, 100.0], [-2.0, 0.0, 100.0], [0.0, 0.0, 1.0]], "bev": "bev_0d169808083f45a49f945348d6406154.png", "aux": "aux_0d169808083f45a49f945348d6406154.npz", "visibility": "visibility_0d169808083f45a49f945348d6406154.png", "pose": [[0.8381769061088562, 0.545398473739624, 0.0, 1112.154052734375], [-0.545398473739624, 0.8381769061088562, 0.0, 1691.5655517578125], [0.0, 0.0, 1.0, 0.0], [0.0, 0.0, 0.0, 1.0]], "pose_inverse": [[0.8381769061088562, -0.545398473739624, 0.0, -9.604601860046387], [0.545398473739624, 0.8381769061088562, 0.0, -2024.3983154296875], [0.0, 0.0, 1.0, 0.0], [0.0, 0.0, 0.0, 1.0]], "cam_ids": [0, 1, 2, 3, 4, 5], "cam_channels": ["CAM_FRONT_LEFT", "CAM_FRONT", "CAM_FRONT_RIGHT", "CAM_BACK_LEFT", "CAM_BACK", "CAM_BACK_RIGHT"], "token": "0d169808083f45a49f945348d6406154", "scene": "scene-0430"}, {"images": ["samples/CAM_FRONT_LEFT/n015-2018-10-08-15-52-24+0800__CAM_FRONT_LEFT__1538985461254844.jpg", "samples/CAM_FRONT/n015-2018-10-08-15-52-24+0800__CAM_FRONT__1538985461262460.jpg", "samples/CAM_FRONT_RIGHT/n015-2018-10-08-15-52-24+0800__CAM_FRONT_RIGHT__1538985461270339.jpg", "samples/CAM_BACK_LEFT/n015-2018-10-08-15-52-24+0800__CAM_BACK_LEFT__1538985461297426.jpg", "samples/CAM_BACK/n015-2018-10-08-15-52-24+0800__CAM_BACK__1538985461287525.jpg", "samples/CAM_BACK_RIGHT/n015-2018-10-08-15-52-24+0800__CAM_BACK_RIGHT__1538985461277893.jpg"], "intrinsics": [[[1272.5979470598488, 0.0, 826.6154927353808], [0.0, 1272.5979470598488, 479.75165386361925], [0.0, 0.0, 1.0]], [[1266.417203046554, 0.0, 816.2670197447984], [0.0, 1266.417203046554, 491.50706579294757], [0.0, 0.0, 1.0]], [[1260.8474446004698, 0.0, 807.968244525554], [0.0, 1260.8474446004698, 495.3344268742088], [0.0, 0.0, 1.0]], [[1256.7414812095406, 0.0, 792.1125740759628], [0.0, 1256.7414812095406, 492.7757465151356], [0.0, 0.0, 1.0]], [[809.2209905677063, 0.0, 829.2196003259838], [0.0, 809.2209905677063, 481.77842384512485], [0.0, 0.0, 1.0]], [[1259.5137405846733, 0.0, 807.2529053838625], [0.0, 1259.5137405846733, 501.19579884916527], [0.0, 0.0, 1.0]]], "extrinsics": [[[0.8208447098731995, -0.5709974765777588, 0.013262445107102394, -0.637939453125], [-0.004632620140910149, -0.029875867068767548, -0.9995428919792175, 1.5064735412597656], [0.5711326599121094, 0.8204079866409302, -0.02716866135597229, -1.055419921875], [0.0, 0.0, 0.0, 1.0]], [[0.005751719232648611, -0.9994125366210938, 0.03378400206565857, 0.0087890625], [-0.00989327672868967, -0.03383978083729744, -0.9993783235549927, 1.5173492431640625], [0.9999346137046814, 0.005413914564996958, -0.010082102380692959, -1.3644542694091797], [0.0, 0.0, 0.0, 1.0]], [[-0.832991898059845, -0.5531397461891174, 0.012683078646659851, 0.8193359375], [-0.004234846215695143, -0.016548503190279007, -0.9998540878295898, 1.5025787353515625], [0.5532688498497009, -0.8329240679740906, 0.01144231203943491, -1.1055908203125], [0.0, 0.0, 0.0, 1.0]], [[0.9478324055671692, 0.3185923993587494, -0.010611841455101967, -1.13433837890625], [0.00457208976149559, -0.04687381908297539, -0.9988902807235718, 1.5886001586914062], [-0.31873631477355957, 0.946732223033905, -0.045885153114795685, -0.1063232421875], [0.0, 0.0, 0.0, 1.0]], [[0.002554351231083274, 0.9993157386779785, -0.0368996262550354, 0.00244140625], [-0.020901242271065712, -0.036838334053754807, -0.9991026520729065, 1.5773162841796875], [-0.9997782707214355, 0.0033233484718948603, 0.02079283818602562, -0.09711813926696777], [0.0, 0.0, 0.0, 1.0]], [[-0.9347768425941467, 0.35475030541419983, -0.01855960115790367, 0.960693359375], [0.011677646078169346, -0.02153075486421585, -0.9997000098228455, 1.5536651611328125], [-0.35504356026649475, -0.9347131848335266, 0.01598380319774151, -0.1290283203125], [0.0, 0.0, 0.0, 1.0]]], "view": [[0.0, -2.0, 100.0], [-2.0, 0.0, 100.0], [0.0, 0.0, 1.0]], "bev": "bev_3021384d028a4fbca34c3466da154859.png", "aux": "aux_3021384d028a4fbca34c3466da154859.npz", "visibility": "visibility_3021384d028a4fbca34c3466da154859.png", "pose": [[0.8370260000228882, 0.5471631288528442, 0.0, 1115.94140625], [-0.5471631288528442, 0.8370260000228882, 0.0, 1689.0635986328125], [0.0, 0.0, 1.0, 0.0], [0.0, 0.0, 0.0, 1.0]], "pose_inverse": [[0.8370260000228882, -0.5471631288528442, 0.0, -9.878708839416504], [0.5471631288528442, 0.8370260000228882, 0.0, -2024.39208984375], [0.0, 0.0, 1.0, 0.0], [0.0, 0.0, 0.0, 1.0]], "cam_ids": [0, 1, 2, 3, 4, 5], "cam_channels": ["CAM_FRONT_LEFT", "CAM_FRONT", "CAM_FRONT_RIGHT", "CAM_BACK_LEFT", "CAM_BACK", "CAM_BACK_RIGHT"], "token": "3021384d028a4fbca34c3466da154859", "scene": "scene-0430"}, {"images": ["samples/CAM_FRONT_LEFT/n015-2018-10-08-15-52-24+0800__CAM_FRONT_LEFT__1538985461754844.jpg", "samples/CAM_FRONT/n015-2018-10-08-15-52-24+0800__CAM_FRONT__1538985461762460.jpg", "samples/CAM_FRONT_RIGHT/n015-2018-10-08-15-52-24+0800__CAM_FRONT_RIGHT__1538985461770339.jpg", "samples/CAM_BACK_LEFT/n015-2018-10-08-15-52-24+0800__CAM_BACK_LEFT__1538985461797423.jpg", "samples/CAM_BACK/n015-2018-10-08-15-52-24+0800__CAM_BACK__1538985461787525.jpg", "samples/CAM_BACK_RIGHT/n015-2018-10-08-15-52-24+0800__CAM_BACK_RIGHT__1538985461777893.jpg"], "intrinsics": [[[1272.5979470598488, 0.0, 826.6154927353808], [0.0, 1272.5979470598488, 479.75165386361925], [0.0, 0.0, 1.0]], [[1266.417203046554, 0.0, 816.2670197447984], [0.0, 1266.417203046554, 491.50706579294757], [0.0, 0.0, 1.0]], [[1260.8474446004698, 0.0, 807.968244525554], [0.0, 1260.8474446004698, 495.3344268742088], [0.0, 0.0, 1.0]], [[1256.7414812095406, 0.0, 792.1125740759628], [0.0, 1256.7414812095406, 492.7757465151356], [0.0, 0.0, 1.0]], [[809.2209905677063, 0.0, 829.2196003259838], [0.0, 809.2209905677063, 481.77842384512485], [0.0, 0.0, 1.0]], [[1259.5137405846733, 0.0, 807.2529053838625], [0.0, 1259.5137405846733, 501.19579884916527], [0.0, 0.0, 1.0]]], "extrinsics": [[[0.8203772902488708, -0.5716745257377625, 0.013012857176363468, -0.6429443359375], [-0.004564337432384491, -0.029302701354026794, -0.9995601773262024, 1.5065193176269531], [0.5718044638633728, 0.8199570178985596, -0.026648586615920067, -1.057861328125], [0.0, 0.0, 0.0, 1.0]], [[0.00513961398974061, -0.9994361996650696, 0.0331779383122921, 0.008056640625], [-0.009803618304431438, -0.033227141946554184, -0.9993997812271118, 1.5174179077148438], [0.9999387264251709, 0.0048112110234797, -0.009968865662813187, -1.3706836700439453], [0.0, 0.0, 0.0, 1.0]], [[-0.8332116007804871, -0.5528194308280945, 0.012208804488182068, 0.824951171875], [-0.004122707061469555, -0.01586788333952427, -0.9998655915260315, 1.5026283264160156], [0.5529388785362244, -0.8331499099731445, 0.010942193679511547, -1.109619140625], [0.0, 0.0, 0.0, 1.0]], [[0.9479167461395264, 0.3183547556400299, -0.01020126324146986, -1.138916015625], [0.0046173278242349625, -0.04575811326503754, -0.9989418387413025, 1.588531494140625], [-0.3184846341609955, 0.9468666315078735, -0.04484482854604721, -0.104248046875], [0.0, 0.0, 0.0, 1.0]], [[0.00269402121193707, 0.9993503093719482, -0.035938650369644165, 0.0025634765625], [-0.02081308327615261, -0.03587495908141136, -0.9991395473480225, 1.5774459838867188], [-0.9997797012329102, 0.0034397197887301445, 0.020702913403511047, -0.0908128023147583], [0.0, 0.0, 0.0, 1.0]], [[-0.9346761107444763, 0.3550243079662323, -0.01839149184525013, 0.967041015625], [0.011795523576438427, -0.020734526216983795, -0.9997154474258423, 1.5535926818847656], [-0.35530465841293335, -0.934627115726471, 0.015192368999123573, -0.127197265625], [0.0, 0.0, 0.0, 1.0]]], "view": [[0.0, -2.0, 100.0], [-2.0, 0.0, 100.0], [0.0, 0.0, 1.0]], "bev": "bev_7cb49cc09a2d40c8926c645176bde435.png", "aux": "aux_7cb49cc09a2d40c8926c645176bde435.npz", "visibility": "visibility_7cb49cc09a2d40c8926c645176bde435.png", "pose": [[0.8346613049507141, 0.5507635474205017, 0.0, 1119.73388671875], [-0.5507635474205017, 0.8346613049507141, 0.0, 1686.54248046875], [0.0, 0.0, 1.0, 0.0], [0.0, 0.0, 0.0, 1.0]], "pose_inverse": [[0.8346613049507141, -0.5507635474205017, 0.0, -5.712502956390381], [0.5507635474205017, 0.8346613049507141, 0.0, -2024.400390625], [0.0, 0.0, 1.0, 0.0], [0.0, 0.0, 0.0, 1.0]], "cam_ids": [0, 1, 2, 3, 4, 5], "cam_channels": ["CAM_FRONT_LEFT", "CAM_FRONT", "CAM_FRONT_RIGHT", "CAM_BACK_LEFT", "CAM_BACK", "CAM_BACK_RIGHT"], "token": "7cb49cc09a2d40c8926c645176bde435", "scene": "scene-0430"}, {"images": ["samples/CAM_FRONT_LEFT/n015-2018-10-08-15-52-24+0800__CAM_FRONT_LEFT__1538985462254844.jpg", "samples/CAM_FRONT/n015-2018-10-08-15-52-24+0800__CAM_FRONT__1538985462262460.jpg", "samples/CAM_FRONT_RIGHT/n015-2018-10-08-15-52-24+0800__CAM_FRONT_RIGHT__1538985462270339.jpg", "samples/CAM_BACK_LEFT/n015-2018-10-08-15-52-24+0800__CAM_BACK_LEFT__1538985462297423.jpg", "samples/CAM_BACK/n015-2018-10-08-15-52-24+0800__CAM_BACK__1538985462287525.jpg", "samples/CAM_BACK_RIGHT/n015-2018-10-08-15-52-24+0800__CAM_BACK_RIGHT__1538985462277893.jpg"], "intrinsics": [[[1272.5979470598488, 0.0, 826.6154927353808], [0.0, 1272.5979470598488, 479.75165386361925], [0.0, 0.0, 1.0]], [[1266.417203046554, 0.0, 816.2670197447984], [0.0, 1266.417203046554, 491.50706579294757], [0.0, 0.0, 1.0]], [[1260.8474446004698, 0.0, 807.968244525554], [0.0, 1260.8474446004698, 495.3344268742088], [0.0, 0.0, 1.0]], [[1256.7414812095406, 0.0, 792.1125740759628], [0.0, 1256.7414812095406, 492.7757465151356], [0.0, 0.0, 1.0]], [[809.2209905677063, 0.0, 829.2196003259838], [0.0, 809.2209905677063, 481.77842384512485], [0.0, 0.0, 1.0]], [[1259.5137405846733, 0.0, 807.2529053838625], [0.0, 1259.5137405846733, 501.19579884916527], [0.0, 0.0, 1.0]]], "extrinsics": [[[0.8202003240585327, -0.5719628930091858, 0.011393062770366669, -0.6368408203125], [0.0031655605416744947, -0.015377332456409931, -0.9998767375946045, 1.509561538696289], [0.5720676779747009, 0.8201353549957275, -0.010801908560097218, -1.0557861328125], [0.0, 0.0, 0.0, 1.0]], [[0.004804237745702267, -0.9998083710670471, 0.01897701434791088, 0.0093994140625], [-0.0016532846493646502, -0.01898515224456787, -0.9998183846473694, 1.520050048828125], [0.9999870657920837, 0.004771987441927195, -0.001744176959618926, -1.3652572631835938], [0.0, 0.0, 0.0, 1.0]], [[-0.8333065509796143, -0.5528029799461365, -0.0029987492598593235, 0.821533203125], [0.004474703222513199, -0.001320693059824407, -0.9999890923500061, 1.5047857761383057], [0.5527929663658142, -0.8333109617233276, 0.003574172267690301, -1.106201171875], [0.0, 0.0, 0.0, 1.0]], [[0.9477505683898926, 0.31898200511932373, 0.004401648882776499, -1.13616943359375], [0.014836559072136879, -0.03029077686369419, -0.9994309544563293, 1.5886497497558594], [-0.3186671733856201, 0.9472765922546387, -0.03344069793820381, -0.105712890625], [0.0, 0.0, 0.0, 1.0]], [[0.0027923714369535446, 0.999779999256134, -0.02078642137348652, 0.0020751953125], [-0.01118750125169754, -0.020753968507051468, -0.9997220635414124, 1.5782966613769531], [-0.9999334812164307, 0.0030241452623158693, 0.011127088218927383, -0.0949251651763916], [0.0, 0.0, 0.0, 1.0]], [[-0.9345009922981262, 0.35530564188957214, -0.02158220298588276, 0.96246337890625], [0.020836226642131805, -0.005926348734647036, -0.9997653365135193, 1.5553159713745117], [-0.3553502559661865, -0.9347315430641174, -0.0018650504061952233, -0.1280517578125], [0.0, 0.0, 0.0, 1.0]]], "view": [[0.0, -2.0, 100.0], [-2.0, 0.0, 100.0], [0.0, 0.0, 1.0]], "bev": "bev_b311f9c0e9c548d0a1de144b8be3612f.png", "aux": "aux_b311f9c0e9c548d0a1de144b8be3612f.npz", "visibility": "visibility_b311f9c0e9c548d0a1de144b8be3612f.png", "pose": [[0.8341349959373474, 0.5515603423118591, 0.0, 1123.5421142578125], [-0.5515603423118591, 0.8341349959373474, 0.0, 1683.9747314453125], [0.0, 0.0, 1.0, 0.0], [0.0, 0.0, 0.0, 1.0]], "pose_inverse": [[0.8341349959373474, -0.5515603423118591, 0.0, -8.372171401977539], [0.5515603423118591, 0.8341349959373474, 0.0, -2024.363525390625], [0.0, 0.0, 1.0, 0.0], [0.0, 0.0, 0.0, 1.0]], "cam_ids": [0, 1, 2, 3, 4, 5], "cam_channels": ["CAM_FRONT_LEFT", "CAM_FRONT", "CAM_FRONT_RIGHT", "CAM_BACK_LEFT", "CAM_BACK", "CAM_BACK_RIGHT"], "token": "b311f9c0e9c548d0a1de144b8be3612f", "scene": "scene-0430"}, {"images": ["samples/CAM_FRONT_LEFT/n015-2018-10-08-15-52-24+0800__CAM_FRONT_LEFT__1538985462754844.jpg", "samples/CAM_FRONT/n015-2018-10-08-15-52-24+0800__CAM_FRONT__1538985462762460.jpg", "samples/CAM_FRONT_RIGHT/n015-2018-10-08-15-52-24+0800__CAM_FRONT_RIGHT__1538985462770339.jpg", "samples/CAM_BACK_LEFT/n015-2018-10-08-15-52-24+0800__CAM_BACK_LEFT__1538985462797423.jpg", "samples/CAM_BACK/n015-2018-10-08-15-52-24+0800__CAM_BACK__1538985462787525.jpg", "samples/CAM_BACK_RIGHT/n015-2018-10-08-15-52-24+0800__CAM_BACK_RIGHT__1538985462777893.jpg"], "intrinsics": [[[1272.5979470598488, 0.0, 826.6154927353808], [0.0, 1272.5979470598488, 479.75165386361925], [0.0, 0.0, 1.0]], [[1266.417203046554, 0.0, 816.2670197447984], [0.0, 1266.417203046554, 491.50706579294757], [0.0, 0.0, 1.0]], [[1260.8474446004698, 0.0, 807.968244525554], [0.0, 1260.8474446004698, 495.3344268742088], [0.0, 0.0, 1.0]], [[1256.7414812095406, 0.0, 792.1125740759628], [0.0, 1256.7414812095406, 492.7757465151356], [0.0, 0.0, 1.0]], [[809.2209905677063, 0.0, 829.2196003259838], [0.0, 809.2209905677063, 481.77842384512485], [0.0, 0.0, 1.0]], [[1259.5137405846733, 0.0, 807.2529053838625], [0.0, 1259.5137405846733, 501.19579884916527], [0.0, 0.0, 1.0]]], "extrinsics": [[[0.8204148411750793, -0.5717095136642456, -0.008221261203289032, -0.639892578125], [-0.007153802551329136, 0.0041137924417853355, -0.9999659657478333, 1.5054149627685547], [0.5717238783836365, 0.820445716381073, -0.0007148801814764738, -1.05615234375], [0.0, 0.0, 0.0, 1.0]], [[0.005392154678702354, -0.99998539686203, -0.00023101748956833035, 0.0087890625], [-0.01254130620509386, 0.0001633768406463787, -0.9999213814735413, 1.5164417028427124], [0.9999067783355713, 0.005394619889557362, -0.01254024263471365, -1.3661231994628906], [0.0, 0.0, 0.0, 1.0]], [[-0.83299720287323, -0.5532638430595398, -0.003829137422144413, 0.82080078125], [-0.006973596755415201, 0.01741926558315754, -0.9998239278793335, 1.5018234252929688], [0.5532331466674805, -0.8328239321708679, -0.018368441611528397, -1.105712890625], [0.0, 0.0, 0.0, 1.0]], [[0.9477566480636597, 0.3189827799797058, -0.002705169143155217, -1.1375732421875], [0.0015689802821725607, -0.01314159668982029, -0.999912440776825, 1.5885658264160156], [-0.3189903795719147, 0.9476693272590637, -0.012955514714121819, -0.1053466796875], [0.0, 0.0, 0.0, 1.0]], [[0.0024027859326452017, 0.9999923706054688, -0.003088428871706128, 0.002197265625], [-0.023813940584659576, -0.0030303429812192917, -0.999711811542511, 1.5770649909973145], [-0.9997135400772095, 0.002475560875609517, 0.02380647510290146, -0.09468841552734375], [0.0, 0.0, 0.0, 1.0]], [[-0.9348188042640686, 0.3551037609577179, -0.003888297127559781, 0.9622802734375], [0.008862167596817017, 0.012381371110677719, -0.9998841285705566, 1.553070068359375], [-0.35501453280448914, -0.9347448945045471, -0.01472132932394743, -0.1279296875], [0.0, 0.0, 0.0, 1.0]]], "view": [[0.0, -2.0, 100.0], [-2.0, 0.0, 100.0], [0.0, 0.0, 1.0]], "bev": "bev_9a4de0e1c3224d4f9cd342d2598a1f36.png", "aux": "aux_9a4de0e1c3224d4f9cd342d2598a1f36.npz", "visibility": "visibility_9a4de0e1c3224d4f9cd342d2598a1f36.png", "pose": [[0.8388326168060303, 0.5443893671035767, 0.0, 1127.332763671875], [-0.5443893671035767, 0.8388326168060303, 0.0, 1681.45947265625], [0.0, 0.0, 1.0, 0.0], [0.0, 0.0, 0.0, 1.0]], "pose_inverse": [[0.8388326168060303, -0.5443893671035767, 0.0, -30.274839401245117], [0.5443893671035767, 0.8388326168060303, 0.0, -2024.1710205078125], [0.0, 0.0, 1.0, 0.0], [0.0, 0.0, 0.0, 1.0]], "cam_ids": [0, 1, 2, 3, 4, 5], "cam_channels": ["CAM_FRONT_LEFT", "CAM_FRONT", "CAM_FRONT_RIGHT", "CAM_BACK_LEFT", "CAM_BACK", "CAM_BACK_RIGHT"], "token": "9a4de0e1c3224d4f9cd342d2598a1f36", "scene": "scene-0430"}, {"images": ["samples/CAM_FRONT_LEFT/n015-2018-10-08-15-52-24+0800__CAM_FRONT_LEFT__1538985463254844.jpg", "samples/CAM_FRONT/n015-2018-10-08-15-52-24+0800__CAM_FRONT__1538985463262460.jpg", "samples/CAM_FRONT_RIGHT/n015-2018-10-08-15-52-24+0800__CAM_FRONT_RIGHT__1538985463270339.jpg", "samples/CAM_BACK_LEFT/n015-2018-10-08-15-52-24+0800__CAM_BACK_LEFT__1538985463297423.jpg", "samples/CAM_BACK/n015-2018-10-08-15-52-24+0800__CAM_BACK__1538985463287530.jpg", "samples/CAM_BACK_RIGHT/n015-2018-10-08-15-52-24+0800__CAM_BACK_RIGHT__1538985463277893.jpg"], "intrinsics": [[[1272.5979470598488, 0.0, 826.6154927353808], [0.0, 1272.5979470598488, 479.75165386361925], [0.0, 0.0, 1.0]], [[1266.417203046554, 0.0, 816.2670197447984], [0.0, 1266.417203046554, 491.50706579294757], [0.0, 0.0, 1.0]], [[1260.8474446004698, 0.0, 807.968244525554], [0.0, 1260.8474446004698, 495.3344268742088], [0.0, 0.0, 1.0]], [[1256.7414812095406, 0.0, 792.1125740759628], [0.0, 1256.7414812095406, 492.7757465151356], [0.0, 0.0, 1.0]], [[809.2209905677063, 0.0, 829.2196003259838], [0.0, 809.2209905677063, 481.77842384512485], [0.0, 0.0, 1.0]], [[1259.5137405846733, 0.0, 807.2529053838625], [0.0, 1259.5137405846733, 501.19579884916527], [0.0, 0.0, 1.0]]], "extrinsics": [[[0.8205227851867676, -0.5714046955108643, -0.015455161221325397, -0.628173828125], [-0.02017640322446823, -0.001930706319399178, -0.999794602394104, 1.500007152557373], [0.5712575316429138, 0.8206661343574524, -0.013113080523908138, -1.0487060546875], [0.0, 0.0, 0.0, 1.0]], [[0.005666649900376797, -0.9999650716781616, 0.006143294740468264, 0.0087890625], [-0.025602858513593674, -0.006286460906267166, -0.9996524453163147, 1.5119457244873047], [0.9996561408042908, 0.005507341586053371, -0.025637585669755936, -1.3566741943359375], [0.0, 0.0, 0.0, 1.0]], [[-0.8329485058784485, -0.5532436370849609, 0.010868108831346035, 0.8162841796875], [-0.020090492442250252, 0.010608423501253128, -0.9997418522834778, 1.4983997344970703], [0.5529855489730835, -0.8329518437385559, -0.01995120756328106, -1.103515625], [0.0, 0.0, 0.0, 1.0]], [[0.9476020932197571, 0.3189564049243927, -0.017808781936764717, -1.13787841796875], [-0.011652177199721336, -0.021200211718678474, -0.9997073411941528, 1.5885047912597656], [-0.3192405104637146, 0.9475322365760803, -0.01637282781302929, -0.1053466796875], [0.0, 0.0, 0.0, 1.0]], [[0.002267098519951105, 0.9999403357505798, -0.010683219879865646, 0.002685546875], [-0.03698451444506645, -0.010592092759907246, -0.9992597103118896, 1.57574462890625], [-0.999313235282898, 0.002660545287653804, 0.03695829212665558, -0.0959014892578125], [0.0, 0.0, 0.0, 1.0]], [[-0.9348125457763672, 0.3550930619239807, 0.005865135230123997, 0.9593505859375], [-0.00428226450458169, 0.005243366584181786, -0.9999771118164062, 1.550638198852539], [-0.35511571168899536, -0.934816300868988, -0.003380961949005723, -0.1298828125], [0.0, 0.0, 0.0, 1.0]]], "view": [[0.0, -2.0, 100.0], [-2.0, 0.0, 100.0], [0.0, 0.0, 1.0]], "bev": "bev_6ec9efedc0854794a4c54bbddf7423dd.png", "aux": "aux_6ec9efedc0854794a4c54bbddf7423dd.npz", "visibility": "visibility_6ec9efedc0854794a4c54bbddf7423dd.png", "pose": [[0.841961681842804, 0.5395373106002808, 0.0, 1131.273193359375], [-0.5395373106002808, 0.841961681842804, 0.0, 1678.89111328125], [0.0, 0.0, 1.0, 0.0], [0.0, 0.0, 0.0, 1.0]], "pose_inverse": [[0.841961681842804, -0.5395373106002808, 0.0, -46.66422653198242], [0.5395373106002808, 0.841961681842804, 0.0, -2023.9261474609375], [0.0, 0.0, 1.0, 0.0], [0.0, 0.0, 0.0, 1.0]], "cam_ids": [0, 1, 2, 3, 4, 5], "cam_channels": ["CAM_FRONT_LEFT", "CAM_FRONT", "CAM_FRONT_RIGHT", "CAM_BACK_LEFT", "CAM_BACK", "CAM_BACK_RIGHT"], "token": "6ec9efedc0854794a4c54bbddf7423dd", "scene": "scene-0430"}, {"images": ["samples/CAM_FRONT_LEFT/n015-2018-10-08-15-52-24+0800__CAM_FRONT_LEFT__1538985463754844.jpg", "samples/CAM_FRONT/n015-2018-10-08-15-52-24+0800__CAM_FRONT__1538985463762460.jpg", "samples/CAM_FRONT_RIGHT/n015-2018-10-08-15-52-24+0800__CAM_FRONT_RIGHT__1538985463770339.jpg", "samples/CAM_BACK_LEFT/n015-2018-10-08-15-52-24+0800__CAM_BACK_LEFT__1538985463797423.jpg", "samples/CAM_BACK/n015-2018-10-08-15-52-24+0800__CAM_BACK__1538985463787525.jpg", "samples/CAM_BACK_RIGHT/n015-2018-10-08-15-52-24+0800__CAM_BACK_RIGHT__1538985463777893.jpg"], "intrinsics": [[[1272.5979470598488, 0.0, 826.6154927353808], [0.0, 1272.5979470598488, 479.75165386361925], [0.0, 0.0, 1.0]], [[1266.417203046554, 0.0, 816.2670197447984], [0.0, 1266.417203046554, 491.50706579294757], [0.0, 0.0, 1.0]], [[1260.8474446004698, 0.0, 807.968244525554], [0.0, 1260.8474446004698, 495.3344268742088], [0.0, 0.0, 1.0]], [[1256.7414812095406, 0.0, 792.1125740759628], [0.0, 1256.7414812095406, 492.7757465151356], [0.0, 0.0, 1.0]], [[809.2209905677063, 0.0, 829.2196003259838], [0.0, 809.2209905677063, 481.77842384512485], [0.0, 0.0, 1.0]], [[1259.5137405846733, 0.0, 807.2529053838625], [0.0, 1259.5137405846733, 501.19579884916527], [0.0, 0.0, 1.0]]], "extrinsics": [[[0.8199992775917053, -0.5723591446876526, 0.002492280676960945, -0.6214599609375], [-0.021649062633514404, -0.03536652401089668, -0.9991399049758911, 1.4993972778320312], [0.5719549655914307, 0.8192399740219116, -0.041391562670469284, -1.0460205078125], [0.0, 0.0, 0.0, 1.0]], [[0.004960640333592892, -0.9992104768753052, 0.039417803287506104, 0.01025390625], [-0.026616346091032028, -0.0395362563431263, -0.9988635778427124, 1.5115737915039062], [0.9996333718299866, 0.0039059044793248177, -0.026791460812091827, -1.3505630493164062], [0.0, 0.0, 0.0, 1.0]], [[-0.8332443833351135, -0.5521125793457031, 0.02958863042294979, 0.8128662109375], [-0.020608138293027878, -0.02246510237455368, -0.9995351433753967, 1.4982376098632812], [0.5525205731391907, -0.8334668874740601, 0.007340910844504833, -1.0997314453125], [0.0, 0.0, 0.0, 1.0]], [[0.9477345943450928, 0.31792202591896057, -0.02692059613764286, -1.13897705078125], [-0.01052970439195633, -0.05316293239593506, -0.9985303282737732, 1.5885238647460938], [-0.3188859224319458, 0.9466252326965332, -0.04703672230243683, -0.1048583984375], [0.0, 0.0, 0.0, 1.0]], [[0.0025777576956897974, 0.9990647435188293, -0.043163884431123734, 0.001953125], [-0.036455463618040085, -0.043041449040174484, -0.9984079599380493, 1.5758056640625], [-0.9993320107460022, 0.004147255327552557, 0.03631041198968887, -0.0966949462890625], [0.0, 0.0, 0.0, 1.0]], [[-0.9346568584442139, 0.35550427436828613, -0.005766317714005709, 0.9560546875], [-0.004336369689553976, -0.02761453203856945, -0.9996092319488525, 1.5506706237792969], [-0.35552459955215454, -0.9342666864395142, 0.027351712808012962, -0.130126953125], [0.0, 0.0, 0.0, 1.0]]], "view": [[0.0, -2.0, 100.0], [-2.0, 0.0, 100.0], [0.0, 0.0, 1.0]], "bev": "bev_da3963e477cb4a028879fa9dd181b294.png", "aux": "aux_da3963e477cb4a028879fa9dd181b294.npz", "visibility": "visibility_da3963e477cb4a028879fa9dd181b294.png", "pose": [[0.844494640827179, 0.5355640053749084, 0.0, 1135.2833251953125], [-0.5355640053749084, 0.844494640827179, 0.0, 1676.2864990234375], [0.0, 0.0, 1.0, 0.0], [0.0, 0.0, 0.0, 1.0]], "pose_inverse": [[0.844494640827179, -0.5355640053749084, 0.0, -60.98195266723633], [0.5355640053749084, 0.844494640827179, 0.0, -2023.6318359375], [0.0, 0.0, 1.0, 0.0], [0.0, 0.0, 0.0, 1.0]], "cam_ids": [0, 1, 2, 3, 4, 5], "cam_channels": ["CAM_FRONT_LEFT", "CAM_FRONT", "CAM_FRONT_RIGHT", "CAM_BACK_LEFT", "CAM_BACK", "CAM_BACK_RIGHT"], "token": "da3963e477cb4a028879fa9dd181b294", "scene": "scene-0430"}, {"images": ["samples/CAM_FRONT_LEFT/n015-2018-10-08-15-52-24+0800__CAM_FRONT_LEFT__1538985464254844.jpg", "samples/CAM_FRONT/n015-2018-10-08-15-52-24+0800__CAM_FRONT__1538985464262460.jpg", "samples/CAM_FRONT_RIGHT/n015-2018-10-08-15-52-24+0800__CAM_FRONT_RIGHT__1538985464270339.jpg", "samples/CAM_BACK_LEFT/n015-2018-10-08-15-52-24+0800__CAM_BACK_LEFT__1538985464297423.jpg", "samples/CAM_BACK/n015-2018-10-08-15-52-24+0800__CAM_BACK__1538985464287525.jpg", "samples/CAM_BACK_RIGHT/n015-2018-10-08-15-52-24+0800__CAM_BACK_RIGHT__1538985464277893.jpg"], "intrinsics": [[[1272.5979470598488, 0.0, 826.6154927353808], [0.0, 1272.5979470598488, 479.75165386361925], [0.0, 0.0, 1.0]], [[1266.417203046554, 0.0, 816.2670197447984], [0.0, 1266.417203046554, 491.50706579294757], [0.0, 0.0, 1.0]], [[1260.8474446004698, 0.0, 807.968244525554], [0.0, 1260.8474446004698, 495.3344268742088], [0.0, 0.0, 1.0]], [[1256.7414812095406, 0.0, 792.1125740759628], [0.0, 1256.7414812095406, 492.7757465151356], [0.0, 0.0, 1.0]], [[809.2209905677063, 0.0, 829.2196003259838], [0.0, 809.2209905677063, 481.77842384512485], [0.0, 0.0, 1.0]], [[1259.5137405846733, 0.0, 807.2529053838625], [0.0, 1259.5137405846733, 501.19579884916527], [0.0, 0.0, 1.0]]], "extrinsics": [[[0.820483922958374, -0.5716696381568909, -7.479774649254978e-05, -0.6253662109375], [-0.014995353296399117, -0.02139115333557129, -0.9996587038040161, 1.5021133422851562], [0.5714729428291321, 0.82020503282547, -0.02612348459661007, -1.046630859375], [0.0, 0.0, 0.0, 1.0]], [[0.005477104336023331, -0.9996686577796936, 0.025149337947368622, 0.0087890625], [-0.02030206099152565, -0.02525569684803486, -0.9994748830795288, 1.5137062072753906], [0.9997789263725281, 0.004963719751685858, -0.020433662459254265, -1.3535614013671875], [0.0, 0.0, 0.0, 1.0]], [[-0.8330631256103516, -0.5529287457466125, 0.016599101945757866, 0.814453125], [-0.014696997590363026, -0.007873104885220528, -0.9998610019683838, 1.4997997283935547], [0.5529826283454895, -0.8331912755966187, -0.0015675988979637623, -1.10205078125], [0.0, 0.0, 0.0, 1.0]], [[0.9477033615112305, 0.3186556398868561, -0.01779838465154171, -1.1412353515625], [-0.006074720527976751, -0.03774713724851608, -0.9992688298225403, 1.5885391235351562], [-0.3190944790840149, 0.9471186399459839, -0.033837348222732544, -0.10400390625], [0.0, 0.0, 0.0, 1.0]], [[0.0024093894753605127, 0.9996061325073242, -0.027960259467363358, 0.0023193359375], [-0.03149361535906792, -0.02787061594426632, -0.9991152882575989, 1.576324462890625], [-0.9995009899139404, 0.003287876956164837, 0.031414054334163666, -0.094970703125], [0.0, 0.0, 0.0, 1.0]], [[-0.9347935318946838, 0.35514765977859497, -0.00559909176081419, 0.95855712890625], [0.0011527467286214232, -0.012730074115097523, -0.9999183416366577, 1.5516796112060547], [-0.35518983006477356, -0.9347235560417175, 0.011490590870380402, -0.1300048828125], [0.0, 0.0, 0.0, 1.0]]], "view": [[0.0, -2.0, 100.0], [-2.0, 0.0, 100.0], [0.0, 0.0, 1.0]], "bev": "bev_aff3b2b0ea88495da1ab22518ec61bb2.png", "aux": "aux_aff3b2b0ea88495da1ab22518ec61bb2.npz", "visibility": "visibility_aff3b2b0ea88495da1ab22518ec61bb2.png", "pose": [[0.8469943404197693, 0.5316019058227539, 0.0, 1139.33984375], [-0.5316019058227539, 0.8469943404197693, 0.0, 1673.6822509765625], [0.0, 0.0, 1.0, 0.0], [0.0, 0.0, 0.0, 1.0]], "pose_inverse": [[0.8469943404197693, -0.5316019058227539, 0.0, -75.28172302246094], [0.5316019058227539, 0.8469943404197693, 0.0, -2023.274658203125], [0.0, 0.0, 1.0, 0.0], [0.0, 0.0, 0.0, 1.0]], "cam_ids": [0, 1, 2, 3, 4, 5], "cam_channels": ["CAM_FRONT_LEFT", "CAM_FRONT", "CAM_FRONT_RIGHT", "CAM_BACK_LEFT", "CAM_BACK", "CAM_BACK_RIGHT"], "token": "aff3b2b0ea88495da1ab22518ec61bb2", "scene": "scene-0430"}, {"images": ["samples/CAM_FRONT_LEFT/n015-2018-10-08-15-52-24+0800__CAM_FRONT_LEFT__1538985464754844.jpg", "samples/CAM_FRONT/n015-2018-10-08-15-52-24+0800__CAM_FRONT__1538985464762460.jpg", "samples/CAM_FRONT_RIGHT/n015-2018-10-08-15-52-24+0800__CAM_FRONT_RIGHT__1538985464770339.jpg", "samples/CAM_BACK_LEFT/n015-2018-10-08-15-52-24+0800__CAM_BACK_LEFT__1538985464797423.jpg", "samples/CAM_BACK/n015-2018-10-08-15-52-24+0800__CAM_BACK__1538985464787525.jpg", "samples/CAM_BACK_RIGHT/n015-2018-10-08-15-52-24+0800__CAM_BACK_RIGHT__1538985464777893.jpg"], "intrinsics": [[[1272.5979470598488, 0.0, 826.6154927353808], [0.0, 1272.5979470598488, 479.75165386361925], [0.0, 0.0, 1.0]], [[1266.417203046554, 0.0, 816.2670197447984], [0.0, 1266.417203046554, 491.50706579294757], [0.0, 0.0, 1.0]], [[1260.8474446004698, 0.0, 807.968244525554], [0.0, 1260.8474446004698, 495.3344268742088], [0.0, 0.0, 1.0]], [[1256.7414812095406, 0.0, 792.1125740759628], [0.0, 1256.7414812095406, 492.7757465151356], [0.0, 0.0, 1.0]], [[809.2209905677063, 0.0, 829.2196003259838], [0.0, 809.2209905677063, 481.77842384512485], [0.0, 0.0, 1.0]], [[1259.5137405846733, 0.0, 807.2529053838625], [0.0, 1259.5137405846733, 501.19579884916527], [0.0, 0.0, 1.0]]], "extrinsics": [[[0.8205876350402832, -0.5715205669403076, -0.00047787674702703953, -0.6322021484375], [-0.014112121425569057, -0.019426237791776657, -0.9997116923332214, 1.502593994140625], [0.5713465213775635, 0.8203577995300293, -0.024006297811865807, -1.0516357421875], [0.0, 0.0, 0.0, 1.0]], [[0.005608910229057074, -0.9997088313102722, 0.02346918359398842, 0.009033203125], [-0.0193472970277071, -0.023573650047183037, -0.9995349049568176, 1.5141487121582031], [0.9997970461845398, 0.005152162164449692, -0.019473886117339134, -1.359954833984375], [0.0, 0.0, 0.0, 1.0]], [[-0.8330090641975403, -0.5530573725700378, 0.014949065633118153, 0.8175048828125], [-0.013640651479363441, -0.006481379270553589, -0.9998859167098999, 1.5001220703125], [0.5530911684036255, -0.8331179618835449, -0.0021450137719511986, -1.1041259765625], [0.0, 0.0, 0.0, 1.0]], [[0.947702169418335, 0.3187377452850342, -0.016332153230905533, -1.13873291015625], [-0.004639241844415665, -0.03740983456373215, -0.9992892146110535, 1.5885467529296875], [-0.31912219524383545, 0.9471044540405273, -0.03397468477487564, -0.1053466796875], [0.0, 0.0, 0.0, 1.0]], [[0.002387898974120617, 0.9996260404586792, -0.02724221721291542, 0.002197265625], [-0.030201969668269157, -0.027157776057720184, -0.9991748332977295, 1.5764122009277344], [-0.9995409846305847, 0.0032086363062262535, 0.030125824734568596, -0.096160888671875], [0.0, 0.0, 0.0, 1.0]], [[-0.9348210692405701, 0.35506322979927063, -0.006299557629972696, 0.95989990234375], [0.0023192930966615677, -0.01163452584296465, -0.9999296069145203, 1.551900863647461], [-0.3551115095615387, -0.9347699284553528, 0.010052701458334923, -0.1292724609375], [0.0, 0.0, 0.0, 1.0]]], "view": [[0.0, -2.0, 100.0], [-2.0, 0.0, 100.0], [0.0, 0.0, 1.0]], "bev": "bev_60e4781464fe4192bff2533d72d3e491.png", "aux": "aux_60e4781464fe4192bff2533d72d3e491.npz", "visibility": "visibility_60e4781464fe4192bff2533d72d3e491.png", "pose": [[0.84907066822052, 0.5282793045043945, 0.0, 1143.400634765625], [-0.5282793045043945, 0.84907066822052, 0.0, 1671.1065673828125], [0.0, 0.0, 1.0, 0.0], [0.0, 0.0, 0.0, 1.0]], "pose_inverse": [[0.84907066822052, -0.5282793045043945, 0.0, -88.01691436767578], [0.5282793045043945, 0.84907066822052, 0.0, -2022.9224853515625], [0.0, 0.0, 1.0, 0.0], [0.0, 0.0, 0.0, 1.0]], "cam_ids": [0, 1, 2, 3, 4, 5], "cam_channels": ["CAM_FRONT_LEFT", "CAM_FRONT", "CAM_FRONT_RIGHT", "CAM_BACK_LEFT", "CAM_BACK", "CAM_BACK_RIGHT"], "token": "60e4781464fe4192bff2533d72d3e491", "scene": "scene-0430"}, {"images": ["samples/CAM_FRONT_LEFT/n015-2018-10-08-15-52-24+0800__CAM_FRONT_LEFT__1538985465154844.jpg", "samples/CAM_FRONT/n015-2018-10-08-15-52-24+0800__CAM_FRONT__1538985465162460.jpg", "samples/CAM_FRONT_RIGHT/n015-2018-10-08-15-52-24+0800__CAM_FRONT_RIGHT__1538985465170339.jpg", "samples/CAM_BACK_LEFT/n015-2018-10-08-15-52-24+0800__CAM_BACK_LEFT__1538985465197423.jpg", "samples/CAM_BACK/n015-2018-10-08-15-52-24+0800__CAM_BACK__1538985465187525.jpg", "samples/CAM_BACK_RIGHT/n015-2018-10-08-15-52-24+0800__CAM_BACK_RIGHT__1538985465177893.jpg"], "intrinsics": [[[1272.5979470598488, 0.0, 826.6154927353808], [0.0, 1272.5979470598488, 479.75165386361925], [0.0, 0.0, 1.0]], [[1266.417203046554, 0.0, 816.2670197447984], [0.0, 1266.417203046554, 491.50706579294757], [0.0, 0.0, 1.0]], [[1260.8474446004698, 0.0, 807.968244525554], [0.0, 1260.8474446004698, 495.3344268742088], [0.0, 0.0, 1.0]], [[1256.7414812095406, 0.0, 792.1125740759628], [0.0, 1256.7414812095406, 492.7757465151356], [0.0, 0.0, 1.0]], [[809.2209905677063, 0.0, 829.2196003259838], [0.0, 809.2209905677063, 481.77842384512485], [0.0, 0.0, 1.0]], [[1259.5137405846733, 0.0, 807.2529053838625], [0.0, 1259.5137405846733, 501.19579884916527], [0.0, 0.0, 1.0]]], "extrinsics": [[[0.8205121755599976, -0.5716119408607483, 0.0044283936731517315, -0.6317138671875], [-0.009881244972348213, -0.021928854286670685, -0.9997106790542603, 1.5043106079101562], [0.5715435743331909, 0.8202310800552368, -0.023641128093004227, -1.0513916015625], [0.0, 0.0, 0.0, 1.0]], [[0.005420559085905552, -0.9996485114097595, 0.025949740782380104, 0.009033203125], [-0.015167167410254478, -0.026029326021671295, -0.9995461702346802, 1.5155487060546875], [0.9998703002929688, 0.005024487618356943, -0.015302930027246475, -1.3598861694335938], [0.0, 0.0, 0.0, 1.0]], [[-0.8330952525138855, -0.5529809594154358, 0.012819074094295502, 0.818115234375], [-0.009497967548668385, -0.00887061282992363, -0.9999155402183533, 1.5012016296386719], [0.5530480146408081, -0.8331466317176819, 0.0021378693636506796, -1.1043701171875], [0.0, 0.0, 0.0, 1.0]], [[0.9477798342704773, 0.3186538815498352, -0.01315940823405981, -1.13916015625], [-0.0006726196152158082, -0.03926442936062813, -0.9992285966873169, 1.58856201171875], [-0.31892475485801697, 0.9470575451850891, -0.03699969872832298, -0.1053466796875], [0.0, 0.0, 0.0, 1.0]], [[0.0024992076214402914, 0.9995675683021545, -0.029302580282092094, 0.00244140625], [-0.0261486396193504