[{"images": ["samples/CAM_FRONT_LEFT/n008-2018-08-01-15-16-36-0400__CAM_FRONT_LEFT__1533151825654799.jpg", "samples/CAM_FRONT/n008-2018-08-01-15-16-36-0400__CAM_FRONT__1533151825662404.jpg", "samples/CAM_FRONT_RIGHT/n008-2018-08-01-15-16-36-0400__CAM_FRONT_RIGHT__1533151825670482.jpg", "samples/CAM_BACK_LEFT/n008-2018-08-01-15-16-36-0400__CAM_BACK_LEFT__1533151825697405.jpg", "samples/CAM_BACK/n008-2018-08-01-15-16-36-0400__CAM_BACK__1533151825687689.jpg", "samples/CAM_BACK_RIGHT/n008-2018-08-01-15-16-36-0400__CAM_BACK_RIGHT__1533151825678113.jpg"], "intrinsics": [[[1257.8625342125129, 0.0, 827.2410631095686], [0.0, 1257.8625342125129, 450.915498205774], [0.0, 0.0, 1.0]], [[1252.8131021185304, 0.0, 826.588114781398], [0.0, 1252.8131021185304, 469.9846626224581], [0.0, 0.0, 1.0]], [[1256.7485116440405, 0.0, 817.7887570959712], [0.0, 1256.7485116440403, 451.9541780095127], [0.0, 0.0, 1.0]], [[1254.9860565800168, 0.0, 829.5769333630991], [0.0, 1254.9860565800168, 467.1680561863987], [0.0, 0.0, 1.0]], [[796.8910634503094, 0.0, 857.7774326863696], [0.0, 796.8910634503094, 476.8848988407415], [0.0, 0.0, 1.0]], [[1249.9629280788233, 0.0, 825.3768045375984], [0.0, 1249.9629280788233, 462.54816385708756], [0.0, 0.0, 1.0]]], "extrinsics": [[[0.8225833177566528, -0.5686447024345398, 0.00018303650722373277, -0.998291015625], [0.0020849211141467094, 0.002694101072847843, -0.999994158744812, 1.488309621810913], [0.568640947341919, 0.8225788474082947, 0.003401700174435973, -1.32916259765625], [0.0, 0.0, 0.0, 1.0]], [[0.010312170721590519, -0.9999457001686096, 0.0014567193575203419, 0.00592041015625], [0.004058360122144222, -0.001414932426996529, -0.9999908208847046, 1.4801921844482422], [0.9999386072158813, 0.010317998938262463, 0.004043550230562687, -1.7281494140625], [0.0, 0.0, 0.0, 1.0]], [[-0.8439868688583374, -0.5363423824310303, -0.004790374077856541, 1.08642578125], [0.012088686227798462, -0.01009227056056261, -0.9998759627342224, 1.4931354522705078], [0.5362275838851929, -0.8439401388168335, 0.015001419931650162, -1.2745361328125], [0.0, 0.0, 0.0, 1.0]], [[0.9478331804275513, 0.31857722997665405, -0.010994038544595242, -1.1436767578125], [-0.013314329087734222, 0.005106582771986723, -0.9998983144760132, 1.5620441436767578], [-0.3184887170791626, 0.947883129119873, 0.009081832133233547, -0.156005859375], [0.0, 0.0, 0.0, 1.0]], [[0.009175889194011688, 0.9999547004699707, -0.002537023974582553, -0.02911376953125], [-0.011181346140801907, -0.002434368710964918, -0.9999344944953918, 1.5680427551269531], [-0.9998953938484192, 0.009203675203025341, 0.011158502660691738, 0.04248046875], [0.0, 0.0, 0.0, 1.0]], [[-0.9237724542617798, 0.3829285502433777, -0.003188968636095524, 1.1572265625], [-0.006975426804274321, -0.02515244297683239, -0.9996592998504639, 1.5477919578552246], [-0.38287827372550964, -0.9234354496002197, 0.02590622380375862, -0.04477691650390625], [0.0, 0.0, 0.0, 1.0]]], "view": [[0.0, -2.0, 100.0], [-2.0, 0.0, 100.0], [0.0, 0.0, 1.0]], "bev": "bev_339ead96177c4e338fde8235c188cfaa.png", "aux": "aux_339ead96177c4e338fde8235c188cfaa.npz", "visibility": "visibility_339ead96177c4e338fde8235c188cfaa.png", "pose": [[0.4763442277908325, -0.8792588710784912, 0.0, 1663.7105712890625], [0.8792588710784912, 0.4763442277908325, 0.0, 1254.0889892578125], [0.0, 0.0, 1.0, 0.0], [0.0, 0.0, 0.0, 1.0]], "pose_inverse": [[0.4763442277908325, 0.8792588710784912, 0.0, -1895.1678466796875], [-0.8792588710784912, 0.4763442277908325, 0.0, 865.4542236328125], [0.0, 0.0, 1.0, 0.0], [0.0, 0.0, 0.0, 1.0]], "cam_ids": [0, 1, 2, 3, 4, 5], "cam_channels": ["CAM_FRONT_LEFT", "CAM_FRONT", "CAM_FRONT_RIGHT", "CAM_BACK_LEFT", "CAM_BACK", "CAM_BACK_RIGHT"], "token": "339ead96177c4e338fde8235c188cfaa", "scene": "scene-0108"}, {"images": ["samples/CAM_FRONT_LEFT/n008-2018-08-01-15-16-36-0400__CAM_FRONT_LEFT__1533151826154799.jpg", "samples/CAM_FRONT/n008-2018-08-01-15-16-36-0400__CAM_FRONT__1533151826162407.jpg", "samples/CAM_FRONT_RIGHT/n008-2018-08-01-15-16-36-0400__CAM_FRONT_RIGHT__1533151826170482.jpg", "samples/CAM_BACK_LEFT/n008-2018-08-01-15-16-36-0400__CAM_BACK_LEFT__1533151826197405.jpg", "samples/CAM_BACK/n008-2018-08-01-15-16-36-0400__CAM_BACK__1533151826187558.jpg", "samples/CAM_BACK_RIGHT/n008-2018-08-01-15-16-36-0400__CAM_BACK_RIGHT__1533151826178113.jpg"], "intrinsics": [[[1257.8625342125129, 0.0, 827.2410631095686], [0.0, 1257.8625342125129, 450.915498205774], [0.0, 0.0, 1.0]], [[1252.8131021185304, 0.0, 826.588114781398], [0.0, 1252.8131021185304, 469.9846626224581], [0.0, 0.0, 1.0]], [[1256.7485116440405, 0.0, 817.7887570959712], [0.0, 1256.7485116440403, 451.9541780095127], [0.0, 0.0, 1.0]], [[1254.9860565800168, 0.0, 829.5769333630991], [0.0, 1254.9860565800168, 467.1680561863987], [0.0, 0.0, 1.0]], [[796.8910634503094, 0.0, 857.7774326863696], [0.0, 796.8910634503094, 476.8848988407415], [0.0, 0.0, 1.0]], [[1249.9629280788233, 0.0, 825.3768045375984], [0.0, 1249.9629280788233, 462.54816385708756], [0.0, 0.0, 1.0]]], "extrinsics": [[[0.8224249482154846, -0.5688669085502625, 0.002753426320850849, -0.997802734375], [0.005702340509742498, 0.003403928130865097, -0.9999779462814331, 1.4883437156677246], [0.5688449740409851, 0.8224225640296936, 0.006043347530066967, -1.32879638671875], [0.0, 0.0, 0.0, 1.0]], [[0.010080872103571892, -0.9999489188194275, 0.0007636947557330132, 0.006103515625], [0.007721940521150827, -0.0006858631386421621, -0.9999699592590332, 1.4802217483520508], [0.9999193549156189, 0.010086455382406712, 0.00771463243290782, -1.727294921875], [0.0, 0.0, 0.0, 1.0]], [[-0.844060480594635, -0.5361831188201904, -0.008338398300111294, 1.085693359375], [0.01582268252968788, -0.009359325282275677, -0.999830961227417, 1.4931755065917969], [0.5360144972801208, -0.8440498113632202, 0.016383692622184753, -1.27392578125], [0.0, 0.0, 0.0, 1.0]], [[0.947869062423706, 0.3185841739177704, -0.006949079688638449, -1.1435546875], [-0.009310562163591385, 0.005890236236155033, -0.9999393224716187, 1.5620384216308594], [-0.31852394342422485, 0.9478762745857239, 0.008549371734261513, -0.156494140625], [0.0, 0.0, 0.0, 1.0]], [[0.009256518445909023, 0.9999556541442871, -0.0017274682177230716, -0.0291748046875], [-0.007272790651768446, -0.0016601728275418282, -0.9999721646308899, 1.5680418014526367], [-0.9999306797981262, 0.009268825873732567, 0.007257101126015186, 0.041748046875], [0.0, 0.0, 0.0, 1.0]], [[-0.9237027168273926, 0.3830561935901642, -0.006426415406167507, 1.15625], [-0.0031623197719454765, -0.024397240951657295, -0.9996973276138306, 1.5478076934814453], [-0.38309699296951294, -0.9234028458595276, 0.023747144266963005, -0.04491424560546875], [0.0, 0.0, 0.0, 1.0]]], "view": [[0.0, -2.0, 100.0], [-2.0, 0.0, 100.0], [0.0, 0.0, 1.0]], "bev": "bev_e3f82cd4e586448c98105270a72938a1.png", "aux": "aux_e3f82cd4e586448c98105270a72938a1.npz", "visibility": "visibility_e3f82cd4e586448c98105270a72938a1.png", "pose": [[0.4754906892776489, -0.8797207474708557, 0.0, 1663.7830810546875], [0.8797207474708557, 0.4754906892776489, 0.0, 1254.202880859375], [0.0, 0.0, 1.0, 0.0], [0.0, 0.0, 0.0, 1.0]], "pose_inverse": [[0.4754906892776489, 0.8797207474708557, 0.0, -1894.461669921875], [-0.8797207474708557, 0.4754906892776489, 0.0, 867.302734375], [0.0, 0.0, 1.0, 0.0], [0.0, 0.0, 0.0, 1.0]], "cam_ids": [0, 1, 2, 3, 4, 5], "cam_channels": ["CAM_FRONT_LEFT", "CAM_FRONT", "CAM_FRONT_RIGHT", "CAM_BACK_LEFT", "CAM_BACK", "CAM_BACK_RIGHT"], "token": "e3f82cd4e586448c98105270a72938a1", "scene": "scene-0108"}, {"images": ["samples/CAM_FRONT_LEFT/n008-2018-08-01-15-16-36-0400__CAM_FRONT_LEFT__1533151826604799.jpg", "samples/CAM_FRONT/n008-2018-08-01-15-16-36-0400__CAM_FRONT__1533151826612404.jpg", "samples/CAM_FRONT_RIGHT/n008-2018-08-01-15-16-36-0400__CAM_FRONT_RIGHT__1533151826620482.jpg", "samples/CAM_BACK_LEFT/n008-2018-08-01-15-16-36-0400__CAM_BACK_LEFT__1533151826647405.jpg", "samples/CAM_BACK/n008-2018-08-01-15-16-36-0400__CAM_BACK__1533151826637558.jpg", "samples/CAM_BACK_RIGHT/n008-2018-08-01-15-16-36-0400__CAM_BACK_RIGHT__1533151826628113.jpg"], "intrinsics": [[[1257.8625342125129, 0.0, 827.2410631095686], [0.0, 1257.8625342125129, 450.915498205774], [0.0, 0.0, 1.0]], [[1252.8131021185304, 0.0, 826.588114781398], [0.0, 1252.8131021185304, 469.9846626224581], [0.0, 0.0, 1.0]], [[1256.7485116440405, 0.0, 817.7887570959712], [0.0, 1256.7485116440403, 451.9541780095127], [0.0, 0.0, 1.0]], [[1254.9860565800168, 0.0, 829.5769333630991], [0.0, 1254.9860565800168, 467.1680561863987], [0.0, 0.0, 1.0]], [[796.8910634503094, 0.0, 857.7774326863696], [0.0, 796.8910634503094, 476.8848988407415], [0.0, 0.0, 1.0]], [[1249.9629280788233, 0.0, 825.3768045375984], [0.0, 1249.9629280788233, 462.54816385708756], [0.0, 0.0, 1.0]]], "extrinsics": [[[0.8218161463737488, -0.5697399377822876, 0.0038327977526932955, -0.983642578125], [0.007815297693014145, 0.0045461044646799564, -0.9999591112136841, 1.4884910583496094], [0.5696991682052612, 0.8218125104904175, 0.008188747800886631, -1.31976318359375], [0.0, 0.0, 0.0, 1.0]], [[0.009214148856699467, -0.9999574422836304, -0.00036201876355335116, 0.0062255859375], [0.009804069995880127, 0.0004523552779573947, -0.9999518394470215, 1.4803733825683594], [0.9999094605445862, 0.009210127405822277, 0.009807821363210678, -1.713623046875], [0.0, 0.0, 0.0, 1.0]], [[-0.8443942666053772, -0.5356157422065735, -0.010680563747882843, 1.0772705078125], [0.0178602896630764, -0.00821975152939558, -0.9998067021369934, 1.4933700561523438], [0.5354244112968445, -0.8444218039512634, 0.016506962478160858, -1.268310546875], [0.0, 0.0, 0.0, 1.0]], [[0.9478901624679565, 0.3185621500015259, -0.0047409068793058395, -1.1417236328125], [-0.007371483836323023, 0.007052619010210037, -0.9999479651451111, 1.5620269775390625], [-0.3185121417045593, 0.9478757381439209, 0.00903338473290205, -0.1572265625], [0.0, 0.0, 0.0, 1.0]], [[0.00950601790100336, 0.9999546408653259, -0.0005487380549311638, -0.02899169921875], [-0.005295849405229092, -0.0004984107799828053, -0.9999858140945435, 1.5680265426635742], [-0.999940812587738, 0.009508753195405006, 0.0052908724173903465, 0.03759765625], [0.0, 0.0, 0.0, 1.0]], [[-0.92350834608078, 0.38349807262420654, -0.00784341711550951, 1.1494140625], [-0.0011646451894193888, -0.023251358419656754, -0.9997289776802063, 1.5478096008300781], [-0.38357654213905334, -0.923248827457428, 0.021919462829828262, -0.04788970947265625], [0.0, 0.0, 0.0, 1.0]]], "view": [[0.0, -2.0, 100.0], [-2.0, 0.0, 100.0], [0.0, 0.0, 1.0]], "bev": "bev_ed00e1196ea74e0795313afc75d39dcf.png", "aux": "aux_ed00e1196ea74e0795313afc75d39dcf.npz", "visibility": "visibility_ed00e1196ea74e0795313afc75d39dcf.png", "pose": [[0.46893635392189026, -0.8832319378852844, 0.0, 1663.875], [0.8832319378852844, 0.46893635392189026, 0.0, 1254.359619140625], [0.0, 0.0, 1.0, 0.0], [0.0, 0.0, 0.0, 1.0]], "pose_inverse": [[0.46893635392189026, 0.8832319378852844, 0.0, -1888.1419677734375], [-0.8832319378852844, 0.46893635392189026, 0.0, 881.372802734375], [0.0, 0.0, 1.0, 0.0], [0.0, 0.0, 0.0, 1.0]], "cam_ids": [0, 1, 2, 3, 4, 5], "cam_channels": ["CAM_FRONT_LEFT", "CAM_FRONT", "CAM_FRONT_RIGHT", "CAM_BACK_LEFT", "CAM_BACK", "CAM_BACK_RIGHT"], "token": "ed00e1196ea74e0795313afc75d39dcf", "scene": "scene-0108"}, {"images": ["samples/CAM_FRONT_LEFT/n008-2018-08-01-15-16-36-0400__CAM_FRONT_LEFT__1533151827004799.jpg", "samples/CAM_FRONT/n008-2018-08-01-15-16-36-0400__CAM_FRONT__1533151827012404.jpg", "samples/CAM_FRONT_RIGHT/n008-2018-08-01-15-16-36-0400__CAM_FRONT_RIGHT__1533151827020482.jpg", "samples/CAM_BACK_LEFT/n008-2018-08-01-15-16-36-0400__CAM_BACK_LEFT__1533151827047405.jpg", "samples/CAM_BACK/n008-2018-08-01-15-16-36-0400__CAM_BACK__1533151827037558.jpg", "samples/CAM_BACK_RIGHT/n008-2018-08-01-15-16-36-0400__CAM_BACK_RIGHT__1533151827028113.jpg"], "intrinsics": [[[1257.8625342125129, 0.0, 827.2410631095686], [0.0, 1257.8625342125129, 450.915498205774], [0.0, 0.0, 1.0]], [[1252.8131021185304, 0.0, 826.588114781398], [0.0, 1252.8131021185304, 469.9846626224581], [0.0, 0.0, 1.0]], [[1256.7485116440405, 0.0, 817.7887570959712], [0.0, 1256.7485116440403, 451.9541780095127], [0.0, 0.0, 1.0]], [[1254.9860565800168, 0.0, 829.5769333630991], [0.0, 1254.9860565800168, 467.1680561863987], [0.0, 0.0, 1.0]], [[796.8910634503094, 0.0, 857.7774326863696], [0.0, 796.8910634503094, 476.8848988407415], [0.0, 0.0, 1.0]], [[1249.9629280788233, 0.0, 825.3768045375984], [0.0, 1249.9629280788233, 462.54816385708756], [0.0, 0.0, 1.0]]], "extrinsics": [[[0.8208261132240295, -0.5711591839790344, 0.004658190533518791, -0.969970703125], [0.008970459923148155, 0.004736399743705988, -0.9999485611915588, 1.4886627197265625], [0.5711077451705933, 0.8208256363868713, 0.00901131983846426, -1.310455322265625], [0.0, 0.0, 0.0, 1.0]], [[0.007814262993633747, -0.9999693036079407, -0.0005227572401054204, 0.0064697265625], [0.010951954871416092, 0.0006083256448619068, -0.9999398589134216, 1.480539321899414], [0.9999094605445862, 0.007808052469044924, 0.010956373997032642, -1.7003173828125], [0.0, 0.0, 0.0, 1.0]], [[-0.844957709312439, -0.5347045660018921, -0.01172136701643467, 1.0684814453125], [0.018998507410287857, -0.00810554064810276, -0.9997866153717041, 1.4935874938964844], [0.53449547290802, -0.845000147819519, 0.017007427290081978, -1.262939453125], [0.0, 0.0, 0.0, 1.0]], [[0.9478688836097717, 0.31863895058631897, -0.0037202148232609034, -1.1444091796875], [-0.006293770391494036, 0.0070475381799042225, -0.9999553561210632, 1.5620479583740234], [-0.31859850883483887, 0.9478499293327332, 0.008685583248734474, -0.156005859375], [0.0, 0.0, 0.0, 1.0]], [[0.009876023977994919, 0.9999511241912842, -0.0004931685980409384, -0.02911376953125], [-0.004207332618534565, -0.0004516331246122718, -0.9999909996986389, 1.5680193901062012], [-0.999942421913147, 0.009877952747046947, 0.004202665761113167, 0.0345458984375], [0.0, 0.0, 0.0, 1.0]], [[-0.9232028126716614, 0.3842111825942993, -0.008844872005283833, 1.14306640625], [-5.4470834584208205e-05, -0.023145578801631927, -0.9997321367263794, 1.5478248596191406], [-0.3843129575252533, -0.9229550957679749, 0.02138899452984333, -0.0504302978515625], [0.0, 0.0, 0.0, 1.0]]], "view": [[0.0, -2.0, 100.0], [-2.0, 0.0, 100.0], [0.0, 0.0, 1.0]], "bev": "bev_f5b3786fe6734f288e15a434c6dafbc9.png", "aux": "aux_f5b3786fe6734f288e15a434c6dafbc9.npz", "visibility": "visibility_f5b3786fe6734f288e15a434c6dafbc9.png", "pose": [[0.44973739981651306, -0.8931608200073242, 0.0, 1664.020751953125], [0.8931608200073242, 0.44973739981651306, 0.0, 1254.6273193359375], [0.0, 0.0, 1.0, 0.0], [0.0, 0.0, 0.0, 1.0]], "pose_inverse": [[0.44973739981651306, 0.8931608200073242, 0.0, -1868.956298828125], [-0.8931608200073242, 0.44973739981651306, 0.0, 921.9853515625], [0.0, 0.0, 1.0, 0.0], [0.0, 0.0, 0.0, 1.0]], "cam_ids": [0, 1, 2, 3, 4, 5], "cam_channels": ["CAM_FRONT_LEFT", "CAM_FRONT", "CAM_FRONT_RIGHT", "CAM_BACK_LEFT", "CAM_BACK", "CAM_BACK_RIGHT"], "token": "f5b3786fe6734f288e15a434c6dafbc9", "scene": "scene-0108"}, {"images": ["samples/CAM_FRONT_LEFT/n008-2018-08-01-15-16-36-0400__CAM_FRONT_LEFT__1533151827504799.jpg", "samples/CAM_FRONT/n008-2018-08-01-15-16-36-0400__CAM_FRONT__1533151827512404.jpg", "samples/CAM_FRONT_RIGHT/n008-2018-08-01-15-16-36-0400__CAM_FRONT_RIGHT__1533151827520482.jpg", "samples/CAM_BACK_LEFT/n008-2018-08-01-15-16-36-0400__CAM_BACK_LEFT__1533151827547405.jpg", "samples/CAM_BACK/n008-2018-08-01-15-16-36-0400__CAM_BACK__1533151827537558.jpg", "samples/CAM_BACK_RIGHT/n008-2018-08-01-15-16-36-0400__CAM_BACK_RIGHT__1533151827528113.jpg"], "intrinsics": [[[1257.8625342125129, 0.0, 827.2410631095686], [0.0, 1257.8625342125129, 450.915498205774], [0.0, 0.0, 1.0]], [[1252.8131021185304, 0.0, 826.588114781398], [0.0, 1252.8131021185304, 469.9846626224581], [0.0, 0.0, 1.0]], [[1256.7485116440405, 0.0, 817.7887570959712], [0.0, 1256.7485116440403, 451.9541780095127], [0.0, 0.0, 1.0]], [[1254.9860565800168, 0.0, 829.5769333630991], [0.0, 1254.9860565800168, 467.1680561863987], [0.0, 0.0, 1.0]], [[796.8910634503094, 0.0, 857.7774326863696], [0.0, 796.8910634503094, 476.8848988407415], [0.0, 0.0, 1.0]], [[1249.9629280788233, 0.0, 825.3768045375984], [0.0, 1249.9629280788233, 462.54816385708756], [0.0, 0.0, 1.0]]], "extrinsics": [[[0.8207823634147644, -0.5712049007415771, 0.006419674027711153, -0.945068359375], [0.010073871351778507, 0.0032372656278312206, -0.9999440312385559, 1.4890146255493164], [0.5711521506309509, 0.8208010792732239, 0.00841133575886488, -1.293609619140625], [0.0, 0.0, 0.0, 1.0]], [[0.007759074680507183, -0.9999693036079407, 0.001037467154674232, 0.00689697265625], [0.012054868042469025, -0.0009438840206712484, -0.9999268651008606, 1.4808845520019531], [0.9998972415924072, 0.007771068252623081, 0.012047174386680126, -1.67529296875], [0.0, 0.0, 0.0, 1.0]], [[-0.8449708223342896, -0.5346822738647461, -0.011793346144258976, 1.05255126953125], [0.020100612193346024, -0.009714228101074696, -0.9997507333755493, 1.4940071105957031], [0.53443443775177, -0.8449973464012146, 0.01895568147301674, -1.252197265625], [0.0, 0.0, 0.0, 1.0]], [[0.9478867053985596, 0.3185913562774658, -0.0032158498652279377, -1.1427001953125], [-0.005175825674086809, 0.005305650644004345, -0.9999725222587585, 1.562032699584961], [-0.3185655474662781, 0.9478773474693298, 0.006678128615021706, -0.1572265625], [0.0, 0.0, 0.0, 1.0]], [[0.009913666173815727, 0.9999485015869141, -0.0021799455862492323, -0.0294189453125], [-0.0030835315119475126, -0.0021494708489626646, -0.9999929070472717, 1.5680084228515625], [-0.999946117401123, 0.009920299984514713, 0.003062063828110695, 0.0267333984375], [0.0, 0.0, 0.0, 1.0]], [[-0.9231758117675781, 0.38423481583595276, -0.010486557148396969, 1.129638671875], [0.0010346230119466782, -0.024797825142741203, -0.999691903591156, 1.5478687286376953], [-0.3843764662742615, -0.9229022264480591, 0.022495215758681297, -0.0554656982421875], [0.0, 0.0, 0.0, 1.0]]], "view": [[0.0, -2.0, 100.0], [-2.0, 0.0, 100.0], [0.0, 0.0, 1.0]], "bev": "bev_3203d9abb16544eaa3633b5235026e5b.png", "aux": "aux_3203d9abb16544eaa3633b5235026e5b.npz", "visibility": "visibility_3203d9abb16544eaa3633b5235026e5b.png", "pose": [[0.41506728529930115, -0.9097906947135925, 0.0, 1664.3280029296875], [0.9097906947135925, 0.41506728529930115, 0.0, 1255.2552490234375], [0.0, 0.0, 1.0, 0.0], [0.0, 0.0, 0.0, 1.0]], "pose_inverse": [[0.41506728529930115, 0.9097906947135925, 0.0, -1832.82763671875], [-0.9097906947135925, 0.41506728529930115, 0.0, 993.1748046875], [0.0, 0.0, 1.0, 0.0], [0.0, 0.0, 0.0, 1.0]], "cam_ids": [0, 1, 2, 3, 4, 5], "cam_channels": ["CAM_FRONT_LEFT", "CAM_FRONT", "CAM_FRONT_RIGHT", "CAM_BACK_LEFT", "CAM_BACK", "CAM_BACK_RIGHT"], "token": "3203d9abb16544eaa3633b5235026e5b", "scene": "scene-0108"}, {"images": ["samples/CAM_FRONT_LEFT/n008-2018-08-01-15-16-36-0400__CAM_FRONT_LEFT__1533151828004799.jpg", "samples/CAM_FRONT/n008-2018-08-01-15-16-36-0400__CAM_FRONT__1533151828012404.jpg", "samples/CAM_FRONT_RIGHT/n008-2018-08-01-15-16-36-0400__CAM_FRONT_RIGHT__1533151828020482.jpg", "samples/CAM_BACK_LEFT/n008-2018-08-01-15-16-36-0400__CAM_BACK_LEFT__1533151828047405.jpg", "samples/CAM_BACK/n008-2018-08-01-15-16-36-0400__CAM_BACK__1533151828037558.jpg", "samples/CAM_BACK_RIGHT/n008-2018-08-01-15-16-36-0400__CAM_BACK_RIGHT__1533151828028113.jpg"], "intrinsics": [[[1257.8625342125129, 0.0, 827.2410631095686], [0.0, 1257.8625342125129, 450.915498205774], [0.0, 0.0, 1.0]], [[1252.8131021185304, 0.0, 826.588114781398], [0.0, 1252.8131021185304, 469.9846626224581], [0.0, 0.0, 1.0]], [[1256.7485116440405, 0.0, 817.7887570959712], [0.0, 1256.7485116440403, 451.9541780095127], [0.0, 0.0, 1.0]], [[1254.9860565800168, 0.0, 829.5769333630991], [0.0, 1254.9860565800168, 467.1680561863987], [0.0, 0.0, 1.0]], [[796.8910634503094, 0.0, 857.7774326863696], [0.0, 796.8910634503094, 476.8848988407415], [0.0, 0.0, 1.0]], [[1249.9629280788233, 0.0, 825.3768045375984], [0.0, 1249.9629280788233, 462.54816385708756], [0.0, 0.0, 1.0]]], "extrinsics": [[[0.8217720985412598, -0.5696722865104675, 0.012811464257538319, -0.921142578125], [0.014446740038692951, -0.0016468784306198359, -0.9998942613601685, 1.4897689819335938], [0.5696331262588501, 0.8218703866004944, 0.006876547820866108, -1.2756805419921875], [0.0, 0.0, 0.0, 1.0]], [[0.009230062365531921, -0.9999396800994873, 0.005959986709058285, 0.00634765625], [0.016472378745675087, -0.005807387642562389, -0.9998474717140198, 1.4815483093261719], [0.999821662902832, 0.009326811879873276, 0.01641778275370598, -1.6507568359375], [0.0, 0.0, 0.0, 1.0]], [[-0.8443028330802917, -0.535709798336029, -0.012952592223882675, 1.0357666015625], [0.024566620588302612, -0.014549587853252888, -0.9995922446250916, 1.4946784973144531], [0.5353029370307922, -0.8442768454551697, 0.025444837287068367, -1.242431640625], [0.0, 0.0, 0.0, 1.0]], [[0.9479159116744995, 0.3185204863548279, -0.0004255199455656111, -1.142333984375], [-0.000554775760974735, 0.0003150854608975351, -0.9999998211860657, 1.5620450973510742], [-0.31852030754089355, 0.9479159116744995, 0.0004753827815875411, -0.15673828125], [0.0, 0.0, 0.0, 1.0]], [[0.009532066993415356, 0.9999297261238098, -0.007048008963465691, -0.02862548828125], [0.0014912104234099388, -0.0070625352673232555, -0.9999738931655884, 1.5680999755859375], [-0.9999535083770752, 0.009521299041807652, -0.0015584253706037998, 0.0189208984375], [0.0, 0.0, 0.0, 1.0]], [[-0.923430323600769, 0.38340944051742554, -0.016543908044695854, 1.116455078125], [0.005594027694314718, -0.029656754806637764, -0.9995445013046265, 1.5480804443359375], [-0.3837253153324127, -0.9231022000312805, 0.025241144001483917, -0.06182861328125], [0.0, 0.0, 0.0, 1.0]]], "view": [[0.0, -2.0, 100.0], [-2.0, 0.0, 100.0], [0.0, 0.0, 1.0]], "bev": "bev_ac36a8528a9d419a898b46731b638978.png", "aux": "aux_ac36a8528a9d419a898b46731b638978.npz", "visibility": "visibility_ac36a8528a9d419a898b46731b638978.png", "pose": [[0.3919883966445923, -0.9199701547622681, 0.0, 1664.7293701171875], [0.9199701547622681, 0.3919883966445923, 0.0, 1256.1575927734375], [0.0, 0.0, 1.0, 0.0], [0.0, 0.0, 0.0, 1.0]], "pose_inverse": [[0.3919883966445923, 0.9199701547622681, 0.0, -1808.18212890625], [-0.9199701547622681, 0.3919883966445923, 0.0, 1039.1021728515625], [0.0, 0.0, 1.0, 0.0], [0.0, 0.0, 0.0, 1.0]], "cam_ids": [0, 1, 2, 3, 4, 5], "cam_channels": ["CAM_FRONT_LEFT", "CAM_FRONT", "CAM_FRONT_RIGHT", "CAM_BACK_LEFT", "CAM_BACK", "CAM_BACK_RIGHT"], "token": "ac36a8528a9d419a898b46731b638978", "scene": "scene-0108"}, {"images": ["samples/CAM_FRONT_LEFT/n008-2018-08-01-15-16-36-0400__CAM_FRONT_LEFT__1533151828504799.jpg", "samples/CAM_FRONT/n008-2018-08-01-15-16-36-0400__CAM_FRONT__1533151828512404.jpg", "samples/CAM_FRONT_RIGHT/n008-2018-08-01-15-16-36-0400__CAM_FRONT_RIGHT__1533151828520482.jpg", "samples/CAM_BACK_LEFT/n008-2018-08-01-15-16-36-0400__CAM_BACK_LEFT__1533151828547405.jpg", "samples/CAM_BACK/n008-2018-08-01-15-16-36-0400__CAM_BACK__1533151828537560.jpg", "samples/CAM_BACK_RIGHT/n008-2018-08-01-15-16-36-0400__CAM_BACK_RIGHT__1533151828528113.jpg"], "intrinsics": [[[1257.8625342125129, 0.0, 827.2410631095686], [0.0, 1257.8625342125129, 450.915498205774], [0.0, 0.0, 1.0]], [[1252.8131021185304, 0.0, 826.588114781398], [0.0, 1252.8131021185304, 469.9846626224581], [0.0, 0.0, 1.0]], [[1256.7485116440405, 0.0, 817.7887570959712], [0.0, 1256.7485116440403, 451.9541780095127], [0.0, 0.0, 1.0]], [[1254.9860565800168, 0.0, 829.5769333630991], [0.0, 1254.9860565800168, 467.1680561863987], [0.0, 0.0, 1.0]], [[796.8910634503094, 0.0, 857.7774326863696], [0.0, 796.8910634503094, 476.8848988407415], [0.0, 0.0, 1.0]], [[1249.9629280788233, 0.0, 825.3768045375984], [0.0, 1249.9629280788233, 462.54816385708756], [0.0, 0.0, 1.0]]], "extrinsics": [[[0.8227856159210205, -0.5682503581047058, 0.010742705315351486, -0.90576171875], [0.012649835087358952, -0.0005873126210644841, -0.9999198317527771, 1.4898185729980469], [0.568211019039154, 0.8228555917739868, 0.006705040577799082, -1.2651214599609375], [0.0, 0.0, 0.0, 1.0]], [[0.010687744244933128, -0.9999310374259949, 0.004855774343013763, 0.0064697265625], [0.014531074091792107, -0.004700228106230497, -0.9998833537101746, 1.4816207885742188], [0.9998372793197632, 0.010757073760032654, 0.014479836449027061, -1.635009765625], [0.0, 0.0, 0.0, 1.0]], [[-0.8437244296073914, -0.5366471409797668, -0.011782379820942879, 1.02581787109375], [0.022474512457847595, -0.013386727310717106, -0.9996577501296997, 1.4948005676269531], [0.5363057851791382, -0.8437005281448364, 0.023355593904852867, -1.236328125], [0.0, 0.0, 0.0, 1.0]], [[0.9478877782821655, 0.3185950219631195, -0.0024515350814908743, -1.14306640625], [-0.0031719421967864037, 0.0017424185061827302, -0.9999934434890747, 1.5620436668395996], [-0.31858864426612854, 0.9478893280029297, 0.002662181854248047, -0.1563720703125], [0.0, 0.0, 0.0, 1.0]], [[0.009065080434083939, 0.9999422430992126, -0.005773741751909256, -0.0286865234375], [-0.0009818472899496555, -0.005765074398368597, -0.9999828338623047, 1.5680289268493652], [-0.9999584555625916, 0.009070639498531818, 0.00092952890554443, 0.0155029296875], [0.0, 0.0, 0.0, 1.0]], [[-0.9237815141677856, 0.3826655447483063, -0.013957509770989418, 1.109619140625], [0.0033112287055701017, -0.028465917333960533, -0.9995892643928528, 1.5480003356933594], [-0.38290563225746155, -0.9234483242034912, 0.025029195472598076, -0.064849853515625], [0.0, 0.0, 0.0, 1.0]]], "view": [[0.0, -2.0, 100.0], [-2.0, 0.0, 100.0], [0.0, 0.0, 1.0]], "bev": "bev_72c604b557dc4a22843df9083359d696.png", "aux": "aux_72c604b557dc4a22843df9083359d696.npz", "visibility": "visibility_72c604b557dc4a22843df9083359d696.png", "pose": [[0.3908497393131256, -0.9204545021057129, 0.0, 1665.2591552734375], [0.9204545021057129, 0.3908497393131256, 0.0, 1257.395263671875], [0.0, 0.0, 1.0, 0.0], [0.0, 0.0, 0.0, 1.0]], "pose_inverse": [[0.3908497393131256, 0.9204545021057129, 0.0, -1808.2412109375], [-0.9204545021057129, 0.3908497393131256, 0.0, 1041.3426513671875], [0.0, 0.0, 1.0, 0.0], [0.0, 0.0, 0.0, 1.0]], "cam_ids": [0, 1, 2, 3, 4, 5], "cam_channels": ["CAM_FRONT_LEFT", "CAM_FRONT", "CAM_FRONT_RIGHT", "CAM_BACK_LEFT", "CAM_BACK", "CAM_BACK_RIGHT"], "token": "72c604b557dc4a22843df9083359d696", "scene": "scene-0108"}, {"images": ["samples/CAM_FRONT_LEFT/n008-2018-08-01-15-16-36-0400__CAM_FRONT_LEFT__1533151829004918.jpg", "samples/CAM_FRONT/n008-2018-08-01-15-16-36-0400__CAM_FRONT__1533151829012404.jpg", "samples/CAM_FRONT_RIGHT/n008-2018-08-01-15-16-36-0400__CAM_FRONT_RIGHT__1533151829020482.jpg", "samples/CAM_BACK_LEFT/n008-2018-08-01-15-16-36-0400__CAM_BACK_LEFT__1533151829047405.jpg", "samples/CAM_BACK/n008-2018-08-01-15-16-36-0400__CAM_BACK__1533151829037558.jpg", "samples/CAM_BACK_RIGHT/n008-2018-08-01-15-16-36-0400__CAM_BACK_RIGHT__1533151829028113.jpg"], "intrinsics": [[[1257.8625342125129, 0.0, 827.2410631095686], [0.0, 1257.8625342125129, 450.915498205774], [0.0, 0.0, 1.0]], [[1252.8131021185304, 0.0, 826.588114781398], [0.0, 1252.8131021185304, 469.9846626224581], [0.0, 0.0, 1.0]], [[1256.7485116440405, 0.0, 817.7887570959712], [0.0, 1256.7485116440403, 451.9541780095127], [0.0, 0.0, 1.0]], [[1254.9860565800168, 0.0, 829.5769333630991], [0.0, 1254.9860565800168, 467.1680561863987], [0.0, 0.0, 1.0]], [[796.8910634503094, 0.0, 857.7774326863696], [0.0, 796.8910634503094, 476.8848988407415], [0.0, 0.0, 1.0]], [[1249.9629280788233, 0.0, 825.3768045375984], [0.0, 1249.9629280788233, 462.54816385708756], [0.0, 0.0, 1.0]]], "extrinsics": [[[0.823293924331665, -0.5675621628761292, 0.007769954856485128, -0.90673828125], [0.005538273137062788, -0.005655917804688215, -0.9999686479568481, 1.4889583587646484], [0.5675884485244751, 0.8233111500740051, -0.001513170194812119, -1.2657623291015625], [0.0, 0.0, 0.0, 1.0]], [[0.011367338709533215, -0.9998872876167297, 0.00980470422655344, 0.0069580078125], [0.007281946483999491, -0.009722300805151463, -0.9999262094497681, 1.4808921813964844], [0.9999088644981384, 0.011437882669270039, 0.007170609664171934, -1.6356201171875], [0.0, 0.0, 0.0, 1.0]], [[-0.8435215353965759, -0.5370877385139465, -0.0028609326109290123, 1.02618408203125], [0.015077727846801281, -0.018355030566453934, -0.9997177720069885, 1.4942283630371094], [0.5368837118148804, -0.8433266878128052, 0.023580927401781082, -1.236328125], [0.0, 0.0, 0.0, 1.0]], [[0.9478413462638855, 0.31853869557380676, -0.011398921720683575, -1.1435546875], [-0.010977975092828274, -0.0031167352572083473, -0.9999349117279053, 1.5620384216308594], [-0.31855350732803345, 0.9479047060012817, 0.0005427413270808756, -0.1561279296875], [0.0, 0.0, 0.0, 1.0]], [[0.00883940514177084, 0.9999033212661743, -0.010730423033237457, -0.0286865234375], [-0.008563875220716, -0.010654748417437077, -0.9999065399169922, 1.5678200721740723], [-0.9999243021011353, 0.008930421434342861, 0.008468866348266602, 0.0159912109375], [0.0, 0.0, 0.0, 1.0]], [[-0.9239968061447144, 0.3822952210903168, -0.008959723636507988, 1.10986328125], [-0.004124138038605452, -0.0333913192152977, -0.9994338154792786, 1.5475883483886719], [-0.382377952337265, -0.9234366416931152, 0.03243010863661766, -0.0645904541015625], [0.0, 0.0, 0.0, 1.0]]], "view": [[0.0, -2.0, 100.0], [-2.0, 0.0, 100.0], [0.0, 0.0, 1.0]], "bev": "bev_a3038b1605344cad9343f34733768319.png", "aux": "aux_a3038b1605344cad9343f34733768319.npz", "visibility": "visibility_a3038b1605344cad9343f34733768319.png", "pose": [[0.39968350529670715, -0.9166532158851624, 0.0, 1665.810546875], [0.9166532158851624, 0.39968350529670715, 0.0, 1258.6817626953125], [0.0, 0.0, 1.0, 0.0], [0.0, 0.0, 0.0, 1.0]], "pose_inverse": [[0.39968350529670715, 0.9166532158851624, 0.0, -1819.5716552734375], [-0.9166532158851624, 0.39968350529670715, 0.0, 1023.896240234375], [0.0, 0.0, 1.0, 0.0], [0.0, 0.0, 0.0, 1.0]], "cam_ids": [0, 1, 2, 3, 4, 5], "cam_channels": ["CAM_FRONT_LEFT", "CAM_FRONT", "CAM_FRONT_RIGHT", "CAM_BACK_LEFT", "CAM_BACK", "CAM_BACK_RIGHT"], "token": "a3038b1605344cad9343f34733768319", "scene": "scene-0108"}, {"images": ["samples/CAM_FRONT_LEFT/n008-2018-08-01-15-16-36-0400__CAM_FRONT_LEFT__1533151829504799.jpg", "samples/CAM_FRONT/n008-2018-08-01-15-16-36-0400__CAM_FRONT__1533151829512404.jpg", "samples/CAM_FRONT_RIGHT/n008-2018-08-01-15-16-36-0400__CAM_FRONT_RIGHT__1533151829520494.jpg", "samples/CAM_BACK_LEFT/n008-2018-08-01-15-16-36-0400__CAM_BACK_LEFT__1533151829547405.jpg", "samples/CAM_BACK/n008-2018-08-01-15-16-36-0400__CAM_BACK__1533151829537558.jpg", "samples/CAM_BACK_RIGHT/n008-2018-08-01-15-16-36-0400__CAM_BACK_RIGHT__1533151829528113.jpg"], "intrinsics": [[[1257.8625342125129, 0.0, 827.2410631095686], [0.0, 1257.8625342125129, 450.915498205774], [0.0, 0.0, 1.0]], [[1252.8131021185304, 0.0, 826.588114781398], [0.0, 1252.8131021185304, 469.9846626224581], [0.0, 0.0, 1.0]], [[1256.7485116440405, 0.0, 817.7887570959712], [0.0, 1256.7485116440403, 451.9541780095127], [0.0, 0.0, 1.0]], [[1254.9860565800168, 0.0, 829.5769333630991], [0.0, 1254.9860565800168, 467.1680561863987], [0.0, 0.0, 1.0]], [[796.8910634503094, 0.0, 857.7774326863696], [0.0, 796.8910634503094, 476.8848988407415], [0.0, 0.0, 1.0]], [[1249.9629280788233, 0.0, 825.3768045375984], [0.0, 1249.9629280788233, 462.54816385708756], [0.0, 0.0, 1.0]]], "extrinsics": [[[0.8240578174591064, -0.5664972066879272, 0.003106259973719716, -0.91748046875], [0.0011436189524829388, -0.0038196605164557695, -0.9999920129776001, 1.4884209632873535], [0.5665045380592346, 0.8240548372268677, -0.002499766182154417, -1.27423095703125], [0.0, 0.0, 0.0, 1.0]], [[0.012450071983039379, -0.9998912215232849, 0.007905855774879456, 0.00726318359375], [0.00303962966427207, -0.007868586108088493, -0.9999644160270691, 1.4804372787475586], [0.9999178647994995, 0.012473617680370808, 0.002941334620118141, -1.6480712890625], [0.0, 0.0, 0.0, 1.0]], [[-0.8431016802787781, -0.5377539992332458, -0.0004143358382862061, 1.0347900390625], [0.011002783663570881, -0.01648004539310932, -0.9998036026954651, 1.4938163757324219], [0.5376416444778442, -0.8429406881332397, 0.019811145961284637, -1.2413330078125], [0.0, 0.0, 0.0, 1.0]], [[0.9478310346603394, 0.31845593452453613, -0.014215297996997833, -1.1439208984375], [-0.014647061005234718, -0.0010388408554717898, -0.9998921751976013, 1.5620460510253906], [-0.3184364140033722, 0.9479370713233948, 0.0036797986831516027, -0.1563720703125], [0.0, 0.0, 0.0, 1.0]], [[0.008565748110413551, 0.9999246597290039, -0.008792356587946415, -0.02899169921875], [-0.012427452951669693, -0.008685548789799213, -0.9998850226402283, 1.5677642822265625], [-0.999886155128479, 0.00867406651377678, 0.012352120131254196, 0.0196533203125], [0.0, 0.0, 0.0, 1.0]], [[-0.9242367744445801, 0.3817927837371826, -0.004526776261627674, 1.116455078125], [-0.008118346333503723, -0.031503092497587204, -0.9994706511497498, 1.5474424362182617], [-0.38173332810401917, -0.9237108826637268, 0.032215844839811325, -0.0613861083984375], [0.0, 0.0, 0.0, 1.0]]], "view": [[0.0, -2.0, 100.0], [-2.0, 0.0, 100.0], [0.0, 0.0, 1.0]], "bev": "bev_220d9d5837dc4b4797c5e9ddfd34fa2f.png", "aux": "aux_220d9d5837dc4b4797c5e9ddfd34fa2f.npz", "visibility": "visibility_220d9d5837dc4b4797c5e9ddfd34fa2f.png", "pose": [[0.4216363728046417, -0.9067649841308594, 0.0, 1666.335205078125], [0.9067649841308594, 0.4216363728046417, 0.0, 1259.828857421875], [0.0, 0.0, 1.0, 0.0], [0.0, 0.0, 0.0, 1.0]], "pose_inverse": [[0.4216363728046417, 0.9067649841308594, 0.0, -1844.956298828125], [-0.9067649841308594, 0.4216363728046417, 0.0, 979.7847900390625], [0.0, 0.0, 1.0, 0.0], [0.0, 0.0, 0.0, 1.0]], "cam_ids": [0, 1, 2, 3, 4, 5], "cam_channels": ["CAM_FRONT_LEFT", "CAM_FRONT", "CAM_FRONT_RIGHT", "CAM_BACK_LEFT", "CAM_BACK", "CAM_BACK_RIGHT"], "token": "220d9d5837dc4b4797c5e9ddfd34fa2f", "scene": "scene-0108"}, {"images": ["samples/CAM_FRONT_LEFT/n008-2018-08-01-15-16-36-0400__CAM_FRONT_LEFT__1533151830104799.jpg", "samples/CAM_FRONT/n008-2018-08-01-15-16-36-0400__CAM_FRONT__1533151830112404.jpg", "samples/CAM_FRONT_RIGHT/n008-2018-08-01-15-16-36-0400__CAM_FRONT_RIGHT__1533151830120482.jpg", "samples/CAM_BACK_LEFT/n008-2018-08-01-15-16-36-0400__CAM_BACK_LEFT__1533151830147405.jpg", "samples/CAM_BACK/n008-2018-08-01-15-16-36-0400__CAM_BACK__1533151830137558.jpg", "samples/CAM_BACK_RIGHT/n008-2018-08-01-15-16-36-0400__CAM_BACK_RIGHT__1533151830128113.jpg"], "intrinsics": [[[1257.8625342125129, 0.0, 827.2410631095686], [0.0, 1257.8625342125129, 450.915498205774], [0.0, 0.0, 1.0]], [[1252.8131021185304, 0.0, 826.588114781398], [0.0, 1252.8131021185304, 469.9846626224581], [0.0, 0.0, 1.0]], [[1256.7485116440405, 0.0, 817.7887570959712], [0.0, 1256.7485116440403, 451.9541780095127], [0.0, 0.0, 1.0]], [[1254.9860565800168, 0.0, 829.5769333630991], [0.0, 1254.9860565800168, 467.1680561863987], [0.0, 0.0, 1.0]], [[796.8910634503094, 0.0, 857.7774326863696], [0.0, 796.8910634503094, 476.8848988407415], [0.0, 0.0, 1.0]], [[1249.9629280788233, 0.0, 825.3768045375984], [0.0, 1249.9629280788233, 462.54816385708756], [0.0, 0.0, 1.0]]], "extrinsics": [[[0.8245195150375366, -0.5658179521560669, 0.004203146789222956, -0.9248046875], [0.0025792187079787254, -0.0036698896437883377, -0.999989926815033, 1.4885492324829102], [0.5658276677131653, 0.824522078037262, -0.0015665269456803799, -1.278656005859375], [0.0, 0.0, 0.0, 1.0]], [[0.013071209192276001, -0.9998840093612671, 0.007818792015314102, 0.006591796875], [0.004493372049182653, -0.007760645356029272, -0.9999598264694214, 1.4805259704589844], [0.999904453754425, 0.01310581061989069, 0.004391409922391176, -1.65478515625], [0.0, 0.0, 0.0, 1.0]], [[-0.8428367376327515, -0.5381668210029602, -0.0016827085055410862, 1.038818359375], [0.012476788833737373, -0.016414137557148933, -0.9997873902320862, 1.4938468933105469], [0.5380247831344604, -0.8426785469055176, 0.020549029111862183, -1.2442626953125], [0.0, 0.0, 0.0, 1.0]], [[0.947832465171814, 0.31851616501808167, -0.01269944291561842, -1.14404296875], [-0.013002523221075535, -0.0011746593518182635, -0.9999147653579712, 1.5620479583740234], [-0.31850388646125793, 0.9479166865348816, 0.0030281327199190855, -0.156005859375], [0.0, 0.0, 0.0, 1.0]], [[0.00837219413369894, 0.9999259114265442, -0.00884385034441948, -0.02886962890625], [-0.01082665380090475, -0.008752997033298016, -0.9999030828475952, 1.5678205490112305], [-0.9999063611030579, 0.008467130362987518, 0.010752569884061813, 0.02197265625], [0.0, 0.0, 0.0, 1.0]], [[-0.9243636131286621, 0.38146620988845825, -0.005963047035038471, 1.119384765625], [-0.006549024023115635, -0.03149332478642464, -0.9994825124740601, 1.5475273132324219], [-0.38145655393600464, -0.9238461852073669, 0.031609512865543365, -0.06021881103515625], [0.0, 0.0, 0.0, 1.0]]], "view": [[0.0, -2.0, 100.0], [-2.0, 0.0, 100.0], [0.0, 0.0, 1.0]], "bev": "bev_d96d796d308546eda47d7e3c50c11b8b.png", "aux": "aux_d96d796d308546eda47d7e3c50c11b8b.npz", "visibility": "visibility_d96d796d308546eda47d7e3c50c11b8b.png", "pose": [[0.4626437723636627, -0.8865442872047424, 0.0, 1666.950439453125], [0.8865442872047424, 0.4626437723636627, 0.0, 1261.0745849609375], [0.0, 0.0, 1.0, 0.0], [0.0, 0.0, 0.0, 1.0]], "pose_inverse": [[0.4626437723636627, 0.8865442872047424, 0.0, -1889.20263671875], [-0.8865442872047424, 0.4626437723636627, 0.0, 894.3970947265625], [0.0, 0.0, 1.0, 0.0], [0.0, 0.0, 0.0, 1.0]], "cam_ids": [0, 1, 2, 3, 4, 5], "cam_channels": ["CAM_FRONT_LEFT", "CAM_FRONT", "CAM_FRONT_RIGHT", "CAM_BACK_LEFT", "CAM_BACK", "CAM_BACK_RIGHT"], "token": "d96d796d308546eda47d7e3c50c11b8b", "scene": "scene-0108"}, {"images": ["samples/CAM_FRONT_LEFT/n008-2018-08-01-15-16-36-0400__CAM_FRONT_LEFT__1533151830604799.jpg", "samples/CAM_FRONT/n008-2018-08-01-15-16-36-0400__CAM_FRONT__1533151830612404.jpg", "samples/CAM_FRONT_RIGHT/n008-2018-08-01-15-16-36-0400__CAM_FRONT_RIGHT__1533151830620482.jpg", "samples/CAM_BACK_LEFT/n008-2018-08-01-15-16-36-0400__CAM_BACK_LEFT__1533151830647405.jpg", "samples/CAM_BACK/n008-2018-08-01-15-16-36-0400__CAM_BACK__1533151830637558.jpg", "samples/CAM_BACK_RIGHT/n008-2018-08-01-15-16-36-0400__CAM_BACK_RIGHT__1533151830628113.jpg"], "intrinsics": [[[1257.8625342125129, 0.0, 827.2410631095686], [0.0, 1257.8625342125129, 450.915498205774], [0.0, 0.0, 1.0]], [[1252.8131021185304, 0.0, 826.588114781398], [0.0, 1252.8131021185304, 469.9846626224581], [0.0, 0.0, 1.0]], [[1256.7485116440405, 0.0, 817.7887570959712], [0.0, 1256.7485116440403, 451.9541780095127], [0.0, 0.0, 1.0]], [[1254.9860565800168, 0.0, 829.5769333630991], [0.0, 1254.9860565800168, 467.1680561863987], [0.0, 0.0, 1.0]], [[796.8910634503094, 0.0, 857.7774326863696], [0.0, 796.8910634503094, 476.8848988407415], [0.0, 0.0, 1.0]], [[1249.9629280788233, 0.0, 825.3768045375984], [0.0, 1249.9629280788233, 462.54816385708756], [0.0, 0.0, 1.0]]], "extrinsics": [[[0.82465660572052, -0.5656075477600098, 0.0054353452287614346, -0.929931640625], [0.005543183535337448, -0.001527615706436336, -0.9999834895133972, 1.488800048828125], [0.5656065344810486, 0.8246731162071228, 0.0018755062483251095, -1.2821044921875], [0.0, 0.0, 0.0, 1.0]], [[0.01331793051213026, -0.9998949766159058, 0.005710789002478123, 0.0068359375], [0.0074995458126068115, -0.0056112478487193584, -0.9999561309814453, 1.4807262420654297], [0.9998831748962402, 0.013360163196921349, 0.007424028590321541, -1.6602783203125], [0.0, 0.0, 0.0, 1.0]], [[-0.8427110910415649, -0.5383388996124268, -0.005411613266915083, 1.04248046875], [0.015527591109275818, -0.01425656583160162, -0.9997777342796326, 1.4939727783203125], [0.5381421446800232, -0.842607855796814, 0.0203732717782259, -1.2462158203125], [0.0, 0.0, 0.0, 1.0]], [[0.9478757977485657, 0.3185127079486847, -0.00901072844862938, -1.14306640625], [-0.009868419729173183, 0.0010792395332828164, -0.9999507069587708, 1.562032699584961], [-0.31848734617233276, 0.9479179978370667, 0.004166202154010534, -0.156982421875], [0.0, 0.0, 0.0, 1.0]], [[0.008318895474076271, 0.9999434947967529, -0.006610778626054525, -0.02911376953125], [-