[{"images": ["samples/CAM_FRONT_LEFT/n008-2018-08-30-15-16-55-0400__CAM_FRONT_LEFT__1535656615254799.jpg", "samples/CAM_FRONT/n008-2018-08-30-15-16-55-0400__CAM_FRONT__1535656615262404.jpg", "samples/CAM_FRONT_RIGHT/n008-2018-08-30-15-16-55-0400__CAM_FRONT_RIGHT__1535656615270482.jpg", "samples/CAM_BACK_LEFT/n008-2018-08-30-15-16-55-0400__CAM_BACK_LEFT__1535656615297405.jpg", "samples/CAM_BACK/n008-2018-08-30-15-16-55-0400__CAM_BACK__1535656615287558.jpg", "samples/CAM_BACK_RIGHT/n008-2018-08-30-15-16-55-0400__CAM_BACK_RIGHT__1535656615278113.jpg"], "intrinsics": [[[1257.8625342125129, 0.0, 827.2410631095686], [0.0, 1257.8625342125129, 450.915498205774], [0.0, 0.0, 1.0]], [[1252.8131021185304, 0.0, 826.588114781398], [0.0, 1252.8131021185304, 469.9846626224581], [0.0, 0.0, 1.0]], [[1256.7485116440405, 0.0, 817.7887570959712], [0.0, 1256.7485116440403, 451.9541780095127], [0.0, 0.0, 1.0]], [[1254.9860565800168, 0.0, 829.5769333630991], [0.0, 1254.9860565800168, 467.1680561863987], [0.0, 0.0, 1.0]], [[796.8910634503094, 0.0, 857.7774326863696], [0.0, 796.8910634503094, 476.8848988407415], [0.0, 0.0, 1.0]], [[1249.9629280788233, 0.0, 825.3768045375984], [0.0, 1249.9629280788233, 462.54816385708756], [0.0, 0.0, 1.0]]], "extrinsics": [[[0.8215776681900024, -0.5688757300376892, -0.03729051724076271, -0.89923095703125], [-0.016288025304675102, 0.0419614277780056, -0.9989864230155945, 1.4861907958984375], [0.5698638558387756, 0.8213522434234619, 0.02520870789885521, -1.2601318359375], [0.0, 0.0, 0.0, 1.0]], [[0.008813688531517982, -0.9992398619651794, -0.037973687052726746, 0.00634765625], [-0.014339223504066467, 0.03784496337175369, -0.9991807341575623, 1.4783134460449219], [0.9998583197593689, 0.009350874461233616, -0.013994771055877209, -1.606109619140625], [0.0, 0.0, 0.0, 1.0]], [[-0.8446544408798218, -0.5352136492729187, -0.010253415443003178, 1.00537109375], [-0.006334660109132528, 0.029146216809749603, -0.9995551109313965, 1.4924354553222656], [0.5352743268013, -0.8442137241363525, -0.028008880093693733, -1.2236328125], [0.0, 0.0, 0.0, 1.0]], [[0.9476739168167114, 0.3188387155532837, -0.015998532995581627, -1.139892578125], [-0.0317675843834877, 0.04431890323758125, -0.9985122084617615, 1.5619087219238281], [-0.3176553249359131, 0.9467722773551941, 0.05212860554456711, -0.157470703125], [0.0, 0.0, 0.0, 1.0]], [[0.010034963488578796, 0.9992828369140625, 0.03651272878050804, -0.0283203125], [-0.02961435168981552, 0.03679554536938667, -0.9988839030265808, 1.56689453125], [-0.9995110034942627, 0.008942452259361744, 0.02996235154569149, 0.004852294921875], [0.0, 0.0, 0.0, 1.0]], [[-0.9232308864593506, 0.38315901160240173, 0.028876768425107002, 1.0928497314453125], [-0.025417020544409752, 0.014090215787291527, -0.9995776414871216, 1.5459442138671875], [-0.38340404629707336, -0.9235749244689941, -0.003269763430580497, -0.0721435546875], [0.0, 0.0, 0.0, 1.0]]], "view": [[0.0, -2.0, 100.0], [-2.0, 0.0, 100.0], [0.0, 0.0, 1.0]], "bev": "bev_46bf8613deec44a69f17a0db79f8becf.png", "aux": "aux_46bf8613deec44a69f17a0db79f8becf.npz", "visibility": "visibility_46bf8613deec44a69f17a0db79f8becf.png", "pose": [[0.7534949779510498, 0.6574536561965942, 0.0, 1329.00341796875], [-0.6574536561965942, 0.7534949779510498, 0.0, 873.985107421875], [0.0, 0.0, 1.0, 0.0], [0.0, 0.0, 0.0, 1.0]], "pose_inverse": [[0.7534949779510498, -0.6574536561965942, 0.0, -426.7927551269531], [0.6574536561965942, 0.7534949779510498, 0.0, -1532.301513671875], [0.0, 0.0, 1.0, 0.0], [0.0, 0.0, 0.0, 1.0]], "cam_ids": [0, 1, 2, 3, 4, 5], "cam_channels": ["CAM_FRONT_LEFT", "CAM_FRONT", "CAM_FRONT_RIGHT", "CAM_BACK_LEFT", "CAM_BACK", "CAM_BACK_RIGHT"], "token": "46bf8613deec44a69f17a0db79f8becf", "scene": "scene-0739"}, {"images": ["samples/CAM_FRONT_LEFT/n008-2018-08-30-15-16-55-0400__CAM_FRONT_LEFT__1535656615754799.jpg", "samples/CAM_FRONT/n008-2018-08-30-15-16-55-0400__CAM_FRONT__1535656615762404.jpg", "samples/CAM_FRONT_RIGHT/n008-2018-08-30-15-16-55-0400__CAM_FRONT_RIGHT__1535656615770482.jpg", "samples/CAM_BACK_LEFT/n008-2018-08-30-15-16-55-0400__CAM_BACK_LEFT__1535656615797405.jpg", "samples/CAM_BACK/n008-2018-08-30-15-16-55-0400__CAM_BACK__1535656615787558.jpg", "samples/CAM_BACK_RIGHT/n008-2018-08-30-15-16-55-0400__CAM_BACK_RIGHT__1535656615778113.jpg"], "intrinsics": [[[1257.8625342125129, 0.0, 827.2410631095686], [0.0, 1257.8625342125129, 450.915498205774], [0.0, 0.0, 1.0]], [[1252.8131021185304, 0.0, 826.588114781398], [0.0, 1252.8131021185304, 469.9846626224581], [0.0, 0.0, 1.0]], [[1256.7485116440405, 0.0, 817.7887570959712], [0.0, 1256.7485116440403, 451.9541780095127], [0.0, 0.0, 1.0]], [[1254.9860565800168, 0.0, 829.5769333630991], [0.0, 1254.9860565800168, 467.1680561863987], [0.0, 0.0, 1.0]], [[796.8910634503094, 0.0, 857.7774326863696], [0.0, 796.8910634503094, 476.8848988407415], [0.0, 0.0, 1.0]], [[1249.9629280788233, 0.0, 825.3768045375984], [0.0, 1249.9629280788233, 462.54816385708756], [0.0, 0.0, 1.0]]], "extrinsics": [[[0.8214167356491089, -0.5691400766372681, -0.036800358444452286, -0.8956298828125], [-0.015363356098532677, 0.042420439422130585, -0.9989817142486572, 1.4862556457519531], [0.5701215267181396, 0.8211456537246704, 0.02610095404088497, -1.2572021484375], [0.0, 0.0, 0.0, 1.0]], [[0.008659460581839085, -0.9992250800132751, -0.03839593753218651, 0.006103515625], [-0.01338964607566595, 0.03827807307243347, -0.9991773962974548, 1.4787063598632812], [0.9998728632926941, 0.009166399016976357, -0.013047801330685616, -1.6248779296875], [0.0, 0.0, 0.0, 1.0]], [[-0.8447508215904236, -0.5350407958030701, -0.011292838491499424, 1.0186767578125], [-0.005362396594136953, 0.02956341579556465, -0.9995484948158264, 1.4926261901855469], [0.5351330637931824, -0.8443089723587036, -0.027842821553349495, -1.2325439453125], [0.0, 0.0, 0.0, 1.0]], [[0.947699248790741, 0.31882134079933167, -0.0148039935156703, -1.1424560546875], [-0.03063839301466942, 0.044707633554935455, -0.9985302090644836, 1.5619926452636719], [-0.3176909387111664, 0.9467598795890808, 0.05213756486773491, -0.15673828125], [0.0, 0.0, 0.0, 1.0]], [[0.010093582794070244, 0.9992673993110657, 0.03691557049751282, -0.0284423828125], [-0.02853332832455635, 0.03719023987650871, -0.9989007711410522, 1.5671539306640625], [-0.9995419979095459, 0.009029225446283817, 0.028887810185551643, 0.01226806640625], [0.0, 0.0, 0.0, 1.0]], [[-0.9231927394866943, 0.3833088278770447, 0.028100313618779182, 1.1041717529296875], [-0.02440478838980198, 0.014501799829304218, -0.9995970129966736, 1.546320915222168], [-0.3835618197917938, -0.9235064387321472, -0.004033383913338184, -0.0672607421875], [0.0, 0.0, 0.0, 1.0]]], "view": [[0.0, -2.0, 100.0], [-2.0, 0.0, 100.0], [0.0, 0.0, 1.0]], "bev": "bev_336f57fb145e430988b6e5915e97f8e5.png", "aux": "aux_336f57fb145e430988b6e5915e97f8e5.npz", "visibility": "visibility_336f57fb145e430988b6e5915e97f8e5.png", "pose": [[0.7604109048843384, 0.6494423151016235, 0.0, 1330.214599609375], [-0.6494423151016235, 0.7604109048843384, 0.0, 872.9359130859375], [0.0, 0.0, 1.0, 0.0], [0.0, 0.0, 0.0, 1.0]], "pose_inverse": [[0.7604109048843384, -0.6494423151016235, 0.0, -444.5881652832031], [0.6494423151016235, 0.7604109048843384, 0.0, -1527.6876220703125], [0.0, 0.0, 1.0, 0.0], [0.0, 0.0, 0.0, 1.0]], "cam_ids": [0, 1, 2, 3, 4, 5], "cam_channels": ["CAM_FRONT_LEFT", "CAM_FRONT", "CAM_FRONT_RIGHT", "CAM_BACK_LEFT", "CAM_BACK", "CAM_BACK_RIGHT"], "token": "336f57fb145e430988b6e5915e97f8e5", "scene": "scene-0739"}, {"images": ["samples/CAM_FRONT_LEFT/n008-2018-08-30-15-16-55-0400__CAM_FRONT_LEFT__1535656616254799.jpg", "samples/CAM_FRONT/n008-2018-08-30-15-16-55-0400__CAM_FRONT__1535656616262404.jpg", "samples/CAM_FRONT_RIGHT/n008-2018-08-30-15-16-55-0400__CAM_FRONT_RIGHT__1535656616270482.jpg", "samples/CAM_BACK_LEFT/n008-2018-08-30-15-16-55-0400__CAM_BACK_LEFT__1535656616297405.jpg", "samples/CAM_BACK/n008-2018-08-30-15-16-55-0400__CAM_BACK__1535656616287558.jpg", "samples/CAM_BACK_RIGHT/n008-2018-08-30-15-16-55-0400__CAM_BACK_RIGHT__1535656616278113.jpg"], "intrinsics": [[[1257.8625342125129, 0.0, 827.2410631095686], [0.0, 1257.8625342125129, 450.915498205774], [0.0, 0.0, 1.0]], [[1252.8131021185304, 0.0, 826.588114781398], [0.0, 1252.8131021185304, 469.9846626224581], [0.0, 0.0, 1.0]], [[1256.7485116440405, 0.0, 817.7887570959712], [0.0, 1256.7485116440403, 451.9541780095127], [0.0, 0.0, 1.0]], [[1254.9860565800168, 0.0, 829.5769333630991], [0.0, 1254.9860565800168, 467.1680561863987], [0.0, 0.0, 1.0]], [[796.8910634503094, 0.0, 857.7774326863696], [0.0, 796.8910634503094, 476.8848988407415], [0.0, 0.0, 1.0]], [[1249.9629280788233, 0.0, 825.3768045375984], [0.0, 1249.9629280788233, 462.54816385708756], [0.0, 0.0, 1.0]]], "extrinsics": [[[0.8213353157043457, -0.5693336129188538, -0.035604238510131836, -0.901702880859375], [-0.015529929660260677, 0.04007502272725105, -0.9990760087966919, 1.4863395690917969], [0.5702344179153442, 0.8211292624473572, 0.024073319509625435, -1.26171875], [0.0, 0.0, 0.0, 1.0]], [[0.008602946065366268, -0.9993119239807129, -0.03607698902487755, 0.00634765625], [-0.013620685786008835, 0.03595787286758423, -0.9992604851722717, 1.4787521362304688], [0.9998701810836792, 0.009088023565709591, -0.013301967643201351, -1.631134033203125], [0.0, 0.0, 0.0, 1.0]], [[-0.844731330871582, -0.5351002812385559, -0.009833560325205326, 1.0228271484375], [-0.005634651053696871, 0.02726500667631626, -0.9996123313903809, 1.4926223754882812], [0.5351609587669373, -0.8443484902381897, -0.026046710088849068, -1.2347412109375], [0.0, 0.0, 0.0, 1.0]], [[0.9476669430732727, 0.318861186504364, -0.01596582680940628, -1.14288330078125], [-0.031106701120734215, 0.04244823008775711, -0.9986143112182617, 1.5620040893554688], [-0.31774160265922546, 0.9468503594398499, 0.050145506858825684, -0.1566162109375], [0.0, 0.0, 0.0, 1.0]], [[0.010032512247562408, 0.9993491172790527, 0.03465231508016586, -0.0284423828125], [-0.028973760083317757, 0.0349300317466259, -0.9989696741104126, 1.5671958923339844], [-0.9995298385620117, 0.009018180891871452, 0.029305336996912956, 0.014373779296875], [0.0, 0.0, 0.0, 1.0]], [[-0.9232140183448792, 0.38329777121543884, 0.027542324736714363, 1.1074066162109375], [-0.02474932000041008, 0.012217420153319836, -0.9996190071105957, 1.5463852882385254], [-0.3834882080554962, -0.9235439896583557, -0.0017929344903677702, -0.0657958984375], [0.0, 0.0, 0.0, 1.0]]], "view": [[0.0, -2.0, 100.0], [-2.0, 0.0, 100.0], [0.0, 0.0, 1.0]], "bev": "bev_ffeac0746f944b93916ab06d77d73e4f.png", "aux": "aux_ffeac0746f944b93916ab06d77d73e4f.npz", "visibility": "visibility_ffeac0746f944b93916ab06d77d73e4f.png", "pose": [[0.7700507640838623, 0.6379826068878174, 0.0, 1331.35986328125], [-0.6379826068878174, 0.7700507640838623, 0.0, 871.9785766601562], [0.0, 0.0, 1.0, 0.0], [0.0, 0.0, 0.0, 1.0]], "pose_inverse": [[0.7700507640838623, -0.6379826068878174, 0.0, -468.9075622558594], [0.6379826068878174, 0.7700507640838623, 0.0, -1520.8521728515625], [0.0, 0.0, 1.0, 0.0], [0.0, 0.0, 0.0, 1.0]], "cam_ids": [0, 1, 2, 3, 4, 5], "cam_channels": ["CAM_FRONT_LEFT", "CAM_FRONT", "CAM_FRONT_RIGHT", "CAM_BACK_LEFT", "CAM_BACK", "CAM_BACK_RIGHT"], "token": "ffeac0746f944b93916ab06d77d73e4f", "scene": "scene-0739"}, {"images": ["samples/CAM_FRONT_LEFT/n008-2018-08-30-15-16-55-0400__CAM_FRONT_LEFT__1535656616754799.jpg", "samples/CAM_FRONT/n008-2018-08-30-15-16-55-0400__CAM_FRONT__1535656616762404.jpg", "samples/CAM_FRONT_RIGHT/n008-2018-08-30-15-16-55-0400__CAM_FRONT_RIGHT__1535656616770482.jpg", "samples/CAM_BACK_LEFT/n008-2018-08-30-15-16-55-0400__CAM_BACK_LEFT__1535656616797405.jpg", "samples/CAM_BACK/n008-2018-08-30-15-16-55-0400__CAM_BACK__1535656616787572.jpg", "samples/CAM_BACK_RIGHT/n008-2018-08-30-15-16-55-0400__CAM_BACK_RIGHT__1535656616778113.jpg"], "intrinsics": [[[1257.8625342125129, 0.0, 827.2410631095686], [0.0, 1257.8625342125129, 450.915498205774], [0.0, 0.0, 1.0]], [[1252.8131021185304, 0.0, 826.588114781398], [0.0, 1252.8131021185304, 469.9846626224581], [0.0, 0.0, 1.0]], [[1256.7485116440405, 0.0, 817.7887570959712], [0.0, 1256.7485116440403, 451.9541780095127], [0.0, 0.0, 1.0]], [[1254.9860565800168, 0.0, 829.5769333630991], [0.0, 1254.9860565800168, 467.1680561863987], [0.0, 0.0, 1.0]], [[796.8910634503094, 0.0, 857.7774326863696], [0.0, 796.8910634503094, 476.8848988407415], [0.0, 0.0, 1.0]], [[1249.9629280788233, 0.0, 825.3768045375984], [0.0, 1249.9629280788233, 462.54816385708756], [0.0, 0.0, 1.0]]], "extrinsics": [[[0.821528434753418, -0.568985104560852, -0.03670302405953407, -0.913299560546875], [-0.01541514229029417, 0.04218391329050064, -0.9989909529685974, 1.4865684509277344], [0.5699591636657715, 0.8212652802467346, 0.025884296745061874, -1.269775390625], [0.0, 0.0, 0.0, 1.0]], [[0.008892307989299297, -0.9992291331291199, -0.03823866695165634, 0.0062255859375], [-0.013392358087003231, 0.03811774402856827, -0.9991835355758667, 1.4789390563964844], [0.9998708367347717, 0.00939720869064331, -0.013043076731264591, -1.64337158203125], [0.0, 0.0, 0.0, 1.0]], [[-0.8446059226989746, -0.5352689027786255, -0.011322158388793468, 1.0318603515625], [-0.005278976634144783, 0.029472552239894867, -0.9995516538619995, 1.492706298828125], [0.5353626012802124, -0.8441674709320068, -0.02771836519241333, -1.24017333984375], [0.0, 0.0, 0.0, 1.0]], [[0.9477022886276245, 0.3188243508338928, -0.014546697027981281, -1.14080810546875], [-0.030349623411893845, 0.044654447585344315, -0.9985414147377014, 1.5619430541992188], [-0.317709743976593, 0.9467613697052002, 0.05199531465768814, -0.1572265625], [0.0, 0.0, 0.0, 1.0]], [[0.009971817024052143, 0.9992694854736328, 0.03689299896359444, -0.028564453125], [-0.028361333534121513, 0.037162624299526215, -0.9989066123962402, 1.567291259765625], [-0.999548077583313, 0.008914604783058167, 0.028711194172501564, 0.01708984375], [0.0, 0.0, 0.0, 1.0]], [[-0.9232847690582275, 0.3830975294113159, 0.027956094592809677, 1.1142425537109375], [-0.024274000898003578, 0.014443131163716316, -0.9996010065078735, 1.5465898513793945], [-0.3833484649658203, -0.9235950112342834, -0.004035811871290207, -0.0628662109375], [0.0, 0.0, 0.0, 1.0]]], "view": [[0.0, -2.0, 100.0], [-2.0, 0.0, 100.0], [0.0, 0.0, 1.0]], "bev": "bev_405fbfe768d74b839cfc6e38d1094c11.png", "aux": "aux_405fbfe768d74b839cfc6e38d1094c11.npz", "visibility": "visibility_405fbfe768d74b839cfc6e38d1094c11.png", "pose": [[0.7778014540672302, 0.6285101175308228, 0.0, 1332.4002685546875], [-0.6285101175308228, 0.7778014540672302, 0.0, 871.1270141601562], [0.0, 0.0, 1.0, 0.0], [0.0, 0.0, 0.0, 1.0]], "pose_inverse": [[0.7778014540672302, -0.6285101175308228, 0.0, -488.8306884765625], [0.6285101175308228, 0.7778014540672302, 0.0, -1514.9908447265625], [0.0, 0.0, 1.0, 0.0], [0.0, 0.0, 0.0, 1.0]], "cam_ids": [0, 1, 2, 3, 4, 5], "cam_channels": ["CAM_FRONT_LEFT", "CAM_FRONT", "CAM_FRONT_RIGHT", "CAM_BACK_LEFT", "CAM_BACK", "CAM_BACK_RIGHT"], "token": "405fbfe768d74b839cfc6e38d1094c11", "scene": "scene-0739"}, {"images": ["samples/CAM_FRONT_LEFT/n008-2018-08-30-15-16-55-0400__CAM_FRONT_LEFT__1535656617254799.jpg", "samples/CAM_FRONT/n008-2018-08-30-15-16-55-0400__CAM_FRONT__1535656617262404.jpg", "samples/CAM_FRONT_RIGHT/n008-2018-08-30-15-16-55-0400__CAM_FRONT_RIGHT__1535656617270482.jpg", "samples/CAM_BACK_LEFT/n008-2018-08-30-15-16-55-0400__CAM_BACK_LEFT__1535656617297405.jpg", "samples/CAM_BACK/n008-2018-08-30-15-16-55-0400__CAM_BACK__1535656617287558.jpg", "samples/CAM_BACK_RIGHT/n008-2018-08-30-15-16-55-0400__CAM_BACK_RIGHT__1535656617278113.jpg"], "intrinsics": [[[1257.8625342125129, 0.0, 827.2410631095686], [0.0, 1257.8625342125129, 450.915498205774], [0.0, 0.0, 1.0]], [[1252.8131021185304, 0.0, 826.588114781398], [0.0, 1252.8131021185304, 469.9846626224581], [0.0, 0.0, 1.0]], [[1256.7485116440405, 0.0, 817.7887570959712], [0.0, 1256.7485116440403, 451.9541780095127], [0.0, 0.0, 1.0]], [[1254.9860565800168, 0.0, 829.5769333630991], [0.0, 1254.9860565800168, 467.1680561863987], [0.0, 0.0, 1.0]], [[796.8910634503094, 0.0, 857.7774326863696], [0.0, 796.8910634503094, 476.8848988407415], [0.0, 0.0, 1.0]], [[1249.9629280788233, 0.0, 825.3768045375984], [0.0, 1249.9629280788233, 462.54816385708756], [0.0, 0.0, 1.0]]], "extrinsics": [[[0.821751594543457, -0.5688064694404602, -0.034403517842292786, -0.925048828125], [-0.013378487899899483, 0.04109935089945793, -0.9990654587745667, 1.4869918823242188], [0.5696888566017151, 0.8214439749717712, 0.02616368606686592, -1.2777099609375], [0.0, 0.0, 0.0, 1.0]], [[0.009200086817145348, -0.9992671608924866, -0.03715584799647331, 0.005859375], [-0.011450305581092834, 0.03704971447587013, -0.9992477893829346, 1.4792556762695312], [0.9998921751976013, 0.009618672542273998, -0.011101051233708858, -1.65460205078125], [0.0, 0.0, 0.0, 1.0]], [[-0.8444758057594299, -0.5354525446891785, -0.012300247326493263, 1.0389404296875], [-0.003458647523075342, 0.028416994959115982, -0.9995901584625244, 1.49285888671875], [0.5355826616287231, -0.8440871238708496, -0.02584940753877163, -1.24481201171875], [0.0, 0.0, 0.0, 1.0]], [[0.947726845741272, 0.31879669427871704, -0.013509712181985378, -1.140380859375], [-0.028950726613402367, 0.04374658316373825, -0.9986230731010437, 1.5619316101074219], [-0.31776684522628784, 0.9468130469322205, 0.0506892055273056, -0.1573486328125], [0.0, 0.0, 0.0, 1.0]], [[0.009840299375355244, 0.9993060827255249, 0.03592369705438614, -0.028564453125], [-0.026768751442432404, 0.036175817251205444, -0.9989868402481079, 1.5674018859863281], [-0.9995932579040527, 0.008868594653904438, 0.027106158435344696, 0.019683837890625], [0.0, 0.0, 0.0, 1.0]], [[-0.9233890771865845, 0.38298696279525757, 0.02595381624996662, 1.1196136474609375], [-0.022535327821969986, 0.013410413637757301, -0.999656081199646, 1.546806812286377], [-0.3832032382488251, -0.9236564040184021, -0.00375229399651289, -0.0606689453125], [0.0, 0.0, 0.0, 1.0]]], "view": [[0.0, -2.0, 100.0], [-2.0, 0.0, 100.0], [0.0, 0.0, 1.0]], "bev": "bev_02561ad1299d45f0981906daa0cffc51.png", "aux": "aux_02561ad1299d45f0981906daa0cffc51.npz", "visibility": "visibility_02561ad1299d45f0981906daa0cffc51.png", "pose": [[0.783796489238739, 0.6210178136825562, 0.0, 1333.34375], [-0.6210178136825562, 0.783796489238739, 0.0, 870.3726806640625], [0.0, 0.0, 1.0, 0.0], [0.0, 0.0, 0.0, 1.0]], "pose_inverse": [[0.783796489238739, -0.6210178136825562, 0.0, -504.5531921386719], [0.6210178136825562, 0.783796489238739, 0.0, -1510.2252197265625], [0.0, 0.0, 1.0, 0.0], [0.0, 0.0, 0.0, 1.0]], "cam_ids": [0, 1, 2, 3, 4, 5], "cam_channels": ["CAM_FRONT_LEFT", "CAM_FRONT", "CAM_FRONT_RIGHT", "CAM_BACK_LEFT", "CAM_BACK", "CAM_BACK_RIGHT"], "token": "02561ad1299d45f0981906daa0cffc51", "scene": "scene-0739"}, {"images": ["samples/CAM_FRONT_LEFT/n008-2018-08-30-15-16-55-0400__CAM_FRONT_LEFT__1535656617754799.jpg", "samples/CAM_FRONT/n008-2018-08-30-15-16-55-0400__CAM_FRONT__1535656617762404.jpg", "samples/CAM_FRONT_RIGHT/n008-2018-08-30-15-16-55-0400__CAM_FRONT_RIGHT__1535656617770482.jpg", "samples/CAM_BACK_LEFT/n008-2018-08-30-15-16-55-0400__CAM_BACK_LEFT__1535656617797405.jpg", "samples/CAM_BACK/n008-2018-08-30-15-16-55-0400__CAM_BACK__1535656617787558.jpg", "samples/CAM_BACK_RIGHT/n008-2018-08-30-15-16-55-0400__CAM_BACK_RIGHT__1535656617778113.jpg"], "intrinsics": [[[1257.8625342125129, 0.0, 827.2410631095686], [0.0, 1257.8625342125129, 450.915498205774], [0.0, 0.0, 1.0]], [[1252.8131021185304, 0.0, 826.588114781398], [0.0, 1252.8131021185304, 469.9846626224581], [0.0, 0.0, 1.0]], [[1256.7485116440405, 0.0, 817.7887570959712], [0.0, 1256.7485116440403, 451.9541780095127], [0.0, 0.0, 1.0]], [[1254.9860565800168, 0.0, 829.5769333630991], [0.0, 1254.9860565800168, 467.1680561863987], [0.0, 0.0, 1.0]], [[796.8910634503094, 0.0, 857.7774326863696], [0.0, 796.8910634503094, 476.8848988407415], [0.0, 0.0, 1.0]], [[1249.9629280788233, 0.0, 825.3768045375984], [0.0, 1249.9629280788233, 462.54816385708756], [0.0, 0.0, 1.0]]], "extrinsics": [[[0.8218887448310852, -0.5685847997665405, -0.03479105606675148, -0.932586669921875], [-0.01286307256668806, 0.04253486916422844, -0.9990121722221375, 1.4871673583984375], [0.5695028901100159, 0.8215243816375732, 0.027645178139209747, -1.28271484375], [0.0, 0.0, 0.0, 1.0]], [[0.009346218779683113, -0.9992133975028992, -0.03853888437151909, 0.005859375], [-0.010929294861853123, 0.03843618929386139, -0.9992012977600098, 1.4793701171875], [0.9998966455459595, 0.009759850800037384, -0.010561466217041016, -1.6614990234375], [0.0, 0.0, 0.0, 1.0]], [[-0.8444486856460571, -0.5354674458503723, -0.013461555354297161, 1.0418701171875], [-0.002933376468718052, 0.029754605144262314, -0.9995529055595398, 1.4929084777832031], [0.5356286764144897, -0.8440316319465637, -0.026696963235735893, -1.2469482421875], [0.0, 0.0, 0.0, 1.0]], [[0.9477424621582031, 0.3187848925590515, -0.012668493203818798, -1.1397705078125], [-0.028471997007727623, 0.044963158667087555, -0.9985827803611755, 1.561920166015625], [-0.3177635967731476, 0.9467599987983704, 0.05168993026018143, -0.157470703125], [0.0, 0.0, 0.0, 1.0]], [[0.009838234633207321, 0.9992604851722717, 0.037172719836235046, -0.0284423828125], [-0.026296908035874367, 0.03742021322250366, -0.9989535212516785, 1.5674400329589844], [-0.9996057748794556, 0.00885047484189272, 0.026645608246326447, 0.02056884765625], [0.0, 0.0, 0.0, 1.0]], [[-0.9234029650688171, 0.38295120000839233, 0.02598664164543152, 1.1215667724609375], [-0.02203547954559326, 0.014701342210173607, -0.9996491074562073, 1.5468826293945312], [-0.3831988573074341, -0.9236515760421753, -0.0051367501728236675, -0.06005859375], [0.0, 0.0, 0.0, 1.0]]], "view": [[0.0, -2.0, 100.0], [-2.0, 0.0, 100.0], [0.0, 0.0, 1.0]], "bev": "bev_e1ae6c2b1c8c4ee4bb739d8d96875ac5.png", "aux": "aux_e1ae6c2b1c8c4ee4bb739d8d96875ac5.npz", "visibility": "visibility_e1ae6c2b1c8c4ee4bb739d8d96875ac5.png", "pose": [[0.7879077792167664, 0.6157932877540588, 0.0, 1334.1580810546875], [-0.6157932877540588, 0.7879077792167664, 0.0, 869.7364501953125], [0.0, 0.0, 1.0, 0.0], [0.0, 0.0, 0.0, 1.0]], "pose_inverse": [[0.7879077792167664, -0.6157932877540588, 0.0, -515.6156005859375], [0.6157932877540588, 0.7879077792167664, 0.0, -1506.837646484375], [0.0, 0.0, 1.0, 0.0], [0.0, 0.0, 0.0, 1.0]], "cam_ids": [0, 1, 2, 3, 4, 5], "cam_channels": ["CAM_FRONT_LEFT", "CAM_FRONT", "CAM_FRONT_RIGHT", "CAM_BACK_LEFT", "CAM_BACK", "CAM_BACK_RIGHT"], "token": "e1ae6c2b1c8c4ee4bb739d8d96875ac5", "scene": "scene-0739"}, {"images": ["samples/CAM_FRONT_LEFT/n008-2018-08-30-15-16-55-0400__CAM_FRONT_LEFT__1535656618254799.jpg", "samples/CAM_FRONT/n008-2018-08-30-15-16-55-0400__CAM_FRONT__1535656618262404.jpg", "samples/CAM_FRONT_RIGHT/n008-2018-08-30-15-16-55-0400__CAM_FRONT_RIGHT__1535656618270482.jpg", "samples/CAM_BACK_LEFT/n008-2018-08-30-15-16-55-0400__CAM_BACK_LEFT__1535656618297405.jpg", "samples/CAM_BACK/n008-2018-08-30-15-16-55-0400__CAM_BACK__1535656618287558.jpg", "samples/CAM_BACK_RIGHT/n008-2018-08-30-15-16-55-0400__CAM_BACK_RIGHT__1535656618278113.jpg"], "intrinsics": [[[1257.8625342125129, 0.0, 827.2410631095686], [0.0, 1257.8625342125129, 450.915498205774], [0.0, 0.0, 1.0]], [[1252.8131021185304, 0.0, 826.588114781398], [0.0, 1252.8131021185304, 469.9846626224581], [0.0, 0.0, 1.0]], [[1256.7485116440405, 0.0, 817.7887570959712], [0.0, 1256.7485116440403, 451.9541780095127], [0.0, 0.0, 1.0]], [[1254.9860565800168, 0.0, 829.5769333630991], [0.0, 1254.9860565800168, 467.1680561863987], [0.0, 0.0, 1.0]], [[796.8910634503094, 0.0, 857.7774326863696], [0.0, 796.8910634503094, 476.8848988407415], [0.0, 0.0, 1.0]], [[1249.9629280788233, 0.0, 825.3768045375984], [0.0, 1249.9629280788233, 462.54816385708756], [0.0, 0.0, 1.0]]], "extrinsics": [[[0.8220691084861755, -0.5682956576347351, -0.03525080904364586, -0.9447021484375], [-0.012985600158572197, 0.043181564658880234, -0.998982846736908, 1.48736572265625], [0.5692397952079773, 0.8216906785964966, 0.028118567541241646, -1.290771484375], [0.0, 0.0, 0.0, 1.0]], [[0.009624562226235867, -0.9991854429244995, -0.03919064253568649, 0.00537109375], [-0.011009711772203445, 0.039084192365407944, -0.9991752505302429, 1.4795074462890625], [0.999893069267273, 0.010048161260783672, -0.010624573566019535, -1.67333984375], [0.0, 0.0, 0.0, 1.0]], [[-0.8443223237991333, -0.5356575846672058, -0.013813910074532032, 1.050048828125], [-0.0029429253190755844, 0.03041539341211319, -0.9995329976081848, 1.4929389953613281], [0.53582763671875, -0.8438873887062073, -0.02725679986178875, -1.25225830078125], [0.0, 0.0, 0.0, 1.0]], [[0.9477484226226807, 0.31878846883773804, -0.012121429666876793, -1.13995361328125], [-0.028132926672697067, 0.04566964879631996, -0.99856036901474, 1.5619239807128906], [-0.31777599453926086, 0.9467250108718872, 0.05225179344415665, -0.1573486328125], [0.0, 0.0, 0.0, 1.0]], [[0.009743670001626015, 0.9992347955703735, 0.037879835814237595, -0.0283203125], [-0.026073066517710686, 0.03812263533473015, -0.9989328384399414, 1.5675430297851562], [-0.99961256980896, 0.00874564703553915, 0.026424570009112358, 0.024169921875], [0.0, 0.0, 0.0, 1.0]], [[-0.9234716892242432, 0.38277357816696167, 0.026161646470427513, 1.1281814575195312], [-0.02194369025528431, 0.01538213063031435, -0.9996408224105835, 1.5470361709594727], [-0.3830385208129883, -0.9237141013145447, -0.005805498454719782, -0.0574951171875], [0.0, 0.0, 0.0, 1.0]]], "view": [[0.0, -2.0, 100.0], [-2.0, 0.0, 100.0], [0.0, 0.0, 1.0]], "bev": "bev_a55d52a67fa1446bad785b4b31ec1e30.png", "aux": "aux_a55d52a67fa1446bad785b4b31ec1e30.npz", "visibility": "visibility_a55d52a67fa1446bad785b4b31ec1e30.png", "pose": [[0.7893218994140625, 0.6139795780181885, 0.0, 1334.8851318359375], [-0.6139795780181885, 0.7893218994140625, 0.0, 869.1702270507812], [0.0, 0.0, 1.0, 0.0], [0.0, 0.0, 0.0, 1.0]], "pose_inverse": [[0.7893218994140625, -0.6139795780181885, 0.0, -520.0013427734375], [0.6139795780181885, 0.7893218994140625, 0.0, -1505.6473388671875], [0.0, 0.0, 1.0, 0.0], [0.0, 0.0, 0.0, 1.0]], "cam_ids": [0, 1, 2, 3, 4, 5], "cam_channels": ["CAM_FRONT_LEFT", "CAM_FRONT", "CAM_FRONT_RIGHT", "CAM_BACK_LEFT", "CAM_BACK", "CAM_BACK_RIGHT"], "token": "a55d52a67fa1446bad785b4b31ec1e30", "scene": "scene-0739"}, {"images": ["samples/CAM_FRONT_LEFT/n008-2018-08-30-15-16-55-0400__CAM_FRONT_LEFT__1535656618754799.jpg", "samples/CAM_FRONT/n008-2018-08-30-15-16-55-0400__CAM_FRONT__1535656618762404.jpg", "samples/CAM_FRONT_RIGHT/n008-2018-08-30-15-16-55-0400__CAM_FRONT_RIGHT__1535656618770482.jpg", "samples/CAM_BACK_LEFT/n008-2018-08-30-15-16-55-0400__CAM_BACK_LEFT__1535656618797405.jpg", "samples/CAM_BACK/n008-2018-08-30-15-16-55-0400__CAM_BACK__1535656618787558.jpg", "samples/CAM_BACK_RIGHT/n008-2018-08-30-15-16-55-0400__CAM_BACK_RIGHT__1535656618778113.jpg"], "intrinsics": [[[1257.8625342125129, 0.0, 827.2410631095686], [0.0, 1257.8625342125129, 450.915498205774], [0.0, 0.0, 1.0]], [[1252.8131021185304, 0.0, 826.588114781398], [0.0, 1252.8131021185304, 469.9846626224581], [0.0, 0.0, 1.0]], [[1256.7485116440405, 0.0, 817.7887570959712], [0.0, 1256.7485116440403, 451.9541780095127], [0.0, 0.0, 1.0]], [[1254.9860565800168, 0.0, 829.5769333630991], [0.0, 1254.9860565800168, 467.1680561863987], [0.0, 0.0, 1.0]], [[796.8910634503094, 0.0, 857.7774326863696], [0.0, 796.8910634503094, 476.8848988407415], [0.0, 0.0, 1.0]], [[1249.9629280788233, 0.0, 825.3768045375984], [0.0, 1249.9629280788233, 462.54816385708756], [0.0, 0.0, 1.0]]], "extrinsics": [[[0.8225091695785522, -0.5677658319473267, -0.03347495198249817, -0.9365234375], [-0.010462161153554916, 0.04374311864376068, -0.9989879727363586, 1.4874267578125], [0.5686556100845337, 0.8220270276069641, 0.03003905899822712, -1.285888671875], [0.0, 0.0, 0.0, 1.0]], [[0.010227150283753872, -0.9991582632064819, -0.0397232249379158, 0.0062255859375], [-0.008456625044345856, 0.03963745757937431, -0.9991783499717712, 1.4795761108398438], [0.999911904335022, 0.01055458839982748, -0.00804413016885519, -1.66552734375], [0.0, 0.0, 0.0, 1.0]], [[-0.8440826535224915, -0.5359658598899841, -0.01628411002457142, 1.04443359375], [-0.00037672396865673363, 0.03096146695315838, -0.999520480632782, 1.4930534362792969], [0.5362130403518677, -0.8436717391014099, -0.026335950940847397, -1.248291015625], [0.0, 0.0, 0.0, 1.0]], [[0.9477855563163757, 0.31876447796821594, -0.009572403505444527, -1.1387939453125], [-0.025626568123698235, 0.0462079718708992, -0.998603105545044, 1.5618972778320312], [-0.3178769648075104, 0.9467068910598755, 0.05196409672498703, -0.157958984375], [0.0, 0.0, 0.0, 1.0]], [[0.009531250223517418, 0.9992151856422424, 0.03844764828681946, -0.028564453125], [-0.023575831204652786, 0.03866325691342354, -0.9989741444587708, 1.5675048828125], [-0.9996765851974487, 0.00861506536602974, 0.023925840854644775, 0.02099609375], [0.0, 0.0, 0.0, 1.0]], [[-0.92363440990448, 0.38252031803131104, 0.024033701047301292, 1.1230621337890625], [-0.019418323412537575, 0.015922516584396362, -0.9996846914291382, 1.5470209121704102], [-0.38278231024742126, -0.9238098859786987, -0.0072786821983754635, -0.059326171875], [0.0, 0.0, 0.0, 1.0]]], "view": [[0.0, -2.0, 100.0], [-2.0, 0.0, 100.0], [0.0, 0.0, 1.0]], "bev": "bev_3c018214aed0490ebee671429176139c.png", "aux": "aux_3c018214aed0490ebee671429176139c.npz", "visibility": "visibility_3c018214aed0490ebee671429176139c.png", "pose": [[0.7879539728164673, 0.6157341003417969, 0.0, 1335.6190185546875], [-0.6157341003417969, 0.7879539728164673, 0.0, 868.6017456054688], [0.0, 0.0, 1.0, 0.0], [0.0, 0.0, 0.0, 1.0]], "pose_inverse": [[0.7879539728164673, -0.6157341003417969, 0.0, -517.57861328125], [0.6157341003417969, 0.7879539728164673, 0.0, -1506.804443359375], [0.0, 0.0, 1.0, 0.0], [0.0, 0.0, 0.0, 1.0]], "cam_ids": [0, 1, 2, 3, 4, 5], "cam_channels": ["CAM_FRONT_LEFT", "CAM_FRONT", "CAM_FRONT_RIGHT", "CAM_BACK_LEFT", "CAM_BACK", "CAM_BACK_RIGHT"], "token": "3c018214aed0490ebee671429176139c", "scene": "scene-0739"}, {"images": ["samples/CAM_FRONT_LEFT/n008-2018-08-30-15-16-55-0400__CAM_FRONT_LEFT__1535656619254799.jpg", "samples/CAM_FRONT/n008-2018-08-30-15-16-55-0400__CAM_FRONT__1535656619262404.jpg", "samples/CAM_FRONT_RIGHT/n008-2018-08-30-15-16-55-0400__CAM_FRONT_RIGHT__1535656619270482.jpg", "samples/CAM_BACK_LEFT/n008-2018-08-30-15-16-55-0400__CAM_BACK_LEFT__1535656619297405.jpg", "samples/CAM_BACK/n008-2018-08-30-15-16-55-0400__CAM_BACK__1535656619287558.jpg", "samples/CAM_BACK_RIGHT/n008-2018-08-30-15-16-55-0400__CAM_BACK_RIGHT__1535656619278113.jpg"], "intrinsics": [[[1257.8625342125129, 0.0, 827.2410631095686], [0.0, 1257.8625342125129, 450.915498205774], [0.0, 0.0, 1.0]], [[1252.8131021185304, 0.0, 826.588114781398], [0.0, 1252.8131021185304, 469.9846626224581], [0.0, 0.0, 1.0]], [[1256.7485116440405, 0.0, 817.7887570959712], [0.0, 1256.7485116440403, 451.9541780095127], [0.0, 0.0, 1.0]], [[1254.9860565800168, 0.0, 829.5769333630991], [0.0, 1254.9860565800168, 467.1680561863987], [0.0, 0.0, 1.0]], [[796.8910634503094, 0.0, 857.7774326863696], [0.0, 796.8910634503094, 476.8848988407415], [0.0, 0.0, 1.0]], [[1249.9629280788233, 0.0, 825.3768045375984], [0.0, 1249.9629280788233, 462.54816385708756], [0.0, 0.0, 1.0]]], "extrinsics": [[[0.8226637840270996, -0.5674948692321777, -0.03426353260874748, -0.9376220703125], [-0.009674372151494026, 0.04628491401672363, -0.998881459236145, 1.4875030517578125], [0.5684459209442139, 0.8220750093460083, 0.03258676454424858, -1.286865234375], [0.0, 0.0, 0.0, 1.0]], [[0.01043070387095213, -0.999049723148346, -0.042319029569625854, 0.0059814453125], [-0.007753054611384869, 0.04223925992846489, -0.9990774989128113, 1.4796333312988281], [0.9999155402183533, 0.010749154724180698, -0.007305098231881857, -1.6663818359375], [0.0, 0.0, 0.0, 1.0]], [[-0.8440069556236267, -0.5360220074653625, -0.01823744922876358, 1.045166015625], [0.00023396481992676854, 0.03363604098558426, -0.9994341135025024, 1.4930839538574219], [0.5363321304321289, -0.8435336351394653, -0.028263643383979797, -1.2486572265625], [0.0, 0.0, 0.0, 1.0]], [[0.9478062391281128, 0.31873899698257446, -0.008298104628920555, -1.13897705078125], [-0.02522839605808258, 0.04902492091059685, -0.998478889465332, 1.5619049072265625], [-0.31784728169441223, 0.9465738534927368, 0.05450740084052086, -0.1578369140625], [0.0, 0.0, 0.0, 1.0]], [[0.009500548243522644, 0.9991055727005005, 0.041203130036592484, -0.028564453125], [-0.02307216078042984, 0.041413042694330215, -0.998875617980957, 1.567535400390625], [-0.9996886849403381, 0.008539202623069286, 0.023444971069693565, 0.021270751953125], [0.0, 0.0, 0.0, 1.0]], [[-0.923675537109375, 0.38238832354545593, 0.024547798559069633, 1.1236801147460938], [-0.018854765221476555, 0.018628932535648346, -0.9996486306190491, 1.5470561981201172], [-0.3827112317085266, -0.9238138198852539, -0.009997248649597168, -0.0589599609375], [0.0, 0.0, 0.0, 1.0]]], "view": [[0.0, -2.0, 100.0], [-2.0, 0.0, 100.0], [0.0, 0.0, 1.0]], "bev": "bev_378412daa34c4823a69dd5997fd5db52.png", "aux": "aux_378412daa34c4823a69dd5997fd5db52.npz", "visibility": "visibility_378412daa34c4823a69dd5997fd5db52.png", "pose": [[0.7836188673973083, 0.6212418675422668, 0.0, 1336.35302734375], [-0.6212418675422668, 0.7836188673973083, 0.0, 868.0255126953125], [0.0, 0.0, 1.0, 0.0], [0.0, 0.0, 0.0, 1.0]], "pose_inverse": [[0.7836188673973083, -0.6212418675422668, 0.0, -507.9376525878906], [0.6212418675422668, 0.7836188673973083, 0.0, -1510.399658203125], [0.0, 0.0, 1.0, 0.0], [0.0, 0.0, 0.0, 1.0]], "cam_ids": [0, 1, 2, 3, 4, 5], "cam_channels": ["CAM_FRONT_LEFT", "CAM_FRONT", "CAM_FRONT_RIGHT", "CAM_BACK_LEFT", "CAM_BACK", "CAM_BACK_RIGHT"], "token": "378412daa34c4823a69dd5997fd5db52", "scene": "scene-0739"}, {"images": ["samples/CAM_FRONT_LEFT/n008-2018-08-30-15-16-55-0400__CAM_FRONT_LEFT__1535656619754799.jpg", "samples/CAM_FRONT/n008-2018-08-30-15-16-55-0400__CAM_FRONT__1535656619762418.jpg", "samples/CAM_FRONT_RIGHT/n008-2018-08-30-15-16-55-0400__CAM_FRONT_RIGHT__1535656619770482.jpg", "samples/CAM_BACK_LEFT/n008-2018-08-30-15-16-55-0400__CAM_BACK_LEFT__1535656619797405.jpg", "samples/CAM_BACK/n008-2018-08-30-15-16-55-0400__CAM_BACK__1535656619787558.jpg", "samples/CAM_BACK_RIGHT/n008-2018-08-30-15-16-55-0400__CAM_BACK_RIGHT__1535656619778113.jpg"], "intrinsics": [[[1257.8625342125129, 0.0, 827.2410631095686], [0.0, 1257.8625342125129, 450.915498205774], [0.0, 0.0, 1.0]], [[1252.8131021185304, 0.0, 826.588114781398], [0.0, 1252.8131021185304, 469.9846626224581], [0.0, 0.0, 1.0]], [[1256.7485116440405, 0.0, 817.7887570959712], [0.0, 1256.7485116440403, 451.9541780095127], [0.0, 0.0, 1.0]], [[1254.9860565800168, 0.0, 829.5769333630991], [0.0, 1254.9860565800168, 467.1680561863987], [0.0, 0.0, 1.0]], [[796.8910634503094, 0.0, 857.7774326863696], [0.0, 796.8910634503094, 476.8848988407415], [0.0, 0.0, 1.0]], [[1249.9629280788233, 0.0, 825.3768045375984], [0.0, 1249.9629280788233, 462.54816385708756], [0.0, 0.0, 1.0]]], "extrinsics": [[[0.8229100704193115, -0.5671176910400391, -0.03459103778004646, -0.945465087890625], [-0.00874482374638319, 0.0482320562005043, -0.9987978339195251, 1.4876251220703125], [0.5681043267250061, 0.8222233653068542, 0.03473130241036415, -1.29345703125], [0.0, 0.0, 0.0, 1.0]], [[0.010764732025563717, -0.9989649653434753, -0.044195033609867096, 0.0069580078125], [-0.00676222937181592, 0.04412385821342468, -0.9990032315254211, 1.4797210693359375], [0.9999191761016846, 0.011052743531763554, -0.006280249450355768, -1.675201416015625], [0.0, 0.0, 0.0, 1.0]], [[-0.8438788652420044, -0.5361567735671997, -0.020108137279748917, 1.05126953125], [0.0012952256947755814, 0.035442009568214417, -0.9993708729743958, 1.4931106567382812], [0.5365321636199951, -0.8433740735054016, -0.02921432815492153, -1.25189208984375], [0.0, 0.0, 0.0, 1.0]], [[0.9478313326835632, 0.3187059164047241, -0.006509281694889069, -1.13958740234375], [-0.02386036328971386, 0.05056857690215111, -0.9984354972839355, 1.5619277954101562], [-0.3178780972957611, 0.946503758430481, 0.05553491786122322, -0.15771484375], [0.0, 0.0, 0.0, 1.0]], [[0.009409048594534397, 0.9990369081497192, 0.04285785183310509, -0.029052734375], [-0.021831752732396126, 0.043054766952991486, -0.9988341331481934, 1.5676155090332031], [-0.9997174143791199, 0.008462375961244106, 0.0222158320248127, 0.02423095703125], [0.0, 0.0, 0.0, 1.0]], [[-0.9237520098686218, 0.3822295069694519, 0.024140778928995132, 1.1283111572265625], [-0.017695603892207146, 0.020369023084640503, -0.9996359348297119, 1.5471858978271484], [-0.38258200883865356, -0.9238429069519043, -0.012052144855260849, -0.056640625], [0.0, 0.0, 0.0, 1.0]]], "view": [[0.0, -2.0, 100.0], [-2.0, 0.0, 100.0], [0.0, 0.0, 1.0]], "bev": "bev_e1d1e1806a7f4263ba59af7f749ef326.png", "aux": "aux_e1d1e1806a7f4263ba59af7f749ef326.npz", "visibility": "visibility_e1d1e1806a7f4263ba59af7f749ef326.png", "pose": [[0.7764912247657776, 0.6301280856132507, 0.0, 1337.0072021484375], [-0.6301280856132507, 0.7764912247657776, 0.0, 867.4962768554688], [0.0, 0.0, 1.0, 0.0], [0.0, 0.0, 0.0, 1.0]], "pose_inverse": [[0.7764912247657776, -0.6301280856132507, 0.0, -491.54058837890625], [0.6301280856132507, 0.7764912247657776, 0.0, -1516.0889892578125], [0.0, 0.0, 1.0, 0.0], [0.0, 0.0, 0.0, 1.0]], "cam_ids": [0, 1, 2, 3, 4, 5], "cam_channels": ["CAM_FRONT_LEFT", "CAM_FRONT", "CAM_FRONT_RIGHT", "CAM_BACK_LEFT", "CAM_BACK", "CAM_BACK_RIGHT"], "token": "e1d1e1806a7f4263ba59af7f749ef326", "scene": "scene-0739"}, {"images": ["samples/CAM_FRONT_LEFT/n008-2018-08-30-15-16-55-0400__CAM_FRONT_LEFT__1535656620254799.jpg", "samples/CAM_FRONT/n008-2018-08-30-15-16-55-0400__CAM_FRONT__1535656620262404.jpg", "samples/CAM_FRONT_RIGHT/n008-2018-08-30-15-16-55-0400__CAM_FRONT_RIGHT__1535656620270482.jpg", "samples/CAM_BACK_LEFT/n008-2018-08-30-15-16-55-0400__CAM_BACK_LEFT__1535656620297405.jpg", "samples/CAM_BACK/n008-2018-08-30-15-16-55-0400__CAM_BACK__1535656620287558.jpg", "samples/CAM_BACK_RIGHT/n008-2018-08-30-15-16-55-0400__CAM_BACK_RIGHT__1535656620278113.jpg"], "intrinsics": [[[1257.8625342125129, 0.0, 827.2410631095686], [0.0, 1257.8625342125129, 450.915498205774], [0.0, 0.0, 1.0]], [[1252.8131021185304, 0.0, 826.588114781398], [0.0, 1252.8131021185304, 469.9846626224581], [0.0, 0.0, 1.0]], [[1256.7485116440405, 0.0, 817.7887570959712], [0.0, 1256.7485116440403, 451.9541780095127], [0.0, 0.0, 1.0]], [[1254.9860565800168, 0.0, 829.5769333630991], [0.0, 1254.9860565800168, 467.1680561863987], [0.0, 0.0, 1.0]], [[796.8910634503094, 0.0, 857.7774326863696], [0.0, 796.8910634503094, 476.8848988407415], [0.0, 0.0, 1.0]], [[1249.9629280788233, 0.0, 825.3768045375984], [0.0, 1249.9629280788233, 462.54816385708756], [0.0, 0.0, 1.0]]], "extrinsics": [[[0.8226285576820374, -0.5675837993621826, -0.03362934663891792, -0.9527587890625], [-0.007417671848088503, 0.04842803627252579, -0.9987990856170654, 1.487823486328125], [0.568530797958374, 0.821890115737915, 0.03562813624739647, -1.2974853515625], [0.0, 0.0, 0.0, 1.0]], [[0.010335490107536316, -0.9989615082740784, -0.044372040778398514, 0.006103515625], [-0.005494430661201477, 0.044317007064819336, -0.9990024566650391, 1.4798660278320312], [0.9999314546585083, 0.010569005273282528, -0.005030685104429722, -1.68194580078125], [0.0, 0.0, 0.0, 1.0]], [[-0.8440636992454529, -0.5358232259750366, -0.021211298182606697, 1.0555419921875], [0.0024972367100417614, 0.03562730550765991, -0.999362051486969, 1.4931716918945312], [0.5362371206283569, -0.8435782194137573, -0.028733640909194946, -1.25537109375], [0.0, 0.0, 0.0, 1.0]], [[0.9478581547737122, 0.31864655017852783, -0.005407402757555246, -1.13958740234375], [-0.022769803181290627, 0.05078832060098648, -0.9984498620033264, 1.5619354248046875], [-0.31787794828414917, 0.9465119242668152, 0.05539564788341522, -0.157470703125], [0.0, 0.0, 0.0, 1.0]], [[0.009542815387248993, 0.9990267753601074, 0.04306289553642273, -0.0286865234375], [-0.02065201848745346, 0.043252576142549515, -0.9988507032394409, 1.5676841735839844], [-0.9997411966323853, 0.008642483502626