[{"images": ["samples/CAM_FRONT_LEFT/n015-2018-07-27-11-36-48+0800__CAM_FRONT_LEFT__1532662668904844.jpg", "samples/CAM_FRONT/n015-2018-07-27-11-36-48+0800__CAM_FRONT__1532662668912460.jpg", "samples/CAM_FRONT_RIGHT/n015-2018-07-27-11-36-48+0800__CAM_FRONT_RIGHT__1532662668920339.jpg", "samples/CAM_BACK_LEFT/n015-2018-07-27-11-36-48+0800__CAM_BACK_LEFT__1532662668947423.jpg", "samples/CAM_BACK/n015-2018-07-27-11-36-48+0800__CAM_BACK__1532662668937525.jpg", "samples/CAM_BACK_RIGHT/n015-2018-07-27-11-36-48+0800__CAM_BACK_RIGHT__1532662668927893.jpg"], "intrinsics": [[[1272.5979470598488, 0.0, 826.6154927353808], [0.0, 1272.5979470598488, 479.75165386361925], [0.0, 0.0, 1.0]], [[1266.417203046554, 0.0, 816.2670197447984], [0.0, 1266.417203046554, 491.50706579294757], [0.0, 0.0, 1.0]], [[1260.8474446004698, 0.0, 807.968244525554], [0.0, 1260.8474446004698, 495.3344268742088], [0.0, 0.0, 1.0]], [[1256.7414812095406, 0.0, 792.1125740759628], [0.0, 1256.7414812095406, 492.7757465151356], [0.0, 0.0, 1.0]], [[809.2209905677063, 0.0, 829.2196003259838], [0.0, 809.2209905677063, 481.77842384512485], [0.0, 0.0, 1.0]], [[1259.5137405846733, 0.0, 807.2529053838625], [0.0, 1259.5137405846733, 501.19579884916527], [0.0, 0.0, 1.0]]], "extrinsics": [[[0.8216891884803772, -0.5698986649513245, 0.006509312894195318, -0.7923583984375], [0.014058065600693226, 0.008848846890032291, -0.999862015247345, 1.5111980438232422], [0.5697624087333679, 0.8216673135757446, 0.015282674692571163, -1.160888671875], [0.0, 0.0, 0.0, 1.0]], [[0.007082973141223192, -0.9999639391899109, -0.004675090312957764, 0.00653076171875], [0.010000909678637981, 0.004745812155306339, -0.9999387860298157, 1.5222702026367188], [0.999924898147583, 0.007035763934254646, 0.010034163482487202, -1.5186767578125], [0.0, 0.0, 0.0, 1.0]], [[-0.832051157951355, -0.554079532623291, -0.026203423738479614, 0.9190673828125], [0.016879063099622726, 0.02192671224474907, -0.9996170401573181, 1.5059356689453125], [0.5544419884681702, -0.8321748971939087, -0.008891801349818707, -1.1728515625], [0.0, 0.0, 0.0, 1.0]], [[0.9474740028381348, 0.31878840923309326, 0.02582624740898609, -1.1334228515625], [0.030125692486763, -0.008562833070755005, -0.9995093941688538, 1.5888328552246094], [-0.31841087341308594, 0.9477872252464294, -0.017716780304908752, -0.1065826416015625], [0.0, 0.0, 0.0, 1.0]], [[0.0020913949701935053, 0.9999967813491821, 0.0014833237510174513, 0.00286865234375], [0.0030273147858679295, 0.0014769899426028132, -0.9999943971633911, 1.5795235633850098], [-0.9999933242797852, 0.0020958513487130404, -0.0030242137145251036, -0.0528564453125], [0.0, 0.0, 0.0, 1.0]], [[-0.9347086548805237, 0.354475200176239, -0.02582736872136593, 1.0423583984375], [0.03401322662830353, 0.016880476847290993, -0.9992788434028625, 1.55487060546875], [-0.35378363728523254, -0.9349130392074585, -0.027835175395011902, -0.0989990234375], [0.0, 0.0, 0.0, 1.0]]], "view": [[0.0, -2.0, 100.0], [-2.0, 0.0, 100.0], [0.0, 0.0, 1.0]], "bev": "bev_3b477456ee2e4f7da377b13cde7c48c1.png", "aux": "aux_3b477456ee2e4f7da377b13cde7c48c1.npz", "visibility": "visibility_3b477456ee2e4f7da377b13cde7c48c1.png", "pose": [[0.5651175379753113, -0.8250104188919067, 0.0, 541.1697998046875], [0.8250104188919067, 0.5651175379753113, 0.0, 1739.631591796875], [0.0, 0.0, 1.0, 0.0], [0.0, 0.0, 0.0, 1.0]], "pose_inverse": [[0.5651175379753113, 0.8250104188919067, 0.0, -1741.0386962890625], [-0.8250104188919067, 0.5651175379753113, 0.0, -536.6255493164062], [0.0, 0.0, 1.0, 0.0], [0.0, 0.0, 0.0, 1.0]], "cam_ids": [0, 1, 2, 3, 4, 5], "cam_channels": ["CAM_FRONT_LEFT", "CAM_FRONT", "CAM_FRONT_RIGHT", "CAM_BACK_LEFT", "CAM_BACK", "CAM_BACK_RIGHT"], "token": "3b477456ee2e4f7da377b13cde7c48c1", "scene": "scene-0177"}, {"images": ["samples/CAM_FRONT_LEFT/n015-2018-07-27-11-36-48+0800__CAM_FRONT_LEFT__1532662669404844.jpg", "samples/CAM_FRONT/n015-2018-07-27-11-36-48+0800__CAM_FRONT__1532662669412460.jpg", "samples/CAM_FRONT_RIGHT/n015-2018-07-27-11-36-48+0800__CAM_FRONT_RIGHT__1532662669420339.jpg", "samples/CAM_BACK_LEFT/n015-2018-07-27-11-36-48+0800__CAM_BACK_LEFT__1532662669447423.jpg", "samples/CAM_BACK/n015-2018-07-27-11-36-48+0800__CAM_BACK__1532662669437525.jpg", "samples/CAM_BACK_RIGHT/n015-2018-07-27-11-36-48+0800__CAM_BACK_RIGHT__1532662669427893.jpg"], "intrinsics": [[[1272.5979470598488, 0.0, 826.6154927353808], [0.0, 1272.5979470598488, 479.75165386361925], [0.0, 0.0, 1.0]], [[1266.417203046554, 0.0, 816.2670197447984], [0.0, 1266.417203046554, 491.50706579294757], [0.0, 0.0, 1.0]], [[1260.8474446004698, 0.0, 807.968244525554], [0.0, 1260.8474446004698, 495.3344268742088], [0.0, 0.0, 1.0]], [[1256.7414812095406, 0.0, 792.1125740759628], [0.0, 1256.7414812095406, 492.7757465151356], [0.0, 0.0, 1.0]], [[809.2209905677063, 0.0, 829.2196003259838], [0.0, 809.2209905677063, 481.77842384512485], [0.0, 0.0, 1.0]], [[1259.5137405846733, 0.0, 807.2529053838625], [0.0, 1259.5137405846733, 501.19579884916527], [0.0, 0.0, 1.0]]], "extrinsics": [[[0.8213545680046082, -0.5695980787277222, 0.030573787167668343, -0.7774658203125], [0.04357943311333656, 0.00921828392893076, -0.9990074634552002, 1.5181884765625], [0.5687509179115295, 0.8218717575073242, 0.03239423781633377, -1.150634765625], [0.0, 0.0, 0.0, 1.0]], [[0.007466185837984085, -0.999961256980896, -0.004659851547330618, 0.00689697265625], [0.03733962029218674, 0.004935519769787788, -0.9992904663085938, 1.5275726318359375], [0.999274730682373, 0.007286894600838423, 0.03737502172589302, -1.5035400390625], [0.0, 0.0, 0.0, 1.0]], [[-0.8310554027557373, -0.5541947484016418, -0.04706452414393425, 0.9090576171875], [0.04194097965955734, 0.02193542569875717, -0.9988791942596436, 1.5098648071289062], [0.5546060800552368, -0.8320979475975037, 0.005013921298086643, -1.16595458984375], [0.0, 0.0, 0.0, 1.0]], [[0.9469465017318726, 0.31854650378227234, 0.04266796633601189, -1.131591796875], [0.04808457940816879, -0.009156269952654839, -0.9988012909889221, 1.5890884399414062], [-0.3177739679813385, 0.9478630423545837, -0.023987673223018646, -0.1071176528930664], [0.0, 0.0, 0.0, 1.0]], [[0.0021762049291282892, 0.999997079372406, 0.0011773923179134727, 0.00274658203125], [0.02338712476193905, 0.0011261769104748964, -0.999725878238678, 1.5807838439941406], [-0.9997241497039795, 0.0022031846456229687, -0.02338460274040699, -0.0589599609375], [0.0, 0.0, 0.0, 1.0]], [[-0.9338778257369995, 0.35444316267967224, -0.04735371097922325, 1.0330810546875], [0.056961558759212494, 0.01671614870429039, -0.9982364773750305, 1.5577239990234375], [-0.35302653908729553, -0.9349281787872314, -0.035800471901893616, -0.1021728515625], [0.0, 0.0, 0.0, 1.0]]], "view": [[0.0, -2.0, 100.0], [-2.0, 0.0, 100.0], [0.0, 0.0, 1.0]], "bev": "bev_6435b346f5a1439ba72e6a431af99fa8.png", "aux": "aux_6435b346f5a1439ba72e6a431af99fa8.npz", "visibility": "visibility_6435b346f5a1439ba72e6a431af99fa8.png", "pose": [[0.5835496187210083, -0.812077522277832, 0.0, 542.6375732421875], [0.812077522277832, 0.5835496187210083, 0.0, 1741.7044677734375], [0.0, 0.0, 1.0, 0.0], [0.0, 0.0, 0.0, 1.0]], "pose_inverse": [[0.5835496187210083, 0.812077522277832, 0.0, -1731.054931640625], [-0.812077522277832, 0.5835496187210083, 0.0, -575.7072143554688], [0.0, 0.0, 1.0, 0.0], [0.0, 0.0, 0.0, 1.0]], "cam_ids": [0, 1, 2, 3, 4, 5], "cam_channels": ["CAM_FRONT_LEFT", "CAM_FRONT", "CAM_FRONT_RIGHT", "CAM_BACK_LEFT", "CAM_BACK", "CAM_BACK_RIGHT"], "token": "6435b346f5a1439ba72e6a431af99fa8", "scene": "scene-0177"}, {"images": ["samples/CAM_FRONT_LEFT/n015-2018-07-27-11-36-48+0800__CAM_FRONT_LEFT__1532662669904844.jpg", "samples/CAM_FRONT/n015-2018-07-27-11-36-48+0800__CAM_FRONT__1532662669912460.jpg", "samples/CAM_FRONT_RIGHT/n015-2018-07-27-11-36-48+0800__CAM_FRONT_RIGHT__1532662669920339.jpg", "samples/CAM_BACK_LEFT/n015-2018-07-27-11-36-48+0800__CAM_BACK_LEFT__1532662669947423.jpg", "samples/CAM_BACK/n015-2018-07-27-11-36-48+0800__CAM_BACK__1532662669937525.jpg", "samples/CAM_BACK_RIGHT/n015-2018-07-27-11-36-48+0800__CAM_BACK_RIGHT__1532662669927893.jpg"], "intrinsics": [[[1272.5979470598488, 0.0, 826.6154927353808], [0.0, 1272.5979470598488, 479.75165386361925], [0.0, 0.0, 1.0]], [[1266.417203046554, 0.0, 816.2670197447984], [0.0, 1266.417203046554, 491.50706579294757], [0.0, 0.0, 1.0]], [[1260.8474446004698, 0.0, 807.968244525554], [0.0, 1260.8474446004698, 495.3344268742088], [0.0, 0.0, 1.0]], [[1256.7414812095406, 0.0, 792.1125740759628], [0.0, 1256.7414812095406, 492.7757465151356], [0.0, 0.0, 1.0]], [[809.2209905677063, 0.0, 829.2196003259838], [0.0, 809.2209905677063, 481.77842384512485], [0.0, 0.0, 1.0]], [[1259.5137405846733, 0.0, 807.2529053838625], [0.0, 1259.5137405846733, 501.19579884916527], [0.0, 0.0, 1.0]]], "extrinsics": [[[0.8212977051734924, -0.569294810295105, 0.03705983608961105, -0.7491455078125], [0.048542823642492294, 0.005010462366044521, -0.9988085627555847, 1.520965576171875], [0.5684308409690857, 0.8221181631088257, 0.03175026550889015, -1.1318359375], [0.0, 0.0, 0.0, 1.0]], [[0.007582333870232105, -0.9999710917472839, -0.0005605946062132716, 0.00738525390625], [0.042886774986982346, 0.0008852867176756263, -0.9990795850753784, 1.5298538208007812], [0.9990510940551758, 0.007551313377916813, 0.042892247438430786, -1.475341796875], [0.0, 0.0, 0.0, 1.0]], [[-0.83074951171875, -0.5543943643569946, -0.05002162605524063, 0.890625], [0.04808731749653816, 0.018050484359264374, -0.9986799955368042, 1.5118637084960938], [0.5545654892921448, -0.8320582509040833, 0.011663910932838917, -1.15350341796875], [0.0, 0.0, 0.0, 1.0]], [[0.9466885924339294, 0.3184758722782135, 0.048515334725379944, -1.132568359375], [0.055372584611177444, -0.012508019804954529, -0.9983873963356018, 1.589111328125], [-0.3173553943634033, 0.9478484392166138, -0.02947603166103363, -0.10708999633789062], [0.0, 0.0, 0.0, 1.0]], [[0.002336677862331271, 0.9999944567680359, -0.00238666869699955, 0.00262451171875], [0.03051612712442875, -0.0024568703956902027, -0.9995312690734863, 1.5814704895019531], [-0.9995315670967102, 0.0022627459838986397, -0.0305216982960701, -0.067626953125], [0.0, 0.0, 0.0, 1.0]], [[-0.9335163831710815, 0.35430943965911865, -0.05488036945462227, 1.01806640625], [0.06359139829874039, 0.01298004761338234, -0.9978916645050049, 1.559478759765625], [-0.35285016894340515, -0.9350380897521973, -0.03464812412858009, -0.1077880859375], [0.0, 0.0, 0.0, 1.0]]], "view": [[0.0, -2.0, 100.0], [-2.0, 0.0, 100.0], [0.0, 0.0, 1.0]], "bev": "bev_0e0afd22bec441c084b8a52393a558eb.png", "aux": "aux_0e0afd22bec441c084b8a52393a558eb.npz", "visibility": "visibility_0e0afd22bec441c084b8a52393a558eb.png", "pose": [[0.6095033288002014, -0.7927834987640381, 0.0, 544.2888793945312], [0.7927834987640381, 0.6095033288002014, 0.0, 1743.9012451171875], [0.0, 0.0, 1.0, 0.0], [0.0, 0.0, 0.0, 1.0]], "pose_inverse": [[0.6095033288002014, 0.7927834987640381, 0.0, -1714.281982421875], [-0.7927834987640381, 0.6095033288002014, 0.0, -631.410400390625], [0.0, 0.0, 1.0, 0.0], [0.0, 0.0, 0.0, 1.0]], "cam_ids": [0, 1, 2, 3, 4, 5], "cam_channels": ["CAM_FRONT_LEFT", "CAM_FRONT", "CAM_FRONT_RIGHT", "CAM_BACK_LEFT", "CAM_BACK", "CAM_BACK_RIGHT"], "token": "0e0afd22bec441c084b8a52393a558eb", "scene": "scene-0177"}, {"images": ["samples/CAM_FRONT_LEFT/n015-2018-07-27-11-36-48+0800__CAM_FRONT_LEFT__1532662670505044.jpg", "samples/CAM_FRONT/n015-2018-07-27-11-36-48+0800__CAM_FRONT__1532662670512460.jpg", "samples/CAM_FRONT_RIGHT/n015-2018-07-27-11-36-48+0800__CAM_FRONT_RIGHT__1532662670520339.jpg", "samples/CAM_BACK_LEFT/n015-2018-07-27-11-36-48+0800__CAM_BACK_LEFT__1532662670547423.jpg", "samples/CAM_BACK/n015-2018-07-27-11-36-48+0800__CAM_BACK__1532662670537525.jpg", "samples/CAM_BACK_RIGHT/n015-2018-07-27-11-36-48+0800__CAM_BACK_RIGHT__1532662670527893.jpg"], "intrinsics": [[[1272.5979470598488, 0.0, 826.6154927353808], [0.0, 1272.5979470598488, 479.75165386361925], [0.0, 0.0, 1.0]], [[1266.417203046554, 0.0, 816.2670197447984], [0.0, 1266.417203046554, 491.50706579294757], [0.0, 0.0, 1.0]], [[1260.8474446004698, 0.0, 807.968244525554], [0.0, 1260.8474446004698, 495.3344268742088], [0.0, 0.0, 1.0]], [[1256.7414812095406, 0.0, 792.1125740759628], [0.0, 1256.7414812095406, 492.7757465151356], [0.0, 0.0, 1.0]], [[809.2209905677063, 0.0, 829.2196003259838], [0.0, 809.2209905677063, 481.77842384512485], [0.0, 0.0, 1.0]], [[1259.5137405846733, 0.0, 807.2529053838625], [0.0, 1259.5137405846733, 501.19579884916527], [0.0, 0.0, 1.0]]], "extrinsics": [[[0.8216920495033264, -0.5690819621086121, 0.03111087530851364, -0.72467041015625], [0.040368128567934036, 0.0036635510623455048, -0.9991781711578369, 1.519989013671875], [0.568500280380249, 0.822272539138794, 0.025983083993196487, -1.11669921875], [0.0, 0.0, 0.0, 1.0]], [[0.007701831869781017, -0.999970018863678, 0.000710297143086791, 0.008544921875], [0.034957628697156906, -0.00044063618406653404, -0.9993886947631836, 1.5290031433105469], [0.9993590712547302, 0.007721948437392712, 0.03495318815112114, -1.4501953125], [0.0, 0.0, 0.0, 1.0]], [[-0.8310576677322388, -0.5545280575752258, -0.042914267629384995, 0.874755859375], [0.040411144495010376, 0.016751520335674286, -0.9990426898002625, 1.5113143920898438], [0.5547161102294922, -0.8319963216781616, 0.008487633429467678, -1.14166259765625], [0.0, 0.0, 0.0, 1.0]], [[0.9469887018203735, 0.31855425238609314, 0.04165787994861603, -1.1314697265625], [0.04860321804881096, -0.013881715945899487, -0.9987216591835022, 1.5891265869140625], [-0.31756874918937683, 0.9478029012680054, -0.028628593310713768, -0.108001708984375], [0.0, 0.0, 0.0, 1.0]], [[0.0022306714672595263, 0.9999907612800598, -0.003670072415843606, 0.001953125], [0.023391831666231155, -0.003721256973221898, -0.999719500541687, 1.5811767578125], [-0.9997238516807556, 0.002144136466085911, -0.023399921134114265, -0.075927734375], [0.0, 0.0, 0.0, 1.0]], [[-0.9339333176612854, 0.3541586697101593, -0.04837499186396599, 1.0037841796875], [0.05615438148379326, 0.011715401895344257, -0.9983534216880798, 1.5593719482421875], [-0.3530086874961853, -0.935111939907074, -0.030828963965177536, -0.1121826171875], [0.0, 0.0, 0.0, 1.0]]], "view": [[0.0, -2.0, 100.0], [-2.0, 0.0, 100.0], [0.0, 0.0, 1.0]], "bev": "bev_0c48dd553950446b89a93a5051ae1ead.png", "aux": "aux_0c48dd553950446b89a93a5051ae1ead.npz", "visibility": "visibility_0c48dd553950446b89a93a5051ae1ead.png", "pose": [[0.6456243395805359, -0.7636551260948181, 0.0, 546.6873168945312], [0.7636551260948181, 0.6456243395805359, 0.0, 1746.8311767578125], [0.0, 0.0, 1.0, 0.0], [0.0, 0.0, 0.0, 1.0]], "pose_inverse": [[0.6456243395805359, 0.7636551260948181, 0.0, -1686.9312744140625], [-0.7636551260948181, 0.6456243395805359, 0.0, -710.316162109375], [0.0, 0.0, 1.0, 0.0], [0.0, 0.0, 0.0, 1.0]], "cam_ids": [0, 1, 2, 3, 4, 5], "cam_channels": ["CAM_FRONT_LEFT", "CAM_FRONT", "CAM_FRONT_RIGHT", "CAM_BACK_LEFT", "CAM_BACK", "CAM_BACK_RIGHT"], "token": "0c48dd553950446b89a93a5051ae1ead", "scene": "scene-0177"}, {"images": ["samples/CAM_FRONT_LEFT/n015-2018-07-27-11-36-48+0800__CAM_FRONT_LEFT__1532662671004844.jpg", "samples/CAM_FRONT/n015-2018-07-27-11-36-48+0800__CAM_FRONT__1532662671012460.jpg", "samples/CAM_FRONT_RIGHT/n015-2018-07-27-11-36-48+0800__CAM_FRONT_RIGHT__1532662671020339.jpg", "samples/CAM_BACK_LEFT/n015-2018-07-27-11-36-48+0800__CAM_BACK_LEFT__1532662671047423.jpg", "samples/CAM_BACK/n015-2018-07-27-11-36-48+0800__CAM_BACK__1532662671037525.jpg", "samples/CAM_BACK_RIGHT/n015-2018-07-27-11-36-48+0800__CAM_BACK_RIGHT__1532662671027893.jpg"], "intrinsics": [[[1272.5979470598488, 0.0, 826.6154927353808], [0.0, 1272.5979470598488, 479.75165386361925], [0.0, 0.0, 1.0]], [[1266.417203046554, 0.0, 816.2670197447984], [0.0, 1266.417203046554, 491.50706579294757], [0.0, 0.0, 1.0]], [[1260.8474446004698, 0.0, 807.968244525554], [0.0, 1260.8474446004698, 495.3344268742088], [0.0, 0.0, 1.0]], [[1256.7414812095406, 0.0, 792.1125740759628], [0.0, 1256.7414812095406, 492.7757465151356], [0.0, 0.0, 1.0]], [[809.2209905677063, 0.0, 829.2196003259838], [0.0, 809.2209905677063, 481.77842384512485], [0.0, 0.0, 1.0]], [[1259.5137405846733, 0.0, 807.2529053838625], [0.0, 1259.5137405846733, 501.19579884916527], [0.0, 0.0, 1.0]]], "extrinsics": [[[0.8215234279632568, -0.5696030855178833, 0.025525053963065147, -0.73065185546875], [0.03366157039999962, 0.003762905951589346, -0.9994261860847473, 1.517852783203125], [0.5691802501678467, 0.8219112753868103, 0.022265050560235977, -1.1180419921875], [0.0, 0.0, 0.0, 1.0]], [[0.007268655113875866, -0.9999733567237854, 0.0006169933476485312, 0.00714111328125], [0.028394946828484535, -0.0004103665705770254, -0.9995967149734497, 1.5272178649902344], [0.999570369720459, 0.007283147890120745, 0.02839120849967003, -1.4569091796875], [0.0, 0.0, 0.0, 1.0]], [[-0.8314809203147888, -0.5542817115783691, -0.03756561875343323, 0.879638671875], [0.0340120792388916, 0.016703134402632713, -0.9992818236351013, 1.5099029541015625], [0.5545110702514648, -0.8321614861488342, 0.004963938146829605, -1.14654541015625], [0.0, 0.0, 0.0, 1.0]], [[0.9471777677536011, 0.31866151094436646, 0.036183178424835205, -1.1353759765625], [0.042852405458688736, -0.01394089125096798, -0.9989840984344482, 1.5888481140136719], [-0.31783327460289, 0.9477660059928894, -0.026859911158680916, -0.1053466796875], [0.0, 0.0, 0.0, 1.0]], [[0.002287865150719881, 0.999989926815033, -0.0038666673935949802, 0.0029296875], [0.017390497028827667, -0.003905880032107234, -0.9998411536216736, 1.5806045532226562], [-0.9998461604118347, 0.0022202355321496725, -0.0173992607742548, -0.0699462890625], [0.0, 0.0, 0.0, 1.0]], [[-0.9341434836387634, 0.3543452024459839, -0.04260685294866562, 1.01025390625], [0.04994209483265877, 0.01157701201736927, -0.9986850619316101, 1.5581741333007812], [-0.3533860146999359, -0.9350430369377136, -0.02851133421063423, -0.111083984375], [0.0, 0.0, 0.0, 1.0]]], "view": [[0.0, -2.0, 100.0], [-2.0, 0.0, 100.0], [0.0, 0.0, 1.0]], "bev": "bev_2344bc7a26b34e479a81ce3993b7ac45.png", "aux": "aux_2344bc7a26b34e479a81ce3993b7ac45.npz", "visibility": "visibility_2344bc7a26b34e479a81ce3993b7ac45.png", "pose": [[0.6696038246154785, -0.7427184581756592, 0.0, 548.8756713867188], [0.7427184581756592, 0.6696038246154785, 0.0, 1749.311279296875], [0.0, 0.0, 1.0, 0.0], [0.0, 0.0, 0.0, 1.0]], "pose_inverse": [[0.6696038246154785, 0.7427184581756592, 0.0, -1666.7750244140625], [-0.7427184581756592, 0.6696038246154785, 0.0, -763.6853637695312], [0.0, 0.0, 1.0, 0.0], [0.0, 0.0, 0.0, 1.0]], "cam_ids": [0, 1, 2, 3, 4, 5], "cam_channels": ["CAM_FRONT_LEFT", "CAM_FRONT", "CAM_FRONT_RIGHT", "CAM_BACK_LEFT", "CAM_BACK", "CAM_BACK_RIGHT"], "token": "2344bc7a26b34e479a81ce3993b7ac45", "scene": "scene-0177"}, {"images": ["samples/CAM_FRONT_LEFT/n015-2018-07-27-11-36-48+0800__CAM_FRONT_LEFT__1532662671504844.jpg", "samples/CAM_FRONT/n015-2018-07-27-11-36-48+0800__CAM_FRONT__1532662671512460.jpg", "samples/CAM_FRONT_RIGHT/n015-2018-07-27-11-36-48+0800__CAM_FRONT_RIGHT__1532662671520339.jpg", "samples/CAM_BACK_LEFT/n015-2018-07-27-11-36-48+0800__CAM_BACK_LEFT__1532662671547423.jpg", "samples/CAM_BACK/n015-2018-07-27-11-36-48+0800__CAM_BACK__1532662671537525.jpg", "samples/CAM_BACK_RIGHT/n015-2018-07-27-11-36-48+0800__CAM_BACK_RIGHT__1532662671527893.jpg"], "intrinsics": [[[1272.5979470598488, 0.0, 826.6154927353808], [0.0, 1272.5979470598488, 479.75165386361925], [0.0, 0.0, 1.0]], [[1266.417203046554, 0.0, 816.2670197447984], [0.0, 1266.417203046554, 491.50706579294757], [0.0, 0.0, 1.0]], [[1260.8474446004698, 0.0, 807.968244525554], [0.0, 1260.8474446004698, 495.3344268742088], [0.0, 0.0, 1.0]], [[1256.7414812095406, 0.0, 792.1125740759628], [0.0, 1256.7414812095406, 492.7757465151356], [0.0, 0.0, 1.0]], [[809.2209905677063, 0.0, 829.2196003259838], [0.0, 809.2209905677063, 481.77842384512485], [0.0, 0.0, 1.0]], [[1259.5137405846733, 0.0, 807.2529053838625], [0.0, 1259.5137405846733, 501.19579884916527], [0.0, 0.0, 1.0]]], "extrinsics": [[[0.8209046125411987, -0.570375382900238, 0.028060195967555046, -0.73052978515625], [0.03632321581244469, 0.0031143631786108017, -0.9993352293968201, 1.5185890197753906], [0.569908857345581, 0.821378231048584, 0.023274464532732964, -1.118896484375], [0.0, 0.0, 0.0, 1.0]], [[0.0064702220261096954, -0.9999783635139465, 0.001125273760408163, 0.00750732421875], [0.03081360086798668, -0.0009253885364159942, -0.999524712562561, 1.5277557373046875], [0.9995042085647583, 0.0065018353052437305, 0.030806947499513626, -1.4581298828125], [0.0, 0.0, 0.0, 1.0]], [[-0.8317471146583557, -0.5537710189819336, -0.03917074203491211, 0.881103515625], [0.036193180829286575, 0.01631772518157959, -0.9992115497589111, 1.510223388671875], [0.5539736151695251, -0.8325090408325195, 0.006470514461398125, -1.147125244140625], [0.0, 0.0, 0.0, 1.0]], [[0.9471755623817444, 0.31852176785469055, 0.03744601458311081, -1.1383056640625], [0.04414521902799606, -0.013836889527738094, -0.9989292621612549, 1.5887527465820312], [-0.31766262650489807, 0.9478144645690918, -0.0271671824157238, -0.1053314208984375], [0.0, 0.0, 0.0, 1.0]], [[0.0025722382124513388, 0.9999896883964539, -0.0037511910777539015, 0.0025634765625], [0.019034506753087044, -0.003799484809860587, -0.9998116493225098, 1.5806655883789062], [-0.9998155236244202, 0.0025003973860293627, -0.01904408261179924, -0.066650390625], [0.0, 0.0, 0.0, 1.0]], [[-0.9338957071304321, 0.35477983951568604, -0.04438555985689163, 1.0125732421875], [0.05186942592263222, 0.011606669053435326, -0.9985864758491516, 1.5583038330078125], [-0.353763222694397, -0.9348778128623962, -0.029241647571325302, -0.1097412109375], [0.0, 0.0, 0.0, 1.0]]], "view": [[0.0, -2.0, 100.0], [-2.0, 0.0, 100.0], [0.0, 0.0, 1.0]], "bev": "bev_2a4aaf646a0a4a5ca13afc440fce0b0c.png", "aux": "aux_2a4aaf646a0a4a5ca13afc440fce0b0c.npz", "visibility": "visibility_2a4aaf646a0a4a5ca13afc440fce0b0c.png", "pose": [[0.6868849396705627, -0.7267661690711975, 0.0, 551.102783203125], [0.7267661690711975, 0.6868849396705627, 0.0, 1751.695556640625], [0.0, 0.0, 1.0, 0.0], [0.0, 0.0, 0.0, 1.0]], "pose_inverse": [[0.6868849396705627, 0.7267661690711975, 0.0, -1651.6173095703125], [-0.7267661690711975, 0.6868849396705627, 0.0, -802.6904296875], [0.0, 0.0, 1.0, 0.0], [0.0, 0.0, 0.0, 1.0]], "cam_ids": [0, 1, 2, 3, 4, 5], "cam_channels": ["CAM_FRONT_LEFT", "CAM_FRONT", "CAM_FRONT_RIGHT", "CAM_BACK_LEFT", "CAM_BACK", "CAM_BACK_RIGHT"], "token": "2a4aaf646a0a4a5ca13afc440fce0b0c", "scene": "scene-0177"}, {"images": ["samples/CAM_FRONT_LEFT/n015-2018-07-27-11-36-48+0800__CAM_FRONT_LEFT__1532662672005618.jpg", "samples/CAM_FRONT/n015-2018-07-27-11-36-48+0800__CAM_FRONT__1532662672012460.jpg", "samples/CAM_FRONT_RIGHT/n015-2018-07-27-11-36-48+0800__CAM_FRONT_RIGHT__1532662672020339.jpg", "samples/CAM_BACK_LEFT/n015-2018-07-27-11-36-48+0800__CAM_BACK_LEFT__1532662672047423.jpg", "samples/CAM_BACK/n015-2018-07-27-11-36-48+0800__CAM_BACK__1532662672038070.jpg", "samples/CAM_BACK_RIGHT/n015-2018-07-27-11-36-48+0800__CAM_BACK_RIGHT__1532662672028657.jpg"], "intrinsics": [[[1272.5979470598488, 0.0, 826.6154927353808], [0.0, 1272.5979470598488, 479.75165386361925], [0.0, 0.0, 1.0]], [[1266.417203046554, 0.0, 816.2670197447984], [0.0, 1266.417203046554, 491.50706579294757], [0.0, 0.0, 1.0]], [[1260.8474446004698, 0.0, 807.968244525554], [0.0, 1260.8474446004698, 495.3344268742088], [0.0, 0.0, 1.0]], [[1256.7414812095406, 0.0, 792.1125740759628], [0.0, 1256.7414812095406, 492.7757465151356], [0.0, 0.0, 1.0]], [[809.2209905677063, 0.0, 829.2196003259838], [0.0, 809.2209905677063, 481.77842384512485], [0.0, 0.0, 1.0]], [[1259.5137405846733, 0.0, 807.2529053838625], [0.0, 1259.5137405846733, 501.19579884916527], [0.0, 0.0, 1.0]]], "extrinsics": [[[0.8214296698570251, -0.5691370964050293, 0.03655567020177841, -0.73431396484375], [0.046820491552352905, 0.0034163466189056635, -0.9988974332809448, 1.5213470458984375], [0.5683846473693848, 0.8222355246543884, 0.029453566297888756, -1.122314453125], [0.0, 0.0, 0.0, 1.0]], [[0.00765214441344142, -0.9999702572822571, 0.0009737055515870452, 0.00775146484375], [0.041631732136011124, -0.0006543054478242993, -0.9991328120231628, 1.5302886962890625], [0.9991037249565125, 0.0076861027628183365, 0.041625481098890305, -1.4580078125], [0.0, 0.0, 0.0, 1.0]], [[-0.8307894468307495, -0.5544637441635132, -0.048568181693553925, 0.881103515625], [0.04732671007514, 0.016571953892707825, -0.9987419843673706, 1.51226806640625], [0.5545710921287537, -0.8320428133010864, 0.01247314177453518, -1.14691162109375], [0.0, 0.0, 0.0, 1.0]], [[0.9466997981071472, 0.31835031509399414, 0.04911806806921959, -1.1368408203125], [0.05626622959971428, -0.013291383162140846, -0.9983272552490234, 1.5888748168945312], [-0.31716498732566833, 0.9478799700737, -0.03049531951546669, -0.105316162109375], [0.0, 0.0, 0.0, 1.0]], [[0.0024690551217645407, 0.9999911785125732, -0.0034018992446362972, 0.002685546875], [0.030858159065246582, -0.0034764804877340794, -0.9995177388191223, 1.5814094543457031], [-0.9995207786560059, 0.0023628906346857548, -0.0308664683252573, -0.0648193359375], [0.0, 0.0, 0.0, 1.0]], [[-0.9334973692893982, 0.3543263375759125, -0.05509534850716591, 1.0164794921875], [0.06331688165664673, 0.011642051860690117, -0.9979255795478821, 1.5595474243164062], [-0.3529498279094696, -0.9350494146347046, -0.033302661031484604, -0.108154296875], [0.0, 0.0, 0.0, 1.0]]], "view": [[0.0, -2.0, 100.0], [-2.0, 0.0, 100.0], [0.0, 0.0, 1.0]], "bev": "bev_91941bf7908f49b1986ef8694d6500e0.png", "aux": "aux_91941bf7908f49b1986ef8694d6500e0.npz", "visibility": "visibility_91941bf7908f49b1986ef8694d6500e0.png", "pose": [[0.7094785571098328, -0.704727053642273, 0.0, 553.3745727539062], [0.704727053642273, 0.7094785571098328, 0.0, 1754.02294921875], [0.0, 0.0, 1.0, 0.0], [0.0, 0.0, 0.0, 1.0]], "pose_inverse": [[0.7094785571098328, 0.704727053642273, 0.0, -1628.7147216796875], [-0.704727053642273, 0.7094785571098328, 0.0, -854.463623046875], [0.0, 0.0, 1.0, 0.0], [0.0, 0.0, 0.0, 1.0]], "cam_ids": [0, 1, 2, 3, 4, 5], "cam_channels": ["CAM_FRONT_LEFT", "CAM_FRONT", "CAM_FRONT_RIGHT", "CAM_BACK_LEFT", "CAM_BACK", "CAM_BACK_RIGHT"], "token": "91941bf7908f49b1986ef8694d6500e0", "scene": "scene-0177"}, {"images": ["samples/CAM_FRONT_LEFT/n015-2018-07-27-11-36-48+0800__CAM_FRONT_LEFT__1532662672504844.jpg", "samples/CAM_FRONT/n015-2018-07-27-11-36-48+0800__CAM_FRONT__1532662672512460.jpg", "samples/CAM_FRONT_RIGHT/n015-2018-07-27-11-36-48+0800__CAM_FRONT_RIGHT__1532662672520339.jpg", "samples/CAM_BACK_LEFT/n015-2018-07-27-11-36-48+0800__CAM_BACK_LEFT__1532662672547423.jpg", "samples/CAM_BACK/n015-2018-07-27-11-36-48+0800__CAM_BACK__1532662672537525.jpg", "samples/CAM_BACK_RIGHT/n015-2018-07-27-11-36-48+0800__CAM_BACK_RIGHT__1532662672527893.jpg"], "intrinsics": [[[1272.5979470598488, 0.0, 826.6154927353808], [0.0, 1272.5979470598488, 479.75165386361925], [0.0, 0.0, 1.0]], [[1266.417203046554, 0.0, 816.2670197447984], [0.0, 1266.417203046554, 491.50706579294757], [0.0, 0.0, 1.0]], [[1260.8474446004698, 0.0, 807.968244525554], [0.0, 1260.8474446004698, 495.3344268742088], [0.0, 0.0, 1.0]], [[1256.7414812095406, 0.0, 792.1125740759628], [0.0, 1256.7414812095406, 492.7757465151356], [0.0, 0.0, 1.0]], [[809.2209905677063, 0.0, 829.2196003259838], [0.0, 809.2209905677063, 481.77842384512485], [0.0, 0.0, 1.0]], [[1259.5137405846733, 0.0, 807.2529053838625], [0.0, 1259.5137405846733, 501.19579884916527], [0.0, 0.0, 1.0]]], "extrinsics": [[[0.8211478590965271, -0.5701410174369812, 0.02560170739889145, -0.73974609375], [0.03668468818068504, 0.007962746545672417, -0.999295175075531, 1.5183486938476562], [0.5695352554321289, 0.8215082287788391, 0.027454035356640816, -1.1229248046875], [0.0, 0.0, 0.0, 1.0]], [[0.00701823690906167, -0.9999704360961914, -0.003114232560619712, 0.005615234375], [0.031708575785160065, 0.003335287095978856, -0.9994916319847107, 1.5277214050292969], [0.9994724988937378, 0.00691590178757906, 0.03173104673624039, -1.4659423828125], [0.0, 0.0, 0.0, 1.0]], [[-0.8314095735549927, -0.5540409684181213, -0.0423869751393795, 0.8851318359375], [0.037629134953022, 0.019968325272202492, -0.9990922212600708, 1.5103073120117188], [0.5543844103813171, -0.8322498798370361, 0.004246226511895657, -1.1515884399414062], [0.0, 0.0, 0.0, 1.0]], [[0.9469936490058899, 0.3184555768966675, 0.0422966293990612, -1.1376953125], [0.04829077422618866, -0.010947554372251034, -0.9987732768058777, 1.5887832641601562], [-0.31760191917419434, 0.9478746056556702, -0.025745728984475136, -0.105224609375], [0.0, 0.0, 0.0, 1.0]], [[0.0024010667111724615, 0.9999967813491821, -0.000903210777323693, 0.003173828125], [0.02215314470231533, -0.0009561838232912123, -0.9997541308403015, 1.5808525085449219], [-0.9997517466545105, 0.0023805161472409964, -0.022155368700623512, -0.0657958984375], [0.0, 0.0, 0.0, 1.0]], [[-0.9339222311973572, 0.35459238290786743, -0.04531417414546013, 1.01611328125], [0.05398178473114967, 0.01458438765257597, -0.9984354376792908, 1.5584182739257812], [-0.35337674617767334, -0.9349071979522705, -0.03276221826672554, -0.109619140625], [0.0, 0.0, 0.0, 1.0]]], "view": [[0.0, -2.0, 100.0], [-2.0, 0.0, 100.0], [0.0, 0.0, 1.0]], "bev": "bev_0830146932f043b182fad89428b674b6.png", "aux": "aux_0830146932f043b182fad89428b674b6.npz", "visibility": "visibility_0830146932f043b182fad89428b674b6.png", "pose": [[0.735292375087738, -0.6777500510215759, 0.0, 555.702880859375], [0.6777500510215759, 0.735292375087738, 0.0, 1756.2288818359375], [0.0, 0.0, 1.0, 0.0], [0.0, 0.0, 0.0, 1.0]], "pose_inverse": [[0.735292375087738, 0.6777500510215759, 0.0, -1598.8883056640625], [-0.6777500510215759, 0.735292375087738, 0.0, -914.7139892578125], [0.0, 0.0, 1.0, 0.0], [0.0, 0.0, 0.0, 1.0]], "cam_ids": [0, 1, 2, 3, 4, 5], "cam_channels": ["CAM_FRONT_LEFT", "CAM_FRONT", "CAM_FRONT_RIGHT", "CAM_BACK_LEFT", "CAM_BACK", "CAM_BACK_RIGHT"], "token": "0830146932f043b182fad89428b674b6", "scene": "scene-0177"}, {"images": ["samples/CAM_FRONT_LEFT/n015-2018-07-27-11-36-48+0800__CAM_FRONT_LEFT__1532662673004844.jpg", "samples/CAM_FRONT/n015-2018-07-27-11-36-48+0800__CAM_FRONT__1532662673012460.jpg", "samples/CAM_FRONT_RIGHT/n015-2018-07-27-11-36-48+0800__CAM_FRONT_RIGHT__1532662673020339.jpg", "samples/CAM_BACK_LEFT/n015-2018-07-27-11-36-48+0800__CAM_BACK_LEFT__1532662673047423.jpg", "samples/CAM_BACK/n015-2018-07-27-11-36-48+0800__CAM_BACK__1532662673037525.jpg", "samples/CAM_BACK_RIGHT/n015-2018-07-27-11-36-48+0800__CAM_BACK_RIGHT__1532662673027893.jpg"], "intrinsics": [[[1272.5979470598488, 0.0, 826.6154927353808], [0.0, 1272.5979470598488, 479.75165386361925], [0.0, 0.0, 1.0]], [[1266.417203046554, 0.0, 816.2670197447984], [0.0, 1266.417203046554, 491.50706579294757], [0.0, 0.0, 1.0]], [[1260.8474446004698, 0.0, 807.968244525554], [0.0, 1260.8474446004698, 495.3344268742088], [0.0, 0.0, 1.0]], [[1256.7414812095406, 0.0, 792.1125740759628], [0.0, 1256.7414812095406, 492.7757465151356], [0.0, 0.0, 1.0]], [[809.2209905677063, 0.0, 829.2196003259838], [0.0, 809.2209905677063, 481.77842384512485], [0.0, 0.0, 1.0]], [[1259.5137405846733, 0.0, 807.2529053838625], [0.0, 1259.5137405846733, 501.19579884916527], [0.0, 0.0, 1.0]]], "extrinsics": [[[0.8217634558677673, -0.5696374177932739, 0.014764238148927689, -0.7430419921875], [0.02366187795996666, 0.008224286139011383, -0.9996861815452576, 1.5146255493164062], [0.5693372488021851, 0.8218549489974976, 0.020237110555171967, -1.1270751953125], [0.0, 0.0, 0.0, 1.0]], [[0.007317323703318834, -0.9999669790267944, -0.003520533675327897, 0.0068359375], [0.01722235605120659, 0.003646131372079253, -0.9998450875282288, 1.5243549346923828], [0.9998248815536499, 0.007255581207573414, 0.01724846661090851, -1.47021484375], [0.0, 0.0, 0.0, 1.0]], [[-0.8318480849266052, -0.5542304515838623, -0.029278980568051338, 0.8887939453125], [0.021629901602864265, 0.020340412855148315, -0.9995591044425964, 1.5073738098144531], [0.5545817017555237, -0.8321146965026855, -0.004932182841002941, -1.1526870727539062], [0.0, 0.0, 0.0, 1.0]], [[0.947533905506134, 0.3188929855823517, 0.02206379920244217, -1.1376953125], [0.027440045028924942, -0.01237584464251995, -0.9995468258857727, 1.5886764526367188], [-0.3184754252433777, 0.9477099776268005, -0.020476970821619034, -0.104736328125], [0.0, 0.0, 0.0, 1.0]], [[0.002075308933854103, 0.9999966621398926, -0.0015549631789326668, 0.00299072265625], [0.0027382876724004745, -0.0015606427332386374, -0.9999950528144836, 1.5795384645462036], [-0.9999940991401672, 0.0020709913223981857, -0.002741518197581172, -0.0638427734375], [0.0, 0.0, 0.0, 1.0]], [[-0.9346675276756287, 0.3543463945388794, -0.028900811448693275, 1.018798828125], [0.036477576941251755, 0.014719944447278976, -0.9992260932922363, 1.5560379028320312], [-0.35364675521850586, -0.9349984526634216, -0.026683950796723366, -0.1080322265625], [0.0, 0.0, 0.0, 1.0]]], "view": [[0.0, -2.0, 100.0], [-2.0, 0.0, 100.0], [0.0, 0.0, 1.0]], "bev": "bev_22c70a23a93a4098870a1b5f856223b8.png", "aux": "aux_22c70a23a93a4098870a1b5f856223b8.npz", "visibility": "visibility_22c70a23a93a4098870a1b5f856223b8.png", "pose": [[0.7502633333206177, -0.6611391305923462, 0.0, 558.0278930664062], [0.6611391305923462, 0.7502633333206177, 0.0, 1758.3106689453125], [0.0, 0.0, 1.0, 0.0], [0.0, 0.0, 0.0, 1.0]], "pose_inverse": [[0.7502633333206177, 0.6611391305923462, 0.0, -1581.1558837890625], [-0.6611391305923462, 0.7502633333206177, 0.0, -950.261962890625], [0.0, 0.0, 1.0, 0.0], [0.0, 0.0, 0.0, 1.0]], "cam_ids": [0, 1, 2, 3, 4, 5], "cam_channels": ["CAM_FRONT_LEFT", "CAM_FRONT", "CAM_FRONT_RIGHT", "CAM_BACK_LEFT", "CAM_BACK", "CAM_BACK_RIGHT"], "token": "22c70a23a93a4098870a1b5f856223b8", "scene": "scene-0177"}, {"images": ["samples/CAM_FRONT_LEFT/n015-2018-07-27-11-36-48+0800__CAM_FRONT_LEFT__1532662673504844.jpg", "samples/CAM_FRONT/n015-2018-07-27-11-36-48+0800__CAM_FRONT__1532662673512460.jpg", "samples/CAM_FRONT_RIGHT/n015-2018-07-27-11-36-48+0800__CAM_FRONT_RIGHT__1532662673520339.jpg", "samples/CAM_BACK_LEFT/n015-2018-07-27-11-36-48+0800__CAM_BACK_LEFT__1532662673547423.jpg", "samples/CAM_BACK/n015-2018-07-27-11-36-48+0800__CAM_BACK__1532662673537525.jpg", "samples/CAM_BACK_RIGHT/n015-2018-07-27-11-36-48+0800__CAM_BACK_RIGHT__1532662673527893.jpg"], "intrinsics": [[[1272.5979470598488, 0.0, 826.6154927353808], [0.0, 1272.5979470598488, 479.75165386361925], [0.0, 0.0, 1.0]], [[1266.417203046554, 0.0, 816.2670197447984], [0.0, 1266.417203046554, 491.50706579294757], [0.0, 0.0, 1.0]], [[1260.8474446004698, 0.0, 807.968244525554], [0.0, 1260.8474446004698, 495.3344268742088], [0.0, 0.0, 1.0]], [[1256.7414812095406, 0.0, 792.1125740759628], [0.0, 1256.7414812095406, 492.7757465151356], [0.0, 0.0, 1.0]], [[809.2209905677063, 0.0, 829.2196003259838], [0.0, 809.2209905677063, 481.77842384512485], [0.0, 0.0, 1.0]], [[1259.5137405846733, 0.0, 807.2529053838625], [0.0, 1259.5137405846733, 501.19579884916527], [0.0, 0.0, 1.0]]], "extrinsics": [[[0.8209435343742371, -0.570719301700592, 0.01820148527622223, -0.7698974609375], [0.029939306899905205, 0.01118990033864975, -0.9994890689849854, 1.5153465270996094], [0.5702239871025085, 0.8210690021514893, 0.026273213326931, -1.1453857421875], [0.0, 0.0, 0.0, 1.0]], [[0.006347091868519783, -0.9999597072601318, -0.006348854396492243, 0.0064697265625], [0.024668635800480843, 0.006503625772893429, -0.9996745586395264, 1.5253410339355469], [0.9996755123138428, 0.006188456900417805, 0.02470891922712326, -1.4971923828125], [0.0, 0.0, 0.0, 1.0]], [[-0.8319954872131348, -0.5534789562225342, -0.038006871938705444, 0.9063720703125], [0.0302999559789896, 0.023072004318237305, -0.999274492263794, 1.50823974609375], [0.5539543032646179, -0.8325435519218445, -0.0024254152085632086, -1.1648330688476562], [0.0, 0.0, 0.0, 1.0]], [[0.9472744464874268, 0.3186125159263611, 0.03401834890246391, -1.1396484375], [0.03904611989855766, -0.009404809214174747, -0.9991931319236755, 1.588653564453125], [-0.31803545355796814, 0.9478384256362915, -0.02134951576590538, -0.10455322265625], [0.0, 0.0, 0.0, 1.0]], [[0.0024661021307110786, 0.9999960064888, 0.0014196383999660611, 0.0029296875], [0.013566301204264164, 0.0013860553735867143, -0.9999070167541504, 1.5801277160644531], [-0.999904990196228, 0.002485244534909725, -0.013562828302383423, -0.054931640625], [0.0, 0.0, 0.0, 1.0]], [[-0.9341302514076233, 0.35501033067703247, -0.03699137642979622, 1.033447265625], [0.04618445038795471, 0.017453085631132126, -0.9987804293632507, 1.5565338134765625], [-0.353931725025177, -0.9346994757652283, -0.03269940987229347, -0.1024169921875], [0.0, 0.0, 0.0, 1.0]]], "view": [[0.0, -2.0, 100.0], [-2.0, 0.0, 100.0], [0.0, 0.0, 1.0]], "bev": "bev_f54a123df1834b0b88fea71e8539a8f6.png", "aux": "aux_f54a123df1834b0b88fea71e8539a8f6.npz", "visibility": "visibility_f54a123df1834b0b88fea71e8539a8f6.png", "pose": [[0.7562822103500366, -0.6542455554008484, 0.0, 560.251708984375], [0.6542455554008484, 0.7562822103500366, 0.0, 1760.2362060546875], [0.0, 0.0, 1.0, 0.0], [0.0, 0.0, 0.0, 1.0]], "pose_inverse": [[0.7562822103500366, 0.6542455554008484, 0.0, -1575.3350830078125], [-0.6542455554008484, 0.7562822103500366, 0.0, -964.693115234375], [0.0, 0.0, 1.0, 0.0], [0.0, 0.0, 0.0, 1.0]], "cam_ids": [0, 1, 2, 3, 4, 5], "cam_channels": ["CAM_FRONT_LEFT", "CAM_FRONT", "CAM_FRONT_RIGHT", "CAM_BACK_LEFT", "CAM_BACK", "CAM_BACK_RIGHT"], "token": "f54a123df1834b0b88fea71e8539a8f6", "scene": "scene-0177"}, {"images": ["samples/CAM_FRONT_LEFT/n015-2018-07-27-11-36-48+0800__CAM_FRONT_LEFT__1532662674004844.jpg", "samples/CAM_FRONT/n015-2018-07-27-11-36-48+0800__CAM_FRONT__1532662674012460.jpg", "samples/CAM_FRONT_RIGHT/n015-2018-07-27-11-36-48+0800__CAM_FRONT_RIGHT__1532662674020339.jpg", "samples/CAM_BACK_LEFT/n015-2018-07-27-11-36-48+0800__CAM_BACK_LEFT__1532662674047423.jpg", "samples/CAM_BACK/n015-2018-07-27-11-36-48+0800__CAM_BACK__1532662674037525.jpg", "samples/CAM_BACK_RIGHT/n015-2018-07-27-11-36-48+0800__CAM_BACK_RIGHT__1532662674027893.jpg"], "intrinsics": [[[1272.5979470598488, 0.0, 826.6154927353808], [0.0, 1272.5979470598488, 479.75165386361925], [0.0, 0.0, 1.0]], [[1266.417203046554, 0.0, 816.2670197447984], [0.0, 1266.417203046554, 491.50706579294757], [0.0, 0.0, 1.0]], [[1260.8474446004698, 0.0, 807.968244525554], [0.0, 1260.8474446004698, 495.3344268742088], [0.0, 0.0, 1.0]], [[1256.7414812095406, 0.0, 792.1125740759628], [0.0, 1256.7414812095406, 492.7757465151356], [0.0, 0.0, 1.0]], [[809.2209905677063, 0.0, 829.2196003259838], [0.0, 809.2209905677063, 481.77842384512485], [0.0, 0.0, 1.0]], [[1259.5137405846733, 0.0, 807.2529053838625], [0.0, 1259.5137405846733, 501.19579884916527], [0.0, 0.0, 1.0]]], "extrinsics": [[[0.8205217719078064, -0.5714004039764404, 0.01567581295967102, -0.79827880859375], [0.023732759058475494, 0.006654165685176849, -0.9996961951255798, 1.5130653381347656], [0.571122407913208, 0.8206444978713989, 0.019020793959498405, -1.164306640625], [0.0, 0.0, 0.0, 1.0]], [[0.0055296034552156925, -0.9999811053276062, -0.0026718934532254934, 0.0057373046875], [0.01798422262072563, 0.0027709498535841703, -0.999834418296814, 1.5235099792480469], [0.9998229146003723, 0.005480657331645489, 0.017999203875660896, -1.52685546875], [0.0, 0.0, 0.0, 1.0]], [[-0.8325769901275635, -0.5530728101730347, -0.03043176792562008, 0.9259033203125], [0.023139193654060364, 0.02016419917345047, -0.9995288848876953, 1.5065994262695312], [0.5534258484840393, -0.8328887820243835, -0.003990586847066879, -1.1785202026367188], [0.0, 0.0, 0.0, 1.0]], [[0.9474900364875793, 0.318779855966568, 0.025339365005493164, -1.14306640625], [0.030059946700930595, -0.009896562434732914, -0.9994990825653076, 1.5885238647460938], [-0.3183693587779999, 0.9477770924568176, -0.018959401175379753, -0.10333251953125], [0.0, 0.0, 0.0, 1.0]], [[0.0026078433729708195, 0.9999966025352478, 0.00012493174290284514, 0.00311279296875], [0.005323488265275955, 0.00011104786244686693, -0.9999858140945435, 1.5796027183532715], [-0.9999824166297913, 0.002608