[{"images": ["samples/CAM_FRONT_LEFT/n008-2018-08-28-16-16-48-0400__CAM_FRONT_LEFT__1535488334754799.jpg", "samples/CAM_FRONT/n008-2018-08-28-16-16-48-0400__CAM_FRONT__1535488334762404.jpg", "samples/CAM_FRONT_RIGHT/n008-2018-08-28-16-16-48-0400__CAM_FRONT_RIGHT__1535488334770482.jpg", "samples/CAM_BACK_LEFT/n008-2018-08-28-16-16-48-0400__CAM_BACK_LEFT__1535488334797405.jpg", "samples/CAM_BACK/n008-2018-08-28-16-16-48-0400__CAM_BACK__1535488334787558.jpg", "samples/CAM_BACK_RIGHT/n008-2018-08-28-16-16-48-0400__CAM_BACK_RIGHT__1535488334778113.jpg"], "intrinsics": [[[1257.8625342125129, 0.0, 827.2410631095686], [0.0, 1257.8625342125129, 450.915498205774], [0.0, 0.0, 1.0]], [[1252.8131021185304, 0.0, 826.588114781398], [0.0, 1252.8131021185304, 469.9846626224581], [0.0, 0.0, 1.0]], [[1256.7485116440405, 0.0, 817.7887570959712], [0.0, 1256.7485116440403, 451.9541780095127], [0.0, 0.0, 1.0]], [[1254.9860565800168, 0.0, 829.5769333630991], [0.0, 1254.9860565800168, 467.1680561863987], [0.0, 0.0, 1.0]], [[796.8910634503094, 0.0, 857.7774326863696], [0.0, 796.8910634503094, 476.8848988407415], [0.0, 0.0, 1.0]], [[1249.9629280788233, 0.0, 825.3768045375984], [0.0, 1249.9629280788233, 462.54816385708756], [0.0, 0.0, 1.0]]], "extrinsics": [[[0.8225024938583374, -0.5686132311820984, -0.01298731379210949, -0.7969970703125], [0.004814193584024906, 0.029793689027428627, -0.9995445013046265, 1.4893951416015625], [0.5687411427497864, 0.8220653533935547, 0.02724279649555683, -1.1937255859375], [0.0, 0.0, 0.0, 1.0]], [[0.010163749568164349, -0.9996244311332703, -0.025452833622694016, 0.01025390625], [0.006781118456274271, 0.025522466748952866, -0.9996512532234192, 1.4814796447753906], [0.9999253749847412, 0.009987544268369675, 0.00703797210007906, -1.529571533203125], [0.0, 0.0, 0.0, 1.0]], [[-0.8440528512001038, -0.5358313322067261, -0.021441401913762093, 0.95916748046875], [0.014808482490479946, 0.016678625717759132, -0.9997512102127075, 1.495361328125], [0.5360556244850159, -0.8441603183746338, -0.0061427936889231205, -1.1915283203125], [0.0, 0.0, 0.0, 1.0]], [[0.9478865265846252, 0.3186083436012268, -4.3382122385082766e-05, -1.146087646484375], [-0.01062089204788208, 0.03146195039153099, -0.9994485378265381, 1.5620613098144531], [-0.3184313476085663, 0.9473641514778137, 0.033206261694431305, -0.1552734375], [0.0, 0.0, 0.0, 1.0]], [[0.0093011986464262, 0.9996693730354309, 0.023974353447556496, -0.029052734375], [-0.008451097644865513, 0.024053122848272324, -0.999674916267395, 1.5675697326660156], [-0.9999210834503174, 0.009095543064177036, 0.008672024123370647, -0.01153564453125], [0.0, 0.0, 0.0, 1.0]], [[-0.9237034320831299, 0.38308185338974, 0.004507894162088633, 1.056884765625], [-0.004262944217771292, 0.0014883296098560095, -0.9999898076057434, 1.5473363399505615], [-0.38308459520339966, -0.923713207244873, 0.00025828281650319695, -0.0850830078125], [0.0, 0.0, 0.0, 1.0]]], "view": [[0.0, -2.0, 100.0], [-2.0, 0.0, 100.0], [0.0, 0.0, 1.0]], "bev": "bev_a2492d3171b14fbf8c47de8bc6f8406e.png", "aux": "aux_a2492d3171b14fbf8c47de8bc6f8406e.npz", "visibility": "visibility_a2492d3171b14fbf8c47de8bc6f8406e.png", "pose": [[0.8145765066146851, 0.5800561904907227, 0.0, 732.0410766601562], [-0.5800561904907227, 0.8145765066146851, 0.0, 1538.462158203125], [0.0, 0.0, 1.0, 0.0], [0.0, 0.0, 0.0, 1.0]], "pose_inverse": [[0.8145765066146851, -0.5800561904907227, 0.0, 296.09100341796875], [0.5800561904907227, 0.8145765066146851, 0.0, -1677.820068359375], [0.0, 0.0, 1.0, 0.0], [0.0, 0.0, 0.0, 1.0]], "cam_ids": [0, 1, 2, 3, 4, 5], "cam_channels": ["CAM_FRONT_LEFT", "CAM_FRONT", "CAM_FRONT_RIGHT", "CAM_BACK_LEFT", "CAM_BACK", "CAM_BACK_RIGHT"], "token": "a2492d3171b14fbf8c47de8bc6f8406e", "scene": "scene-0688"}, {"images": ["samples/CAM_FRONT_LEFT/n008-2018-08-28-16-16-48-0400__CAM_FRONT_LEFT__1535488335254799.jpg", "samples/CAM_FRONT/n008-2018-08-28-16-16-48-0400__CAM_FRONT__1535488335262404.jpg", "samples/CAM_FRONT_RIGHT/n008-2018-08-28-16-16-48-0400__CAM_FRONT_RIGHT__1535488335270482.jpg", "samples/CAM_BACK_LEFT/n008-2018-08-28-16-16-48-0400__CAM_BACK_LEFT__1535488335297405.jpg", "samples/CAM_BACK/n008-2018-08-28-16-16-48-0400__CAM_BACK__1535488335287558.jpg", "samples/CAM_BACK_RIGHT/n008-2018-08-28-16-16-48-0400__CAM_BACK_RIGHT__1535488335278113.jpg"], "intrinsics": [[[1257.8625342125129, 0.0, 827.2410631095686], [0.0, 1257.8625342125129, 450.915498205774], [0.0, 0.0, 1.0]], [[1252.8131021185304, 0.0, 826.588114781398], [0.0, 1252.8131021185304, 469.9846626224581], [0.0, 0.0, 1.0]], [[1256.7485116440405, 0.0, 817.7887570959712], [0.0, 1256.7485116440403, 451.9541780095127], [0.0, 0.0, 1.0]], [[1254.9860565800168, 0.0, 829.5769333630991], [0.0, 1254.9860565800168, 467.1680561863987], [0.0, 0.0, 1.0]], [[796.8910634503094, 0.0, 857.7774326863696], [0.0, 796.8910634503094, 476.8848988407415], [0.0, 0.0, 1.0]], [[1249.9629280788233, 0.0, 825.3768045375984], [0.0, 1249.9629280788233, 462.54816385708756], [0.0, 0.0, 1.0]]], "extrinsics": [[[0.8228370547294617, -0.5682246685028076, -0.0077413334511220455, -0.802978515625], [0.005607957486063242, 0.021741079166531563, -0.9997479319572449, 1.4895858764648438], [0.5682497024536133, 0.8225862383842468, 0.021075943484902382, -1.1978759765625], [0.0, 0.0, 0.0, 1.0]], [[0.010725725442171097, -0.9997897744178772, -0.017474669963121414, 0.0106201171875], [0.007641463074833155, 0.017557116225361824, -0.9998167157173157, 1.4816341400146484], [0.999913215637207, 0.010590258985757828, 0.00782817043364048, -1.535308837890625], [0.0, 0.0, 0.0, 1.0]], [[-0.8437616229057312, -0.5364158153533936, -0.018011528998613358, 0.9630126953125], [0.015746328979730606, 0.008803713135421276, -0.9998372197151184, 1.495457649230957], [0.5364871025085449, -0.8439079523086548, 0.0010183430276811123, -1.193359375], [0.0, 0.0, 0.0, 1.0]], [[0.9478826522827148, 0.31861644983291626, -0.001408326905220747, -1.14666748046875], [-0.009502667933702469, 0.023851722478866577, -0.9996703267097473, 1.5620689392089844], [-0.31847789883613586, 0.9475835561752319, 0.02563634142279625, -0.1552734375], [0.0, 0.0, 0.0, 1.0]], [[0.00905063096433878, 0.9998263716697693, 0.01628660038113594, -0.029296875], [-0.0074408031068742275, 0.01635415479540825, -0.9998385310173035, 1.5676422119140625], [-0.9999313354492188, 0.00892806239426136, 0.007587526924908161, -0.00982666015625], [0.0, 0.0, 0.0, 1.0]], [[-0.9238722324371338, 0.3827004134654999, 0.0006164023652672768, 1.05908203125], [-0.003280247561633587, -0.006308177951723337, -0.9999747276306152, 1.5474681854248047], [-0.3826868534088135, -0.923850953578949, 0.007083303295075893, -0.08349609375], [0.0, 0.0, 0.0, 1.0]]], "view": [[0.0, -2.0, 100.0], [-2.0, 0.0, 100.0], [0.0, 0.0, 1.0]], "bev": "bev_27314cba40f44eb18eba0d14c3a12a47.png", "aux": "aux_27314cba40f44eb18eba0d14c3a12a47.npz", "visibility": "visibility_27314cba40f44eb18eba0d14c3a12a47.png", "pose": [[0.8149974346160889, 0.5794645547866821, 0.0, 734.4306030273438], [-0.5794645547866821, 0.8149974346160889, 0.0, 1536.7218017578125], [0.0, 0.0, 1.0, 0.0], [0.0, 0.0, 0.0, 1.0]], "pose_inverse": [[0.8149974346160889, -0.5794645547866821, 0.0, 291.91668701171875], [0.5794645547866821, 0.8149974346160889, 0.0, -1678.0008544921875], [0.0, 0.0, 1.0, 0.0], [0.0, 0.0, 0.0, 1.0]], "cam_ids": [0, 1, 2, 3, 4, 5], "cam_channels": ["CAM_FRONT_LEFT", "CAM_FRONT", "CAM_FRONT_RIGHT", "CAM_BACK_LEFT", "CAM_BACK", "CAM_BACK_RIGHT"], "token": "27314cba40f44eb18eba0d14c3a12a47", "scene": "scene-0688"}, {"images": ["samples/CAM_FRONT_LEFT/n008-2018-08-28-16-16-48-0400__CAM_FRONT_LEFT__1535488335754799.jpg", "samples/CAM_FRONT/n008-2018-08-28-16-16-48-0400__CAM_FRONT__1535488335762404.jpg", "samples/CAM_FRONT_RIGHT/n008-2018-08-28-16-16-48-0400__CAM_FRONT_RIGHT__1535488335770482.jpg", "samples/CAM_BACK_LEFT/n008-2018-08-28-16-16-48-0400__CAM_BACK_LEFT__1535488335797405.jpg", "samples/CAM_BACK/n008-2018-08-28-16-16-48-0400__CAM_BACK__1535488335787558.jpg", "samples/CAM_BACK_RIGHT/n008-2018-08-28-16-16-48-0400__CAM_BACK_RIGHT__1535488335778113.jpg"], "intrinsics": [[[1257.8625342125129, 0.0, 827.2410631095686], [0.0, 1257.8625342125129, 450.915498205774], [0.0, 0.0, 1.0]], [[1252.8131021185304, 0.0, 826.588114781398], [0.0, 1252.8131021185304, 469.9846626224581], [0.0, 0.0, 1.0]], [[1256.7485116440405, 0.0, 817.7887570959712], [0.0, 1256.7485116440403, 451.9541780095127], [0.0, 0.0, 1.0]], [[1254.9860565800168, 0.0, 829.5769333630991], [0.0, 1254.9860565800168, 467.1680561863987], [0.0, 0.0, 1.0]], [[796.8910634503094, 0.0, 857.7774326863696], [0.0, 796.8910634503094, 476.8848988407415], [0.0, 0.0, 1.0]], [[1249.9629280788233, 0.0, 825.3768045375984], [0.0, 1249.9629280788233, 462.54816385708756], [0.0, 0.0, 1.0]]], "extrinsics": [[[0.8236813545227051, -0.5670180916786194, -0.006288836244493723, -0.8096923828125], [0.003454187884926796, 0.016107307747006416, -0.9998642802238464, 1.4890937805175781], [0.567042350769043, 0.8235478401184082, 0.01522587426006794, -1.2003173828125], [0.0, 0.0, 0.0, 1.0]], [[0.011916575022041798, -0.9998558163642883, -0.01210101880133152, 0.0086669921875], [0.005370045080780983, 0.012165696360170841, -0.9999116063117981, 1.481191635131836], [0.9999145865440369, 0.011850464157760143, 0.005514244083315134, -1.54150390625], [0.0, 0.0, 0.0, 1.0]], [[-0.8433049321174622, -0.5372731685638428, -0.013202070258557796, 0.9666748046875], [0.013346745632588863, 0.0036209349054843187, -0.9999043345451355, 1.4950392246246338], [0.5372695922851562, -0.8434005379676819, 0.004117295611649752, -1.1973876953125], [0.0, 0.0, 0.0, 1.0]], [[0.9478738307952881, 0.31859251856803894, -0.005822138860821724, -1.147186279296875], [-0.012412270531058311, 0.018658915534615517, -0.9997488856315613, 1.5620880126953125], [-0.3184038996696472, 0.9477080702781677, 0.021640757098793983, -0.1549072265625], [0.0, 0.0, 0.0, 1.0]], [[0.008763051591813564, 0.9998993277549744, 0.011158307082951069, -0.02880859375], [-0.010135811753571033, 0.011246979236602783, -0.9998853802680969, 1.5675334930419922], [-0.9999102354049683, 0.008648879826068878, 0.010233350098133087, -0.007415771484375], [0.0, 0.0, 0.0, 1.0]], [[-0.924115777015686, 0.3821113407611847, 0.0009809278417378664, 1.063720703125], [-0.005780872423201799, -0.011413815431296825, -0.9999181628227234, 1.5472183227539062], [-0.38206881284713745, -0.924045741558075, 0.01275662425905466, -0.0826416015625], [0.0, 0.0, 0.0, 1.0]]], "view": [[0.0, -2.0, 100.0], [-2.0, 0.0, 100.0], [0.0, 0.0, 1.0]], "bev": "bev_66261095770e46a1af79d1673f8e1d75.png", "aux": "aux_66261095770e46a1af79d1673f8e1d75.npz", "visibility": "visibility_66261095770e46a1af79d1673f8e1d75.png", "pose": [[0.8053342700004578, 0.592820942401886, 0.0, 736.7664794921875], [-0.592820942401886, 0.8053342700004578, 0.0, 1535.0067138671875], [0.0, 0.0, 1.0, 0.0], [0.0, 0.0, 0.0, 1.0]], "pose_inverse": [[0.8053342700004578, -0.592820942401886, 0.0, 316.6408386230469], [0.592820942401886, 0.8053342700004578, 0.0, -1672.964111328125], [0.0, 0.0, 1.0, 0.0], [0.0, 0.0, 0.0, 1.0]], "cam_ids": [0, 1, 2, 3, 4, 5], "cam_channels": ["CAM_FRONT_LEFT", "CAM_FRONT", "CAM_FRONT_RIGHT", "CAM_BACK_LEFT", "CAM_BACK", "CAM_BACK_RIGHT"], "token": "66261095770e46a1af79d1673f8e1d75", "scene": "scene-0688"}, {"images": ["samples/CAM_FRONT_LEFT/n008-2018-08-28-16-16-48-0400__CAM_FRONT_LEFT__1535488336254799.jpg", "samples/CAM_FRONT/n008-2018-08-28-16-16-48-0400__CAM_FRONT__1535488336262404.jpg", "samples/CAM_FRONT_RIGHT/n008-2018-08-28-16-16-48-0400__CAM_FRONT_RIGHT__1535488336270482.jpg", "samples/CAM_BACK_LEFT/n008-2018-08-28-16-16-48-0400__CAM_BACK_LEFT__1535488336297405.jpg", "samples/CAM_BACK/n008-2018-08-28-16-16-48-0400__CAM_BACK__1535488336287558.jpg", "samples/CAM_BACK_RIGHT/n008-2018-08-28-16-16-48-0400__CAM_BACK_RIGHT__1535488336278113.jpg"], "intrinsics": [[[1257.8625342125129, 0.0, 827.2410631095686], [0.0, 1257.8625342125129, 450.915498205774], [0.0, 0.0, 1.0]], [[1252.8131021185304, 0.0, 826.588114781398], [0.0, 1252.8131021185304, 469.9846626224581], [0.0, 0.0, 1.0]], [[1256.7485116440405, 0.0, 817.7887570959712], [0.0, 1256.7485116440403, 451.9541780095127], [0.0, 0.0, 1.0]], [[1254.9860565800168, 0.0, 829.5769333630991], [0.0, 1254.9860565800168, 467.1680561863987], [0.0, 0.0, 1.0]], [[796.8910634503094, 0.0, 857.7774326863696], [0.0, 796.8910634503094, 476.8848988407415], [0.0, 0.0, 1.0]], [[1249.9629280788233, 0.0, 825.3768045375984], [0.0, 1249.9629280788233, 462.54816385708756], [0.0, 0.0, 1.0]]], "extrinsics": [[[0.8241028785705566, -0.5663766860961914, -0.008489352650940418, -0.8260498046875], [0.0006070079980418086, 0.015870217233896255, -0.9998738169670105, 1.4883975982666016], [0.5664398670196533, 0.8239937424659729, 0.013422483578324318, -1.2122802734375], [0.0, 0.0, 0.0, 1.0]], [[0.01244282815605402, -0.9998534321784973, -0.011758769862353802, 0.0089111328125], [0.0024376511573791504, 0.011789976619184017, -0.9999275803565979, 1.4805793762207031], [0.999919593334198, 0.01241328101605177, 0.002583994995802641, -1.557525634765625], [0.0, 0.0, 0.0, 1.0]], [[-0.8431622385978699, -0.5375598669052124, -0.010333850048482418, 0.97613525390625], [0.010308519937098026, 0.0030536085832864046, -0.9999421834945679, 1.4944764375686646], [0.5375603437423706, -0.8432201147079468, 0.0029667590279132128, -1.2034912109375], [0.0, 0.0, 0.0, 1.0]], [[0.9478426575660706, 0.31861090660095215, -0.009024256840348244, -1.144805908203125], [-0.015370091423392296, 0.017408709973096848, -0.9997302889823914, 1.5620574951171875], [-0.31836792826652527, 0.9477257132530212, 0.021397793665528297, -0.1558837890625], [0.0, 0.0, 0.0, 1.0]], [[0.008695642463862896, 0.9999105930328369, 0.010169710032641888, -0.028564453125], [-0.013227138668298721, 0.010284221731126308, -0.9998595714569092, 1.5674057006835938], [-0.9998746514320374, 0.008559921756386757, 0.013315382413566113, -0.004974365234375], [0.0, 0.0, 0.0, 1.0]], [[-0.9241731762886047, 0.3819570243358612, 0.003583001671358943, 1.07012939453125], [-0.008909582160413265, -0.012177819386124611, -0.9998860955238342, 1.5469493865966797], [-0.3818698823451996, -0.924099862575531, 0.014657490886747837, -0.080322265625], [0.0, 0.0, 0.0, 1.0]]], "view": [[0.0, -2.0, 100.0], [-2.0, 0.0, 100.0], [0.0, 0.0, 1.0]], "bev": "bev_283c1fcff6fb45afb692049bb3ea1d52.png", "aux": "aux_283c1fcff6fb45afb692049bb3ea1d52.npz", "visibility": "visibility_283c1fcff6fb45afb692049bb3ea1d52.png", "pose": [[0.7850038409233093, 0.619490921497345, 0.0, 738.856201171875], [-0.619490921497345, 0.7850038409233093, 0.0, 1533.3931884765625], [0.0, 0.0, 1.0, 0.0], [0.0, 0.0, 0.0, 1.0]], "pose_inverse": [[0.7850038409233093, -0.619490921497345, 0.0, 369.9181823730469], [0.619490921497345, 0.7850038409233093, 0.0, -1661.4342041015625], [0.0, 0.0, 1.0, 0.0], [0.0, 0.0, 0.0, 1.0]], "cam_ids": [0, 1, 2, 3, 4, 5], "cam_channels": ["CAM_FRONT_LEFT", "CAM_FRONT", "CAM_FRONT_RIGHT", "CAM_BACK_LEFT", "CAM_BACK", "CAM_BACK_RIGHT"], "token": "283c1fcff6fb45afb692049bb3ea1d52", "scene": "scene-0688"}, {"images": ["samples/CAM_FRONT_LEFT/n008-2018-08-28-16-16-48-0400__CAM_FRONT_LEFT__1535488336754799.jpg", "samples/CAM_FRONT/n008-2018-08-28-16-16-48-0400__CAM_FRONT__1535488336762404.jpg", "samples/CAM_FRONT_RIGHT/n008-2018-08-28-16-16-48-0400__CAM_FRONT_RIGHT__1535488336770482.jpg", "samples/CAM_BACK_LEFT/n008-2018-08-28-16-16-48-0400__CAM_BACK_LEFT__1535488336797405.jpg", "samples/CAM_BACK/n008-2018-08-28-16-16-48-0400__CAM_BACK__1535488336787558.jpg", "samples/CAM_BACK_RIGHT/n008-2018-08-28-16-16-48-0400__CAM_BACK_RIGHT__1535488336778113.jpg"], "intrinsics": [[[1257.8625342125129, 0.0, 827.2410631095686], [0.0, 1257.8625342125129, 450.915498205774], [0.0, 0.0, 1.0]], [[1252.8131021185304, 0.0, 826.588114781398], [0.0, 1252.8131021185304, 469.9846626224581], [0.0, 0.0, 1.0]], [[1256.7485116440405, 0.0, 817.7887570959712], [0.0, 1256.7485116440403, 451.9541780095127], [0.0, 0.0, 1.0]], [[1254.9860565800168, 0.0, 829.5769333630991], [0.0, 1254.9860565800168, 467.1680561863987], [0.0, 0.0, 1.0]], [[796.8910634503094, 0.0, 857.7774326863696], [0.0, 796.8910634503094, 476.8848988407415], [0.0, 0.0, 1.0]], [[1249.9629280788233, 0.0, 825.3768045375984], [0.0, 1249.9629280788233, 462.54816385708756], [0.0, 0.0, 1.0]]], "extrinsics": [[[0.8236187100410461, -0.5670449733734131, -0.010596957989037037, -0.8438720703125], [-0.0018156019505113363, 0.016048485413193703, -0.9998695850372314, 1.4879131317138672], [0.5671411752700806, 0.8235305547714233, 0.012188304215669632, -1.224609375], [0.0, 0.0, 0.0, 1.0]], [[0.011799822561442852, -0.9998583197593689, -0.012003075331449509, 0.0087890625], [0.00020788706024177372, 0.012006363831460476, -0.9999278783798218, 1.4801807403564453], [0.9999303221702576, 0.011796459555625916, 0.0003495299897622317, -1.57562255859375], [0.0, 0.0, 0.0, 1.0]], [[-0.8434000611305237, -0.5372138619422913, -0.008819940499961376, 0.98846435546875], [0.008320104330778122, 0.003355106571689248, -0.9999597668647766, 1.4940820932388306], [0.5372217297554016, -0.843439519405365, 0.001639976748265326, -1.211181640625], [0.0, 0.0, 0.0, 1.0]], [[0.9478254318237305, 0.3186264634132385, -0.010213172994554043, -1.1451873779296875], [-0.01699022948741913, 0.018497586250305176, -0.9996845126152039, 1.5620651245117188], [-0.31833702325820923, 0.9476998448371887, 0.02294601872563362, -0.15576171875], [0.0, 0.0, 0.0, 1.0]], [[0.008837752044200897, 0.9999021887779236, 0.010845418088138103, -0.0289306640625], [-0.01483543124049902, 0.010975758545100689, -0.9998296499252319, 1.5674114227294922], [-0.9998509287834167, 0.008675377815961838, 0.01493098121136427, 0.00079345703125], [0.0, 0.0, 0.0, 1.0]], [[-0.9240716099739075, 0.3821816146373749, 0.0053583658300340176, 1.0799560546875], [-0.010654055513441563, -0.011741584166884422, -0.9998742938041687, 1.5468978881835938], [-0.38207072019577026, -0.9240126013755798, 0.014921850524842739, -0.076171875], [0.0, 0.0, 0.0, 1.0]]], "view": [[0.0, -2.0, 100.0], [-2.0, 0.0, 100.0], [0.0, 0.0, 1.0]], "bev": "bev_7eccbab18aaf42eaae79134e7b3e7c9b.png", "aux": "aux_7eccbab18aaf42eaae79134e7b3e7c9b.npz", "visibility": "visibility_7eccbab18aaf42eaae79134e7b3e7c9b.png", "pose": [[0.7665736079216003, 0.6421564817428589, 0.0, 740.747314453125], [-0.6421564817428589, 0.7665736079216003, 0.0, 1531.8349609375], [0.0, 0.0, 1.0, 0.0], [0.0, 0.0, 0.0, 1.0]], "pose_inverse": [[0.7665736079216003, -0.6421564817428589, 0.0, 415.84039306640625], [0.6421564817428589, 0.7665736079216003, 0.0, -1649.93994140625], [0.0, 0.0, 1.0, 0.0], [0.0, 0.0, 0.0, 1.0]], "cam_ids": [0, 1, 2, 3, 4, 5], "cam_channels": ["CAM_FRONT_LEFT", "CAM_FRONT", "CAM_FRONT_RIGHT", "CAM_BACK_LEFT", "CAM_BACK", "CAM_BACK_RIGHT"], "token": "7eccbab18aaf42eaae79134e7b3e7c9b", "scene": "scene-0688"}, {"images": ["samples/CAM_FRONT_LEFT/n008-2018-08-28-16-16-48-0400__CAM_FRONT_LEFT__1535488337254799.jpg", "samples/CAM_FRONT/n008-2018-08-28-16-16-48-0400__CAM_FRONT__1535488337262404.jpg", "samples/CAM_FRONT_RIGHT/n008-2018-08-28-16-16-48-0400__CAM_FRONT_RIGHT__1535488337270482.jpg", "samples/CAM_BACK_LEFT/n008-2018-08-28-16-16-48-0400__CAM_BACK_LEFT__1535488337297405.jpg", "samples/CAM_BACK/n008-2018-08-28-16-16-48-0400__CAM_BACK__1535488337287558.jpg", "samples/CAM_BACK_RIGHT/n008-2018-08-28-16-16-48-0400__CAM_BACK_RIGHT__1535488337278113.jpg"], "intrinsics": [[[1257.8625342125129, 0.0, 827.2410631095686], [0.0, 1257.8625342125129, 450.915498205774], [0.0, 0.0, 1.0]], [[1252.8131021185304, 0.0, 826.588114781398], [0.0, 1252.8131021185304, 469.9846626224581], [0.0, 0.0, 1.0]], [[1256.7485116440405, 0.0, 817.7887570959712], [0.0, 1256.7485116440403, 451.9541780095127], [0.0, 0.0, 1.0]], [[1254.9860565800168, 0.0, 829.5769333630991], [0.0, 1254.9860565800168, 467.1680561863987], [0.0, 0.0, 1.0]], [[796.8910634503094, 0.0, 857.7774326863696], [0.0, 796.8910634503094, 476.8848988407415], [0.0, 0.0, 1.0]], [[1249.9629280788233, 0.0, 825.3768045375984], [0.0, 1249.9629280788233, 462.54816385708756], [0.0, 0.0, 1.0]]], "extrinsics": [[[0.8230143785476685, -0.5679120421409607, -0.011103985831141472, -0.8565673828125], [-0.0022267308086156845, 0.016322681680321693, -0.9998642802238464, 1.4878692626953125], [0.5680162906646729, 0.8229274153709412, 0.012169212102890015, -1.2330322265625], [0.0, 0.0, 0.0, 1.0]], [[0.01095840148627758, -0.999864935874939, -0.012247959151864052, 0.008544921875], [-0.0003667626588139683, 0.012244673445820808, -0.9999250173568726, 1.480093002319336], [0.9999399185180664, 0.010962062515318394, -0.00023252978280652314, -1.58837890625], [0.0, 0.0, 0.0, 1.0]], [[-0.8437300324440002, -0.5367032289505005, -0.008317889645695686, 0.997314453125], [0.007565183565020561, 0.003604645375162363, -0.9999648332595825, 1.4939111471176147], [0.5367143750190735, -0.8437634110450745, 0.0010189100867137313, -1.21630859375], [0.0, 0.0, 0.0, 1.0]], [[0.9478175044059753, 0.31862106919288635, -0.01107682753354311, -1.1480484008789062], [-0.01808216981589794, 0.019036995247006416, -0.9996552467346191, 1.5621223449707031], [-0.31830036640167236, 0.9476909637451172, 0.023804955184459686, -0.15478515625], [0.0, 0.0, 0.0, 1.0]], [[0.009058717638254166, 0.9998955726623535, 0.01126078236848116, -0.029052734375], [-0.015847526490688324, 0.011403385549783707, -0.9998093843460083, 1.5674495697021484], [-0.9998334050178528, 0.008878533728420734, 0.015949171036481857, 0.00616455078125], [0.0, 0.0, 0.0, 1.0]], [[-0.923912763595581, 0.3825514614582062, 0.006295416038483381, 1.08740234375], [-0.011537798680365086, -0.011411095969378948, -0.9998682737350464, 1.5469188690185547], [-0.38242921233177185, -0.9238637089729309, 0.014956656843423843, -0.0723876953125], [0.0, 0.0, 0.0, 1.0]]], "view": [[0.0, -2.0, 100.0], [-2.0, 0.0, 100.0], [0.0, 0.0, 1.0]], "bev": "bev_ec13f01e569943ab83c387cb20466d3a.png", "aux": "aux_ec13f01e569943ab83c387cb20466d3a.npz", "visibility": "visibility_ec13f01e569943ab83c387cb20466d3a.png", "pose": [[0.757157027721405, 0.6532329320907593, 0.0, 742.466552734375], [-0.6532329320907593, 0.757157027721405, 0.0, 1530.34619140625], [0.0, 0.0, 1.0, 0.0], [0.0, 0.0, 0.0, 1.0]], "pose_inverse": [[0.757157027721405, -0.6532329320907593, 0.0, 437.5087585449219], [0.6532329320907593, 0.757157027721405, 0.0, -1643.7159423828125], [0.0, 0.0, 1.0, 0.0], [0.0, 0.0, 0.0, 1.0]], "cam_ids": [0, 1, 2, 3, 4, 5], "cam_channels": ["CAM_FRONT_LEFT", "CAM_FRONT", "CAM_FRONT_RIGHT", "CAM_BACK_LEFT", "CAM_BACK", "CAM_BACK_RIGHT"], "token": "ec13f01e569943ab83c387cb20466d3a", "scene": "scene-0688"}, {"images": ["samples/CAM_FRONT_LEFT/n008-2018-08-28-16-16-48-0400__CAM_FRONT_LEFT__1535488337754799.jpg", "samples/CAM_FRONT/n008-2018-08-28-16-16-48-0400__CAM_FRONT__1535488337762404.jpg", "samples/CAM_FRONT_RIGHT/n008-2018-08-28-16-16-48-0400__CAM_FRONT_RIGHT__1535488337770482.jpg", "samples/CAM_BACK_LEFT/n008-2018-08-28-16-16-48-0400__CAM_BACK_LEFT__1535488337797405.jpg", "samples/CAM_BACK/n008-2018-08-28-16-16-48-0400__CAM_BACK__1535488337787558.jpg", "samples/CAM_BACK_RIGHT/n008-2018-08-28-16-16-48-0400__CAM_BACK_RIGHT__1535488337778113.jpg"], "intrinsics": [[[1257.8625342125129, 0.0, 827.2410631095686], [0.0, 1257.8625342125129, 450.915498205774], [0.0, 0.0, 1.0]], [[1252.8131021185304, 0.0, 826.588114781398], [0.0, 1252.8131021185304, 469.9846626224581], [0.0, 0.0, 1.0]], [[1256.7485116440405, 0.0, 817.7887570959712], [0.0, 1256.7485116440403, 451.9541780095127], [0.0, 0.0, 1.0]], [[1254.9860565800168, 0.0, 829.5769333630991], [0.0, 1254.9860565800168, 467.1680561863987], [0.0, 0.0, 1.0]], [[796.8910634503094, 0.0, 857.7774326863696], [0.0, 796.8910634503094, 476.8848988407415], [0.0, 0.0, 1.0]], [[1249.9629280788233, 0.0, 825.3768045375984], [0.0, 1249.9629280788233, 462.54816385708756], [0.0, 0.0, 1.0]]], "extrinsics": [[[0.8225472569465637, -0.5685549378395081, -0.012703340500593185, -0.8660888671875], [-0.0061215246096253395, 0.013484546914696693, -0.9998903870582581, 1.4872493743896484], [0.5686638951301575, 0.8225347995758057, 0.007611253764480352, -1.239013671875], [0.0, 0.0, 0.0, 1.0]], [[0.010218947194516659, -0.999904215335846, -0.009337305091321468, 0.0076904296875], [-0.00408797524869442, 0.009295940399169922, -0.9999484419822693, 1.4795970916748047], [0.9999393820762634, 0.010256550274789333, -0.003992587793618441, -1.598052978515625], [0.0, 0.0, 0.0, 1.0]], [[-0.8441039323806763, -0.5361671447753906, -0.003648568643257022, 1.003631591796875], [0.003996549639850855, 0.0005129638011567295, -0.9999918937683105, 1.4934847354888916], [0.5361645817756653, -0.8441117405891418, 0.001709823147393763, -1.2215576171875], [0.0, 0.0, 0.0, 1.0]], [[0.9477577209472656, 0.3186241388320923, -0.01529647782444954, -1.1460189819335938], [-0.021272940561175346, 0.015285610221326351, -0.9996568560600281, 1.5620841979980469], [-0.318280965089798, 0.9477578401565552, 0.021265128627419472, -0.1556396484375], [0.0, 0.0, 0.0, 1.0]], [[0.009346968494355679, 0.9999262690544128, 0.0077519966289401054, -0.028564453125], [-0.019208287820219994, 0.007930446416139603, -0.9997840523719788, 1.5673675537109375], [-0.9997718334197998, 0.009196075610816479, 0.019280998036265373, 0.00836181640625], [0.0, 0.0, 0.0, 1.0]], [[-0.9236736297607422, 0.3830903470516205, 0.008287006989121437, 1.093505859375], [-0.01504492200911045, -0.014647770673036575, -0.9997795224189758, 1.5467243194580078], [-0.3828844130039215, -0.9235947728157043, 0.019293325021862984, -0.0712890625], [0.0, 0.0, 0.0, 1.0]]], "view": [[0.0, -2.0, 100.0], [-2.0, 0.0, 100.0], [0.0, 0.0, 1.0]], "bev": "bev_0f2608005cc04b00b9573d903f794633.png", "aux": "aux_0f2608005cc04b00b9573d903f794633.npz", "visibility": "visibility_0f2608005cc04b00b9573d903f794633.png", "pose": [[0.7532896399497986, 0.6576889157295227, 0.0, 743.9859619140625], [-0.6576889157295227, 0.7532896399497986, 0.0, 1528.99853515625], [0.0, 0.0, 1.0, 0.0], [0.0, 0.0, 0.0, 1.0]], "pose_inverse": [[0.7532896399497986, -0.6576889157295227, 0.0, 445.1684265136719], [0.6576889157295227, 0.7532896399497986, 0.0, -1641.090087890625], [0.0, 0.0, 1.0, 0.0], [0.0, 0.0, 0.0, 1.0]], "cam_ids": [0, 1, 2, 3, 4, 5], "cam_channels": ["CAM_FRONT_LEFT", "CAM_FRONT", "CAM_FRONT_RIGHT", "CAM_BACK_LEFT", "CAM_BACK", "CAM_BACK_RIGHT"], "token": "0f2608005cc04b00b9573d903f794633", "scene": "scene-0688"}, {"images": ["samples/CAM_FRONT_LEFT/n008-2018-08-28-16-16-48-0400__CAM_FRONT_LEFT__1535488338254799.jpg", "samples/CAM_FRONT/n008-2018-08-28-16-16-48-0400__CAM_FRONT__1535488338262404.jpg", "samples/CAM_FRONT_RIGHT/n008-2018-08-28-16-16-48-0400__CAM_FRONT_RIGHT__1535488338270482.jpg", "samples/CAM_BACK_LEFT/n008-2018-08-28-16-16-48-0400__CAM_BACK_LEFT__1535488338297405.jpg", "samples/CAM_BACK/n008-2018-08-28-16-16-48-0400__CAM_BACK__1535488338287558.jpg", "samples/CAM_BACK_RIGHT/n008-2018-08-28-16-16-48-0400__CAM_BACK_RIGHT__1535488338278113.jpg"], "intrinsics": [[[1257.8625342125129, 0.0, 827.2410631095686], [0.0, 1257.8625342125129, 450.915498205774], [0.0, 0.0, 1.0]], [[1252.8131021185304, 0.0, 826.588114781398], [0.0, 1252.8131021185304, 469.9846626224581], [0.0, 0.0, 1.0]], [[1256.7485116440405, 0.0, 817.7887570959712], [0.0, 1256.7485116440403, 451.9541780095127], [0.0, 0.0, 1.0]], [[1254.9860565800168, 0.0, 829.5769333630991], [0.0, 1254.9860565800168, 467.1680561863987], [0.0, 0.0, 1.0]], [[796.8910634503094, 0.0, 857.7774326863696], [0.0, 796.8910634503094, 476.8848988407415], [0.0, 0.0, 1.0]], [[1249.9629280788233, 0.0, 825.3768045375984], [0.0, 1249.9629280788233, 462.54816385708756], [0.0, 0.0, 1.0]]], "extrinsics": [[[0.8220179677009583, -0.5693274736404419, -0.012357944622635841, -0.8753662109375], [-0.007505790796130896, 0.010867158882319927, -0.9999127984046936, 1.4871101379394531], [0.569412112236023, 0.8220390677452087, 0.004659745842218399, -1.244384765625], [0.0, 0.0, 0.0, 1.0]], [[0.009493621997535229, -0.9999308586120605, -0.006936066783964634, 0.0069580078125], [-0.005478260572999716, 0.006884265225380659, -0.999961256980896, 1.479452133178711], [0.9999399185180664, 0.009531239047646523, -0.005412525497376919, -1.60498046875], [0.0, 0.0, 0.0, 1.0]], [[-0.8443838357925415, -0.5357369780540466, -0.0013129726285114884, 1.00579833984375], [0.0026173777878284454, -0.001674525672569871, -0.9999951720237732, 1.4933364391326904], [0.5357322692871094, -0.8443832993507385, 0.002816168125718832, -1.2236328125], [0.0, 0.0, 0.0, 1.0]], [[0.9477369785308838, 0.31860798597335815, -0.01684114895761013, -1.144256591796875], [-0.022413678467273712, 0.013831941410899162, -0.9996530413627625, 1.5620555877685547], [-0.3182644844055176, 0.9477856755256653, 0.020250217989087105, -0.156005859375], [0.0, 0.0, 0.0, 1.0]], [[0.009523650631308556, 0.9999364614486694, 0.006032905075699091, -0.028564453125], [-0.020387690514326096, 0.006226095836609602, -0.9997727274894714, 1.5673084259033203], [-0.9997467994689941, 0.009398500435054302, 0.02044568955898285, 0.007476806640625], [0.0, 0.0, 0.0, 1.0]], [[-0.9235323667526245, 0.3834206461906433, 0.008750000037252903, 1.09375], [-0.016366038471460342, -0.016605639830231667, -0.9997281432151794, 1.546621322631836], [-0.38317108154296875, -0.9234245419502258, 0.021610921248793602, -0.071533203125], [0.0, 0.0, 0.0, 1.0]]], "view": [[0.0, -2.0, 100.0], [-2.0, 0.0, 100.0], [0.0, 0.0, 1.0]], "bev": "bev_e7adaf87f503456797b6abd575b41eb6.png", "aux": "aux_e7adaf87f503456797b6abd575b41eb6.npz", "visibility": "visibility_e7adaf87f503456797b6abd575b41eb6.png", "pose": [[0.7540649175643921, 0.6567999124526978, 0.0, 745.3845825195312], [-0.6567999124526978, 0.7540649175643921, 0.0, 1527.7628173828125], [0.0, 0.0, 1.0, 0.0], [0.0, 0.0, 0.0, 1.0]], "pose_inverse": [[0.7540649175643921, -0.6567999124526978, 0.0, 441.3660888671875], [0.6567999124526978, 0.7540649175643921, 0.0, -1641.600830078125], [0.0, 0.0, 1.0, 0.0], [0.0, 0.0, 0.0, 1.0]], "cam_ids": [0, 1, 2, 3, 4, 5], "cam_channels": ["CAM_FRONT_LEFT", "CAM_FRONT", "CAM_FRONT_RIGHT", "CAM_BACK_LEFT", "CAM_BACK", "CAM_BACK_RIGHT"], "token": "e7adaf87f503456797b6abd575b41eb6", "scene": "scene-0688"}, {"images": ["samples/CAM_FRONT_LEFT/n008-2018-08-28-16-16-48-0400__CAM_FRONT_LEFT__1535488338754799.jpg", "samples/CAM_FRONT/n008-2018-08-28-16-16-48-0400__CAM_FRONT__1535488338762404.jpg", "samples/CAM_FRONT_RIGHT/n008-2018-08-28-16-16-48-0400__CAM_FRONT_RIGHT__1535488338770482.jpg", "samples/CAM_BACK_LEFT/n008-2018-08-28-16-16-48-0400__CAM_BACK_LEFT__1535488338797415.jpg", "samples/CAM_BACK/n008-2018-08-28-16-16-48-0400__CAM_BACK__1535488338787558.jpg", "samples/CAM_BACK_RIGHT/n008-2018-08-28-16-16-48-0400__CAM_BACK_RIGHT__1535488338778113.jpg"], "intrinsics": [[[1257.8625342125129, 0.0, 827.2410631095686], [0.0, 1257.8625342125129, 450.915498205774], [0.0, 0.0, 1.0]], [[1252.8131021185304, 0.0, 826.588114781398], [0.0, 1252.8131021185304, 469.9846626224581], [0.0, 0.0, 1.0]], [[1256.7485116440405, 0.0, 817.7887570959712], [0.0, 1256.7485116440403, 451.9541780095127], [0.0, 0.0, 1.0]], [[1254.9860565800168, 0.0, 829.5769333630991], [0.0, 1254.9860565800168, 467.1680561863987], [0.0, 0.0, 1.0]], [[796.8910634503094, 0.0, 857.7774326863696], [0.0, 796.8910634503094, 476.8848988407415], [0.0, 0.0, 1.0]], [[1249.9629280788233, 0.0, 825.3768045375984], [0.0, 1249.9629280788233, 462.54816385708756], [0.0, 0.0, 1.0]]], "extrinsics": [[[0.8222912549972534, -0.5689219832420349, -0.012837578542530537, -0.892822265625], [-0.006767384707927704, 0.012781144119799137, -0.9998953938484192, 1.4873485565185547], [0.5690265893936157, 0.822292149066925, 0.006659707985818386, -1.25927734375], [0.0, 0.0, 0.0, 1.0]], [[0.009889911860227585, -0.999913215637207, -0.008698469959199429, 0.0087890625], [-0.0046276673674583435, 0.008653033524751663, -0.9999518990516663, 1.4796371459960938], [0.9999403953552246, 0.009929697960615158, -0.00454168813303113, -1.625213623046875], [0.0, 0.0, 0.0, 1.0]], [[-0.8442160487174988, -0.5359945297241211, -0.003010878339409828, 1.0213623046875], [0.003573226509615779, -1.0663220564310905e-05, -0.9999935626983643, 1.493369221687317], [0.5359910726547241, -0.8442214131355286, 0.0019242308335378766, -1.2313232421875], [0.0, 0.0, 0.0, 1.0]], [[0.9477545619010925, 0.3186381459236145, -0.01519862748682499, -1.14642333984375], [-0.021292297169566154, 0.015649572014808655, -0.999650776386261, 1.5620994567871094], [-0.3182891607284546, 0.9477471709251404, 0.021616492420434952, -0.1552734375], [0.0, 0.0, 0.0, 1.0]], [[0.009401991963386536, 0.9999260902404785, 0.007708228658884764, -0.029296875], [-0.01941259205341339, 0.007889635860919952, -0.9997804164886475, 1.5674991607666016], [-0.9997673630714417, 0.009250258095562458, 0.019485337659716606, 0.01556396484375], [0.0, 0.0, 0.0, 1.0]], [[-0.9236286282539368, 0.38319483399391174, 0.008466072380542755, 1.1058349609375], [-0.0153827965259552, -0.014989431016147137, -0.9997693300247192, 1.5469303131103516], [-0.38297954201698303, -0.9235458374023438, 0.01973927952349186, -0.06494140625], [0.0, 0.0, 0.0, 1.0]]], "view": [[0.0, -2.0, 100.0], [-2.0, 0.0, 100.0], [0.0, 0.0, 1.0]], "bev": "bev_bb4b37ae32c448ebbe29d4602d55e9df.png", "aux": "aux_bb4b37ae32c448ebbe29d4602d55e9df.npz", "visibility": "visibility_bb4b37ae32c448ebbe29d4602d55e9df.png", "pose": [[0.7573334574699402, 0.6530283093452454, 0.0, 746.6730346679688], [-0.6530283093452454, 0.7573334574699402, 0.0, 1526.615966796875], [0.0, 0.0, 1.0, 0.0], [0.0, 0.0, 0.0, 1.0]], "pose_inverse": [[0.7573334574699402, -0.6530283093452454, 0.0, 431.4429931640625], [0.6530283093452454, 0.7573334574699402, 0.0, -1643.7559814453125], [0.0, 0.0, 1.0, 0.0], [0.0, 0.0, 0.0, 1.0]], "cam_ids": [0, 1, 2, 3, 4, 5], "cam_channels": ["CAM_FRONT_LEFT", "CAM_FRONT", "CAM_FRONT_RIGHT", "CAM_BACK_LEFT", "CAM_BACK", "CAM_BACK_RIGHT"], "token": "bb4b37ae32c448ebbe29d4602d55e9df", "scene": "scene-0688"}, {"images": ["samples/CAM_FRONT_LEFT/n008-2018-08-28-16-16-48-0400__CAM_FRONT_LEFT__1535488339254799.jpg", "samples/CAM_FRONT/n008-2018-08-28-16-16-48-0400__CAM_FRONT__1535488339262404.jpg", "samples/CAM_FRONT_RIGHT/n008-2018-08-28-16-16-48-0400__CAM_FRONT_RIGHT__1535488339270482.jpg", "samples/CAM_BACK_LEFT/n008-2018-08-28-16-16-48-0400__CAM_BACK_LEFT__1535488339297405.jpg", "samples/CAM_BACK/n008-2018-08-28-16-16-48-0400__CAM_BACK__1535488339287558.jpg", "samples/CAM_BACK_RIGHT/n008-2018-08-28-16-16-48-0400__CAM_BACK_RIGHT__1535488339278113.jpg"], "intrinsics": [[[1257.8625342125129, 0.0, 827.2410631095686], [0.0, 1257.8625342125129, 450.915498205774], [0.0, 0.0, 1.0]], [[1252.8131021185304, 0.0, 826.588114781398], [0.0, 1252.8131021185304, 469.9846626224581], [0.0, 0.0, 1.0]], [[1256.7485116440405, 0.0, 817.7887570959712], [0.0, 1256.7485116440403, 451.9541780095127], [0.0, 0.0, 1.0]], [[1254.9860565800168, 0.0, 829.5769333630991], [0.0, 1254.9860565800168, 467.1680561863987], [0.0, 0.0, 1.0]], [[796.8910634503094, 0.0, 857.7774326863696], [0.0, 796.8910634503094, 476.8848988407415], [0.0, 0.0, 1.0]], [[1249.9629280788233, 0.0, 825.3768045375984], [0.0, 1249.9629280788233, 462.54816385708756], [0.0, 0.0, 1.0]]], "extrinsics": [[[0.8218523859977722, -0.5694620609283447, -0.01648644544184208, -0.904052734375], [-0.003831536276265979, 0.02341306209564209, -0.9997185468673706, 1.48779296875], [0.5696877241134644, 0.8216842412948608, 0.017060166224837303, -1.2650146484375], [0.0, 0.0, 0.0, 1.0]], [[0.009256756864488125, -0.9997735023498535, -0.019167302176356316, 0.0074462890625], [-0.0017692011315375566, 0.01915171928703785, -0.999815046787262, 1.4799633026123047], [0.9999555349349976, 0.00928908959031105, -0.001591517124325037, -1.633697509765625], [0.0, 0.0, 0.0, 1.0]], [[-0.844458281993866, -0.5355110764503479, -0.01087043434381485, 1.0247802734375], [0.006340599153190851, 0.01029907539486885, -0.9999268651008606, 1.493560791015625], [0.5355838537216187, -0.8444654941558838, -0.005301679018884897, -1.2347412109375], [0.0, 0.0, 0.0, 1.0]], [[0.9478091597557068, 0.318685382604599, -0.009876322001218796, -1.1447906494140625], [-0.01879740133881569, 0.024930056184530258, -0.9995124340057373, 1.5620651245117188], [-0.31828373670578003, 0.9475327134132385, 0.029619388282299042, -0.15576171875], [0.0, 0.0, 0.0, 1.0]], [[0.00957461167126894, 0.9998020529747009, 0.01744658499956131, -0.02880859375], [-0.016778597608208656, 0.017605558037757874, -0.9997041821479797, 1.5675773620605469], [-0.999813437461853, 0.009279079735279083, 0.01694384217262268, 0.015869140625], [0.0, 0.0, 0.0, 1.0]], [[-0.9235240817070007, 0.3834148943424225, 0.009818106889724731, 1.10791015625], [-0.012667402625083923, -0.00490708788856864, -0.9999076724052429, 1.5470967292785645], [-0.383331298828125, -0.9235632419586182, 0.00938868336379528, -0.0648193359375], [0.0, 0.0, 0.0, 1.0]]], "view": [[0.0, -2.0, 100.0], [-2.0, 0.0, 100.0], [0.0, 0.0, 1.0]], "bev": "bev_8d3c097358cc4e10907be79b3936b117.png", "aux": "aux_8d3c097358cc4e10907be79b3936b117.npz", "visibility": "visibility_8d3c097358cc4e10907be79b3936b117.png", "pose": [[0.7635583281517029, 0.6457388997077942, 0.0, 747.8490600585938], [-0.6457388997077942, 0.7635583281517029, 0.0, 1525.587890625], [0.0, 0.0, 1.0, 0.0], [0.0, 0.0, 0.0, 1.0]], "pose_inverse": [[0.7635583281517029, -0.6457388997077942, 0.0, 414.10504150390625], [0.6457388997077942, 0.7635583281517029, 0.0, -1647.79052734375], [0.0, 0.0, 1.0, 0.0], [0.0, 0.0, 0.0, 1.0]], "cam_ids": [0, 1, 2, 3, 4, 5], "cam_channels": ["CAM_FRONT_LEFT", "CAM_FRONT", "CAM_FRONT_RIGHT", "CAM_BACK_LEFT", "CAM_BACK", "CAM_BACK_RIGHT"], "token": "8d3c097358cc4e10907be79b3936b117", "scene": "scene-0688"}, {"images": ["samples/CAM_FRONT_LEFT/n008-2018-08-28-16-16-48-0400__CAM_FRONT_LEFT__1535488339754799.jpg", "samples/CAM_FRONT/n008-2018-08-28-16-16-48-0400__CAM_FRONT__1535488339762404.jpg", "samples/CAM_FRONT_RIGHT/n008-2018-08-28-16-16-48-0400__CAM_FRONT_RIGHT__1535488339770721.jpg", "samples/CAM_BACK_LEFT/n008-2018-08-28-16-16-48-0400__CAM_BACK_LEFT__1535488339797518.jpg", "samples/CAM_BACK/n008-2018-08-28-16-16-48-0400__CAM_BACK__1535488339787558.jpg", "samples/CAM_BACK_RIGHT/n008-2018-08-28-16-16-48-0400__CAM_BACK_RIGHT__1535488339778113.jpg"], "intrinsics": [[[1257.8625342125129, 0.0, 827.2410631095686], [0.0, 1257.8625342125129, 450.915498205774], [0.0, 0.0, 1.0]], [[1252.8131021185304, 0.0, 826.588114781398], [0.0, 1252.8131021185304, 469.9846626224581], [0.0, 0.0, 1.0]], [[1256.7485116440405, 0.0, 817.7887570959712], [0.0, 1256.7485116440403, 451.9541780095127], [0.0, 0.0, 1.0]], [[1254.9860565800168, 0.0, 829.5769333630991], [0.0, 1254.9860565800168, 467.1680561863987], [0.0, 0.0, 1.0]], [[796.8910634503094, 0.0, 857.7774326863696], [0.0, 796.8910634503094, 476.8848988407415], [0.0, 0.0, 1.0]], [[1249.9629280788233, 0.0, 825.3768045375984], [0.0, 1249.9629280788233, 462.54816385708756], [0.0, 0.0, 1.0]]], "extrinsics": [[[0.8218520879745483, -0.569432258605957, -0.017499173060059547, -0.9105224609375], [-0.005838329438120127, 0.02229638770222664, -0.9997344017028809, 1.4875946044921875], [0.5696711540222168, 0.8217359781265259, 0.014999797567725182, -1.26953125], [0.0, 0.0, 0.0, 1.0]], [[0.009283572435379028, -0.9997901916503906, -0.018259240314364433, 0.00732421875], [-0.004040869884192944, 0.018222369253635406, -0.9998258352279663, 1.479766845703125], [0.9999487400054932, 0.009355803951621056, -0.0038708513602614403, -1.64166259765625], [0.0, 0.0, 0.0, 1.0]], [[-0.8444368243217468, -0.5355902314186096, -0.008348716422915459, 1.03167724609375], [0.003818029537796974, 0.00956736970692873, -0.9999468922615051, 1.4933338165283203], [0.5356416702270508, -0.8444239497184753, -0.006034140009433031, -1.2391357421875], [0.0, 0.0, 0.0, 1.0]], [[0.9477607607841492, 0.3187195658683777, -0.012942352332174778, -1.1453704833984375], [-0.022002939134836197, 0.02484409138560295, -0.9994491338729858, 1.5620765686035156], [-0.3182224631309509, 0.9475234150886536, 0.03055901825428009, -0.155517578125], [0.0, 0.0, 0.0, 1.0]], [[0.00956876389682293, 0.9998080730438232, 0.01709889806807041, -0.0289306640625], [-0.01975138857960701, 0.01728532277047634, -0.9996554851531982, 1.5675621032714844], [-0.99