[{"images": ["samples/CAM_FRONT_LEFT/n015-2018-08-03-15-00-36+0800__CAM_FRONT_LEFT__1533279768854844.jpg", "samples/CAM_FRONT/n015-2018-08-03-15-00-36+0800__CAM_FRONT__1533279768862460.jpg", "samples/CAM_FRONT_RIGHT/n015-2018-08-03-15-00-36+0800__CAM_FRONT_RIGHT__1533279768870339.jpg", "samples/CAM_BACK_LEFT/n015-2018-08-03-15-00-36+0800__CAM_BACK_LEFT__1533279768897423.jpg", "samples/CAM_BACK/n015-2018-08-03-15-00-36+0800__CAM_BACK__1533279768887525.jpg", "samples/CAM_BACK_RIGHT/n015-2018-08-03-15-00-36+0800__CAM_BACK_RIGHT__1533279768877893.jpg"], "intrinsics": [[[1272.5979470598488, 0.0, 826.6154927353808], [0.0, 1272.5979470598488, 479.75165386361925], [0.0, 0.0, 1.0]], [[1266.417203046554, 0.0, 816.2670197447984], [0.0, 1266.417203046554, 491.50706579294757], [0.0, 0.0, 1.0]], [[1260.8474446004698, 0.0, 807.968244525554], [0.0, 1260.8474446004698, 495.3344268742088], [0.0, 0.0, 1.0]], [[1256.7414812095406, 0.0, 792.1125740759628], [0.0, 1256.7414812095406, 492.7757465151356], [0.0, 0.0, 1.0]], [[809.2209905677063, 0.0, 829.2196003259838], [0.0, 809.2209905677063, 481.77842384512485], [0.0, 0.0, 1.0]], [[1259.5137405846733, 0.0, 807.2529053838625], [0.0, 1259.5137405846733, 501.19579884916527], [0.0, 0.0, 1.0]]], "extrinsics": [[[0.8211284875869751, -0.570742130279541, 0.0011441642418503761, -0.6610107421875], [-0.007331961300224066, -0.012552997097373009, -0.9998943209648132, 1.5055789947509766], [0.5706961750984192, 0.8210333585739136, -0.014492283575236797, -1.072021484375], [0.0, 0.0, 0.0, 1.0]], [[0.006211698986589909, -0.9998416900634766, 0.016673840582370758, 0.00897216796875], [-0.012610734440386295, -0.016751162707805634, -0.9997801780700684, 1.5167131423950195], [0.9999011754989624, 0.006000048015266657, -0.012712791562080383, -1.38671875], [0.0, 0.0, 0.0, 1.0]], [[-0.8327823281288147, -0.5535718202590942, 0.005631753243505955, 0.83251953125], [-0.006989087909460068, 0.000341011822456494, -0.9999755024909973, 1.5019607543945312], [0.5535563826560974, -0.8328012824058533, -0.004152948502451181, -1.11419677734375], [0.0, 0.0, 0.0, 1.0]], [[0.9477642178535461, 0.3188655972480774, -0.008226955309510231, -1.1299896240234375], [0.0015445784665644169, -0.030379706993699074, -0.9995371699333191, 1.5885791778564453], [-0.3189679682254791, 0.9473128914833069, -0.029285315424203873, -0.10791015625], [0.0, 0.0, 0.0, 1.0]], [[0.0023113838396966457, 0.999791145324707, -0.020304232835769653, 0.0025634765625], [-0.023783115670084953, -0.020243579521775246, -0.9995121955871582, 1.5770626068115234], [-0.9997144937515259, 0.002793203806504607, 0.023731356486678123, -0.0949554443359375], [0.0, 0.0, 0.0, 1.0]], [[-0.9348894953727722, 0.3547976315021515, -0.01000951323658228, 0.96893310546875], [0.008894297294318676, -0.004774041473865509, -0.999949038028717, 1.5530428886413574], [-0.35482728481292725, -0.9349309802055359, 0.0013075252063572407, -0.12628173828125], [0.0, 0.0, 0.0, 1.0]]], "view": [[0.0, -2.0, 100.0], [-2.0, 0.0, 100.0], [0.0, 0.0, 1.0]], "bev": "bev_9c79f0baaa4b4255a686e31f803ffed3.png", "aux": "aux_9c79f0baaa4b4255a686e31f803ffed3.npz", "visibility": "visibility_9c79f0baaa4b4255a686e31f803ffed3.png", "pose": [[0.8532062768936157, 0.5215736031532288, 0.0, 411.3262023925781], [-0.5215736031532288, 0.8532062768936157, 0.0, 947.1527099609375], [0.0, 0.0, 1.0, 0.0], [0.0, 0.0, 0.0, 1.0]], "pose_inverse": [[0.8532062768936157, -0.5215736031532288, 0.0, 143.06375122070312], [0.5215736031532288, 0.8532062768936157, 0.0, -1022.653564453125], [0.0, 0.0, 1.0, 0.0], [0.0, 0.0, 0.0, 1.0]], "cam_ids": [0, 1, 2, 3, 4, 5], "cam_channels": ["CAM_FRONT_LEFT", "CAM_FRONT", "CAM_FRONT_RIGHT", "CAM_BACK_LEFT", "CAM_BACK", "CAM_BACK_RIGHT"], "token": "9c79f0baaa4b4255a686e31f803ffed3", "scene": "scene-0364"}, {"images": ["samples/CAM_FRONT_LEFT/n015-2018-08-03-15-00-36+0800__CAM_FRONT_LEFT__1533279769404844.jpg", "samples/CAM_FRONT/n015-2018-08-03-15-00-36+0800__CAM_FRONT__1533279769412460.jpg", "samples/CAM_FRONT_RIGHT/n015-2018-08-03-15-00-36+0800__CAM_FRONT_RIGHT__1533279769420339.jpg", "samples/CAM_BACK_LEFT/n015-2018-08-03-15-00-36+0800__CAM_BACK_LEFT__1533279769447423.jpg", "samples/CAM_BACK/n015-2018-08-03-15-00-36+0800__CAM_BACK__1533279769437525.jpg", "samples/CAM_BACK_RIGHT/n015-2018-08-03-15-00-36+0800__CAM_BACK_RIGHT__1533279769427893.jpg"], "intrinsics": [[[1272.5979470598488, 0.0, 826.6154927353808], [0.0, 1272.5979470598488, 479.75165386361925], [0.0, 0.0, 1.0]], [[1266.417203046554, 0.0, 816.2670197447984], [0.0, 1266.417203046554, 491.50706579294757], [0.0, 0.0, 1.0]], [[1260.8474446004698, 0.0, 807.968244525554], [0.0, 1260.8474446004698, 495.3344268742088], [0.0, 0.0, 1.0]], [[1256.7414812095406, 0.0, 792.1125740759628], [0.0, 1256.7414812095406, 492.7757465151356], [0.0, 0.0, 1.0]], [[809.2209905677063, 0.0, 829.2196003259838], [0.0, 809.2209905677063, 481.77842384512485], [0.0, 0.0, 1.0]], [[1259.5137405846733, 0.0, 807.2529053838625], [0.0, 1259.5137405846733, 501.19579884916527], [0.0, 0.0, 1.0]]], "extrinsics": [[[0.82110595703125, -0.5707736015319824, 0.0015781591646373272, -0.67578125], [-0.011685986071825027, -0.019575506448745728, -0.9997400641441345, 1.5041580200195312], [0.5706561207771301, 0.8208740949630737, -0.022743618115782738, -1.08038330078125], [0.0, 0.0, 0.0, 1.0]], [[0.0062744044698774815, -0.9996995329856873, 0.023694679141044617, 0.0076904296875], [-0.01691432297229767, -0.023797856643795967, -0.9995737075805664, 1.5156440734863281], [0.9998372793197632, 0.005870824214071035, -0.01705855317413807, -1.4022674560546875], [0.0, 0.0, 0.0, 1.0]], [[-0.8327440023422241, -0.5535033941268921, 0.013089208863675594, 0.84381103515625], [-0.011228110641241074, -0.0067532421089708805, -0.9999141097068787, 1.5011014938354492], [0.553544282913208, -0.8328195214271545, -0.0005910745821893215, -1.12274169921875], [0.0, 0.0, 0.0, 1.0]], [[0.9477872252464294, 0.31858396530151367, -0.014267425052821636, -1.1330718994140625], [-0.0024201141204684973, -0.03755231946706772, -0.999291718006134, 1.5885238647460938], [-0.31889408826828003, 0.9471505284309387, -0.03482059761881828, -0.1065673828125], [0.0, 0.0, 0.0, 1.0]], [[0.002226691460236907, 0.9996203780174255, -0.027462070807814598, 0.00286865234375], [-0.027846910059452057, -0.02738950401544571, -0.9992368817329407, 1.5768928527832031], [-0.9996097087860107, 0.002989716362208128, 0.027775350958108902, -0.086700439453125], [0.0, 0.0, 0.0, 1.0]], [[-0.9349457621574402, 0.35468554496765137, -0.008631118573248386, 0.98089599609375], [0.004712111782282591, -0.011911515146493912, -0.9999179244041443, 1.552236557006836], [-0.35475924611091614, -0.9349098205566406, 0.009465302340686321, -0.12225341796875], [0.0, 0.0, 0.0, 1.0]]], "view": [[0.0, -2.0, 100.0], [-2.0, 0.0, 100.0], [0.0, 0.0, 1.0]], "bev": "bev_4733acebeb9d4942b20bb5b481644ace.png", "aux": "aux_4733acebeb9d4942b20bb5b481644ace.npz", "visibility": "visibility_4733acebeb9d4942b20bb5b481644ace.png", "pose": [[0.8479380011558533, 0.5300953984260559, 0.0, 415.08880615234375], [-0.5300953984260559, 0.8479380011558533, 0.0, 944.8038940429688], [0.0, 0.0, 1.0, 0.0], [0.0, 0.0, 0.0, 1.0]], "pose_inverse": [[0.8479380011558533, -0.5300953984260559, 0.0, 148.8666534423828], [0.5300953984260559, 0.8479380011558533, 0.0, -1021.1718139648438], [0.0, 0.0, 1.0, 0.0], [0.0, 0.0, 0.0, 1.0]], "cam_ids": [0, 1, 2, 3, 4, 5], "cam_channels": ["CAM_FRONT_LEFT", "CAM_FRONT", "CAM_FRONT_RIGHT", "CAM_BACK_LEFT", "CAM_BACK", "CAM_BACK_RIGHT"], "token": "4733acebeb9d4942b20bb5b481644ace", "scene": "scene-0364"}, {"images": ["samples/CAM_FRONT_LEFT/n015-2018-08-03-15-00-36+0800__CAM_FRONT_LEFT__1533279769904844.jpg", "samples/CAM_FRONT/n015-2018-08-03-15-00-36+0800__CAM_FRONT__1533279769912460.jpg", "samples/CAM_FRONT_RIGHT/n015-2018-08-03-15-00-36+0800__CAM_FRONT_RIGHT__1533279769920339.jpg", "samples/CAM_BACK_LEFT/n015-2018-08-03-15-00-36+0800__CAM_BACK_LEFT__1533279769947518.jpg", "samples/CAM_BACK/n015-2018-08-03-15-00-36+0800__CAM_BACK__1533279769937525.jpg", "samples/CAM_BACK_RIGHT/n015-2018-08-03-15-00-36+0800__CAM_BACK_RIGHT__1533279769927893.jpg"], "intrinsics": [[[1272.5979470598488, 0.0, 826.6154927353808], [0.0, 1272.5979470598488, 479.75165386361925], [0.0, 0.0, 1.0]], [[1266.417203046554, 0.0, 816.2670197447984], [0.0, 1266.417203046554, 491.50706579294757], [0.0, 0.0, 1.0]], [[1260.8474446004698, 0.0, 807.968244525554], [0.0, 1260.8474446004698, 495.3344268742088], [0.0, 0.0, 1.0]], [[1256.7414812095406, 0.0, 792.1125740759628], [0.0, 1256.7414812095406, 492.7757465151356], [0.0, 0.0, 1.0]], [[809.2209905677063, 0.0, 829.2196003259838], [0.0, 809.2209905677063, 481.77842384512485], [0.0, 0.0, 1.0]], [[1259.5137405846733, 0.0, 807.2529053838625], [0.0, 1259.5137405846733, 501.19579884916527], [0.0, 0.0, 1.0]]], "extrinsics": [[[0.8210349082946777, -0.5708721280097961, 0.0025837684515863657, -0.68231201171875], [-0.01084852870553732, -0.020127298310399055, -0.9997385740280151, 1.5045604705810547], [0.5707748532295227, 0.8207922577857971, -0.022718336433172226, -1.0858154296875], [0.0, 0.0, 0.0, 1.0]], [[0.006166233215481043, -0.9996930956840515, 0.023991774767637253, 0.00830078125], [-0.01613619737327099, -0.024088580161333084, -0.9995796084403992, 1.5159873962402344], [0.9998507499694824, 0.005776469595730305, -0.016279781237244606, -1.4086761474609375], [0.0, 0.0, 0.0, 1.0]], [[-0.8327853083610535, -0.5534548163414001, 0.012502692639827728, 0.847686767578125], [-0.0105094313621521, -0.006774923764169216, -0.9999217987060547, 1.5013127326965332], [0.5534963011741638, -0.8328516483306885, -0.00017443945398554206, -1.12469482421875], [0.0, 0.0, 0.0, 1.0]], [[0.9477712512016296, 0.3186720609664917, -0.01333022490143776, -1.132843017578125], [-0.0016244306461885571, -0.03697061911225319, -0.9993150234222412, 1.5885429382324219], [-0.31894662976264954, 0.9471437335014343, -0.034522030502557755, -0.10699462890625], [0.0, 0.0, 0.0, 1.0]], [[0.00225647515617311, 0.9996324777603149, -0.027017666026949883, 0.00262451171875], [-0.027155926451086998, -0.02694651298224926, -0.9992679953575134, 1.5769538879394531], [-0.9996286630630493, 0.0029885570984333754, 0.027085142210125923, -0.0870361328125], [0.0, 0.0, 0.0, 1.0]], [[-0.9349263906478882, 0.3547227084636688, -0.009194713085889816, 0.982879638671875], [0.005395579617470503, -0.011697820387780666, -0.9999170303344727, 1.5523405075073242], [-0.35480085015296936, -0.9348983764648438, 0.009022663347423077, -0.12103271484375], [0.0, 0.0, 0.0, 1.0]]], "view": [[0.0, -2.0, 100.0], [-2.0, 0.0, 100.0], [0.0, 0.0, 1.0]], "bev": "bev_a794f438d47146d5912027e68188aaf4.png", "aux": "aux_a794f438d47146d5912027e68188aaf4.npz", "visibility": "visibility_a794f438d47146d5912027e68188aaf4.png", "pose": [[0.8433789014816284, 0.5373193025588989, 0.0, 418.395751953125], [-0.5373193025588989, 0.8433789014816284, 0.0, 942.6902465820312], [0.0, 0.0, 1.0, 0.0], [0.0, 0.0, 0.0, 1.0]], "pose_inverse": [[0.8433789014816284, -0.5373193025588989, 0.0, 153.6595458984375], [0.5373193025588989, 0.8433789014816284, 0.0, -1019.857177734375], [0.0, 0.0, 1.0, 0.0], [0.0, 0.0, 0.0, 1.0]], "cam_ids": [0, 1, 2, 3, 4, 5], "cam_channels": ["CAM_FRONT_LEFT", "CAM_FRONT", "CAM_FRONT_RIGHT", "CAM_BACK_LEFT", "CAM_BACK", "CAM_BACK_RIGHT"], "token": "a794f438d47146d5912027e68188aaf4", "scene": "scene-0364"}, {"images": ["samples/CAM_FRONT_LEFT/n015-2018-08-03-15-00-36+0800__CAM_FRONT_LEFT__1533279770404844.jpg", "samples/CAM_FRONT/n015-2018-08-03-15-00-36+0800__CAM_FRONT__1533279770412460.jpg", "samples/CAM_FRONT_RIGHT/n015-2018-08-03-15-00-36+0800__CAM_FRONT_RIGHT__1533279770420339.jpg", "samples/CAM_BACK_LEFT/n015-2018-08-03-15-00-36+0800__CAM_BACK_LEFT__1533279770447423.jpg", "samples/CAM_BACK/n015-2018-08-03-15-00-36+0800__CAM_BACK__1533279770437525.jpg", "samples/CAM_BACK_RIGHT/n015-2018-08-03-15-00-36+0800__CAM_BACK_RIGHT__1533279770427893.jpg"], "intrinsics": [[[1272.5979470598488, 0.0, 826.6154927353808], [0.0, 1272.5979470598488, 479.75165386361925], [0.0, 0.0, 1.0]], [[1266.417203046554, 0.0, 816.2670197447984], [0.0, 1266.417203046554, 491.50706579294757], [0.0, 0.0, 1.0]], [[1260.8474446004698, 0.0, 807.968244525554], [0.0, 1260.8474446004698, 495.3344268742088], [0.0, 0.0, 1.0]], [[1256.7414812095406, 0.0, 792.1125740759628], [0.0, 1256.7414812095406, 492.7757465151356], [0.0, 0.0, 1.0]], [[809.2209905677063, 0.0, 829.2196003259838], [0.0, 809.2209905677063, 481.77842384512485], [0.0, 0.0, 1.0]], [[1259.5137405846733, 0.0, 807.2529053838625], [0.0, 1259.5137405846733, 501.19579884916527], [0.0, 0.0, 1.0]]], "extrinsics": [[[0.8206953406333923, -0.5713568925857544, 0.003227410838007927, -0.6876220703125], [-0.009900341741740704, -0.01986810192465782, -0.9997535347938538, 1.5049209594726562], [0.5712802410125732, 0.8204611539840698, -0.02196228690445423, -1.0880126953125], [0.0, 0.0, 0.0, 1.0]], [[0.0056695472449064255, -0.9996994733810425, 0.023845629766583443, 0.00732421875], [-0.015172285959124565, -0.02392926625907421, -0.999598503112793, 1.5163040161132812], [0.9998687505722046, 0.005305545870214701, -0.015303395688533783, -1.41265869140625], [0.0, 0.0, 0.0, 1.0]], [[-0.8329962491989136, -0.5531559586524963, 0.01165057998150587, 0.84930419921875], [-0.009520273655653, -0.006724026054143906, -0.999932050704956, 1.5015525817871094], [0.5531967282295227, -0.833050549030304, 0.00033489367342554033, -1.12664794921875], [0.0, 0.0, 0.0, 1.0]], [[0.9477857351303101, 0.31865575909614563, -0.012672609649598598, -1.1251983642578125], [-0.000903781910892576, -0.03705349937081337, -0.9993128776550293, 1.5885353088378906], [-0.318906307220459, 0.947145938873291, -0.034830786287784576, -0.109375], [0.0, 0.0, 0.0, 1.0]], [[0.002418922260403633, 0.9996294379234314, -0.027115020900964737, 0.0029296875], [-0.026261836290359497, -0.027042243629693985, -0.9992892742156982, 1.5769996643066406], [-0.999652087688446, 0.003129316959530115, 0.026186689734458923, -0.0880279541015625], [0.0, 0.0, 0.0, 1.0]], [[-0.9348238110542297, 0.3549672067165375, -0.010135648772120476, 0.98388671875], [0.006383444182574749, -0.01174009870737791, -0.9999107122421265, 1.5524940490722656], [-0.35505443811416626, -0.9348050355911255, 0.008709010668098927, -0.12115478515625], [0.0, 0.0, 0.0, 1.0]]], "view": [[0.0, -2.0, 100.0], [-2.0, 0.0, 100.0], [0.0, 0.0, 1.0]], "bev": "bev_3825f069c54440c189d85b297df054a6.png", "aux": "aux_3825f069c54440c189d85b297df054a6.npz", "visibility": "visibility_3825f069c54440c189d85b297df054a6.png", "pose": [[0.8407855033874512, 0.5413683652877808, 0.0, 421.5987854003906], [-0.5413683652877808, 0.8407855033874512, 0.0, 940.6235961914062], [0.0, 0.0, 1.0, 0.0], [0.0, 0.0, 0.0, 1.0]], "pose_inverse": [[0.8407855033874512, -0.5413683652877808, 0.0, 154.7496795654297], [0.5413683652877808, 0.8407855033874512, 0.0, -1019.1029663085938], [0.0, 0.0, 1.0, 0.0], [0.0, 0.0, 0.0, 1.0]], "cam_ids": [0, 1, 2, 3, 4, 5], "cam_channels": ["CAM_FRONT_LEFT", "CAM_FRONT", "CAM_FRONT_RIGHT", "CAM_BACK_LEFT", "CAM_BACK", "CAM_BACK_RIGHT"], "token": "3825f069c54440c189d85b297df054a6", "scene": "scene-0364"}, {"images": ["samples/CAM_FRONT_LEFT/n015-2018-08-03-15-00-36+0800__CAM_FRONT_LEFT__1533279770854844.jpg", "samples/CAM_FRONT/n015-2018-08-03-15-00-36+0800__CAM_FRONT__1533279770862460.jpg", "samples/CAM_FRONT_RIGHT/n015-2018-08-03-15-00-36+0800__CAM_FRONT_RIGHT__1533279770870339.jpg", "samples/CAM_BACK_LEFT/n015-2018-08-03-15-00-36+0800__CAM_BACK_LEFT__1533279770897423.jpg", "samples/CAM_BACK/n015-2018-08-03-15-00-36+0800__CAM_BACK__1533279770887525.jpg", "samples/CAM_BACK_RIGHT/n015-2018-08-03-15-00-36+0800__CAM_BACK_RIGHT__1533279770877920.jpg"], "intrinsics": [[[1272.5979470598488, 0.0, 826.6154927353808], [0.0, 1272.5979470598488, 479.75165386361925], [0.0, 0.0, 1.0]], [[1266.417203046554, 0.0, 816.2670197447984], [0.0, 1266.417203046554, 491.50706579294757], [0.0, 0.0, 1.0]], [[1260.8474446004698, 0.0, 807.968244525554], [0.0, 1260.8474446004698, 495.3344268742088], [0.0, 0.0, 1.0]], [[1256.7414812095406, 0.0, 792.1125740759628], [0.0, 1256.7414812095406, 492.7757465151356], [0.0, 0.0, 1.0]], [[809.2209905677063, 0.0, 829.2196003259838], [0.0, 809.2209905677063, 481.77842384512485], [0.0, 0.0, 1.0]], [[1259.5137405846733, 0.0, 807.2529053838625], [0.0, 1259.5137405846733, 501.19579884916527], [0.0, 0.0, 1.0]]], "extrinsics": [[[0.820681631565094, -0.5712853074073792, 0.010708342306315899, -0.69696044921875], [-0.002884763292968273, -0.022883428260684013, -0.9997339248657227, 1.5073280334472656], [0.5713784098625183, 0.8204323649406433, -0.02042803168296814, -1.09490966796875], [0.0, 0.0, 0.0, 1.0]], [[0.005541934631764889, -0.9996249675750732, 0.02681673690676689, 0.00738525390625], [-0.008074632845818996, -0.026861008256673813, -0.9996065497398376, 1.5183734893798828], [0.9999520778656006, 0.005323127843439579, -0.008220463059842587, -1.4222412109375], [0.0, 0.0, 0.0, 1.0]], [[-0.8330404162406921, -0.5531640648841858, 0.007283146493136883, 0.85552978515625], [-0.0023716415744274855, -0.009594106115400791, -0.9999511241912842, 1.5031461715698242], [0.5532069206237793, -0.8330170512199402, 0.006680373102426529, -1.130615234375], [0.0, 0.0, 0.0, 1.0]], [[0.9478105306625366, 0.31876444816589355, -0.006658773869276047, -1.1278076171875], [0.006370658054947853, -0.0398147776722908, -0.9991867542266846, 1.588653564453125], [-0.31877031922340393, 0.946997344493866, -0.03976760804653168, -0.108642578125], [0.0, 0.0, 0.0, 1.0]], [[0.0025735413655638695, 0.999548614025116, -0.029932690784335136, 0.0028076171875], [-0.019081488251686096, -0.02987825497984886, -0.9993714094161987, 1.5777015686035156], [-0.9998145699501038, 0.0031430963426828384, 0.0189959816634655, -0.085357666015625], [0.0, 0.0, 0.0, 1.0]], [[-0.9347328543663025, 0.3549031913280487, -0.01783253625035286, 0.98907470703125], [0.013536341488361359, -0.014584662392735481, -0.9998019933700562, 1.5535831451416016], [-0.3550930917263031, -0.93478924036026, 0.008828672580420971, -0.1190185546875], [0.0, 0.0, 0.0, 1.0]]], "view": [[0.0, -2.0, 100.0], [-2.0, 0.0, 100.0], [0.0, 0.0, 1.0]], "bev": "bev_b29950dd8232449db366947efec4a0db.png", "aux": "aux_b29950dd8232449db366947efec4a0db.npz", "visibility": "visibility_b29950dd8232449db366947efec4a0db.png", "pose": [[0.8396785855293274, 0.543083667755127, 0.0, 424.30645751953125], [-0.543083667755127, 0.8396785855293274, 0.0, 938.862060546875], [0.0, 0.0, 1.0, 0.0], [0.0, 0.0, 0.0, 1.0]], "pose_inverse": [[0.8396785855293274, -0.543083667755127, 0.0, 153.59957885742188], [0.543083667755127, 0.8396785855293274, 0.0, -1018.7763061523438], [0.0, 0.0, 1.0, 0.0], [0.0, 0.0, 0.0, 1.0]], "cam_ids": [0, 1, 2, 3, 4, 5], "cam_channels": ["CAM_FRONT_LEFT", "CAM_FRONT", "CAM_FRONT_RIGHT", "CAM_BACK_LEFT", "CAM_BACK", "CAM_BACK_RIGHT"], "token": "b29950dd8232449db366947efec4a0db", "scene": "scene-0364"}, {"images": ["samples/CAM_FRONT_LEFT/n015-2018-08-03-15-00-36+0800__CAM_FRONT_LEFT__1533279771404844.jpg", "samples/CAM_FRONT/n015-2018-08-03-15-00-36+0800__CAM_FRONT__1533279771412460.jpg", "samples/CAM_FRONT_RIGHT/n015-2018-08-03-15-00-36+0800__CAM_FRONT_RIGHT__1533279771420339.jpg", "samples/CAM_BACK_LEFT/n015-2018-08-03-15-00-36+0800__CAM_BACK_LEFT__1533279771447423.jpg", "samples/CAM_BACK/n015-2018-08-03-15-00-36+0800__CAM_BACK__1533279771437525.jpg", "samples/CAM_BACK_RIGHT/n015-2018-08-03-15-00-36+0800__CAM_BACK_RIGHT__1533279771427893.jpg"], "intrinsics": [[[1272.5979470598488, 0.0, 826.6154927353808], [0.0, 1272.5979470598488, 479.75165386361925], [0.0, 0.0, 1.0]], [[1266.417203046554, 0.0, 816.2670197447984], [0.0, 1266.417203046554, 491.50706579294757], [0.0, 0.0, 1.0]], [[1260.8474446004698, 0.0, 807.968244525554], [0.0, 1260.8474446004698, 495.3344268742088], [0.0, 0.0, 1.0]], [[1256.7414812095406, 0.0, 792.1125740759628], [0.0, 1256.7414812095406, 492.7757465151356], [0.0, 0.0, 1.0]], [[809.2209905677063, 0.0, 829.2196003259838], [0.0, 809.2209905677063, 481.77842384512485], [0.0, 0.0, 1.0]], [[1259.5137405846733, 0.0, 807.2529053838625], [0.0, 1259.5137405846733, 501.19579884916527], [0.0, 0.0, 1.0]]], "extrinsics": [[[0.8206826448440552, -0.5713749527931213, 0.0032685608603060246, -0.715576171875], [-0.008692602626979351, -0.01820479705929756, -0.999796450138092, 1.5056476593017578], [0.5713181495666504, 0.8204872608184814, -0.019907096400856972, -1.10870361328125], [0.0, 0.0, 0.0, 1.0]], [[0.005637031048536301, -0.9997389912605286, 0.0221382025629282, 0.00799560546875], [-0.013853502459824085, -0.022214505821466446, -0.9996572732925415, 1.5170860290527344], [0.9998880624771118, 0.005328436382114887, -0.013975110836327076, -1.441131591796875], [0.0, 0.0, 0.0, 1.0]], [[-0.8330062627792358, -0.5531824231147766, 0.00947735644876957, 0.868011474609375], [-0.008086123503744602, -0.004955217707902193, -0.9999549984931946, 1.5020482540130615], [0.5532044768333435, -0.8330453634262085, -0.00034537207102403045, -1.13812255859375], [0.0, 0.0, 0.0, 1.0]], [[0.9477977156639099, 0.3187071979045868, -0.010258103720843792, -1.1315765380859375], [0.00104242074303329, -0.035266611725091934, -0.9993773698806763, 1.5885658264160156], [-0.3188704550266266, 0.947196900844574, -0.03375784307718277, -0.1072998046875], [0.0, 0.0, 0.0, 1.0]], [[0.0024385424330830574, 0.9996764063835144, -0.025321856141090393, 0.00250244140625], [-0.024537313729524612, -0.025254493579268456, -0.9993798732757568, 1.577352523803711], [-0.9996959567070007, 0.0030582393519580364, 0.024467788636684418, -0.0803070068359375], [0.0, 0.0, 0.0, 1.0]], [[-0.9348133206367493, 0.3549707531929016, -0.010946064256131649, 0.998321533203125], [0.007932274602353573, -0.009944433346390724, -0.999919056892395, 1.552626609802246], [-0.3550509810447693, -0.9348245859146118, 0.006480461917817593, -0.11517333984375], [0.0, 0.0, 0.0, 1.0]]], "view": [[0.0, -2.0, 100.0], [-2.0, 0.0, 100.0], [0.0, 0.0, 1.0]], "bev": "bev_9e3fe850c23f4db48c4e4b79d633ea96.png", "aux": "aux_9e3fe850c23f4db48c4e4b79d633ea96.npz", "visibility": "visibility_9e3fe850c23f4db48c4e4b79d633ea96.png", "pose": [[0.8385305404663086, 0.5448545813560486, 0.0, 427.6103210449219], [-0.5448545813560486, 0.8385305404663086, 0.0, 936.7032470703125], [0.0, 0.0, 1.0, 0.0], [0.0, 0.0, 0.0, 1.0]], "pose_inverse": [[0.8385305404663086, -0.5448545813560486, 0.0, 151.80270385742188], [0.5448545813560486, 0.8385305404663086, 0.0, -1018.4397583007812], [0.0, 0.0, 1.0, 0.0], [0.0, 0.0, 0.0, 1.0]], "cam_ids": [0, 1, 2, 3, 4, 5], "cam_channels": ["CAM_FRONT_LEFT", "CAM_FRONT", "CAM_FRONT_RIGHT", "CAM_BACK_LEFT", "CAM_BACK", "CAM_BACK_RIGHT"], "token": "9e3fe850c23f4db48c4e4b79d633ea96", "scene": "scene-0364"}, {"images": ["samples/CAM_FRONT_LEFT/n015-2018-08-03-15-00-36+0800__CAM_FRONT_LEFT__1533279771904844.jpg", "samples/CAM_FRONT/n015-2018-08-03-15-00-36+0800__CAM_FRONT__1533279771912460.jpg", "samples/CAM_FRONT_RIGHT/n015-2018-08-03-15-00-36+0800__CAM_FRONT_RIGHT__1533279771920339.jpg", "samples/CAM_BACK_LEFT/n015-2018-08-03-15-00-36+0800__CAM_BACK_LEFT__1533279771947423.jpg", "samples/CAM_BACK/n015-2018-08-03-15-00-36+0800__CAM_BACK__1533279771937525.jpg", "samples/CAM_BACK_RIGHT/n015-2018-08-03-15-00-36+0800__CAM_BACK_RIGHT__1533279771927893.jpg"], "intrinsics": [[[1272.5979470598488, 0.0, 826.6154927353808], [0.0, 1272.5979470598488, 479.75165386361925], [0.0, 0.0, 1.0]], [[1266.417203046554, 0.0, 816.2670197447984], [0.0, 1266.417203046554, 491.50706579294757], [0.0, 0.0, 1.0]], [[1260.8474446004698, 0.0, 807.968244525554], [0.0, 1260.8474446004698, 495.3344268742088], [0.0, 0.0, 1.0]], [[1256.7414812095406, 0.0, 792.1125740759628], [0.0, 1256.7414812095406, 492.7757465151356], [0.0, 0.0, 1.0]], [[809.2209905677063, 0.0, 829.2196003259838], [0.0, 809.2209905677063, 481.77842384512485], [0.0, 0.0, 1.0]], [[1259.5137405846733, 0.0, 807.2529053838625], [0.0, 1259.5137405846733, 501.19579884916527], [0.0, 0.0, 1.0]]], "extrinsics": [[[0.8208037614822388, -0.5711799263954163, 0.005889366380870342, -0.715087890625], [-0.0036398321390151978, -0.01554012019187212, -0.9998725652694702, 1.507162094116211], [0.5711987018585205, 0.8206777572631836, -0.0148343900218606, -1.10784912109375], [0.0, 0.0, 0.0, 1.0]], [[0.0057532587088644505, -0.9997943639755249, 0.019443195313215256, 0.00762939453125], [-0.008912984281778336, -0.019494015723466873, -0.9997702836990356, 1.518310546875], [0.9999437928199768, 0.005578659009188414, -0.009023304097354412, -1.4405364990234375], [0.0, 0.0, 0.0, 1.0]], [[-0.8329360485076904, -0.55335533618927, 0.00392151391133666, 0.867584228515625], [-0.003264069091528654, -0.002173508983105421, -0.999992311000824, 1.5029995441436768], [0.5533596277236938, -0.8329424858093262, 4.204394372209208e-06, -1.13836669921875], [0.0, 0.0, 0.0, 1.0]], [[0.9477769136428833, 0.3188929557800293, -0.005134825594723225, -1.1300201416015625], [0.005415704101324081, -0.03218938410282135, -0.9994670748710632, 1.588623046875], [-0.31888827681541443, 0.9472440481185913, -0.03223538398742676, -0.10791015625], [0.0, 0.0, 0.0, 1.0]], [[0.0024278152268379927, 0.9997472167015076, -0.02235153317451477, 0.00262451171875], [-0.019994106143712997, -0.022298602387309074, -0.9995514154434204, 1.5777301788330078], [-0.9997971653938293, 0.002873582299798727, 0.019934915006160736, -0.079864501953125], [0.0, 0.0, 0.0, 1.0]], [[-0.9348094463348389, 0.3548611104488373, -0.014321180991828442, 0.998504638671875], [0.012631526216864586, -0.0070777349174022675, -0.9998951554298401, 1.5533132553100586], [-0.3549252152442932, -0.9348923563957214, 0.0021338954102247953, -0.11529541015625], [0.0, 0.0, 0.0, 1.0]]], "view": [[0.0, -2.0, 100.0], [-2.0, 0.0, 100.0], [0.0, 0.0, 1.0]], "bev": "bev_e1f18fc1cc5040409c4acb85423772bf.png", "aux": "aux_e1f18fc1cc5040409c4acb85423772bf.npz", "visibility": "visibility_e1f18fc1cc5040409c4acb85423772bf.png", "pose": [[0.8371737003326416, 0.5469371676445007, 0.0, 430.4542236328125], [-0.5469371676445007, 0.8371737003326416, 0.0, 934.8345947265625], [0.0, 0.0, 1.0, 0.0], [0.0, 0.0, 0.0, 1.0]], "pose_inverse": [[0.8371737003326416, -0.5469371676445007, 0.0, 150.93081665039062], [0.5469371676445007, 0.8371737003326416, 0.0, -1018.05029296875], [0.0, 0.0, 1.0, 0.0], [0.0, 0.0, 0.0, 1.0]], "cam_ids": [0, 1, 2, 3, 4, 5], "cam_channels": ["CAM_FRONT_LEFT", "CAM_FRONT", "CAM_FRONT_RIGHT", "CAM_BACK_LEFT", "CAM_BACK", "CAM_BACK_RIGHT"], "token": "e1f18fc1cc5040409c4acb85423772bf", "scene": "scene-0364"}, {"images": ["samples/CAM_FRONT_LEFT/n015-2018-08-03-15-00-36+0800__CAM_FRONT_LEFT__1533279772404844.jpg", "samples/CAM_FRONT/n015-2018-08-03-15-00-36+0800__CAM_FRONT__1533279772412460.jpg", "samples/CAM_FRONT_RIGHT/n015-2018-08-03-15-00-36+0800__CAM_FRONT_RIGHT__1533279772420339.jpg", "samples/CAM_BACK_LEFT/n015-2018-08-03-15-00-36+0800__CAM_BACK_LEFT__1533279772447423.jpg", "samples/CAM_BACK/n015-2018-08-03-15-00-36+0800__CAM_BACK__1533279772437525.jpg", "samples/CAM_BACK_RIGHT/n015-2018-08-03-15-00-36+0800__CAM_BACK_RIGHT__1533279772427893.jpg"], "intrinsics": [[[1272.5979470598488, 0.0, 826.6154927353808], [0.0, 1272.5979470598488, 479.75165386361925], [0.0, 0.0, 1.0]], [[1266.417203046554, 0.0, 816.2670197447984], [0.0, 1266.417203046554, 491.50706579294757], [0.0, 0.0, 1.0]], [[1260.8474446004698, 0.0, 807.968244525554], [0.0, 1260.8474446004698, 495.3344268742088], [0.0, 0.0, 1.0]], [[1256.7414812095406, 0.0, 792.1125740759628], [0.0, 1256.7414812095406, 492.7757465151356], [0.0, 0.0, 1.0]], [[809.2209905677063, 0.0, 829.2196003259838], [0.0, 809.2209905677063, 481.77842384512485], [0.0, 0.0, 1.0]], [[1259.5137405846733, 0.0, 807.2529053838625], [0.0, 1259.5137405846733, 501.19579884916527], [0.0, 0.0, 1.0]]], "extrinsics": [[[0.8206665515899658, -0.5714064240455627, 0.0009896671399474144, -0.7288818359375], [-0.005882219411432743, -0.010180037468671799, -0.9999308586120605, 1.5065593719482422], [0.5713769793510437, 0.8206040263175964, -0.011715554632246494, -1.11614990234375], [0.0, 0.0, 0.0, 1.0]], [[0.005587360821664333, -0.9998831748962402, 0.01422774326056242, 0.00653076171875], [-0.01114057656377554, -0.01428932510316372, -0.9998358488082886, 1.5178804397583008], [0.9999223351478577, 0.005427947733551264, -0.011219113133847713, -1.4540557861328125], [0.0, 0.0, 0.0, 1.0]], [[-0.8330132961273193, -0.5532450079917908, 0.0029717914294451475, 0.876129150390625], [-0.005473333410918713, 0.002869662130251527, -0.9999808669090271, 1.5026180744171143], [0.5532258749008179, -0.833013653755188, -0.00541856000199914, -1.1448974609375], [0.0, 0.0, 0.0, 1.0]], [[0.9478150606155396, 0.3187714219093323, -0.005623345263302326, -1.1298370361328125], [0.0033189174719154835, -0.027502181008458138, -0.9996162056922913, 1.5885887145996094], [-0.3188036382198334, 0.9474325776100159, -0.027124952524900436, -0.10748291015625], [0.0, 0.0, 0.0, 1.0]], [[0.0024429510813206434, 0.999842643737793, -0.01757369376718998, 0.00299072265625], [-0.022118575870990753, -0.01751541905105114, -0.9996019601821899, 1.577657699584961], [-0.999752402305603, 0.0028307358734309673, 0.02207230217754841, -0.0749664306640625], [0.0, 0.0, 0.0, 1.0]], [[-0.9347968697547913, 0.3550259470939636, -0.010549189522862434, 1.006378173828125], [0.010457048192620277, -0.002178352326154709, -0.99994295835495, 1.5529019832611084], [-0.35502859950065613, -0.9348539113998413, -0.0016762071754783392, -0.11279296875], [0.0, 0.0, 0.0, 1.0]]], "view": [[0.0, -2.0, 100.0], [-2.0, 0.0, 100.0], [0.0, 0.0, 1.0]], "bev": "bev_a2aba997a9a34c3cbe20c907060e621c.png", "aux": "aux_a2aba997a9a34c3cbe20c907060e621c.npz", "visibility": "visibility_a2aba997a9a34c3cbe20c907060e621c.png", "pose": [[0.8367406725883484, 0.5475993752479553, 0.0, 433.218017578125], [-0.5475993752479553, 0.8367406725883484, 0.0, 933.0180053710938], [0.0, 0.0, 1.0, 0.0], [0.0, 0.0, 0.0, 1.0]], "pose_inverse": [[0.8367406725883484, -0.5475993752479553, 0.0, 148.428955078125], [0.5475993752479553, 0.8367406725883484, 0.0, -1017.9240112304688], [0.0, 0.0, 1.0, 0.0], [0.0, 0.0, 0.0, 1.0]], "cam_ids": [0, 1, 2, 3, 4, 5], "cam_channels": ["CAM_FRONT_LEFT", "CAM_FRONT", "CAM_FRONT_RIGHT", "CAM_BACK_LEFT", "CAM_BACK", "CAM_BACK_RIGHT"], "token": "a2aba997a9a34c3cbe20c907060e621c", "scene": "scene-0364"}, {"images": ["samples/CAM_FRONT_LEFT/n015-2018-08-03-15-00-36+0800__CAM_FRONT_LEFT__1533279772904844.jpg", "samples/CAM_FRONT/n015-2018-08-03-15-00-36+0800__CAM_FRONT__1533279772912460.jpg", "samples/CAM_FRONT_RIGHT/n015-2018-08-03-15-00-36+0800__CAM_FRONT_RIGHT__1533279772920339.jpg", "samples/CAM_BACK_LEFT/n015-2018-08-03-15-00-36+0800__CAM_BACK_LEFT__1533279772947423.jpg", "samples/CAM_BACK/n015-2018-08-03-15-00-36+0800__CAM_BACK__1533279772937525.jpg", "samples/CAM_BACK_RIGHT/n015-2018-08-03-15-00-36+0800__CAM_BACK_RIGHT__1533279772927893.jpg"], "intrinsics": [[[1272.5979470598488, 0.0, 826.6154927353808], [0.0, 1272.5979470598488, 479.75165386361925], [0.0, 0.0, 1.0]], [[1266.417203046554, 0.0, 816.2670197447984], [0.0, 1266.417203046554, 491.50706579294757], [0.0, 0.0, 1.0]], [[1260.8474446004698, 0.0, 807.968244525554], [0.0, 1260.8474446004698, 495.3344268742088], [0.0, 0.0, 1.0]], [[1256.7414812095406, 0.0, 792.1125740759628], [0.0, 1256.7414812095406, 492.7757465151356], [0.0, 0.0, 1.0]], [[809.2209905677063, 0.0, 829.2196003259838], [0.0, 809.2209905677063, 481.77842384512485], [0.0, 0.0, 1.0]], [[1259.5137405846733, 0.0, 807.2529053838625], [0.0, 1259.5137405846733, 501.19579884916527], [0.0, 0.0, 1.0]]], "extrinsics": [[[0.8208186030387878, -0.5711778402328491, -0.0035340902395546436, -0.7310791015625], [-0.009619856253266335, -0.00763743557035923, -0.9999245405197144, 1.5055246353149414], [0.571107804775238, 0.820790708065033, -0.011763600632548332, -1.118896484375], [0.0, 0.0, 0.0, 1.0]], [[0.005858165677636862, -0.9999159574508667, 0.01155951339751482, 0.00732421875], [-0.015015552751719952, -0.011646367609500885, -0.9998194575309753, 1.517007827758789], [0.9998700618743896, 0.005683555733412504, -0.015082517638802528, -1.4568328857421875], [0.0, 0.0, 0.0, 1.0]], [[-0.8329046964645386, -0.5533954501152039, 0.00479919882491231, 0.878509521484375], [-0.009495322592556477, 0.00561947887763381, -0.9999390840530396, 1.5018820762634277], [0.5533347725868225, -0.8328996896743774, -0.009935158304870129, -1.145751953125], [0.0, 0.0, 0.0, 1.0]], [[0.9477556347846985, 0.3188766837120056, -0.008764343336224556, -1.130340576171875], [-0.0009901891462504864, -0.02453375607728958, -0.9996984601020813, 1.5885372161865234], [-0.3189955949783325, 0.9474785923957825, -0.02293625846505165, -0.10748291015625], [0.0, 0.0, 0.0, 1.0]], [[0.0023123144637793303, 0.9998893737792969, -0.014693339355289936, 0.002685546875], [-0.026394521817564964, -0.014627235010266304, -0.999544620513916, 1.5773687362670898], [-0.999648928642273, 0.002699072938412428, 0.026357779279351234, -0.0735931396484375], [0.0, 0.0, 0.0, 1.0]], [[-0.9348735213279724, 0.35493558645248413, -0.005665747448801994, 1.008026123046875], [0.0063048372976481915, 0.0006440323195420206, -0.9999799132347107, 1.5523136854171753], [-0.35492488741874695, -0.9348905086517334, -0.0028399003203958273, -0.11175537109375], [0.0, 0.0, 0.0, 1.0]]], "view": [[0.0, -2.0, 100.0], [-2.0, 0.0, 100.0], [0.0, 0.0, 1.0]], "bev": "bev_6ab8de8e95e0417abb0328ed2d05600d.png", "aux": "aux_6ab8de8e95e0417abb0328ed2d05600d.npz", "visibility": "visibility_6ab8de8e95e0417abb0328ed2d05600d.png", "pose": [[0.8353949189186096, 0.5496501326560974, 0.0, 435.85662841796875], [-0.5496501326560974, 0.8353949189186096, 0.0, 931.27001953125], [0.0, 0.0, 1.0, 0.0], [0.0, 0.0, 0.0, 1.0]], "pose_inverse": [[0.8353949189186096, -0.5496501326560974, 0.0, 147.76028442382812], [0.5496501326560974, 0.8353949189186096, 0.0, -1017.5469360351562], [0.0, 0.0, 1.0, 0.0], [0.0, 0.0, 0.0, 1.0]], "cam_ids": [0, 1, 2, 3, 4, 5], "cam_channels": ["CAM_FRONT_LEFT", "CAM_FRONT", "CAM_FRONT_RIGHT", "CAM_BACK_LEFT", "CAM_BACK", "CAM_BACK_RIGHT"], "token": "6ab8de8e95e0417abb0328ed2d05600d", "scene": "scene-0364"}, {"images": ["samples/CAM_FRONT_LEFT/n015-2018-08-03-15-00-36+0800__CAM_FRONT_LEFT__1533279773504844.jpg", "samples/CAM_FRONT/n015-2018-08-03-15-00-36+0800__CAM_FRONT__1533279773512460.jpg", "samples/CAM_FRONT_RIGHT/n015-2018-08-03-15-00-36+0800__CAM_FRONT_RIGHT__1533279773520339.jpg", "samples/CAM_BACK_LEFT/n015-2018-08-03-15-00-36+0800__CAM_BACK_LEFT__1533279773547426.jpg", "samples/CAM_BACK/n015-2018-08-03-15-00-36+0800__CAM_BACK__1533279773537525.jpg", "samples/CAM_BACK_RIGHT/n015-2018-08-03-15-00-36+0800__CAM_BACK_RIGHT__1533279773528359.jpg"], "intrinsics": [[[1272.5979470598488, 0.0, 826.6154927353808], [0.0, 1272.5979470598488, 479.75165386361925], [0.0, 0.0, 1.0]], [[1266.417203046554, 0.0, 816.2670197447984], [0.0, 1266.417203046554, 491.50706579294757], [0.0, 0.0, 1.0]], [[1260.8474446004698, 0.0, 807.968244525554], [0.0, 1260.8474446004698, 495.3344268742088], [0.0, 0.0, 1.0]], [[1256.7414812095406, 0.0, 792.1125740759628], [0.0, 1256.7414812095406, 492.7757465151356], [0.0, 0.0, 1.0]], [[809.2209905677063, 0.0, 829.2196003259838], [0.0, 809.2209905677063, 481.77842384512485], [0.0, 0.0, 1.0]], [[1259.5137405846733, 0.0, 807.2529053838625], [0.0, 1259.5137405846733, 501.19579884916527], [0.0, 0.0, 1.0]]], "extrinsics": [[[0.8207540512084961, -0.5712783336639404, -0.001978979678824544, -0.72979736328125], [-0.006752516608685255, -0.006237343419343233, -0.9999577403068542, 1.5063276290893555], [0.5712418556213379, 0.8207326531410217, -0.0089768897742033, -1.1180419921875], [0.0, 0.0, 0.0, 1.0]], [[0.005733325146138668, -0.9999315738677979, 0.010190657339990139, 0.00738525390625], [-0.012065556831657887, -0.010259256698191166, -0.9998745918273926, 1.5176830291748047], [0.9999107718467712, 0.005609598942101002, -0.012123551219701767, -1.4552154541015625], [0.0, 0.0, 0.0, 1.0]], [[-0.8329483866691589, -0.5533486008644104, 0.001509734895080328, 0.87689208984375], [-0.006457694340497255, 0.006992446258664131, -0.9999546408653259, 1.5024309158325195], [0.5533128976821899, -0.8329203724861145, -0.009397702291607857, -1.14453125], [0.0, 0.0, 0.0, 1.0]], [[0.9477339386940002, 0.3190159201622009, -0.005394692532718182, -1.127655029296875], [0.002184756565839052, -0.023396240547299385, -0.9997239112854004, 1.5885906219482422], [-0.3190540373325348, 0.9474605917930603, -0.022870386019349098, -0.10858154296875], [0.0, 0.0, 0.0, 1.0]], [[0.002365735825151205, 0.999907910823822, -0.013360289856791496, 0.00262451171875], [-0.02322777919471264, -0.013301774859428406, -0.9996417164802551, 1.577545166015625], [-0.9997273087501526, 0.002675187075510621, 0.023194173350930214, -0.076416015625], [0.0, 0.0, 0.0, 1.0]], [[-0.9348383545875549, 0.354981392621994, -0.008087161928415298, 1.008636474609375], [0.009416523389518261, 0.0020174020901322365, -0.9999536275863647, 1.5527327060699463], [-0.35494861006736755, -0.934871256351471, -0.00522863632068038, -0.111572265625], [0.0, 0.0, 0.0, 1.0]]], "view": [[0.0, -2.0, 100.0], [-2.0, 0.0, 100.0], [0.0, 0.0, 1.0]], "bev": "bev_df3ec966e4dc490195357b7884056b51.png", "aux": "aux_df3ec966e4dc490195357b7884056b51.npz", "visibility": "visibility_df3ec966e4dc490195357b7884056b51.png", "pose": [[0.834457516670227, 0.5510722398757935, 0.0, 439.0106506347656], [-0.5510722398757935, 0.834457516670227, 0.0, 929.158447265625], [0.0, 0.0, 1.0, 0.0], [0.0, 0.0, 0.0, 1.0]], "pose_inverse": [[0.834457516670227, -0.5510722398757935, 0.0, 145.69769287109375], [0.5510722398757935, 0.834457516670227, 0.0, -1017.2698364257812], [0.0, 0.0, 1.0, 0.0], [0.0, 0.0, 0.0, 1.0]], "cam_ids": [0, 1, 2, 3, 4, 5], "cam_channels": ["CAM_FRONT_LEFT", "CAM_FRONT", "CAM_FRONT_RIGHT", "CAM_BACK_LEFT", "CAM_BACK", "CAM_BACK_RIGHT"], "token": "df3ec966e4dc490195357b7884056b51", "scene": "scene-0364"}, {"images": ["samples/CAM_FRONT_LEFT/n015-2018-08-03-15-00-36+0800__CAM_FRONT_LEFT__1533279774004844.jpg", "samples/CAM_FRONT/n015-2018-08-03-15-00-36+0800__CAM_FRONT__1533279774012460.jpg", "samples/CAM_FRONT_RIGHT/n015-2018-08-03-15-00-36+0800__CAM_FRONT_RIGHT__1533279774020339.jpg", "samples/CAM_BACK_LEFT/n015-2018-08-03-15-00-36+0800__CAM_BACK_LEFT__1533279774047423.jpg", "samples/CAM_BACK/n015-2018-08-03-15-00-36+0800__CAM_BACK__1533279774037525.jpg", "samples/CAM_BACK_RIGHT/n015-2018-08-03-15-00-36+0800__CAM_BACK_RIGHT__1533279774028020.jpg"], "intrinsics": [[[1272.5979470598488, 0.0, 826.6154927353808], [0.0, 1272.5979470598488, 479.75165386361925], [0.0, 0.0, 1.0]], [[1266.417203046554, 0.0, 816.2670197447984], [0.0, 1266.417203046554, 491.50706579294757], [0.0, 0.0, 1.0]], [[1260.8474446004698, 0.0, 807.968244525554], [0.0, 1260.8474446004698, 495.3344268742088], [0.0, 0.0, 1.0]], [[1256.7414812095406, 0.0, 792.1125740759628], [0.0, 1256.7414812095406, 492.7757465151356], [0.0, 0.0, 1.0]], [[809.2209905677063, 0.0, 829.2196003259838], [0.0, 809.2209905677063, 481.77842384512485], [0.0, 0.0, 1.0]], [[1259.5137405846733, 0.0, 807.2529053838625], [0.0, 1259.5137405846733, 501.19579884916527], [0.0, 0.0, 1.0]]], "extrinsics": [[[0.8206698894500732, -0.5713996887207031, -0.0018446729518473148, -0.73638916015625], [-0.00740608898922801, -0.0074087935499846935, -0.9999451637268066, 1.5061964988708496], [0.5713546872138977, 0.8206385374069214, -0.01031201146543026, -1.12200927734375], [0.0, 0.0, 0.0, 1.0]], [[0.005610245745629072, -0.9999185800552368, 0.011453280225396156, 0.007080078125], [-0.012448444031178951, -0.011522408574819565, -0.999856173992157, 1.5176687240600586], [0.9999067187309265, 0.005466881673783064, -0.01251207571476698, -1.4615325927734375], [0.0, 0.0, 0.0, 1.0]], [[-0.833007276058197, -0.5532570481300354, 0.002346697496250272, 0.88104248046875], [-0.0065581477247178555, 0.0056327818892896175, -0.999962568283081, 1.5024476051330566], [0.5532231330871582, -0.8329915404319763, -0.008320489898324013, -1.1475830078125], [0.0, 0.0, 0.0, 1.0]], [[0.947783887386322, 0.3188716471195221, -0.00514965457841754, -1.1270751953125], [0.0030299383215606213, -0.025150340050458908, -0.9996790885925293, 1.5886039733886719], [-0.3188987970352173, 0.9474641680717468, -0.02480325102