[{"images": ["samples/CAM_FRONT_LEFT/n015-2018-10-08-15-36-50+0800__CAM_FRONT_LEFT__1538984560504844.jpg", "samples/CAM_FRONT/n015-2018-10-08-15-36-50+0800__CAM_FRONT__1538984560512460.jpg", "samples/CAM_FRONT_RIGHT/n015-2018-10-08-15-36-50+0800__CAM_FRONT_RIGHT__1538984560520339.jpg", "samples/CAM_BACK_LEFT/n015-2018-10-08-15-36-50+0800__CAM_BACK_LEFT__1538984560547423.jpg", "samples/CAM_BACK/n015-2018-10-08-15-36-50+0800__CAM_BACK__1538984560537525.jpg", "samples/CAM_BACK_RIGHT/n015-2018-10-08-15-36-50+0800__CAM_BACK_RIGHT__1538984560527901.jpg"], "intrinsics": [[[1272.5979470598488, 0.0, 826.6154927353808], [0.0, 1272.5979470598488, 479.75165386361925], [0.0, 0.0, 1.0]], [[1266.417203046554, 0.0, 816.2670197447984], [0.0, 1266.417203046554, 491.50706579294757], [0.0, 0.0, 1.0]], [[1260.8474446004698, 0.0, 807.968244525554], [0.0, 1260.8474446004698, 495.3344268742088], [0.0, 0.0, 1.0]], [[1256.7414812095406, 0.0, 792.1125740759628], [0.0, 1256.7414812095406, 492.7757465151356], [0.0, 0.0, 1.0]], [[809.2209905677063, 0.0, 829.2196003259838], [0.0, 809.2209905677063, 481.77842384512485], [0.0, 0.0, 1.0]], [[1259.5137405846733, 0.0, 807.2529053838625], [0.0, 1259.5137405846733, 501.19579884916527], [0.0, 0.0, 1.0]]], "extrinsics": [[[0.8209306001663208, -0.570654034614563, -0.02066514454782009, -0.625396728515625], [0.0024193378631025553, 0.039664894342422485, -0.9992100596427917, 1.5089950561523438], [0.5710228681564331, 0.8202321529388428, 0.033942729234695435, -1.0513916015625], [0.0, 0.0, 0.0, 1.0]], [[0.00582553306594491, -0.9993482828140259, -0.03562331572175026, 0.011962890625], [-0.0029577219393104315, 0.035606544464826584, -0.9993615746498108, 1.5193672180175781], [0.9999786615371704, 0.0059271580539643764, -0.002748366678133607, -1.35589599609375], [0.0, 0.0, 0.0, 1.0]], [[-0.8328859806060791, -0.5525547862052917, -0.031369827687740326, 0.81689453125], [0.0025805600453168154, 0.05280317738652229, -0.9986016154289246, 1.5041275024414062], [0.5534384846687317, -0.831802248954773, -0.0425531305372715, -1.10107421875], [0.0, 0.0, 0.0, 1.0]], [[0.9478498101234436, 0.3182268440723419, 0.017676038667559624, -1.1405029296875], [0.011114244349300861, 0.022423841059207916, -0.9996867775917053, 1.5885696411132812], [-0.3185235857963562, 0.9477493762969971, 0.01771758310496807, -0.1041259765625], [0.0, 0.0, 0.0, 1.0]], [[0.0026106215082108974, 0.999470591545105, 0.03243081644177437, 0.001953125], [-0.014289883896708488, 0.032464902848005295, -0.9993706941604614, 1.5779342651367188], [-0.9998944401741028, 0.0021455760579556227, 0.014367072843015194, -0.0946044921875], [0.0, 0.0, 0.0, 1.0]], [[-0.9347245693206787, 0.3553730845451355, -0.00020556885283440351, 0.9588813781738281], [0.018386784940958023, 0.04778437688946724, -0.9986884593963623, 1.5547866821289062], [-0.3548971712589264, -0.9335023760795593, -0.051199402660131454, -0.1280517578125], [0.0, 0.0, 0.0, 1.0]]], "view": [[0.0, -2.0, 100.0], [-2.0, 0.0, 100.0], [0.0, 0.0, 1.0]], "bev": "bev_73c335a2a207457ea36cc855b2417bd9.png", "aux": "aux_73c335a2a207457ea36cc855b2417bd9.npz", "visibility": "visibility_73c335a2a207457ea36cc855b2417bd9.png", "pose": [[0.7602403163909912, 0.6496419310569763, 0.0, 1722.1014404296875], [-0.6496419310569763, 0.7602403163909912, 0.0, 961.9368896484375], [0.0, 0.0, 1.0, 0.0], [0.0, 0.0, 0.0, 1.0]], "pose_inverse": [[0.7602403163909912, -0.6496419310569763, 0.0, -684.29638671875], [0.6496419310569763, 0.7602403163909912, 0.0, -1850.052490234375], [0.0, 0.0, 1.0, 0.0], [0.0, 0.0, 0.0, 1.0]], "cam_ids": [0, 1, 2, 3, 4, 5], "cam_channels": ["CAM_FRONT_LEFT", "CAM_FRONT", "CAM_FRONT_RIGHT", "CAM_BACK_LEFT", "CAM_BACK", "CAM_BACK_RIGHT"], "token": "73c335a2a207457ea36cc855b2417bd9", "scene": "scene-0922"}, {"images": ["samples/CAM_FRONT_LEFT/n015-2018-10-08-15-36-50+0800__CAM_FRONT_LEFT__1538984561004844.jpg", "samples/CAM_FRONT/n015-2018-10-08-15-36-50+0800__CAM_FRONT__1538984561012460.jpg", "samples/CAM_FRONT_RIGHT/n015-2018-10-08-15-36-50+0800__CAM_FRONT_RIGHT__1538984561020339.jpg", "samples/CAM_BACK_LEFT/n015-2018-10-08-15-36-50+0800__CAM_BACK_LEFT__1538984561047423.jpg", "samples/CAM_BACK/n015-2018-10-08-15-36-50+0800__CAM_BACK__1538984561037525.jpg", "samples/CAM_BACK_RIGHT/n015-2018-10-08-15-36-50+0800__CAM_BACK_RIGHT__1538984561027893.jpg"], "intrinsics": [[[1272.5979470598488, 0.0, 826.6154927353808], [0.0, 1272.5979470598488, 479.75165386361925], [0.0, 0.0, 1.0]], [[1266.417203046554, 0.0, 816.2670197447984], [0.0, 1266.417203046554, 491.50706579294757], [0.0, 0.0, 1.0]], [[1260.8474446004698, 0.0, 807.968244525554], [0.0, 1260.8474446004698, 495.3344268742088], [0.0, 0.0, 1.0]], [[1256.7414812095406, 0.0, 792.1125740759628], [0.0, 1256.7414812095406, 492.7757465151356], [0.0, 0.0, 1.0]], [[809.2209905677063, 0.0, 829.2196003259838], [0.0, 809.2209905677063, 481.77842384512485], [0.0, 0.0, 1.0]], [[1259.5137405846733, 0.0, 807.2529053838625], [0.0, 1259.5137405846733, 501.19579884916527], [0.0, 0.0, 1.0]]], "extrinsics": [[[0.8208879232406616, -0.5704911351203918, -0.026131972670555115, -0.627288818359375], [-0.008939956314861774, 0.032915618270635605, -0.9994181990623474, 1.5044708251953125], [0.5710194110870361, 0.820643961429596, 0.021919867023825645, -1.0499267578125], [0.0, 0.0, 0.0, 1.0]], [[0.005874252412468195, -0.9995700120925903, -0.028728477656841278, 0.010009765625], [-0.014552942477166653, 0.02864047884941101, -0.9994838833808899, 1.5155487060546875], [0.9998769164085388, 0.006289342883974314, -0.014378443360328674, -1.35589599609375], [0.0, 0.0, 0.0, 1.0]], [[-0.8329393863677979, -0.5530862212181091, -0.017541388049721718, 0.8154296875], [-0.00925754476338625, 0.0456228032708168, -0.9989157915115356, 1.5011138916015625], [0.5532868504524231, -0.8318738341331482, -0.04312124475836754, -1.1016845703125], [0.0, 0.0, 0.0, 1.0]], [[0.9477598667144775, 0.318969190120697, 0.0031645859126001596, -1.1383056640625], [-0.0015186724485829473, 0.014432711526751518, -0.9998946785926819, 1.5885334014892578], [-0.31898126006126404, 0.947655200958252, 0.014163153246045113, -0.1063232421875], [0.0, 0.0, 0.0, 1.0]], [[0.0024692027363926172, 0.9996917843818665, 0.02470509707927704, 0.0018310546875], [-0.026625825092196465, 0.02476213499903679, -0.9993387460708618, 1.5766925811767578], [-0.9996424317359924, 0.0018097128486260772, 0.02667875960469246, -0.0970458984375], [0.0, 0.0, 0.0, 1.0]], [[-0.9348245859146118, 0.3550097942352295, 0.00842752493917942, 0.9578018188476562], [0.006331821903586388, 0.0403921864926815, -0.999163806438446, 1.5525894165039062], [-0.35505327582359314, -0.9339896440505981, -0.040007468312978745, -0.1295166015625], [0.0, 0.0, 0.0, 1.0]]], "view": [[0.0, -2.0, 100.0], [-2.0, 0.0, 100.0], [0.0, 0.0, 1.0]], "bev": "bev_9d67cdab13e84fd1856e3c998dee2ece.png", "aux": "aux_9d67cdab13e84fd1856e3c998dee2ece.npz", "visibility": "visibility_9d67cdab13e84fd1856e3c998dee2ece.png", "pose": [[0.7561257481575012, 0.6544263958930969, 0.0, 1725.66162109375], [-0.6544263958930969, 0.7561257481575012, 0.0, 958.81884765625], [0.0, 0.0, 1.0, 0.0], [0.0, 0.0, 0.0, 1.0]], "pose_inverse": [[0.7561257481575012, -0.6544263958930969, 0.0, -677.3408203125], [0.6544263958930969, 0.7561257481575012, 0.0, -1854.3060302734375], [0.0, 0.0, 1.0, 0.0], [0.0, 0.0, 0.0, 1.0]], "cam_ids": [0, 1, 2, 3, 4, 5], "cam_channels": ["CAM_FRONT_LEFT", "CAM_FRONT", "CAM_FRONT_RIGHT", "CAM_BACK_LEFT", "CAM_BACK", "CAM_BACK_RIGHT"], "token": "9d67cdab13e84fd1856e3c998dee2ece", "scene": "scene-0922"}, {"images": ["samples/CAM_FRONT_LEFT/n015-2018-10-08-15-36-50+0800__CAM_FRONT_LEFT__1538984561504844.jpg", "samples/CAM_FRONT/n015-2018-10-08-15-36-50+0800__CAM_FRONT__1538984561512460.jpg", "samples/CAM_FRONT_RIGHT/n015-2018-10-08-15-36-50+0800__CAM_FRONT_RIGHT__1538984561520339.jpg", "samples/CAM_BACK_LEFT/n015-2018-10-08-15-36-50+0800__CAM_BACK_LEFT__1538984561547423.jpg", "samples/CAM_BACK/n015-2018-10-08-15-36-50+0800__CAM_BACK__1538984561537525.jpg", "samples/CAM_BACK_RIGHT/n015-2018-10-08-15-36-50+0800__CAM_BACK_RIGHT__1538984561527893.jpg"], "intrinsics": [[[1272.5979470598488, 0.0, 826.6154927353808], [0.0, 1272.5979470598488, 479.75165386361925], [0.0, 0.0, 1.0]], [[1266.417203046554, 0.0, 816.2670197447984], [0.0, 1266.417203046554, 491.50706579294757], [0.0, 0.0, 1.0]], [[1260.8474446004698, 0.0, 807.968244525554], [0.0, 1260.8474446004698, 495.3344268742088], [0.0, 0.0, 1.0]], [[1256.7414812095406, 0.0, 792.1125740759628], [0.0, 1256.7414812095406, 492.7757465151356], [0.0, 0.0, 1.0]], [[809.2209905677063, 0.0, 829.2196003259838], [0.0, 809.2209905677063, 481.77842384512485], [0.0, 0.0, 1.0]], [[1259.5137405846733, 0.0, 807.2529053838625], [0.0, 1259.5137405846733, 501.19579884916527], [0.0, 0.0, 1.0]]], "extrinsics": [[[0.8207878470420837, -0.5707286596298218, -0.02400258369743824, -0.63287353515625], [-0.023291392251849174, 0.008546797558665276, -0.9996922016143799, 1.4988313913345337], [0.5707581639289856, 0.8210942149162292, -0.006277957931160927, -1.0504150390625], [0.0, 0.0, 0.0, 1.0]], [[0.006278566550463438, -0.9999706149101257, -0.004401900339871645, 0.0081787109375], [-0.029157839715480804, 0.00421704538166523, -0.9995659589767456, 1.510854721069336], [0.9995550513267517, 0.006404147017747164, -0.02913050539791584, -1.36077880859375], [0.0, 0.0, 0.0, 1.0]], [[-0.8326328992843628, -0.553761899471283, 0.008379819802939892, 0.8189697265625], [-0.024132579565048218, 0.02116086706519127, -0.9994847774505615, 1.4974250793457031], [0.5532991886138916, -0.8324061036109924, -0.030982935801148415, -1.10546875], [0.0, 0.0, 0.0, 1.0]], [[0.9475118517875671, 0.3191114366054535, -0.019723454490303993, -1.14306640625], [-0.017362361773848534, -0.010242193005979061, -0.9997967481613159, 1.5885753631591797], [-0.31924864649772644, 0.9476618766784668, -0.004164071753621101, -0.103515625], [0.0, 0.0, 0.0, 1.0]], [[0.002075504744425416, 0.9999978542327881, 7.503092638216913e-05, 0.00244140625], [-0.04211466759443283, 0.00016237427189480513, -0.9991127848625183, 1.5754375457763672], [-0.9991106986999512, 0.002070557326078415, 0.04211491346359253, -0.0911865234375], [0.0, 0.0, 0.0, 1.0]], [[-0.934895396232605, 0.3546525537967682, 0.013861183077096939, 0.9629535675048828], [-0.008796874433755875, 0.015888050198554993, -0.9998350739479065, 1.549814224243164], [-0.3548143804073334, -0.9348631501197815, -0.011733829975128174, -0.12841796875], [0.0, 0.0, 0.0, 1.0]]], "view": [[0.0, -2.0, 100.0], [-2.0, 0.0, 100.0], [0.0, 0.0, 1.0]], "bev": "bev_2452249a6b6b4befbb05c4a9e15af974.png", "aux": "aux_2452249a6b6b4befbb05c4a9e15af974.npz", "visibility": "visibility_2452249a6b6b4befbb05c4a9e15af974.png", "pose": [[0.7535110116004944, 0.6574352979660034, 0.0, 1729.223388671875], [-0.6574352979660034, 0.7535110116004944, 0.0, 955.6912231445312], [0.0, 0.0, 1.0, 0.0], [0.0, 0.0, 0.0, 1.0]], "pose_inverse": [[0.7535110116004944, -0.6574352979660034, 0.0, -674.6837158203125], [0.6574352979660034, 0.7535110116004944, 0.0, -1856.976318359375], [0.0, 0.0, 1.0, 0.0], [0.0, 0.0, 0.0, 1.0]], "cam_ids": [0, 1, 2, 3, 4, 5], "cam_channels": ["CAM_FRONT_LEFT", "CAM_FRONT", "CAM_FRONT_RIGHT", "CAM_BACK_LEFT", "CAM_BACK", "CAM_BACK_RIGHT"], "token": "2452249a6b6b4befbb05c4a9e15af974", "scene": "scene-0922"}, {"images": ["samples/CAM_FRONT_LEFT/n015-2018-10-08-15-36-50+0800__CAM_FRONT_LEFT__1538984562004844.jpg", "samples/CAM_FRONT/n015-2018-10-08-15-36-50+0800__CAM_FRONT__1538984562012460.jpg", "samples/CAM_FRONT_RIGHT/n015-2018-10-08-15-36-50+0800__CAM_FRONT_RIGHT__1538984562020339.jpg", "samples/CAM_BACK_LEFT/n015-2018-10-08-15-36-50+0800__CAM_BACK_LEFT__1538984562047428.jpg", "samples/CAM_BACK/n015-2018-10-08-15-36-50+0800__CAM_BACK__1538984562037525.jpg", "samples/CAM_BACK_RIGHT/n015-2018-10-08-15-36-50+0800__CAM_BACK_RIGHT__1538984562027893.jpg"], "intrinsics": [[[1272.5979470598488, 0.0, 826.6154927353808], [0.0, 1272.5979470598488, 479.75165386361925], [0.0, 0.0, 1.0]], [[1266.417203046554, 0.0, 816.2670197447984], [0.0, 1266.417203046554, 491.50706579294757], [0.0, 0.0, 1.0]], [[1260.8474446004698, 0.0, 807.968244525554], [0.0, 1260.8474446004698, 495.3344268742088], [0.0, 0.0, 1.0]], [[1256.7414812095406, 0.0, 792.1125740759628], [0.0, 1256.7414812095406, 492.7757465151356], [0.0, 0.0, 1.0]], [[809.2209905677063, 0.0, 829.2196003259838], [0.0, 809.2209905677063, 481.77842384512485], [0.0, 0.0, 1.0]], [[1259.5137405846733, 0.0, 807.2529053838625], [0.0, 1259.5137405846733, 501.19579884916527], [0.0, 0.0, 1.0]]], "extrinsics": [[[0.8207034468650818, -0.5713516473770142, -0.0017439292278140783, -0.631927490234375], [-0.007655228953808546, -0.007944055832922459, -0.9999391436576843, 1.5051803588867188], [0.5713030099868774, 0.8206668496131897, -0.010893542319536209, -1.0521240234375], [0.0, 0.0, 0.0, 1.0]], [[0.005649629980325699, -0.9999133944511414, 0.01187925785779953, 0.009521484375], [-0.012362832203507423, -0.01194838061928749, -0.9998522400856018, 1.516469955444336], [0.9999075531959534, 0.005501848179847002, -0.01242926623672247, -1.361572265625], [0.0, 0.0, 0.0, 1.0]], [[-0.832989513874054, -0.5532844662666321, 0.002160141710191965, 0.819580078125], [-0.0061268736608326435, 0.005320139694958925, -0.9999670386314392, 1.5020599365234375], [0.5532547831535339, -0.8329753279685974, -0.007821524515748024, -1.1048583984375], [0.0, 0.0, 0.0, 1.0]], [[0.9477601051330566, 0.318962961435318, -0.0036612791009247303, -1.1390380859375], [0.004435387905687094, -0.024654319509863853, -0.9996861815452576, 1.5885696411132812], [-0.3189530670642853, 0.9474464654922485, -0.024781106039881706, -0.1048583984375], [0.0, 0.0, 0.0, 1.0]], [[0.002412451896816492, 0.9998865723609924, -0.014868860132992268, 0.0023193359375], [-0.02158462442457676, -0.014813372865319252, -0.9996572732925415, 1.5772933959960938], [-0.9997641444206238, 0.00273257028311491, 0.021546438336372375, -0.09405517578125], [0.0, 0.0, 0.0, 1.0]], [[-0.9348109364509583, 0.35501739382743835, -0.009547803550958633, 0.96185302734375], [0.010354256257414818, 0.000371755741070956, -0.9999462962150574, 1.5533761978149414], [-0.3549948036670685, -0.9348596334457397, -0.004023462533950806, -0.128173828125], [0.0, 0.0, 0.0, 1.0]]], "view": [[0.0, -2.0, 100.0], [-2.0, 0.0, 100.0], [0.0, 0.0, 1.0]], "bev": "bev_5986a2bd42ec4cd4bacd1ff986a36882.png", "aux": "aux_5986a2bd42ec4cd4bacd1ff986a36882.npz", "visibility": "visibility_5986a2bd42ec4cd4bacd1ff986a36882.png", "pose": [[0.7540002465248108, 0.6568741202354431, 0.0, 1732.8240966796875], [-0.6568741202354431, 0.7540002465248108, 0.0, 952.5404663085938], [0.0, 0.0, 1.0, 0.0], [0.0, 0.0, 0.0, 1.0]], "pose_inverse": [[0.7540002465248108, -0.6568741202354431, 0.0, -680.8505859375], [0.6568741202354431, 0.7540002465248108, 0.0, -1856.463134765625], [0.0, 0.0, 1.0, 0.0], [0.0, 0.0, 0.0, 1.0]], "cam_ids": [0, 1, 2, 3, 4, 5], "cam_channels": ["CAM_FRONT_LEFT", "CAM_FRONT", "CAM_FRONT_RIGHT", "CAM_BACK_LEFT", "CAM_BACK", "CAM_BACK_RIGHT"], "token": "5986a2bd42ec4cd4bacd1ff986a36882", "scene": "scene-0922"}, {"images": ["samples/CAM_FRONT_LEFT/n015-2018-10-08-15-36-50+0800__CAM_FRONT_LEFT__1538984562504844.jpg", "samples/CAM_FRONT/n015-2018-10-08-15-36-50+0800__CAM_FRONT__1538984562512460.jpg", "samples/CAM_FRONT_RIGHT/n015-2018-10-08-15-36-50+0800__CAM_FRONT_RIGHT__1538984562520339.jpg", "samples/CAM_BACK_LEFT/n015-2018-10-08-15-36-50+0800__CAM_BACK_LEFT__1538984562547423.jpg", "samples/CAM_BACK/n015-2018-10-08-15-36-50+0800__CAM_BACK__1538984562537525.jpg", "samples/CAM_BACK_RIGHT/n015-2018-10-08-15-36-50+0800__CAM_BACK_RIGHT__1538984562527893.jpg"], "intrinsics": [[[1272.5979470598488, 0.0, 826.6154927353808], [0.0, 1272.5979470598488, 479.75165386361925], [0.0, 0.0, 1.0]], [[1266.417203046554, 0.0, 816.2670197447984], [0.0, 1266.417203046554, 491.50706579294757], [0.0, 0.0, 1.0]], [[1260.8474446004698, 0.0, 807.968244525554], [0.0, 1260.8474446004698, 495.3344268742088], [0.0, 0.0, 1.0]], [[1256.7414812095406, 0.0, 792.1125740759628], [0.0, 1256.7414812095406, 492.7757465151356], [0.0, 0.0, 1.0]], [[809.2209905677063, 0.0, 829.2196003259838], [0.0, 809.2209905677063, 481.77842384512485], [0.0, 0.0, 1.0]], [[1259.5137405846733, 0.0, 807.2529053838625], [0.0, 1259.5137405846733, 501.19579884916527], [0.0, 0.0, 1.0]]], "extrinsics": [[[0.820590078830719, -0.5715168714523315, -0.0007169332820922136, -0.6356201171875], [-0.003991884645074606, -0.004477174021303654, -0.9999819993972778, 1.5066795349121094], [0.5715033411979675, 0.8205781579017639, -0.005955353379249573, -1.05615234375], [0.0, 0.0, 0.0, 1.0]], [[0.005544994957745075, -0.9999477863311768, 0.008582049049437046, 0.01025390625], [-0.009089711122214794, -0.008632227778434753, -0.999921441078186, 1.5175933837890625], [0.9999432563781738, 0.005466550122946501, -0.009137103334069252, -1.36541748046875], [0.0, 0.0, 0.0, 1.0]], [[-0.8330063223838806, -0.5532597303390503, -0.001979377819225192, 0.82275390625], [-0.0032564529683440924, 0.008480541408061981, -0.9999586939811707, 1.5027952194213867], [0.5532537698745728, -0.8329656720161438, -0.00886600837111473, -1.1060791015625], [0.0, 0.0, 0.0, 1.0]], [[0.9477508664131165, 0.3190080225467682, -0.0014849056024104357, -1.1407470703125], [0.006012013182044029, -0.022514771670103073, -0.9997284412384033, 1.58856201171875], [-0.31895482540130615, 0.94748455286026, -0.023256272077560425, -0.1046142578125], [0.0, 0.0, 0.0, 1.0]], [[0.002435124246403575, 0.9999218583106995, -0.012264495715498924, 0.001953125], [-0.019590934738516808, -0.012214475311338902, -0.9997334480285645, 1.5775337219238281], [-0.9998050928115845, 0.0026747628580778837, 0.01955965906381607, -0.091796875], [0.0, 0.0, 0.0, 1.0]], [[-0.9347794055938721, 0.35506471991539, -0.010792415589094162, 0.9640493392944336], [0.01281766127794981, 0.0033521102741360664, -0.9999122023582458, 1.553792953491211], [-0.3549973964691162, -0.9348357319831848, -0.007684583310037851, -0.1265869140625], [0.0, 0.0, 0.0, 1.0]]], "view": [[0.0, -2.0, 100.0], [-2.0, 0.0, 100.0], [0.0, 0.0, 1.0]], "bev": "bev_54d0e0386745460bb8400db7afc17fe0.png", "aux": "aux_54d0e0386745460bb8400db7afc17fe0.npz", "visibility": "visibility_54d0e0386745460bb8400db7afc17fe0.png", "pose": [[0.7579916715621948, 0.6522642374038696, 0.0, 1736.3167724609375], [-0.6522642374038696, 0.7579916715621948, 0.0, 949.4747314453125], [0.0, 0.0, 1.0, 0.0], [0.0, 0.0, 0.0, 1.0]], "pose_inverse": [[0.7579916715621948, -0.6522642374038696, 0.0, -696.80517578125], [0.6522642374038696, 0.7579916715621948, 0.0, -1852.2313232421875], [0.0, 0.0, 1.0, 0.0], [0.0, 0.0, 0.0, 1.0]], "cam_ids": [0, 1, 2, 3, 4, 5], "cam_channels": ["CAM_FRONT_LEFT", "CAM_FRONT", "CAM_FRONT_RIGHT", "CAM_BACK_LEFT", "CAM_BACK", "CAM_BACK_RIGHT"], "token": "54d0e0386745460bb8400db7afc17fe0", "scene": "scene-0922"}, {"images": ["samples/CAM_FRONT_LEFT/n015-2018-10-08-15-36-50+0800__CAM_FRONT_LEFT__1538984563004844.jpg", "samples/CAM_FRONT/n015-2018-10-08-15-36-50+0800__CAM_FRONT__1538984563012460.jpg", "samples/CAM_FRONT_RIGHT/n015-2018-10-08-15-36-50+0800__CAM_FRONT_RIGHT__1538984563020339.jpg", "samples/CAM_BACK_LEFT/n015-2018-10-08-15-36-50+0800__CAM_BACK_LEFT__1538984563047423.jpg", "samples/CAM_BACK/n015-2018-10-08-15-36-50+0800__CAM_BACK__1538984563037525.jpg", "samples/CAM_BACK_RIGHT/n015-2018-10-08-15-36-50+0800__CAM_BACK_RIGHT__1538984563027893.jpg"], "intrinsics": [[[1272.5979470598488, 0.0, 826.6154927353808], [0.0, 1272.5979470598488, 479.75165386361925], [0.0, 0.0, 1.0]], [[1266.417203046554, 0.0, 816.2670197447984], [0.0, 1266.417203046554, 491.50706579294757], [0.0, 0.0, 1.0]], [[1260.8474446004698, 0.0, 807.968244525554], [0.0, 1260.8474446004698, 495.3344268742088], [0.0, 0.0, 1.0]], [[1256.7414812095406, 0.0, 792.1125740759628], [0.0, 1256.7414812095406, 492.7757465151356], [0.0, 0.0, 1.0]], [[809.2209905677063, 0.0, 829.2196003259838], [0.0, 809.2209905677063, 481.77842384512485], [0.0, 0.0, 1.0]], [[1259.5137405846733, 0.0, 807.2529053838625], [0.0, 1259.5137405846733, 501.19579884916527], [0.0, 0.0, 1.0]]], "extrinsics": [[[0.8207518458366394, -0.5712843537330627, 0.0007207809248939157, -0.63519287109375], [-0.004219229333102703, -0.007323314435780048, -0.9999642372131348, 1.5066108703613281], [0.5712692141532898, 0.8207194209098816, -0.008421003818511963, -1.0579833984375], [0.0, 0.0, 0.0, 1.0]], [[0.005822322331368923, -0.9999192953109741, 0.011293211951851845, 0.0120849609375], [-0.009296865202486515, -0.01134704239666462, -0.9998924136161804, 1.5175628662109375], [0.9999397397041321, 0.0057167354971170425, -0.009362181648612022, -1.3660888671875], [0.0, 0.0, 0.0, 1.0]], [[-0.8328815698623657, -0.553450882434845, -0.0003956033615395427, 0.8250732421875], [-0.003448542905971408, 0.00590444914996624, -0.9999765753746033, 1.5027494430541992], [0.553440272808075, -0.8328607678413391, -0.006826306693255901, -1.105712890625], [0.0, 0.0, 0.0, 1.0]], [[0.947752058506012, 0.31900209188461304, -0.0019116229377686977, -1.1468505859375], [0.006138419732451439, -0.024227816611528397, -0.9996875524520874, 1.5885200500488281], [-0.3189488351345062, 0.9474442601203918, -0.024920132011175156, -0.1021728515625], [0.0, 0.0, 0.0, 1.0]], [[0.002356460317969322, 0.999894380569458, -0.01434262003749609, 0.00146484375], [-0.019637804478406906, -0.01429362315684557, -0.9997050166130066, 1.5776329040527344], [-0.9998043775558472, 0.002637348137795925, 0.01960204727947712, -0.0870361328125], [0.0, 0.0, 0.0, 1.0]], [[-0.9348381161689758, 0.3548876643180847, -0.011511562392115593, 0.9666757583618164], [0.012674486264586449, 0.0009522963664494455, -0.9999192357063293, 1.553731918334961], [-0.35484805703163147, -0.9349084496498108, -0.005388261750340462, -0.1246337890625], [0.0, 0.0, 0.0, 1.0]]], "view": [[0.0, -2.0, 100.0], [-2.0, 0.0, 100.0], [0.0, 0.0, 1.0]], "bev": "bev_2fb8e56b3c6947729e8f85818f7f78e9.png", "aux": "aux_2fb8e56b3c6947729e8f85818f7f78e9.npz", "visibility": "visibility_2fb8e56b3c6947729e8f85818f7f78e9.png", "pose": [[0.7629894614219666, 0.6464108824729919, 0.0, 1739.8448486328125], [-0.6464108824729919, 0.7629894614219666, 0.0, 946.4259643554688], [0.0, 0.0, 1.0, 0.0], [0.0, 0.0, 0.0, 1.0]], "pose_inverse": [[0.7629894614219666, -0.6464108824729919, 0.0, -715.7032470703125], [0.6464108824729919, 0.7629894614219666, 0.0, -1846.7677001953125], [0.0, 0.0, 1.0, 0.0], [0.0, 0.0, 0.0, 1.0]], "cam_ids": [0, 1, 2, 3, 4, 5], "cam_channels": ["CAM_FRONT_LEFT", "CAM_FRONT", "CAM_FRONT_RIGHT", "CAM_BACK_LEFT", "CAM_BACK", "CAM_BACK_RIGHT"], "token": "2fb8e56b3c6947729e8f85818f7f78e9", "scene": "scene-0922"}, {"images": ["samples/CAM_FRONT_LEFT/n015-2018-10-08-15-36-50+0800__CAM_FRONT_LEFT__1538984563504844.jpg", "samples/CAM_FRONT/n015-2018-10-08-15-36-50+0800__CAM_FRONT__1538984563512460.jpg", "samples/CAM_FRONT_RIGHT/n015-2018-10-08-15-36-50+0800__CAM_FRONT_RIGHT__1538984563520339.jpg", "samples/CAM_BACK_LEFT/n015-2018-10-08-15-36-50+0800__CAM_BACK_LEFT__1538984563547436.jpg", "samples/CAM_BACK/n015-2018-10-08-15-36-50+0800__CAM_BACK__1538984563537525.jpg", "samples/CAM_BACK_RIGHT/n015-2018-10-08-15-36-50+0800__CAM_BACK_RIGHT__1538984563527893.jpg"], "intrinsics": [[[1272.5979470598488, 0.0, 826.6154927353808], [0.0, 1272.5979470598488, 479.75165386361925], [0.0, 0.0, 1.0]], [[1266.417203046554, 0.0, 816.2670197447984], [0.0, 1266.417203046554, 491.50706579294757], [0.0, 0.0, 1.0]], [[1260.8474446004698, 0.0, 807.968244525554], [0.0, 1260.8474446004698, 495.3344268742088], [0.0, 0.0, 1.0]], [[1256.7414812095406, 0.0, 792.1125740759628], [0.0, 1256.7414812095406, 492.7757465151356], [0.0, 0.0, 1.0]], [[809.2209905677063, 0.0, 829.2196003259838], [0.0, 809.2209905677063, 481.77842384512485], [0.0, 0.0, 1.0]], [[1259.5137405846733, 0.0, 807.2529053838625], [0.0, 1259.5137405846733, 501.19579884916527], [0.0, 0.0, 1.0]]], "extrinsics": [[[0.820324718952179, -0.5718469023704529, 0.007634385488927364, -0.649749755859375], [0.005862672813236713, -0.004939897917211056, -0.9999706149101257, 1.510500431060791], [0.5718678832054138, 0.8203454613685608, -0.0006997687742114067, -1.0601806640625], [0.0, 0.0, 0.0, 1.0]], [[0.005068364553153515, -0.9999455809593201, 0.009115134365856647, 0.00634765625], [0.0003967041557189077, -0.00911324005573988, -0.9999584555625916, 1.5206546783447266], [0.9999871253967285, 0.005071759689599276, 0.00035049274447374046, -1.37677001953125], [0.0, 0.0, 0.0, 1.0]], [[-0.8331272006034851, -0.5530034303665161, -0.009290932677686214, 0.82861328125], [0.005857277195900679, 0.007975758984684944, -0.9999510049819946, 1.5050773620605469], [0.5530504584312439, -0.8331407904624939, -0.003405726980417967, -1.113525390625], [0.0, 0.0, 0.0, 1.0]], [[0.9477309584617615, 0.31901815533638, 0.005781103856861591, -1.13916015625], [0.013746494427323341, -0.022722577676177025, -0.9996472597122192, 1.5885639190673828], [-0.3187742829322815, 0.9474762678146362, -0.02592027187347412, -0.1033935546875], [0.0, 0.0, 0.0, 1.0]], [[0.002631747629493475, 0.9999172687530518, -0.012596777640283108, 0.00341796875], [-0.011369978077709675, -0.012566085904836655, -0.9998564124107361, 1.5783309936523438], [-0.9999319314956665, 0.002774619497358799, 0.011335963383316994, -0.0880126953125], [0.0, 0.0, 0.0, 1.0]], [[-0.9345734715461731, 0.35525575280189514, -0.019128134474158287, 0.9716720581054688], [0.02155102975666523, 0.0028638658113777637, -0.9997636675834656, 1.5552482604980469], [-0.35511699318885803, -0.9347648024559021, -0.010332620702683926, -0.1263427734375], [0.0, 0.0, 0.0, 1.0]]], "view": [[0.0, -2.0, 100.0], [-2.0, 0.0, 100.0], [0.0, 0.0, 1.0]], "bev": "bev_1102a6f0591d4af0bc6fd1a9bc873945.png", "aux": "aux_1102a6f0591d4af0bc6fd1a9bc873945.npz", "visibility": "visibility_1102a6f0591d4af0bc6fd1a9bc873945.png", "pose": [[0.7686944603919983, 0.6396161913871765, 0.0, 1743.3717041015625], [-0.6396161913871765, 0.7686944603919983, 0.0, 943.4279174804688], [0.0, 0.0, 1.0, 0.0], [0.0, 0.0, 0.0, 1.0]], "pose_inverse": [[0.7686944603919983, -0.6396161913871765, 0.0, -736.6883544921875], [0.6396161913871765, 0.7686944603919983, 0.0, -1840.2965087890625], [0.0, 0.0, 1.0, 0.0], [0.0, 0.0, 0.0, 1.0]], "cam_ids": [0, 1, 2, 3, 4, 5], "cam_channels": ["CAM_FRONT_LEFT", "CAM_FRONT", "CAM_FRONT_RIGHT", "CAM_BACK_LEFT", "CAM_BACK", "CAM_BACK_RIGHT"], "token": "1102a6f0591d4af0bc6fd1a9bc873945", "scene": "scene-0922"}, {"images": ["samples/CAM_FRONT_LEFT/n015-2018-10-08-15-36-50+0800__CAM_FRONT_LEFT__1538984564004844.jpg", "samples/CAM_FRONT/n015-2018-10-08-15-36-50+0800__CAM_FRONT__1538984564012460.jpg", "samples/CAM_FRONT_RIGHT/n015-2018-10-08-15-36-50+0800__CAM_FRONT_RIGHT__1538984564020339.jpg", "samples/CAM_BACK_LEFT/n015-2018-10-08-15-36-50+0800__CAM_BACK_LEFT__1538984564047423.jpg", "samples/CAM_BACK/n015-2018-10-08-15-36-50+0800__CAM_BACK__1538984564037525.jpg", "samples/CAM_BACK_RIGHT/n015-2018-10-08-15-36-50+0800__CAM_BACK_RIGHT__1538984564027893.jpg"], "intrinsics": [[[1272.5979470598488, 0.0, 826.6154927353808], [0.0, 1272.5979470598488, 479.75165386361925], [0.0, 0.0, 1.0]], [[1266.417203046554, 0.0, 816.2670197447984], [0.0, 1266.417203046554, 491.50706579294757], [0.0, 0.0, 1.0]], [[1260.8474446004698, 0.0, 807.968244525554], [0.0, 1260.8474446004698, 495.3344268742088], [0.0, 0.0, 1.0]], [[1256.7414812095406, 0.0, 792.1125740759628], [0.0, 1256.7414812095406, 492.7757465151356], [0.0, 0.0, 1.0]], [[809.2209905677063, 0.0, 829.2196003259838], [0.0, 809.2209905677063, 481.77842384512485], [0.0, 0.0, 1.0]], [[1259.5137405846733, 0.0, 807.2529053838625], [0.0, 1259.5137405846733, 501.19579884916527], [0.0, 0.0, 1.0]]], "extrinsics": [[[0.8206664323806763, -0.5713689923286438, 0.006642919033765793, -0.660980224609375], [0.0021357466466724873, -0.008558261208236217, -0.9999610781669617, 1.509042739868164], [0.5714036226272583, 0.8206486701965332, -0.005803177133202553, -1.0692138671875], [0.0, 0.0, 0.0, 1.0]], [[0.005647461395710707, -0.999904990196228, 0.012579699046909809, 0.0068359375], [-0.003348031546920538, -0.012598736211657524, -0.9999150633811951, 1.519521713256836], [0.9999785423278809, 0.005604851059615612, -0.0034188642166554928, -1.3895263671875], [0.0, 0.0, 0.0, 1.0]], [[-0.8329153060913086, -0.5533837676048279, -0.004298930522054434, 0.837646484375], [0.002082880586385727, 0.004633334930986166, -0.9999870657920837, 1.5041275024414062], [0.5533965229988098, -0.8329135179519653, -0.0027065426111221313, -1.118896484375], [0.0, 0.0, 0.0, 1.0]], [[0.9477663040161133, 0.3189629316329956, 0.0013114295434206724, -1.14306640625], [0.010072433389723301, -0.025819260627031326, -0.9996158480644226, 1.5885467529296875], [-0.31880655884742737, 0.9474154710769653, -0.027683354914188385, -0.1036376953125], [0.0, 0.0, 0.0, 1.0]], [[0.0024581607431173325, 0.9998719096183777, -0.015819303691387177, 0.0029296875], [-0.015075182542204857, -0.015780499204993248, -0.9997618794441223, 1.5780792236328125], [-0.9998834133148193, 0.0026960449758917093, 0.015034457668662071, -0.0828857421875], [0.0, 0.0, 0.0, 1.0]], [[-0.9347460865974426, 0.3549203872680664, -0.016771093010902405, 0.9786911010742188], [0.017787164077162743, -0.00039996986743062735, -0.9998417496681213, 1.5544462203979492], [-0.3548709452152252, -0.9348964691162109, -0.00593915767967701, -0.1234130859375], [0.0, 0.0, 0.0, 1.0]]], "view": [[0.0, -2.0, 100.0], [-2.0, 0.0, 100.0], [0.0, 0.0, 1.0]], "bev": "bev_013857a44c6543bf9a78e68e52e81536.png", "aux": "aux_013857a44c6543bf9a78e68e52e81536.npz", "visibility": "visibility_013857a44c6543bf9a78e68e52e81536.png", "pose": [[0.7713215351104736, 0.6364457011222839, 0.0, 1746.8157958984375], [-0.6364457011222839, 0.7713215351104736, 0.0, 940.5541381835938], [0.0, 0.0, 1.0, 0.0], [0.0, 0.0, 0.0, 1.0]], "pose_inverse": [[0.7713215351104736, -0.6364457011222839, 0.0, -748.7449951171875], [0.6364457011222839, 0.7713215351104736, 0.0, -1837.2230224609375], [0.0, 0.0, 1.0, 0.0], [0.0, 0.0, 0.0, 1.0]], "cam_ids": [0, 1, 2, 3, 4, 5], "cam_channels": ["CAM_FRONT_LEFT", "CAM_FRONT", "CAM_FRONT_RIGHT", "CAM_BACK_LEFT", "CAM_BACK", "CAM_BACK_RIGHT"], "token": "013857a44c6543bf9a78e68e52e81536", "scene": "scene-0922"}, {"images": ["samples/CAM_FRONT_LEFT/n015-2018-10-08-15-36-50+0800__CAM_FRONT_LEFT__1538984564504844.jpg", "samples/CAM_FRONT/n015-2018-10-08-15-36-50+0800__CAM_FRONT__1538984564512460.jpg", "samples/CAM_FRONT_RIGHT/n015-2018-10-08-15-36-50+0800__CAM_FRONT_RIGHT__1538984564520339.jpg", "samples/CAM_BACK_LEFT/n015-2018-10-08-15-36-50+0800__CAM_BACK_LEFT__1538984564547423.jpg", "samples/CAM_BACK/n015-2018-10-08-15-36-50+0800__CAM_BACK__1538984564537525.jpg", "samples/CAM_BACK_RIGHT/n015-2018-10-08-15-36-50+0800__CAM_BACK_RIGHT__1538984564527893.jpg"], "intrinsics": [[[1272.5979470598488, 0.0, 826.6154927353808], [0.0, 1272.5979470598488, 479.75165386361925], [0.0, 0.0, 1.0]], [[1266.417203046554, 0.0, 816.2670197447984], [0.0, 1266.417203046554, 491.50706579294757], [0.0, 0.0, 1.0]], [[1260.8474446004698, 0.0, 807.968244525554], [0.0, 1260.8474446004698, 495.3344268742088], [0.0, 0.0, 1.0]], [[1256.7414812095406, 0.0, 792.1125740759628], [0.0, 1256.7414812095406, 492.7757465151356], [0.0, 0.0, 1.0]], [[809.2209905677063, 0.0, 829.2196003259838], [0.0, 809.2209905677063, 481.77842384512485], [0.0, 0.0, 1.0]], [[1259.5137405846733, 0.0, 807.2529053838625], [0.0, 1259.5137405846733, 501.19579884916527], [0.0, 0.0, 1.0]]], "extrinsics": [[[0.8210397362709045, -0.5708537697792053, 0.00442618690431118, -0.655303955078125], [-0.0019768052734434605, -0.010596347972750664, -0.999941885471344, 1.507537841796875], [0.5708675384521484, 0.820983350276947, -0.009828489273786545, -1.068603515625], [0.0, 0.0, 0.0, 1.0]], [[0.006078558042645454, -0.9998742341995239, 0.014650990255177021, 0.0091552734375], [-0.0071175359189510345, -0.014694150537252426, -0.9998667240142822, 1.5183677673339844], [0.9999561309814453, 0.005973423831164837, -0.007205959875136614, -1.38348388671875], [0.0, 0.0, 0.0, 1.0]], [[-0.8327786922454834, -0.5536060333251953, -0.00026028737192973495, 0.8326416015625], [-0.0013378276489675045, 0.0024826352018862963, -0.9999960064888, 1.5033175945281982], [0.5536044239997864, -0.8327750563621521, -0.0028081145137548447, -1.11376953125], [0.0, 0.0, 0.0, 1.0]], [[0.9477213025093079, 0.31909477710723877, -0.001707663992419839, -1.1373291015625], [0.007661852985620499, -0.02810526080429554, -0.9995756149291992, 1.5886001586914062], [-0.3190072774887085, 0.9473060369491577, -0.029080810025334358, -0.10546875], [0.0, 0.0, 0.0, 1.0]], [[0.0022895263973623514, 0.9998352527618408, -0.01800832338631153, 0.002197265625], [-0.017847472801804543, -0.017964649945497513, -0.9996793270111084, 1.5777244567871094], [-0.99983811378479, 0.0026100825052708387, 0.01780339889228344, -0.090087890625], [0.0, 0.0, 0.0, 1.0]], [[-0.9348594546318054, 0.3547169864177704, -0.014619777910411358, 0.9715232849121094], [0.014668726362287998, -0.002551223384216428, -0.9998891949653625, 1.5540275573730469], [-0.35471493005752563, -0.9349703192710876, -0.002818211680278182, -0.1246337890625], [0.0, 0.0, 0.0, 1.0]]], "view": [[0.0, -2.0, 100.0], [-2.0, 0.0, 100.0], [0.0, 0.0, 1.0]], "bev": "bev_1fd67e19a34e4df88ecb8c2a5cdf72eb.png", "aux": "aux_1fd67e19a34e4df88ecb8c2a5cdf72eb.npz", "visibility": "visibility_1fd67e19a34e4df88ecb8c2a5cdf72eb.png", "pose": [[0.7720857262611389, 0.6355184316635132, 0.0, 1750.175048828125], [-0.6355184316635132, 0.7720857262611389, 0.0, 937.7683715820312], [0.0, 0.0, 1.0, 0.0], [0.0, 0.0, 0.0, 1.0]], "pose_inverse": [[0.7720857262611389, -0.6355184316635132, 0.0, -755.3160400390625], [0.6355184316635132, 0.7720857262611389, 0.0, -1836.3060302734375], [0.0, 0.0, 1.0, 0.0], [0.0, 0.0, 0.0, 1.0]], "cam_ids": [0, 1, 2, 3, 4, 5], "cam_channels": ["CAM_FRONT_LEFT", "CAM_FRONT", "CAM_FRONT_RIGHT", "CAM_BACK_LEFT", "CAM_BACK", "CAM_BACK_RIGHT"], "token": "1fd67e19a34e4df88ecb8c2a5cdf72eb", "scene": "scene-0922"}, {"images": ["samples/CAM_FRONT_LEFT/n015-2018-10-08-15-36-50+0800__CAM_FRONT_LEFT__1538984565004844.jpg", "samples/CAM_FRONT/n015-2018-10-08-15-36-50+0800__CAM_FRONT__1538984565012460.jpg", "samples/CAM_FRONT_RIGHT/n015-2018-10-08-15-36-50+0800__CAM_FRONT_RIGHT__1538984565020339.jpg", "samples/CAM_BACK_LEFT/n015-2018-10-08-15-36-50+0800__CAM_BACK_LEFT__1538984565047433.jpg", "samples/CAM_BACK/n015-2018-10-08-15-36-50+0800__CAM_BACK__1538984565037525.jpg", "samples/CAM_BACK_RIGHT/n015-2018-10-08-15-36-50+0800__CAM_BACK_RIGHT__1538984565027893.jpg"], "intrinsics": [[[1272.5979470598488, 0.0, 826.6154927353808], [0.0, 1272.5979470598488, 479.75165386361925], [0.0, 0.0, 1.0]], [[1266.417203046554, 0.0, 816.2670197447984], [0.0, 1266.417203046554, 491.50706579294757], [0.0, 0.0, 1.0]], [[1260.8474446004698, 0.0, 807.968244525554], [0.0, 1260.8474446004698, 495.3344268742088], [0.0, 0.0, 1.0]], [[1256.7414812095406, 0.0, 792.1125740759628], [0.0, 1256.7414812095406, 492.7757465151356], [0.0, 0.0, 1.0]], [[809.2209905677063, 0.0, 829.2196003259838], [0.0, 809.2209905677063, 481.77842384512485], [0.0, 0.0, 1.0]], [[1259.5137405846733, 0.0, 807.2529053838625], [0.0, 1259.5137405846733, 501.19579884916527], [0.0, 0.0, 1.0]]], "extrinsics": [[[0.8205929398536682, -0.5714841485023499, -0.005753157660365105, -0.665313720703125], [-0.010599370114505291, -0.005153266247361898, -0.9999305605888367, 1.5044136047363281], [0.5714148283004761, 0.8205969333648682, -0.010286104865372181, -1.0750732421875], [0.0, 0.0, 0.0, 1.0]], [[0.005465765483677387, -0.9999442100524902, 0.009037894196808338, 0.009033203125], [-0.01607508771121502, -0.00912472140043974, -0.9998291730880737, 1.5157051086425781], [0.9998558759689331, 0.005319552030414343, -0.016124064102768898, -1.3905029296875], [0.0, 0.0, 0.0, 1.0]], [[-0.833081841468811, -0.5531326532363892, 0.004333994816988707, 0.8363037109375], [-0.010629751719534397, 0.00817498005926609, -0.9999100565910339, 1.501114845275879], [0.5530474781990051, -0.8330531120300293, -0.012690088711678982, -1.1163330078125], [0.0, 0.0, 0.0, 1.0]], [[0.9477162957191467, 0.3189806342124939, -0.009229729883372784, -1.1326904296875], [-0.0024030664935708046, -0.021788422018289566, -0.9997597336769104, 1.5885353088378906], [-0.3191050887107849, 0.9475107192993164, -0.01988271251320839, -0.107177734375], [0.0, 0.0, 0.0, 1.0]], [[0.002408786443993449, 0.9999250769615173, -0.011999810114502907, 0.002197265625], [-0.02768893726170063, -0.011928549967706203, -0.9995453953742981, 1.5767936706542969], [-0.9996136426925659, 0.0027398960664868355, 0.0276581272482872, -0.09124755859375], [0.0, 0.0, 0.0, 1.0]], [[-0.9347941875457764, 0.35517171025276184, -0.003608672646805644, 0.9735565185546875], [0.005090831778943539, 0.0032386314123868942, -0.9999817609786987, 1.5523271560668945], [-0.35515350103378296, -0.9347954988479614, -0.004835573025047779, -0.123779296875], [0.0, 0.0, 0.0, 1.0]]], "view": [[0.0, -2.0, 100.0], [-2.0, 0.0, 100.0], [0.0, 0.0, 1.0]], "bev": "bev_a2b34ea2076d4f5d9610bba842d21536.png", "aux": "aux_a2b34ea2076d4f5d9610bba842d21536.npz", "visibility": "visibility_a2b34ea2076d4f5d9610bba842d21536.png", "pose": [[0.7742354869842529, 0.6328976154327393, 0.0, 1753.393310546875], [-0.6328976154327393, 0.7742354869842529, 0.0, 935.0963745117188], [0.0, 0.0, 1.0, 0.0], [0.0, 0.0, 0.0, 1.0]], "pose_inverse": [[0.7742354869842529, -0.6328976154327393, 0.0, -765.7190551757812], [0.6328976154327393, 0.7742354869842529, 0.0, -1833.7032470703125], [0.0, 0.0, 1.0, 0.0], [0.0, 0.0, 0.0, 1.0]], "cam_ids": [0, 1, 2, 3, 4, 5], "cam_channels": ["CAM_FRONT_LEFT", "CAM_FRONT", "CAM_FRONT_RIGHT", "CAM_BACK_LEFT", "CAM_BACK", "CAM_BACK_RIGHT"], "token": "a2b34ea2076d4f5d9610bba842d21536", "scene": "scene-0922"}, {"images": ["samples/CAM_FRONT_LEFT/n015-2018-10-08-15-36-50+0800__CAM_FRONT_LEFT__1538984565504844.jpg", "samples/CAM_FRONT/n015-2018-10-08-15-36-50+0800__CAM_FRONT__1538984565512460.jpg", "samples/CAM_FRONT_RIGHT/n015-2018-10-08-15-36-50+0800__CAM_FRONT_RIGHT__1538984565520339.jpg", "samples/CAM_BACK_LEFT/n015-2018-10-08-15-36-50+0800__CAM_BACK_LEFT__1538984565547423.jpg", "samples/CAM_BACK/n015-2018-10-08-15-36-50+0800__CAM_BACK__1538984565537525.jpg", "samples/CAM_BACK_RIGHT/n015-2018-10-08-15-36-50+0800__CAM_BACK_RIGHT__1538984565527893.jpg"], "intrinsics": [[[1272.5979470598488, 0.0, 826.6154927353808], [0.0, 1272.5979470598488, 479.75165386361925], [0.0, 0.0, 1.0]], [[1266.417203046554, 0.0, 816.2670197447984], [0.0, 1266.417203046554, 491.50706579294757], [0.0, 0.0, 1.0]], [[1260.8474446004698, 0.0, 807.968244525554], [0.0, 1260.8474446004698, 495.3344268742088], [0.0, 0.0, 1.0]], [[1256.7414812095406, 0.0, 792.1125740759628], [0.0, 1256.7414812095406, 492.7757465151356], [0.0, 0.0, 1.0]], [[809.2209905677063, 0.0, 829.2196003259838], [0.0, 809.2209905677063, 481.77842384512485], [0.0, 0.0, 1.0]], [[1259.5137405846733, 0.0, 807.2529053838625], [0.0, 1259.5137405846733, 501.19579884916527], [0.0, 0.0, 1.0]]], "extrinsics": [[[0.8203502893447876, -0.571827232837677, -0.006244610995054245, -0.680145263671875], [-0.008587547577917576, -0.001399761764332652, -0.9999621510505676, 1.5052785873413086], [0.5717968344688416, 0.8203728795051575, -0.006058887578547001, -1.0836181640625], [0.0, 0.0, 0.0, 1.0]], [[0.005077333189547062, -0.9999730587005615, 0.005287452135235071, 0.0078125], [-0.013946261256933212, -0.005357817281037569, -0.9998884201049805, 1.5165538787841797], [0.9998898506164551, 0.0050030178390443325, -0.013973088935017586, -1.40667724609375], [0.0, 0.0, 0.0, 1.0]], [[-0.8332483768463135, -0.5528987646102905, 0.0003684748080559075, 0.8468017578125], [-0.008373044431209564, 0.011952259577810764, -0.9998934864997864, 1.501760482788086], [0.5528354644775391, -0.8331626653671265, -0.014588646590709686, -1.1241455078125], [0.0, 0.0, 0.0, 1.0]], [[0.9477472901344299, 0.31896859407424927, -0.005836519878357649, -1.133544921875], [-5.4163388995220885e-05, -0.018134161829948425, -0.9998355507850647, 1.5885543823242188], [-0.31902188062667847, 0.9475917816162109, -0.017169326543807983, -0.106689453125], [0.0, 0.0, 0.0, 1.0]], [[0.0025564872194081545, 0.9999626278877258, -0.00