[{"images": ["samples/CAM_FRONT_LEFT/n008-2018-09-18-12-53-31-0400__CAM_FRONT_LEFT__1537290001604799.jpg", "samples/CAM_FRONT/n008-2018-09-18-12-53-31-0400__CAM_FRONT__1537290001612404.jpg", "samples/CAM_FRONT_RIGHT/n008-2018-09-18-12-53-31-0400__CAM_FRONT_RIGHT__1537290001620482.jpg", "samples/CAM_BACK_LEFT/n008-2018-09-18-12-53-31-0400__CAM_BACK_LEFT__1537290001647405.jpg", "samples/CAM_BACK/n008-2018-09-18-12-53-31-0400__CAM_BACK__1537290001637558.jpg", "samples/CAM_BACK_RIGHT/n008-2018-09-18-12-53-31-0400__CAM_BACK_RIGHT__1537290001628113.jpg"], "intrinsics": [[[1257.8625342125129, 0.0, 827.2410631095686], [0.0, 1257.8625342125129, 450.915498205774], [0.0, 0.0, 1.0]], [[1252.8131021185304, 0.0, 826.588114781398], [0.0, 1252.8131021185304, 469.9846626224581], [0.0, 0.0, 1.0]], [[1256.7485116440405, 0.0, 817.7887570959712], [0.0, 1256.7485116440403, 451.9541780095127], [0.0, 0.0, 1.0]], [[1254.9860565800168, 0.0, 829.5769333630991], [0.0, 1254.9860565800168, 467.1680561863987], [0.0, 0.0, 1.0]], [[796.8910634503094, 0.0, 857.7774326863696], [0.0, 796.8910634503094, 476.8848988407415], [0.0, 0.0, 1.0]], [[1249.9629280788233, 0.0, 825.3768045375984], [0.0, 1249.9629280788233, 462.54816385708756], [0.0, 0.0, 1.0]]], "extrinsics": [[[0.8223884701728821, -0.5688642859458923, 0.008401060476899147, -0.8076171875], [0.032390497624874115, 0.032073114067316055, -0.9989604949951172, 1.4960365295410156], [0.5680035948753357, 0.8218058347702026, 0.044802356511354446, -1.1978759765625], [0.0, 0.0, 0.0, 1.0]], [[0.010699407197535038, -0.9995630383491516, -0.027556180953979492, 0.00830078125], [0.03425846993923187, 0.02790800854563713, -0.9990233182907104, 1.4868965148925781], [0.9993557333946228, 0.00974486954510212, 0.03454209864139557, -1.537750244140625], [0.0, 0.0, 0.0, 1.0]], [[-0.8431990146636963, -0.5356398820877075, -0.04588358476758003, 0.9608154296875], [0.042187049984931946, 0.019158806651830673, -0.9989259839057922, 1.4995651245117188], [0.5359436869621277, -0.8442291617393494, 0.006442377343773842, -1.1947021484375], [0.0, 0.0, 0.0, 1.0]], [[0.9475727677345276, 0.31848618388175964, 0.02593224309384823, -1.13031005859375], [0.01590583473443985, 0.034042272716760635, -0.999293863773346, 1.5622749328613281], [-0.319144070148468, 0.9473159909248352, 0.02719174139201641, -0.16064453125], [0.0, 0.0, 0.0, 1.0]], [[0.008724401704967022, 0.9996026158332825, 0.026805005967617035, -0.0284423828125], [0.018360592424869537, 0.026641372591257095, -0.9994763731956482, 1.5692596435546875], [-0.999793291091919, 0.00921199843287468, -0.018120864406228065, -0.021026611328125], [0.0, 0.0, 0.0, 1.0]], [[-0.9234570860862732, 0.3832005262374878, -0.01960345357656479, 1.0550537109375], [0.022890664637088776, 0.004019793588668108, -0.9997299313545227, 1.5504236221313477], [-0.38301825523376465, -0.9236564040184021, -0.01248382218182087, -0.087158203125], [0.0, 0.0, 0.0, 1.0]]], "view": [[0.0, -2.0, 100.0], [-2.0, 0.0, 100.0], [0.0, 0.0, 1.0]], "bev": "bev_9608cace6d274a5282b2100f1c82b7ed.png", "aux": "aux_9608cace6d274a5282b2100f1c82b7ed.npz", "visibility": "visibility_9608cace6d274a5282b2100f1c82b7ed.png", "pose": [[-0.8050361275672913, -0.5932257771492004, 0.0, 1178.128173828125], [0.5932257771492004, -0.8050361275672913, 0.0, 1140.113525390625], [0.0, 0.0, 1.0, 0.0], [0.0, 0.0, 0.0, 1.0]], "pose_inverse": [[-0.8050361275672913, 0.5932257771492004, 0.0, 272.09100341796875], [-0.5932257771492004, -0.8050361275672913, 0.0, 1616.7286376953125], [0.0, 0.0, 1.0, 0.0], [0.0, 0.0, 0.0, 1.0]], "cam_ids": [0, 1, 2, 3, 4, 5], "cam_channels": ["CAM_FRONT_LEFT", "CAM_FRONT", "CAM_FRONT_RIGHT", "CAM_BACK_LEFT", "CAM_BACK", "CAM_BACK_RIGHT"], "token": "9608cace6d274a5282b2100f1c82b7ed", "scene": "scene-0469"}, {"images": ["samples/CAM_FRONT_LEFT/n008-2018-09-18-12-53-31-0400__CAM_FRONT_LEFT__1537290002104799.jpg", "samples/CAM_FRONT/n008-2018-09-18-12-53-31-0400__CAM_FRONT__1537290002112404.jpg", "samples/CAM_FRONT_RIGHT/n008-2018-09-18-12-53-31-0400__CAM_FRONT_RIGHT__1537290002120482.jpg", "samples/CAM_BACK_LEFT/n008-2018-09-18-12-53-31-0400__CAM_BACK_LEFT__1537290002147405.jpg", "samples/CAM_BACK/n008-2018-09-18-12-53-31-0400__CAM_BACK__1537290002137558.jpg", "samples/CAM_BACK_RIGHT/n008-2018-09-18-12-53-31-0400__CAM_BACK_RIGHT__1537290002128113.jpg"], "intrinsics": [[[1257.8625342125129, 0.0, 827.2410631095686], [0.0, 1257.8625342125129, 450.915498205774], [0.0, 0.0, 1.0]], [[1252.8131021185304, 0.0, 826.588114781398], [0.0, 1252.8131021185304, 469.9846626224581], [0.0, 0.0, 1.0]], [[1256.7485116440405, 0.0, 817.7887570959712], [0.0, 1256.7485116440403, 451.9541780095127], [0.0, 0.0, 1.0]], [[1254.9860565800168, 0.0, 829.5769333630991], [0.0, 1254.9860565800168, 467.1680561863987], [0.0, 0.0, 1.0]], [[796.8910634503094, 0.0, 857.7774326863696], [0.0, 796.8910634503094, 476.8848988407415], [0.0, 0.0, 1.0]], [[1249.9629280788233, 0.0, 825.3768045375984], [0.0, 1249.9629280788233, 462.54816385708756], [0.0, 0.0, 1.0]]], "extrinsics": [[[0.8225798606872559, -0.5686038136482239, 0.007223957683891058, -0.8018798828125], [0.02879885956645012, 0.02896820940077305, -0.999165415763855, 1.4953269958496094], [0.5679200291633606, 0.8221012353897095, 0.04020380973815918, -1.1951904296875], [0.0, 0.0, 0.0, 1.0]], [[0.010676024481654167, -0.9996440410614014, -0.02444894053041935, 0.0087890625], [0.0305288415402174, 0.024764783680438995, -0.9992270469665527, 1.4863548278808594], [0.9994767904281616, 0.009921412914991379, 0.030782364308834076, -1.5311279296875], [0.0, 0.0, 0.0, 1.0]], [[-0.8433679342269897, -0.5357767939567566, -0.04090866073966026, 0.956298828125], [0.03831350803375244, 0.015978684648871422, -0.9991379976272583, 1.4991836547851562], [0.5359687805175781, -0.8442083597183228, 0.007051580585539341, -1.191162109375], [0.0, 0.0, 0.0, 1.0]], [[0.9476608037948608, 0.31854239106178284, 0.021673642098903656, -1.13067626953125], [0.012480716221034527, 0.030872296541929245, -0.9994454383850098, 1.5622100830078125], [-0.3190349042415619, 0.9474056959152222, 0.025280825793743134, -0.1605224609375], [0.0, 0.0, 0.0, 1.0]], [[0.008828962221741676, 0.9996844530105591, 0.02351693995296955, -0.0284423828125], [0.014652421697974205, 0.023385995998978615, -0.9996190667152405, 1.5690383911132812], [-0.9998536705970764, 0.009170199744403362, -0.014441326260566711, -0.0230255126953125], [0.0, 0.0, 0.0, 1.0]], [[-0.9235245585441589, 0.383145809173584, -0.017368359491229057, 1.051055908203125], [0.019134502857923508, 0.0007986720884218812, -0.9998165965080261, 1.5500779151916504], [-0.38306164741516113, -0.9236874580383301, -0.00806889683008194, -0.088623046875], [0.0, 0.0, 0.0, 1.0]]], "view": [[0.0, -2.0, 100.0], [-2.0, 0.0, 100.0], [0.0, 0.0, 1.0]], "bev": "bev_78f013f73cc74a4db90994b9fa858316.png", "aux": "aux_78f013f73cc74a4db90994b9fa858316.npz", "visibility": "visibility_78f013f73cc74a4db90994b9fa858316.png", "pose": [[-0.8046298027038574, -0.5937767624855042, 0.0, 1175.9595947265625], [0.5937767624855042, -0.8046298027038574, 0.0, 1141.732177734375], [0.0, 0.0, 1.0, 0.0], [0.0, 0.0, 0.0, 1.0]], "pose_inverse": [[-0.8046298027038574, 0.5937767624855042, 0.0, 268.2781066894531], [-0.5937767624855042, -0.8046298027038574, 0.0, 1616.92919921875], [0.0, 0.0, 1.0, 0.0], [0.0, 0.0, 0.0, 1.0]], "cam_ids": [0, 1, 2, 3, 4, 5], "cam_channels": ["CAM_FRONT_LEFT", "CAM_FRONT", "CAM_FRONT_RIGHT", "CAM_BACK_LEFT", "CAM_BACK", "CAM_BACK_RIGHT"], "token": "78f013f73cc74a4db90994b9fa858316", "scene": "scene-0469"}, {"images": ["samples/CAM_FRONT_LEFT/n008-2018-09-18-12-53-31-0400__CAM_FRONT_LEFT__1537290002604799.jpg", "samples/CAM_FRONT/n008-2018-09-18-12-53-31-0400__CAM_FRONT__1537290002612404.jpg", "samples/CAM_FRONT_RIGHT/n008-2018-09-18-12-53-31-0400__CAM_FRONT_RIGHT__1537290002620482.jpg", "samples/CAM_BACK_LEFT/n008-2018-09-18-12-53-31-0400__CAM_BACK_LEFT__1537290002647405.jpg", "samples/CAM_BACK/n008-2018-09-18-12-53-31-0400__CAM_BACK__1537290002637558.jpg", "samples/CAM_BACK_RIGHT/n008-2018-09-18-12-53-31-0400__CAM_BACK_RIGHT__1537290002628113.jpg"], "intrinsics": [[[1257.8625342125129, 0.0, 827.2410631095686], [0.0, 1257.8625342125129, 450.915498205774], [0.0, 0.0, 1.0]], [[1252.8131021185304, 0.0, 826.588114781398], [0.0, 1252.8131021185304, 469.9846626224581], [0.0, 0.0, 1.0]], [[1256.7485116440405, 0.0, 817.7887570959712], [0.0, 1256.7485116440403, 451.9541780095127], [0.0, 0.0, 1.0]], [[1254.9860565800168, 0.0, 829.5769333630991], [0.0, 1254.9860565800168, 467.1680561863987], [0.0, 0.0, 1.0]], [[796.8910634503094, 0.0, 857.7774326863696], [0.0, 796.8910634503094, 476.8848988407415], [0.0, 0.0, 1.0]], [[1249.9629280788233, 0.0, 825.3768045375984], [0.0, 1249.9629280788233, 462.54816385708756], [0.0, 0.0, 1.0]]], "extrinsics": [[[0.8223825097084045, -0.5689178109169006, 0.004410275723785162, -0.7760009765625], [0.025453409180045128, 0.029047172516584396, -0.9992539286613464, 1.4952812194824219], [0.5683653354644775, 0.8218811750411987, 0.03836878761649132, -1.1776123046875], [0.0, 0.0, 0.0, 1.0]], [[0.010355181060731411, -0.9996384978294373, -0.024811876937747, 0.0096435546875], [0.027468878775835037, 0.025088217109441757, -0.9993078112602234, 1.4864501953125], [0.9995689988136292, 0.009666511788964272, 0.027718747034668922, -1.504547119140625], [0.0, 0.0, 0.0, 1.0]], [[-0.8435690999031067, -0.5356107354164124, -0.03888949751853943, 0.9385986328125], [0.03555150330066681, 0.01655947044491768, -0.9992306232452393, 1.4994850158691406], [0.5358426570892334, -0.8443026542663574, 0.005072707775980234, -1.1793212890625], [0.0, 0.0, 0.0, 1.0]], [[0.9477100372314453, 0.31849756836891174, 0.020121769979596138, -1.1268310546875], [0.01035600621253252, 0.03232577443122864, -0.9994237422943115, 1.5622291564941406], [-0.31896454095840454, 0.947372317314148, 0.027337098494172096, -0.1619873046875], [0.0, 0.0, 0.0, 1.0]], [[0.008955142460763454, 0.9996560215950012, 0.024649737402796745, -0.028564453125], [0.01242311205714941, 0.024537602439522743, -0.9996216893196106, 1.5690155029296875], [-0.9998827576637268, 0.009258029982447624, -0.012199103832244873, -0.0334625244140625], [0.0, 0.0, 0.0, 1.0]], [[-0.923517644405365, 0.38327571749687195, -0.014657335355877876, 1.0357666015625], [0.01655365526676178, 0.001649689394980669, -0.9998615980148315, 1.550044059753418], [-0.38319849967956543, -0.9236324429512024, -0.007868132553994656, -0.0946044921875], [0.0, 0.0, 0.0, 1.0]]], "view": [[0.0, -2.0, 100.0], [-2.0, 0.0, 100.0], [0.0, 0.0, 1.0]], "bev": "bev_4f88f878813740b686254572922154c8.png", "aux": "aux_4f88f878813740b686254572922154c8.npz", "visibility": "visibility_4f88f878813740b686254572922154c8.png", "pose": [[-0.8031677603721619, -0.5957528948783875, 0.0, 1173.6533203125], [0.5957528948783875, -0.8031677603721619, 0.0, 1143.474853515625], [0.0, 0.0, 1.0, 0.0], [0.0, 0.0, 0.0, 1.0]], "pose_inverse": [[-0.8031677603721619, 0.5957528948783875, 0.0, 261.41204833984375], [-0.5957528948783875, -0.8031677603721619, 0.0, 1617.6094970703125], [0.0, 0.0, 1.0, 0.0], [0.0, 0.0, 0.0, 1.0]], "cam_ids": [0, 1, 2, 3, 4, 5], "cam_channels": ["CAM_FRONT_LEFT", "CAM_FRONT", "CAM_FRONT_RIGHT", "CAM_BACK_LEFT", "CAM_BACK", "CAM_BACK_RIGHT"], "token": "4f88f878813740b686254572922154c8", "scene": "scene-0469"}, {"images": ["samples/CAM_FRONT_LEFT/n008-2018-09-18-12-53-31-0400__CAM_FRONT_LEFT__1537290003104799.jpg", "samples/CAM_FRONT/n008-2018-09-18-12-53-31-0400__CAM_FRONT__1537290003112404.jpg", "samples/CAM_FRONT_RIGHT/n008-2018-09-18-12-53-31-0400__CAM_FRONT_RIGHT__1537290003120482.jpg", "samples/CAM_BACK_LEFT/n008-2018-09-18-12-53-31-0400__CAM_BACK_LEFT__1537290003147405.jpg", "samples/CAM_BACK/n008-2018-09-18-12-53-31-0400__CAM_BACK__1537290003137558.jpg", "samples/CAM_BACK_RIGHT/n008-2018-09-18-12-53-31-0400__CAM_BACK_RIGHT__1537290003128113.jpg"], "intrinsics": [[[1257.8625342125129, 0.0, 827.2410631095686], [0.0, 1257.8625342125129, 450.915498205774], [0.0, 0.0, 1.0]], [[1252.8131021185304, 0.0, 826.588114781398], [0.0, 1252.8131021185304, 469.9846626224581], [0.0, 0.0, 1.0]], [[1256.7485116440405, 0.0, 817.7887570959712], [0.0, 1256.7485116440403, 451.9541780095127], [0.0, 0.0, 1.0]], [[1254.9860565800168, 0.0, 829.5769333630991], [0.0, 1254.9860565800168, 467.1680561863987], [0.0, 0.0, 1.0]], [[796.8910634503094, 0.0, 857.7774326863696], [0.0, 796.8910634503094, 476.8848988407415], [0.0, 0.0, 1.0]], [[1249.9629280788233, 0.0, 825.3768045375984], [0.0, 1249.9629280788233, 462.54816385708756], [0.0, 0.0, 1.0]]], "extrinsics": [[[0.8223928213119507, -0.5688854455947876, 0.006278480868786573, -0.75384521484375], [0.028029069304466248, 0.029492095112800598, -0.9991719126701355, 1.4967117309570312], [0.5682293176651001, 0.8218877911567688, 0.04019941762089729, -1.163330078125], [0.0, 0.0, 0.0, 1.0]], [[0.010494129732251167, -0.9996340870857239, -0.024931689724326134, 0.0106201171875], [0.030038554221391678, 0.025236958637833595, -0.999230146408081, 1.4876632690429688], [0.9994935989379883, 0.009737079031765461, 0.030292397364974022, -1.48291015625], [0.0, 0.0, 0.0, 1.0]], [[-0.8434287309646606, -0.5356770157814026, -0.04096518084406853, 0.9248046875], [0.038116198033094406, 0.016393475234508514, -0.9991388320922852, 1.500579833984375], [0.5358873009681702, -0.8442639112472534, 0.0065912408754229546, -1.169677734375], [0.0, 0.0, 0.0, 1.0]], [[0.9476683735847473, 0.318488746881485, 0.022127751260995865, -1.12591552734375], [0.012820076197385788, 0.031291261315345764, -0.9994280934333801, 1.5622787475585938], [-0.3189990818500519, 0.9474101066589355, 0.025570686906576157, -0.162353515625], [0.0, 0.0, 0.0, 1.0]], [[0.008872638456523418, 0.9996738433837891, 0.0239507257938385, -0.029052734375], [0.014883244410157204, 0.023816993460059166, -0.9996055364608765, 1.5693016052246094], [-0.9998499155044556, 0.009225597605109215, -0.014667069539427757, -0.040191650390625], [0.0, 0.0, 0.0, 1.0]], [[-0.9234976768493652, 0.3832200765609741, -0.017161019146442413, 1.024139404296875], [0.019082501530647278, 0.0012127828085795045, -0.9998171925544739, 1.5506205558776855], [-0.38312920928001404, -0.9236562848091125, -0.008432798087596893, -0.0985107421875], [0.0, 0.0, 0.0, 1.0]]], "view": [[0.0, -2.0, 100.0], [-2.0, 0.0, 100.0], [0.0, 0.0, 1.0]], "bev": "bev_e8b14ea85c9f4487a7208b70a8888c1e.png", "aux": "aux_e8b14ea85c9f4487a7208b70a8888c1e.npz", "visibility": "visibility_e8b14ea85c9f4487a7208b70a8888c1e.png", "pose": [[-0.8042645454406738, -0.5942714810371399, 0.0, 1171.0814208984375], [0.5942714810371399, -0.8042645454406738, 0.0, 1145.41064453125], [0.0, 0.0, 1.0, 0.0], [0.0, 0.0, 0.0, 1.0]], "pose_inverse": [[-0.8042645454406738, 0.5942714810371399, 0.0, 261.1744079589844], [-0.5942714810371399, -0.8042645454406738, 0.0, 1617.1534423828125], [0.0, 0.0, 1.0, 0.0], [0.0, 0.0, 0.0, 1.0]], "cam_ids": [0, 1, 2, 3, 4, 5], "cam_channels": ["CAM_FRONT_LEFT", "CAM_FRONT", "CAM_FRONT_RIGHT", "CAM_BACK_LEFT", "CAM_BACK", "CAM_BACK_RIGHT"], "token": "e8b14ea85c9f4487a7208b70a8888c1e", "scene": "scene-0469"}, {"images": ["samples/CAM_FRONT_LEFT/n008-2018-09-18-12-53-31-0400__CAM_FRONT_LEFT__1537290003604799.jpg", "samples/CAM_FRONT/n008-2018-09-18-12-53-31-0400__CAM_FRONT__1537290003612404.jpg", "samples/CAM_FRONT_RIGHT/n008-2018-09-18-12-53-31-0400__CAM_FRONT_RIGHT__1537290003620482.jpg", "samples/CAM_BACK_LEFT/n008-2018-09-18-12-53-31-0400__CAM_BACK_LEFT__1537290003647405.jpg", "samples/CAM_BACK/n008-2018-09-18-12-53-31-0400__CAM_BACK__1537290003637558.jpg", "samples/CAM_BACK_RIGHT/n008-2018-09-18-12-53-31-0400__CAM_BACK_RIGHT__1537290003628113.jpg"], "intrinsics": [[[1257.8625342125129, 0.0, 827.2410631095686], [0.0, 1257.8625342125129, 450.915498205774], [0.0, 0.0, 1.0]], [[1252.8131021185304, 0.0, 826.588114781398], [0.0, 1252.8131021185304, 469.9846626224581], [0.0, 0.0, 1.0]], [[1256.7485116440405, 0.0, 817.7887570959712], [0.0, 1256.7485116440403, 451.9541780095127], [0.0, 0.0, 1.0]], [[1254.9860565800168, 0.0, 829.5769333630991], [0.0, 1254.9860565800168, 467.1680561863987], [0.0, 0.0, 1.0]], [[796.8910634503094, 0.0, 857.7774326863696], [0.0, 796.8910634503094, 476.8848988407415], [0.0, 0.0, 1.0]], [[1249.9629280788233, 0.0, 825.3768045375984], [0.0, 1249.9629280788233, 462.54816385708756], [0.0, 0.0, 1.0]]], "extrinsics": [[[0.822323203086853, -0.5689566731452942, 0.008545883931219578, -0.74444580078125], [0.02912319265305996, 0.027083877474069595, -0.9992088079452515, 1.4973526000976562], [0.5682750344276428, 0.8219214677810669, 0.03884153068065643, -1.1575927734375], [0.0, 0.0, 0.0, 1.0]], [[0.010243006981909275, -0.9996874332427979, -0.022803813219070435, 0.0108642578125], [0.031109467148780823, 0.02311255969107151, -0.9992486834526062, 1.4882926940917969], [0.9994634389877319, 0.009525824338197708, 0.03133648633956909, -1.471588134765625], [0.0, 0.0, 0.0, 1.0]], [[-0.8435375690460205, -0.5355123281478882, -0.04087749123573303, 0.9163818359375], [0.03916314244270325, 0.014577075839042664, -0.9991264343261719, 1.5011940002441406], [0.5356403589248657, -0.8444016575813293, 0.008676031604409218, -1.1641845703125], [0.0, 0.0, 0.0, 1.0]], [[0.9476332664489746, 0.31854912638664246, 0.022750720381736755, -1.12261962890625], [0.013959215953946114, 0.029854554682970047, -0.9994567632675171, 1.5623512268066406], [-0.31905537843704224, 0.9474360346794128, 0.02384447120130062, -0.1634521484375], [0.0, 0.0, 0.0, 1.0]], [[0.008950568735599518, 0.9997052550315857, 0.02256828360259533, -0.029052734375], [0.01611371524631977, 0.0224220622330904, -0.9996187090873718, 1.5694999694824219], [-0.9998301267623901, 0.009310773573815823, -0.01590827666223049, -0.0460357666015625], [0.0, 0.0, 0.0, 1.0]], [[-0.9233978390693665, 0.3833845853805542, -0.01877790503203869, 1.016387939453125], [0.020193055272102356, -0.00033348373835906386, -0.9997960329055786, 1.5509543418884277], [-0.3833126425743103, -0.9235886931419373, -0.007433767896145582, -0.101806640625], [0.0, 0.0, 0.0, 1.0]]], "view": [[0.0, -2.0, 100.0], [-2.0, 0.0, 100.0], [0.0, 0.0, 1.0]], "bev": "bev_e8ca0e98c7b541dda369c4e941db30b4.png", "aux": "aux_e8ca0e98c7b541dda369c4e941db30b4.npz", "visibility": "visibility_e8ca0e98c7b541dda369c4e941db30b4.png", "pose": [[-0.8037933707237244, -0.594908595085144, 0.0, 1168.4097900390625], [0.594908595085144, -0.8037933707237244, 0.0, 1147.43408203125], [0.0, 0.0, 1.0, 0.0], [0.0, 0.0, 0.0, 1.0]], "pose_inverse": [[-0.8037933707237244, 0.594908595085144, 0.0, 256.5416259765625], [-0.594908595085144, -0.8037933707237244, 0.0, 1617.39697265625], [0.0, 0.0, 1.0, 0.0], [0.0, 0.0, 0.0, 1.0]], "cam_ids": [0, 1, 2, 3, 4, 5], "cam_channels": ["CAM_FRONT_LEFT", "CAM_FRONT", "CAM_FRONT_RIGHT", "CAM_BACK_LEFT", "CAM_BACK", "CAM_BACK_RIGHT"], "token": "e8ca0e98c7b541dda369c4e941db30b4", "scene": "scene-0469"}, {"images": ["samples/CAM_FRONT_LEFT/n008-2018-09-18-12-53-31-0400__CAM_FRONT_LEFT__1537290004154799.jpg", "samples/CAM_FRONT/n008-2018-09-18-12-53-31-0400__CAM_FRONT__1537290004162404.jpg", "samples/CAM_FRONT_RIGHT/n008-2018-09-18-12-53-31-0400__CAM_FRONT_RIGHT__1537290004170482.jpg", "samples/CAM_BACK_LEFT/n008-2018-09-18-12-53-31-0400__CAM_BACK_LEFT__1537290004197405.jpg", "samples/CAM_BACK/n008-2018-09-18-12-53-31-0400__CAM_BACK__1537290004187558.jpg", "samples/CAM_BACK_RIGHT/n008-2018-09-18-12-53-31-0400__CAM_BACK_RIGHT__1537290004178113.jpg"], "intrinsics": [[[1257.8625342125129, 0.0, 827.2410631095686], [0.0, 1257.8625342125129, 450.915498205774], [0.0, 0.0, 1.0]], [[1252.8131021185304, 0.0, 826.588114781398], [0.0, 1252.8131021185304, 469.9846626224581], [0.0, 0.0, 1.0]], [[1256.7485116440405, 0.0, 817.7887570959712], [0.0, 1256.7485116440403, 451.9541780095127], [0.0, 0.0, 1.0]], [[1254.9860565800168, 0.0, 829.5769333630991], [0.0, 1254.9860565800168, 467.1680561863987], [0.0, 0.0, 1.0]], [[796.8910634503094, 0.0, 857.7774326863696], [0.0, 796.8910634503094, 476.8848988407415], [0.0, 0.0, 1.0]], [[1249.9629280788233, 0.0, 825.3768045375984], [0.0, 1249.9629280788233, 462.54816385708756], [0.0, 0.0, 1.0]]], "extrinsics": [[[0.822303295135498, -0.5690076351165771, 0.006892711389809847, -0.72979736328125], [0.026519661769270897, 0.026219837367534637, -0.9993043541908264, 1.49713134765625], [0.5684311985969543, 0.8219140768051147, 0.03665055334568024, -1.1441650390625], [0.0, 0.0, 0.0, 1.0]], [[0.01026114821434021, -0.9997081756591797, -0.021866612136363983, 0.009033203125], [0.028229165822267532, 0.022148659452795982, -0.9993560910224915, 1.4880104064941406], [0.9995487928390503, 0.00963725708425045, 0.02844819985330105, -1.45623779296875], [0.0, 0.0, 0.0, 1.0]], [[-0.8436114192008972, -0.5356287956237793, -0.03770192340016365, 0.9052734375], [0.03610076755285263, 0.013477426953613758, -0.9992572665214539, 1.5010013580322266], [0.5357390642166138, -0.8443459868431091, 0.007966899313032627, -1.159423828125], [0.0, 0.0, 0.0, 1.0]], [[0.9477216601371765, 0.3185395300388336, 0.018874516710639, -1.123046875], [0.010345454327762127, 0.02844625525176525, -0.9995417594909668, 1.5622711181640625], [-0.3189305365085602, 0.9474826455116272, 0.023663697764277458, -0.1632080078125], [0.0, 0.0, 0.0, 1.0]], [[0.009018618613481522, 0.9997339248657227, 0.021229911595582962, -0.0281982421875], [0.012553754262626171, 0.021115904673933983, -0.9996981620788574, 1.569244384765625], [-0.9998805522918701, 0.009282517246901989, -0.012359977699816227, -0.0500946044921875], [0.0, 0.0, 0.0, 1.0]], [[-0.9234681725502014, 0.3833291530609131, -0.01628180965781212, 1.009185791015625], [0.016974203288555145, -0.0015764606650918722, -0.9998546838760376, 1.550595998764038], [-0.3832991123199463, -0.9236104488372803, -0.005050895269960165, -0.1063232421875], [0.0, 0.0, 0.0, 1.0]]], "view": [[0.0, -2.0, 100.0], [-2.0, 0.0, 100.0], [0.0, 0.0, 1.0]], "bev": "bev_43c63cf8a10d4d07ab383af9f5bbde33.png", "aux": "aux_43c63cf8a10d4d07ab383af9f5bbde33.npz", "visibility": "visibility_43c63cf8a10d4d07ab383af9f5bbde33.png", "pose": [[-0.8078343868255615, -0.5894095301628113, 0.0, 1165.24853515625], [0.5894095301628113, -0.8078343868255615, 0.0, 1149.76416015625], [0.0, 0.0, 1.0, 0.0], [0.0, 0.0, 0.0, 1.0]], "pose_inverse": [[-0.8078343868255615, 0.5894095301628113, 0.0, 263.6458435058594], [-0.5894095301628113, -0.8078343868255615, 0.0, 1615.627685546875], [0.0, 0.0, 1.0, 0.0], [0.0, 0.0, 0.0, 1.0]], "cam_ids": [0, 1, 2, 3, 4, 5], "cam_channels": ["CAM_FRONT_LEFT", "CAM_FRONT", "CAM_FRONT_RIGHT", "CAM_BACK_LEFT", "CAM_BACK", "CAM_BACK_RIGHT"], "token": "43c63cf8a10d4d07ab383af9f5bbde33", "scene": "scene-0469"}, {"images": ["samples/CAM_FRONT_LEFT/n008-2018-09-18-12-53-31-0400__CAM_FRONT_LEFT__1537290004654799.jpg", "samples/CAM_FRONT/n008-2018-09-18-12-53-31-0400__CAM_FRONT__1537290004662404.jpg", "samples/CAM_FRONT_RIGHT/n008-2018-09-18-12-53-31-0400__CAM_FRONT_RIGHT__1537290004670482.jpg", "samples/CAM_BACK_LEFT/n008-2018-09-18-12-53-31-0400__CAM_BACK_LEFT__1537290004697405.jpg", "samples/CAM_BACK/n008-2018-09-18-12-53-31-0400__CAM_BACK__1537290004687558.jpg", "samples/CAM_BACK_RIGHT/n008-2018-09-18-12-53-31-0400__CAM_BACK_RIGHT__1537290004678113.jpg"], "intrinsics": [[[1257.8625342125129, 0.0, 827.2410631095686], [0.0, 1257.8625342125129, 450.915498205774], [0.0, 0.0, 1.0]], [[1252.8131021185304, 0.0, 826.588114781398], [0.0, 1252.8131021185304, 469.9846626224581], [0.0, 0.0, 1.0]], [[1256.7485116440405, 0.0, 817.7887570959712], [0.0, 1256.7485116440403, 451.9541780095127], [0.0, 0.0, 1.0]], [[1254.9860565800168, 0.0, 829.5769333630991], [0.0, 1254.9860565800168, 467.1680561863987], [0.0, 0.0, 1.0]], [[796.8910634503094, 0.0, 857.7774326863696], [0.0, 796.8910634503094, 476.8848988407415], [0.0, 0.0, 1.0]], [[1249.9629280788233, 0.0, 825.3768045375984], [0.0, 1249.9629280788233, 462.54816385708756], [0.0, 0.0, 1.0]]], "extrinsics": [[[0.8223079442977905, -0.5690311193466187, 0.003629195736721158, -0.7291259765625], [0.022173183038830757, 0.02566833235323429, -0.9994245767593384, 1.4957084655761719], [0.5686104893684387, 0.8219152688980103, 0.033724505454301834, -1.1434326171875], [0.0, 0.0, 0.0, 1.0]], [[0.010170981287956238, -0.9997193217277527, -0.021397672593593597, 0.0086669921875], [0.023941367864608765, 0.021636109799146652, -0.9994792342185974, 1.4868202209472656], [0.9996615648269653, 0.009653343819081783, 0.02415470778942108, -1.456390380859375], [0.0, 0.0, 0.0, 1.0]], [[-0.8437452912330627, -0.5356749892234802, -0.03385615721344948, 0.90673828125], [0.0318501740694046, 0.012997960671782494, -0.9994081258773804, 1.5000152587890625], [0.5357979536056519, -0.8443242907524109, 0.0060943737626075745, -1.160400390625], [0.0, 0.0, 0.0, 1.0]], [[0.9477903842926025, 0.31855130195617676, 0.014775913208723068, -1.12786865234375], [0.006072498857975006, 0.02829768694937229, -0.9995810985565186, 1.5621414184570312], [-0.3188360035419464, 0.9474831223487854, 0.02488587610423565, -0.16162109375], [0.0, 0.0, 0.0, 1.0]], [[0.009084216319024563, 0.9997422099113464, 0.020809080451726913, -0.0283203125], [0.008308197371661663, 0.02073376066982746, -0.9997504949569702, 1.5688095092773438], [-0.9999243021011353, 0.00925474613904953, -0.008117707446217537, -0.0462493896484375], [0.0, 0.0, 0.0, 1.0]], [[-0.923547089099884, 0.383280873298645, -0.012509828433394432, 1.011688232421875], [0.012703359127044678, -0.002026301808655262, -0.9999172687530518, 1.5498595237731934], [-0.38327449560165405, -0.923629641532898, -0.0029975685756653547, -0.105224609375], [0.0, 0.0, 0.0, 1.0]]], "view": [[0.0, -2.0, 100.0], [-2.0, 0.0, 100.0], [0.0, 0.0, 1.0]], "bev": "bev_e52f4c92c906440fae914f07c5c4b759.png", "aux": "aux_e52f4c92c906440fae914f07c5c4b759.npz", "visibility": "visibility_e52f4c92c906440fae914f07c5c4b759.png", "pose": [[-0.8095887303352356, -0.5869975090026855, 0.0, 1162.3131103515625], [0.5869975090026855, -0.8095887303352356, 0.0, 1151.920166015625], [0.0, 0.0, 1.0, 0.0], [0.0, 0.0, 0.0, 1.0]], "pose_inverse": [[-0.8095887303352356, 0.5869975090026855, 0.0, 264.8213806152344], [-0.5869975090026855, -0.8095887303352356, 0.0, 1614.8564453125], [0.0, 0.0, 1.0, 0.0], [0.0, 0.0, 0.0, 1.0]], "cam_ids": [0, 1, 2, 3, 4, 5], "cam_channels": ["CAM_FRONT_LEFT", "CAM_FRONT", "CAM_FRONT_RIGHT", "CAM_BACK_LEFT", "CAM_BACK", "CAM_BACK_RIGHT"], "token": "e52f4c92c906440fae914f07c5c4b759", "scene": "scene-0469"}, {"images": ["samples/CAM_FRONT_LEFT/n008-2018-09-18-12-53-31-0400__CAM_FRONT_LEFT__1537290005154799.jpg", "samples/CAM_FRONT/n008-2018-09-18-12-53-31-0400__CAM_FRONT__1537290005162404.jpg", "samples/CAM_FRONT_RIGHT/n008-2018-09-18-12-53-31-0400__CAM_FRONT_RIGHT__1537290005170482.jpg", "samples/CAM_BACK_LEFT/n008-2018-09-18-12-53-31-0400__CAM_BACK_LEFT__1537290005197405.jpg", "samples/CAM_BACK/n008-2018-09-18-12-53-31-0400__CAM_BACK__1537290005187558.jpg", "samples/CAM_BACK_RIGHT/n008-2018-09-18-12-53-31-0400__CAM_BACK_RIGHT__1537290005178113.jpg"], "intrinsics": [[[1257.8625342125129, 0.0, 827.2410631095686], [0.0, 1257.8625342125129, 450.915498205774], [0.0, 0.0, 1.0]], [[1252.8131021185304, 0.0, 826.588114781398], [0.0, 1252.8131021185304, 469.9846626224581], [0.0, 0.0, 1.0]], [[1256.7485116440405, 0.0, 817.7887570959712], [0.0, 1256.7485116440403, 451.9541780095127], [0.0, 0.0, 1.0]], [[1254.9860565800168, 0.0, 829.5769333630991], [0.0, 1254.9860565800168, 467.1680561863987], [0.0, 0.0, 1.0]], [[796.8910634503094, 0.0, 857.7774326863696], [0.0, 796.8910634503094, 476.8848988407415], [0.0, 0.0, 1.0]], [[1249.9629280788233, 0.0, 825.3768045375984], [0.0, 1249.9629280788233, 462.54816385708756], [0.0, 0.0, 1.0]]], "extrinsics": [[[0.8221825361251831, -0.5692216157913208, -0.001649324782192707, -0.7198486328125], [0.015199476853013039, 0.024850377812981606, -0.9995756149291992, 1.4935379028320312], [0.5690209865570068, 0.8218085765838623, 0.02908341772854328, -1.136962890625], [0.0, 0.0, 0.0, 1.0]], [[0.009863941930234432, -0.9997378587722778, -0.02066243253648281, 0.0086669921875], [0.017032308503985405, 0.02082841843366623, -0.999638020992279, 1.4850578308105469], [0.99980628490448, 0.009508484043180943, 0.017233293503522873, -1.446990966796875], [0.0, 0.0, 0.0, 1.0]], [[-0.844000518321991, -0.5356300473213196, -0.027632880955934525, 0.900146484375], [0.02496528998017311, 0.012231358326971531, -0.9996134638786316, 1.4987049102783203], [0.5357609987258911, -0.8443641662597656, 0.003048886777833104, -1.156494140625], [0.0, 0.0, 0.0, 1.0]], [[0.9478667974472046, 0.3185631334781647, 0.008133136667311192, -1.12811279296875], [-0.0006933645927347243, 0.027584034949541092, -0.9996192455291748, 1.5620269775390625], [-0.31866616010665894, 0.9475002288818359, 0.02636687085032463, -0.1614990234375], [0.0, 0.0, 0.0, 1.0]], [[0.00923918280750513, 0.9997566342353821, 0.02003532648086548, -0.0281982421875], [0.0016000921605154872, 0.02002137340605259, -0.9997982382774353, 1.5682106018066406], [-0.9999560713768005, 0.009269390255212784, -0.0014147228794172406, -0.049102783203125], [0.0, 0.0, 0.0, 1.0]], [[-0.9235982298851013, 0.38330718874931335, -0.0064707365818321705, 1.006561279296875], [0.005861945915967226, -0.002756322268396616, -0.9999790191650391, 1.5487895011901855], [-0.38331687450408936, -0.9236168265342712, 0.0002988097257912159, -0.1075439453125], [0.0, 0.0, 0.0, 1.0]]], "view": [[0.0, -2.0, 100.0], [-2.0, 0.0, 100.0], [0.0, 0.0, 1.0]], "bev": "bev_8a2160cad3d74535bf73f6e0620f8594.png", "aux": "aux_8a2160cad3d74535bf73f6e0620f8594.npz", "visibility": "visibility_8a2160cad3d74535bf73f6e0620f8594.png", "pose": [[-0.8135109543800354, -0.5815495848655701, 0.0, 1159.2708740234375], [0.5815495848655701, -0.8135109543800354, 0.0, 1154.12451171875], [0.0, 0.0, 1.0, 0.0], [0.0, 0.0, 0.0, 1.0]], "pose_inverse": [[-0.8135109543800354, 0.5815495848655701, 0.0, 271.8989562988281], [-0.5815495848655701, -0.8135109543800354, 0.0, 1613.06640625], [0.0, 0.0, 1.0, 0.0], [0.0, 0.0, 0.0, 1.0]], "cam_ids": [0, 1, 2, 3, 4, 5], "cam_channels": ["CAM_FRONT_LEFT", "CAM_FRONT", "CAM_FRONT_RIGHT", "CAM_BACK_LEFT", "CAM_BACK", "CAM_BACK_RIGHT"], "token": "8a2160cad3d74535bf73f6e0620f8594", "scene": "scene-0469"}, {"images": ["samples/CAM_FRONT_LEFT/n008-2018-09-18-12-53-31-0400__CAM_FRONT_LEFT__1537290005654799.jpg", "samples/CAM_FRONT/n008-2018-09-18-12-53-31-0400__CAM_FRONT__1537290005662404.jpg", "samples/CAM_FRONT_RIGHT/n008-2018-09-18-12-53-31-0400__CAM_FRONT_RIGHT__1537290005670482.jpg", "samples/CAM_BACK_LEFT/n008-2018-09-18-12-53-31-0400__CAM_BACK_LEFT__1537290005697405.jpg", "samples/CAM_BACK/n008-2018-09-18-12-53-31-0400__CAM_BACK__1537290005687558.jpg", "samples/CAM_BACK_RIGHT/n008-2018-09-18-12-53-31-0400__CAM_BACK_RIGHT__1537290005678113.jpg"], "intrinsics": [[[1257.8625342125129, 0.0, 827.2410631095686], [0.0, 1257.8625342125129, 450.915498205774], [0.0, 0.0, 1.0]], [[1252.8131021185304, 0.0, 826.588114781398], [0.0, 1252.8131021185304, 469.9846626224581], [0.0, 0.0, 1.0]], [[1256.7485116440405, 0.0, 817.7887570959712], [0.0, 1256.7485116440403, 451.9541780095127], [0.0, 0.0, 1.0]], [[1254.9860565800168, 0.0, 829.5769333630991], [0.0, 1254.9860565800168, 467.1680561863987], [0.0, 0.0, 1.0]], [[796.8910634503094, 0.0, 857.7774326863696], [0.0, 796.8910634503094, 476.8848988407415], [0.0, 0.0, 1.0]], [[1249.9629280788233, 0.0, 825.3768045375984], [0.0, 1249.9629280788233, 462.54816385708756], [0.0, 0.0, 1.0]]], "extrinsics": [[[0.8215298056602478, -0.5701649188995361, -0.0008855952764861286, -0.69891357421875], [0.015333481132984161, 0.02364606224000454, -0.9996027946472168, 1.4940414428710938], [0.5699593424797058, 0.8211898803710938, 0.028168559074401855, -1.1197509765625], [0.0, 0.0, 0.0, 1.0]], [[0.00887093786150217, -0.9997707009315491, -0.019486017525196075, 0.007080078125], [0.01718321070075035, 0.01963631622493267, -0.999659538269043, 1.4855194091796875], [0.99981290102005, 0.008533088490366936, 0.017353463917970657, -1.424102783203125], [0.0, 0.0, 0.0, 1.0]], [[-0.8444420099258423, -0.5349589586257935, -0.027139779180288315, 0.8841552734375], [0.025127965956926346, 0.011048403568565845, -0.99962317943573, 1.4992141723632812], [0.5350572466850281, -0.8448057770729065, 0.004112693015486002, -1.1478271484375], [0.0, 0.0, 0.0, 1.0]], [[0.9478933215141296, 0.3184810280799866, 0.008249258622527122, -1.1236572265625], [-0.00021590021788142622, 0.026535339653491974, -0.999647855758667, 1.562042236328125], [-0.3185878396034241, 0.9475576877593994, 0.025221431627869606, -0.162841796875], [0.0, 0.0, 0.0, 1.0]], [[0.00960085354745388, 0.9997749924659729, 0.018915029242634773, -0.027587890625], [0.0019473365973681211, 0.018897172063589096, -0.9998194575309753, 1.5682640075683594], [-0.9999520182609558, 0.00963591504842043, -0.0017654688563197851, -0.058380126953125], [0.0, 0.0, 0.0, 1.0]], [[-0.9233498573303223, 0.38389426469802856, -0.007086558733135462, 0.993682861328125], [0.00605106120929122, -0.0039050534833222628, -0.9999740123748779, 1.5489048957824707], [-0.38391193747520447, -0.9233687520027161, 0.0012827639002352953, -0.1136474609375], [0.0, 0.0, 0.0, 1.0]]], "view": [[0.0, -2.0, 100.0], [-2.0, 0.0, 100.0], [0.0, 0.0, 1.0]], "bev": "bev_af41e1d87fe24aef998e34b7244f7853.png", "aux": "aux_af41e1d87fe24aef998e34b7244f7853.npz", "visibility": "visibility_af41e1d87fe24aef998e34b7244f7853.png", "pose": [[-0.8168469667434692, -0.576854407787323, 0.0, 1156.076171875], [0.576854407787323, -0.8168469667434692, 0.0, 1156.4117431640625], [0.0, 0.0, 1.0, 0.0], [0.0, 0.0, 0.0, 1.0]], "pose_inverse": [[-0.8168469667434692, 0.576854407787323, 0.0, 277.2561340332031], [-0.576854407787323, -0.8168469667434692, 0.0, 1611.4990234375], [0.0, 0.0, 1.0, 0.0], [0.0, 0.0, 0.0, 1.0]], "cam_ids": [0, 1, 2, 3, 4, 5], "cam_channels": ["CAM_FRONT_LEFT", "CAM_FRONT", "CAM_FRONT_RIGHT", "CAM_BACK_LEFT", "CAM_BACK", "CAM_BACK_RIGHT"], "token": "af41e1d87fe24aef998e34b7244f7853", "scene": "scene-0469"}, {"images": ["samples/CAM_FRONT_LEFT/n008-2018-09-18-12-53-31-0400__CAM_FRONT_LEFT__1537290006154799.jpg", "samples/CAM_FRONT/n008-2018-09-18-12-53-31-0400__CAM_FRONT__1537290006162404.jpg", "samples/CAM_FRONT_RIGHT/n008-2018-09-18-12-53-31-0400__CAM_FRONT_RIGHT__1537290006170482.jpg", "samples/CAM_BACK_LEFT/n008-2018-09-18-12-53-31-0400__CAM_BACK_LEFT__1537290006197405.jpg", "samples/CAM_BACK/n008-2018-09-18-12-53-31-0400__CAM_BACK__1537290006187558.jpg", "samples/CAM_BACK_RIGHT/n008-2018-09-18-12-53-31-0400__CAM_BACK_RIGHT__1537290006178113.jpg"], "intrinsics": [[[1257.8625342125129, 0.0, 827.2410631095686], [0.0, 1257.8625342125129, 450.915498205774], [0.0, 0.0, 1.0]], [[1252.8131021185304, 0.0, 826.588114781398], [0.0, 1252.8131021185304, 469.9846626224581], [0.0, 0.0, 1.0]], [[1256.7485116440405, 0.0, 817.7887570959712], [0.0, 1256.7485116440403, 451.9541780095127], [0.0, 0.0, 1.0]], [[1254.9860565800168, 0.0, 829.5769333630991], [0.0, 1254.9860565800168, 467.1680561863987], [0.0, 0.0, 1.0]], [[796.8910634503094, 0.0, 857.7774326863696], [0.0, 796.8910634503094, 476.8848988407415], [0.0, 0.0, 1.0]], [[1249.9629280788233, 0.0, 825.3768045375984], [0.0, 1249.9629280788233, 462.54816385708756], [0.0, 0.0, 1.0]]], "extrinsics": [[[0.8227904438972473, -0.5683449506759644, 1.3039227724220837e-06, -0.70458984375], [0.015400990843772888, 0.022293657064437866, -0.9996328353881836, 1.4939613342285156], [0.5681360960006714, 0.8224883675575256, 0.027096083387732506, -1.1240234375], [0.0, 0.0, 0.0, 1.0]], [[0.010737024247646332, -0.999779999256134, -0.01801675371825695, 0.007568359375], [0.01753110997378826, 0.018203236162662506, -0.9996805787086487, 1.485504150390625], [0.999788761138916, 0.010417788289487362, 0.017722703516483307, -1.43145751953125], [0.0, 0.0, 0.0, 1.0]], [[-0.8436355590820312, -0.5362474918365479, -0.026791181415319443, 0.890380859375], [0.025671763345599174, 0.00955438893288374, -0.9996247291564941, 1.4991607666015625], [0.5363021492958069, -0.8440067768096924, 0.0057059950195252895, -1.1512451171875], [0.0, 0.0, 0.0, 1.0]], [[0.9478515386581421, 0.31859761476516724, 0.008541636168956757, -1.12957763671875], [0.0007066770922392607, 0.024699507281184196, -0.9996947050094604, 1.5620536804199219], [-0.3187112808227539, 0.9475681781768799, 0.023186322301626205, -0.1610107421875], [0.0, 0.0, 0.0, 1.0]], [[0.008980423212051392, 0.9998107552528381, 0.01725831627845764, -0.027587890625], [0.0025773963425308466, 0.017235809937119484, -0.9998481273651123, 1.5683174133300781], [-0.9999563694000244, 0.009023564867675304, -0.0024221239145845175, -0.052032470703125], [0.0, 0.0, 0.0, 1.0]], [[-0.9237667918205261, 0.3828665316104889, -0.008248875848948956, 1.00006103515625], [0.006659692153334618, -0.005475971382111311, -0.9999628663063049, 1.548966407775879], [-0.38289737701416016, -0.9237874150276184, 0.0025087485555559397, -0.111083984375], [0.0, 0.0, 0.0, 1.0]]], "view": [[0.0, -2.0, 100.0], [-2.0, 0.0, 100.0], [0.0, 0.0, 1.0]], "bev": "bev_1268260353864b39848eecf59277fe38.png", "aux": "aux_1268260353864b39848eecf59277fe38.npz", "visibility": "visibility_1268260353864b39848eecf59277fe38.png", "pose": [[-0.8177487254142761, -0.5755753517150879, 0.0, 1152.7254638671875], [0.5755753517150879, -0.8177487254142761, 0.0, 1158.7686767578125], [0.0, 0.0, 1.0, 0.0], [0.0, 0.0, 0.0, 1.0]], "pose_inverse": [[-0.8177487254142761, 0.5755753517150879, 0.0, 275.6811218261719], [-0.5755753517150879, -0.8177487254142761, 0.0, 1611.06201171875], [0.0, 0.0, 1.0, 0.0], [0.0, 0.0, 0.0, 1.0]], "cam_ids": [0, 1, 2, 3, 4, 5], "cam_channels": ["CAM_FRONT_LEFT", "CAM_FRONT", "CAM_FRONT_RIGHT", "CAM_BACK_LEFT", "CAM_BACK", "CAM_BACK_RIGHT"], "token": "1268260353864b39848eecf59277fe38", "scene": "scene-0469"}, {"images": ["samples/CAM_FRONT_LEFT/n008-2018-09-18-12-53-31-0400__CAM_FRONT_LEFT__1537290006654799.jpg", "samples/CAM_FRONT/n008-2018-09-18-12-53-31-0400__CAM_FRONT__1537290006662404.jpg", "samples/CAM_FRONT_RIGHT/n008-2018-09-18-12-53-31-0400__CAM_FRONT_RIGHT__1537290006670482.jpg", "samples/CAM_BACK_LEFT/n008-2018-09-18-12-53-31-0400__CAM_BACK_LEFT__1537290006697405.jpg", "samples/CAM_BACK/n008-2018-09-18-12-53-31-0400__CAM_BACK__1537290006687558.jpg", "samples/CAM_BACK_RIGHT/n008-2018-09-18-12-53-31-0400__CAM_BACK_RIGHT__1537290006678113.jpg"], "intrinsics": [[[1257.8625342125129, 0.0, 827.2410631095686], [0.0, 1257.8625342125129, 450.915498205774], [0.0, 0.0, 1.0]], [[1252.8131021185304, 0.0, 826.588114781398], [0.0, 1252.8131021185304, 469.9846626224581], [0.0, 0.0, 1.0]], [[1256.7485116440405, 0.0, 817.7887570959712], [0.0, 1256.7485116440403, 451.9541780095127], [0.0, 0.0, 1.0]], [[1254.9860565800168, 0.0, 829.5769333630991], [0.0, 1254.9860565800168, 467.1680561863987], [0.0, 0.0, 1.0]], [[796.8910634503094, 0.0, 857.7774326863696], [0.0, 796.8910634503094, 476.8848988407415], [0.0, 0.0, 1.0]], [[1249.9629280788233, 0.0, 825.3768045375984], [0.0, 1249.9629280788233, 462.54816385708756], [0.0, 0.0, 1.0]]], "extrinsics": [[[0.8223423361778259, -0.5689902901649475, 0.0017733756685629487, -0.684326171875], [0.018567224964499474, 0.023719292134046555, -0.999546229839325, 1.4954910278320312], [0.5686899423599243, 0.8220021724700928, 0.030069949105381966, -1.1129150390625], [0.0, 0.0, 0.0, 1.0]], [[0.010126779787242413, -0.9997571110725403, -0.019573792815208435, 0.009521484375], [0.020628370344638824, 0.019779499620199203, -0.9995915293693542, 1.4868011474609375], [0.9997358918190002, 0.00971888191998005, 0.020823663100600243, -1.412139892578125], [0.0, 0.0, 0.0, 1.0]], [[-0.8438449501991272, -0.5357369780540466, -0.030194414779543877, 0.87841796875], [0.02859863080084324, 0.011287872679531574, -0.9995272159576416, 1.5002708435058594], [0.5358244776725769, -0.8443095684051514, 0.005796127486974001, -1.141845703125], [0.0, 0.0, 0.0, 1.0]], [[0.9478290677070618, 0.3185674548149109, 0.011611184105277061, -1.12896728515625], [0.0032156577799469233, 0.026867268607020378, -0.9996338486671448, 1.5620956420898438], [-0.31876277923583984, 0.9475193023681641, 0.024441175162792206, -0.1611328125], [0.0, 0.0, 0.0, 1.0]], [[0.009142777882516384, 0.9997725486755371, 0.019268447533249855, -0.0281982421875], [0.005385548807680607, 0.019219741225242615, -0.9998007416725159, 1.5686073303222656], [-0.9