[{"images": ["samples/CAM_FRONT_LEFT/n008-2018-08-29-16-04-13-0400__CAM_FRONT_LEFT__1535573074854799.jpg", "samples/CAM_FRONT/n008-2018-08-29-16-04-13-0400__CAM_FRONT__1535573074862404.jpg", "samples/CAM_FRONT_RIGHT/n008-2018-08-29-16-04-13-0400__CAM_FRONT_RIGHT__1535573074870482.jpg", "samples/CAM_BACK_LEFT/n008-2018-08-29-16-04-13-0400__CAM_BACK_LEFT__1535573074897405.jpg", "samples/CAM_BACK/n008-2018-08-29-16-04-13-0400__CAM_BACK__1535573074887558.jpg", "samples/CAM_BACK_RIGHT/n008-2018-08-29-16-04-13-0400__CAM_BACK_RIGHT__1535573074878113.jpg"], "intrinsics": [[[1257.8625342125129, 0.0, 827.2410631095686], [0.0, 1257.8625342125129, 450.915498205774], [0.0, 0.0, 1.0]], [[1252.8131021185304, 0.0, 826.588114781398], [0.0, 1252.8131021185304, 469.9846626224581], [0.0, 0.0, 1.0]], [[1256.7485116440405, 0.0, 817.7887570959712], [0.0, 1256.7485116440403, 451.9541780095127], [0.0, 0.0, 1.0]], [[1254.9860565800168, 0.0, 829.5769333630991], [0.0, 1254.9860565800168, 467.1680561863987], [0.0, 0.0, 1.0]], [[796.8910634503094, 0.0, 857.7774326863696], [0.0, 796.8910634503094, 476.8848988407415], [0.0, 0.0, 1.0]], [[1249.9629280788233, 0.0, 825.3768045375984], [0.0, 1249.9629280788233, 462.54816385708756], [0.0, 0.0, 1.0]]], "extrinsics": [[[0.822537362575531, -0.5684713125228882, -0.016516365110874176, -0.8262939453125], [-0.001838279189541936, 0.026383979246020317, -0.9996501803398132, 1.4878273010253906], [0.5687081813812256, 0.8222799897193909, 0.020656799897551537, -1.21337890625], [0.0, 0.0, 0.0, 1.0]], [[0.010212326422333717, -0.9996992945671082, -0.02229522354900837, 0.00946044921875], [-6.069476148695685e-05, 0.022295767441391945, -0.9997513890266418, 1.4801044464111328], [0.9999478459358215, 0.010211139917373657, 0.0001670156343607232, -1.556884765625], [0.0, 0.0, 0.0, 1.0]], [[-0.844062328338623, -0.5360662937164307, -0.013843851163983345, 0.974853515625], [0.007780974730849266, 0.013570203445851803, -0.9998776316642761, 1.4941234588623047], [0.5361886024475098, -0.844066858291626, -0.007282979320734739, -1.201904296875], [0.0, 0.0, 0.0, 1.0]], [[0.9478129148483276, 0.31872764229774475, -0.007961614988744259, -1.13427734375], [-0.017976032570004463, 0.02849084511399269, -0.999432384967804, 1.561859130859375], [-0.3183199167251587, 0.9474180340766907, 0.03273344784975052, -0.159393310546875], [0.0, 0.0, 0.0, 1.0]], [[0.009292881935834885, 0.9997377991676331, 0.02092757634818554, -0.0289306640625], [-0.015672964975237846, 0.021071530878543854, -0.9996550679206848, 1.5671701431274414], [-0.9998340606689453, 0.00896168127655983, 0.015864672139286995, -0.011474609375], [0.0, 0.0, 0.0, 1.0]], [[-0.9237298965454102, 0.3829161822795868, 0.009912902489304543, 1.0670166015625], [-0.011373895220458508, -0.0015516668790951371, -0.9999340772628784, 1.5466690063476562], [-0.3828754723072052, -0.9237817525863647, 0.005788569338619709, -0.0810546875], [0.0, 0.0, 0.0, 1.0]]], "view": [[0.0, -2.0, 100.0], [-2.0, 0.0, 100.0], [0.0, 0.0, 1.0]], "bev": "bev_f8931bce46d441cc993cc6b685faafea.png", "aux": "aux_f8931bce46d441cc993cc6b685faafea.npz", "visibility": "visibility_f8931bce46d441cc993cc6b685faafea.png", "pose": [[-0.9992722868919373, 0.038143277168273926, 0.0, 2107.4775390625], [-0.038143277168273926, -0.9992722868919373, 0.0, 877.840087890625], [0.0, 0.0, 1.0, 0.0], [0.0, 0.0, 0.0, 1.0]], "pose_inverse": [[-0.9992722868919373, -0.038143277168273926, 0.0, 2139.427490234375], [0.038143277168273926, -0.9992722868919373, 0.0, 796.815185546875], [0.0, 0.0, 1.0, 0.0], [0.0, 0.0, 0.0, 1.0]], "cam_ids": [0, 1, 2, 3, 4, 5], "cam_channels": ["CAM_FRONT_LEFT", "CAM_FRONT", "CAM_FRONT_RIGHT", "CAM_BACK_LEFT", "CAM_BACK", "CAM_BACK_RIGHT"], "token": "f8931bce46d441cc993cc6b685faafea", "scene": "scene-0696"}, {"images": ["samples/CAM_FRONT_LEFT/n008-2018-08-29-16-04-13-0400__CAM_FRONT_LEFT__1535573075354799.jpg", "samples/CAM_FRONT/n008-2018-08-29-16-04-13-0400__CAM_FRONT__1535573075362404.jpg", "samples/CAM_FRONT_RIGHT/n008-2018-08-29-16-04-13-0400__CAM_FRONT_RIGHT__1535573075370482.jpg", "samples/CAM_BACK_LEFT/n008-2018-08-29-16-04-13-0400__CAM_BACK_LEFT__1535573075397405.jpg", "samples/CAM_BACK/n008-2018-08-29-16-04-13-0400__CAM_BACK__1535573075387558.jpg", "samples/CAM_BACK_RIGHT/n008-2018-08-29-16-04-13-0400__CAM_BACK_RIGHT__1535573075378113.jpg"], "intrinsics": [[[1257.8625342125129, 0.0, 827.2410631095686], [0.0, 1257.8625342125129, 450.915498205774], [0.0, 0.0, 1.0]], [[1252.8131021185304, 0.0, 826.588114781398], [0.0, 1252.8131021185304, 469.9846626224581], [0.0, 0.0, 1.0]], [[1256.7485116440405, 0.0, 817.7887570959712], [0.0, 1256.7485116440403, 451.9541780095127], [0.0, 0.0, 1.0]], [[1254.9860565800168, 0.0, 829.5769333630991], [0.0, 1254.9860565800168, 467.1680561863987], [0.0, 0.0, 1.0]], [[796.8910634503094, 0.0, 857.7774326863696], [0.0, 796.8910634503094, 476.8848988407415], [0.0, 0.0, 1.0]], [[1249.9629280788233, 0.0, 825.3768045375984], [0.0, 1249.9629280788233, 462.54816385708756], [0.0, 0.0, 1.0]]], "extrinsics": [[[0.8223878741264343, -0.5688487887382507, -0.009452518075704575, -0.8394775390625], [0.002130738226696849, 0.01969408616423607, -0.9998037815093994, 1.4886703491210938], [0.5689233541488647, 0.8222063183784485, 0.01740824431180954, -1.2220458984375], [0.0, 0.0, 0.0, 1.0]], [[0.009998171590268612, -0.9998297095298767, -0.0155094675719738, 0.0091552734375], [0.004126011859625578, 0.015551360324025154, -0.9998705387115479, 1.480813980102539], [0.9999415278434753, 0.009932883083820343, 0.004280794877558947, -1.569580078125], [0.0, 0.0, 0.0, 1.0]], [[-0.8441269397735596, -0.5359618067741394, -0.013949382118880749, 0.982421875], [0.012194561772048473, 0.006818139925599098, -0.9999023675918579, 1.49462890625], [0.5360045433044434, -0.8442147374153137, 0.0007804424385540187, -1.2069091796875], [0.0, 0.0, 0.0, 1.0]], [[0.947831928730011, 0.3187244236469269, -0.005432693753391504, -1.137939453125], [-0.013084708712995052, 0.021872103214263916, -0.9996751546859741, 1.5619544982910156], [-0.3185020983219147, 0.9475950002670288, 0.02490149438381195, -0.15836334228515625], [0.0, 0.0, 0.0, 1.0]], [[0.009293503127992153, 0.9998551607131958, 0.014256524853408337, -0.02911376953125], [-0.011001975275576115, 0.01435851864516735, -0.9998363852500916, 1.5674829483032227], [-0.9998962879180908, 0.009135132655501366, 0.011133823543787003, -0.007080078125], [0.0, 0.0, 0.0, 1.0]], [[-0.9236903786659241, 0.3831268846988678, 0.0031423019245266914, 1.0731201171875], [-0.0068426793441176414, -0.008295938372612, -0.9999421834945679, 1.5471763610839844], [-0.3830786645412445, -0.9236584901809692, 0.010284492745995522, -0.0787353515625], [0.0, 0.0, 0.0, 1.0]]], "view": [[0.0, -2.0, 100.0], [-2.0, 0.0, 100.0], [0.0, 0.0, 1.0]], "bev": "bev_9ce69e6559604c3fb98e83d3cb9e7079.png", "aux": "aux_9ce69e6559604c3fb98e83d3cb9e7079.npz", "visibility": "visibility_9ce69e6559604c3fb98e83d3cb9e7079.png", "pose": [[-0.9993265867233276, 0.03669320046901703, 0.0, 2105.20703125], [-0.03669320046901703, -0.9993265867233276, 0.0, 877.785888671875], [0.0, 0.0, 1.0, 0.0], [0.0, 0.0, 0.0, 1.0]], "pose_inverse": [[-0.9993265867233276, -0.03669320046901703, 0.0, 2135.998046875], [0.03669320046901703, -0.9993265867233276, 0.0, 799.947998046875], [0.0, 0.0, 1.0, 0.0], [0.0, 0.0, 0.0, 1.0]], "cam_ids": [0, 1, 2, 3, 4, 5], "cam_channels": ["CAM_FRONT_LEFT", "CAM_FRONT", "CAM_FRONT_RIGHT", "CAM_BACK_LEFT", "CAM_BACK", "CAM_BACK_RIGHT"], "token": "9ce69e6559604c3fb98e83d3cb9e7079", "scene": "scene-0696"}, {"images": ["samples/CAM_FRONT_LEFT/n008-2018-08-29-16-04-13-0400__CAM_FRONT_LEFT__1535573075854799.jpg", "samples/CAM_FRONT/n008-2018-08-29-16-04-13-0400__CAM_FRONT__1535573075862404.jpg", "samples/CAM_FRONT_RIGHT/n008-2018-08-29-16-04-13-0400__CAM_FRONT_RIGHT__1535573075870482.jpg", "samples/CAM_BACK_LEFT/n008-2018-08-29-16-04-13-0400__CAM_BACK_LEFT__1535573075897405.jpg", "samples/CAM_BACK/n008-2018-08-29-16-04-13-0400__CAM_BACK__1535573075887558.jpg", "samples/CAM_BACK_RIGHT/n008-2018-08-29-16-04-13-0400__CAM_BACK_RIGHT__1535573075878113.jpg"], "intrinsics": [[[1257.8625342125129, 0.0, 827.2410631095686], [0.0, 1257.8625342125129, 450.915498205774], [0.0, 0.0, 1.0]], [[1252.8131021185304, 0.0, 826.588114781398], [0.0, 1252.8131021185304, 469.9846626224581], [0.0, 0.0, 1.0]], [[1256.7485116440405, 0.0, 817.7887570959712], [0.0, 1256.7485116440403, 451.9541780095127], [0.0, 0.0, 1.0]], [[1254.9860565800168, 0.0, 829.5769333630991], [0.0, 1254.9860565800168, 467.1680561863987], [0.0, 0.0, 1.0]], [[796.8910634503094, 0.0, 857.7774326863696], [0.0, 796.8910634503094, 476.8848988407415], [0.0, 0.0, 1.0]], [[1249.9629280788233, 0.0, 825.3768045375984], [0.0, 1249.9629280788233, 462.54816385708756], [0.0, 0.0, 1.0]]], "extrinsics": [[[0.822206437587738, -0.5691229104995728, -0.008694521151483059, -0.8472900390625], [0.001780780265107751, 0.017847271636128426, -0.9998391270637512, 1.4885997772216797], [0.5691865682601929, 0.8220586776733398, 0.015687623992562294, -1.2265625], [0.0, 0.0, 0.0, 1.0]], [[0.009756959974765778, -0.9998603463172913, -0.013566762208938599, 0.00836181640625], [0.003700726432725787, 0.013603420928120613, -0.9999006390571594, 1.4807281494140625], [0.9999455213546753, 0.009705785661935806, 0.003832937916740775, -1.57763671875], [0.0, 0.0, 0.0, 1.0]], [[-0.8442304730415344, -0.5358359217643738, -0.012433670461177826, 0.988525390625], [0.01169976033270359, 0.004768961109220982, -0.9999201893806458, 1.4944934844970703], [0.5358524322509766, -0.8443086743354797, 0.0022430503740906715, -1.211456298828125], [0.0, 0.0, 0.0, 1.0]], [[0.947949230670929, 0.3183499872684479, -0.006743336096405983, -1.141845703125], [-0.013675113208591938, 0.019544199109077454, -0.9997154474258423, 1.5620155334472656], [-0.3181275725364685, 0.9477717280387878, 0.02288038097321987, -0.15673065185546875], [0.0, 0.0, 0.0, 1.0]], [[0.009496904909610748, 0.9998824000358582, 0.012037897482514381, -0.02880859375], [-0.011546669527888298, 0.012147292494773865, -0.9998595118522644, 1.5675201416015625], [-0.9998881816864014, 0.009356572292745113, 0.011660673655569553, -0.001708984375], [0.0, 0.0, 0.0, 1.0]], [[-0.9236389398574829, 0.38325345516204834, 0.0028042427729815245, 1.078857421875], [-0.007360250223428011, -0.010421822778880596, -0.9999186396598816, 1.5471687316894531], [-0.3831929564476013, -0.9235843420028687, 0.012446844018995762, -0.076904296875], [0.0, 0.0, 0.0, 1.0]]], "view": [[0.0, -2.0, 100.0], [-2.0, 0.0, 100.0], [0.0, 0.0, 1.0]], "bev": "bev_50716f6e1289456a92c4e78d9b1d8104.png", "aux": "aux_50716f6e1289456a92c4e78d9b1d8104.npz", "visibility": "visibility_50716f6e1289456a92c4e78d9b1d8104.png", "pose": [[-0.9992972016334534, 0.03748392313718796, 0.0, 2102.992431640625], [-0.03748392313718796, -0.9992972016334534, 0.0, 877.7225341796875], [0.0, 0.0, 1.0, 0.0], [0.0, 0.0, 0.0, 1.0]], "pose_inverse": [[-0.9992972016334534, -0.03748392313718796, 0.0, 2134.4150390625], [0.03748392313718796, -0.9992972016334534, 0.0, 798.2772827148438], [0.0, 0.0, 1.0, 0.0], [0.0, 0.0, 0.0, 1.0]], "cam_ids": [0, 1, 2, 3, 4, 5], "cam_channels": ["CAM_FRONT_LEFT", "CAM_FRONT", "CAM_FRONT_RIGHT", "CAM_BACK_LEFT", "CAM_BACK", "CAM_BACK_RIGHT"], "token": "50716f6e1289456a92c4e78d9b1d8104", "scene": "scene-0696"}, {"images": ["samples/CAM_FRONT_LEFT/n008-2018-08-29-16-04-13-0400__CAM_FRONT_LEFT__1535573076404799.jpg", "samples/CAM_FRONT/n008-2018-08-29-16-04-13-0400__CAM_FRONT__1535573076412404.jpg", "samples/CAM_FRONT_RIGHT/n008-2018-08-29-16-04-13-0400__CAM_FRONT_RIGHT__1535573076420482.jpg", "samples/CAM_BACK_LEFT/n008-2018-08-29-16-04-13-0400__CAM_BACK_LEFT__1535573076447405.jpg", "samples/CAM_BACK/n008-2018-08-29-16-04-13-0400__CAM_BACK__1535573076437558.jpg", "samples/CAM_BACK_RIGHT/n008-2018-08-29-16-04-13-0400__CAM_BACK_RIGHT__1535573076428113.jpg"], "intrinsics": [[[1257.8625342125129, 0.0, 827.2410631095686], [0.0, 1257.8625342125129, 450.915498205774], [0.0, 0.0, 1.0]], [[1252.8131021185304, 0.0, 826.588114781398], [0.0, 1252.8131021185304, 469.9846626224581], [0.0, 0.0, 1.0]], [[1256.7485116440405, 0.0, 817.7887570959712], [0.0, 1256.7485116440403, 451.9541780095127], [0.0, 0.0, 1.0]], [[1254.9860565800168, 0.0, 829.5769333630991], [0.0, 1254.9860565800168, 467.1680561863987], [0.0, 0.0, 1.0]], [[796.8910634503094, 0.0, 857.7774326863696], [0.0, 796.8910634503094, 476.8848988407415], [0.0, 0.0, 1.0]], [[1249.9629280788233, 0.0, 825.3768045375984], [0.0, 1249.9629280788233, 462.54816385708756], [0.0, 0.0, 1.0]]], "extrinsics": [[[0.8224592804908752, -0.5688090920448303, -0.004127665422856808, -0.8455810546875], [0.004960217513144016, 0.014427972957491875, -0.9998835921287537, 1.4892253875732422], [0.5688024163246155, 0.8223430514335632, 0.014687835238873959, -1.22509765625], [0.0, 0.0, 0.0, 1.0]], [[0.010163857601583004, -0.9998958706855774, -0.010245084762573242, 0.008544921875], [0.006981647573411465, 0.010316324420273304, -0.9999224543571472, 1.4812755584716797], [0.9999239444732666, 0.01009154412895441, 0.007085774559527636, -1.572998046875], [0.0, 0.0, 0.0, 1.0]], [[-0.8440078496932983, -0.536158561706543, -0.013597652316093445, 0.983154296875], [0.01507474947720766, 0.0016280324198305607, -0.9998850226402283, 1.4950027465820312], [0.5361190438270569, -0.8441157341003418, 0.006708382163196802, -1.20782470703125], [0.0, 0.0, 0.0, 1.0]], [[0.9478738307952881, 0.3186160624027252, -0.004349793307483196, -1.1337890625], [-0.010266945697367191, 0.016894400119781494, -0.9998045563697815, 1.5619277954101562], [-0.3184802830219269, 0.9477333426475525, 0.019284972921013832, -0.15972900390625], [0.0, 0.0, 0.0, 1.0]], [[0.009231057949364185, 0.9999146461486816, 0.009244143962860107, -0.0289306640625], [-0.008153931237757206, 0.009319500997662544, -0.9999232888221741, 1.567617416381836], [-0.9999241828918457, 0.009154976345598698, 0.008239264599978924, -0.00927734375], [0.0, 0.0, 0.0, 1.0]], [[-0.9237375855445862, 0.38302311301231384, -0.0014661168679594994, 1.0721435546875], [-0.003979935776442289, -0.01342579536139965, -0.9999019503593445, 1.547445297241211], [-0.3830052316188812, -0.9236411452293396, 0.013926318846642971, -0.079345703125], [0.0, 0.0, 0.0, 1.0]]], "view": [[0.0, -2.0, 100.0], [-2.0, 0.0, 100.0], [0.0, 0.0, 1.0]], "bev": "bev_b5f0c5e3d44d40ff8553eaa90c839287.png", "aux": "aux_b5f0c5e3d44d40ff8553eaa90c839287.npz", "visibility": "visibility_b5f0c5e3d44d40ff8553eaa90c839287.png", "pose": [[-0.9993247985839844, 0.03674175217747688, 0.0, 2100.68310546875], [-0.03674175217747688, -0.9993247985839844, 0.0, 877.6549072265625], [0.0, 0.0, 1.0, 0.0], [0.0, 0.0, 0.0, 1.0]], "pose_inverse": [[-0.9993247985839844, -0.03674175217747688, 0.0, 2131.51123046875], [0.03674175217747688, -0.9993247985839844, 0.0, 799.8795166015625], [0.0, 0.0, 1.0, 0.0], [0.0, 0.0, 0.0, 1.0]], "cam_ids": [0, 1, 2, 3, 4, 5], "cam_channels": ["CAM_FRONT_LEFT", "CAM_FRONT", "CAM_FRONT_RIGHT", "CAM_BACK_LEFT", "CAM_BACK", "CAM_BACK_RIGHT"], "token": "b5f0c5e3d44d40ff8553eaa90c839287", "scene": "scene-0696"}, {"images": ["samples/CAM_FRONT_LEFT/n008-2018-08-29-16-04-13-0400__CAM_FRONT_LEFT__1535573076904799.jpg", "samples/CAM_FRONT/n008-2018-08-29-16-04-13-0400__CAM_FRONT__1535573076912404.jpg", "samples/CAM_FRONT_RIGHT/n008-2018-08-29-16-04-13-0400__CAM_FRONT_RIGHT__1535573076920482.jpg", "samples/CAM_BACK_LEFT/n008-2018-08-29-16-04-13-0400__CAM_BACK_LEFT__1535573076947405.jpg", "samples/CAM_BACK/n008-2018-08-29-16-04-13-0400__CAM_BACK__1535573076937558.jpg", "samples/CAM_BACK_RIGHT/n008-2018-08-29-16-04-13-0400__CAM_BACK_RIGHT__1535573076928113.jpg"], "intrinsics": [[[1257.8625342125129, 0.0, 827.2410631095686], [0.0, 1257.8625342125129, 450.915498205774], [0.0, 0.0, 1.0]], [[1252.8131021185304, 0.0, 826.588114781398], [0.0, 1252.8131021185304, 469.9846626224581], [0.0, 0.0, 1.0]], [[1256.7485116440405, 0.0, 817.7887570959712], [0.0, 1256.7485116440403, 451.9541780095127], [0.0, 0.0, 1.0]], [[1254.9860565800168, 0.0, 829.5769333630991], [0.0, 1254.9860565800168, 467.1680561863987], [0.0, 0.0, 1.0]], [[796.8910634503094, 0.0, 857.7774326863696], [0.0, 796.8910634503094, 476.8848988407415], [0.0, 0.0, 1.0]], [[1249.9629280788233, 0.0, 825.3768045375984], [0.0, 1249.9629280788233, 462.54816385708756], [0.0, 0.0, 1.0]]], "extrinsics": [[[0.8226361274719238, -0.5685237050056458, -0.007104283664375544, -0.86669921875], [0.003318239003419876, 0.01729547046124935, -0.9998449087142944, 1.4888362884521484], [0.568558394908905, 0.8224850296974182, 0.016114378347992897, -1.23876953125], [0.0, 0.0, 0.0, 1.0]], [[0.010379736311733723, -0.9998593926429749, -0.013170873746275902, 0.007568359375], [0.005297092720866203, 0.01322637964040041, -0.9998985528945923, 1.4808940887451172], [0.999932050704956, 0.010308916680514812, 0.005433634389191866, -1.595703125], [0.0, 0.0, 0.0, 1.0]], [[-0.8439573049545288, -0.5362347960472107, -0.013721270486712456, 0.999267578125], [0.013344524428248405, 0.004583241418004036, -0.9999004006385803, 1.4945259094238281], [0.53624427318573, -0.8440564274787903, 0.0032877379562705755, -1.21875], [0.0, 0.0, 0.0, 1.0]], [[0.9478640556335449, 0.31863483786582947, -0.005065819248557091, -1.140380859375], [-0.01203248929232359, 0.019899627193808556, -0.999729573726654, 1.561995506286621], [-0.31844788789749146, 0.9476686120033264, 0.022696111351251602, -0.15734100341796875], [0.0, 0.0, 0.0, 1.0]], [[0.009200641885399818, 0.9998826384544373, 0.01224550511687994, -0.02862548828125], [-0.009888130240142345, 0.012336399406194687, -0.9998749494552612, 1.5676403045654297], [-0.9999087452888489, 0.009078404866158962, 0.010000472888350487, 0.002197265625], [0.0, 0.0, 0.0, 1.0]], [[-0.9237731099128723, 0.3829381465911865, 0.0012645700480788946, 1.0872802734375], [-0.005696912761777639, -0.010440784506499767, -0.9999292492866516, 1.5473651885986328], [-0.38289782404899597, -0.9237149953842163, 0.011826480738818645, -0.07373046875], [0.0, 0.0, 0.0, 1.0]]], "view": [[0.0, -2.0, 100.0], [-2.0, 0.0, 100.0], [0.0, 0.0, 1.0]], "bev": "bev_55f97ace819044ff91484b6e682c935a.png", "aux": "aux_55f97ace819044ff91484b6e682c935a.npz", "visibility": "visibility_55f97ace819044ff91484b6e682c935a.png", "pose": [[-0.9993664026260376, 0.035591691732406616, 0.0, 2098.701416015625], [-0.035591691732406616, -0.9993664026260376, 0.0, 877.6011962890625], [0.0, 0.0, 1.0, 0.0], [0.0, 0.0, 0.0, 1.0]], "pose_inverse": [[-0.9993664026260376, -0.035591691732406616, 0.0, 2128.60693359375], [0.035591691732406616, -0.9993664026260376, 0.0, 802.3488159179688], [0.0, 0.0, 1.0, 0.0], [0.0, 0.0, 0.0, 1.0]], "cam_ids": [0, 1, 2, 3, 4, 5], "cam_channels": ["CAM_FRONT_LEFT", "CAM_FRONT", "CAM_FRONT_RIGHT", "CAM_BACK_LEFT", "CAM_BACK", "CAM_BACK_RIGHT"], "token": "55f97ace819044ff91484b6e682c935a", "scene": "scene-0696"}, {"images": ["samples/CAM_FRONT_LEFT/n008-2018-08-29-16-04-13-0400__CAM_FRONT_LEFT__1535573077404799.jpg", "samples/CAM_FRONT/n008-2018-08-29-16-04-13-0400__CAM_FRONT__1535573077412404.jpg", "samples/CAM_FRONT_RIGHT/n008-2018-08-29-16-04-13-0400__CAM_FRONT_RIGHT__1535573077420482.jpg", "samples/CAM_BACK_LEFT/n008-2018-08-29-16-04-13-0400__CAM_BACK_LEFT__1535573077447405.jpg", "samples/CAM_BACK/n008-2018-08-29-16-04-13-0400__CAM_BACK__1535573077437558.jpg", "samples/CAM_BACK_RIGHT/n008-2018-08-29-16-04-13-0400__CAM_BACK_RIGHT__1535573077428113.jpg"], "intrinsics": [[[1257.8625342125129, 0.0, 827.2410631095686], [0.0, 1257.8625342125129, 450.915498205774], [0.0, 0.0, 1.0]], [[1252.8131021185304, 0.0, 826.588114781398], [0.0, 1252.8131021185304, 469.9846626224581], [0.0, 0.0, 1.0]], [[1256.7485116440405, 0.0, 817.7887570959712], [0.0, 1256.7485116440403, 451.9541780095127], [0.0, 0.0, 1.0]], [[1254.9860565800168, 0.0, 829.5769333630991], [0.0, 1254.9860565800168, 467.1680561863987], [0.0, 0.0, 1.0]], [[796.8910634503094, 0.0, 857.7774326863696], [0.0, 796.8910634503094, 476.8848988407415], [0.0, 0.0, 1.0]], [[1249.9629280788233, 0.0, 825.3768045375984], [0.0, 1249.9629280788233, 462.54816385708756], [0.0, 0.0, 1.0]]], "extrinsics": [[[0.8225148320198059, -0.5687209963798523, -0.005084156524389982, -0.8582763671875], [0.007901611737906933, 0.020365234464406967, -0.9997613430023193, 1.48968505859375], [0.5686888694763184, 0.8222783803939819, 0.02124452032148838, -1.23291015625], [0.0, 0.0, 0.0, 1.0]], [[0.010261235758662224, -0.9998167157173157, -0.01616436056792736, 0.0076904296875], [0.010021604597568512, 0.01626722514629364, -0.9998174905776978, 1.4816322326660156], [0.9998971819877625, 0.010097375139594078, 0.010186688974499702, -1.5869140625], [0.0, 0.0, 0.0, 1.0]], [[-0.8439347147941589, -0.5360933542251587, -0.019450226798653603, 0.99365234375], [0.01821919158101082, 0.007593142334371805, -0.999805212020874, 1.4951705932617188], [0.5361366271972656, -0.8441246151924133, 0.003359070047736168, -1.21490478515625], [0.0, 0.0, 0.0, 1.0]], [[0.9478811025619507, 0.31862279772758484, 0.0009447695920243859, -1.140380859375], [-0.006637038197368383, 0.0227090734988451, -0.9997200965881348, 1.5620155334472656], [-0.3185551166534424, 0.947609543800354, 0.023640213534235954, -0.157379150390625], [0.0, 0.0, 0.0, 1.0]], [[0.00917433388531208, 0.9998427629470825, 0.015180779621005058, -0.02886962890625], [-0.004707781132310629, 0.015224438160657883, -0.9998729825019836, 1.5678422451019287], [-0.9999468922615051, 0.00910169817507267, 0.004846714902669191, -0.000244140625], [0.0, 0.0, 0.0, 1.0]], [[-0.9237431883811951, 0.38300591707229614, -0.002219331217929721, 1.0826416015625], [-0.000693913025315851, -0.007467942778021097, -0.999971866607666, 1.5477581024169922], [-0.38301172852516174, -0.9237157106399536, 0.007164234761148691, -0.0753173828125], [0.0, 0.0, 0.0, 1.0]]], "view": [[0.0, -2.0, 100.0], [-2.0, 0.0, 100.0], [0.0, 0.0, 1.0]], "bev": "bev_64920153444640c487eacf744048e8be.png", "aux": "aux_64920153444640c487eacf744048e8be.npz", "visibility": "visibility_64920153444640c487eacf744048e8be.png", "pose": [[-0.9994162321090698, 0.034165024757385254, 0.0, 2096.733642578125], [-0.034165024757385254, -0.9994162321090698, 0.0, 877.5441284179688], [0.0, 0.0, 1.0, 0.0], [0.0, 0.0, 0.0, 1.0]], "pose_inverse": [[-0.9994162321090698, -0.034165024757385254, 0.0, 2125.490966796875], [0.034165024757385254, -0.9994162321090698, 0.0, 805.3968505859375], [0.0, 0.0, 1.0, 0.0], [0.0, 0.0, 0.0, 1.0]], "cam_ids": [0, 1, 2, 3, 4, 5], "cam_channels": ["CAM_FRONT_LEFT", "CAM_FRONT", "CAM_FRONT_RIGHT", "CAM_BACK_LEFT", "CAM_BACK", "CAM_BACK_RIGHT"], "token": "64920153444640c487eacf744048e8be", "scene": "scene-0696"}, {"images": ["samples/CAM_FRONT_LEFT/n008-2018-08-29-16-04-13-0400__CAM_FRONT_LEFT__1535573077904800.jpg", "samples/CAM_FRONT/n008-2018-08-29-16-04-13-0400__CAM_FRONT__1535573077912404.jpg", "samples/CAM_FRONT_RIGHT/n008-2018-08-29-16-04-13-0400__CAM_FRONT_RIGHT__1535573077920482.jpg", "samples/CAM_BACK_LEFT/n008-2018-08-29-16-04-13-0400__CAM_BACK_LEFT__1535573077947405.jpg", "samples/CAM_BACK/n008-2018-08-29-16-04-13-0400__CAM_BACK__1535573077937558.jpg", "samples/CAM_BACK_RIGHT/n008-2018-08-29-16-04-13-0400__CAM_BACK_RIGHT__1535573077928113.jpg"], "intrinsics": [[[1257.8625342125129, 0.0, 827.2410631095686], [0.0, 1257.8625342125129, 450.915498205774], [0.0, 0.0, 1.0]], [[1252.8131021185304, 0.0, 826.588114781398], [0.0, 1252.8131021185304, 469.9846626224581], [0.0, 0.0, 1.0]], [[1256.7485116440405, 0.0, 817.7887570959712], [0.0, 1256.7485116440403, 451.9541780095127], [0.0, 0.0, 1.0]], [[1254.9860565800168, 0.0, 829.5769333630991], [0.0, 1254.9860565800168, 467.1680561863987], [0.0, 0.0, 1.0]], [[796.8910634503094, 0.0, 857.7774326863696], [0.0, 796.8910634503094, 476.8848988407415], [0.0, 0.0, 1.0]], [[1249.9629280788233, 0.0, 825.3768045375984], [0.0, 1249.9629280788233, 462.54816385708756], [0.0, 0.0, 1.0]]], "extrinsics": [[[0.8228195905685425, -0.5683009028434753, -0.0014454699121415615, -0.8251953125], [0.013269427232444286, 0.021754929795861244, -0.9996752738952637, 1.4911231994628906], [0.5681477785110474, 0.8225331902503967, 0.025441406294703484, -1.2117919921875], [0.0, 0.0, 0.0, 1.0]], [[0.01076288241893053, -0.9997894167900085, -0.01747475378215313, 0.009033203125], [0.015221343375742435, 0.017637550830841064, -0.9997285604476929, 1.4828453063964844], [0.9998262524604797, 0.010493973270058632, 0.015407969243824482, -1.556640625], [0.0, 0.0, 0.0, 1.0]], [[-0.8436541557312012, -0.5363317131996155, -0.02441161870956421, 0.975830078125], [0.02324051409959793, 0.00894426554441452, -0.9996898770332336, 1.4962387084960938], [0.5363836884498596, -0.8439599275588989, 0.00491875596344471, -1.203033447265625], [0.0, 0.0, 0.0, 1.0]], [[0.947868824005127, 0.31860867142677307, 0.005771797150373459, -1.140869140625], [-0.002030192408710718, 0.0241501834243536, -0.9997062683105469, 1.5620365142822266], [-0.31865450739860535, 0.9475786685943604, 0.02353804185986519, -0.157257080078125], [0.0, 0.0, 0.0, 1.0]], [[0.008992115966975689, 0.9998217821121216, 0.016600869596004486, -0.0289306640625], [3.1069183023646474e-05, 0.016601262614130974, -0.9998621344566345, 1.5680522918701172], [-0.9999596476554871, 0.008991392329335213, 0.00011821622319985181, -0.007568359375], [0.0, 0.0, 0.0, 1.0]], [[-0.9238073229789734, 0.3828069567680359, -0.006232067011296749, 1.0687255859375], [0.004207083489745855, -0.006126745603978634, -0.999972403049469, 1.5482332706451416], [-0.3828345835208893, -0.9238080382347107, 0.004049432463943958, -0.08056640625], [0.0, 0.0, 0.0, 1.0]]], "view": [[0.0, -2.0, 100.0], [-2.0, 0.0, 100.0], [0.0, 0.0, 1.0]], "bev": "bev_37bc8b911ab342b29db3deb3823728f5.png", "aux": "aux_37bc8b911ab342b29db3deb3823728f5.npz", "visibility": "visibility_37bc8b911ab342b29db3deb3823728f5.png", "pose": [[-0.9994750022888184, 0.03240017592906952, 0.0, 2094.47119140625], [-0.03240017592906952, -0.9994750022888184, 0.0, 877.4869384765625], [0.0, 0.0, 1.0, 0.0], [0.0, 0.0, 0.0, 1.0]], "pose_inverse": [[-0.9994750022888184, -0.03240017592906952, 0.0, 2121.80224609375], [0.03240017592906952, -0.9994750022888184, 0.0, 809.1649780273438], [0.0, 0.0, 1.0, 0.0], [0.0, 0.0, 0.0, 1.0]], "cam_ids": [0, 1, 2, 3, 4, 5], "cam_channels": ["CAM_FRONT_LEFT", "CAM_FRONT", "CAM_FRONT_RIGHT", "CAM_BACK_LEFT", "CAM_BACK", "CAM_BACK_RIGHT"], "token": "37bc8b911ab342b29db3deb3823728f5", "scene": "scene-0696"}, {"images": ["samples/CAM_FRONT_LEFT/n008-2018-08-29-16-04-13-0400__CAM_FRONT_LEFT__1535573078404799.jpg", "samples/CAM_FRONT/n008-2018-08-29-16-04-13-0400__CAM_FRONT__1535573078412404.jpg", "samples/CAM_FRONT_RIGHT/n008-2018-08-29-16-04-13-0400__CAM_FRONT_RIGHT__1535573078420482.jpg", "samples/CAM_BACK_LEFT/n008-2018-08-29-16-04-13-0400__CAM_BACK_LEFT__1535573078447405.jpg", "samples/CAM_BACK/n008-2018-08-29-16-04-13-0400__CAM_BACK__1535573078437558.jpg", "samples/CAM_BACK_RIGHT/n008-2018-08-29-16-04-13-0400__CAM_BACK_RIGHT__1535573078428113.jpg"], "intrinsics": [[[1257.8625342125129, 0.0, 827.2410631095686], [0.0, 1257.8625342125129, 450.915498205774], [0.0, 0.0, 1.0]], [[1252.8131021185304, 0.0, 826.588114781398], [0.0, 1252.8131021185304, 469.9846626224581], [0.0, 0.0, 1.0]], [[1256.7485116440405, 0.0, 817.7887570959712], [0.0, 1256.7485116440403, 451.9541780095127], [0.0, 0.0, 1.0]], [[1254.9860565800168, 0.0, 829.5769333630991], [0.0, 1254.9860565800168, 467.1680561863987], [0.0, 0.0, 1.0]], [[796.8910634503094, 0.0, 857.7774326863696], [0.0, 796.8910634503094, 476.8848988407415], [0.0, 0.0, 1.0]], [[1249.9629280788233, 0.0, 825.3768045375984], [0.0, 1249.9629280788233, 462.54816385708756], [0.0, 0.0, 1.0]]], "extrinsics": [[[0.8226728439331055, -0.5685150623321533, 0.00013362994650378823, -0.802490234375], [0.014100706204771996, 0.02016952447593212, -0.9996971487998962, 1.4917030334472656], [0.5683402419090271, 0.8224256038665771, 0.024609383195638657, -1.1961669921875], [0.0, 0.0, 0.0, 1.0]], [[0.0105553874745965, -0.9998176097869873, -0.01591181755065918, 0.00927734375], [0.016038738191127777, 0.016079938039183617, -0.9997420907020569, 1.483367919921875], [0.9998156428337097, 0.010297455824911594, 0.016205545514822006, -1.532958984375], [0.0, 0.0, 0.0, 1.0]], [[-0.843731701374054, -0.5362161993980408, -0.02426948770880699, 0.960205078125], [0.024042639881372452, 0.007415418047457933, -0.9996833801269531, 1.496795654296875], [0.5362264513969421, -0.8440480828285217, 0.006635431200265884, -1.192901611328125], [0.0, 0.0, 0.0, 1.0]], [[0.9478660225868225, 0.3186154365539551, 0.005839553661644459, -1.140380859375], [-0.0014613569946959615, 0.022670643404126167, -0.9997419118881226, 1.5620384216308594], [-0.31866559386253357, 0.9476128816604614, 0.02195434458553791, -0.15740203857421875], [0.0, 0.0, 0.0, 1.0]], [[0.00905348639935255, 0.9998449683189392, 0.015103353187441826, -0.02886962890625], [0.0007106742123141885, 0.015097534283995628, -0.9998857378959656, 1.5680952072143555], [-0.9999588131904602, 0.009063183329999447, -0.0005738784093409777, -0.0146484375], [0.0, 0.0, 0.0, 1.0]], [[-0.9237513542175293, 0.38291922211647034, -0.007495931349694729, 1.05615234375], [0.004946246277540922, -0.0076426551677286625, -0.9999585747718811, 1.5483765602111816], [-0.38296058773994446, -0.9237502217292786, 0.005165901500731707, -0.0859375], [0.0, 0.0, 0.0, 1.0]]], "view": [[0.0, -2.0, 100.0], [-2.0, 0.0, 100.0], [0.0, 0.0, 1.0]], "bev": "bev_d93473cafc914bcebbf34b1772ca898e.png", "aux": "aux_d93473cafc914bcebbf34b1772ca898e.npz", "visibility": "visibility_d93473cafc914bcebbf34b1772ca898e.png", "pose": [[-0.9995387196540833, 0.030369842424988747, 0.0, 2091.833984375], [-0.030369842424988747, -0.9995387196540833, 0.0, 877.4295654296875], [0.0, 0.0, 1.0, 0.0], [0.0, 0.0, 0.0, 1.0]], "pose_inverse": [[-0.9995387196540833, -0.030369842424988747, 0.0, 2117.5166015625], [0.030369842424988747, -0.9995387196540833, 0.0, 813.4961547851562], [0.0, 0.0, 1.0, 0.0], [0.0, 0.0, 0.0, 1.0]], "cam_ids": [0, 1, 2, 3, 4, 5], "cam_channels": ["CAM_FRONT_LEFT", "CAM_FRONT", "CAM_FRONT_RIGHT", "CAM_BACK_LEFT", "CAM_BACK", "CAM_BACK_RIGHT"], "token": "d93473cafc914bcebbf34b1772ca898e", "scene": "scene-0696"}, {"images": ["samples/CAM_FRONT_LEFT/n008-2018-08-29-16-04-13-0400__CAM_FRONT_LEFT__1535573078904799.jpg", "samples/CAM_FRONT/n008-2018-08-29-16-04-13-0400__CAM_FRONT__1535573078912404.jpg", "samples/CAM_FRONT_RIGHT/n008-2018-08-29-16-04-13-0400__CAM_FRONT_RIGHT__1535573078920482.jpg", "samples/CAM_BACK_LEFT/n008-2018-08-29-16-04-13-0400__CAM_BACK_LEFT__1535573078947405.jpg", "samples/CAM_BACK/n008-2018-08-29-16-04-13-0400__CAM_BACK__1535573078937558.jpg", "samples/CAM_BACK_RIGHT/n008-2018-08-29-16-04-13-0400__CAM_BACK_RIGHT__1535573078928113.jpg"], "intrinsics": [[[1257.8625342125129, 0.0, 827.2410631095686], [0.0, 1257.8625342125129, 450.915498205774], [0.0, 0.0, 1.0]], [[1252.8131021185304, 0.0, 826.588114781398], [0.0, 1252.8131021185304, 469.9846626224581], [0.0, 0.0, 1.0]], [[1256.7485116440405, 0.0, 817.7887570959712], [0.0, 1256.7485116440403, 451.9541780095127], [0.0, 0.0, 1.0]], [[1254.9860565800168, 0.0, 829.5769333630991], [0.0, 1254.9860565800168, 467.1680561863987], [0.0, 0.0, 1.0]], [[796.8910634503094, 0.0, 857.7774326863696], [0.0, 796.8910634503094, 476.8848988407415], [0.0, 0.0, 1.0]], [[1249.9629280788233, 0.0, 825.3768045375984], [0.0, 1249.9629280788233, 462.54816385708756], [0.0, 0.0, 1.0]]], "extrinsics": [[[0.8227280378341675, -0.5684313178062439, -0.0020782744977623224, -0.771728515625], [0.011517268605530262, 0.020324863493442535, -0.9997271299362183, 1.4915275573730469], [0.5683184862136841, 0.8224796056747437, 0.02326861210167408, -1.1737060546875], [0.0, 0.0, 0.0, 1.0]], [[0.010612327605485916, -0.9998143911361694, -0.01607877016067505, 0.00872802734375], [0.01338718831539154, 0.016220292076468468, -0.9997788071632385, 1.4832763671875], [0.9998539686203003, 0.010394732467830181, 0.01355683896690607, -1.5009765625], [0.0, 0.0, 0.0, 1.0]], [[-0.8437424898147583, -0.5362952351570129, -0.022044021636247635, 0.93798828125], [0.02132752165198326, 0.007539581973105669, -0.9997440576553345, 1.4969329833984375], [0.536324143409729, -0.8439968228340149, 0.0050763823091983795, -1.17974853515625], [0.0, 0.0, 0.0, 1.0]], [[0.9478775262832642, 0.3186179995536804, 0.0032950174063444138, -1.140625], [-0.004187367390841246, 0.022796083241701126, -0.9997313618659973, 1.562027931213379], [-0.3186075687408447, 0.947609007358551, 0.022942066192626953, -0.15723419189453125], [0.0, 0.0, 0.0, 1.0]], [[0.009047090075910091, 0.9998434782028198, 0.01520770788192749, -0.028564453125], [-0.0019791906233876944, 0.015226203948259354, -0.9998821020126343, 1.5679197311401367], [-0.9999570250511169, 0.00901592057198286, 0.002116633579134941, -0.0244140625], [0.0, 0.0, 0.0, 1.0]], [[-0.9237988591194153, 0.38284552097320557, -0.004978502634912729, 1.0391845703125], [0.0022713658399879932, -0.007522782776504755, -0.9999691247940063, 1.5481141805648804], [-0.3828711211681366, -0.9237817525863647, 0.006079957354813814, -0.0936279296875], [0.0, 0.0, 0.0, 1.0]]], "view": [[0.0, -2.0, 100.0], [-2.0, 0.0, 100.0], [0.0, 0.0, 1.0]], "bev": "bev_32570839552244818b5351a542c6b5e1.png", "aux": "aux_32570839552244818b5351a542c6b5e1.npz", "visibility": "visibility_32570839552244818b5351a542c6b5e1.png", "pose": [[-0.9995882511138916, 0.02869289554655552, 0.0, 2088.78955078125], [-0.02869289554655552, -0.9995882511138916, 0.0, 877.360595703125], [0.0, 0.0, 1.0, 0.0], [0.0, 0.0, 0.0, 1.0]], "pose_inverse": [[-0.9995882511138916, -0.02869289554655552, 0.0, 2113.103515625], [0.02869289554655552, -0.9995882511138916, 0.0, 817.06591796875], [0.0, 0.0, 1.0, 0.0], [0.0, 0.0, 0.0, 1.0]], "cam_ids": [0, 1, 2, 3, 4, 5], "cam_channels": ["CAM_FRONT_LEFT", "CAM_FRONT", "CAM_FRONT_RIGHT", "CAM_BACK_LEFT", "CAM_BACK", "CAM_BACK_RIGHT"], "token": "32570839552244818b5351a542c6b5e1", "scene": "scene-0696"}, {"images": ["samples/CAM_FRONT_LEFT/n008-2018-08-29-16-04-13-0400__CAM_FRONT_LEFT__1535573079404799.jpg", "samples/CAM_FRONT/n008-2018-08-29-16-04-13-0400__CAM_FRONT__1535573079412404.jpg", "samples/CAM_FRONT_RIGHT/n008-2018-08-29-16-04-13-0400__CAM_FRONT_RIGHT__1535573079420482.jpg", "samples/CAM_BACK_LEFT/n008-2018-08-29-16-04-13-0400__CAM_BACK_LEFT__1535573079447405.jpg", "samples/CAM_BACK/n008-2018-08-29-16-04-13-0400__CAM_BACK__1535573079437558.jpg", "samples/CAM_BACK_RIGHT/n008-2018-08-29-16-04-13-0400__CAM_BACK_RIGHT__1535573079428113.jpg"], "intrinsics": [[[1257.8625342125129, 0.0, 827.2410631095686], [0.0, 1257.8625342125129, 450.915498205774], [0.0, 0.0, 1.0]], [[1252.8131021185304, 0.0, 826.588114781398], [0.0, 1252.8131021185304, 469.9846626224581], [0.0, 0.0, 1.0]], [[1256.7485116440405, 0.0, 817.7887570959712], [0.0, 1256.7485116440403, 451.9541780095127], [0.0, 0.0, 1.0]], [[1254.9860565800168, 0.0, 829.5769333630991], [0.0, 1254.9860565800168, 467.1680561863987], [0.0, 0.0, 1.0]], [[796.8910634503094, 0.0, 857.7774326863696], [0.0, 796.8910634503094, 476.8848988407415], [0.0, 0.0, 1.0]], [[1249.9629280788233, 0.0, 825.3768045375984], [0.0, 1249.9629280788233, 462.54816385708756], [0.0, 0.0, 1.0]]], "extrinsics": [[[0.8227071762084961, -0.568461000919342, -0.0022423432674258947, -0.7528076171875], [0.011706789024174213, 0.020886149257421494, -0.9997133016586304, 1.4918479919433594], [0.5683448314666748, 0.8224450945854187, 0.023838037624955177, -1.16064453125], [0.0, 0.0, 0.0, 1.0]], [[0.010623476468026638, -0.9998042583465576, -0.01669173687696457, 0.0093994140625], [0.013698078691959381, 0.0168366227298975, -0.9997644424438477, 1.4836158752441406], [0.999849796295166, 0.010392328724265099, 0.01387426070868969, -1.4814453125], [0.0, 0.0, 0.0, 1.0]], [[-0.8437048196792603, -0.5363242626190186, -0.022771254181861877, 0.924072265625], [0.021759793162345886, 0.008215646259486675, -0.9997294545173645, 1.4973793029785156], [0.5363662838935852, -0.8439720273017883, 0.0047387247905135155, -1.1700439453125], [0.0, 0.0, 0.0, 1.0]], [[0.9478722214698792, 0.3186235725879669, 0.004142380319535732, -1.137451171875], [-0.0035731953103095293, 0.023627037182450294, -0.9997144341468811, 1.562016487121582], [-0.3186304569244385, 0.9475868344306946, 0.02353391796350479, -0.15834808349609375], [0.0, 0.0, 0.0, 1.0]], [[0.009018121287226677, 0.9998316764831543, 0.015983721241354942, -0.02880859375], [-0.0015010280767455697, 0.015997888520359993, -0.9998708367347717, 1.5679359436035156], [-0.9999582171440125, 0.008992963470518589, 0.0016450464027002454, -0.03271484375], [0.0, 0.0, 0.0, 1.0]], [[-0.9238115549087524, 0.38281360268592834, -0.005100967362523079, 1.0269775390625], [0.002704423852264881, -0.00679822638630867, -0.9999732375144958, 1.5482090711593628], [-0.3828379809856415, -0.9238006472587585, 0.005244990345090628, -0.0980224609375], [0.0, 0.0, 0.0, 1.0]]], "view": [[0.0, -2.0, 100.0], [-2.0, 0.0, 100.0], [0.0, 0.0, 1.0]], "bev": "bev_6dd05a6f9a244024be9dac420b38f0ab.png", "aux": "aux_6dd05a6f9a244024be9dac420b38f0ab.npz", "visibility": "visibility_6dd05a6f9a244024be9dac420b38f0ab.png", "pose": [[-0.9996432662010193, 0.02670936845242977, 0.0, 2085.44677734375], [-0.02670936845242977, -0.9996432662010193, 0.0, 877.2825317382812], [0.0, 0.0, 1.0, 0.0], [0.0, 0.0, 0.0, 1.0]], "pose_inverse": [[-0.9996432662010193, -0.02670936845242977, 0.0, 2108.134521484375], [0.02670936845242977, -0.9996432662010193, 0.0, 821.2686157226562], [0.0, 0.0, 1.0, 0.0], [0.0, 0.0, 0.0, 1.0]], "cam_ids": [0, 1, 2, 3, 4, 5], "cam_channels": ["CAM_FRONT_LEFT", "CAM_FRONT", "CAM_FRONT_RIGHT", "CAM_BACK_LEFT", "CAM_BACK", "CAM_BACK_RIGHT"], "token": "6dd05a6f9a244024be9dac420b38f0ab", "scene": "scene-0696"}, {"images": ["samples/CAM_FRONT_LEFT/n008-2018-08-29-16-04-13-0400__CAM_FRONT_LEFT__1535573079904799.jpg", "samples/CAM_FRONT/n008-2018-08-29-16-04-13-0400__CAM_FRONT__1535573079912404.jpg", "samples/CAM_FRONT_RIGHT/n008-2018-08-29-16-04-13-0400__CAM_FRONT_RIGHT__1535573079920482.jpg", "samples/CAM_BACK_LEFT/n008-2018-08-29-16-04-13-0400__CAM_BACK_LEFT__1535573079947405.jpg", "samples/CAM_BACK/n008-2018-08-29-16-04-13-0400__CAM_BACK__1535573079937558.jpg", "samples/CAM_BACK_RIGHT/n008-2018-08-29-16-04-13-0400__CAM_BACK_RIGHT__1535573079930743.jpg"], "intrinsics": [[[1257.8625342125129, 0.0, 827.2410631095686], [0.0, 1257.8625342125129, 450.915498205774], [0.0, 0.0, 1.0]], [[1252.8131021185304, 0.0, 826.588114781398], [0.0, 1252.8131021185304, 469.9846626224581], [0.0, 0.0, 1.0]], [[1256.7485116440405, 0.0, 817.7887570959712], [0.0, 1256.7485116440403, 451.9541780095127], [0.0, 0.0, 1.0]], [[1254.9860565800168, 0.0, 829.5769333630991], [0.0, 1254.9860565800168, 467.1680561863987], [0.0, 0.0, 1.0]], [[796.8910634503094, 0.0, 857.7774326863696], [0.0, 796.8910634503094, 476.8848988407415], [0.0, 0.0, 1.0]], [[1249.9629280788233, 0.0, 825.3768045375984], [0.0, 1249.9629280788233, 462.54816385708756], [0.0, 0.0, 1.0]]], "extrinsics": [[[0.8224330544471741, -0.568853497505188, -0.00311417318880558, -0.73828125], [0.011695907451212406, 0.022382352501153946, -0.9996810555458069, 1.4920272827148438], [0.5687418580055237, 0.822134256362915, 0.025061244145035744, -1.1514892578125], [0.0, 0.0, 0.0, 1.0]], [[0.01015583798289299, -0.9997838735580444, -0.01813785545527935, 0.0096435546875], [0.013517332263290882, 0.018274396657943726, -0.9997416138648987, 1.4837379455566406], [0.9998570084571838, 0.0099080391228199, 0.013700001873075962, -1.46826171875], [0.0, 0.0, 0.0, 1.0]], [[-0.8439521193504333, -0.5359164476394653, -0.02320302091538906, 0.916748046875], [0.02139686420559883, 0.00958864577114582, -0.9997250437736511, 1.4974822998046875], [0.5359914898872375, -0.8442166447639465, 0.003374571679159999, -1.1658935546875], [0.0, 0.0, 0.0, 1.0]], [[0.9478811025619507, 0.31859686970710754, 0.004194986540824175, -1.138427734375], [-0.003924182150512934, 0.024838028475642204, -0.9996837377548218, 1.5620193481445312], [-0.3186003565788269, 0.9475648403167725, 0.024793727323412895, -0.15802764892578125], [0.0, 0.0, 0.0, 1.0]], [[0.009201225824654102, 0.9998089671134949, 0.017245972529053688, -0.02850341796875], [-0.001793042873032391, 0.017263172194361687, -0.9998493790626526, 1.5679121017456055], [-0.999956130981