[{"images": ["samples/CAM_FRONT_LEFT/n008-2018-05-21-11-06-59-0400__CAM_FRONT_LEFT__1526915283004917.jpg", "samples/CAM_FRONT/n008-2018-05-21-11-06-59-0400__CAM_FRONT__1526915283012465.jpg", "samples/CAM_FRONT_RIGHT/n008-2018-05-21-11-06-59-0400__CAM_FRONT_RIGHT__1526915283019956.jpg", "samples/CAM_BACK_LEFT/n008-2018-05-21-11-06-59-0400__CAM_BACK_LEFT__1526915283047295.jpg", "samples/CAM_BACK/n008-2018-05-21-11-06-59-0400__CAM_BACK__1526915283037570.jpg", "samples/CAM_BACK_RIGHT/n008-2018-05-21-11-06-59-0400__CAM_BACK_RIGHT__1526915283027813.jpg"], "intrinsics": [[[1256.4720761102153, 0.0, 759.9201772536986], [0.0, 1256.472076110215, 418.2347543062189], [0.0, 0.0, 1.0]], [[1262.8093578767177, 0.0, 786.6784634591471], [0.0, 1262.8093578767177, 437.9890946201144], [0.0, 0.0, 1.0]], [[1264.1253743585607, 0.0, 761.8659236816043], [0.0, 1264.125374358561, 415.0768894058469], [0.0, 0.0, 1.0]], [[1258.2338510172276, 0.0, 742.9036438917772], [0.0, 1258.2338510172278, 422.93240569290015], [0.0, 0.0, 1.0]], [[798.1242652672415, 0.0, 679.0081140747895], [0.0, 798.1242652672414, 419.2474525237902], [0.0, 0.0, 1.0]], [[1259.4297629105833, 0.0, 752.9541347831612], [0.0, 1259.4297629105833, 429.46398926977497], [0.0, 0.0, 1.0]]], "extrinsics": [[[0.8086046576499939, -0.5879413485527039, 0.021986497566103935, -0.77587890625], [0.026174912229180336, -0.0013841312611475587, -0.9996564388275146, 1.5062103271484375], [0.5877698063850403, 0.8089022636413574, 0.014270098879933357, -1.143798828125], [0.0, 0.0, 0.0, 1.0]], [[-0.006077494937926531, -0.9999610185623169, 0.0064049288630485535, -0.02783203125], [0.016406599432229996, -0.00650389539077878, -0.9998442530632019, 1.517059326171875], [0.9998468160629272, -0.005971463862806559, 0.01644548587501049, -1.44384765625], [0.0, 0.0, 0.0, 1.0]], [[-0.8114720582962036, -0.584124743938446, -0.017645712941884995, 0.8486328125], [0.021787764504551888, -6.614762241952121e-05, -0.9997625946998596, 1.5001487731933594], [0.583984911441803, -0.8116638660430908, 0.0127804484218359, -1.26025390625], [0.0, 0.0, 0.0, 1.0]], [[0.9456943273544312, 0.32490503787994385, 0.009954891167581081, -1.152587890625], [0.008826838806271553, 0.0049457247368991375, -0.9999487996101379, 1.595926284790039], [-0.3249376118183136, 0.9457337260246277, 0.0018092591781169176, -0.08011627197265625], [0.0, 0.0, 0.0, 1.0]], [[0.01823531650006771, 0.9998332262039185, -0.0009706609998829663, 0.0068359375], [0.017552580684423447, -0.0012908028438687325, -0.9998451471328735, 1.5407981872558594], [-0.9996795654296875, 0.01821545884013176, -0.017573192715644836, 0.038330078125], [0.0, 0.0, 0.0, 1.0]], [[-0.9346294403076172, 0.35539814829826355, -0.012647369876503944, 1.01953125], [0.012632141821086407, -0.002363419160246849, -0.9999173879623413, 1.5857219696044922], [-0.35539865493774414, -0.9347120523452759, -0.002280518412590027, -0.1036376953125], [0.0, 0.0, 0.0, 1.0]]], "view": [[0.0, -2.0, 100.0], [-2.0, 0.0, 100.0], [0.0, 0.0, 1.0]], "bev": "bev_1531d32d9b5a4da6a20917ac6bd5c8a9.png", "aux": "aux_1531d32d9b5a4da6a20917ac6bd5c8a9.npz", "visibility": "visibility_1531d32d9b5a4da6a20917ac6bd5c8a9.png", "pose": [[0.9999366998672485, 0.011250887997448444, 0.0, 2292.67919921875], [-0.011250887997448444, 0.9999366998672485, 0.0, 876.5894775390625], [0.0, 0.0, 1.0, 0.0], [0.0, 0.0, 0.0, 1.0]], "pose_inverse": [[0.9999366998672485, -0.011250887997448444, 0.0, -2282.671630859375], [0.011250887997448444, 0.9999366998672485, 0.0, -902.3286743164062], [0.0, 0.0, 1.0, 0.0], [0.0, 0.0, 0.0, 1.0]], "cam_ids": [0, 1, 2, 3, 4, 5], "cam_channels": ["CAM_FRONT_LEFT", "CAM_FRONT", "CAM_FRONT_RIGHT", "CAM_BACK_LEFT", "CAM_BACK", "CAM_BACK_RIGHT"], "token": "1531d32d9b5a4da6a20917ac6bd5c8a9", "scene": "scene-0163"}, {"images": ["samples/CAM_FRONT_LEFT/n008-2018-05-21-11-06-59-0400__CAM_FRONT_LEFT__1526915283404917.jpg", "samples/CAM_FRONT/n008-2018-05-21-11-06-59-0400__CAM_FRONT__1526915283412465.jpg", "samples/CAM_FRONT_RIGHT/n008-2018-05-21-11-06-59-0400__CAM_FRONT_RIGHT__1526915283419956.jpg", "samples/CAM_BACK_LEFT/n008-2018-05-21-11-06-59-0400__CAM_BACK_LEFT__1526915283447295.jpg", "samples/CAM_BACK/n008-2018-05-21-11-06-59-0400__CAM_BACK__1526915283437570.jpg", "samples/CAM_BACK_RIGHT/n008-2018-05-21-11-06-59-0400__CAM_BACK_RIGHT__1526915283427813.jpg"], "intrinsics": [[[1256.4720761102153, 0.0, 759.9201772536986], [0.0, 1256.472076110215, 418.2347543062189], [0.0, 0.0, 1.0]], [[1262.8093578767177, 0.0, 786.6784634591471], [0.0, 1262.8093578767177, 437.9890946201144], [0.0, 0.0, 1.0]], [[1264.1253743585607, 0.0, 761.8659236816043], [0.0, 1264.125374358561, 415.0768894058469], [0.0, 0.0, 1.0]], [[1258.2338510172276, 0.0, 742.9036438917772], [0.0, 1258.2338510172278, 422.93240569290015], [0.0, 0.0, 1.0]], [[798.1242652672415, 0.0, 679.0081140747895], [0.0, 798.1242652672414, 419.2474525237902], [0.0, 0.0, 1.0]], [[1259.4297629105833, 0.0, 752.9541347831612], [0.0, 1259.4297629105833, 429.46398926977497], [0.0, 0.0, 1.0]]], "extrinsics": [[[0.8085491061210632, -0.5880522727966309, 0.02104336954653263, -0.7603759765625], [0.024922998622059822, -0.0015055484836921096, -0.9996882677078247, 1.5062904357910156], [0.5879006385803223, 0.8088214993476868, 0.013438716530799866, -1.134033203125], [0.0, 0.0, 0.0, 1.0]], [[-0.006130990572273731, -0.999960720539093, 0.0064066494815051556, -0.027099609375], [0.01505709532648325, -0.006498358678072691, -0.9998655319213867, 1.5169544219970703], [0.9998677968978882, -0.006033699959516525, 0.015096345916390419, -1.4287109375], [0.0, 0.0, 0.0, 1.0]], [[-0.8114876747131348, -0.5841341018676758, -0.01658453606069088, 0.839111328125], [0.020372828468680382, 8.353142038686201e-05, -0.9997923970222473, 1.5001144409179688], [0.5840142369270325, -0.8116570711135864, 0.011832679621875286, -1.252685546875], [0.0, 0.0, 0.0, 1.0]], [[0.9457134008407593, 0.3248903155326843, 0.008517012000083923, -1.150390625], [0.007145162671804428, 0.00541534973308444, -0.9999598264694214, 1.5959434509277344], [-0.3249233663082123, 0.9457362294197083, 0.0027999747544527054, -0.08094024658203125], [0.0, 0.0, 0.0, 1.0]], [[0.018210023641586304, 0.9998339414596558, -0.0006028292118571699, 0.0068359375], [0.01594439148902893, -0.0008932484197430313, -0.9998725056648254, 1.540771484375], [-0.9997069835662842, 0.01819809153676033, -0.015958011150360107, 0.0322265625], [0.0, 0.0, 0.0, 1.0]], [[-0.9346697926521301, 0.3553423583507538, -0.011139045469462872, 1.0107421875], [0.011125338263809681, -0.0020819727797061205, -0.9999359250068665, 1.5856094360351562], [-0.3553427755832672, -0.9347339272499084, -0.002007347298786044, -0.1064453125], [0.0, 0.0, 0.0, 1.0]]], "view": [[0.0, -2.0, 100.0], [-2.0, 0.0, 100.0], [0.0, 0.0, 1.0]], "bev": "bev_ca5fa72eee6a43b88b71ec1ab062ca52.png", "aux": "aux_ca5fa72eee6a43b88b71ec1ab062ca52.npz", "visibility": "visibility_ca5fa72eee6a43b88b71ec1ab062ca52.png", "pose": [[0.99998539686203, -0.005401329603046179, 0.0, 2295.625244140625], [0.005401329603046179, 0.99998539686203, 0.0, 876.5764770507812], [0.0, 0.0, 1.0, 0.0], [0.0, 0.0, 0.0, 1.0]], "pose_inverse": [[0.99998539686203, 0.005401329603046179, 0.0, -2300.326416015625], [-0.005401329603046179, 0.99998539686203, 0.0, -864.1642456054688], [0.0, 0.0, 1.0, 0.0], [0.0, 0.0, 0.0, 1.0]], "cam_ids": [0, 1, 2, 3, 4, 5], "cam_channels": ["CAM_FRONT_LEFT", "CAM_FRONT", "CAM_FRONT_RIGHT", "CAM_BACK_LEFT", "CAM_BACK", "CAM_BACK_RIGHT"], "token": "ca5fa72eee6a43b88b71ec1ab062ca52", "scene": "scene-0163"}, {"images": ["samples/CAM_FRONT_LEFT/n008-2018-05-21-11-06-59-0400__CAM_FRONT_LEFT__1526915283904917.jpg", "samples/CAM_FRONT/n008-2018-05-21-11-06-59-0400__CAM_FRONT__1526915283912465.jpg", "samples/CAM_FRONT_RIGHT/n008-2018-05-21-11-06-59-0400__CAM_FRONT_RIGHT__1526915283919956.jpg", "samples/CAM_BACK_LEFT/n008-2018-05-21-11-06-59-0400__CAM_BACK_LEFT__1526915283947295.jpg", "samples/CAM_BACK/n008-2018-05-21-11-06-59-0400__CAM_BACK__1526915283937570.jpg", "samples/CAM_BACK_RIGHT/n008-2018-05-21-11-06-59-0400__CAM_BACK_RIGHT__1526915283927813.jpg"], "intrinsics": [[[1256.4720761102153, 0.0, 759.9201772536986], [0.0, 1256.472076110215, 418.2347543062189], [0.0, 0.0, 1.0]], [[1262.8093578767177, 0.0, 786.6784634591471], [0.0, 1262.8093578767177, 437.9890946201144], [0.0, 0.0, 1.0]], [[1264.1253743585607, 0.0, 761.8659236816043], [0.0, 1264.125374358561, 415.0768894058469], [0.0, 0.0, 1.0]], [[1258.2338510172276, 0.0, 742.9036438917772], [0.0, 1258.2338510172278, 422.93240569290015], [0.0, 0.0, 1.0]], [[798.1242652672415, 0.0, 679.0081140747895], [0.0, 798.1242652672414, 419.2474525237902], [0.0, 0.0, 1.0]], [[1259.4297629105833, 0.0, 752.9541347831612], [0.0, 1259.4297629105833, 429.46398926977497], [0.0, 0.0, 1.0]]], "extrinsics": [[[0.808377742767334, -0.5880329608917236, 0.0272483229637146, -0.74072265625], [0.03057883307337761, -0.004278803709894419, -0.9995232820510864, 1.5088424682617188], [0.5878692269325256, 0.8088255524635315, 0.014522473327815533, -1.11962890625], [0.0, 0.0, 0.0, 1.0]], [[-0.006228169891983271, -0.9999366998672485, 0.009368601255118847, -0.02728271484375], [0.02089487761259079, -0.009496871381998062, -0.9997366070747375, 1.5188980102539062], [0.999762237071991, -0.006030775140970945, 0.020952705293893814, -1.409423828125], [0.0, 0.0, 0.0, 1.0]], [[-0.8114057779312134, -0.5841560959815979, -0.019551996141672134, 0.8271484375], [0.026376333087682724, -0.0031786300241947174, -0.9996470212936401, 1.501739501953125], [0.5838878154754639, -0.8116350769996643, 0.017987055703997612, -1.2445068359375], [0.0, 0.0, 0.0, 1.0]], [[0.9456387758255005, 0.32494688034057617, 0.01329581905156374, -1.151123046875], [0.01366516388952732, 0.001145602436736226, -0.9999059438705444, 1.5959510803222656], [-0.3249315619468689, 0.945731520652771, -0.0033571263775229454, -0.08081340789794922], [0.0, 0.0, 0.0, 1.0]], [[0.018233392387628555, 0.9998239874839783, -0.004416723269969225, 0.0069580078125], [0.022310057654976845, -0.004823209717869759, -0.9997394680976868, 1.5413551330566406], [-0.9995847940444946, 0.0181301087141037, -0.022394072264432907, 0.028076171875], [0.0, 0.0, 0.0, 1.0]], [[-0.9345667958259583, 0.35532280802726746, -0.018179526552557945, 1.0020751953125], [0.01729997992515564, -0.005652680527418852, -0.9998343586921692, 1.586700439453125], [-0.35536670684814453, -0.9347265362739563, -0.0008642704924568534, -0.1099853515625], [0.0, 0.0, 0.0, 1.0]]], "view": [[0.0, -2.0, 100.0], [-2.0, 0.0, 100.0], [0.0, 0.0, 1.0]], "bev": "bev_2000ce82d2bd4f6c93ec5948736897a9.png", "aux": "aux_2000ce82d2bd4f6c93ec5948736897a9.npz", "visibility": "visibility_2000ce82d2bd4f6c93ec5948736897a9.png", "pose": [[0.9995980262756348, -0.02835041657090187, 0.0, 2299.51171875], [0.02835041657090187, 0.9995980262756348, 0.0, 876.6318969726562], [0.0, 0.0, 1.0, 0.0], [0.0, 0.0, 0.0, 1.0]], "pose_inverse": [[0.9995980262756348, 0.02835041657090187, 0.0, -2323.440185546875], [-0.02835041657090187, 0.9995980262756348, 0.0, -811.08740234375], [0.0, 0.0, 1.0, 0.0], [0.0, 0.0, 0.0, 1.0]], "cam_ids": [0, 1, 2, 3, 4, 5], "cam_channels": ["CAM_FRONT_LEFT", "CAM_FRONT", "CAM_FRONT_RIGHT", "CAM_BACK_LEFT", "CAM_BACK", "CAM_BACK_RIGHT"], "token": "2000ce82d2bd4f6c93ec5948736897a9", "scene": "scene-0163"}, {"images": ["samples/CAM_FRONT_LEFT/n008-2018-05-21-11-06-59-0400__CAM_FRONT_LEFT__1526915284404917.jpg", "samples/CAM_FRONT/n008-2018-05-21-11-06-59-0400__CAM_FRONT__1526915284412465.jpg", "samples/CAM_FRONT_RIGHT/n008-2018-05-21-11-06-59-0400__CAM_FRONT_RIGHT__1526915284419956.jpg", "samples/CAM_BACK_LEFT/n008-2018-05-21-11-06-59-0400__CAM_BACK_LEFT__1526915284447295.jpg", "samples/CAM_BACK/n008-2018-05-21-11-06-59-0400__CAM_BACK__1526915284437570.jpg", "samples/CAM_BACK_RIGHT/n008-2018-05-21-11-06-59-0400__CAM_BACK_RIGHT__1526915284427813.jpg"], "intrinsics": [[[1256.4720761102153, 0.0, 759.9201772536986], [0.0, 1256.472076110215, 418.2347543062189], [0.0, 0.0, 1.0]], [[1262.8093578767177, 0.0, 786.6784634591471], [0.0, 1262.8093578767177, 437.9890946201144], [0.0, 0.0, 1.0]], [[1264.1253743585607, 0.0, 761.8659236816043], [0.0, 1264.125374358561, 415.0768894058469], [0.0, 0.0, 1.0]], [[1258.2338510172276, 0.0, 742.9036438917772], [0.0, 1258.2338510172278, 422.93240569290015], [0.0, 0.0, 1.0]], [[798.1242652672415, 0.0, 679.0081140747895], [0.0, 798.1242652672414, 419.2474525237902], [0.0, 0.0, 1.0]], [[1259.4297629105833, 0.0, 752.9541347831612], [0.0, 1259.4297629105833, 429.46398926977497], [0.0, 0.0, 1.0]]], "extrinsics": [[[0.8091302514076233, -0.5869380235671997, 0.028496310114860535, -0.734619140625], [0.02914397045969963, -0.008351724594831467, -0.9995403289794922, 1.508575439453125], [0.5869061946868896, 0.8095887899398804, 0.010348072275519371, -1.114013671875], [0.0, 0.0, 0.0, 1.0]], [[-0.005255778785794973, -0.9998992085456848, 0.013189059682190418, -0.02813720703125], [0.019390422850847244, -0.013288666494190693, -0.9997236728668213, 1.5185966491699219], [0.9997981190681458, -0.0049985782243311405, 0.019458308815956116, -1.40234375], [0.0, 0.0, 0.0, 1.0]], [[-0.8110228180885315, -0.5847899317741394, -0.016209574416279793, 0.822265625], [0.024802887812256813, -0.006688694003969431, -0.9996699690818787, 1.5015411376953125], [0.5844884514808655, -0.8111571669578552, 0.019929159432649612, -1.24151611328125], [0.0, 0.0, 0.0, 1.0]], [[0.945663332939148, 0.32496604323387146, 0.010862573981285095, -1.14697265625], [0.011886422522366047, -0.0011655185371637344, -0.9999286532402039, 1.5959968566894531], [-0.32493019104003906, 0.9457249045372009, -0.00496487133204937, -0.0818948745727539], [0.0, 0.0, 0.0, 1.0]], [[0.017998836934566498, 0.9998121857643127, -0.007180703803896904, 0.0072021484375], [0.020600201562047005, -0.007551172748208046, -0.9997592568397522, 1.5413093566894531], [-0.9996257424354553, 0.01784658245742321, -0.020732244476675987, 0.023681640625], [0.0, 0.0, 0.0, 1.0]], [[-0.934759795665741, 0.35483530163764954, -0.017775883898139, 0.9974365234375], [0.01566402055323124, -0.008823570795357227, -0.9998384118080139, 1.5865192413330078], [-0.35493481159210205, -0.9348871111869812, 0.0026897715870290995, -0.112060546875], [0.0, 0.0, 0.0, 1.0]]], "view": [[0.0, -2.0, 100.0], [-2.0, 0.0, 100.0], [0.0, 0.0, 1.0]], "bev": "bev_88663e5c60d24b349fa212118eefe911.png", "aux": "aux_88663e5c60d24b349fa212118eefe911.npz", "visibility": "visibility_88663e5c60d24b349fa212118eefe911.png", "pose": [[0.9992974400520325, -0.0374779999256134, 0.0, 2303.49267578125], [0.0374779999256134, 0.9992974400520325, 0.0, 876.7555541992188], [0.0, 0.0, 1.0, 0.0], [0.0, 0.0, 0.0, 1.0]], "pose_inverse": [[0.9992974400520325, 0.0374779999256134, 0.0, -2334.7333984375], [-0.0374779999256134, 0.9992974400520325, 0.0, -789.8092651367188], [0.0, 0.0, 1.0, 0.0], [0.0, 0.0, 0.0, 1.0]], "cam_ids": [0, 1, 2, 3, 4, 5], "cam_channels": ["CAM_FRONT_LEFT", "CAM_FRONT", "CAM_FRONT_RIGHT", "CAM_BACK_LEFT", "CAM_BACK", "CAM_BACK_RIGHT"], "token": "88663e5c60d24b349fa212118eefe911", "scene": "scene-0163"}, {"images": ["samples/CAM_FRONT_LEFT/n008-2018-05-21-11-06-59-0400__CAM_FRONT_LEFT__1526915284904917.jpg", "samples/CAM_FRONT/n008-2018-05-21-11-06-59-0400__CAM_FRONT__1526915284912465.jpg", "samples/CAM_FRONT_RIGHT/n008-2018-05-21-11-06-59-0400__CAM_FRONT_RIGHT__1526915284919956.jpg", "samples/CAM_BACK_LEFT/n008-2018-05-21-11-06-59-0400__CAM_BACK_LEFT__1526915284947295.jpg", "samples/CAM_BACK/n008-2018-05-21-11-06-59-0400__CAM_BACK__1526915284937570.jpg", "samples/CAM_BACK_RIGHT/n008-2018-05-21-11-06-59-0400__CAM_BACK_RIGHT__1526915284927813.jpg"], "intrinsics": [[[1256.4720761102153, 0.0, 759.9201772536986], [0.0, 1256.472076110215, 418.2347543062189], [0.0, 0.0, 1.0]], [[1262.8093578767177, 0.0, 786.6784634591471], [0.0, 1262.8093578767177, 437.9890946201144], [0.0, 0.0, 1.0]], [[1264.1253743585607, 0.0, 761.8659236816043], [0.0, 1264.125374358561, 415.0768894058469], [0.0, 0.0, 1.0]], [[1258.2338510172276, 0.0, 742.9036438917772], [0.0, 1258.2338510172278, 422.93240569290015], [0.0, 0.0, 1.0]], [[798.1242652672415, 0.0, 679.0081140747895], [0.0, 798.1242652672414, 419.2474525237902], [0.0, 0.0, 1.0]], [[1259.4297629105833, 0.0, 752.9541347831612], [0.0, 1259.4297629105833, 429.46398926977497], [0.0, 0.0, 1.0]]], "extrinsics": [[[0.8100166916847229, -0.5860280394554138, 0.021077049896121025, -0.73583984375], [0.02462339773774147, -0.0019201436080038548, -0.9996950030326843, 1.5069427490234375], [0.5858897566795349, 0.8102884888648987, 0.012874653562903404, -1.1153564453125], [0.0, 0.0, 0.0, 1.0]], [[-0.004131658468395472, -0.9999673962593079, 0.00694324541836977, -0.0283203125], [0.014714373275637627, -0.007003346923738718, -0.9998672604560852, 1.5172233581542969], [0.999883234500885, -0.00402894476428628, 0.014742827974259853, -1.403564453125], [0.0, 0.0, 0.0, 1.0]], [[-0.8106116056442261, -0.5853682160377502, -0.015902571380138397, 0.822509765625], [0.019971342757344246, -0.000494740845169872, -0.999800443649292, 1.5004234313964844], [0.5852435231208801, -0.810767412185669, 0.01209163200110197, -1.24212646484375], [0.0, 0.0, 0.0, 1.0]], [[0.9457128643989563, 0.3249149024486542, 0.007591353729367256, -1.147705078125], [0.006442858371883631, 0.004610508214682341, -0.9999685883522034, 1.595956802368164], [-0.3249397277832031, 0.945732057094574, 0.0022668358869850636, -0.08177554607391357], [0.0, 0.0, 0.0, 1.0]], [[0.017683304846286774, 0.9998425841331482, -0.0013895367737859488, 0.00750732421875], [0.015385640785098076, -0.0016617007786408067, -0.999880313873291, 1.5408554077148438], [-0.9997252225875854, 0.017659809440374374, -0.015412603504955769, 0.024169921875], [0.0, 0.0, 0.0, 1.0]], [[-0.9350400567054749, 0.3543727397918701, -0.010957559570670128, 0.998046875], [0.010669562965631485, -0.0027666515670716763, -0.9999392032623291, 1.5856876373291016], [-0.3543815016746521, -0.9351001381874084, -0.001194072188809514, -0.1124267578125], [0.0, 0.0, 0.0, 1.0]]], "view": [[0.0, -2.0, 100.0], [-2.0, 0.0, 100.0], [0.0, 0.0, 1.0]], "bev": "bev_462b43335cb644a09ffac60cfde8c257.png", "aux": "aux_462b43335cb644a09ffac60cfde8c257.npz", "visibility": "visibility_462b43335cb644a09ffac60cfde8c257.png", "pose": [[0.9994673728942871, -0.03263424336910248, 0.0, 2307.578857421875], [0.03263424336910248, 0.9994673728942871, 0.0, 876.890869140625], [0.0, 0.0, 1.0, 0.0], [0.0, 0.0, 0.0, 1.0]], "pose_inverse": [[0.9994673728942871, 0.03263424336910248, 0.0, -2334.96630859375], [-0.03263424336910248, 0.9994673728942871, 0.0, -801.1177368164062], [0.0, 0.0, 1.0, 0.0], [0.0, 0.0, 0.0, 1.0]], "cam_ids": [0, 1, 2, 3, 4, 5], "cam_channels": ["CAM_FRONT_LEFT", "CAM_FRONT", "CAM_FRONT_RIGHT", "CAM_BACK_LEFT", "CAM_BACK", "CAM_BACK_RIGHT"], "token": "462b43335cb644a09ffac60cfde8c257", "scene": "scene-0163"}, {"images": ["samples/CAM_FRONT_LEFT/n008-2018-05-21-11-06-59-0400__CAM_FRONT_LEFT__1526915285404917.jpg", "samples/CAM_FRONT/n008-2018-05-21-11-06-59-0400__CAM_FRONT__1526915285412465.jpg", "samples/CAM_FRONT_RIGHT/n008-2018-05-21-11-06-59-0400__CAM_FRONT_RIGHT__1526915285419956.jpg", "samples/CAM_BACK_LEFT/n008-2018-05-21-11-06-59-0400__CAM_BACK_LEFT__1526915285447295.jpg", "samples/CAM_BACK/n008-2018-05-21-11-06-59-0400__CAM_BACK__1526915285437570.jpg", "samples/CAM_BACK_RIGHT/n008-2018-05-21-11-06-59-0400__CAM_BACK_RIGHT__1526915285427813.jpg"], "intrinsics": [[[1256.4720761102153, 0.0, 759.9201772536986], [0.0, 1256.472076110215, 418.2347543062189], [0.0, 0.0, 1.0]], [[1262.8093578767177, 0.0, 786.6784634591471], [0.0, 1262.8093578767177, 437.9890946201144], [0.0, 0.0, 1.0]], [[1264.1253743585607, 0.0, 761.8659236816043], [0.0, 1264.125374358561, 415.0768894058469], [0.0, 0.0, 1.0]], [[1258.2338510172276, 0.0, 742.9036438917772], [0.0, 1258.2338510172278, 422.93240569290015], [0.0, 0.0, 1.0]], [[798.1242652672415, 0.0, 679.0081140747895], [0.0, 798.1242652672414, 419.2474525237902], [0.0, 0.0, 1.0]], [[1259.4297629105833, 0.0, 752.9541347831612], [0.0, 1259.4297629105833, 429.46398926977497], [0.0, 0.0, 1.0]]], "extrinsics": [[[0.8100999593734741, -0.585919976234436, 0.020875683054327965, -0.735107421875], [0.024055683985352516, -0.0023588049225509167, -0.9997078776359558, 1.5067558288574219], [0.5857980251312256, 0.8103654384613037, 0.0121838403865695, -1.115234375], [0.0, 0.0, 0.0, 1.0]], [[-0.004011138342320919, -0.999963104724884, 0.007593452464789152, -0.02789306640625], [0.014265165664255619, -0.007649959530681372, -0.9998689889907837, 1.5171031951904297], [0.999890148639679, -0.003902290714904666, 0.014295323751866817, -1.403076171875], [0.0, 0.0, 0.0, 1.0]], [[-0.8105505704879761, -0.585473895072937, -0.01510653831064701, 0.822509765625], [0.019608451053500175, -0.0013493690639734268, -0.999806821346283, 1.5003471374511719], [0.5853403806686401, -0.8106901049613953, 0.01257396675646305, -1.24169921875], [0.0, 0.0, 0.0, 1.0]], [[0.9457138180732727, 0.3249245285987854, 0.007028520107269287, -1.1494140625], [0.006385859567672014, 0.0030442411080002785, -0.9999749660491943, 1.5959482192993164], [-0.3249378502368927, 0.9457350373268127, 0.0008040584507398307, -0.08120536804199219], [0.0, 0.0, 0.0, 1.0]], [[0.017632856965065002, 0.9998408555984497, -0.002689407905563712, 0.00714111328125], [0.015209049917757511, -0.002957734512165189, -0.9998799562454224, 1.5408267974853516], [-0.9997288584709167, 0.017589837312698364, -0.015258782543241978, 0.0244140625], [0.0, 0.0, 0.0, 1.0]], [[-0.9350783824920654, 0.3542677164077759, -0.011081354692578316, 0.997802734375], [0.010403404012322426, -0.003818231401965022, -0.9999386072158813, 1.5856456756591797], [-0.354288250207901, -0.9351362586021423, -0.00011524483852554113, -0.1119384765625], [0.0, 0.0, 0.0, 1.0]]], "view": [[0.0, -2.0, 100.0], [-2.0, 0.0, 100.0], [0.0, 0.0, 1.0]], "bev": "bev_a85dcfb5ca91438494bbf7f995fdcdf2.png", "aux": "aux_a85dcfb5ca91438494bbf7f995fdcdf2.npz", "visibility": "visibility_a85dcfb5ca91438494bbf7f995fdcdf2.png", "pose": [[0.9997339248657227, -0.023066530004143715, 0.0, 2311.642333984375], [0.023066530004143715, 0.9997339248657227, 0.0, 876.9943237304688], [0.0, 0.0, 1.0, 0.0], [0.0, 0.0, 0.0, 1.0]], "pose_inverse": [[0.9997339248657227, 0.023066530004143715, 0.0, -2331.256591796875], [-0.023066530004143715, 0.9997339248657227, 0.0, -823.4393920898438], [0.0, 0.0, 1.0, 0.0], [0.0, 0.0, 0.0, 1.0]], "cam_ids": [0, 1, 2, 3, 4, 5], "cam_channels": ["CAM_FRONT_LEFT", "CAM_FRONT", "CAM_FRONT_RIGHT", "CAM_BACK_LEFT", "CAM_BACK", "CAM_BACK_RIGHT"], "token": "a85dcfb5ca91438494bbf7f995fdcdf2", "scene": "scene-0163"}, {"images": ["samples/CAM_FRONT_LEFT/n008-2018-05-21-11-06-59-0400__CAM_FRONT_LEFT__1526915285904917.jpg", "samples/CAM_FRONT/n008-2018-05-21-11-06-59-0400__CAM_FRONT__1526915285912465.jpg", "samples/CAM_FRONT_RIGHT/n008-2018-05-21-11-06-59-0400__CAM_FRONT_RIGHT__1526915285919956.jpg", "samples/CAM_BACK_LEFT/n008-2018-05-21-11-06-59-0400__CAM_BACK_LEFT__1526915285947295.jpg", "samples/CAM_BACK/n008-2018-05-21-11-06-59-0400__CAM_BACK__1526915285937570.jpg", "samples/CAM_BACK_RIGHT/n008-2018-05-21-11-06-59-0400__CAM_BACK_RIGHT__1526915285927813.jpg"], "intrinsics": [[[1256.4720761102153, 0.0, 759.9201772536986], [0.0, 1256.472076110215, 418.2347543062189], [0.0, 0.0, 1.0]], [[1262.8093578767177, 0.0, 786.6784634591471], [0.0, 1262.8093578767177, 437.9890946201144], [0.0, 0.0, 1.0]], [[1264.1253743585607, 0.0, 761.8659236816043], [0.0, 1264.125374358561, 415.0768894058469], [0.0, 0.0, 1.0]], [[1258.2338510172276, 0.0, 742.9036438917772], [0.0, 1258.2338510172278, 422.93240569290015], [0.0, 0.0, 1.0]], [[798.1242652672415, 0.0, 679.0081140747895], [0.0, 798.1242652672414, 419.2474525237902], [0.0, 0.0, 1.0]], [[1259.4297629105833, 0.0, 752.9541347831612], [0.0, 1259.4297629105833, 429.46398926977497], [0.0, 0.0, 1.0]]], "extrinsics": [[[0.8096171021461487, -0.5862541794776917, 0.02874579466879368, -0.74462890625], [0.02803519181907177, -0.010294516570866108, -0.9995539784431458, 1.5078239440917969], [0.586288571357727, 0.8100616931915283, 0.008101132698357105, -1.1220703125], [0.0, 0.0, 0.0, 1.0]], [[-0.004532940685749054, -0.999869167804718, 0.015531429089605808, -0.02783203125], [0.018350444734096527, -0.015612145885825157, -0.9997097253799438, 1.5181007385253906], [0.9998213648796082, -0.004246619064360857, 0.0184188112616539, -1.413330078125], [0.0, 0.0, 0.0, 1.0]], [[-0.8106629848480225, -0.5853493213653564, -0.013848083093762398, 0.8291015625], [0.023834096267819405, -0.009358303621411324, -0.9996721148490906, 1.5011138916015625], [0.585027813911438, -0.8107271790504456, 0.021537700667977333, -1.24639892578125], [0.0, 0.0, 0.0, 1.0]], [[0.9456659555435181, 0.3250202536582947, 0.008816131390631199, -1.150390625], [0.011054850183427334, -0.005041888449341059, -0.9999262094497681, 1.5959529876708984], [-0.32495179772377014, 0.9456935524940491, -0.008360992185771465, -0.08090782165527344], [0.0, 0.0, 0.0, 1.0]], [[0.017721395939588547, 0.9997856020927429, -0.010705052874982357, 0.0072021484375], [0.019735559821128845, -0.01105442550033331, -0.9997441172599792, 1.5411300659179688], [-0.9996482133865356, 0.017505591735243797, -0.01992722973227501, 0.028564453125], [0.0, 0.0, 0.0, 1.0]], [[-0.9349639415740967, 0.3542851507663727, -0.01800980046391487, 1.0037841796875], [0.014759702607989311, -0.01187399122864008, -0.9998205304145813, 1.5862693786621094], [-0.35443541407585144, -0.9350619912147522, 0.0058726100251078606, -0.1097412109375], [0.0, 0.0, 0.0, 1.0]]], "view": [[0.0, -2.0, 100.0], [-2.0, 0.0, 100.0], [0.0, 0.0, 1.0]], "bev": "bev_4fed5c7d1ad0402a9d0d9a027f7cd095.png", "aux": "aux_4fed5c7d1ad0402a9d0d9a027f7cd095.npz", "visibility": "visibility_4fed5c7d1ad0402a9d0d9a027f7cd095.png", "pose": [[0.9998323917388916, -0.01830882579088211, 0.0, 2315.658447265625], [0.01830882579088211, 0.9998323917388916, 0.0, 877.0692749023438], [0.0, 0.0, 1.0, 0.0], [0.0, 0.0, 0.0, 1.0]], "pose_inverse": [[0.9998323917388916, 0.01830882579088211, 0.0, -2331.328369140625], [-0.01830882579088211, 0.9998323917388916, 0.0, -834.5252685546875], [0.0, 0.0, 1.0, 0.0], [0.0, 0.0, 0.0, 1.0]], "cam_ids": [0, 1, 2, 3, 4, 5], "cam_channels": ["CAM_FRONT_LEFT", "CAM_FRONT", "CAM_FRONT_RIGHT", "CAM_BACK_LEFT", "CAM_BACK", "CAM_BACK_RIGHT"], "token": "4fed5c7d1ad0402a9d0d9a027f7cd095", "scene": "scene-0163"}, {"images": ["samples/CAM_FRONT_LEFT/n008-2018-05-21-11-06-59-0400__CAM_FRONT_LEFT__1526915286404917.jpg", "samples/CAM_FRONT/n008-2018-05-21-11-06-59-0400__CAM_FRONT__1526915286412465.jpg", "samples/CAM_FRONT_RIGHT/n008-2018-05-21-11-06-59-0400__CAM_FRONT_RIGHT__1526915286419962.jpg", "samples/CAM_BACK_LEFT/n008-2018-05-21-11-06-59-0400__CAM_BACK_LEFT__1526915286447295.jpg", "samples/CAM_BACK/n008-2018-05-21-11-06-59-0400__CAM_BACK__1526915286437570.jpg", "samples/CAM_BACK_RIGHT/n008-2018-05-21-11-06-59-0400__CAM_BACK_RIGHT__1526915286427813.jpg"], "intrinsics": [[[1256.4720761102153, 0.0, 759.9201772536986], [0.0, 1256.472076110215, 418.2347543062189], [0.0, 0.0, 1.0]], [[1262.8093578767177, 0.0, 786.6784634591471], [0.0, 1262.8093578767177, 437.9890946201144], [0.0, 0.0, 1.0]], [[1264.1253743585607, 0.0, 761.8659236816043], [0.0, 1264.125374358561, 415.0768894058469], [0.0, 0.0, 1.0]], [[1258.2338510172276, 0.0, 742.9036438917772], [0.0, 1258.2338510172278, 422.93240569290015], [0.0, 0.0, 1.0]], [[798.1242652672415, 0.0, 679.0081140747895], [0.0, 798.1242652672414, 419.2474525237902], [0.0, 0.0, 1.0]], [[1259.4297629105833, 0.0, 752.9541347831612], [0.0, 1259.4297629105833, 429.46398926977497], [0.0, 0.0, 1.0]]], "extrinsics": [[[0.8092343211174011, -0.5869924426078796, 0.02407664805650711, -0.7628173828125], [0.023542234674096107, -0.008548509329557419, -0.9996863007545471, 1.5057945251464844], [0.5870141386985779, 0.8095473051071167, 0.006901367101818323, -1.1331787109375], [0.0, 0.0, 0.0, 1.0]], [[-0.00523544754832983, -0.9998924732208252, 0.013701286166906357, -0.02899169921875], [0.013811325654387474, -0.013772469945251942, -0.9998098015785217, 1.5165538787841797], [0.9998909831047058, -0.005045219790190458, 0.013881944119930267, -1.4326171875], [0.0, 0.0, 0.0, 1.0]], [[-0.8111205697059631, -0.5847710967063904, -0.011240917257964611, 0.84326171875], [0.01923193410038948, -0.007457434199750423, -0.9997872710227966, 1.4997444152832031], [0.5845628380775452, -0.811164140701294, 0.01729515567421913, -1.2578125], [0.0, 0.0, 0.0, 1.0]], [[0.9457144141197205, 0.32496005296707153, 0.005032780580222607, -1.155029296875], [0.006326015572994947, -0.0029232660308480263, -0.9999757409095764, 1.5959081649780273], [-0.3249374330043793, 0.9457232356071472, -0.004820276517421007, -0.07911491394042969], [0.0, 0.0, 0.0, 1.0]], [[0.017976999282836914, 0.9998000860214233, -0.008752502501010895, 0.00750732421875], [0.015052960254251957, -0.009023565798997879, -0.9998460412025452, 1.5406036376953125], [-0.9997250437736511, 0.017842479050159454, -0.015212167985737324, 0.038818359375], [0.0, 0.0, 0.0, 1.0]], [[-0.9348376393318176, 0.3548389971256256, -0.012959292158484459, 1.01806640625], [0.01010062638670206, -0.009907449595630169, -0.9998999238014221, 1.5853681564331055], [-0.35493192076683044, -0.934874951839447, 0.005677760578691959, -0.1051025390625], [0.0, 0.0, 0.0, 1.0]]], "view": [[0.0, -2.0, 100.0], [-2.0, 0.0, 100.0], [0.0, 0.0, 1.0]], "bev": "bev_618dbd44d763411196676cb5bead206b.png", "aux": "aux_618dbd44d763411196676cb5bead206b.npz", "visibility": "visibility_618dbd44d763411196676cb5bead206b.png", "pose": [[0.9998257160186768, -0.018670525401830673, 0.0, 2319.51171875], [0.018670525401830673, 0.9998257160186768, 0.0, 877.1306762695312], [0.0, 0.0, 1.0, 0.0], [0.0, 0.0, 0.0, 1.0]], "pose_inverse": [[0.9998257160186768, 0.018670525401830673, 0.0, -2335.48388671875], [-0.018670525401830673, 0.9998257160186768, 0.0, -833.6712646484375], [0.0, 0.0, 1.0, 0.0], [0.0, 0.0, 0.0, 1.0]], "cam_ids": [0, 1, 2, 3, 4, 5], "cam_channels": ["CAM_FRONT_LEFT", "CAM_FRONT", "CAM_FRONT_RIGHT", "CAM_BACK_LEFT", "CAM_BACK", "CAM_BACK_RIGHT"], "token": "618dbd44d763411196676cb5bead206b", "scene": "scene-0163"}, {"images": ["samples/CAM_FRONT_LEFT/n008-2018-05-21-11-06-59-0400__CAM_FRONT_LEFT__1526915286904917.jpg", "samples/CAM_FRONT/n008-2018-05-21-11-06-59-0400__CAM_FRONT__1526915286912465.jpg", "samples/CAM_FRONT_RIGHT/n008-2018-05-21-11-06-59-0400__CAM_FRONT_RIGHT__1526915286920008.jpg", "samples/CAM_BACK_LEFT/n008-2018-05-21-11-06-59-0400__CAM_BACK_LEFT__1526915286947295.jpg", "samples/CAM_BACK/n008-2018-05-21-11-06-59-0400__CAM_BACK__1526915286937570.jpg", "samples/CAM_BACK_RIGHT/n008-2018-05-21-11-06-59-0400__CAM_BACK_RIGHT__1526915286927813.jpg"], "intrinsics": [[[1256.4720761102153, 0.0, 759.9201772536986], [0.0, 1256.472076110215, 418.2347543062189], [0.0, 0.0, 1.0]], [[1262.8093578767177, 0.0, 786.6784634591471], [0.0, 1262.8093578767177, 437.9890946201144], [0.0, 0.0, 1.0]], [[1264.1253743585607, 0.0, 761.8659236816043], [0.0, 1264.125374358561, 415.0768894058469], [0.0, 0.0, 1.0]], [[1258.2338510172276, 0.0, 742.9036438917772], [0.0, 1258.2338510172278, 422.93240569290015], [0.0, 0.0, 1.0]], [[798.1242652672415, 0.0, 679.0081140747895], [0.0, 798.1242652672414, 419.2474525237902], [0.0, 0.0, 1.0]], [[1259.4297629105833, 0.0, 752.9541347831612], [0.0, 1259.4297629105833, 429.46398926977497], [0.0, 0.0, 1.0]]], "extrinsics": [[[0.8095008134841919, -0.5866303443908691, 0.02394275926053524, -0.760009765625], [0.023398134857416153, -0.00851392187178135, -0.999690055847168, 1.5058021545410156], [0.5866523385047913, 0.8098101019859314, 0.006834031082689762, -1.1353759765625], [0.0, 0.0, 0.0, 1.0]], [[-0.004890148062258959, -0.9998959302902222, 0.013571313582360744, -0.02569580078125], [0.013947764411568642, -0.013638355769217014, -0.999809741973877, 1.516683578491211], [0.9998907446861267, -0.0046999286860227585, 0.014013007283210754, -1.42919921875], [0.0, 0.0, 0.0, 1.0]], [[-0.8109753727912903, -0.5849677920341492, -0.01147204264998436, 0.84033203125], [0.019341737031936646, -0.007207362912595272, -0.9997869729995728, 1.4999046325683594], [0.5847604870796204, -0.8110244870185852, 0.01715928502380848, -1.251708984375], [0.0, 0.0, 0.0, 1.0]], [[0.94571852684021, 0.3249472975730896, 0.0050627742893993855, -1.152099609375], [0.006158748175948858, -0.0023443123791366816, -0.9999783039093018, 1.5959272384643555], [-0.3249284029006958, 0.9457291960716248, -0.004218328278511763, -0.08024978637695312], [0.0, 0.0, 0.0, 1.0]], [[0.017904337495565414, 0.9998054504394531, -0.008264871314167976, 0.006103515625], [0.014975099824368954, -0.008533421903848648, -0.9998514652252197, 1.5406913757324219], [-0.9997274875640869, 0.017777910456061363, -0.015124971978366375, 0.03369140625], [0.0, 0.0, 0.0, 1.0]], [[-0.934891402721405, 0.3547007441520691, -0.012861165218055248, 1.0106201171875], [0.010133753530681133, -0.00954595860093832, -0.99990314245224, 1.5854730606079102], [-0.354789137840271, -0.9349311590194702, 0.00532998563721776, -0.105224609375], [0.0, 0.0, 0.0, 1.0]]], "view": [[0.0, -2.0, 100.0], [-2.0, 0.0, 100.0], [0.0, 0.0, 1.0]], "bev": "bev_a002502d8a62447d8adc926abae1c58b.png", "aux": "aux_a002502d8a62447d8adc926abae1c58b.npz", "visibility": "visibility_a002502d8a62447d8adc926abae1c58b.png", "pose": [[0.9997804164886475, -0.02095426246523857, 0.0, 2323.166259765625], [0.02095426246523857, 0.9997804164886475, 0.0, 877.2011108398438], [0.0, 0.0, 1.0, 0.0], [0.0, 0.0, 0.0, 1.0]], "pose_inverse": [[0.9997804164886475, 0.02095426246523857, 0.0, -2341.037353515625], [-0.02095426246523857, 0.9997804164886475, 0.0, -828.3282470703125], [0.0, 0.0, 1.0, 0.0], [0.0, 0.0, 0.0, 1.0]], "cam_ids": [0, 1, 2, 3, 4, 5], "cam_channels": ["CAM_FRONT_LEFT", "CAM_FRONT", "CAM_FRONT_RIGHT", "CAM_BACK_LEFT", "CAM_BACK", "CAM_BACK_RIGHT"], "token": "a002502d8a62447d8adc926abae1c58b", "scene": "scene-0163"}, {"images": ["samples/CAM_FRONT_LEFT/n008-2018-05-21-11-06-59-0400__CAM_FRONT_LEFT__1526915287404917.jpg", "samples/CAM_FRONT/n008-2018-05-21-11-06-59-0400__CAM_FRONT__1526915287412465.jpg", "samples/CAM_FRONT_RIGHT/n008-2018-05-21-11-06-59-0400__CAM_FRONT_RIGHT__1526915287419956.jpg", "samples/CAM_BACK_LEFT/n008-2018-05-21-11-06-59-0400__CAM_BACK_LEFT__1526915287447295.jpg", "samples/CAM_BACK/n008-2018-05-21-11-06-59-0400__CAM_BACK__1526915287437570.jpg", "samples/CAM_BACK_RIGHT/n008-2018-05-21-11-06-59-0400__CAM_BACK_RIGHT__1526915287427813.jpg"], "intrinsics": [[[1256.4720761102153, 0.0, 759.9201772536986], [0.0, 1256.472076110215, 418.2347543062189], [0.0, 0.0, 1.0]], [[1262.8093578767177, 0.0, 786.6784634591471], [0.0, 1262.8093578767177, 437.9890946201144], [0.0, 0.0, 1.0]], [[1264.1253743585607, 0.0, 761.8659236816043], [0.0, 1264.125374358561, 415.0768894058469], [0.0, 0.0, 1.0]], [[1258.2338510172276, 0.0, 742.9036438917772], [0.0, 1258.2338510172278, 422.93240569290015], [0.0, 0.0, 1.0]], [[798.1242652672415, 0.0, 679.0081140747895], [0.0, 798.1242652672414, 419.2474525237902], [0.0, 0.0, 1.0]], [[1259.4297629105833, 0.0, 752.9541347831612], [0.0, 1259.4297629105833, 429.46398926977497], [0.0, 0.0, 1.0]]], "extrinsics": [[[0.8097757697105408, -0.5863555669784546, 0.02121899463236332, -0.7828369140625], [0.023050999268889427, -0.004343807231634855, -0.9997248649597168, 1.5050735473632812], [0.5862863063812256, 0.8100422024726868, 0.009998572058975697, -1.147705078125], [0.0, 0.0, 0.0, 1.0]], [[-0.0045527005568146706, -0.9999456405639648, 0.009381243959069252, -0.02886962890625], [0.01325561199337244, -0.009440863505005836, -0.9998675584793091, 1.5161495208740234], [0.9999017119407654, -0.00442774360999465, 0.013297871686518192, -1.45263671875], [0.0, 0.0, 0.0, 1.0]], [[-0.8108647465705872, -0.585081160068512, -0.013359076343476772, 0.855224609375], [0.01861666701734066, -0.0029720603488385677, -0.9998222589492798, 1.4993476867675781], [0.5849374532699585, -0.8109692335128784, 0.01330219954252243, -1.26678466796875], [0.0, 0.0, 0.0, 1.0]], [[0.9457233548164368, 0.3249198794364929, 0.005868729669600725, -1.1533203125], [0.00547053711488843, 0.0021390323527157307, -0.9999827146530151, 1.5959224700927734], [-0.32492685317993164, 0.9457391500473022, 0.0002454461937304586, -0.07986068725585938], [0.0, 0.0, 0.0, 1.0]], [[0.01784825325012207, 0.9998331665992737, -0.003877154318615794, 0.00750732421875], [0.014272323809564114, -0.0041321516036987305, -0.999889612197876, 1.5404930114746094], [-0.9997388124465942, 0.01779094710946083, -0.014343693852424622, 0.042724609375], [0.0, 0.0, 0.0, 1.0]], [[-0.9349378347396851, 0.3546510636806488, -0.010668381117284298, 1.02783203125], [0.009420603513717651, -0.005244825035333633, -0.999941885471344, 1.5851821899414062], [-0.3546864092350006, -0.934984028339386, 0.0015625583473592997, -0.1016845703125], [0.0, 0.0, 0.0, 1.0]]], "view": [[0.0, -2.0, 100.0], [-2.0, 0.0, 100.0], [0.0, 0.0, 1.0]], "bev": "bev_c667f0206f12436aa4ede6406575271f.png", "aux": "aux_c667f0206f12436aa4ede6406575271f.npz", "visibility": "visibility_c667f0206f12436aa4ede6406575271f.png", "pose": [[0.9998403191566467, -0.01786964200437069, 0.0, 2326.660400390625], [0.01786964200437069, 0.9998403191566467, 0.0, 877.270751953125], [0.0, 0.0, 1.0, 0.0], [0.0, 0.0, 0.0, 1.0]], "pose_inverse": [[0.9998403191566467, 0.01786964200437069, 0.0, -2341.96533203125], [-0.01786964200437069, 0.9998403191566467, 0.0, -835.5540771484375], [0.0, 0.0, 1.0, 0.0], [0.0, 0.0, 0.0, 1.0]], "cam_ids": [0, 1, 2, 3, 4, 5], "cam_channels": ["CAM_FRONT_LEFT", "CAM_FRONT", "CAM_FRONT_RIGHT", "CAM_BACK_LEFT", "CAM_BACK", "CAM_BACK_RIGHT"], "token": "c667f0206f12436aa4ede6406575271f", "scene": "scene-0163"}, {"images": ["samples/CAM_FRONT_LEFT/n008-2018-05-21-11-06-59-0400__CAM_FRONT_LEFT__1526915287904917.jpg", "samples/CAM_FRONT/n008-2018-05-21-11-06-59-0400__CAM_FRONT__1526915287912465.jpg", "samples/CAM_FRONT_RIGHT/n008-2018-05-21-11-06-59-0400__CAM_FRONT_RIGHT__1526915287920006.jpg", "samples/CAM_BACK_LEFT/n008-2018-05-21-11-06-59-0400__CAM_BACK_LEFT__1526915287947295.jpg", "samples/CAM_BACK/n008-2018-05-21-11-06-59-0400__CAM_BACK__1526915287937570.jpg", "samples/CAM_BACK_RIGHT/n008-2018-05-21-11-06-59-0400__CAM_BACK_RIGHT__1526915287927813.jpg"], "intrinsics": [[[1256.4720761102153, 0.0, 759.9201772536986], [0.0, 1256.472076110215, 418.2347543062189], [0.0, 0.0, 1.0]], [[1262.8093578767177, 0.0, 786.6784634591471], [0.0, 1262.8093578767177, 437.9890946201144], [0.0, 0.0, 1.0]], [[1264.1253743585607, 0.0, 761.8659236816043], [0.0, 1264.125374358561, 415.0768894058469], [0.0, 0.0, 1.0]], [[1258.2338510172276, 0.0, 742.9036438917772], [0.0, 1258.2338510172278, 422.93240569290015], [0.0, 0.0, 1.0]], [[798.1242652672415, 0.0, 679.0081140747895], [0.0, 798.1242652672414, 419.2474525237902], [0.0, 0.0, 1.0]], [[1259.4297629105833, 0.0, 752.9541347831612], [0.0, 1259.4297629105833, 429.46398926977497], [0.0, 0.0, 1.0]]], "extrinsics": [[[0.8096597194671631, -0.5866246223449707, 0.017964253202080727, -0.79638671875], [0.019308239221572876, -0.003967884462326765, -0.999805748462677, 1.5036468505859375], [0.5865819454193115, 0.809849202632904, 0.00811405386775732, -1.158935546875], [0.0, 0.0, 0.0, 1.0]], [[-0.004727697931230068, -0.9999477863311768, 0.009056524373590946, -0.02783203125], [0.00959782674908638, -0.009101583622395992, -0.9999125599861145, 1.5151424407958984], [0.9999427199363708, -0.0046403598971664906, 0.00964035652577877, -1.466796875], [0.0, 0.0, 0.0, 1.0]], [[-0.8109634518623352, -0.5849997997283936, -0.01064985990524292, 0.865234375], [0.01503683440387249, -0.0026422361843287945, -0.9998834133148193, 1.498504638671875], [0.5849034190177917, -0.8110291957855225, 0.010939301922917366, -1.2728271484375], [0.0, 0.0, 0.0, 1.0]], [[0.9457408785820007, 0.3249097168445587, 0.0028156512416899204, -1.154541015625], [0.002165836049243808, 0.002361634513363242, -0.9999948143959045, 1.5959186553955078], [-0.3249146640300751, 0.945742130279541, 0.0015297933714464307, -0.07950973510742188], [0.0, 0.0, 0.0, 1.0]], [[0.017848007380962372, 0.9998340010643005, -0.0036489979829639196, 0.007080078125], [0.010886058211326599, -0.003843687241896987, -0.9999333620071411, 1.5402278900146484],