[{"images": ["samples/CAM_FRONT_LEFT/n015-2018-10-08-15-52-24+0800__CAM_FRONT_LEFT__1538985679404844.jpg", "samples/CAM_FRONT/n015-2018-10-08-15-52-24+0800__CAM_FRONT__1538985679412460.jpg", "samples/CAM_FRONT_RIGHT/n015-2018-10-08-15-52-24+0800__CAM_FRONT_RIGHT__1538985679420339.jpg", "samples/CAM_BACK_LEFT/n015-2018-10-08-15-52-24+0800__CAM_BACK_LEFT__1538985679447423.jpg", "samples/CAM_BACK/n015-2018-10-08-15-52-24+0800__CAM_BACK__1538985679437525.jpg", "samples/CAM_BACK_RIGHT/n015-2018-10-08-15-52-24+0800__CAM_BACK_RIGHT__1538985679427893.jpg"], "intrinsics": [[[1272.5979470598488, 0.0, 826.6154927353808], [0.0, 1272.5979470598488, 479.75165386361925], [0.0, 0.0, 1.0]], [[1266.417203046554, 0.0, 816.2670197447984], [0.0, 1266.417203046554, 491.50706579294757], [0.0, 0.0, 1.0]], [[1260.8474446004698, 0.0, 807.968244525554], [0.0, 1260.8474446004698, 495.3344268742088], [0.0, 0.0, 1.0]], [[1256.7414812095406, 0.0, 792.1125740759628], [0.0, 1256.7414812095406, 492.7757465151356], [0.0, 0.0, 1.0]], [[809.2209905677063, 0.0, 829.2196003259838], [0.0, 809.2209905677063, 481.77842384512485], [0.0, 0.0, 1.0]], [[1259.5137405846733, 0.0, 807.2529053838625], [0.0, 1259.5137405846733, 501.19579884916527], [0.0, 0.0, 1.0]]], "extrinsics": [[[0.8207871317863464, -0.5707820057868958, 0.022726792842149734, -0.613525390625], [-0.014199554920196533, -0.060159832239151, -0.9980877637863159, 1.5023956298828125], [0.5710576772689819, 0.8188948631286621, -0.057483263313770294, -1.040283203125], [0.0, 0.0, 0.0, 1.0]], [[0.005914109293371439, -0.9979216456413269, 0.0641675665974617, 0.0096435546875], [-0.01978134550154209, -0.06427288800477982, -0.9977362751960754, 1.5137710571289062], [0.999786913394928, 0.004631415940821171, -0.020120348781347275, -1.341552734375], [0.0, 0.0, 0.0, 1.0]], [[-0.8328646421432495, -0.5521620512008667, 0.03812508285045624, 0.80517578125], [-0.014455040916800499, -0.04715932160615921, -0.998782753944397, 1.499786376953125], [0.5532878637313843, -0.8324020504951477, 0.03129580616950989, -1.095611572265625], [0.0, 0.0, 0.0, 1.0]], [[0.9476089477539062, 0.31793680787086487, -0.03087778575718403, -1.133544921875], [-0.006502085365355015, -0.07744605839252472, -0.9969753623008728, 1.5885009765625], [-0.3193665146827698, 0.9449435472488403, -0.07132133096456528, -0.106597900390625], [0.0, 0.0, 0.0, 1.0]], [[0.0020808663684874773, 0.9977094531059265, -0.06761385500431061, 0.0023193359375], [-0.0317406989634037, -0.06751403212547302, -0.9972133040428162, 1.5760650634765625], [-0.9994939565658569, 0.004221174865961075, 0.031527504324913025, -0.103759765625], [0.0, 0.0, 0.0, 1.0]], [[-0.9349164962768555, 0.3543253540992737, -0.019612861797213554, 0.9488525390625], [0.0011557405814528465, -0.05222759395837784, -0.9986345767974854, 1.5517501831054688], [-0.3548658788204193, -0.9336625933647156, 0.048418931663036346, -0.133056640625], [0.0, 0.0, 0.0, 1.0]]], "view": [[0.0, -2.0, 100.0], [-2.0, 0.0, 100.0], [0.0, 0.0, 1.0]], "bev": "bev_e9aac23f05b0464485415f82a8276bf9.png", "aux": "aux_e9aac23f05b0464485415f82a8276bf9.npz", "visibility": "visibility_e9aac23f05b0464485415f82a8276bf9.png", "pose": [[0.9915048480033875, -0.13006983697414398, 0.0, 2146.035888671875], [0.13006983697414398, 0.9915048480033875, 0.0, 1401.8997802734375], [0.0, 0.0, 1.0, 0.0], [0.0, 0.0, 0.0, 1.0]], "pose_inverse": [[0.9915048480033875, 0.13006983697414398, 0.0, -2310.14990234375], [-0.13006983697414398, 0.9915048480033875, 0.0, -1110.8558349609375], [0.0, 0.0, 1.0, 0.0], [0.0, 0.0, 0.0, 1.0]], "cam_ids": [0, 1, 2, 3, 4, 5], "cam_channels": ["CAM_FRONT_LEFT", "CAM_FRONT", "CAM_FRONT_RIGHT", "CAM_BACK_LEFT", "CAM_BACK", "CAM_BACK_RIGHT"], "token": "e9aac23f05b0464485415f82a8276bf9", "scene": "scene-0437"}, {"images": ["samples/CAM_FRONT_LEFT/n015-2018-10-08-15-52-24+0800__CAM_FRONT_LEFT__1538985679904844.jpg", "samples/CAM_FRONT/n015-2018-10-08-15-52-24+0800__CAM_FRONT__1538985679912460.jpg", "samples/CAM_FRONT_RIGHT/n015-2018-10-08-15-52-24+0800__CAM_FRONT_RIGHT__1538985679920339.jpg", "samples/CAM_BACK_LEFT/n015-2018-10-08-15-52-24+0800__CAM_BACK_LEFT__1538985679947423.jpg", "samples/CAM_BACK/n015-2018-10-08-15-52-24+0800__CAM_BACK__1538985679937525.jpg", "samples/CAM_BACK_RIGHT/n015-2018-10-08-15-52-24+0800__CAM_BACK_RIGHT__1538985679927893.jpg"], "intrinsics": [[[1272.5979470598488, 0.0, 826.6154927353808], [0.0, 1272.5979470598488, 479.75165386361925], [0.0, 0.0, 1.0]], [[1266.417203046554, 0.0, 816.2670197447984], [0.0, 1266.417203046554, 491.50706579294757], [0.0, 0.0, 1.0]], [[1260.8474446004698, 0.0, 807.968244525554], [0.0, 1260.8474446004698, 495.3344268742088], [0.0, 0.0, 1.0]], [[1256.7414812095406, 0.0, 792.1125740759628], [0.0, 1256.7414812095406, 492.7757465151356], [0.0, 0.0, 1.0]], [[809.2209905677063, 0.0, 829.2196003259838], [0.0, 809.2209905677063, 481.77842384512485], [0.0, 0.0, 1.0]], [[1259.5137405846733, 0.0, 807.2529053838625], [0.0, 1259.5137405846733, 501.19579884916527], [0.0, 0.0, 1.0]]], "extrinsics": [[[0.820185661315918, -0.5712971687316895, 0.03024919703602791, -0.6170654296875], [-0.00513447355479002, -0.060222797095775604, -0.9981717467308044, 1.5059967041015625], [0.5720744132995605, 0.8185308575630188, -0.05232718586921692, -1.0361328125], [0.0, 0.0, 0.0, 1.0]], [[0.004842028021812439, -0.9979084134101868, 0.06446205079555511, 0.0054931640625], [-0.01045795064419508, -0.06450982391834259, -0.9978622794151306, 1.5167922973632812], [0.9999335408210754, 0.0041575562208890915, -0.010748435743153095, -1.342041015625], [0.0, 0.0, 0.0, 1.0]], [[-0.8333591818809509, -0.5518989562988281, 0.030331265181303024, 0.804443359375], [-0.004843223374336958, -0.04758191108703613, -0.9988555908203125, 1.50225830078125], [0.5527106523513794, -0.832552433013916, 0.036979854106903076, -1.098876953125], [0.0, 0.0, 0.0, 1.0]], [[0.9476976990699768, 0.3184502422809601, -0.021411322057247162, -1.134765625], [0.003879110561683774, -0.07857175171375275, -0.9969009160995483, 1.58856201171875], [-0.3191456198692322, 0.9446777105331421, -0.07569757103919983, -0.10595703125], [0.0, 0.0, 0.0, 1.0]], [[0.002509813755750656, 0.9976505637168884, -0.06846240162849426, 0.0037841796875], [-0.02157364785671234, -0.06839266419410706, -0.9974251985549927, 1.5770492553710938], [-0.999764084815979, 0.003980341833084822, 0.02135130763053894, -0.1025390625], [0.0, 0.0, 0.0, 1.0]], [[-0.9346579909324646, 0.3543562889099121, -0.029086118564009666, 0.9508056640625], [0.011036678217351437, -0.05285126343369484, -0.9985414147377014, 1.5535888671875], [-0.355376660823822, -0.9336157441139221, 0.0454869382083416, -0.13525390625], [0.0, 0.0, 0.0, 1.0]]], "view": [[0.0, -2.0, 100.0], [-2.0, 0.0, 100.0], [0.0, 0.0, 1.0]], "bev": "bev_d1b5e5c209664125918fc41797a24c88.png", "aux": "aux_d1b5e5c209664125918fc41797a24c88.npz", "visibility": "visibility_d1b5e5c209664125918fc41797a24c88.png", "pose": [[0.9916841387748718, -0.1286957710981369, 0.0, 2150.90234375], [0.1286957710981369, 0.9916841387748718, 0.0, 1402.5006103515625], [0.0, 0.0, 1.0, 0.0], [0.0, 0.0, 0.0, 1.0]], "pose_inverse": [[0.9916841387748718, 0.1286957710981369, 0.0, -2313.511474609375], [-0.1286957710981369, 0.9916841387748718, 0.0, -1114.0255126953125], [0.0, 0.0, 1.0, 0.0], [0.0, 0.0, 0.0, 1.0]], "cam_ids": [0, 1, 2, 3, 4, 5], "cam_channels": ["CAM_FRONT_LEFT", "CAM_FRONT", "CAM_FRONT_RIGHT", "CAM_BACK_LEFT", "CAM_BACK", "CAM_BACK_RIGHT"], "token": "d1b5e5c209664125918fc41797a24c88", "scene": "scene-0437"}, {"images": ["samples/CAM_FRONT_LEFT/n015-2018-10-08-15-52-24+0800__CAM_FRONT_LEFT__1538985680404844.jpg", "samples/CAM_FRONT/n015-2018-10-08-15-52-24+0800__CAM_FRONT__1538985680412460.jpg", "samples/CAM_FRONT_RIGHT/n015-2018-10-08-15-52-24+0800__CAM_FRONT_RIGHT__1538985680420339.jpg", "samples/CAM_BACK_LEFT/n015-2018-10-08-15-52-24+0800__CAM_BACK_LEFT__1538985680447423.jpg", "samples/CAM_BACK/n015-2018-10-08-15-52-24+0800__CAM_BACK__1538985680437525.jpg", "samples/CAM_BACK_RIGHT/n015-2018-10-08-15-52-24+0800__CAM_BACK_RIGHT__1538985680427893.jpg"], "intrinsics": [[[1272.5979470598488, 0.0, 826.6154927353808], [0.0, 1272.5979470598488, 479.75165386361925], [0.0, 0.0, 1.0]], [[1266.417203046554, 0.0, 816.2670197447984], [0.0, 1266.417203046554, 491.50706579294757], [0.0, 0.0, 1.0]], [[1260.8474446004698, 0.0, 807.968244525554], [0.0, 1260.8474446004698, 495.3344268742088], [0.0, 0.0, 1.0]], [[1256.7414812095406, 0.0, 792.1125740759628], [0.0, 1256.7414812095406, 492.7757465151356], [0.0, 0.0, 1.0]], [[809.2209905677063, 0.0, 829.2196003259838], [0.0, 809.2209905677063, 481.77842384512485], [0.0, 0.0, 1.0]], [[1259.5137405846733, 0.0, 807.2529053838625], [0.0, 1259.5137405846733, 501.19579884916527], [0.0, 0.0, 1.0]]], "extrinsics": [[[0.8205422163009644, -0.5704892873764038, 0.03539048880338669, -0.6156005859375], [0.004084738902747631, -0.056062109768390656, -0.998418927192688, 1.5099296569824219], [0.5715713500976562, 0.8193894028663635, -0.043671026825904846, -1.035400390625], [0.0, 0.0, 0.0, 1.0]], [[0.005584665574133396, -0.9981948137283325, 0.059799015522003174, 0.00634765625], [-0.0012602334609255195, -0.05980692803859711, -0.9982091784477234, 1.520050048828125], [0.9999836087226868, 0.005499307531863451, -0.0015919591533020139, -1.341796875], [0.0, 0.0, 0.0, 1.0]], [[-0.8327798247337341, -0.5532491207122803, 0.019827984273433685, 0.805908203125], [0.004311989061534405, -0.04229738563299179, -0.9990957379341125, 1.5048141479492188], [0.5535874962806702, -0.8319413065910339, 0.0376100167632103, -1.09832763671875], [0.0, 0.0, 0.0, 1.0]], [[0.9476636648178101, 0.31908631324768066, -0.010842167772352695, -1.1357421875], [0.012699266895651817, -0.07160475850105286, -0.9973521828651428, 1.5886383056640625], [-0.31901776790618896, 0.9450168013572693, -0.07190938293933868, -0.10577392578125], [0.0, 0.0, 0.0, 1.0]], [[0.0022365280892699957, 0.9980783462524414, -0.06192502751946449, 0.003173828125], [-0.012617657892405987, -0.06189208850264549, -0.9980031251907349, 1.5780487060546875], [-0.9999179244041443, 0.003013420617207885, 0.0124549875035882, -0.101806640625], [0.0, 0.0, 0.0, 1.0]], [[-0.93478924036026, 0.35342875123023987, -0.035457272082567215, 0.951171875], [0.02012961357831955, -0.04695156216621399, -0.9986943006515503, 1.5554304122924805], [-0.35463210940361023, -0.9342824220657349, 0.03677542880177498, -0.1336669921875], [0.0, 0.0, 0.0, 1.0]]], "view": [[0.0, -2.0, 100.0], [-2.0, 0.0, 100.0], [0.0, 0.0, 1.0]], "bev": "bev_822fc10d53cb41028e0da969333c95cd.png", "aux": "aux_822fc10d53cb41028e0da969333c95cd.npz", "visibility": "visibility_822fc10d53cb41028e0da969333c95cd.png", "pose": [[0.9914146065711975, -0.13075575232505798, 0.0, 2155.7548828125], [0.13075575232505798, 0.9914146065711975, 0.0, 1403.1383056640625], [0.0, 0.0, 1.0, 0.0], [0.0, 0.0, 0.0, 1.0]], "pose_inverse": [[0.9914146065711975, 0.13075575232505798, 0.0, -2320.71533203125], [-0.13075575232505798, 0.9914146065711975, 0.0, -1109.2144775390625], [0.0, 0.0, 1.0, 0.0], [0.0, 0.0, 0.0, 1.0]], "cam_ids": [0, 1, 2, 3, 4, 5], "cam_channels": ["CAM_FRONT_LEFT", "CAM_FRONT", "CAM_FRONT_RIGHT", "CAM_BACK_LEFT", "CAM_BACK", "CAM_BACK_RIGHT"], "token": "822fc10d53cb41028e0da969333c95cd", "scene": "scene-0437"}, {"images": ["samples/CAM_FRONT_LEFT/n015-2018-10-08-15-52-24+0800__CAM_FRONT_LEFT__1538985680904844.jpg", "samples/CAM_FRONT/n015-2018-10-08-15-52-24+0800__CAM_FRONT__1538985680912460.jpg", "samples/CAM_FRONT_RIGHT/n015-2018-10-08-15-52-24+0800__CAM_FRONT_RIGHT__1538985680920339.jpg", "samples/CAM_BACK_LEFT/n015-2018-10-08-15-52-24+0800__CAM_BACK_LEFT__1538985680947423.jpg", "samples/CAM_BACK/n015-2018-10-08-15-52-24+0800__CAM_BACK__1538985680937525.jpg", "samples/CAM_BACK_RIGHT/n015-2018-10-08-15-52-24+0800__CAM_BACK_RIGHT__1538985680927893.jpg"], "intrinsics": [[[1272.5979470598488, 0.0, 826.6154927353808], [0.0, 1272.5979470598488, 479.75165386361925], [0.0, 0.0, 1.0]], [[1266.417203046554, 0.0, 816.2670197447984], [0.0, 1266.417203046554, 491.50706579294757], [0.0, 0.0, 1.0]], [[1260.8474446004698, 0.0, 807.968244525554], [0.0, 1260.8474446004698, 495.3344268742088], [0.0, 0.0, 1.0]], [[1256.7414812095406, 0.0, 792.1125740759628], [0.0, 1256.7414812095406, 492.7757465151356], [0.0, 0.0, 1.0]], [[809.2209905677063, 0.0, 829.2196003259838], [0.0, 809.2209905677063, 481.77842384512485], [0.0, 0.0, 1.0]], [[1259.5137405846733, 0.0, 807.2529053838625], [0.0, 1259.5137405846733, 501.19579884916527], [0.0, 0.0, 1.0]]], "extrinsics": [[[0.820827066898346, -0.5702308416366577, 0.03286007419228554, -0.6033935546875], [0.0024906168691813946, -0.053956642746925354, -0.9985401630401611, 1.5094146728515625], [0.5711713433265686, 0.8197106719017029, -0.04286884516477585, -1.030517578125], [0.0, 0.0, 0.0, 1.0]], [[0.005690412130206823, -0.9983078241348267, 0.05787118896842003, 0.00830078125], [-0.0028109869454056025, -0.05788787081837654, -0.998319149017334, 1.5195770263671875], [0.9999799132347107, 0.005518180783838034, -0.003135636216029525, -1.33056640625], [0.0, 0.0, 0.0, 1.0]], [[-0.8329579830169678, -0.552970826625824, 0.020109452307224274, 0.798828125], [0.0028101198840886354, -0.04056910052895546, -0.9991727471351624, 1.5044746398925781], [0.5533291697502136, -0.8322123289108276, 0.035346269607543945, -1.092529296875], [0.0, 0.0, 0.0, 1.0]], [[0.9476741552352905, 0.3190290629863739, -0.011585955508053303, -1.13623046875], [0.011480586603283882, -0.07032699882984161, -0.9974579215049744, 1.5886268615722656], [-0.3190328776836395, 0.9451320767402649, -0.07030971348285675, -0.105560302734375], [0.0, 0.0, 0.0, 1.0]], [[0.0023445026017725468, 0.9981603026390076, -0.06058588996529579, 0.0028076171875], [-0.013930871151387691, -0.06054757907986641, -0.99806809425354, 1.5778961181640625], [-0.999900221824646, 0.0031839830335229635, 0.013763287104666233, -0.104736328125], [0.0, 0.0, 0.0, 1.0]], [[-0.9347332715988159, 0.35375866293907166, -0.03359470143914223, 0.945068359375], [0.01870007999241352, -0.045439280569553375, -0.9987920522689819, 1.5552983283996582], [-0.354857861995697, -0.9342324137687683, 0.035858288407325745, -0.13525390625], [0.0, 0.0, 0.0, 1.0]]], "view": [[0.0, -2.0, 100.0], [-2.0, 0.0, 100.0], [0.0, 0.0, 1.0]], "bev": "bev_09b0abd680a343d391c60977e60e6796.png", "aux": "aux_09b0abd680a343d391c60977e60e6796.npz", "visibility": "visibility_09b0abd680a343d391c60977e60e6796.png", "pose": [[0.9908283352851868, -0.13512681424617767, 0.0, 2160.725830078125], [0.13512681424617767, 0.9908283352851868, 0.0, 1403.801025390625], [0.0, 0.0, 1.0, 0.0], [0.0, 0.0, 0.0, 1.0]], "pose_inverse": [[0.9908283352851868, 0.13512681424617767, 0.0, -2330.599609375], [-0.13512681424617767, 0.9908283352851868, 0.0, -1098.9537353515625], [0.0, 0.0, 1.0, 0.0], [0.0, 0.0, 0.0, 1.0]], "cam_ids": [0, 1, 2, 3, 4, 5], "cam_channels": ["CAM_FRONT_LEFT", "CAM_FRONT", "CAM_FRONT_RIGHT", "CAM_BACK_LEFT", "CAM_BACK", "CAM_BACK_RIGHT"], "token": "09b0abd680a343d391c60977e60e6796", "scene": "scene-0437"}, {"images": ["samples/CAM_FRONT_LEFT/n015-2018-10-08-15-52-24+0800__CAM_FRONT_LEFT__1538985681404844.jpg", "samples/CAM_FRONT/n015-2018-10-08-15-52-24+0800__CAM_FRONT__1538985681412460.jpg", "samples/CAM_FRONT_RIGHT/n015-2018-10-08-15-52-24+0800__CAM_FRONT_RIGHT__1538985681420339.jpg", "samples/CAM_BACK_LEFT/n015-2018-10-08-15-52-24+0800__CAM_BACK_LEFT__1538985681447423.jpg", "samples/CAM_BACK/n015-2018-10-08-15-52-24+0800__CAM_BACK__1538985681437525.jpg", "samples/CAM_BACK_RIGHT/n015-2018-10-08-15-52-24+0800__CAM_BACK_RIGHT__1538985681427893.jpg"], "intrinsics": [[[1272.5979470598488, 0.0, 826.6154927353808], [0.0, 1272.5979470598488, 479.75165386361925], [0.0, 0.0, 1.0]], [[1266.417203046554, 0.0, 816.2670197447984], [0.0, 1266.417203046554, 491.50706579294757], [0.0, 0.0, 1.0]], [[1260.8474446004698, 0.0, 807.968244525554], [0.0, 1260.8474446004698, 495.3344268742088], [0.0, 0.0, 1.0]], [[1256.7414812095406, 0.0, 792.1125740759628], [0.0, 1256.7414812095406, 492.7757465151356], [0.0, 0.0, 1.0]], [[809.2209905677063, 0.0, 829.2196003259838], [0.0, 809.2209905677063, 481.77842384512485], [0.0, 0.0, 1.0]], [[1259.5137405846733, 0.0, 807.2529053838625], [0.0, 1259.5137405846733, 501.19579884916527], [0.0, 0.0, 1.0]]], "extrinsics": [[[0.8210476636886597, -0.570009171962738, 0.031147493049502373, -0.6009521484375], [-0.0003555615257937461, -0.05507306382060051, -0.9984822273254395, 1.5083389282226562], [0.570859432220459, 0.8197904825210571, -0.045420289039611816, -1.032470703125], [0.0, 0.0, 0.0, 1.0]], [[0.006196089554578066, -0.9982317686080933, 0.05911683663725853, 0.0113525390625], [-0.005569073837250471, -0.059151507914066315, -0.9982334971427917, 1.51873779296875], [0.999965250492096, 0.00585591746494174, -0.005925733596086502, -1.33056640625], [0.0, 0.0, 0.0, 1.0]], [[-0.8326425552368164, -0.5533270835876465, 0.023141348734498024, 0.79931640625], [0.00013115846377331764, -0.04198267683386803, -0.9991183280944824, 1.5038185119628906], [0.5538107752799988, -0.8319053649902344, 0.03502913564443588, -1.0897216796875], [0.0, 0.0, 0.0, 1.0]], [[0.9476715326309204, 0.31889668107032776, -0.014950811862945557, -1.138427734375], [0.008683335036039352, -0.07256201654672623, -0.9973260760307312, 1.5886001586914062], [-0.3191288113594055, 0.9450077414512634, -0.07153404504060745, -0.10516357421875], [0.0, 0.0, 0.0, 1.0]], [[0.0020813781302422285, 0.998045027256012, -0.062463048845529556, 0.001708984375], [-0.016639946028590202, -0.06241997331380844, -0.9979112148284912, 1.5776748657226562], [-0.9998594522476196, 0.0031164358370006084, 0.016477493569254875, -0.10400390625], [0.0, 0.0, 0.0, 1.0]], [[-0.9349293112754822, 0.3534196615219116, -0.03164910525083542, 0.9444580078125], [0.016042614355683327, -0.04700174182653427, -0.9987660050392151, 1.554840087890625], [-0.3544711172580719, -0.9342833757400513, 0.03827353194355965, -0.1337890625], [0.0, 0.0, 0.0, 1.0]]], "view": [[0.0, -2.0, 100.0], [-2.0, 0.0, 100.0], [0.0, 0.0, 1.0]], "bev": "bev_dc2f6ed449f946e7b94de6ff2ce4ffbe.png", "aux": "aux_dc2f6ed449f946e7b94de6ff2ce4ffbe.npz", "visibility": "visibility_dc2f6ed449f946e7b94de6ff2ce4ffbe.png", "pose": [[0.9901782870292664, -0.13981036841869354, 0.0, 2165.795654296875], [0.13981036841869354, 0.9901782870292664, 0.0, 1404.47216796875], [0.0, 0.0, 1.0, 0.0], [0.0, 0.0, 0.0, 1.0]], "pose_inverse": [[0.9901782870292664, 0.13981036841869354, 0.0, -2340.883544921875], [-0.13981036841869354, 0.9901782870292664, 0.0, -1087.877197265625], [0.0, 0.0, 1.0, 0.0], [0.0, 0.0, 0.0, 1.0]], "cam_ids": [0, 1, 2, 3, 4, 5], "cam_channels": ["CAM_FRONT_LEFT", "CAM_FRONT", "CAM_FRONT_RIGHT", "CAM_BACK_LEFT", "CAM_BACK", "CAM_BACK_RIGHT"], "token": "dc2f6ed449f946e7b94de6ff2ce4ffbe", "scene": "scene-0437"}, {"images": ["samples/CAM_FRONT_LEFT/n015-2018-10-08-15-52-24+0800__CAM_FRONT_LEFT__1538985681904844.jpg", "samples/CAM_FRONT/n015-2018-10-08-15-52-24+0800__CAM_FRONT__1538985681912460.jpg", "samples/CAM_FRONT_RIGHT/n015-2018-10-08-15-52-24+0800__CAM_FRONT_RIGHT__1538985681920339.jpg", "samples/CAM_BACK_LEFT/n015-2018-10-08-15-52-24+0800__CAM_BACK_LEFT__1538985681947423.jpg", "samples/CAM_BACK/n015-2018-10-08-15-52-24+0800__CAM_BACK__1538985681937525.jpg", "samples/CAM_BACK_RIGHT/n015-2018-10-08-15-52-24+0800__CAM_BACK_RIGHT__1538985681927893.jpg"], "intrinsics": [[[1272.5979470598488, 0.0, 826.6154927353808], [0.0, 1272.5979470598488, 479.75165386361925], [0.0, 0.0, 1.0]], [[1266.417203046554, 0.0, 816.2670197447984], [0.0, 1266.417203046554, 491.50706579294757], [0.0, 0.0, 1.0]], [[1260.8474446004698, 0.0, 807.968244525554], [0.0, 1260.8474446004698, 495.3344268742088], [0.0, 0.0, 1.0]], [[1256.7414812095406, 0.0, 792.1125740759628], [0.0, 1256.7414812095406, 492.7757465151356], [0.0, 0.0, 1.0]], [[809.2209905677063, 0.0, 829.2196003259838], [0.0, 809.2209905677063, 481.77842384512485], [0.0, 0.0, 1.0]], [[1259.5137405846733, 0.0, 807.2529053838625], [0.0, 1259.5137405846733, 501.19579884916527], [0.0, 0.0, 1.0]]], "extrinsics": [[[0.820493757724762, -0.5705162882804871, 0.03607329726219177, -0.6025390625], [0.003400595625862479, -0.05823095887899399, -0.998297393321991, 1.5100212097167969], [0.5716454982757568, 0.8192193508148193, -0.04583803564310074, -1.03369140625], [0.0, 0.0, 0.0, 1.0]], [[0.0052582439966499805, -0.9980461001396179, 0.06226010248064995, 0.0111083984375], [-0.0015003485605120659, -0.06226877123117447, -0.9980583190917969, 1.520263671875], [0.9999850392341614, 0.005154618993401527, -0.0018248405540362, -1.332275390625], [0.0, 0.0, 0.0, 1.0]], [[-0.8330888152122498, -0.5527347922325134, 0.021148933097720146, 0.801513671875], [0.004542150069028139, -0.04506906121969223, -0.998973548412323, 1.5050888061523438], [0.5531206130981445, -0.8321375846862793, 0.04005713388323784, -1.091156005859375], [0.0, 0.0, 0.0, 1.0]], [[0.9476445317268372, 0.31914985179901123, -0.01064175646752119, -1.138671875], [0.014196201227605343, -0.07539825141429901, -0.9970524311065674, 1.5886077880859375], [-0.31901153922080994, 0.9447001814842224, -0.07598145306110382, -0.104949951171875], [0.0, 0.0, 0.0, 1.0]], [[0.002421072218567133, 0.9978556632995605, -0.0654088631272316, 0.001708984375], [-0.0115501768887043, -0.06537679582834244, -0.9977937936782837, 1.5782470703125], [-0.9999303817749023, 0.003171207383275032, 0.011367125436663628, -0.1025390625], [0.0, 0.0, 0.0, 1.0]], [[-0.9346392154693604, 0.35365235805511475, -0.03714515268802643, 0.9461669921875], [0.02074364200234413, -0.050056979060173035, -0.9985309839248657, 1.5557761192321777], [-0.35499221086502075, -0.9340366125106812, 0.03944917395710945, -0.133056640625], [0.0, 0.0, 0.0, 1.0]]], "view": [[0.0, -2.0, 100.0], [-2.0, 0.0, 100.0], [0.0, 0.0, 1.0]], "bev": "bev_90bb55e641db4b638db0c1d6b9234fa4.png", "aux": "aux_90bb55e641db4b638db0c1d6b9234fa4.npz", "visibility": "visibility_90bb55e641db4b638db0c1d6b9234fa4.png", "pose": [[0.9893839955329895, -0.14532503485679626, 0.0, 2170.852294921875], [0.14532503485679626, 0.9893839955329895, 0.0, 1405.174072265625], [0.0, 0.0, 1.0, 0.0], [0.0, 0.0, 0.0, 1.0]], "pose_inverse": [[0.9893839955329895, 0.14532503485679626, 0.0, -2352.013427734375], [-0.14532503485679626, 0.9893839955329895, 0.0, -1074.7774658203125], [0.0, 0.0, 1.0, 0.0], [0.0, 0.0, 0.0, 1.0]], "cam_ids": [0, 1, 2, 3, 4, 5], "cam_channels": ["CAM_FRONT_LEFT", "CAM_FRONT", "CAM_FRONT_RIGHT", "CAM_BACK_LEFT", "CAM_BACK", "CAM_BACK_RIGHT"], "token": "90bb55e641db4b638db0c1d6b9234fa4", "scene": "scene-0437"}, {"images": ["samples/CAM_FRONT_LEFT/n015-2018-10-08-15-52-24+0800__CAM_FRONT_LEFT__1538985682404844.jpg", "samples/CAM_FRONT/n015-2018-10-08-15-52-24+0800__CAM_FRONT__1538985682412460.jpg", "samples/CAM_FRONT_RIGHT/n015-2018-10-08-15-52-24+0800__CAM_FRONT_RIGHT__1538985682420339.jpg", "samples/CAM_BACK_LEFT/n015-2018-10-08-15-52-24+0800__CAM_BACK_LEFT__1538985682447423.jpg", "samples/CAM_BACK/n015-2018-10-08-15-52-24+0800__CAM_BACK__1538985682437525.jpg", "samples/CAM_BACK_RIGHT/n015-2018-10-08-15-52-24+0800__CAM_BACK_RIGHT__1538985682427893.jpg"], "intrinsics": [[[1272.5979470598488, 0.0, 826.6154927353808], [0.0, 1272.5979470598488, 479.75165386361925], [0.0, 0.0, 1.0]], [[1266.417203046554, 0.0, 816.2670197447984], [0.0, 1266.417203046554, 491.50706579294757], [0.0, 0.0, 1.0]], [[1260.8474446004698, 0.0, 807.968244525554], [0.0, 1260.8474446004698, 495.3344268742088], [0.0, 0.0, 1.0]], [[1256.7414812095406, 0.0, 792.1125740759628], [0.0, 1256.7414812095406, 492.7757465151356], [0.0, 0.0, 1.0]], [[809.2209905677063, 0.0, 829.2196003259838], [0.0, 809.2209905677063, 481.77842384512485], [0.0, 0.0, 1.0]], [[1259.5137405846733, 0.0, 807.2529053838625], [0.0, 1259.5137405846733, 501.19579884916527], [0.0, 0.0, 1.0]]], "extrinsics": [[[0.820259690284729, -0.5712777972221375, 0.028561417013406754, -0.6077880859375], [-0.001594720990397036, -0.05221715569496155, -0.9986344575881958, 1.5076675415039062], [0.571989119052887, 0.8190940022468567, -0.04374265670776367, -1.033935546875], [0.0, 0.0, 0.0, 1.0]], [[0.0048747071996331215, -0.9984070658683777, 0.05620981380343437, 0.00830078125], [-0.007113149855285883, -0.05624368041753769, -0.9983917474746704, 1.5180892944335938], [0.9999628067016602, 0.004467063583433628, -0.007375991437584162, -1.33642578125], [0.0, 0.0, 0.0, 1.0]], [[-0.8333606719970703, -0.5522511005401611, 0.022991031408309937, 0.802978515625], [-0.0017005472909659147, -0.03903352469205856, -0.9992364048957825, 1.5032081604003906], [0.5527269244194031, -0.8327634930610657, 0.03158988058567047, -1.09564208984375], [0.0, 0.0, 0.0, 1.0]], [[0.9476919174194336, 0.318783700466156, -0.016030609607696533, -1.145751953125], [0.006456104107201099, -0.06935758888721466, -0.9975709915161133, 1.5885238647460938], [-0.3191211521625519, 0.9452864527702332, -0.06778772920370102, -0.102447509765625], [0.0, 0.0, 0.0, 1.0]], [[0.002536691725254059, 0.9982330203056335, -0.05936635285615921, 0.002685546875], [-0.018796926364302635, -0.059308454394340515, -0.9980627298355103, 1.5775375366210938], [-0.9998201131820679, 0.0036477032117545605, 0.018613265827298164, -0.096435546875], [0.0, 0.0, 0.0, 1.0]], [[-0.9346243143081665, 0.35447388887405396, -0.02873319759964943, 0.9512939453125], [0.014013754203915596, -0.04402277618646622, -0.9989322423934937, 1.554245948791504], [-0.35536032915115356, -0.9340291023254395, 0.036177247762680054, -0.1334228515625], [0.0, 0.0, 0.0, 1.0]]], "view": [[0.0, -2.0, 100.0], [-2.0, 0.0, 100.0], [0.0, 0.0, 1.0]], "bev": "bev_1d4dfb358cd0444f839ce15997029abf.png", "aux": "aux_1d4dfb358cd0444f839ce15997029abf.npz", "visibility": "visibility_1d4dfb358cd0444f839ce15997029abf.png", "pose": [[0.988810658454895, -0.14917592704296112, 0.0, 2175.9443359375], [0.14917592704296112, 0.988810658454895, 0.0, 1405.8853759765625], [0.0, 0.0, 1.0, 0.0], [0.0, 0.0, 0.0, 1.0]], "pose_inverse": [[0.988810658454895, 0.14917592704296112, 0.0, -2361.3212890625], [-0.14917592704296112, 0.988810658454895, 0.0, -1065.555908203125], [0.0, 0.0, 1.0, 0.0], [0.0, 0.0, 0.0, 1.0]], "cam_ids": [0, 1, 2, 3, 4, 5], "cam_channels": ["CAM_FRONT_LEFT", "CAM_FRONT", "CAM_FRONT_RIGHT", "CAM_BACK_LEFT", "CAM_BACK", "CAM_BACK_RIGHT"], "token": "1d4dfb358cd0444f839ce15997029abf", "scene": "scene-0437"}, {"images": ["samples/CAM_FRONT_LEFT/n015-2018-10-08-15-52-24+0800__CAM_FRONT_LEFT__1538985682904844.jpg", "samples/CAM_FRONT/n015-2018-10-08-15-52-24+0800__CAM_FRONT__1538985682912460.jpg", "samples/CAM_FRONT_RIGHT/n015-2018-10-08-15-52-24+0800__CAM_FRONT_RIGHT__1538985682920339.jpg", "samples/CAM_BACK_LEFT/n015-2018-10-08-15-52-24+0800__CAM_BACK_LEFT__1538985682947423.jpg", "samples/CAM_BACK/n015-2018-10-08-15-52-24+0800__CAM_BACK__1538985682937525.jpg", "samples/CAM_BACK_RIGHT/n015-2018-10-08-15-52-24+0800__CAM_BACK_RIGHT__1538985682927893.jpg"], "intrinsics": [[[1272.5979470598488, 0.0, 826.6154927353808], [0.0, 1272.5979470598488, 479.75165386361925], [0.0, 0.0, 1.0]], [[1266.417203046554, 0.0, 816.2670197447984], [0.0, 1266.417203046554, 491.50706579294757], [0.0, 0.0, 1.0]], [[1260.8474446004698, 0.0, 807.968244525554], [0.0, 1260.8474446004698, 495.3344268742088], [0.0, 0.0, 1.0]], [[1256.7414812095406, 0.0, 792.1125740759628], [0.0, 1256.7414812095406, 492.7757465151356], [0.0, 0.0, 1.0]], [[809.2209905677063, 0.0, 829.2196003259838], [0.0, 809.2209905677063, 481.77842384512485], [0.0, 0.0, 1.0]], [[1259.5137405846733, 0.0, 807.2529053838625], [0.0, 1259.5137405846733, 501.19579884916527], [0.0, 0.0, 1.0]]], "extrinsics": [[[0.8211079835891724, -0.5700997710227966, 0.02770998142659664, -0.6053466796875], [-0.002808196470141411, -0.05258266627788544, -0.998612642288208, 1.5071754455566406], [0.5707659125328064, 0.8198910355567932, -0.04477700591087341, -1.03369140625], [0.0, 0.0, 0.0, 1.0]], [[0.006229681428521872, -0.9983838200569153, 0.05648855119943619, 0.0096435546875], [-0.008150734938681126, -0.05653846636414528, -0.998367190361023, 1.5177536010742188], [0.9999473690986633, 0.0057591041550040245, -0.008489779196679592, -1.333251953125], [0.0, 0.0, 0.0, 1.0]], [[-0.8326963782310486, -0.5532147288322449, 0.023878173902630806, 0.80078125], [-0.002583145396783948, -0.039241041988134384, -0.999226450920105, 1.5030059814453125], [0.5537237524986267, -0.8321139216423035, 0.031246842816472054, -1.09222412109375], [0.0, 0.0, 0.0, 1.0]], [[0.9476985931396484, 0.31873035430908203, -0.016681481152772903, -1.1416015625], [0.005825935397297144, -0.06953229755163193, -0.9975626468658447, 1.5885429382324219], [-0.31911343336105347, 0.9452915787696838, -0.06775256991386414, -0.103729248046875], [0.0, 0.0, 0.0, 1.0]], [[0.002103219972923398, 0.9982239007949829, -0.059536516666412354, 0.002197265625], [-0.019451521337032318, -0.05948454514145851, -0.998039722442627, 1.5774002075195312], [-0.9998084902763367, 0.003257177770137787, 0.019291864708065987, -0.1005859375], [0.0, 0.0, 0.0, 1.0]], [[-0.9349391460418701, 0.3536969721317291, -0.02805384434759617, 0.9473876953125], [0.013266213238239288, -0.04416463524103165, -0.9989361763000488, 1.5541954040527344], [-0.3545597195625305, -0.9343168139457703, 0.03659902885556221, -0.1337890625], [0.0, 0.0, 0.0, 1.0]]], "view": [[0.0, -2.0, 100.0], [-2.0, 0.0, 100.0], [0.0, 0.0, 1.0]], "bev": "bev_b9d6c84b41a349d8865a1df11b39f197.png", "aux": "aux_b9d6c84b41a349d8865a1df11b39f197.npz", "visibility": "visibility_b9d6c84b41a349d8865a1df11b39f197.png", "pose": [[0.9895843267440796, -0.1439543068408966, 0.0, 2181.017578125], [0.1439543068408966, 0.9895843267440796, 0.0, 1406.6170654296875], [0.0, 0.0, 1.0, 0.0], [0.0, 0.0, 0.0, 1.0]], "pose_inverse": [[0.9895843267440796, 0.1439543068408966, 0.0, -2360.789306640625], [-0.1439543068408966, 0.9895843267440796, 0.0, -1077.9993896484375], [0.0, 0.0, 1.0, 0.0], [0.0, 0.0, 0.0, 1.0]], "cam_ids": [0, 1, 2, 3, 4, 5], "cam_channels": ["CAM_FRONT_LEFT", "CAM_FRONT", "CAM_FRONT_RIGHT", "CAM_BACK_LEFT", "CAM_BACK", "CAM_BACK_RIGHT"], "token": "b9d6c84b41a349d8865a1df11b39f197", "scene": "scene-0437"}, {"images": ["samples/CAM_FRONT_LEFT/n015-2018-10-08-15-52-24+0800__CAM_FRONT_LEFT__1538985683404844.jpg", "samples/CAM_FRONT/n015-2018-10-08-15-52-24+0800__CAM_FRONT__1538985683412460.jpg", "samples/CAM_FRONT_RIGHT/n015-2018-10-08-15-52-24+0800__CAM_FRONT_RIGHT__1538985683420339.jpg", "samples/CAM_BACK_LEFT/n015-2018-10-08-15-52-24+0800__CAM_BACK_LEFT__1538985683447423.jpg", "samples/CAM_BACK/n015-2018-10-08-15-52-24+0800__CAM_BACK__1538985683437525.jpg", "samples/CAM_BACK_RIGHT/n015-2018-10-08-15-52-24+0800__CAM_BACK_RIGHT__1538985683427893.jpg"], "intrinsics": [[[1272.5979470598488, 0.0, 826.6154927353808], [0.0, 1272.5979470598488, 479.75165386361925], [0.0, 0.0, 1.0]], [[1266.417203046554, 0.0, 816.2670197447984], [0.0, 1266.417203046554, 491.50706579294757], [0.0, 0.0, 1.0]], [[1260.8474446004698, 0.0, 807.968244525554], [0.0, 1260.8474446004698, 495.3344268742088], [0.0, 0.0, 1.0]], [[1256.7414812095406, 0.0, 792.1125740759628], [0.0, 1256.7414812095406, 492.7757465151356], [0.0, 0.0, 1.0]], [[809.2209905677063, 0.0, 829.2196003259838], [0.0, 809.2209905677063, 481.77842384512485], [0.0, 0.0, 1.0]], [[1259.5137405846733, 0.0, 807.2529053838625], [0.0, 1259.5137405846733, 501.19579884916527], [0.0, 0.0, 1.0]]], "extrinsics": [[[0.8209981918334961, -0.5702561736106873, 0.027744116261601448, -0.5960693359375], [-0.002867951290681958, -0.05271317437291145, -0.9986055493354797, 1.5070571899414062], [0.5709234476089478, 0.8197738528251648, -0.04491288959980011, -1.02587890625], [0.0, 0.0, 0.0, 1.0]], [[0.006117174401879311, -0.9983858466148376, 0.056462813168764114, 0.0091552734375], [-0.008304734714329243, -0.05651264265179634, -0.9983673691749573, 1.5175857543945312], [0.9999467134475708, 0.005638278089463711, -0.008637028746306896, -1.324462890625], [0.0, 0.0, 0.0, 1.0]], [[-0.8327157497406006, -0.5531809329986572, 0.023982081562280655, 0.7958984375], [-0.0028333484660834074, -0.03905468434095383, -0.9992330074310303, 1.5029144287109375], [0.5536933541297913, -0.8321450352668762, 0.03095410391688347, -1.08929443359375], [0.0, 0.0, 0.0, 1.0]], [[0.9477090239524841, 0.31869223713874817, -0.01681297831237316, -1.142333984375], [0.005381488706916571, -0.06863415986299515, -0.9976273775100708, 1.5885543823242188], [-0.31908997893333435, 0.9453701376914978, -0.06676026433706284, -0.10357666015625], [0.0, 0.0, 0.0, 1.0]], [[0.0021194699220359325, 0.9982624053955078, -0.05888580530881882, 0.0023193359375], [-0.019863341003656387, -0.058832284063100815, -0.998070240020752, 1.5773468017578125], [-0.999800443649292, 0.0032850659918040037, 0.01970413513481617, -0.102294921875], [0.0, 0.0, 0.0, 1.0]], [[-0.9349337816238403, 0.353745698928833, -0.027616513893008232, 0.9439697265625], [0.012936042621731758, -0.04379800334572792, -0.9989566802978516, 1.5541667938232422], [-0.3545861840248108, -0.9343156218528748, 0.03637216240167618, -0.135009765625], [0.0, 0.0, 0.0, 1.0]]], "view": [[0.0, -2.0, 100.0], [-2.0, 0.0, 100.0], [0.0, 0.0, 1.0]], "bev": "bev_f939af7bd05749189efc3bfd6a179232.png", "aux": "aux_f939af7bd05749189efc3bfd6a179232.npz", "visibility": "visibility_f939af7bd05749189efc3bfd6a179232.png", "pose": [[0.9902033805847168, -0.13963240385055542, 0.0, 2186.21240234375], [0.13963240385055542, 0.9902033805847168, 0.0, 1407.3408203125], [0.0, 0.0, 1.0, 0.0], [0.0, 0.0, 0.0, 1.0]], "pose_inverse": [[0.9902033805847168, 0.13963240385055542, 0.0, -2361.305419921875], [-0.13963240385055542, 0.9902033805847168, 0.0, -1088.28759765625], [0.0, 0.0, 1.0, 0.0], [0.0, 0.0, 0.0, 1.0]], "cam_ids": [0, 1, 2, 3, 4, 5], "cam_channels": ["CAM_FRONT_LEFT", "CAM_FRONT", "CAM_FRONT_RIGHT", "CAM_BACK_LEFT", "CAM_BACK", "CAM_BACK_RIGHT"], "token": "f939af7bd05749189efc3bfd6a179232", "scene": "scene-0437"}, {"images": ["samples/CAM_FRONT_LEFT/n015-2018-10-08-15-52-24+0800__CAM_FRONT_LEFT__1538985683904844.jpg", "samples/CAM_FRONT/n015-2018-10-08-15-52-24+0800__CAM_FRONT__1538985683912460.jpg", "samples/CAM_FRONT_RIGHT/n015-2018-10-08-15-52-24+0800__CAM_FRONT_RIGHT__1538985683920339.jpg", "samples/CAM_BACK_LEFT/n015-2018-10-08-15-52-24+0800__CAM_BACK_LEFT__1538985683947423.jpg", "samples/CAM_BACK/n015-2018-10-08-15-52-24+0800__CAM_BACK__1538985683937525.jpg", "samples/CAM_BACK_RIGHT/n015-2018-10-08-15-52-24+0800__CAM_BACK_RIGHT__1538985683927893.jpg"], "intrinsics": [[[1272.5979470598488, 0.0, 826.6154927353808], [0.0, 1272.5979470598488, 479.75165386361925], [0.0, 0.0, 1.0]], [[1266.417203046554, 0.0, 816.2670197447984], [0.0, 1266.417203046554, 491.50706579294757], [0.0, 0.0, 1.0]], [[1260.8474446004698, 0.0, 807.968244525554], [0.0, 1260.8474446004698, 495.3344268742088], [0.0, 0.0, 1.0]], [[1256.7414812095406, 0.0, 792.1125740759628], [0.0, 1256.7414812095406, 492.7757465151356], [0.0, 0.0, 1.0]], [[809.2209905677063, 0.0, 829.2196003259838], [0.0, 809.2209905677063, 481.77842384512485], [0.0, 0.0, 1.0]], [[1259.5137405846733, 0.0, 807.2529053838625], [0.0, 1259.5137405846733, 501.19579884916527], [0.0, 0.0, 1.0]]], "extrinsics": [[[0.8208386301994324, -0.570559561252594, 0.026185976341366768, -0.5986328125], [0.000773157924413681, -0.04473698511719704, -0.9989985227584839, 1.5087051391601562], [0.5711596012115479, 0.8200368285179138, -0.036280713975429535, -1.028564453125], [0.0, 0.0, 0.0, 1.0]], [[0.005788299720734358, -0.9988064765930176, 0.048499178141355515, 0.00927734375], [-0.004712734371423721, -0.04852670431137085, -0.9988107681274414, 1.5189132690429688], [0.9999721050262451, 0.005552845541387796, -0.004987996071577072, -1.327880859375], [0.0, 0.0, 0.0, 1.0]], [[-0.8328819274902344, -0.5532020330429077, 0.016590584069490433, 0.79833984375], [0.0007150241872295737, -0.03105214610695839, -0.9995175004005432, 1.5038909912109375], [0.5534502863883972, -0.8324682712554932, 0.026258323341608047, -1.091583251953125], [0.0, 0.0, 0.0, 1.0]], [[0.947712779045105, 0.31893226504325867, -0.01107033807784319, -1.14404296875], [0.008689620532095432, -0.06046716496348381, -0.9981323480606079, 1.5885429382324219], [-0.31900596618652344, 0.9458467364311218, -0.06007691100239754, -0.103179931640625], [0.0, 0.0, 0.0, 1.0]], [[0.0023026862181723118, 0.9987026453018188, -0.05087094008922577, 0.00244140625], [-0.016461223363876343, -0.05082632601261139, -0.9985718131065369, 1.5777206420898438], [-0.9998618364334106, 0.0031367926858365536, 0.016322828829288483, -0.10009765625], [0.0, 0.0, 0.0, 1.0]], [[-0.9348028302192688, 0.35405686497688293, -0.028057271614670753, 0.946533203125], [0.016415825113654137, -0.035841427743434906, -0.9992226958274841, 1.5548104047775269], [-0.35478729009628296, -0.934536874294281, 0.027692528441548347, -0.134521484375], [0.0, 0.0, 0.0, 1.0]]], "view": [[0.0, -2.0, 100.0], [-2.0, 0.0, 100.0], [0.0, 0.0, 1.0]], "bev": "bev_2df8f568a74a4c6fb6341d735cbceb0b.png", "aux": "aux_2df8f568a74a4c6fb6341d735cbceb0b.npz", "visibility": "visibility_2df8f568a74a4c6fb6341d735cbceb0b.png", "pose": [[0.9904907941818237, -0.13757920265197754, 0.0, 2191.36181640625], [0.13757920265197754, 0.9904907941818237, 0.0, 1408.0316162109375], [0.0, 0.0, 1.0, 0.0], [0.0, 0.0, 0.0, 1.0]], "pose_inverse": [[0.9904907941818237, 0.13757920265197754, 0.0, -2364.239501953125], [-0.13757920265197754, 0.9904907941818237, 0.0, -1093.156494140625], [0.0, 0.0, 1.0, 0.0], [0.0, 0.0, 0.0, 1.0]], "cam_ids": [0, 1, 2, 3, 4, 5], "cam_channels": ["CAM_FRONT_LEFT", "CAM_FRONT", "CAM_FRONT_RIGHT", "CAM_BACK_LEFT", "CAM_BACK", "CAM_BACK_RIGHT"], "token": "2df8f568a74a4c6fb6341d735cbceb0b", "scene": "scene-0437"}, {"images": ["samples/CAM_FRONT_LEFT/n015-2018-10-08-15-52-24+0800__CAM_FRONT_LEFT__1538985684404844.jpg", "samples/CAM_FRONT/n015-2018-10-08-15-52-24+0800__CAM_FRONT__1538985684412460.jpg", "samples/CAM_FRONT_RIGHT/n015-2018-10-08-15-52-24+0800__CAM_FRONT_RIGHT__1538985684420339.jpg", "samples/CAM_BACK_LEFT/n015-2018-10-08-15-52-24+0800__CAM_BACK_LEFT__1538985684447423.jpg", "samples/CAM_BACK/n015-2018-10-08-15-52-24+0800__CAM_BACK__1538985684437525.jpg", "samples/CAM_BACK_RIGHT/n015-2018-10-08-15-52-24+0800__CAM_BACK_RIGHT__1538985684427893.jpg"], "intrinsics": [[[1272.5979470598488, 0.0, 826.6154927353808], [0.0, 1272.5979470598488, 479.75165386361925], [0.0, 0.0, 1.0]], [[1266.417203046554, 0.0, 816.2670197447984], [0.0, 1266.417203046554, 491.50706579294757], [0.0, 0.0, 1.0]], [[1260.8474446004698, 0.0, 807.968244525554], [0.0, 1260.8474446004698, 495.3344268742088], [0.0, 0.0, 1.0]], [[1256.7414812095406, 0.0, 792.1125740759628], [0.0, 1256.7414812095406, 492.7757465151356], [0.0, 0.0, 1.0]], [[809.2209905677063, 0.0, 829.2196003259838], [0.0, 809.2209905677063, 481.77842384512485], [0.0, 0.0, 1.0]], [[1259.5137405846733, 0.0, 807.2529053838625], [0.0, 1259.5137405846733, 501.19579884916527], [0.0, 0.0, 1.0]]], "extrinsics": [[[0.8206166625022888, -0.5710882544517517, 0.021129978820681572, -0.5966796875], [-0.002921708393841982, -0.041166286915540695, -0.9991480708122253, 1.5070419311523438], [0.5714715123176575, 0.819855809211731, -0.0354502908885479, -1.02685546875], [0.0, 0.0, 0.0, 1.0]], [[0.005416818428784609, -0.9989621043205261, 0.04522562399506569, 0.0089111328125], [-0.008219676092267036, -0.04526924341917038, -0.9989410042762756, 1.5176010131835938], [0.9999516010284424, 0.005039366893470287, -0.008456360548734665, -1.3251953125], [0.0, 0.0, 0.0, 1.0]], [[-0.8331204652786255, -0.5528080463409424, 0.01771029643714428, 0.795654296875], [-0.0025892737321555614, -0.02812197618186474, -0.9996011257171631, 1.5029525756835938], [0.5530855059623718, -0.832834005355835, 0.021997623145580292, -1.089691162109375], [0.0, 0.0, 0.0, 1.0]], [[0.947734534740448, 0.31879907846450806, -0.012903239578008652, -1.139404296875], [0.006088836118578911, -0.058505501598119736, -0.9982684850692749, 1.5885658264160156], [-0.3190020024776459, 0.946014940738678, -0.0573887974023819, -0.104583740234375], [0.0, 0.0, 0.0, 1.0]], [[0.0024440325796604156, 0.9988175630569458, -0.048553984612226486, 0.0025634765625], [-0.019345834851264954, -0.048497818410396576, -0.9986359477043152, 1.57733154296875], [-0.9998098611831665, 0.0033800238743424416, 0.019204426556825638, -0.