[{"images": ["samples/CAM_FRONT_LEFT/n015-2018-11-14-19-09-14+0800__CAM_FRONT_LEFT__1542194055104844.jpg", "samples/CAM_FRONT/n015-2018-11-14-19-09-14+0800__CAM_FRONT__1542194055112460.jpg", "samples/CAM_FRONT_RIGHT/n015-2018-11-14-19-09-14+0800__CAM_FRONT_RIGHT__1542194055120339.jpg", "samples/CAM_BACK_LEFT/n015-2018-11-14-19-09-14+0800__CAM_BACK_LEFT__1542194055147423.jpg", "samples/CAM_BACK/n015-2018-11-14-19-09-14+0800__CAM_BACK__1542194055137525.jpg", "samples/CAM_BACK_RIGHT/n015-2018-11-14-19-09-14+0800__CAM_BACK_RIGHT__1542194055127893.jpg"], "intrinsics": [[[1272.5979470598488, 0.0, 826.6154927353808], [0.0, 1272.5979470598488, 479.75165386361925], [0.0, 0.0, 1.0]], [[1266.417203046554, 0.0, 816.2670197447984], [0.0, 1266.417203046554, 491.50706579294757], [0.0, 0.0, 1.0]], [[1260.8474446004698, 0.0, 807.968244525554], [0.0, 1260.8474446004698, 495.3344268742088], [0.0, 0.0, 1.0]], [[1256.7414812095406, 0.0, 792.1125740759628], [0.0, 1256.7414812095406, 492.7757465151356], [0.0, 0.0, 1.0]], [[809.2209905677063, 0.0, 829.2196003259838], [0.0, 809.2209905677063, 481.77842384512485], [0.0, 0.0, 1.0]], [[1259.5137405846733, 0.0, 807.2529053838625], [0.0, 1259.5137405846733, 501.19579884916527], [0.0, 0.0, 1.0]]], "extrinsics": [[[0.820458710193634, -0.5716971755027771, 0.0031364865135401487, -0.765625], [-0.00048279587645083666, -0.006179040763527155, -0.9999808073043823, 1.50813627243042], [0.5717055201530457, 0.820441484451294, -0.0053456611931324005, -1.1424560546875], [0.0, 0.0, 0.0, 1.0]], [[0.005254233721643686, -0.9999333024024963, 0.010287396609783173, 0.00689697265625], [-0.00575748085975647, -0.01031761895865202, -0.999930202960968, 1.5193901062011719], [0.9999696612358093, 0.0051946179009974, -0.005811308044940233, -1.492431640625], [0.0, 0.0, 0.0, 1.0]], [[-0.8331138491630554, -0.5530893206596375, -0.003681367728859186, 0.9027099609375], [-0.00010154376650461927, 0.0068088099360466, -0.9999768137931824, 1.503624677658081], [0.5531015396118164, -0.8330941200256348, -0.005728676915168762, -1.162109375], [0.0, 0.0, 0.0, 1.0]], [[0.9477531313896179, 0.31900468468666077, 0.0003223007370252162, -1.1392822265625], [0.008394982665777206, -0.0239312294870615, -0.999678373336792, 1.5885714292526245], [-0.31889429688453674, 0.9474509954452515, -0.025358935818076134, -0.104248046875], [0.0, 0.0, 0.0, 1.0]], [[0.0025305836461484432, 0.9999018907546997, -0.013780045323073864, 0.0028076171875], [-0.01687430590391159, -0.013735429383814335, -0.9997633099555969, 1.5783615112304688], [-0.9998545050621033, 0.0027625146321952343, 0.016837891191244125, -0.0574951171875], [0.0, 0.0, 0.0, 1.0]], [[-0.9346925020217896, 0.35517552495002747, -0.014155429787933826, 1.02978515625], [0.01579536683857441, 0.001717932871542871, -0.9998738169670105, 1.553243637084961], [-0.3551063537597656, -0.934798002243042, -0.007215868681669235, -0.1033935546875], [0.0, 0.0, 0.0, 1.0]]], "view": [[0.0, -2.0, 100.0], [-2.0, 0.0, 100.0], [0.0, 0.0, 1.0]], "bev": "bev_74fdda42d58e45f2b2263ca514d5ffa5.png", "aux": "aux_74fdda42d58e45f2b2263ca514d5ffa5.npz", "visibility": "visibility_74fdda42d58e45f2b2263ca514d5ffa5.png", "pose": [[0.44194117188453674, -0.8970440626144409, 0.0, 365.3853759765625], [0.8970440626144409, 0.44194117188453674, 0.0, 1917.008056640625], [0.0, 0.0, 1.0, 0.0], [0.0, 0.0, 0.0, 1.0]], "pose_inverse": [[0.44194117188453674, 0.8970440626144409, 0.0, -1881.1195068359375], [-0.8970440626144409, 0.44194117188453674, 0.0, -519.4380493164062], [0.0, 0.0, 1.0, 0.0], [0.0, 0.0, 0.0, 1.0]], "cam_ids": [0, 1, 2, 3, 4, 5], "cam_channels": ["CAM_FRONT_LEFT", "CAM_FRONT", "CAM_FRONT_RIGHT", "CAM_BACK_LEFT", "CAM_BACK", "CAM_BACK_RIGHT"], "token": "74fdda42d58e45f2b2263ca514d5ffa5", "scene": "scene-1017"}, {"images": ["samples/CAM_FRONT_LEFT/n015-2018-11-14-19-09-14+0800__CAM_FRONT_LEFT__1542194055604844.jpg", "samples/CAM_FRONT/n015-2018-11-14-19-09-14+0800__CAM_FRONT__1542194055612460.jpg", "samples/CAM_FRONT_RIGHT/n015-2018-11-14-19-09-14+0800__CAM_FRONT_RIGHT__1542194055620339.jpg", "samples/CAM_BACK_LEFT/n015-2018-11-14-19-09-14+0800__CAM_BACK_LEFT__1542194055647423.jpg", "samples/CAM_BACK/n015-2018-11-14-19-09-14+0800__CAM_BACK__1542194055637525.jpg", "samples/CAM_BACK_RIGHT/n015-2018-11-14-19-09-14+0800__CAM_BACK_RIGHT__1542194055627893.jpg"], "intrinsics": [[[1272.5979470598488, 0.0, 826.6154927353808], [0.0, 1272.5979470598488, 479.75165386361925], [0.0, 0.0, 1.0]], [[1266.417203046554, 0.0, 816.2670197447984], [0.0, 1266.417203046554, 491.50706579294757], [0.0, 0.0, 1.0]], [[1260.8474446004698, 0.0, 807.968244525554], [0.0, 1260.8474446004698, 495.3344268742088], [0.0, 0.0, 1.0]], [[1256.7414812095406, 0.0, 792.1125740759628], [0.0, 1256.7414812095406, 492.7757465151356], [0.0, 0.0, 1.0]], [[809.2209905677063, 0.0, 829.2196003259838], [0.0, 809.2209905677063, 481.77842384512485], [0.0, 0.0, 1.0]], [[1259.5137405846733, 0.0, 807.2529053838625], [0.0, 1259.5137405846733, 501.19579884916527], [0.0, 0.0, 1.0]]], "extrinsics": [[[0.8201798796653748, -0.5720802545547485, 0.005396285559982061, -0.76708984375], [-0.005274251103401184, -0.016992835327982903, -0.9998416900634766, 1.5069904327392578], [0.5720813870429993, 0.8200215697288513, -0.01695447601377964, -1.1431884765625], [0.0, 0.0, 0.0, 1.0]], [[0.004928207956254482, -0.9997642040252686, 0.021146798506379128, 0.00665283203125], [-0.010565089993178844, -0.021197933703660965, -0.999719500541687, 1.5184459686279297], [0.9999319911003113, 0.004703423473984003, -0.010667066089808941, -1.493896484375], [0.0, 0.0, 0.0, 1.0]], [[-0.8332715630531311, -0.5528268814086914, 0.006392646115273237, 0.90380859375], [-0.004920095205307007, -0.004147296771407127, -0.9999792575836182, 1.502884864807129], [0.5528419017791748, -0.8332857489585876, 0.0007358649745583534, -1.162841796875], [0.0, 0.0, 0.0, 1.0]], [[0.9477671384811401, 0.31887173652648926, -0.007626514881849289, -1.13818359375], [0.003694050945341587, -0.034882109612226486, -0.9993845820426941, 1.5885658264160156], [-0.318941593170166, 0.947155773639679, -0.034238047897815704, -0.1049346923828125], [0.0, 0.0, 0.0, 1.0]], [[0.002567199058830738, 0.9996885061264038, -0.024829553440213203, 0.0028076171875], [-0.02168784663081169, -0.024768134579062462, -0.9994579553604126, 1.5780715942382812], [-0.9997615218162537, 0.003104343544691801, 0.021617500111460686, -0.057373046875], [0.0, 0.0, 0.0, 1.0]], [[-0.9346895813941956, 0.3552069067955017, -0.013543950393795967, 1.031005859375], [0.010952644981443882, -0.009305083192884922, -0.999896764755249, 1.552687644958496], [-0.35529625415802, -0.9347414374351501, 0.004806909244507551, -0.103271484375], [0.0, 0.0, 0.0, 1.0]]], "view": [[0.0, -2.0, 100.0], [-2.0, 0.0, 100.0], [0.0, 0.0, 1.0]], "bev": "bev_3f58f0f39d1f4c26a99405ea7acc89a9.png", "aux": "aux_3f58f0f39d1f4c26a99405ea7acc89a9.npz", "visibility": "visibility_3f58f0f39d1f4c26a99405ea7acc89a9.png", "pose": [[0.4357677102088928, -0.900059163570404, 0.0, 366.6412353515625], [0.900059163570404, 0.4357677102088928, 0.0, 1919.5230712890625], [0.0, 0.0, 1.0, 0.0], [0.0, 0.0, 0.0, 1.0]], "pose_inverse": [[0.4357677102088928, 0.900059163570404, 0.0, -1887.4547119140625], [-0.900059163570404, 0.4357677102088928, 0.0, -506.46734619140625], [0.0, 0.0, 1.0, 0.0], [0.0, 0.0, 0.0, 1.0]], "cam_ids": [0, 1, 2, 3, 4, 5], "cam_channels": ["CAM_FRONT_LEFT", "CAM_FRONT", "CAM_FRONT_RIGHT", "CAM_BACK_LEFT", "CAM_BACK", "CAM_BACK_RIGHT"], "token": "3f58f0f39d1f4c26a99405ea7acc89a9", "scene": "scene-1017"}, {"images": ["samples/CAM_FRONT_LEFT/n015-2018-11-14-19-09-14+0800__CAM_FRONT_LEFT__1542194056104844.jpg", "samples/CAM_FRONT/n015-2018-11-14-19-09-14+0800__CAM_FRONT__1542194056112460.jpg", "samples/CAM_FRONT_RIGHT/n015-2018-11-14-19-09-14+0800__CAM_FRONT_RIGHT__1542194056120339.jpg", "samples/CAM_BACK_LEFT/n015-2018-11-14-19-09-14+0800__CAM_BACK_LEFT__1542194056147423.jpg", "samples/CAM_BACK/n015-2018-11-14-19-09-14+0800__CAM_BACK__1542194056137525.jpg", "samples/CAM_BACK_RIGHT/n015-2018-11-14-19-09-14+0800__CAM_BACK_RIGHT__1542194056127893.jpg"], "intrinsics": [[[1272.5979470598488, 0.0, 826.6154927353808], [0.0, 1272.5979470598488, 479.75165386361925], [0.0, 0.0, 1.0]], [[1266.417203046554, 0.0, 816.2670197447984], [0.0, 1266.417203046554, 491.50706579294757], [0.0, 0.0, 1.0]], [[1260.8474446004698, 0.0, 807.968244525554], [0.0, 1260.8474446004698, 495.3344268742088], [0.0, 0.0, 1.0]], [[1256.7414812095406, 0.0, 792.1125740759628], [0.0, 1256.7414812095406, 492.7757465151356], [0.0, 0.0, 1.0]], [[809.2209905677063, 0.0, 829.2196003259838], [0.0, 809.2209905677063, 481.77842384512485], [0.0, 0.0, 1.0]], [[1259.5137405846733, 0.0, 807.2529053838625], [0.0, 1259.5137405846733, 501.19579884916527], [0.0, 0.0, 1.0]]], "extrinsics": [[[0.8203092813491821, -0.5718070268630981, 0.01138116605579853, -0.764404296875], [-0.005336713511496782, -0.02755202353000641, -0.9996061325073242, 1.5069332122802734], [0.5718953013420105, 0.8199254274368286, -0.025652749463915825, -1.1400146484375], [0.0, 0.0, 0.0, 1.0]], [[0.005136012565344572, -0.9994862079620361, 0.03163708746433258, 0.00579833984375], [-0.010629084892570972, -0.03169028460979462, -0.9994412064552307, 1.5183868408203125], [0.9999303221702576, 0.004796879831701517, -0.010786387138068676, -1.4908447265625], [0.0, 0.0, 0.0, 1.0]], [[-0.8331640958786011, -0.552890956401825, 0.012216467410326004, 0.901611328125], [-0.004989990033209324, -0.014573469758033752, -0.9998813271522522, 1.5028572082519531], [0.5530034303665161, -0.8331261277198792, 0.009383171796798706, -1.1622314453125], [0.0, 0.0, 0.0, 1.0]], [[0.9477506875991821, 0.31882262229919434, -0.01099094282835722, -1.138671875], [0.003647157456725836, -0.04527970403432846, -0.9989676475524902, 1.5885496139526367], [-0.31899115443229675, 0.946732223033905, -0.04407666623592377, -0.1045684814453125], [0.0, 0.0, 0.0, 1.0]], [[0.002438238589093089, 0.9993786215782166, -0.03516537323594093, 0.003082275390625], [-0.021745283156633377, -0.0351041741669178, -0.9991471171379089, 1.5780601501464844], [-0.999760627746582, 0.003200836945325136, 0.021646175533533096, -0.0576171875], [0.0, 0.0, 0.0, 1.0]], [[-0.9347548484802246, 0.354878306388855, -0.0171667393296957, 1.02978515625], [0.010894553735852242, -0.01966494880616665, -0.9997472763061523, 1.5526885986328125], [-0.355126291513443, -0.9347056746482849, 0.014515664428472519, -0.104248046875], [0.0, 0.0, 0.0, 1.0]]], "view": [[0.0, -2.0, 100.0], [-2.0, 0.0, 100.0], [0.0, 0.0, 1.0]], "bev": "bev_d3e0b1124a2f4582976d226b02c839bc.png", "aux": "aux_d3e0b1124a2f4582976d226b02c839bc.npz", "visibility": "visibility_d3e0b1124a2f4582976d226b02c839bc.png", "pose": [[0.42636945843696594, -0.9045491218566895, 0.0, 367.86968994140625], [0.9045491218566895, 0.42636945843696594, 0.0, 1922.0838623046875], [0.0, 0.0, 1.0, 0.0], [0.0, 0.0, 0.0, 1.0]], "pose_inverse": [[0.42636945843696594, 0.9045491218566895, 0.0, -1895.4676513671875], [-0.9045491218566895, 0.42636945843696594, 0.0, -486.7616271972656], [0.0, 0.0, 1.0, 0.0], [0.0, 0.0, 0.0, 1.0]], "cam_ids": [0, 1, 2, 3, 4, 5], "cam_channels": ["CAM_FRONT_LEFT", "CAM_FRONT", "CAM_FRONT_RIGHT", "CAM_BACK_LEFT", "CAM_BACK", "CAM_BACK_RIGHT"], "token": "d3e0b1124a2f4582976d226b02c839bc", "scene": "scene-1017"}, {"images": ["samples/CAM_FRONT_LEFT/n015-2018-11-14-19-09-14+0800__CAM_FRONT_LEFT__1542194056604844.jpg", "samples/CAM_FRONT/n015-2018-11-14-19-09-14+0800__CAM_FRONT__1542194056612460.jpg", "samples/CAM_FRONT_RIGHT/n015-2018-11-14-19-09-14+0800__CAM_FRONT_RIGHT__1542194056620339.jpg", "samples/CAM_BACK_LEFT/n015-2018-11-14-19-09-14+0800__CAM_BACK_LEFT__1542194056647423.jpg", "samples/CAM_BACK/n015-2018-11-14-19-09-14+0800__CAM_BACK__1542194056637525.jpg", "samples/CAM_BACK_RIGHT/n015-2018-11-14-19-09-14+0800__CAM_BACK_RIGHT__1542194056627893.jpg"], "intrinsics": [[[1272.5979470598488, 0.0, 826.6154927353808], [0.0, 1272.5979470598488, 479.75165386361925], [0.0, 0.0, 1.0]], [[1266.417203046554, 0.0, 816.2670197447984], [0.0, 1266.417203046554, 491.50706579294757], [0.0, 0.0, 1.0]], [[1260.8474446004698, 0.0, 807.968244525554], [0.0, 1260.8474446004698, 495.3344268742088], [0.0, 0.0, 1.0]], [[1256.7414812095406, 0.0, 792.1125740759628], [0.0, 1256.7414812095406, 492.7757465151356], [0.0, 0.0, 1.0]], [[809.2209905677063, 0.0, 829.2196003259838], [0.0, 809.2209905677063, 481.77842384512485], [0.0, 0.0, 1.0]], [[1259.5137405846733, 0.0, 807.2529053838625], [0.0, 1259.5137405846733, 501.19579884916527], [0.0, 0.0, 1.0]]], "extrinsics": [[[0.8206233978271484, -0.5712186098098755, 0.01692269556224346, -0.7742919921875], [-0.003638174617663026, -0.03483409807085991, -0.9993864893913269, 1.5074577331542969], [0.5714576840400696, 0.8200584053993225, -0.0306638702750206, -1.149169921875], [0.0, 0.0, 0.0, 1.0]], [[0.0055817971006035805, -0.9992237687110901, 0.03899410739541054, 0.007354736328125], [-0.008860656060278416, -0.039042603224515915, -0.9991982579231262, 1.5188941955566406], [0.9999451637268066, 0.005231805145740509, -0.009071705862879753, -1.5018310546875], [0.0, 0.0, 0.0, 1.0]], [[-0.8329523205757141, -0.5531466007232666, 0.014801960438489914, 0.9097900390625], [-0.0031577337067574263, -0.02199789509177208, -0.9997529983520508, 1.5031986236572266], [0.5533356070518494, -0.8327934741973877, 0.016576513648033142, -1.166015625], [0.0, 0.0, 0.0, 1.0]], [[0.9476094245910645, 0.31922975182533264, -0.011339663527905941, -1.1419677734375], [0.005863209255039692, -0.05287613347172737, -0.9985838532447815, 1.5885896682739258], [-0.3193773031234741, 0.9462010860443115, -0.05197764188051224, -0.104461669921875], [0.0, 0.0, 0.0, 1.0]], [[0.0021268706768751144, 0.9990841150283813, -0.0427364781498909, 0.002288818359375], [-0.019690217450261116, -0.042686451226472855, -0.9988945126533508, 1.5782966613769531], [-0.9998038411140442, 0.002966025611385703, 0.019581396132707596, -0.0531005859375], [0.0, 0.0, 0.0, 1.0]], [[-0.934842050075531, 0.35440593957901, -0.021604105830192566, 1.0355224609375], [0.01280575804412365, -0.02715250290930271, -0.9995492696762085, 1.5528459548950195], [-0.35483282804489136, -0.9346973896026611, 0.02084486559033394, -0.1009521484375], [0.0, 0.0, 0.0, 1.0]]], "view": [[0.0, -2.0, 100.0], [-2.0, 0.0, 100.0], [0.0, 0.0, 1.0]], "bev": "bev_157a6a7082a8423da1c6a024189e8a9c.png", "aux": "aux_157a6a7082a8423da1c6a024189e8a9c.npz", "visibility": "visibility_157a6a7082a8423da1c6a024189e8a9c.png", "pose": [[0.4210309386253357, -0.9070462584495544, 0.0, 369.0481872558594], [0.9070462584495544, 0.4210309386253357, 0.0, 1924.592041015625], [0.0, 0.0, 1.0, 0.0], [0.0, 0.0, 0.0, 1.0]], "pose_inverse": [[0.4210309386253357, 0.9070462584495544, 0.0, -1901.07470703125], [-0.9070462584495544, 0.4210309386253357, 0.0, -475.56903076171875], [0.0, 0.0, 1.0, 0.0], [0.0, 0.0, 0.0, 1.0]], "cam_ids": [0, 1, 2, 3, 4, 5], "cam_channels": ["CAM_FRONT_LEFT", "CAM_FRONT", "CAM_FRONT_RIGHT", "CAM_BACK_LEFT", "CAM_BACK", "CAM_BACK_RIGHT"], "token": "157a6a7082a8423da1c6a024189e8a9c", "scene": "scene-1017"}, {"images": ["samples/CAM_FRONT_LEFT/n015-2018-11-14-19-09-14+0800__CAM_FRONT_LEFT__1542194057104844.jpg", "samples/CAM_FRONT/n015-2018-11-14-19-09-14+0800__CAM_FRONT__1542194057112460.jpg", "samples/CAM_FRONT_RIGHT/n015-2018-11-14-19-09-14+0800__CAM_FRONT_RIGHT__1542194057120339.jpg", "samples/CAM_BACK_LEFT/n015-2018-11-14-19-09-14+0800__CAM_BACK_LEFT__1542194057147423.jpg", "samples/CAM_BACK/n015-2018-11-14-19-09-14+0800__CAM_BACK__1542194057137525.jpg", "samples/CAM_BACK_RIGHT/n015-2018-11-14-19-09-14+0800__CAM_BACK_RIGHT__1542194057127893.jpg"], "intrinsics": [[[1272.5979470598488, 0.0, 826.6154927353808], [0.0, 1272.5979470598488, 479.75165386361925], [0.0, 0.0, 1.0]], [[1266.417203046554, 0.0, 816.2670197447984], [0.0, 1266.417203046554, 491.50706579294757], [0.0, 0.0, 1.0]], [[1260.8474446004698, 0.0, 807.968244525554], [0.0, 1260.8474446004698, 495.3344268742088], [0.0, 0.0, 1.0]], [[1256.7414812095406, 0.0, 792.1125740759628], [0.0, 1256.7414812095406, 492.7757465151356], [0.0, 0.0, 1.0]], [[809.2209905677063, 0.0, 829.2196003259838], [0.0, 809.2209905677063, 481.77842384512485], [0.0, 0.0, 1.0]], [[1259.5137405846733, 0.0, 807.2529053838625], [0.0, 1259.5137405846733, 501.19579884916527], [0.0, 0.0, 1.0]]], "extrinsics": [[[0.8206064105033875, -0.571173906326294, 0.019116390496492386, -0.7806396484375], [-0.005995894782245159, -0.04205269739031792, -0.9990974068641663, 1.5069026947021484], [0.5714622735977173, 0.8197510838508606, -0.037933412939310074, -1.1519775390625], [0.0, 0.0, 0.0, 1.0]], [[0.005626543425023556, -0.998920202255249, 0.04611631855368614, 0.006134033203125], [-0.011296679265797138, -0.04617760330438614, -0.9988694190979004, 1.5184516906738281], [0.9999202489852905, 0.005099224857985973, -0.011544303968548775, -1.5076904296875], [0.0, 0.0, 0.0, 1.0]], [[-0.832920253276825, -0.5530018210411072, 0.020803578197956085, 0.9129638671875], [-0.005676565691828728, -0.029052944853901863, -0.9995617270469666, 1.5028343200683594], [0.5533638596534729, -0.8326732516288757, 0.021059636026620865, -1.16937255859375], [0.0, 0.0, 0.0, 1.0]], [[0.9475640654563904, 0.3191525936126709, -0.016248278319835663, -1.140625], [0.002930979011580348, -0.05952228233218193, -0.9982226490974426, 1.5885677337646484], [-0.3195524513721466, 0.9458323121070862, -0.05733660236001015, -0.10430908203125], [0.0, 0.0, 0.0, 1.0]], [[0.0019751330837607384, 0.9987692832946777, -0.04955940321087837, 0.002899169921875], [-0.022449681535363197, -0.04950272664427757, -0.998521625995636, 1.578155517578125], [-0.9997460246086121, 0.003084775060415268, 0.022324275225400925, -0.0516357421875], [0.0, 0.0, 0.0, 1.0]], [[-0.9349026083946228, 0.3542446494102478, -0.021629933267831802, 1.0390625], [0.010194504633545876, -0.03411583602428436, -0.9993659257888794, 1.5525076389312744], [-0.35475796461105347, -0.9345303177833557, 0.028283631429076195, -0.1004638671875], [0.0, 0.0, 0.0, 1.0]]], "view": [[0.0, -2.0, 100.0], [-2.0, 0.0, 100.0], [0.0, 0.0, 1.0]], "bev": "bev_0f72dcb354ff43aaba491954fdfc3f00.png", "aux": "aux_0f72dcb354ff43aaba491954fdfc3f00.npz", "visibility": "visibility_0f72dcb354ff43aaba491954fdfc3f00.png", "pose": [[0.41308072209358215, -0.910694420337677, 0.0, 370.17181396484375], [0.910694420337677, 0.41308072209358215, 0.0, 1927.0308837890625], [0.0, 0.0, 1.0, 0.0], [0.0, 0.0, 0.0, 1.0]], "pose_inverse": [[0.41308072209358215, 0.910694420337677, 0.0, -1907.8470458984375], [-0.910694420337677, 0.41308072209358215, 0.0, -458.9058837890625], [0.0, 0.0, 1.0, 0.0], [0.0, 0.0, 0.0, 1.0]], "cam_ids": [0, 1, 2, 3, 4, 5], "cam_channels": ["CAM_FRONT_LEFT", "CAM_FRONT", "CAM_FRONT_RIGHT", "CAM_BACK_LEFT", "CAM_BACK", "CAM_BACK_RIGHT"], "token": "0f72dcb354ff43aaba491954fdfc3f00", "scene": "scene-1017"}, {"images": ["samples/CAM_FRONT_LEFT/n015-2018-11-14-19-09-14+0800__CAM_FRONT_LEFT__1542194057654844.jpg", "samples/CAM_FRONT/n015-2018-11-14-19-09-14+0800__CAM_FRONT__1542194057662460.jpg", "samples/CAM_FRONT_RIGHT/n015-2018-11-14-19-09-14+0800__CAM_FRONT_RIGHT__1542194057670339.jpg", "samples/CAM_BACK_LEFT/n015-2018-11-14-19-09-14+0800__CAM_BACK_LEFT__1542194057697423.jpg", "samples/CAM_BACK/n015-2018-11-14-19-09-14+0800__CAM_BACK__1542194057687525.jpg", "samples/CAM_BACK_RIGHT/n015-2018-11-14-19-09-14+0800__CAM_BACK_RIGHT__1542194057677893.jpg"], "intrinsics": [[[1272.5979470598488, 0.0, 826.6154927353808], [0.0, 1272.5979470598488, 479.75165386361925], [0.0, 0.0, 1.0]], [[1266.417203046554, 0.0, 816.2670197447984], [0.0, 1266.417203046554, 491.50706579294757], [0.0, 0.0, 1.0]], [[1260.8474446004698, 0.0, 807.968244525554], [0.0, 1260.8474446004698, 495.3344268742088], [0.0, 0.0, 1.0]], [[1256.7414812095406, 0.0, 792.1125740759628], [0.0, 1256.7414812095406, 492.7757465151356], [0.0, 0.0, 1.0]], [[809.2209905677063, 0.0, 829.2196003259838], [0.0, 809.2209905677063, 481.77842384512485], [0.0, 0.0, 1.0]], [[1259.5137405846733, 0.0, 807.2529053838625], [0.0, 1259.5137405846733, 501.19579884916527], [0.0, 0.0, 1.0]]], "extrinsics": [[[0.820612370967865, -0.5710164904594421, 0.023139435797929764, -0.7843017578125], [-0.0035786638036370277, -0.04562370106577873, -0.9989522695541382, 1.5074443817138672], [0.5714738965034485, 0.8196698427200317, -0.039482854306697845, -1.1539306640625], [0.0, 0.0, 0.0, 1.0]], [[0.005604027304798365, -0.9987523555755615, 0.049620356410741806, 0.005767822265625], [-0.008892779238522053, -0.04966894909739494, -0.9987261295318604, 1.5189056396484375], [0.9999447464942932, 0.005155693739652634, -0.00916003342717886, -1.5108642578125], [0.0, 0.0, 0.0, 1.0]], [[-0.8329136371612549, -0.5530158877372742, 0.02069614827632904, 0.9146728515625], [-0.0032796768937259912, -0.03246459737420082, -0.9994674324989319, 1.5031757354736328], [0.5533933043479919, -0.8325380086898804, 0.025226492434740067, -1.1707763671875], [0.0, 0.0, 0.0, 1.0]], [[0.9476072192192078, 0.3190878927707672, -0.014949171803891659, -1.1396484375], [0.0054022157564759254, -0.06279970705509186, -0.9980115294456482, 1.5885658264160156], [-0.3193921744823456, 0.9456421732902527, -0.06123323738574982, -0.104522705078125], [0.0, 0.0, 0.0, 1.0]], [[0.0020226920023560524, 0.9986003041267395, -0.052853409200906754, 0.003021240234375], [-0.020018676295876503, -0.05280248820781708, -0.998404324054718, 1.5782852172851562], [-0.999797523021698, 0.003077483270317316, 0.01988385058939457, -0.0511474609375], [0.0, 0.0, 0.0, 1.0]], [[-0.9348812699317932, 0.35407406091690063, -0.025069046765565872, 1.0406494140625], [0.012602324597537518, -0.037471745163202286, -0.999218225479126, 1.552729606628418], [-0.35473665595054626, -0.9344664812088013, 0.030569477006793022, -0.0999755859375], [0.0, 0.0, 0.0, 1.0]]], "view": [[0.0, -2.0, 100.0], [-2.0, 0.0, 100.0], [0.0, 0.0, 1.0]], "bev": "bev_45472726f40c416cb21461a70c8f1ab4.png", "aux": "aux_45472726f40c416cb21461a70c8f1ab4.npz", "visibility": "visibility_45472726f40c416cb21461a70c8f1ab4.png", "pose": [[0.40403133630752563, -0.9147451519966125, 0.0, 371.33984375], [0.9147451519966125, 0.40403133630752563, 0.0, 1929.619140625], [0.0, 0.0, 1.0, 0.0], [0.0, 0.0, 0.0, 1.0]], "pose_inverse": [[0.40403133630752563, 0.9147451519966125, 0.0, -1915.1427001953125], [-0.9147451519966125, 0.40403133630752563, 0.0, -439.94525146484375], [0.0, 0.0, 1.0, 0.0], [0.0, 0.0, 0.0, 1.0]], "cam_ids": [0, 1, 2, 3, 4, 5], "cam_channels": ["CAM_FRONT_LEFT", "CAM_FRONT", "CAM_FRONT_RIGHT", "CAM_BACK_LEFT", "CAM_BACK", "CAM_BACK_RIGHT"], "token": "45472726f40c416cb21461a70c8f1ab4", "scene": "scene-1017"}, {"images": ["samples/CAM_FRONT_LEFT/n015-2018-11-14-19-09-14+0800__CAM_FRONT_LEFT__1542194058154844.jpg", "samples/CAM_FRONT/n015-2018-11-14-19-09-14+0800__CAM_FRONT__1542194058162460.jpg", "samples/CAM_FRONT_RIGHT/n015-2018-11-14-19-09-14+0800__CAM_FRONT_RIGHT__1542194058170339.jpg", "samples/CAM_BACK_LEFT/n015-2018-11-14-19-09-14+0800__CAM_BACK_LEFT__1542194058197423.jpg", "samples/CAM_BACK/n015-2018-11-14-19-09-14+0800__CAM_BACK__1542194058187525.jpg", "samples/CAM_BACK_RIGHT/n015-2018-11-14-19-09-14+0800__CAM_BACK_RIGHT__1542194058177893.jpg"], "intrinsics": [[[1272.5979470598488, 0.0, 826.6154927353808], [0.0, 1272.5979470598488, 479.75165386361925], [0.0, 0.0, 1.0]], [[1266.417203046554, 0.0, 816.2670197447984], [0.0, 1266.417203046554, 491.50706579294757], [0.0, 0.0, 1.0]], [[1260.8474446004698, 0.0, 807.968244525554], [0.0, 1260.8474446004698, 495.3344268742088], [0.0, 0.0, 1.0]], [[1256.7414812095406, 0.0, 792.1125740759628], [0.0, 1256.7414812095406, 492.7757465151356], [0.0, 0.0, 1.0]], [[809.2209905677063, 0.0, 829.2196003259838], [0.0, 809.2209905677063, 481.77842384512485], [0.0, 0.0, 1.0]], [[1259.5137405846733, 0.0, 807.2529053838625], [0.0, 1259.5137405846733, 501.19579884916527], [0.0, 0.0, 1.0]]], "extrinsics": [[[0.8205426335334778, -0.5711061954498291, 0.02339961566030979, -0.8009033203125], [-0.002046417910605669, -0.04387312009930611, -0.9990350008010864, 1.5077972412109375], [0.5715816617012024, 0.8197029829025269, -0.037168484181165695, -1.164794921875], [0.0, 0.0, 0.0, 1.0]], [[0.005464406684041023, -0.9988344311714172, 0.047957662492990494, 0.00518798828125], [-0.007254395168274641, -0.04799671471118927, -0.9988211393356323, 1.5193023681640625], [0.9999586939811707, 0.005110008176416159, -0.0075082131661474705, -1.52734375], [0.0, 0.0, 0.0, 1.0]], [[-0.8329806923866272, -0.5529974699020386, 0.018356051295995712, 0.9251708984375], [-0.0015346030704677105, -0.03086630254983902, -0.99952232837677, 1.503427505493164], [0.5532999038696289, -0.8326110243797302, 0.02486240305006504, -1.17840576171875], [0.0, 0.0, 0.0, 1.0]], [[0.947634220123291, 0.3191107511520386, -0.012558547779917717, -1.140869140625], [0.007450820412486792, -0.0614054873585701, -0.9980850219726562, 1.5885581970214844], [-0.31927087903022766, 0.9457259774208069, -0.06056757643818855, -0.10400390625], [0.0, 0.0, 0.0, 1.0]], [[0.0021544727496802807, 0.9986773729324341, -0.05137030407786369, 0.003204345703125], [-0.0180909913033247, -0.05132308974862099, -0.9985182285308838, 1.5784835815429688], [-0.9998340010643005, 0.003080574795603752, 0.01795649342238903, -0.0458984375], [0.0, 0.0, 0.0, 1.0]], [[-0.9348172545433044, 0.35415881872177124, -0.026234380900859833, 1.0494384765625], [0.014433608390390873, -0.03592154011130333, -0.9992503523826599, 1.5527725219726562], [-0.35483574867248535, -0.9344951510429382, 0.028468288481235504, -0.0970458984375], [0.0, 0.0, 0.0, 1.0]]], "view": [[0.0, -2.0, 100.0], [-2.0, 0.0, 100.0], [0.0, 0.0, 1.0]], "bev": "bev_b2ab39ec95ae42bd9d88a112b68b90d1.png", "aux": "aux_b2ab39ec95ae42bd9d88a112b68b90d1.npz", "visibility": "visibility_b2ab39ec95ae42bd9d88a112b68b90d1.png", "pose": [[0.39682331681251526, -0.9178950190544128, 0.0, 372.3124084472656], [0.9178950190544128, 0.39682331681251526, 0.0, 1931.8359375], [0.0, 0.0, 1.0, 0.0], [0.0, 0.0, 0.0, 1.0]], "pose_inverse": [[0.39682331681251526, 0.9178950190544128, 0.0, -1920.96484375], [-0.9178950190544128, 0.39682331681251526, 0.0, -424.8538513183594], [0.0, 0.0, 1.0, 0.0], [0.0, 0.0, 0.0, 1.0]], "cam_ids": [0, 1, 2, 3, 4, 5], "cam_channels": ["CAM_FRONT_LEFT", "CAM_FRONT", "CAM_FRONT_RIGHT", "CAM_BACK_LEFT", "CAM_BACK", "CAM_BACK_RIGHT"], "token": "b2ab39ec95ae42bd9d88a112b68b90d1", "scene": "scene-1017"}, {"images": ["samples/CAM_FRONT_LEFT/n015-2018-11-14-19-09-14+0800__CAM_FRONT_LEFT__1542194058604844.jpg", "samples/CAM_FRONT/n015-2018-11-14-19-09-14+0800__CAM_FRONT__1542194058612460.jpg", "samples/CAM_FRONT_RIGHT/n015-2018-11-14-19-09-14+0800__CAM_FRONT_RIGHT__1542194058620339.jpg", "samples/CAM_BACK_LEFT/n015-2018-11-14-19-09-14+0800__CAM_BACK_LEFT__1542194058647423.jpg", "samples/CAM_BACK/n015-2018-11-14-19-09-14+0800__CAM_BACK__1542194058637525.jpg", "samples/CAM_BACK_RIGHT/n015-2018-11-14-19-09-14+0800__CAM_BACK_RIGHT__1542194058627898.jpg"], "intrinsics": [[[1272.5979470598488, 0.0, 826.6154927353808], [0.0, 1272.5979470598488, 479.75165386361925], [0.0, 0.0, 1.0]], [[1266.417203046554, 0.0, 816.2670197447984], [0.0, 1266.417203046554, 491.50706579294757], [0.0, 0.0, 1.0]], [[1260.8474446004698, 0.0, 807.968244525554], [0.0, 1260.8474446004698, 495.3344268742088], [0.0, 0.0, 1.0]], [[1256.7414812095406, 0.0, 792.1125740759628], [0.0, 1256.7414812095406, 492.7757465151356], [0.0, 0.0, 1.0]], [[809.2209905677063, 0.0, 829.2196003259838], [0.0, 809.2209905677063, 481.77842384512485], [0.0, 0.0, 1.0]], [[1259.5137405846733, 0.0, 807.2529053838625], [0.0, 1259.5137405846733, 501.19579884916527], [0.0, 0.0, 1.0]]], "extrinsics": [[[0.8206402063369751, -0.5710169672966003, 0.02211996167898178, -0.794921875], [-0.0023054208140820265, -0.04201676696538925, -0.9991142153739929, 1.507791519165039], [0.571440577507019, 0.8198623061180115, -0.035797081887722015, -1.16259765625], [0.0, 0.0, 0.0, 1.0]], [[0.005604573525488377, -0.9989305138587952, 0.04589539393782616, 0.006500244140625], [-0.00758954556658864, -0.04593728482723236, -0.9989155530929565, 1.5192642211914062], [0.9999554753303528, 0.005250116344541311, -0.007838886231184006, -1.522216796875], [0.0, 0.0, 0.0, 1.0]], [[-0.8329282999038696, -0.5531055927276611, 0.017450788989663124, 0.9224853515625], [-0.0019511671271175146, -0.02859930507838726, -0.9995890259742737, 1.503396987915039], [0.5533773303031921, -0.8326201438903809, 0.022741973400115967, -1.17529296875], [0.0, 0.0, 0.0, 1.0]], [[0.9476389288902283, 0.3191107213497162, -0.012195301242172718, -1.1387939453125], [0.006795145105570555, -0.058329593390226364, -0.9982742071151733, 1.5885887145996094], [-0.31927138566970825, 0.9459207653999329, -0.05744379386305809, -0.1050567626953125], [0.0, 0.0, 0.0, 1.0]], [[0.0021437928080558777, 0.9988141655921936, -0.0486372672021389, 0.002716064453125], [-0.018690388649702072, -0.048588864505290985, -0.9986439943313599, 1.57843017578125], [-0.9998230338096619, 0.0030499009881168604, 0.01856406033039093, -0.048583984375], [0.0, 0.0, 0.0, 1.0]], [[-0.9348444938659668, 0.3541841208934784, -0.024883238598704338, 1.0465087890625], [0.01392600778490305, -0.03345221281051636, -0.9993433356285095, 1.5527944564819336], [-0.35478395223617554, -0.9345771670341492, 0.02634025178849697, -0.097412109375], [0.0, 0.0, 0.0, 1.0]]], "view": [[0.0, -2.0, 100.0], [-2.0, 0.0, 100.0], [0.0, 0.0, 1.0]], "bev": "bev_24310310fc114fb4914cb7d0205f2d99.png", "aux": "aux_24310310fc114fb4914cb7d0205f2d99.npz", "visibility": "visibility_24310310fc114fb4914cb7d0205f2d99.png", "pose": [[0.3914179801940918, -0.920212984085083, 0.0, 373.1585693359375], [0.920212984085083, 0.3914179801940918, 0.0, 1933.796875], [0.0, 0.0, 1.0, 0.0], [0.0, 0.0, 0.0, 1.0]], "pose_inverse": [[0.3914179801940918, 0.920212984085083, 0.0, -1925.5660400390625], [-0.920212984085083, 0.3914179801940918, 0.0, -413.5374755859375], [0.0, 0.0, 1.0, 0.0], [0.0, 0.0, 0.0, 1.0]], "cam_ids": [0, 1, 2, 3, 4, 5], "cam_channels": ["CAM_FRONT_LEFT", "CAM_FRONT", "CAM_FRONT_RIGHT", "CAM_BACK_LEFT", "CAM_BACK", "CAM_BACK_RIGHT"], "token": "24310310fc114fb4914cb7d0205f2d99", "scene": "scene-1017"}, {"images": ["samples/CAM_FRONT_LEFT/n015-2018-11-14-19-09-14+0800__CAM_FRONT_LEFT__1542194059004844.jpg", "samples/CAM_FRONT/n015-2018-11-14-19-09-14+0800__CAM_FRONT__1542194059012460.jpg", "samples/CAM_FRONT_RIGHT/n015-2018-11-14-19-09-14+0800__CAM_FRONT_RIGHT__1542194059020339.jpg", "samples/CAM_BACK_LEFT/n015-2018-11-14-19-09-14+0800__CAM_BACK_LEFT__1542194059047423.jpg", "samples/CAM_BACK/n015-2018-11-14-19-09-14+0800__CAM_BACK__1542194059037525.jpg", "samples/CAM_BACK_RIGHT/n015-2018-11-14-19-09-14+0800__CAM_BACK_RIGHT__1542194059027893.jpg"], "intrinsics": [[[1272.5979470598488, 0.0, 826.6154927353808], [0.0, 1272.5979470598488, 479.75165386361925], [0.0, 0.0, 1.0]], [[1266.417203046554, 0.0, 816.2670197447984], [0.0, 1266.417203046554, 491.50706579294757], [0.0, 0.0, 1.0]], [[1260.8474446004698, 0.0, 807.968244525554], [0.0, 1260.8474446004698, 495.3344268742088], [0.0, 0.0, 1.0]], [[1256.7414812095406, 0.0, 792.1125740759628], [0.0, 1256.7414812095406, 492.7757465151356], [0.0, 0.0, 1.0]], [[809.2209905677063, 0.0, 829.2196003259838], [0.0, 809.2209905677063, 481.77842384512485], [0.0, 0.0, 1.0]], [[1259.5137405846733, 0.0, 807.2529053838625], [0.0, 1259.5137405846733, 501.19579884916527], [0.0, 0.0, 1.0]]], "extrinsics": [[[0.8207117915153503, -0.5708926916122437, 0.0226665697991848, -0.8011474609375], [-0.0005248248344287276, -0.04042575880885124, -0.999182403087616, 1.508199691772461], [0.5713421702384949, 0.8200289011001587, -0.03347751498222351, -1.1678466796875], [0.0, 0.0, 0.0, 1.0]], [[0.005679541267454624, -0.9989845752716064, 0.04469366744160652, 0.00714111328125], [-0.005634099245071411, -0.044725652784109116, -0.9989834427833557, 1.519662857055664], [0.9999680519104004, 0.005421916022896767, -0.005882400553673506, -1.528564453125], [0.0, 0.0, 0.0, 1.0]], [[-0.8328914046287537, -0.5532270669937134, 0.015219947323203087, 0.9266357421875], [0.00018390006152912974, -0.027777455747127533, -0.9996140599250793, 1.503692626953125], [0.5534363389015198, -0.8325672149658203, 0.02323734387755394, -1.17730712890625], [0.0, 0.0, 0.0, 1.0]], [[0.9477528929710388, 0.31883156299591064, -0.010527323931455612, -1.1336669921875], [0.008634284138679504, -0.05862654000520706, -0.9982426762580872, 1.5886335372924805], [-0.31888848543167114, 0.9459965825080872, -0.05831636115908623, -0.1066436767578125], [0.0, 0.0, 0.0, 1.0]], [[0.0023091116454452276, 0.9988275170326233, -0.04835668206214905, 0.0025634765625], [-0.016646673902869225, -0.04831172153353691, -0.998693585395813, 1.578521728515625], [-0.9998587965965271, 0.00311106164008379, 0.016515597701072693, -0.04931640625], [0.0, 0.0, 0.0, 1.0]], [[-0.9348335266113281, 0.35410749912261963, -0.02634621597826481, 1.049072265625], [0.015699991956353188, -0.03290475904941559, -0.9993351697921753, 1.552933692932129], [-0.3547389507293701, -0.9346257448196411, 0.025200985372066498, -0.095947265625], [0.0, 0.0, 0.0, 1.0]]], "view": [[0.0, -2.0, 100.0], [-2.0, 0.0, 100.0], [0.0, 0.0, 1.0]], "bev": "bev_ec8353837593409d88426fe4cf663cf4.png", "aux": "aux_ec8353837593409d88426fe4cf663cf4.npz", "visibility": "visibility_ec8353837593409d88426fe4cf663cf4.png", "pose": [[0.3856305480003357, -0.922653317451477, 0.0, 373.8599853515625], [0.922653317451477, 0.3856305480003357, 0.0, 1935.4708251953125], [0.0, 0.0, 1.0, 0.0], [0.0, 0.0, 0.0, 1.0]], "pose_inverse": [[0.3856305480003357, 0.922653317451477, 0.0, -1929.9403076171875], [-0.922653317451477, 0.3856305480003357, 0.0, -401.4335021972656], [0.0, 0.0, 1.0, 0.0], [0.0, 0.0, 0.0, 1.0]], "cam_ids": [0, 1, 2, 3, 4, 5], "cam_channels": ["CAM_FRONT_LEFT", "CAM_FRONT", "CAM_FRONT_RIGHT", "CAM_BACK_LEFT", "CAM_BACK", "CAM_BACK_RIGHT"], "token": "ec8353837593409d88426fe4cf663cf4", "scene": "scene-1017"}, {"images": ["samples/CAM_FRONT_LEFT/n015-2018-11-14-19-09-14+0800__CAM_FRONT_LEFT__1542194059404844.jpg", "samples/CAM_FRONT/n015-2018-11-14-19-09-14+0800__CAM_FRONT__1542194059412460.jpg", "samples/CAM_FRONT_RIGHT/n015-2018-11-14-19-09-14+0800__CAM_FRONT_RIGHT__1542194059420339.jpg", "samples/CAM_BACK_LEFT/n015-2018-11-14-19-09-14+0800__CAM_BACK_LEFT__1542194059447423.jpg", "samples/CAM_BACK/n015-2018-11-14-19-09-14+0800__CAM_BACK__1542194059437525.jpg", "samples/CAM_BACK_RIGHT/n015-2018-11-14-19-09-14+0800__CAM_BACK_RIGHT__1542194059427893.jpg"], "intrinsics": [[[1272.5979470598488, 0.0, 826.6154927353808], [0.0, 1272.5979470598488, 479.75165386361925], [0.0, 0.0, 1.0]], [[1266.417203046554, 0.0, 816.2670197447984], [0.0, 1266.417203046554, 491.50706579294757], [0.0, 0.0, 1.0]], [[1260.8474446004698, 0.0, 807.968244525554], [0.0, 1260.8474446004698, 495.3344268742088], [0.0, 0.0, 1.0]], [[1256.7414812095406, 0.0, 792.1125740759628], [0.0, 1256.7414812095406, 492.7757465151356], [0.0, 0.0, 1.0]], [[809.2209905677063, 0.0, 829.2196003259838], [0.0, 809.2209905677063, 481.77842384512485], [0.0, 0.0, 1.0]], [[1259.5137405846733, 0.0, 807.2529053838625], [0.0, 1259.5137405846733, 501.19579884916527], [0.0, 0.0, 1.0]]], "extrinsics": [[[0.8206367492675781, -0.5709991455078125, 0.022702284157276154, -0.814697265625], [-0.0006466165068559349, -0.040655314922332764, -0.9991729855537415, 1.5081748962402344], [0.5714498162269592, 0.819943368434906, -0.03373246267437935, -1.1771240234375], [0.0, 0.0, 0.0, 1.0]], [[0.0055876225233078, -0.9989826083183289, 0.04474874585866928, 0.006805419921875], [-0.00599092710763216, -0.04478208348155022, -0.998978853225708, 1.5196704864501953], [0.9999664425849915, 0.0053138164803385735, -0.006235056556761265, -1.5419921875], [0.0, 0.0, 0.0, 1.0]], [[-0.832930326461792, -0.5531565546989441, 0.015649592503905296, 0.9354248046875], [-0.0004148148582316935, -0.027655990794301033, -0.9996173977851868, 1.5036182403564453], [0.5533776879310608, -0.8326181173324585, 0.02280605398118496, -1.1834716796875], [0.0, 0.0, 0.0, 1.0]], [[0.9476047158241272, 0.31925103068351746, -0.011138072237372398, -1.1409912109375], [0.007888068445026875, -0.05824127420783043, -0.9982714056968689, 1.588608741760254], [-0.31934788823127747, 0.9458787441253662, -0.05770798400044441, -0.1049041748046875], [0.0, 0.0, 0.0, 1.0]], [[0.0021363033447414637, 0.9988347887992859, -0.04821502044796944, 0.00238037109375], [-0.017353756353259087, -0.04817083850502968, -0.9986883401870728, 1.5786209106445312], [-0.9998471140861511, 0.002970233093947172, 0.017230624333024025, -0.0419921875], [0.0, 0.0, 0.0, 1.0]], [[-0.9348174333572388, 0.35417458415031433, -0.02601446397602558, 1.0565185546875], [0.01540839858353138, -0.03273356333374977, -0.9993453621864319, 1.5527753829956055], [-0.3547942340373993, -0.9346063137054443, 0.025142641738057137, -0.09326171875], [0.0, 0.0, 0.0, 1.0]]], "view": [[0.0, -2.0, 100.0], [-2.0, 0.0, 100.0], [0.0, 0.0, 1.0]], "bev": "bev_5bd972ab46f64db69492ef6a078c95bb.png", "aux": "aux_5bd972ab46f64db69492ef6a078c95bb.npz", "visibility": "visibility_5bd972ab46f64db69492ef6a078c95bb.png", "pose": [[0.3801618814468384, -0.9249199628829956, 0.0, 374.51483154296875], [0.9249199628829956, 0.3801618814468384, 0.0, 1937.03564453125], [0.0, 0.0, 1.0, 0.0], [0.0, 0.0, 0.0, 1.0]], "pose_inverse": [[0.3801618814468384, 0.9249199628829956, 0.0, -1933.979248046875], [-0.9249199628829956, 0.3801618814468384, 0.0, -389.9908447265625], [0.0, 0.0, 1.0, 0.0], [0.0, 0.0, 0.0, 1.0]], "cam_ids": [0, 1, 2, 3, 4, 5], "cam_channels": ["CAM_FRONT_LEFT", "CAM_FRONT", "CAM_FRONT_RIGHT", "CAM_BACK_LEFT", "CAM_BACK", "CAM_BACK_RIGHT"], "token": "5bd972ab46f64db69492ef6a078c95bb", "scene": "scene-1017"}, {"images": ["samples/CAM_FRONT_LEFT/n015-2018-11-14-19-09-14+0800__CAM_FRONT_LEFT__1542194059854844.jpg", "samples/CAM_FRONT/n015-2018-11-14-19-09-14+0800__CAM_FRONT__1542194059862460.jpg", "samples/CAM_FRONT_RIGHT/n015-2018-11-14-19-09-14+0800__CAM_FRONT_RIGHT__1542194059870339.jpg", "samples/CAM_BACK_LEFT/n015-2018-11-14-19-09-14+0800__CAM_BACK_LEFT__1542194059897423.jpg", "samples/CAM_BACK/n015-2018-11-14-19-09-14+0800__CAM_BACK__1542194059887525.jpg", "samples/CAM_BACK_RIGHT/n015-2018-11-14-19-09-14+0800__CAM_BACK_RIGHT__1542194059877893.jpg"], "intrinsics": [[[1272.5979470598488, 0.0, 826.6154927353808], [0.0, 1272.5979470598488, 479.75165386361925], [0.0, 0.0, 1.0]], [[1266.417203046554, 0.0, 816.2670197447984], [0.0, 1266.417203046554, 491.50706579294757], [0.0, 0.0, 1.0]], [[1260.8474446004698, 0.0, 807.968244525554], [0.0, 1260.8474446004698, 495.3344268742088], [0.0, 0.0, 1.0]], [[1256.7414812095406, 0.0, 792.1125740759628], [0.0, 1256.7414812095406, 492.7757465151356], [0.0, 0.0, 1.0]], [[809.2209905677063, 0.0, 829.2196003259838], [0.0, 809.2209905677063, 481.77842384512485], [0.0, 0.0, 1.0]], [[1259.5137405846733, 0.0, 807.2529053838625], [0.0, 1259.5137405846733, 501.19579884916527], [0.0, 0.0, 1.0]]], "extrinsics": [[[0.821028470993042, -0.5703532099723816, 0.02468850277364254, -0.8236083984375], [-0.0031525269150733948, -0.0477747917175293, -0.9988531470298767, 1.5077171325683594], [0.5708785057067871, 0.8200089931488037, -0.041022516787052155, -1.1824951171875], [0.0, 0.0, 0.0, 1.0]], [[0.006176318973302841, -0.998633086681366, 0.0519011989235878, 0.00604248046875], [-0.00831169169396162, -0.05195166543126106, -0.998615026473999, 1.5193672180175781], [0.9999463558197021, 0.005736351013183594, -0.008621199987828732, -1.5511474609375], [0.0, 0.0, 0.0, 1.0]], [[-0.8326795697212219, -0.5533409714698792, 0.021410424262285233, 0.9412841796875], [-0.0025157735217362642, -0.034883540123701096, -0.9993882179260254, 1.5033760070800781], [0.5537493228912354, -0.8322240710258484, 0.02765473537147045, -1.18792724609375], [0.0, 0.0, 0.0, 1.0]], [[0.9475789666175842, 0.31920596957206726, -0.01420007273554802, -1.1414794921875], [0.007178474683314562, -0.06569801270961761, -0.9978137016296387, 1.5885553359985352], [-0.31944096088409424, 0.9454053640365601, -0.06454546749591827, -0.1038818359375], [0.0, 0.0, 0.0, 1.0]], [[0.0018955630948767066, 0.9984525442123413, -0.0555783212184906, 0.002899169921875], [-0.018666541203856468, -0.055533409118652344, -0.9982823133