[{"images": ["samples/CAM_FRONT_LEFT/n008-2018-08-28-16-16-48-0400__CAM_FRONT_LEFT__1535488116754799.jpg", "samples/CAM_FRONT/n008-2018-08-28-16-16-48-0400__CAM_FRONT__1535488116762404.jpg", "samples/CAM_FRONT_RIGHT/n008-2018-08-28-16-16-48-0400__CAM_FRONT_RIGHT__1535488116770482.jpg", "samples/CAM_BACK_LEFT/n008-2018-08-28-16-16-48-0400__CAM_BACK_LEFT__1535488116797405.jpg", "samples/CAM_BACK/n008-2018-08-28-16-16-48-0400__CAM_BACK__1535488116787558.jpg", "samples/CAM_BACK_RIGHT/n008-2018-08-28-16-16-48-0400__CAM_BACK_RIGHT__1535488116778113.jpg"], "intrinsics": [[[1257.8625342125129, 0.0, 827.2410631095686], [0.0, 1257.8625342125129, 450.915498205774], [0.0, 0.0, 1.0]], [[1252.8131021185304, 0.0, 826.588114781398], [0.0, 1252.8131021185304, 469.9846626224581], [0.0, 0.0, 1.0]], [[1256.7485116440405, 0.0, 817.7887570959712], [0.0, 1256.7485116440403, 451.9541780095127], [0.0, 0.0, 1.0]], [[1254.9860565800168, 0.0, 829.5769333630991], [0.0, 1254.9860565800168, 467.1680561863987], [0.0, 0.0, 1.0]], [[796.8910634503094, 0.0, 857.7774326863696], [0.0, 796.8910634503094, 476.8848988407415], [0.0, 0.0, 1.0]], [[1249.9629280788233, 0.0, 825.3768045375984], [0.0, 1249.9629280788233, 462.54816385708756], [0.0, 0.0, 1.0]]], "extrinsics": [[[0.8223242163658142, -0.5683630704879761, -0.027317645028233528, -1.0050048828125], [-0.00953915435820818, 0.03423184156417847, -0.9993683695793152, 1.4882888793945312], [0.568939208984375, 0.8220654726028442, 0.022727971896529198, -1.3333740234375], [0.0, 0.0, 0.0, 1.0]], [[0.009973177686333656, -0.9994944930076599, -0.03018599934875965, 0.00537109375], [-0.007582241203635931, 0.030111044645309448, -0.9995177984237671, 1.48016357421875], [0.9999215006828308, 0.010197307914495468, -0.007278103847056627, -1.73480224609375], [0.0, 0.0, 0.0, 1.0]], [[-0.8441729545593262, -0.5359398126602173, -0.011853788048028946, 1.09063720703125], [0.00043777056271210313, 0.021423134952783585, -0.9997704029083252, 1.4930763244628906], [0.536070704460144, -0.8439843058586121, -0.01785021461546421, -1.2774658203125], [0.0, 0.0, 0.0, 1.0]], [[0.9477425217628479, 0.3188118040561676, -0.011970823630690575, -1.143890380859375], [-0.024935739114880562, 0.036615919321775436, -0.9990183115005493, 1.5620498657226562], [-0.3180604875087738, 0.9471104741096497, 0.04265227168798447, -0.156005859375], [0.0, 0.0, 0.0, 1.0]], [[0.009477650746703148, 0.999538004398346, 0.028877565637230873, -0.02880859375], [-0.022811850532889366, 0.02908746711909771, -0.9993165135383606, 1.5680656433105469], [-0.99969482421875, 0.008812404237687588, 0.023076994344592094, 0.044403076171875], [0.0, 0.0, 0.0, 1.0]], [[-0.9236150979995728, 0.38281750679016113, 0.019642328843474388, 1.16064453125], [-0.018622389063239098, 0.006370144430547953, -0.99980628490448, 1.5478134155273438], [-0.3828684389591217, -0.9238020181655884, 0.0012454146053642035, -0.0438232421875], [0.0, 0.0, 0.0, 1.0]]], "view": [[0.0, -2.0, 100.0], [-2.0, 0.0, 100.0], [0.0, 0.0, 1.0]], "bev": "bev_b9cfda4ad6374fa0b710e89f3f935b34.png", "aux": "aux_b9cfda4ad6374fa0b710e89f3f935b34.npz", "visibility": "visibility_b9cfda4ad6374fa0b710e89f3f935b34.png", "pose": [[-0.8596582412719727, -0.5108695030212402, 0.0, 591.8128051757812], [0.5108695030212402, -0.8596582412719727, 0.0, 1516.828369140625], [0.0, 0.0, 1.0, 0.0], [0.0, 0.0, 0.0, 1.0]], "pose_inverse": [[-0.8596582412719727, 0.5108695030212402, 0.0, -266.1446228027344], [-0.5108695030212402, -0.8596582412719727, 0.0, 1606.293212890625], [0.0, 0.0, 1.0, 0.0], [0.0, 0.0, 0.0, 1.0]], "cam_ids": [0, 1, 2, 3, 4, 5], "cam_channels": ["CAM_FRONT_LEFT", "CAM_FRONT", "CAM_FRONT_RIGHT", "CAM_BACK_LEFT", "CAM_BACK", "CAM_BACK_RIGHT"], "token": "b9cfda4ad6374fa0b710e89f3f935b34", "scene": "scene-0681"}, {"images": ["samples/CAM_FRONT_LEFT/n008-2018-08-28-16-16-48-0400__CAM_FRONT_LEFT__1535488117254799.jpg", "samples/CAM_FRONT/n008-2018-08-28-16-16-48-0400__CAM_FRONT__1535488117262404.jpg", "samples/CAM_FRONT_RIGHT/n008-2018-08-28-16-16-48-0400__CAM_FRONT_RIGHT__1535488117270482.jpg", "samples/CAM_BACK_LEFT/n008-2018-08-28-16-16-48-0400__CAM_BACK_LEFT__1535488117297405.jpg", "samples/CAM_BACK/n008-2018-08-28-16-16-48-0400__CAM_BACK__1535488117287558.jpg", "samples/CAM_BACK_RIGHT/n008-2018-08-28-16-16-48-0400__CAM_BACK_RIGHT__1535488117278113.jpg"], "intrinsics": [[[1257.8625342125129, 0.0, 827.2410631095686], [0.0, 1257.8625342125129, 450.915498205774], [0.0, 0.0, 1.0]], [[1252.8131021185304, 0.0, 826.588114781398], [0.0, 1252.8131021185304, 469.9846626224581], [0.0, 0.0, 1.0]], [[1256.7485116440405, 0.0, 817.7887570959712], [0.0, 1256.7485116440403, 451.9541780095127], [0.0, 0.0, 1.0]], [[1254.9860565800168, 0.0, 829.5769333630991], [0.0, 1254.9860565800168, 467.1680561863987], [0.0, 0.0, 1.0]], [[796.8910634503094, 0.0, 857.7774326863696], [0.0, 796.8910634503094, 476.8848988407415], [0.0, 0.0, 1.0]], [[1249.9629280788233, 0.0, 825.3768045375984], [0.0, 1249.9629280788233, 462.54816385708756], [0.0, 0.0, 1.0]]], "extrinsics": [[[0.8223271369934082, -0.5683600902557373, -0.027294106781482697, -1.0050048828125], [-0.009518533945083618, 0.03422044962644577, -0.9993689656257629, 1.4882888793945312], [0.5689354538917542, 0.8220680356025696, 0.022730451077222824, -1.3333740234375], [0.0, 0.0, 0.0, 1.0]], [[0.009974309243261814, -0.9994951486587524, -0.030166590586304665, 0.00537109375], [-0.0075569478794932365, 0.03009188547730446, -0.9995185732841492, 1.48016357421875], [0.9999217391014099, 0.01019744761288166, -0.007252987008541822, -1.7347259521484375], [0.0, 0.0, 0.0, 1.0]], [[-0.8441722989082336, -0.5359407067298889, -0.01185793150216341, 1.0906982421875], [0.00046676857164129615, 0.02138517238199711, -0.9997711777687073, 1.4930686950683594], [0.5360716581344604, -0.8439847826957703, -0.017802612856030464, -1.277587890625], [0.0, 0.0, 0.0, 1.0]], [[0.9477438926696777, 0.31880733370780945, -0.011976229958236217, -1.14398193359375], [-0.024915063753724098, 0.036538016051054, -0.999021589756012, 1.5620346069335938], [-0.3180578947067261, 0.9471150636672974, 0.0425717830657959, -0.1561279296875], [0.0, 0.0, 0.0, 1.0]], [[0.009478707797825336, 0.9995399713516235, 0.028811071068048477, -0.0289306640625], [-0.022794675081968307, 0.02902086079120636, -0.9993188381195068, 1.5680618286132812], [-0.9996952414512634, 0.008815553970634937, 0.023059271275997162, 0.0443115234375], [0.0, 0.0, 0.0, 1.0]], [[-0.9236158728599548, 0.3828180134296417, 0.019597699865698814, 1.16070556640625], [-0.018597975373268127, 0.0063124909065663815, -0.9998071193695068, 1.5478143692016602], [-0.38286784291267395, -0.9238021969795227, 0.0012893254170194268, -0.0435791015625], [0.0, 0.0, 0.0, 1.0]]], "view": [[0.0, -2.0, 100.0], [-2.0, 0.0, 100.0], [0.0, 0.0, 1.0]], "bev": "bev_91b97406d0ea4f7ba4b18c18ba7775c1.png", "aux": "aux_91b97406d0ea4f7ba4b18c18ba7775c1.npz", "visibility": "visibility_91b97406d0ea4f7ba4b18c18ba7775c1.png", "pose": [[-0.8596365451812744, -0.5109061002731323, 0.0, 591.8129272460938], [0.5109061002731323, -0.8596365451812744, 0.0, 1516.82861328125], [0.0, 0.0, 1.0, 0.0], [0.0, 0.0, 0.0, 1.0]], "pose_inverse": [[-0.8596365451812744, 0.5109061002731323, 0.0, -266.2129821777344], [-0.5109061002731323, -0.8596365451812744, 0.0, 1606.2821044921875], [0.0, 0.0, 1.0, 0.0], [0.0, 0.0, 0.0, 1.0]], "cam_ids": [0, 1, 2, 3, 4, 5], "cam_channels": ["CAM_FRONT_LEFT", "CAM_FRONT", "CAM_FRONT_RIGHT", "CAM_BACK_LEFT", "CAM_BACK", "CAM_BACK_RIGHT"], "token": "91b97406d0ea4f7ba4b18c18ba7775c1", "scene": "scene-0681"}, {"images": ["samples/CAM_FRONT_LEFT/n008-2018-08-28-16-16-48-0400__CAM_FRONT_LEFT__1535488117754799.jpg", "samples/CAM_FRONT/n008-2018-08-28-16-16-48-0400__CAM_FRONT__1535488117762404.jpg", "samples/CAM_FRONT_RIGHT/n008-2018-08-28-16-16-48-0400__CAM_FRONT_RIGHT__1535488117770482.jpg", "samples/CAM_BACK_LEFT/n008-2018-08-28-16-16-48-0400__CAM_BACK_LEFT__1535488117797405.jpg", "samples/CAM_BACK/n008-2018-08-28-16-16-48-0400__CAM_BACK__1535488117787558.jpg", "samples/CAM_BACK_RIGHT/n008-2018-08-28-16-16-48-0400__CAM_BACK_RIGHT__1535488117778113.jpg"], "intrinsics": [[[1257.8625342125129, 0.0, 827.2410631095686], [0.0, 1257.8625342125129, 450.915498205774], [0.0, 0.0, 1.0]], [[1252.8131021185304, 0.0, 826.588114781398], [0.0, 1252.8131021185304, 469.9846626224581], [0.0, 0.0, 1.0]], [[1256.7485116440405, 0.0, 817.7887570959712], [0.0, 1256.7485116440403, 451.9541780095127], [0.0, 0.0, 1.0]], [[1254.9860565800168, 0.0, 829.5769333630991], [0.0, 1254.9860565800168, 467.1680561863987], [0.0, 0.0, 1.0]], [[796.8910634503094, 0.0, 857.7774326863696], [0.0, 796.8910634503094, 476.8848988407415], [0.0, 0.0, 1.0]], [[1249.9629280788233, 0.0, 825.3768045375984], [0.0, 1249.9629280788233, 462.54816385708756], [0.0, 0.0, 1.0]]], "extrinsics": [[[0.8223310112953186, -0.5683631300926208, -0.027111390605568886, -1.005126953125], [-0.009430979378521442, 0.034025952219963074, -0.9993764162063599, 1.4882965087890625], [0.5689312219619751, 0.8220739960670471, 0.022620374336838722, -1.3333740234375], [0.0, 0.0, 0.0, 1.0]], [[0.00997945573180914, -0.9995008707046509, -0.029974132776260376, 0.00537109375], [-0.007471934892237186, 0.02990025281906128, -0.9995249509811401, 1.48016357421875], [0.9999222755432129, 0.010198678821325302, -0.007169817108660936, -1.73468017578125], [0.0, 0.0, 0.0, 1.0]], [[-0.844170331954956, -0.5359444618225098, -0.01182872150093317, 1.090576171875], [0.0005494427168741822, 0.021200399845838547, -0.9997751116752625, 1.4930763244628906], [0.536074697971344, -0.8439870476722717, -0.017602281644940376, -1.277587890625], [0.0, 0.0, 0.0, 1.0]], [[0.9477459788322449, 0.3188031017780304, -0.011922256089746952, -1.143951416015625], [-0.024793021380901337, 0.036344610154628754, -0.999031662940979, 1.562042236328125], [-0.31806111335754395, 0.9471239447593689, 0.042349547147750854, -0.1561279296875], [0.0, 0.0, 0.0, 1.0]], [[0.009475868195295334, 0.999545693397522, 0.02861250564455986, -0.0289306640625], [-0.02269388921558857, 0.02882138453423977, -0.9993269443511963, 1.5680656433105469], [-0.9996975660324097, 0.008820151910185814, 0.022956687957048416, 0.044403076171875], [0.0, 0.0, 0.0, 1.0]], [[-0.9236180782318115, 0.3828205168247223, 0.019443603232502937, 1.16064453125], [-0.01850801147520542, 0.0061270855367183685, -0.999809980392456, 1.5478134155273438], [-0.38286691904067993, -0.9238024950027466, 0.0014261595206335187, -0.0438232421875], [0.0, 0.0, 0.0, 1.0]]], "view": [[0.0, -2.0, 100.0], [-2.0, 0.0, 100.0], [0.0, 0.0, 1.0]], "bev": "bev_99f91bee226b42f3984d2e0a1d438fa2.png", "aux": "aux_99f91bee226b42f3984d2e0a1d438fa2.npz", "visibility": "visibility_99f91bee226b42f3984d2e0a1d438fa2.png", "pose": [[-0.8596419095993042, -0.5108970999717712, 0.0, 591.81298828125], [0.5108970999717712, -0.8596419095993042, 0.0, 1516.8287353515625], [0.0, 0.0, 1.0, 0.0], [0.0, 0.0, 0.0, 1.0]], "pose_inverse": [[-0.8596419095993042, 0.5108970999717712, 0.0, -266.1961669921875], [-0.5108970999717712, -0.8596419095993042, 0.0, 1606.2850341796875], [0.0, 0.0, 1.0, 0.0], [0.0, 0.0, 0.0, 1.0]], "cam_ids": [0, 1, 2, 3, 4, 5], "cam_channels": ["CAM_FRONT_LEFT", "CAM_FRONT", "CAM_FRONT_RIGHT", "CAM_BACK_LEFT", "CAM_BACK", "CAM_BACK_RIGHT"], "token": "99f91bee226b42f3984d2e0a1d438fa2", "scene": "scene-0681"}, {"images": ["samples/CAM_FRONT_LEFT/n008-2018-08-28-16-16-48-0400__CAM_FRONT_LEFT__1535488118254799.jpg", "samples/CAM_FRONT/n008-2018-08-28-16-16-48-0400__CAM_FRONT__1535488118262404.jpg", "samples/CAM_FRONT_RIGHT/n008-2018-08-28-16-16-48-0400__CAM_FRONT_RIGHT__1535488118270482.jpg", "samples/CAM_BACK_LEFT/n008-2018-08-28-16-16-48-0400__CAM_BACK_LEFT__1535488118297423.jpg", "samples/CAM_BACK/n008-2018-08-28-16-16-48-0400__CAM_BACK__1535488118287558.jpg", "samples/CAM_BACK_RIGHT/n008-2018-08-28-16-16-48-0400__CAM_BACK_RIGHT__1535488118278113.jpg"], "intrinsics": [[[1257.8625342125129, 0.0, 827.2410631095686], [0.0, 1257.8625342125129, 450.915498205774], [0.0, 0.0, 1.0]], [[1252.8131021185304, 0.0, 826.588114781398], [0.0, 1252.8131021185304, 469.9846626224581], [0.0, 0.0, 1.0]], [[1256.7485116440405, 0.0, 817.7887570959712], [0.0, 1256.7485116440403, 451.9541780095127], [0.0, 0.0, 1.0]], [[1254.9860565800168, 0.0, 829.5769333630991], [0.0, 1254.9860565800168, 467.1680561863987], [0.0, 0.0, 1.0]], [[796.8910634503094, 0.0, 857.7774326863696], [0.0, 796.8910634503094, 476.8848988407415], [0.0, 0.0, 1.0]], [[1249.9629280788233, 0.0, 825.3768045375984], [0.0, 1249.9629280788233, 462.54816385708756], [0.0, 0.0, 1.0]]], "extrinsics": [[[0.8223272562026978, -0.5683683156967163, -0.027118315920233727, -1.0050048828125], [-0.009486460126936436, 0.033957697451114655, -0.9993782043457031, 1.4882888793945312], [0.5689358115196228, 0.8220731616020203, 0.022532537579536438, -1.33349609375], [0.0, 0.0, 0.0, 1.0]], [[0.009978114627301693, -0.9995025396347046, -0.029917392879724503, 0.00537109375], [-0.007535360287874937, 0.02984287589788437, -0.9995262026786804, 1.48016357421875], [0.9999217987060547, 0.010198833420872688, -0.007233838085085154, -1.734710693359375], [0.0, 0.0, 0.0, 1.0]], [[-0.8441705107688904, -0.5359460711479187, -0.011741762980818748, 1.09063720703125], [0.00048091745702549815, 0.021146085113286972, -0.9997762441635132, 1.493072509765625], [0.5360743999481201, -0.8439874053001404, -0.017593156546354294, -1.277587890625], [0.0, 0.0, 0.0, 1.0]], [[0.9477465748786926, 0.3187960684299469, -0.01205685455352068, -1.1439208984375], [-0.024919161573052406, 0.036298710852861404, -0.9990302324295044, 1.562042236328125], [-0.3180493414402008, 0.9471279382705688, 0.04234611243009567, -0.1561279296875], [0.0, 0.0, 0.0, 1.0]], [[0.00948073249310255, 0.9995467662811279, 0.02857070229947567, -0.02880859375], [-0.022783612832427025, 0.028780492022633553, -0.9993260502815247, 1.5680618286132812], [-0.9996954202651978, 0.008823401294648647, 0.02304614894092083, 0.044281005859375], [0.0, 0.0, 0.0, 1.0]], [[-0.9236172437667847, 0.3828200399875641, 0.019492685794830322, 1.16064453125], [-0.018584299832582474, 0.006071208044886589, -0.9998088479042053, 1.5478096008300781], [-0.38286513090133667, -0.9238029718399048, 0.0015069685177877545, -0.043701171875], [0.0, 0.0, 0.0, 1.0]]], "view": [[0.0, -2.0, 100.0], [-2.0, 0.0, 100.0], [0.0, 0.0, 1.0]], "bev": "bev_5f4790809d1b425389e1ea295594a510.png", "aux": "aux_5f4790809d1b425389e1ea295594a510.npz", "visibility": "visibility_5f4790809d1b425389e1ea295594a510.png", "pose": [[-0.8596218824386597, -0.5109307169914246, 0.0, 591.8130493164062], [0.5109307169914246, -0.8596218824386597, 0.0, 1516.828857421875], [0.0, 0.0, 1.0, 0.0], [0.0, 0.0, 0.0, 1.0]], "pose_inverse": [[-0.8596218824386597, 0.5109307169914246, 0.0, -266.2590637207031], [-0.5109307169914246, -0.8596218824386597, 0.0, 1606.2747802734375], [0.0, 0.0, 1.0, 0.0], [0.0, 0.0, 0.0, 1.0]], "cam_ids": [0, 1, 2, 3, 4, 5], "cam_channels": ["CAM_FRONT_LEFT", "CAM_FRONT", "CAM_FRONT_RIGHT", "CAM_BACK_LEFT", "CAM_BACK", "CAM_BACK_RIGHT"], "token": "5f4790809d1b425389e1ea295594a510", "scene": "scene-0681"}, {"images": ["samples/CAM_FRONT_LEFT/n008-2018-08-28-16-16-48-0400__CAM_FRONT_LEFT__1535488118754799.jpg", "samples/CAM_FRONT/n008-2018-08-28-16-16-48-0400__CAM_FRONT__1535488118762404.jpg", "samples/CAM_FRONT_RIGHT/n008-2018-08-28-16-16-48-0400__CAM_FRONT_RIGHT__1535488118770482.jpg", "samples/CAM_BACK_LEFT/n008-2018-08-28-16-16-48-0400__CAM_BACK_LEFT__1535488118797405.jpg", "samples/CAM_BACK/n008-2018-08-28-16-16-48-0400__CAM_BACK__1535488118787558.jpg", "samples/CAM_BACK_RIGHT/n008-2018-08-28-16-16-48-0400__CAM_BACK_RIGHT__1535488118778113.jpg"], "intrinsics": [[[1257.8625342125129, 0.0, 827.2410631095686], [0.0, 1257.8625342125129, 450.915498205774], [0.0, 0.0, 1.0]], [[1252.8131021185304, 0.0, 826.588114781398], [0.0, 1252.8131021185304, 469.9846626224581], [0.0, 0.0, 1.0]], [[1256.7485116440405, 0.0, 817.7887570959712], [0.0, 1256.7485116440403, 451.9541780095127], [0.0, 0.0, 1.0]], [[1254.9860565800168, 0.0, 829.5769333630991], [0.0, 1254.9860565800168, 467.1680561863987], [0.0, 0.0, 1.0]], [[796.8910634503094, 0.0, 857.7774326863696], [0.0, 796.8910634503094, 476.8848988407415], [0.0, 0.0, 1.0]], [[1249.9629280788233, 0.0, 825.3768045375984], [0.0, 1249.9629280788233, 462.54816385708756], [0.0, 0.0, 1.0]]], "extrinsics": [[[0.8223275542259216, -0.5683668255805969, -0.02713816985487938, -1.0050048828125], [-0.009573160670697689, 0.033867351710796356, -0.9993805289268494, 1.4882965087890625], [0.5689337849617004, 0.8220778703689575, 0.022408990189433098, -1.3333740234375], [0.0, 0.0, 0.0, 1.0]], [[0.009978051297366619, -0.9995050430297852, -0.02983320690691471, 0.0054931640625], [-0.007643038406968117, 0.029757587239146233, -0.9995279312133789, 1.4801673889160156], [0.9999210238456726, 0.01020132564008236, -0.007342337165027857, -1.734710693359375], [0.0, 0.0, 0.0, 1.0]], [[-0.844170331954956, -0.5359493494033813, -0.01161146815866232, 1.09075927734375], [0.00037339082336984575, 0.02107229456305504, -0.9997778534889221, 1.493072509765625], [0.5360749959945679, -0.8439871072769165, -0.017588486894965172, -1.2774658203125], [0.0, 0.0, 0.0, 1.0]], [[0.9477452039718628, 0.31879618763923645, -0.012168841436505318, -1.143951416015625], [-0.025013167411088943, 0.03622711822390556, -0.9990305304527283, 1.562042236328125], [-0.3180462718009949, 0.9471307396888733, 0.04230818524956703, -0.15625], [0.0, 0.0, 0.0, 1.0]], [[0.009481508284807205, 0.9995487332344055, 0.028502950444817543, -0.029052734375], [-0.022876301780343056, 0.028713591396808624, -0.9993258118629456, 1.5680618286132812], [-0.9996932744979858, 0.00882305484265089, 0.023138226941227913, 0.044281005859375], [0.0, 0.0, 0.0, 1.0]], [[-0.9236165881156921, 0.38281866908073425, 0.019550135359168053, 1.16070556640625], [-0.018672015517950058, 0.006009611766785383, -0.999807596206665, 1.5478134155273438], [-0.3828624486923218, -0.9238039255142212, 0.0015974181005731225, -0.0435791015625], [0.0, 0.0, 0.0, 1.0]]], "view": [[0.0, -2.0, 100.0], [-2.0, 0.0, 100.0], [0.0, 0.0, 1.0]], "bev": "bev_826ddd43411c4f34a9819341fd868c99.png", "aux": "aux_826ddd43411c4f34a9819341fd868c99.npz", "visibility": "visibility_826ddd43411c4f34a9819341fd868c99.png", "pose": [[-0.859596312046051, -0.5109736919403076, 0.0, 591.8131713867188], [0.5109736919403076, -0.859596312046051, 0.0, 1516.8289794921875], [0.0, 0.0, 1.0, 0.0], [0.0, 0.0, 0.0, 1.0]], "pose_inverse": [[-0.859596312046051, 0.5109736919403076, 0.0, -266.3393249511719], [-0.5109736919403076, -0.859596312046051, 0.0, 1606.2615966796875], [0.0, 0.0, 1.0, 0.0], [0.0, 0.0, 0.0, 1.0]], "cam_ids": [0, 1, 2, 3, 4, 5], "cam_channels": ["CAM_FRONT_LEFT", "CAM_FRONT", "CAM_FRONT_RIGHT", "CAM_BACK_LEFT", "CAM_BACK", "CAM_BACK_RIGHT"], "token": "826ddd43411c4f34a9819341fd868c99", "scene": "scene-0681"}, {"images": ["samples/CAM_FRONT_LEFT/n008-2018-08-28-16-16-48-0400__CAM_FRONT_LEFT__1535488119254799.jpg", "samples/CAM_FRONT/n008-2018-08-28-16-16-48-0400__CAM_FRONT__1535488119262404.jpg", "samples/CAM_FRONT_RIGHT/n008-2018-08-28-16-16-48-0400__CAM_FRONT_RIGHT__1535488119270482.jpg", "samples/CAM_BACK_LEFT/n008-2018-08-28-16-16-48-0400__CAM_BACK_LEFT__1535488119297405.jpg", "samples/CAM_BACK/n008-2018-08-28-16-16-48-0400__CAM_BACK__1535488119287558.jpg", "samples/CAM_BACK_RIGHT/n008-2018-08-28-16-16-48-0400__CAM_BACK_RIGHT__1535488119278113.jpg"], "intrinsics": [[[1257.8625342125129, 0.0, 827.2410631095686], [0.0, 1257.8625342125129, 450.915498205774], [0.0, 0.0, 1.0]], [[1252.8131021185304, 0.0, 826.588114781398], [0.0, 1252.8131021185304, 469.9846626224581], [0.0, 0.0, 1.0]], [[1256.7485116440405, 0.0, 817.7887570959712], [0.0, 1256.7485116440403, 451.9541780095127], [0.0, 0.0, 1.0]], [[1254.9860565800168, 0.0, 829.5769333630991], [0.0, 1254.9860565800168, 467.1680561863987], [0.0, 0.0, 1.0]], [[796.8910634503094, 0.0, 857.7774326863696], [0.0, 796.8910634503094, 476.8848988407415], [0.0, 0.0, 1.0]], [[1249.9629280788233, 0.0, 825.3768045375984], [0.0, 1249.9629280788233, 462.54816385708756], [0.0, 0.0, 1.0]]], "extrinsics": [[[0.8223308324813843, -0.568357527256012, -0.0272383876144886, -1.0050048828125], [-0.009696727618575096, 0.03386524319648743, -0.9993793964385986, 1.4882965087890625], [0.5689271688461304, 0.8220845460891724, 0.02233722433447838, -1.333251953125], [0.0, 0.0, 0.0, 1.0]], [[0.009988122619688511, -0.9995051622390747, -0.029827382415533066, 0.0054931640625], [-0.007744065020233393, 0.029750656336545944, -0.9995273351669312, 1.4801597595214844], [0.9999201893806458, 0.010214412584900856, -0.007443079724907875, -1.7347412109375], [0.0, 0.0, 0.0, 1.0]], [[-0.8441656827926636, -0.5359584093093872, -0.011527967639267445, 1.0906982421875], [0.0002791160368360579, 0.021064672619104385, -0.9997780919075012, 1.493072509765625], [0.53608238697052, -0.8439815640449524, -0.017632482573390007, -1.277587890625], [0.0, 0.0, 0.0, 1.0]], [[0.9477396011352539, 0.3188094198703766, -0.012254779227077961, -1.143951416015625], [-0.02510768733918667, 0.0362369641661644, -0.9990277290344238, 1.5620346069335938], [-0.3180554211139679, 0.9471258521080017, 0.04234777018427849, -0.1561279296875], [0.0, 0.0, 0.0, 1.0]], [[0.00947391614317894, 0.9995487332344055, 0.028507566079497337, -0.0289306640625], [-0.02297918125987053, 0.028718939051032066, -0.9993233680725098, 1.5680656433105469], [-0.9996910095214844, 0.008812411688268185, 0.023240892216563225, 0.044342041015625], [0.0, 0.0, 0.0, 1.0]], [[-0.9236176013946533, 0.3828112781047821, 0.019648276269435883, 1.16064453125], [-0.018778935074806213, 0.006007923278957605, -0.9998056292533875, 1.547811508178711], [-0.3828548491001129, -0.9238070845603943, 0.0016397646395489573, -0.043701171875], [0.0, 0.0, 0.0, 1.0]]], "view": [[0.0, -2.0, 100.0], [-2.0, 0.0, 100.0], [0.0, 0.0, 1.0]], "bev": "bev_a2009d5a173c4e95bb04f45388210148.png", "aux": "aux_a2009d5a173c4e95bb04f45388210148.npz", "visibility": "visibility_a2009d5a173c4e95bb04f45388210148.png", "pose": [[-0.859619677066803, -0.5109344720840454, 0.0, 591.813232421875], [0.5109344720840454, -0.859619677066803, 0.0, 1516.8291015625], [0.0, 0.0, 1.0, 0.0], [0.0, 0.0, 0.0, 1.0]], "pose_inverse": [[-0.859619677066803, 0.5109344720840454, 0.0, -266.2659912109375], [-0.5109344720840454, -0.859619677066803, 0.0, 1606.27392578125], [0.0, 0.0, 1.0, 0.0], [0.0, 0.0, 0.0, 1.0]], "cam_ids": [0, 1, 2, 3, 4, 5], "cam_channels": ["CAM_FRONT_LEFT", "CAM_FRONT", "CAM_FRONT_RIGHT", "CAM_BACK_LEFT", "CAM_BACK", "CAM_BACK_RIGHT"], "token": "a2009d5a173c4e95bb04f45388210148", "scene": "scene-0681"}, {"images": ["samples/CAM_FRONT_LEFT/n008-2018-08-28-16-16-48-0400__CAM_FRONT_LEFT__1535488119754799.jpg", "samples/CAM_FRONT/n008-2018-08-28-16-16-48-0400__CAM_FRONT__1535488119762404.jpg", "samples/CAM_FRONT_RIGHT/n008-2018-08-28-16-16-48-0400__CAM_FRONT_RIGHT__1535488119770482.jpg", "samples/CAM_BACK_LEFT/n008-2018-08-28-16-16-48-0400__CAM_BACK_LEFT__1535488119797405.jpg", "samples/CAM_BACK/n008-2018-08-28-16-16-48-0400__CAM_BACK__1535488119787558.jpg", "samples/CAM_BACK_RIGHT/n008-2018-08-28-16-16-48-0400__CAM_BACK_RIGHT__1535488119778113.jpg"], "intrinsics": [[[1257.8625342125129, 0.0, 827.2410631095686], [0.0, 1257.8625342125129, 450.915498205774], [0.0, 0.0, 1.0]], [[1252.8131021185304, 0.0, 826.588114781398], [0.0, 1252.8131021185304, 469.9846626224581], [0.0, 0.0, 1.0]], [[1256.7485116440405, 0.0, 817.7887570959712], [0.0, 1256.7485116440403, 451.9541780095127], [0.0, 0.0, 1.0]], [[1254.9860565800168, 0.0, 829.5769333630991], [0.0, 1254.9860565800168, 467.1680561863987], [0.0, 0.0, 1.0]], [[796.8910634503094, 0.0, 857.7774326863696], [0.0, 796.8910634503094, 476.8848988407415], [0.0, 0.0, 1.0]], [[1249.9629280788233, 0.0, 825.3768045375984], [0.0, 1249.9629280788233, 462.54816385708756], [0.0, 0.0, 1.0]]], "extrinsics": [[[0.8223206400871277, -0.5683669447898865, -0.027346482500433922, -1.0050048828125], [-0.009794977493584156, 0.03391265124082565, -0.9993767738342285, 1.4882965087890625], [0.5689401030540466, 0.8220760822296143, 0.02231992967426777, -1.3333740234375], [0.0, 0.0, 0.0, 1.0]], [[0.009971379302442074, -0.9995039105415344, -0.029876094311475754, 0.00537109375], [-0.007857690565288067, 0.029798338189721107, -0.9995250701904297, 1.4801597595214844], [0.9999194741249084, 0.010201447643339634, -0.007556659169495106, -1.734649658203125], [0.0, 0.0, 0.0, 1.0]], [[-0.8441723585128784, -0.53594970703125, -0.011439765803515911, 1.090576171875], [0.00015212806465569884, 0.021100478246808052, -0.9997773766517639, 1.493072509765625], [0.5360718369483948, -0.8439862728118896, -0.01773090846836567, -1.27734375], [0.0, 0.0, 0.0, 1.0]], [[0.9477376341819763, 0.3188115656375885, -0.012353223748505116, -1.14398193359375], [-0.02520878240466118, 0.03622869402170181, -0.9990255236625671, 1.562042236328125], [-0.31805333495140076, 0.9471254944801331, 0.042372144758701324, -0.1561279296875], [0.0, 0.0, 0.0, 1.0]], [[0.009478935971856117, 0.9995487332344055, 0.02850487269461155, -0.02880859375], [-0.023082230240106583, 0.028717271983623505, -0.9993209838867188, 1.5680618286132812], [-0.9996886253356934, 0.008814504370093346, 0.023344023153185844, 0.0443115234375], [0.0, 0.0, 0.0, 1.0]], [[-0.9236128330230713, 0.38281679153442383, 0.019764455035328865, 1.16070556640625], [-0.0189003124833107, 0.006018534302711487, -0.9998033046722412, 1.547811508178711], [-0.3828604519367218, -0.923804759979248, 0.001676562475040555, -0.0435791015625], [0.0, 0.0, 0.0, 1.0]]], "view": [[0.0, -2.0, 100.0], [-2.0, 0.0, 100.0], [0.0, 0.0, 1.0]], "bev": "bev_b81099b1313a4924b67defe9657263c8.png", "aux": "aux_b81099b1313a4924b67defe9657263c8.npz", "visibility": "visibility_b81099b1313a4924b67defe9657263c8.png", "pose": [[-0.8596158027648926, -0.5109410285949707, 0.0, 591.813232421875], [0.5109410285949707, -0.8596158027648926, 0.0, 1516.8292236328125], [0.0, 0.0, 1.0, 0.0], [0.0, 0.0, 0.0, 1.0]], "pose_inverse": [[-0.8596158027648926, 0.5109410285949707, 0.0, -266.27825927734375], [-0.5109410285949707, -0.8596158027648926, 0.0, 1606.27197265625], [0.0, 0.0, 1.0, 0.0], [0.0, 0.0, 0.0, 1.0]], "cam_ids": [0, 1, 2, 3, 4, 5], "cam_channels": ["CAM_FRONT_LEFT", "CAM_FRONT", "CAM_FRONT_RIGHT", "CAM_BACK_LEFT", "CAM_BACK", "CAM_BACK_RIGHT"], "token": "b81099b1313a4924b67defe9657263c8", "scene": "scene-0681"}, {"images": ["samples/CAM_FRONT_LEFT/n008-2018-08-28-16-16-48-0400__CAM_FRONT_LEFT__1535488120254799.jpg", "samples/CAM_FRONT/n008-2018-08-28-16-16-48-0400__CAM_FRONT__1535488120262404.jpg", "samples/CAM_FRONT_RIGHT/n008-2018-08-28-16-16-48-0400__CAM_FRONT_RIGHT__1535488120270482.jpg", "samples/CAM_BACK_LEFT/n008-2018-08-28-16-16-48-0400__CAM_BACK_LEFT__1535488120297405.jpg", "samples/CAM_BACK/n008-2018-08-28-16-16-48-0400__CAM_BACK__1535488120287558.jpg", "samples/CAM_BACK_RIGHT/n008-2018-08-28-16-16-48-0400__CAM_BACK_RIGHT__1535488120278113.jpg"], "intrinsics": [[[1257.8625342125129, 0.0, 827.2410631095686], [0.0, 1257.8625342125129, 450.915498205774], [0.0, 0.0, 1.0]], [[1252.8131021185304, 0.0, 826.588114781398], [0.0, 1252.8131021185304, 469.9846626224581], [0.0, 0.0, 1.0]], [[1256.7485116440405, 0.0, 817.7887570959712], [0.0, 1256.7485116440403, 451.9541780095127], [0.0, 0.0, 1.0]], [[1254.9860565800168, 0.0, 829.5769333630991], [0.0, 1254.9860565800168, 467.1680561863987], [0.0, 0.0, 1.0]], [[796.8910634503094, 0.0, 857.7774326863696], [0.0, 796.8910634503094, 476.8848988407415], [0.0, 0.0, 1.0]], [[1249.9629280788233, 0.0, 825.3768045375984], [0.0, 1249.9629280788233, 462.54816385708756], [0.0, 0.0, 1.0]]], "extrinsics": [[[0.8223148584365845, -0.5683668255805969, -0.02752050943672657, -1.0050048828125], [-0.009989196434617043, 0.033937618136405945, -0.9993739724159241, 1.4882926940917969], [0.5689449906349182, 0.8220750093460083, 0.022229880094528198, -1.3333740234375], [0.0, 0.0, 0.0, 1.0]], [[0.009963332675397396, -0.9995028972625732, -0.029909422621130943, 0.00537109375], [-0.008051175624132156, 0.029829753562808037, -0.9995226263999939, 1.48016357421875], [0.9999179840087891, 0.010199420154094696, -0.007749968208372593, -1.7347259521484375], [0.0, 0.0, 0.0, 1.0]], [[-0.8441751599311829, -0.5359483957290649, -0.011294778436422348, 1.09063720703125], [-4.4922846427652985e-05, 0.02114042453467846, -0.9997765421867371, 1.493072509765625], [0.5360674262046814, -0.8439860939979553, -0.01787029765546322, -1.277587890625], [0.0, 0.0, 0.0, 1.0]], [[0.9477368593215942, 0.3188076317310333, -0.01251220703125, -1.143890380859375], [-0.025400960817933083, 0.03630247712135315, -0.9990180134773254, 1.562042236328125], [-0.3180403411388397, 0.9471239447593689, 0.04250321909785271, -0.156005859375], [0.0, 0.0, 0.0, 1.0]], [[0.009486771188676357, 0.9995468258857727, 0.028566502034664154, -0.02880859375], [-0.023287829011678696, 0.02878088504076004, -0.9993144273757935, 1.5680580139160156], [-0.9996837377548218, 0.008815072476863861, 0.02355031855404377, 0.0443115234375], [0.0, 0.0, 0.0, 1.0]], [[-0.9236087203025818, 0.3828156590461731, 0.0199764184653759, 1.16070556640625], [-0.019107211381196976, 0.006072940304875374, -0.9997990131378174, 1.5478096008300781], [-0.38286009430885315, -0.9238047003746033, 0.0017055219504982233, -0.0438232421875], [0.0, 0.0, 0.0, 1.0]]], "view": [[0.0, -2.0, 100.0], [-2.0, 0.0, 100.0], [0.0, 0.0, 1.0]], "bev": "bev_50dc449ce4f74b019caf30b965ca0812.png", "aux": "aux_50dc449ce4f74b019caf30b965ca0812.npz", "visibility": "visibility_50dc449ce4f74b019caf30b965ca0812.png", "pose": [[-0.8595778346061707, -0.5110048055648804, 0.0, 591.8132934570312], [0.5110048055648804, -0.8595778346061707, 0.0, 1516.8292236328125], [0.0, 0.0, 1.0, 0.0], [0.0, 0.0, 0.0, 1.0]], "pose_inverse": [[-0.8595778346061707, 0.5110048055648804, 0.0, -266.3974609375], [-0.5110048055648804, -0.8595778346061707, 0.0, 1606.252197265625], [0.0, 0.0, 1.0, 0.0], [0.0, 0.0, 0.0, 1.0]], "cam_ids": [0, 1, 2, 3, 4, 5], "cam_channels": ["CAM_FRONT_LEFT", "CAM_FRONT", "CAM_FRONT_RIGHT", "CAM_BACK_LEFT", "CAM_BACK", "CAM_BACK_RIGHT"], "token": "50dc449ce4f74b019caf30b965ca0812", "scene": "scene-0681"}, {"images": ["samples/CAM_FRONT_LEFT/n008-2018-08-28-16-16-48-0400__CAM_FRONT_LEFT__1535488120754799.jpg", "samples/CAM_FRONT/n008-2018-08-28-16-16-48-0400__CAM_FRONT__1535488120762404.jpg", "samples/CAM_FRONT_RIGHT/n008-2018-08-28-16-16-48-0400__CAM_FRONT_RIGHT__1535488120770482.jpg", "samples/CAM_BACK_LEFT/n008-2018-08-28-16-16-48-0400__CAM_BACK_LEFT__1535488120797405.jpg", "samples/CAM_BACK/n008-2018-08-28-16-16-48-0400__CAM_BACK__1535488120787569.jpg", "samples/CAM_BACK_RIGHT/n008-2018-08-28-16-16-48-0400__CAM_BACK_RIGHT__1535488120778113.jpg"], "intrinsics": [[[1257.8625342125129, 0.0, 827.2410631095686], [0.0, 1257.8625342125129, 450.915498205774], [0.0, 0.0, 1.0]], [[1252.8131021185304, 0.0, 826.588114781398], [0.0, 1252.8131021185304, 469.9846626224581], [0.0, 0.0, 1.0]], [[1256.7485116440405, 0.0, 817.7887570959712], [0.0, 1256.7485116440403, 451.9541780095127], [0.0, 0.0, 1.0]], [[1254.9860565800168, 0.0, 829.5769333630991], [0.0, 1254.9860565800168, 467.1680561863987], [0.0, 0.0, 1.0]], [[796.8910634503094, 0.0, 857.7774326863696], [0.0, 796.8910634503094, 476.8848988407415], [0.0, 0.0, 1.0]], [[1249.9629280788233, 0.0, 825.3768045375984], [0.0, 1249.9629280788233, 462.54816385708756], [0.0, 0.0, 1.0]]], "extrinsics": [[[0.8223076462745667, -0.5683726072311401, -0.027619920670986176, -1.0050048828125], [-0.01014479249715805, 0.033887095749378204, -0.9993741512298584, 1.4882888793945312], [0.5689527988433838, 0.822073221206665, 0.02209959365427494, -1.33349609375], [0.0, 0.0, 0.0, 1.0]], [[0.009953600354492664, -0.9995043277740479, -0.029864637181162834, 0.00537109375], [-0.008203096687793732, 0.029783492907881737, -0.9995227456092834, 1.48016357421875], [0.9999167919158936, 0.010193896479904652, -0.007902574725449085, -1.734710693359375], [0.0, 0.0, 0.0, 1.0]], [[-0.8441785573959351, -0.5359461903572083, -0.011149396188557148, 1.09063720703125], [-0.00019147679267916828, 0.02110016904771328, -0.9997773766517639, 1.4930686950683594], [0.5360621213912964, -0.8439884185791016, -0.01791493222117424, -1.277587890625], [0.0, 0.0, 0.0, 1.0]], [[0.94773268699646, 0.3188134729862213, -0.012687328271567822, -1.143951416015625], [-0.02556568756699562, 0.03624248877167702, -0.9990159273147583, 1.5620498657226562], [-0.3180398941040039, 0.9471243023872375, 0.0424988754093647, -0.15625], [0.0, 0.0, 0.0, 1.0]], [[0.0094883032143116, 0.9995483756065369, 0.028513319790363312, -0.02880859375], [-0.023435214534401894, 0.02872905135154724, -0.9993124604225159, 1.5680580139160156], [-0.9996802806854248, 0.008813566528260708, 0.023697219789028168, 0.044342041015625], [0.0, 0.0, 0.0, 1.0]], [[-0.9236055016517639, 0.3828175663948059, 0.020089557394385338, 1.16058349609375], [-0.01924731582403183, 0.006030401214957237, -0.9997965693473816, 1.5478134155273438], [-0.38286077976226807, -0.9238042831420898, 0.0017984986770898104, -0.043701171875], [0.0, 0.0, 0.0, 1.0]]], "view": [[0.0, -2.0, 100.0], [-2.0, 0.0, 100.0], [0.0, 0.0, 1.0]], "bev": "bev_138ee897733542e980400f1b8ec8ff88.png", "aux": "aux_138ee897733542e980400f1b8ec8ff88.npz", "visibility": "visibility_138ee897733542e980400f1b8ec8ff88.png", "pose": [[-0.8595823049545288, -0.5109972953796387, 0.0, 591.8133544921875], [0.5109972953796387, -0.8595823049545288, 0.0, 1516.829345703125], [0.0, 0.0, 1.0, 0.0], [0.0, 0.0, 0.0, 1.0]], "pose_inverse": [[-0.8595823049545288, 0.5109972953796387, 0.0, -266.38336181640625], [-0.5109972953796387, -0.8595823049545288, 0.0, 1606.2547607421875], [0.0, 0.0, 1.0, 0.0], [0.0, 0.0, 0.0, 1.0]], "cam_ids": [0, 1, 2, 3, 4, 5], "cam_channels": ["CAM_FRONT_LEFT", "CAM_FRONT", "CAM_FRONT_RIGHT", "CAM_BACK_LEFT", "CAM_BACK", "CAM_BACK_RIGHT"], "token": "138ee897733542e980400f1b8ec8ff88", "scene": "scene-0681"}, {"images": ["samples/CAM_FRONT_LEFT/n008-2018-08-28-16-16-48-0400__CAM_FRONT_LEFT__1535488121254799.jpg", "samples/CAM_FRONT/n008-2018-08-28-16-16-48-0400__CAM_FRONT__1535488121262404.jpg", "samples/CAM_FRONT_RIGHT/n008-2018-08-28-16-16-48-0400__CAM_FRONT_RIGHT__1535488121270482.jpg", "samples/CAM_BACK_LEFT/n008-2018-08-28-16-16-48-0400__CAM_BACK_LEFT__1535488121297405.jpg", "samples/CAM_BACK/n008-2018-08-28-16-16-48-0400__CAM_BACK__1535488121287558.jpg", "samples/CAM_BACK_RIGHT/n008-2018-08-28-16-16-48-0400__CAM_BACK_RIGHT__1535488121278113.jpg"], "intrinsics": [[[1257.8625342125129, 0.0, 827.2410631095686], [0.0, 1257.8625342125129, 450.915498205774], [0.0, 0.0, 1.0]], [[1252.8131021185304, 0.0, 826.588114781398], [0.0, 1252.8131021185304, 469.9846626224581], [0.0, 0.0, 1.0]], [[1256.7485116440405, 0.0, 817.7887570959712], [0.0, 1256.7485116440403, 451.9541780095127], [0.0, 0.0, 1.0]], [[1254.9860565800168, 0.0, 829.5769333630991], [0.0, 1254.9860565800168, 467.1680561863987], [0.0, 0.0, 1.0]], [[796.8910634503094, 0.0, 857.7774326863696], [0.0, 796.8910634503094, 476.8848988407415], [0.0, 0.0, 1.0]], [[1249.9629280788233, 0.0, 825.3768045375984], [0.0, 1249.9629280788233, 462.54816385708756], [0.0, 0.0, 1.0]]], "extrinsics": [[[0.8223142027854919, -0.5683655738830566, -0.027568979188799858, -1.0050048828125], [-0.010037027299404144, 0.03395368531346321, -0.9993729591369629, 1.4882965087890625], [0.5689452290534973, 0.822075366973877, 0.02221589721739292, -1.3333740234375], [0.0, 0.0, 0.0, 1.0]], [[0.00996505469083786, -0.9995027184486389, -0.029916295781731606, 0.0052490234375], [-0.008083628490567207, 0.02983628213405609, -0.9995221495628357, 1.48016357421875], [0.9999176859855652, 0.010202111676335335, -0.0077822888270020485, -1.7346954345703125], [0.0, 0.0, 0.0, 1.0]], [[-0.8441742658615112, -0.5359501242637634, -0.011282414197921753, 1.09063720703125], [-6.174176087370142e-05, 0.021143781021237373, -0.9997764229774475, 1.493072509765625], [0.5360689163208008, -0.8439849019050598, -0.017882125452160835, -1.277587890625], [0.0, 0.0, 0.0, 1.0]], [[0.9477357268333435, 0.31881046295166016, -0.01253245584666729, -1.1439208984375], [-0.02541690692305565, 0.03628600016236305, -0.9990181922912598, 1.562042236328125], [-0.31804272532463074, 0.9471237063407898, 0.042492710053920746, -0.1561279296875], [0.0, 0.0, 0.0, 1.0]], [[0.009485073387622833, 0.9995474815368652, 0.02854774333536625, -0.0286865234375], [-0.023312987759709358, 0.02876231074333191, -0.9993143677711487, 1.5680580139160156], [-0.9996832013130188, 0.00881303008645773, 0.023575251922011375, 0.04437255859375], [0.0, 0.0, 0.0, 1.0]], [[-0.9236091375350952, 0.3828141987323761, 0.019983414560556412, 1.16070556640625], [-0.01911391317844391, 0.006075035315006971, -0.9997988343238831, 1.5478105545043945], [-0.38285860419273376, -0.9238054156303406, 0.0017061186954379082, -0.0435791015625], [0.0, 0.0, 0.0, 1.0]]], "view": [[0.0, -2.0, 100.0], [-2.0, 0.0, 100.0], [0.0, 0.0, 1.0]], "bev": "bev_6d60b510fb654ac480e1d4d3680dfeab.png", "aux": "aux_6d60b510fb654ac480e1d4d3680dfeab.npz", "visibility": "visibility_6d60b510fb654ac480e1d4d3680dfeab.png", "pose": [[-0.8595970273017883, -0.5109726190567017, 0.0, 591.8133544921875], [0.5109726190567017, -0.8595970273017883, 0.0, 1516.829345703125], [0.0, 0.0, 1.0, 0.0], [0.0, 0.0, 0.0, 1.0]], "pose_inverse": [[-0.8595970273017883, 0.5109726190567017, 0.0, -266.3372497558594], [-0.5109726190567017, -0.8595970273017883, 0.0, 1606.2623291015625], [0.0, 0.0, 1.0, 0.0], [0.0, 0.0, 0.0, 1.0]], "cam_ids": [0, 1, 2, 3, 4, 5], "cam_channels": ["CAM_FRONT_LEFT", "CAM_FRONT", "CAM_FRONT_RIGHT", "CAM_BACK_LEFT", "CAM_BACK", "CAM_BACK_RIGHT"], "token": "6d60b510fb654ac480e1d4d3680dfeab", "scene": "scene-0681"}, {"images": ["samples/CAM_FRONT_LEFT/n008-2018-08-28-16-16-48-0400__CAM_FRONT_LEFT__1535488121754799.jpg", "samples/CAM_FRONT/n008-2018-08-28-16-16-48-0400__CAM_FRONT__1535488121762404.jpg", "samples/CAM_FRONT_RIGHT/n008-2018-08-28-16-16-48-0400__CAM_FRONT_RIGHT__1535488121770482.jpg", "samples/CAM_BACK_LEFT/n008-2018-08-28-16-16-48-0400__CAM_BACK_LEFT__1535488121797405.jpg", "samples/CAM_BACK/n008-2018-08-28-16-16-48-0400__CAM_BACK__1535488121787558.jpg", "samples/CAM_BACK_RIGHT/n008-2018-08-28-16-16-48-0400__CAM_BACK_RIGHT__1535488121778113.jpg"], "intrinsics": [[[1257.8625342125129, 0.0, 827.2410631095686], [0.0, 1257.8625342125129, 450.915498205774], [0.0, 0.0, 1.0]], [[1252.8131021185304, 0.0, 826.588114781398], [0.0, 1252.8131021185304, 469.9846626224581], [0.0, 0.0, 1.0]], [[1256.7485116440405, 0.0, 817.7887570959712], [0.0, 1256.7485116440403, 451.9541780095127], [0.0, 0.0, 1.0]], [[1254.9860565800168, 0.0, 829.5769333630991], [0.0, 1254.9860565800168, 467.1680561863987], [0.0, 0.0, 1.0]], [[796.8910634503094, 0.0, 857.7774326863696], [0.0, 796.8910634503094, 476.8848988407415], [0.0, 0.0, 1.0]], [[1249.9629280788233, 0.0, 825.3768045375984], [0.0, 1249.9629280788233, 462.54816385708756], [0.0, 0.0, 1.0]]], "extrinsics": [[[0.8223185539245605, -0.5683579444885254, -0.027594001963734627, -1.0050048828125], [-0.010122919455170631, 0.03387387469410896, -0.9993748664855957, 1.4882926940917969], [0.5689374208450317, 0.8220838308334351, 0.02210167422890663, -1.33349609375], [0.0, 0.0, 0.0, 1.0]], [[0.009972801432013512, -0.9995047450065613, -0.02984623797237873, 0.00537109375], [-0.00817317795008421, 0.02976525016129017, -0.9995235204696655, 1.48016357421875], [0.9999168515205383, 0.010211962275207043, -0.007872284390032291, -1.734619140625], [0.0, 0.0, 0.0, 1.0]], [[-0.8441708087921143, -0.5359579920768738, -0.011172969825565815, 1.09063720703125], [-0.00015436614921782166, 0.021085230633616447, -0.999777615070343, 1.493072509765625], [0.5360743999481201, -0.8439812660217285, -0.017882270738482475, -1.277587890625], [0.0, 0.0, 0.0, 1.0]], [[0.9477357864379883, 0.3188062012195587, -0.012631751596927643, -1.143951416015625], [-0.025510171428322792, 0.036252640187740326, -0.9990170001983643, 1.562042236328125], [-0.31803491711616516, 0.9471263885498047, 0.04249072074890137, -0.1561279296875], [0.0, 0.0, 0.0, 1.0]], [[0.009485991671681404, 0.9995483756065369, 0.028513964265584946, -0.02880859375], [-0.02340078540146351, 0.028729336336255074, -0.999313235282898, 1.5680