[{"images": ["samples/CAM_FRONT_LEFT/n008-2018-05-21-11-06-59-0400__CAM_FRONT_LEFT__1526915777004917.jpg", "samples/CAM_FRONT/n008-2018-05-21-11-06-59-0400__CAM_FRONT__1526915777012465.jpg", "samples/CAM_FRONT_RIGHT/n008-2018-05-21-11-06-59-0400__CAM_FRONT_RIGHT__1526915777019956.jpg", "samples/CAM_BACK_LEFT/n008-2018-05-21-11-06-59-0400__CAM_BACK_LEFT__1526915777047295.jpg", "samples/CAM_BACK/n008-2018-05-21-11-06-59-0400__CAM_BACK__1526915777037570.jpg", "samples/CAM_BACK_RIGHT/n008-2018-05-21-11-06-59-0400__CAM_BACK_RIGHT__1526915777027813.jpg"], "intrinsics": [[[1256.4720761102153, 0.0, 759.9201772536986], [0.0, 1256.472076110215, 418.2347543062189], [0.0, 0.0, 1.0]], [[1262.8093578767177, 0.0, 786.6784634591471], [0.0, 1262.8093578767177, 437.9890946201144], [0.0, 0.0, 1.0]], [[1264.1253743585607, 0.0, 761.8659236816043], [0.0, 1264.125374358561, 415.0768894058469], [0.0, 0.0, 1.0]], [[1258.2338510172276, 0.0, 742.9036438917772], [0.0, 1258.2338510172278, 422.93240569290015], [0.0, 0.0, 1.0]], [[798.1242652672415, 0.0, 679.0081140747895], [0.0, 798.1242652672414, 419.2474525237902], [0.0, 0.0, 1.0]], [[1259.4297629105833, 0.0, 752.9541347831612], [0.0, 1259.4297629105833, 429.46398926977497], [0.0, 0.0, 1.0]]], "extrinsics": [[[0.8100745677947998, -0.5862977504730225, 0.0058418381959199905, -0.7697982788085938], [0.0064468421041965485, -0.001056271605193615, -0.9999787211418152, 1.500321865081787], [0.5862914323806763, 0.810094952583313, 0.0029241107404232025, -1.14208984375], [0.0, 0.0, 0.0, 1.0]], [[-0.004228707868605852, -0.9999725818634033, 0.0060730138793587685, -0.0262451171875], [-0.003381937276571989, -0.00605873204767704, -0.9999759197235107, 1.5121488571166992], [0.9999853372573853, -0.004249132238328457, -0.003356224624440074, -1.44189453125], [0.0, 0.0, 0.0, 1.0]], [[-0.8108306527137756, -0.5852778553962708, -0.0018751497846096754, 0.85009765625], [0.0019360033329576254, 0.000521763926371932, -0.9999979734420776, 1.4962477684020996], [0.5852776765823364, -0.8108326196670532, 0.0007100371294654906, -1.26025390625], [0.0, 0.0, 0.0, 1.0]], [[0.9456886053085327, 0.32495570182800293, -0.008763354271650314, -1.1605224609375], [-0.01134028472006321, 0.006036969367414713, -0.9999175071716309, 1.5960092544555664], [-0.32487601041793823, 0.9457098841667175, 0.009394184686243534, -0.0772705078125], [0.0, 0.0, 0.0, 1.0]], [[0.01765318214893341, 0.9998440742492676, -0.00039945606840774417, 0.00634765625], [-0.002488605910912156, -0.0003555782313924283, -0.9999968409538269, 1.539391279220581], [-0.9998409748077393, 0.017654163762927055, 0.0024819381069391966, 0.044677734375], [0.0, 0.0, 0.0, 1.0]], [[-0.9350777864456177, 0.3543873131275177, 0.006248596124351025, 1.02362060546875], [-0.007296664174646139, -0.0016211860347539186, -0.9999720454216003, 1.5829410552978516], [-0.35436731576919556, -0.935097336769104, 0.004101779777556658, -0.10107421875], [0.0, 0.0, 0.0, 1.0]]], "view": [[0.0, -2.0, 100.0], [-2.0, 0.0, 100.0], [0.0, 0.0, 1.0]], "bev": "bev_9fa08d55fc6e413f8a3fffb0e32849a6.png", "aux": "aux_9fa08d55fc6e413f8a3fffb0e32849a6.npz", "visibility": "visibility_9fa08d55fc6e413f8a3fffb0e32849a6.png", "pose": [[0.84197598695755, 0.53951495885849, 0.0, 2078.54150390625], [-0.53951495885849, 0.84197598695755, 0.0, 951.6621704101562], [0.0, 0.0, 1.0, 0.0], [0.0, 0.0, 0.0, 1.0]], "pose_inverse": [[0.84197598695755, -0.53951495885849, 0.0, -1236.6461181640625], [0.53951495885849, 0.84197598695755, 0.0, -1922.6810302734375], [0.0, 0.0, 1.0, 0.0], [0.0, 0.0, 0.0, 1.0]], "cam_ids": [0, 1, 2, 3, 4, 5], "cam_channels": ["CAM_FRONT_LEFT", "CAM_FRONT", "CAM_FRONT_RIGHT", "CAM_BACK_LEFT", "CAM_BACK", "CAM_BACK_RIGHT"], "token": "9fa08d55fc6e413f8a3fffb0e32849a6", "scene": "scene-0176"}, {"images": ["samples/CAM_FRONT_LEFT/n008-2018-05-21-11-06-59-0400__CAM_FRONT_LEFT__1526915777504917.jpg", "samples/CAM_FRONT/n008-2018-05-21-11-06-59-0400__CAM_FRONT__1526915777512465.jpg", "samples/CAM_FRONT_RIGHT/n008-2018-05-21-11-06-59-0400__CAM_FRONT_RIGHT__1526915777519956.jpg", "samples/CAM_BACK_LEFT/n008-2018-05-21-11-06-59-0400__CAM_BACK_LEFT__1526915777547295.jpg", "samples/CAM_BACK/n008-2018-05-21-11-06-59-0400__CAM_BACK__1526915777537570.jpg", "samples/CAM_BACK_RIGHT/n008-2018-05-21-11-06-59-0400__CAM_BACK_RIGHT__1526915777527813.jpg"], "intrinsics": [[[1256.4720761102153, 0.0, 759.9201772536986], [0.0, 1256.472076110215, 418.2347543062189], [0.0, 0.0, 1.0]], [[1262.8093578767177, 0.0, 786.6784634591471], [0.0, 1262.8093578767177, 437.9890946201144], [0.0, 0.0, 1.0]], [[1264.1253743585607, 0.0, 761.8659236816043], [0.0, 1264.125374358561, 415.0768894058469], [0.0, 0.0, 1.0]], [[1258.2338510172276, 0.0, 742.9036438917772], [0.0, 1258.2338510172278, 422.93240569290015], [0.0, 0.0, 1.0]], [[798.1242652672415, 0.0, 679.0081140747895], [0.0, 798.1242652672414, 419.2474525237902], [0.0, 0.0, 1.0]], [[1259.4297629105833, 0.0, 752.9541347831612], [0.0, 1259.4297629105833, 429.46398926977497], [0.0, 0.0, 1.0]]], "extrinsics": [[[0.8096287250518799, -0.5869364738464355, -0.002596805337816477, -0.7746429443359375], [0.00595521368086338, 0.01263861171901226, -0.9999024271965027, 1.5001220703125], [0.5869120359420776, 0.8095342516899109, 0.013727918267250061, -1.144287109375], [0.0, 0.0, 0.0, 1.0]], [[-0.004858659580349922, -0.9999525547027588, -0.008441141806542873, -0.0272216796875], [-0.004141937009990215, 0.008461291901767254, -0.9999556541442871, 1.5119562149047852], [0.9999794960021973, -0.00482343090698123, -0.004182851407676935, -1.4454345703125], [0.0, 0.0, 0.0, 1.0]], [[-0.8111383318901062, -0.5847697854042053, -0.009949161671102047, 0.8515625], [0.0009494437836110592, 0.015694724395871162, -0.9998763799667358, 1.4960403442382812], [0.5848536491394043, -0.8110474348068237, -0.012175388634204865, -1.26214599609375], [0.0, 0.0, 0.0, 1.0]], [[0.9456790685653687, 0.3250599801540375, -0.00519600510597229, -1.1556396484375], [-0.013029954396188259, 0.021927770227193832, -0.9996746778488159, 1.5959491729736328], [-0.3248403072357178, 0.9454391002655029, 0.024972151964902878, -0.0791015625], [0.0, 0.0, 0.0, 1.0]], [[0.017865436151623726, 0.9997223019599915, 0.015366602689027786, 0.0068359375], [-0.0039363037794828415, 0.015439262613654137, -0.9998731017112732, 1.5392875671386719], [-0.9998325705528259, 0.017802644520998, 0.0042110406793653965, 0.042236328125], [0.0, 0.0, 0.0, 1.0]], [[-0.9349278807640076, 0.354604572057724, 0.012855765409767628, 1.024566650390625], [-0.008489408530294895, 0.01386637520045042, -0.9998677968978882, 1.5827770233154297], [-0.35473594069480896, -0.9349135160446167, -0.009953678585588932, -0.101318359375], [0.0, 0.0, 0.0, 1.0]]], "view": [[0.0, -2.0, 100.0], [-2.0, 0.0, 100.0], [0.0, 0.0, 1.0]], "bev": "bev_23a8aa4c1e06433a8a3a0420c15df1c7.png", "aux": "aux_23a8aa4c1e06433a8a3a0420c15df1c7.npz", "visibility": "visibility_23a8aa4c1e06433a8a3a0420c15df1c7.png", "pose": [[0.8427119255065918, 0.5383647084236145, 0.0, 2081.628662109375], [-0.5383647084236145, 0.8427119255065918, 0.0, 949.6699829101562], [0.0, 0.0, 1.0, 0.0], [0.0, 0.0, 0.0, 1.0]], "pose_inverse": [[0.8427119255065918, -0.5383647084236145, 0.0, -1242.944580078125], [0.5383647084236145, 0.8427119255065918, 0.0, -1920.9736328125], [0.0, 0.0, 1.0, 0.0], [0.0, 0.0, 0.0, 1.0]], "cam_ids": [0, 1, 2, 3, 4, 5], "cam_channels": ["CAM_FRONT_LEFT", "CAM_FRONT", "CAM_FRONT_RIGHT", "CAM_BACK_LEFT", "CAM_BACK", "CAM_BACK_RIGHT"], "token": "23a8aa4c1e06433a8a3a0420c15df1c7", "scene": "scene-0176"}, {"images": ["samples/CAM_FRONT_LEFT/n008-2018-05-21-11-06-59-0400__CAM_FRONT_LEFT__1526915778104917.jpg", "samples/CAM_FRONT/n008-2018-05-21-11-06-59-0400__CAM_FRONT__1526915778112465.jpg", "samples/CAM_FRONT_RIGHT/n008-2018-05-21-11-06-59-0400__CAM_FRONT_RIGHT__1526915778119956.jpg", "samples/CAM_BACK_LEFT/n008-2018-05-21-11-06-59-0400__CAM_BACK_LEFT__1526915778147295.jpg", "samples/CAM_BACK/n008-2018-05-21-11-06-59-0400__CAM_BACK__1526915778137570.jpg", "samples/CAM_BACK_RIGHT/n008-2018-05-21-11-06-59-0400__CAM_BACK_RIGHT__1526915778127813.jpg"], "intrinsics": [[[1256.4720761102153, 0.0, 759.9201772536986], [0.0, 1256.472076110215, 418.2347543062189], [0.0, 0.0, 1.0]], [[1262.8093578767177, 0.0, 786.6784634591471], [0.0, 1262.8093578767177, 437.9890946201144], [0.0, 0.0, 1.0]], [[1264.1253743585607, 0.0, 761.8659236816043], [0.0, 1264.125374358561, 415.0768894058469], [0.0, 0.0, 1.0]], [[1258.2338510172276, 0.0, 742.9036438917772], [0.0, 1258.2338510172278, 422.93240569290015], [0.0, 0.0, 1.0]], [[798.1242652672415, 0.0, 679.0081140747895], [0.0, 798.1242652672414, 419.2474525237902], [0.0, 0.0, 1.0]], [[1259.4297629105833, 0.0, 752.9541347831612], [0.0, 1259.4297629105833, 429.46398926977497], [0.0, 0.0, 1.0]]], "extrinsics": [[[0.8096408247947693, -0.5869231820106506, 0.0017305560177192092, -0.774566650390625], [0.004653892945498228, 0.0034714164212346077, -0.9999831318855286, 1.4997386932373047], [0.5869072079658508, 0.8096352219581604, 0.005542079918086529, -1.14453125], [0.0, 0.0, 0.0, 1.0]], [[-0.004836410749703646, -0.9999865889549255, 0.0018952294485643506, -0.02685546875], [-0.005367234814912081, -0.0018692658049985766, -0.9999839067459106, 1.5116615295410156], [0.9999739527702332, -0.004846498370170593, -0.005358121823519468, -1.4449462890625], [0.0, 0.0, 0.0, 1.0]], [[-0.8111119270324707, -0.5848862528800964, -0.0023700466845184565, 0.85107421875], [-0.0002066096058115363, 0.004338634200394154, -0.9999905228614807, 1.4958200454711914], [0.5848910212516785, -0.8111037611961365, -0.0036399613600224257, -1.26123046875], [0.0, 0.0, 0.0, 1.0]], [[0.9456082582473755, 0.3251478672027588, -0.010198323056101799, -1.1549072265625], [-0.013697197660803795, 0.008473625406622887, -0.9998703002929688, 1.5959291458129883], [-0.3250192403793335, 0.9456251859664917, 0.012466344982385635, -0.080322265625], [0.0, 0.0, 0.0, 1.0]], [[0.01772880367934704, 0.9998397827148438, 0.0024472391232848167, 0.006103515625], [-0.0048456196673214436, 0.002533514751121402, -0.9999850988388062, 1.5392175912857056], [-0.9998311400413513, 0.017716675996780396, 0.004889757372438908, 0.040771484375], [0.0, 0.0, 0.0, 1.0]], [[-0.934945821762085, 0.35466188192367554, 0.00955688115209341, 1.022430419921875], [-0.009547476656734943, 0.00177650130353868, -0.9999528527259827, 1.5826196670532227], [-0.35466209053993225, -0.9349930286407471, 0.0017251928802579641, -0.101806640625], [0.0, 0.0, 0.0, 1.0]]], "view": [[0.0, -2.0, 100.0], [-2.0, 0.0, 100.0], [0.0, 0.0, 1.0]], "bev": "bev_03d958beb9f548399af3d8be08add385.png", "aux": "aux_03d958beb9f548399af3d8be08add385.npz", "visibility": "visibility_03d958beb9f548399af3d8be08add385.png", "pose": [[0.8441248536109924, 0.5361467003822327, 0.0, 2085.221435546875], [-0.5361467003822327, 0.8441248536109924, 0.0, 947.3760375976562], [0.0, 0.0, 1.0, 0.0], [0.0, 0.0, 0.0, 1.0]], "pose_inverse": [[0.8441248536109924, -0.5361467003822327, 0.0, -1252.254638671875], [0.5361467003822327, 0.8441248536109924, 0.0, -1917.688232421875], [0.0, 0.0, 1.0, 0.0], [0.0, 0.0, 0.0, 1.0]], "cam_ids": [0, 1, 2, 3, 4, 5], "cam_channels": ["CAM_FRONT_LEFT", "CAM_FRONT", "CAM_FRONT_RIGHT", "CAM_BACK_LEFT", "CAM_BACK", "CAM_BACK_RIGHT"], "token": "03d958beb9f548399af3d8be08add385", "scene": "scene-0176"}, {"images": ["samples/CAM_FRONT_LEFT/n008-2018-05-21-11-06-59-0400__CAM_FRONT_LEFT__1526915778604917.jpg", "samples/CAM_FRONT/n008-2018-05-21-11-06-59-0400__CAM_FRONT__1526915778612465.jpg", "samples/CAM_FRONT_RIGHT/n008-2018-05-21-11-06-59-0400__CAM_FRONT_RIGHT__1526915778619956.jpg", "samples/CAM_BACK_LEFT/n008-2018-05-21-11-06-59-0400__CAM_BACK_LEFT__1526915778647295.jpg", "samples/CAM_BACK/n008-2018-05-21-11-06-59-0400__CAM_BACK__1526915778637570.jpg", "samples/CAM_BACK_RIGHT/n008-2018-05-21-11-06-59-0400__CAM_BACK_RIGHT__1526915778627813.jpg"], "intrinsics": [[[1256.4720761102153, 0.0, 759.9201772536986], [0.0, 1256.472076110215, 418.2347543062189], [0.0, 0.0, 1.0]], [[1262.8093578767177, 0.0, 786.6784634591471], [0.0, 1262.8093578767177, 437.9890946201144], [0.0, 0.0, 1.0]], [[1264.1253743585607, 0.0, 761.8659236816043], [0.0, 1264.125374358561, 415.0768894058469], [0.0, 0.0, 1.0]], [[1258.2338510172276, 0.0, 742.9036438917772], [0.0, 1258.2338510172278, 422.93240569290015], [0.0, 0.0, 1.0]], [[798.1242652672415, 0.0, 679.0081140747895], [0.0, 798.1242652672414, 419.2474525237902], [0.0, 0.0, 1.0]], [[1259.4297629105833, 0.0, 752.9541347831612], [0.0, 1259.4297629105833, 429.46398926977497], [0.0, 0.0, 1.0]]], "extrinsics": [[[0.8096261620521545, -0.586922287940979, 0.005245820619165897, -0.7815399169921875], [0.007599400822073221, 0.0015453690430149436, -0.9999699592590332, 1.5005874633789062], [0.5868964791297913, 0.8096417188644409, 0.005711427889764309, -1.145751953125], [0.0, 0.0, 0.0, 1.0]], [[-0.004824535921216011, -0.9999819397926331, 0.0035716260317713022, -0.029052734375], [-0.0022241598926484585, -0.0035609276965260506, -0.999991238117218, 1.5124444961547852], [0.9999859929084778, -0.004832430277019739, -0.0022069404367357492, -1.45068359375], [0.0, 0.0, 0.0, 1.0]], [[-0.8110976815223694, -0.5848953723907471, -0.004220495466142893, 0.85400390625], [0.0031218077056109905, 0.00288660847581923, -0.9999909996986389, 1.4964590072631836], [0.5849023461341858, -0.8111035823822021, -0.0005153908859938383, -1.2657470703125], [0.0, 0.0, 0.0, 1.0]], [[0.9457017779350281, 0.32496073842048645, -0.006968778092414141, -1.1549072265625], [-0.010053269565105438, 0.007813811302185059, -0.9999189376831055, 1.5959359407424927], [-0.32488003373146057, 0.9456952214241028, 0.010656454600393772, -0.0794677734375], [0.0, 0.0, 0.0, 1.0]], [[0.01782054826617241, 0.9998398423194885, 0.0016002306947484612, 0.007080078125], [-0.001239110017195344, 0.0016225692816078663, -0.9999979138374329, 1.539469599723816], [-0.9998403787612915, 0.01781856268644333, 0.0012678249040618539, 0.0430908203125], [0.0, 0.0, 0.0, 1.0]], [[-0.9349687695503235, 0.3546808958053589, 0.005894272122532129, 1.026702880859375], [-0.00608337577432394, 0.0005819156067445874, -0.9999812841415405, 1.5831232070922852], [-0.3546777069568634, -0.9349871873855591, 0.0016135836485773325, -0.101318359375], [0.0, 0.0, 0.0, 1.0]]], "view": [[0.0, -2.0, 100.0], [-2.0, 0.0, 100.0], [0.0, 0.0, 1.0]], "bev": "bev_79ca07ba77b74ba5931b36e92265e7b9.png", "aux": "aux_79ca07ba77b74ba5931b36e92265e7b9.npz", "visibility": "visibility_79ca07ba77b74ba5931b36e92265e7b9.png", "pose": [[0.84589022397995, 0.5333570241928101, 0.0, 2088.26611328125], [-0.5333570241928101, 0.84589022397995, 0.0, 945.4530029296875], [0.0, 0.0, 1.0, 0.0], [0.0, 0.0, 0.0, 1.0]], "pose_inverse": [[0.84589022397995, -0.5333570241928101, 0.0, -1262.179931640625], [0.5333570241928101, 0.84589022397995, 0.0, -1913.5408935546875], [0.0, 0.0, 1.0, 0.0], [0.0, 0.0, 0.0, 1.0]], "cam_ids": [0, 1, 2, 3, 4, 5], "cam_channels": ["CAM_FRONT_LEFT", "CAM_FRONT", "CAM_FRONT_RIGHT", "CAM_BACK_LEFT", "CAM_BACK", "CAM_BACK_RIGHT"], "token": "79ca07ba77b74ba5931b36e92265e7b9", "scene": "scene-0176"}, {"images": ["samples/CAM_FRONT_LEFT/n008-2018-05-21-11-06-59-0400__CAM_FRONT_LEFT__1526915779104917.jpg", "samples/CAM_FRONT/n008-2018-05-21-11-06-59-0400__CAM_FRONT__1526915779112465.jpg", "samples/CAM_FRONT_RIGHT/n008-2018-05-21-11-06-59-0400__CAM_FRONT_RIGHT__1526915779119956.jpg", "samples/CAM_BACK_LEFT/n008-2018-05-21-11-06-59-0400__CAM_BACK_LEFT__1526915779147295.jpg", "samples/CAM_BACK/n008-2018-05-21-11-06-59-0400__CAM_BACK__1526915779137570.jpg", "samples/CAM_BACK_RIGHT/n008-2018-05-21-11-06-59-0400__CAM_BACK_RIGHT__1526915779127813.jpg"], "intrinsics": [[[1256.4720761102153, 0.0, 759.9201772536986], [0.0, 1256.472076110215, 418.2347543062189], [0.0, 0.0, 1.0]], [[1262.8093578767177, 0.0, 786.6784634591471], [0.0, 1262.8093578767177, 437.9890946201144], [0.0, 0.0, 1.0]], [[1264.1253743585607, 0.0, 761.8659236816043], [0.0, 1264.125374358561, 415.0768894058469], [0.0, 0.0, 1.0]], [[1258.2338510172276, 0.0, 742.9036438917772], [0.0, 1258.2338510172278, 422.93240569290015], [0.0, 0.0, 1.0]], [[798.1242652672415, 0.0, 679.0081140747895], [0.0, 798.1242652672414, 419.2474525237902], [0.0, 0.0, 1.0]], [[1259.4297629105833, 0.0, 752.9541347831612], [0.0, 1259.4297629105833, 429.46398926977497], [0.0, 0.0, 1.0]]], "extrinsics": [[[0.8097553253173828, -0.5867432355880737, 0.005344486329704523, -0.7830581665039062], [0.00623648427426815, -0.0005016780341975391, -0.9999804496765137, 1.5001649856567383], [0.5867345333099365, 0.809772789478302, 0.0032529772724956274, -1.1494140625], [0.0, 0.0, 0.0, 1.0]], [[-0.004645572509616613, -0.9999731779098511, 0.005659138318151236, -0.0277099609375], [-0.0035220591817051172, -0.00564280292019248, -0.9999778866767883, 1.5121450424194336], [0.999983012676239, -0.004665376152843237, -0.003495750715956092, -1.453369140625], [0.0, 0.0, 0.0, 1.0]], [[-0.8110068440437317, -0.5850332379341125, -0.0020326669327914715, 0.856201171875], [0.0018893744563683867, 0.0008552804938517511, -0.9999978542327881, 1.4962213039398193], [0.5850337743759155, -0.8110088109970093, 0.00041170779149979353, -1.265625], [0.0, 0.0, 0.0, 1.0]], [[0.9456880688667297, 0.3249627351760864, -0.008568382821977139, -1.1556396484375], [-0.011119063012301922, 0.00599289545789361, -0.9999201893806458, 1.5959498882293701], [-0.32488545775413513, 0.9457078576087952, 0.009280689992010593, -0.0789794921875], [0.0, 0.0, 0.0, 1.0]], [[0.01773531176149845, 0.9998425841331482, -0.00035012129228562117, 0.0067138671875], [-0.0023805832024663687, -0.0003079480957239866, -0.9999971389770508, 1.539396047592163], [-0.9998397827148438, 0.017735999077558517, 0.0023747470695525408, 0.0439453125], [0.0, 0.0, 0.0, 1.0]], [[-0.935015082359314, 0.3545520305633545, 0.006293839775025845, 1.027374267578125], [-0.00726709421724081, -0.001413537422195077, -0.9999725818634033, 1.5829734802246094], [-0.35453346371650696, -0.9350351691246033, 0.0038982408586889505, -0.100341796875], [0.0, 0.0, 0.0, 1.0]]], "view": [[0.0, -2.0, 100.0], [-2.0, 0.0, 100.0], [0.0, 0.0, 1.0]], "bev": "bev_bbcbe099829b41bcacca082e03d10f07.png", "aux": "aux_bbcbe099829b41bcacca082e03d10f07.npz", "visibility": "visibility_bbcbe099829b41bcacca082e03d10f07.png", "pose": [[0.8471574187278748, 0.5313419699668884, 0.0, 2091.204345703125], [-0.5313419699668884, 0.8471574187278748, 0.0, 943.6026611328125], [0.0, 0.0, 1.0, 0.0], [0.0, 0.0, 0.0, 1.0]], "pose_inverse": [[0.8471574187278748, -0.5313419699668884, 0.0, -1270.20361328125], [0.5313419699668884, 0.8471574187278748, 0.0, -1910.524658203125], [0.0, 0.0, 1.0, 0.0], [0.0, 0.0, 0.0, 1.0]], "cam_ids": [0, 1, 2, 3, 4, 5], "cam_channels": ["CAM_FRONT_LEFT", "CAM_FRONT", "CAM_FRONT_RIGHT", "CAM_BACK_LEFT", "CAM_BACK", "CAM_BACK_RIGHT"], "token": "bbcbe099829b41bcacca082e03d10f07", "scene": "scene-0176"}, {"images": ["samples/CAM_FRONT_LEFT/n008-2018-05-21-11-06-59-0400__CAM_FRONT_LEFT__1526915779654917.jpg", "samples/CAM_FRONT/n008-2018-05-21-11-06-59-0400__CAM_FRONT__1526915779662465.jpg", "samples/CAM_FRONT_RIGHT/n008-2018-05-21-11-06-59-0400__CAM_FRONT_RIGHT__1526915779669956.jpg", "samples/CAM_BACK_LEFT/n008-2018-05-21-11-06-59-0400__CAM_BACK_LEFT__1526915779697295.jpg", "samples/CAM_BACK/n008-2018-05-21-11-06-59-0400__CAM_BACK__1526915779687570.jpg", "samples/CAM_BACK_RIGHT/n008-2018-05-21-11-06-59-0400__CAM_BACK_RIGHT__1526915779677813.jpg"], "intrinsics": [[[1256.4720761102153, 0.0, 759.9201772536986], [0.0, 1256.472076110215, 418.2347543062189], [0.0, 0.0, 1.0]], [[1262.8093578767177, 0.0, 786.6784634591471], [0.0, 1262.8093578767177, 437.9890946201144], [0.0, 0.0, 1.0]], [[1264.1253743585607, 0.0, 761.8659236816043], [0.0, 1264.125374358561, 415.0768894058469], [0.0, 0.0, 1.0]], [[1258.2338510172276, 0.0, 742.9036438917772], [0.0, 1258.2338510172278, 422.93240569290015], [0.0, 0.0, 1.0]], [[798.1242652672415, 0.0, 679.0081140747895], [0.0, 798.1242652672414, 419.2474525237902], [0.0, 0.0, 1.0]], [[1259.4297629105833, 0.0, 752.9541347831612], [0.0, 1259.4297629105833, 429.46398926977497], [0.0, 0.0, 1.0]]], "extrinsics": [[[0.809731125831604, -0.5867960453033447, 0.0024289023131132126, -0.7861251831054688], [0.0030163126066327095, 2.302136090293061e-05, -0.9999954700469971, 1.4992146492004395], [0.5867933034896851, 0.8097347021102905, 0.0017886003479361534, -1.151611328125], [0.0, 0.0, 0.0, 1.0]], [[-0.004706692416220903, -0.999975860118866, 0.005114452447742224, -0.028076171875], [-0.0068809171207249165, -0.005082001909613609, -0.9999634027481079, 1.5113563537597656], [0.999965250492096, -0.00474169896915555, -0.006856832653284073, -1.455810546875], [0.0, 0.0, 0.0, 1.0]], [[-0.8110628724098206, -0.5849588513374329, 0.0004951690207235515, 0.857177734375], [-0.001612234627828002, 0.0013889139518141747, -0.9999977350234985, 1.4955739974975586], [0.5849567651748657, -0.8110617399215698, -0.002069587353616953, -1.266845703125], [0.0, 0.0, 0.0, 1.0]], [[0.94563227891922, 0.3250105082988739, -0.012160008773207664, -1.154296875], [-0.0150807099416852, 0.006468815263360739, -0.9998653531074524, 1.595937728881836], [-0.32488811016082764, 0.9456883072853088, 0.011018509976565838, -0.0794677734375], [0.0, 0.0, 0.0, 1.0]], [[0.017760150134563446, 0.9998422265052795, 9.721863170852885e-05, 0.0069580078125], [-0.006160261109471321, 0.00020665631745941937, -0.9999810457229614, 1.539151668548584], [-0.999823272228241, 0.01775919646024704, 0.0061629582196474075, 0.043701171875], [0.0, 0.0, 0.0, 1.0]], [[-0.9349572658538818, 0.3546232283115387, 0.009865283966064453, 1.0284423828125], [-0.0108897490426898, -0.0008932113414630294, -0.9999403357505798, 1.5824995040893555], [-0.35459327697753906, -0.9350088834762573, 0.0046968720853328705, -0.100341796875], [0.0, 0.0, 0.0, 1.0]]], "view": [[0.0, -2.0, 100.0], [-2.0, 0.0, 100.0], [0.0, 0.0, 1.0]], "bev": "bev_9d84ae52d19f48d1b54f0c9b97d86254.png", "aux": "aux_9d84ae52d19f48d1b54f0c9b97d86254.npz", "visibility": "visibility_9d84ae52d19f48d1b54f0c9b97d86254.png", "pose": [[0.8488286137580872, 0.5286681056022644, 0.0, 2094.384521484375], [-0.5286681056022644, 0.8488286137580872, 0.0, 941.6116333007812], [0.0, 0.0, 1.0, 0.0], [0.0, 0.0, 0.0, 1.0]], "pose_inverse": [[0.8488286137580872, -0.5286681056022644, 0.0, -1279.973388671875], [0.5286681056022644, 0.8488286137580872, 0.0, -1906.501220703125], [0.0, 0.0, 1.0, 0.0], [0.0, 0.0, 0.0, 1.0]], "cam_ids": [0, 1, 2, 3, 4, 5], "cam_channels": ["CAM_FRONT_LEFT", "CAM_FRONT", "CAM_FRONT_RIGHT", "CAM_BACK_LEFT", "CAM_BACK", "CAM_BACK_RIGHT"], "token": "9d84ae52d19f48d1b54f0c9b97d86254", "scene": "scene-0176"}, {"images": ["samples/CAM_FRONT_LEFT/n008-2018-05-21-11-06-59-0400__CAM_FRONT_LEFT__1526915780154917.jpg", "samples/CAM_FRONT/n008-2018-05-21-11-06-59-0400__CAM_FRONT__1526915780162465.jpg", "samples/CAM_FRONT_RIGHT/n008-2018-05-21-11-06-59-0400__CAM_FRONT_RIGHT__1526915780169956.jpg", "samples/CAM_BACK_LEFT/n008-2018-05-21-11-06-59-0400__CAM_BACK_LEFT__1526915780197295.jpg", "samples/CAM_BACK/n008-2018-05-21-11-06-59-0400__CAM_BACK__1526915780187570.jpg", "samples/CAM_BACK_RIGHT/n008-2018-05-21-11-06-59-0400__CAM_BACK_RIGHT__1526915780177813.jpg"], "intrinsics": [[[1256.4720761102153, 0.0, 759.9201772536986], [0.0, 1256.472076110215, 418.2347543062189], [0.0, 0.0, 1.0]], [[1262.8093578767177, 0.0, 786.6784634591471], [0.0, 1262.8093578767177, 437.9890946201144], [0.0, 0.0, 1.0]], [[1264.1253743585607, 0.0, 761.8659236816043], [0.0, 1264.125374358561, 415.0768894058469], [0.0, 0.0, 1.0]], [[1258.2338510172276, 0.0, 742.9036438917772], [0.0, 1258.2338510172278, 422.93240569290015], [0.0, 0.0, 1.0]], [[798.1242652672415, 0.0, 679.0081140747895], [0.0, 798.1242652672414, 419.2474525237902], [0.0, 0.0, 1.0]], [[1259.4297629105833, 0.0, 752.9541347831612], [0.0, 1259.4297629105833, 429.46398926977497], [0.0, 0.0, 1.0]]], "extrinsics": [[[0.8099101185798645, -0.5865486860275269, -0.002502031624317169, -0.7801971435546875], [-0.0014468715526163578, 0.002267824485898018, -0.9999964237213135, 1.4979162216186523], [0.5865522623062134, 0.8099108338356018, 0.000988075160421431, -1.14794921875], [0.0, 0.0, 0.0, 1.0]], [[-0.004340530838817358, -0.9999865889549255, 0.0028171257581561804, -0.0269775390625], [-0.0112117575481534, -0.00276831048540771, -0.9999333024024963, 1.5102462768554688], [0.9999277591705322, -0.004371901974081993, -0.011199591681361198, -1.447509765625], [0.0, 0.0, 0.0, 1.0]], [[-0.8108430504798889, -0.5852583646774292, 0.002503630006685853, 0.8505859375], [-0.005817514378577471, 0.003782126819714904, -0.999975860118866, 1.494733452796936], [0.5852347612380981, -0.8108381032943726, -0.006471460685133934, -1.260986328125], [0.0, 0.0, 0.0, 1.0]], [[0.94557124376297, 0.3250727355480194, -0.014923378825187683, -1.15185546875], [-0.018873581662774086, 0.009001687169075012, -0.9997813701629639, 1.5958881378173828], [-0.3248673379421234, 0.9456462264060974, 0.014647022821009159, -0.0804443359375], [0.0, 0.0, 0.0, 1.0]], [[0.017618797719478607, 0.9998416304588318, 0.0025268213357776403, 0.006591796875], [-0.010075883008539677, 0.0027046387549489737, -0.9999455809593201, 1.5388455390930176], [-0.9997940063476562, 0.017592404037714005, 0.010121938772499561, 0.038818359375], [0.0, 0.0, 0.0, 1.0]], [[-0.9350021481513977, 0.3543434143066406, 0.01454869657754898, 1.02154541015625], [-0.01496898103505373, 0.0015550449024885893, -0.9998867511749268, 1.5818538665771484], [-0.35432595014572144, -0.9351140856742859, 0.0038501895032823086, -0.102294921875], [0.0, 0.0, 0.0, 1.0]]], "view": [[0.0, -2.0, 100.0], [-2.0, 0.0, 100.0], [0.0, 0.0, 1.0]], "bev": "bev_5d35973949044143b753fe803ee69146.png", "aux": "aux_5d35973949044143b753fe803ee69146.npz", "visibility": "visibility_5d35973949044143b753fe803ee69146.png", "pose": [[0.8502721786499023, 0.5263432860374451, 0.0, 2097.239013671875], [-0.5263432860374451, 0.8502721786499023, 0.0, 939.830078125], [0.0, 0.0, 1.0, 0.0], [0.0, 0.0, 0.0, 1.0]], "pose_inverse": [[0.8502721786499023, -0.5263432860374451, 0.0, -1288.55078125], [0.5263432860374451, 0.8502721786499023, 0.0, -1902.97900390625], [0.0, 0.0, 1.0, 0.0], [0.0, 0.0, 0.0, 1.0]], "cam_ids": [0, 1, 2, 3, 4, 5], "cam_channels": ["CAM_FRONT_LEFT", "CAM_FRONT", "CAM_FRONT_RIGHT", "CAM_BACK_LEFT", "CAM_BACK", "CAM_BACK_RIGHT"], "token": "5d35973949044143b753fe803ee69146", "scene": "scene-0176"}, {"images": ["samples/CAM_FRONT_LEFT/n008-2018-05-21-11-06-59-0400__CAM_FRONT_LEFT__1526915780654947.jpg", "samples/CAM_FRONT/n008-2018-05-21-11-06-59-0400__CAM_FRONT__1526915780662465.jpg", "samples/CAM_FRONT_RIGHT/n008-2018-05-21-11-06-59-0400__CAM_FRONT_RIGHT__1526915780669956.jpg", "samples/CAM_BACK_LEFT/n008-2018-05-21-11-06-59-0400__CAM_BACK_LEFT__1526915780697295.jpg", "samples/CAM_BACK/n008-2018-05-21-11-06-59-0400__CAM_BACK__1526915780687570.jpg", "samples/CAM_BACK_RIGHT/n008-2018-05-21-11-06-59-0400__CAM_BACK_RIGHT__1526915780677813.jpg"], "intrinsics": [[[1256.4720761102153, 0.0, 759.9201772536986], [0.0, 1256.472076110215, 418.2347543062189], [0.0, 0.0, 1.0]], [[1262.8093578767177, 0.0, 786.6784634591471], [0.0, 1262.8093578767177, 437.9890946201144], [0.0, 0.0, 1.0]], [[1264.1253743585607, 0.0, 761.8659236816043], [0.0, 1264.125374358561, 415.0768894058469], [0.0, 0.0, 1.0]], [[1258.2338510172276, 0.0, 742.9036438917772], [0.0, 1258.2338510172278, 422.93240569290015], [0.0, 0.0, 1.0]], [[798.1242652672415, 0.0, 679.0081140747895], [0.0, 798.1242652672414, 419.2474525237902], [0.0, 0.0, 1.0]], [[1259.4297629105833, 0.0, 752.9541347831612], [0.0, 1259.4297629105833, 429.46398926977497], [0.0, 0.0, 1.0]]], "extrinsics": [[[0.8095138669013977, -0.5870400667190552, -0.00843693409115076, -0.8050422668457031], [-0.009426682256162167, 0.0013721758732572198, -0.9999546408653259, 1.4958610534667969], [0.5870251059532166, 0.8095566630363464, -0.004423045553267002, -1.1650390625], [0.0, 0.0, 0.0, 1.0]], [[-0.004871974233537912, -0.9999832510948181, 0.0031072518322616816, -0.027587890625], [-0.018722137436270714, -0.0030155295971781015, -0.9998202323913574, 1.5089168548583984], [0.9998128414154053, -0.004929273389279842, -0.01870712824165821, -1.474853515625], [0.0, 0.0, 0.0, 1.0]], [[-0.8110904693603516, -0.5848661661148071, 0.007992817088961601, 0.869384765625], [-0.01285317912697792, 0.004159931559115648, -0.9999086856842041, 1.4936800003051758], [0.5847795009613037, -0.8111191987991333, -0.010891471058130264, -1.27545166015625], [0.0, 0.0, 0.0, 1.0]], [[0.9455000162124634, 0.32507312297821045, -0.018898023292422295, -1.154052734375], [-0.02407675050199032, 0.011915364302694798, -0.999639093875885, 1.5959405899047852], [-0.32473066449165344, 0.9456138014793396, 0.019092682749032974, -0.0794677734375], [0.0, 0.0, 0.0, 1.0]], [[0.01777985692024231, 0.9998322129249573, 0.0044041965156793594, 0.0067138671875], [-0.016002889722585678, 0.004688900895416737, -0.999860942363739, 1.53857421875], [-0.9997137188911438, 0.01770694926381111, 0.016083572059869766, 0.0479736328125], [0.0, 0.0, 0.0, 1.0]], [[-0.9347678422927856, 0.35463422536849976, 0.021061288192868233, 1.03778076171875], [-0.021525636315345764, 0.0026361369527876377, -0.9997648000717163, 1.5813159942626953], [-0.35460641980171204, -0.9350013732910156, 0.005169551819562912, -0.096435546875], [0.0, 0.0, 0.0, 1.0]]], "view": [[0.0, -2.0, 100.0], [-2.0, 0.0, 100.0], [0.0, 0.0, 1.0]], "bev": "bev_fd2e702264bc4f58b9ab105dff09128e.png", "aux": "aux_fd2e702264bc4f58b9ab105dff09128e.npz", "visibility": "visibility_fd2e702264bc4f58b9ab105dff09128e.png", "pose": [[0.8518043756484985, 0.523859977722168, 0.0, 2099.977294921875], [-0.523859977722168, 0.8518043756484985, 0.0, 938.1326293945312], [0.0, 0.0, 1.0, 0.0], [0.0, 0.0, 0.0, 1.0]], "pose_inverse": [[0.8518043756484985, -0.523859977722168, 0.0, -1297.3197021484375], [0.523859977722168, 0.8518043756484985, 0.0, -1899.1995849609375], [0.0, 0.0, 1.0, 0.0], [0.0, 0.0, 0.0, 1.0]], "cam_ids": [0, 1, 2, 3, 4, 5], "cam_channels": ["CAM_FRONT_LEFT", "CAM_FRONT", "CAM_FRONT_RIGHT", "CAM_BACK_LEFT", "CAM_BACK", "CAM_BACK_RIGHT"], "token": "fd2e702264bc4f58b9ab105dff09128e", "scene": "scene-0176"}, {"images": ["samples/CAM_FRONT_LEFT/n008-2018-05-21-11-06-59-0400__CAM_FRONT_LEFT__1526915781154917.jpg", "samples/CAM_FRONT/n008-2018-05-21-11-06-59-0400__CAM_FRONT__1526915781162465.jpg", "samples/CAM_FRONT_RIGHT/n008-2018-05-21-11-06-59-0400__CAM_FRONT_RIGHT__1526915781169956.jpg", "samples/CAM_BACK_LEFT/n008-2018-05-21-11-06-59-0400__CAM_BACK_LEFT__1526915781197295.jpg", "samples/CAM_BACK/n008-2018-05-21-11-06-59-0400__CAM_BACK__1526915781187578.jpg", "samples/CAM_BACK_RIGHT/n008-2018-05-21-11-06-59-0400__CAM_BACK_RIGHT__1526915781177813.jpg"], "intrinsics": [[[1256.4720761102153, 0.0, 759.9201772536986], [0.0, 1256.472076110215, 418.2347543062189], [0.0, 0.0, 1.0]], [[1262.8093578767177, 0.0, 786.6784634591471], [0.0, 1262.8093578767177, 437.9890946201144], [0.0, 0.0, 1.0]], [[1264.1253743585607, 0.0, 761.8659236816043], [0.0, 1264.125374358561, 415.0768894058469], [0.0, 0.0, 1.0]], [[1258.2338510172276, 0.0, 742.9036438917772], [0.0, 1258.2338510172278, 422.93240569290015], [0.0, 0.0, 1.0]], [[798.1242652672415, 0.0, 679.0081140747895], [0.0, 798.1242652672414, 419.2474525237902], [0.0, 0.0, 1.0]], [[1259.4297629105833, 0.0, 752.9541347831612], [0.0, 1259.4297629105833, 429.46398926977497], [0.0, 0.0, 1.0]]], "extrinsics": [[[0.8097919225692749, -0.5866512656211853, -0.008796046487987041, -0.820404052734375], [-0.003088186029344797, 0.010729903355240822, -0.9999377131462097, 1.4975910186767578], [0.5867090821266174, 0.8097686171531677, 0.006877301726490259, -1.17578125], [0.0, 0.0, 0.0, 1.0]], [[-0.004545551724731922, -0.9999730587005615, -0.005778876133263111, -0.028076171875], [-0.013295949436724186, 0.005838862620294094, -0.9998945593833923, 1.5103001594543457], [0.999901294708252, -0.004468273837119341, -0.013322129845619202, -1.48974609375], [0.0, 0.0, 0.0, 1.0]], [[-0.8109608888626099, -0.5851001739501953, -0.0005623972392641008, 0.878173828125], [-0.008300162851810455, 0.012465286999940872, -0.9998878240585327, 1.4945507049560547], [0.5850415229797363, -0.8108652830123901, -0.01496528647840023, -1.28240966796875], [0.0, 0.0, 0.0, 1.0]], [[0.9455509781837463, 0.32510486245155334, -0.015493499115109444, -1.1533203125], [-0.022346533834934235, 0.017355920746922493, -0.9995995759963989, 1.595914363861084], [-0.3247058689594269, 0.9455187320709229, 0.02367587760090828, -0.079833984375], [0.0, 0.0, 0.0, 1.0]], [[0.01773684099316597, 0.9997812509536743, 0.011088736355304718, 0.0068359375], [-0.013317959383130074, 0.01132573839277029, -0.9998471736907959, 1.5388000011444092], [-0.9997539520263672, 0.01758640445768833, 0.013515926897525787, 0.0523681640625], [0.0, 0.0, 0.0, 1.0]], [[-0.9348963499069214, 0.35433945059776306, 0.020307451486587524, 1.0455322265625], [-0.017826806753873825, 0.010263994336128235, -0.9997884035110474, 1.5819127559661865], [-0.354472815990448, -0.9350605607032776, -0.0032790310215204954, -0.093994140625], [0.0, 0.0, 0.0, 1.0]]], "view": [[0.0, -2.0, 100.0], [-2.0, 0.0, 100.0], [0.0, 0.0, 1.0]], "bev": "bev_6b518b6778714ea7aa281f18b6b35f89.png", "aux": "aux_6b518b6778714ea7aa281f18b6b35f89.npz", "visibility": "visibility_6b518b6778714ea7aa281f18b6b35f89.png", "pose": [[0.8515986800193787, 0.5241943597793579, 0.0, 2102.531494140625], [-0.5241943597793579, 0.8515986800193787, 0.0, 936.5604858398438], [0.0, 0.0, 1.0, 0.0], [0.0, 0.0, 0.0, 1.0]], "pose_inverse": [[0.8515986800193787, -0.5241943597793579, 0.0, -1299.5732421875], [0.5241943597793579, 0.8515986800193787, 0.0, -1899.7088623046875], [0.0, 0.0, 1.0, 0.0], [0.0, 0.0, 0.0, 1.0]], "cam_ids": [0, 1, 2, 3, 4, 5], "cam_channels": ["CAM_FRONT_LEFT", "CAM_FRONT", "CAM_FRONT_RIGHT", "CAM_BACK_LEFT", "CAM_BACK", "CAM_BACK_RIGHT"], "token": "6b518b6778714ea7aa281f18b6b35f89", "scene": "scene-0176"}, {"images": ["samples/CAM_FRONT_LEFT/n008-2018-05-21-11-06-59-0400__CAM_FRONT_LEFT__1526915781654917.jpg", "samples/CAM_FRONT/n008-2018-05-21-11-06-59-0400__CAM_FRONT__1526915781662465.jpg", "samples/CAM_FRONT_RIGHT/n008-2018-05-21-11-06-59-0400__CAM_FRONT_RIGHT__1526915781669956.jpg", "samples/CAM_BACK_LEFT/n008-2018-05-21-11-06-59-0400__CAM_BACK_LEFT__1526915781697295.jpg", "samples/CAM_BACK/n008-2018-05-21-11-06-59-0400__CAM_BACK__1526915781687570.jpg", "samples/CAM_BACK_RIGHT/n008-2018-05-21-11-06-59-0400__CAM_BACK_RIGHT__1526915781677813.jpg"], "intrinsics": [[[1256.4720761102153, 0.0, 759.9201772536986], [0.0, 1256.472076110215, 418.2347543062189], [0.0, 0.0, 1.0]], [[1262.8093578767177, 0.0, 786.6784634591471], [0.0, 1262.8093578767177, 437.9890946201144], [0.0, 0.0, 1.0]], [[1264.1253743585607, 0.0, 761.8659236816043], [0.0, 1264.125374358561, 415.0768894058469], [0.0, 0.0, 1.0]], [[1258.2338510172276, 0.0, 742.9036438917772], [0.0, 1258.2338510172278, 422.93240569290015], [0.0, 0.0, 1.0]], [[798.1242652672415, 0.0, 679.0081140747895], [0.0, 798.1242652672414, 419.2474525237902], [0.0, 0.0, 1.0]], [[1259.4297629105833, 0.0, 752.9541347831612], [0.0, 1259.4297629105833, 429.46398926977497], [0.0, 0.0, 1.0]]], "extrinsics": [[[0.8104064464569092, -0.5858412981033325, -0.005602629389613867, -0.8205795288085938], [-0.0013452648418024182, 0.007702167145907879, -0.999969482421875, 1.4980144500732422], [0.5858665704727173, 0.8103891611099243, 0.005453775636851788, -1.177001953125], [0.0, 0.0, 0.0, 1.0]], [[-0.0038380888290703297, -0.9999894499778748, -0.0025071778800338507, -0.0272216796875], [-0.011477519758045673, 0.0025510829873383045, -0.9999309182167053, 1.5106697082519531], [0.9999268054962158, -0.003808902110904455, -0.011487188749015331, -1.4903564453125], [0.0, 0.0, 0.0, 1.0]], [[-0.8107136487960815, -0.5854429602622986, -2.4169165044440888e-05, 0.878662109375], [-0.006451783701777458, 0.008975626900792122, -0.9999389052391052, 1.4948415756225586], [0.5854074358940125, -0.8106638789176941, -0.011053813621401787, -1.2818603515625], [0.0, 0.0, 0.0, 1.0]], [[0.945537269115448, 0.32515639066696167, -0.015248577110469341, -1.148193359375], [-0.02081829123198986, 0.013656866736710072, -0.9996899962425232, 1.5957965850830078], [-0.32484737038612366, 0.9455616474151611, 0.019682276993989944, -0.0819091796875], [0.0, 0.0, 0.0, 1.0]], [[0.017549006268382072, 0.9998188018798828, 0.007373534142971039, 0.0068359375], [-0.011576180346310139, 0.007577353157103062, -0.9999043345451355, 1.5388535261154175], [-0.9997789263725281, 0.0174619872123003, 0.011707056313753128, 0.048583984375], [0.0, 0.0, 0.0, 1.0]], [[-0.9350412487983704, 0.3541169762611389, 0.017295731231570244, 1.043701171875], [-0.015994101762771606, 0.006602338049560785, -0.9998502731323242, 1.58209228515625], [-0.3541781008243561, -0.9351778626441956, -0.0005096748936921358, -0.09423828125], [0.0, 0.0, 0.0, 1.0]]], "view": [[0.0, -2.0, 100.0], [-2.0, 0.0, 100.0], [0.0, 0.0, 1.0]], "bev": "bev_e90f6c5d32934e3f9deeb4f349b4b303.png", "aux": "aux_e90f6c5d32934e3f9deeb4f349b4b303.npz", "visibility": "visibility_e90f6c5d32934e3f9deeb4f349b4b303.png", "pose": [[0.8483612537384033, 0.5294178128242493, 0.0, 2104.91015625], [-0.5294178128242493, 0.8483612537384033, 0.0, 935.0741577148438], [0.0, 0.0, 1.0, 0.0], [0.0, 0.0, 0.0, 1.0]], "pose_inverse": [[0.8483612537384033, -0.5294178128242493, 0.0, -1290.6793212890625], [0.5294178128242493, 0.8483612537384033, 0.0, -1907.6575927734375], [0.0, 0.0, 1.0, 0.0], [0.0, 0.0, 0.0, 1.0]], "cam_ids": [0, 1, 2, 3, 4, 5], "cam_channels": ["CAM_FRONT_LEFT", "CAM_FRONT", "CAM_FRONT_RIGHT", "CAM_BACK_LEFT", "CAM_BACK", "CAM_BACK_RIGHT"], "token": "e90f6c5d32934e3f9deeb4f349b4b303", "scene": "scene-0176"}, {"images": ["samples/CAM_FRONT_LEFT/n008-2018-05-21-11-06-59-0400__CAM_FRONT_LEFT__1526915782154917.jpg", "samples/CAM_FRONT/n008-2018-05-21-11-06-59-0400__CAM_FRONT__1526915782162465.jpg", "samples/CAM_FRONT_RIGHT/n008-2018-05-21-11-06-59-0400__CAM_FRONT_RIGHT__1526915782169962.jpg", "samples/CAM_BACK_LEFT/n008-2018-05-21-11-06-59-0400__CAM_BACK_LEFT__1526915782197295.jpg", "samples/CAM_BACK/n008-2018-05-21-11-06-59-0400__CAM_BACK__1526915782187570.jpg", "samples/CAM_BACK_RIGHT/n008-2018-05-21-11-06-59-0400__CAM_BACK_RIGHT__1526915782177813.jpg"], "intrinsics": [[[1256.4720761102153, 0.0, 759.9201772536986], [0.0, 1256.472076110215, 418.2347543062189], [0.0, 0.0, 1.0]], [[1262.8093578767177, 0.0, 786.6784634591471], [0.0, 1262.8093578767177, 437.9890946201144], [0.0, 0.0, 1.0]], [[1264.1253743585607, 0.0, 761.8659236816043], [0.0, 1264.125374358561, 415.0768894058469], [0.0, 0.0, 1.0]], [[1258.2338510172276, 0.0, 742.9036438917772], [0.0, 1258.2338510172278, 422.93240569290015], [0.0, 0.0, 1.0]], [[798.1242652672415, 0.0, 679.0081140747895], [0.0, 798.1242652672414, 419.2474525237902], [0.0, 0.0, 1.0]], [[1259.4297629105833, 0.0, 752.9541347831612], [0.0, 1259.4297629105833, 429.46398926977497], [0.0, 0.0, 1.0]]], "extrinsics": [[[0.8104456067085266, -0.5857722163200378, -0.006976023782044649, -0.8332595825195312], [-0.0055986749939620495, 0.0041627646423876286, -0.9999756813049316, 1.497068166732788], [0.5857870578765869, 0.8104649782180786, 9.41467733355239e-05, -1.1865234375], [0.0, 0.0, 0.0, 1.0]], [[-0.0035671894438564777, -0.9999931454658508, 0.000987376319244504, -0.026611328125], [-0.015342053957283497, -0.0009325373684987426, -0.9998818635940552, 1.5100898742675781], [0.9998759031295776, -0.003581922734156251, -0.015338622964918613, -1.5029296875], [0.0, 0.0, 0.0, 1.0]], [[-0.8104827404022217, -0.585742712020874, 0.004814668092876673, 0.886962890625], [-0.009941952303051949, 0.005537282209843397, -0.9999352693557739, 1.4943761825561523], [0.5856781005859375, -0.8104780912399292, -0.010311298072338104, -1.28717041015625], [0.0, 0.0, 0.0, 1.0]], [[0.9454888701438904, 0.3251427114009857, -0.018250739201903343, -1.148681640625], [-0.02290060929954052, 0.010479467920958996, -0.9996828436851501, 1.5958118438720703], [-0.3248482942581177, 0.9456068277359009, 0.01735418662428856, -0.0814208984375], [0.0, 0.0, 0.0, 1.0]], [[0.017378756776452065, 0.9998408555984497, 0.004033633042126894, 0.006591796875], [-0.014173531904816628, 0.004280190449208021, 