[{"images": ["samples/CAM_FRONT_LEFT/n008-2018-05-21-11-06-59-0400__CAM_FRONT_LEFT__1526915375004917.jpg", "samples/CAM_FRONT/n008-2018-05-21-11-06-59-0400__CAM_FRONT__1526915375012465.jpg", "samples/CAM_FRONT_RIGHT/n008-2018-05-21-11-06-59-0400__CAM_FRONT_RIGHT__1526915375019963.jpg", "samples/CAM_BACK_LEFT/n008-2018-05-21-11-06-59-0400__CAM_BACK_LEFT__1526915375047652.jpg", "samples/CAM_BACK/n008-2018-05-21-11-06-59-0400__CAM_BACK__1526915375037570.jpg", "samples/CAM_BACK_RIGHT/n008-2018-05-21-11-06-59-0400__CAM_BACK_RIGHT__1526915375027813.jpg"], "intrinsics": [[[1256.4720761102153, 0.0, 759.9201772536986], [0.0, 1256.472076110215, 418.2347543062189], [0.0, 0.0, 1.0]], [[1262.8093578767177, 0.0, 786.6784634591471], [0.0, 1262.8093578767177, 437.9890946201144], [0.0, 0.0, 1.0]], [[1264.1253743585607, 0.0, 761.8659236816043], [0.0, 1264.125374358561, 415.0768894058469], [0.0, 0.0, 1.0]], [[1258.2338510172276, 0.0, 742.9036438917772], [0.0, 1258.2338510172278, 422.93240569290015], [0.0, 0.0, 1.0]], [[798.1242652672415, 0.0, 679.0081140747895], [0.0, 798.1242652672414, 419.2474525237902], [0.0, 0.0, 1.0]], [[1259.4297629105833, 0.0, 752.9541347831612], [0.0, 1259.4297629105833, 429.46398926977497], [0.0, 0.0, 1.0]]], "extrinsics": [[[0.809966504573822, -0.5848196148872375, 0.04404767230153084, -0.684814453125], [0.017907654866576195, -0.050408706068992615, -0.9985681772232056, 1.5056447982788086], [0.5862026214599609, 0.80959552526474, -0.03035661391913891, -1.075439453125], [0.0, 0.0, 0.0, 1.0]], [[-0.0042673321440815926, -0.998449444770813, 0.05550294741988182, -0.030029296875], [0.008288417011499405, -0.05553686246275902, -0.9984222650527954, 1.5157108306884766], [0.9999566078186035, -0.0038005681708455086, 0.008512558415532112, -1.350830078125], [0.0, 0.0, 0.0, 1.0]], [[-0.810732901096344, -0.585153341293335, 0.017544571310281754, 0.7890625], [0.01381736434996128, -0.049087874591350555, -0.998698890209198, 1.4995064735412598], [0.5852531790733337, -0.8094355463981628, 0.04788242653012276, -1.2193603515625], [0.0, 0.0, 0.0, 1.0]], [[0.9457261562347412, 0.32469671964645386, -0.013198953121900558, -1.150634765625], [0.0012076395796611905, -0.044127896428108215, -0.9990251660346985, 1.5959186553955078], [-0.32496264576911926, 0.9447882175445557, -0.04212501645088196, -0.0806264877319336], [0.0, 0.0, 0.0, 1.0]], [[0.017650926485657692, 0.9985861778259277, -0.05014276131987572, 0.0079345703125], [0.009833907708525658, -0.050321538001298904, -0.9986846446990967, 1.540492057800293], [-0.9997959136962891, 0.017134610563516617, -0.010708225890994072, 0.010986328125], [0.0, 0.0, 0.0, 1.0]], [[-0.9350947737693787, 0.35367077589035034, -0.022686967626214027, 0.9718017578125], [0.004792364779859781, -0.05139077082276344, -0.9986671209335327, 1.584798812866211], [-0.3543653190135956, -0.9339571595191956, 0.0463603213429451, -0.122802734375], [0.0, 0.0, 0.0, 1.0]]], "view": [[0.0, -2.0, 100.0], [-2.0, 0.0, 100.0], [0.0, 0.0, 1.0]], "bev": "bev_99aa50461c1a4adba4cf26159f72777e.png", "aux": "aux_99aa50461c1a4adba4cf26159f72777e.npz", "visibility": "visibility_99aa50461c1a4adba4cf26159f72777e.png", "pose": [[-0.9994520545005798, 0.033100392669439316, 0.0, 2100.04248046875], [-0.033100392669439316, -0.9994520545005798, 0.0, 786.2301635742188], [0.0, 0.0, 1.0, 0.0], [0.0, 0.0, 0.0, 1.0]], "pose_inverse": [[-0.9994520545005798, -0.033100392669439316, 0.0, 2124.916259765625], [0.033100392669439316, -0.9994520545005798, 0.0, 716.287109375], [0.0, 0.0, 1.0, 0.0], [0.0, 0.0, 0.0, 1.0]], "cam_ids": [0, 1, 2, 3, 4, 5], "cam_channels": ["CAM_FRONT_LEFT", "CAM_FRONT", "CAM_FRONT_RIGHT", "CAM_BACK_LEFT", "CAM_BACK", "CAM_BACK_RIGHT"], "token": "99aa50461c1a4adba4cf26159f72777e", "scene": "scene-0166"}, {"images": ["samples/CAM_FRONT_LEFT/n008-2018-05-21-11-06-59-0400__CAM_FRONT_LEFT__1526915375504917.jpg", "samples/CAM_FRONT/n008-2018-05-21-11-06-59-0400__CAM_FRONT__1526915375512465.jpg", "samples/CAM_FRONT_RIGHT/n008-2018-05-21-11-06-59-0400__CAM_FRONT_RIGHT__1526915375519956.jpg", "samples/CAM_BACK_LEFT/n008-2018-05-21-11-06-59-0400__CAM_BACK_LEFT__1526915375547295.jpg", "samples/CAM_BACK/n008-2018-05-21-11-06-59-0400__CAM_BACK__1526915375537570.jpg", "samples/CAM_BACK_RIGHT/n008-2018-05-21-11-06-59-0400__CAM_BACK_RIGHT__1526915375527813.jpg"], "intrinsics": [[[1256.4720761102153, 0.0, 759.9201772536986], [0.0, 1256.472076110215, 418.2347543062189], [0.0, 0.0, 1.0]], [[1262.8093578767177, 0.0, 786.6784634591471], [0.0, 1262.8093578767177, 437.9890946201144], [0.0, 0.0, 1.0]], [[1264.1253743585607, 0.0, 761.8659236816043], [0.0, 1264.125374358561, 415.0768894058469], [0.0, 0.0, 1.0]], [[1258.2338510172276, 0.0, 742.9036438917772], [0.0, 1258.2338510172278, 422.93240569290015], [0.0, 0.0, 1.0]], [[798.1242652672415, 0.0, 679.0081140747895], [0.0, 798.1242652672414, 419.2474525237902], [0.0, 0.0, 1.0]], [[1259.4297629105833, 0.0, 752.9541347831612], [0.0, 1259.4297629105833, 429.46398926977497], [0.0, 0.0, 1.0]]], "extrinsics": [[[0.8098549246788025, -0.5854470729827881, 0.037239495664834976, -0.693359375], [0.015056941658258438, -0.04271495342254639, -0.9989739060401917, 1.504353404045105], [0.5864369869232178, 0.8095845580101013, -0.025777868926525116, -1.082763671875], [0.0, 0.0, 0.0, 1.0]], [[-0.004471821244806051, -0.9988561272621155, 0.047607481479644775, -0.029296875], [0.005112350918352604, -0.04763016849756241, -0.998852014541626, 1.5146217346191406], [0.9999769926071167, -0.00422330480068922, 0.005319495685398579, -1.3603515625], [0.0, 0.0, 0.0, 1.0]], [[-0.8108794093132019, -0.5850057601928711, 0.01558507326990366, 0.795654296875], [0.01035604439675808, -0.040971655398607254, -0.9991065859794617, 1.4985389709472656], [0.5851216316223145, -0.80999356508255, 0.039281416684389114, -1.22320556640625], [0.0, 0.0, 0.0, 1.0]], [[0.9457666277885437, 0.32452815771102905, -0.014384395442903042, -1.151123046875], [-0.003130614524707198, -0.03517288714647293, -0.9993762969970703, 1.5958976745605469], [-0.3248317241668701, 0.9452218413352966, -0.03224937245249748, -0.08025503158569336], [0.0, 0.0, 0.0, 1.0]], [[0.017731454223394394, 0.9989784955978394, -0.0415639653801918, 0.00775146484375], [0.005806226283311844, -0.041672684252262115, -0.999114453792572, 1.540090560913086], [-0.9998259544372559, 0.017474424093961716, -0.006539213005453348, 0.01416015625], [0.0, 0.0, 0.0, 1.0]], [[-0.9350557327270508, 0.3541282117366791, -0.016250718384981155, 0.97705078125], [0.00106240704189986, -0.04304158687591553, -0.9990727305412292, 1.5841083526611328], [-0.35449931025505066, -0.9342058300971985, 0.03987004980444908, -0.1204833984375], [0.0, 0.0, 0.0, 1.0]]], "view": [[0.0, -2.0, 100.0], [-2.0, 0.0, 100.0], [0.0, 0.0, 1.0]], "bev": "bev_e981a119b19040159fe112adca805119.png", "aux": "aux_e981a119b19040159fe112adca805119.npz", "visibility": "visibility_e981a119b19040159fe112adca805119.png", "pose": [[-0.9995383620262146, 0.030381811782717705, 0.0, 2095.187744140625], [-0.030381811782717705, -0.9995383620262146, 0.0, 786.0537719726562], [0.0, 0.0, 1.0, 0.0], [0.0, 0.0, 0.0, 1.0]], "pose_inverse": [[-0.9995383620262146, -0.030381811782717705, 0.0, 2118.102294921875], [0.030381811782717705, -0.9995383620262146, 0.0, 722.0352783203125], [0.0, 0.0, 1.0, 0.0], [0.0, 0.0, 0.0, 1.0]], "cam_ids": [0, 1, 2, 3, 4, 5], "cam_channels": ["CAM_FRONT_LEFT", "CAM_FRONT", "CAM_FRONT_RIGHT", "CAM_BACK_LEFT", "CAM_BACK", "CAM_BACK_RIGHT"], "token": "e981a119b19040159fe112adca805119", "scene": "scene-0166"}, {"images": ["samples/CAM_FRONT_LEFT/n008-2018-05-21-11-06-59-0400__CAM_FRONT_LEFT__1526915376004917.jpg", "samples/CAM_FRONT/n008-2018-05-21-11-06-59-0400__CAM_FRONT__1526915376012465.jpg", "samples/CAM_FRONT_RIGHT/n008-2018-05-21-11-06-59-0400__CAM_FRONT_RIGHT__1526915376019956.jpg", "samples/CAM_BACK_LEFT/n008-2018-05-21-11-06-59-0400__CAM_BACK_LEFT__1526915376047295.jpg", "samples/CAM_BACK/n008-2018-05-21-11-06-59-0400__CAM_BACK__1526915376037570.jpg", "samples/CAM_BACK_RIGHT/n008-2018-05-21-11-06-59-0400__CAM_BACK_RIGHT__1526915376027813.jpg"], "intrinsics": [[[1256.4720761102153, 0.0, 759.9201772536986], [0.0, 1256.472076110215, 418.2347543062189], [0.0, 0.0, 1.0]], [[1262.8093578767177, 0.0, 786.6784634591471], [0.0, 1262.8093578767177, 437.9890946201144], [0.0, 0.0, 1.0]], [[1264.1253743585607, 0.0, 761.8659236816043], [0.0, 1264.125374358561, 415.0768894058469], [0.0, 0.0, 1.0]], [[1258.2338510172276, 0.0, 742.9036438917772], [0.0, 1258.2338510172278, 422.93240569290015], [0.0, 0.0, 1.0]], [[798.1242652672415, 0.0, 679.0081140747895], [0.0, 798.1242652672414, 419.2474525237902], [0.0, 0.0, 1.0]], [[1259.4297629105833, 0.0, 752.9541347831612], [0.0, 1259.4297629105833, 429.46398926977497], [0.0, 0.0, 1.0]]], "extrinsics": [[[0.8100298643112183, -0.5857225656509399, 0.027939368039369583, -0.691162109375], [0.00973525084555149, -0.0342070609331131, -0.9993674159049988, 1.5023128986358643], [0.5863077640533447, 0.8097894191741943, -0.02200658619403839, -1.084716796875], [0.0, 0.0, 0.0, 1.0]], [[-0.004257224965840578, -0.9992155432701111, 0.039372626692056656, -0.0269775390625], [6.60140358377248e-05, -0.03937326371669769, -0.9992246031761169, 1.513051986694336], [0.9999908804893494, -0.004251325968652964, 0.00023358319594990462, -1.360595703125], [0.0, 0.0, 0.0, 1.0]], [[-0.8108134269714355, -0.5851173996925354, 0.014800084754824638, 0.797119140625], [0.0055374265648424625, -0.032953448593616486, -0.9994415640830994, 1.497335433959961], [0.5852783918380737, -0.8102786540985107, 0.029959145933389664, -1.22210693359375], [0.0, 0.0, 0.0, 1.0]], [[0.945730984210968, 0.3245622217655182, -0.015881627798080444, -1.1513671875], [-0.007106266915798187, -0.028205038979649544, -0.9995769262313843, 1.5959014892578125], [-0.32487285137176514, 0.9454436898231506, -0.024367956444621086, -0.08061027526855469], [0.0, 0.0, 0.0, 1.0]], [[0.01767200045287609, 0.9992550611495972, -0.03430584818124771, 0.007080078125], [0.001511450856924057, -0.03433786705136299, -0.9994091391563416, 1.539703369140625], [-0.999842643737793, 0.01760970801115036, -0.0021171439439058304, 0.01513671875], [0.0, 0.0, 0.0, 1.0]], [[-0.9350981116294861, 0.35426872968673706, -0.009225151501595974, 0.9771728515625], [-0.0035234170500189066, -0.03532369062304497, -0.9993696808815002, 1.583303451538086], [-0.3543713092803955, -0.9344761967658997, 0.03427935019135475, -0.1190185546875], [0.0, 0.0, 0.0, 1.0]]], "view": [[0.0, -2.0, 100.0], [-2.0, 0.0, 100.0], [0.0, 0.0, 1.0]], "bev": "bev_c5c89a41f0e045b7a4b964600ad73dae.png", "aux": "aux_c5c89a41f0e045b7a4b964600ad73dae.npz", "visibility": "visibility_c5c89a41f0e045b7a4b964600ad73dae.png", "pose": [[-0.9997511506080627, 0.022306518629193306, 0.0, 2090.448486328125], [-0.022306518629193306, -0.9997511506080627, 0.0, 785.9515991210938], [0.0, 0.0, 1.0, 0.0], [0.0, 0.0, 0.0, 1.0]], "pose_inverse": [[-0.9997511506080627, -0.022306518629193306, 0.0, 2107.460205078125], [0.022306518629193306, -0.9997511506080627, 0.0, 739.1254272460938], [0.0, 0.0, 1.0, 0.0], [0.0, 0.0, 0.0, 1.0]], "cam_ids": [0, 1, 2, 3, 4, 5], "cam_channels": ["CAM_FRONT_LEFT", "CAM_FRONT", "CAM_FRONT_RIGHT", "CAM_BACK_LEFT", "CAM_BACK", "CAM_BACK_RIGHT"], "token": "c5c89a41f0e045b7a4b964600ad73dae", "scene": "scene-0166"}, {"images": ["samples/CAM_FRONT_LEFT/n008-2018-05-21-11-06-59-0400__CAM_FRONT_LEFT__1526915376504917.jpg", "samples/CAM_FRONT/n008-2018-05-21-11-06-59-0400__CAM_FRONT__1526915376512465.jpg", "samples/CAM_FRONT_RIGHT/n008-2018-05-21-11-06-59-0400__CAM_FRONT_RIGHT__1526915376519956.jpg", "samples/CAM_BACK_LEFT/n008-2018-05-21-11-06-59-0400__CAM_BACK_LEFT__1526915376547295.jpg", "samples/CAM_BACK/n008-2018-05-21-11-06-59-0400__CAM_BACK__1526915376537570.jpg", "samples/CAM_BACK_RIGHT/n008-2018-05-21-11-06-59-0400__CAM_BACK_RIGHT__1526915376527813.jpg"], "intrinsics": [[[1256.4720761102153, 0.0, 759.9201772536986], [0.0, 1256.472076110215, 418.2347543062189], [0.0, 0.0, 1.0]], [[1262.8093578767177, 0.0, 786.6784634591471], [0.0, 1262.8093578767177, 437.9890946201144], [0.0, 0.0, 1.0]], [[1264.1253743585607, 0.0, 761.8659236816043], [0.0, 1264.125374358561, 415.0768894058469], [0.0, 0.0, 1.0]], [[1258.2338510172276, 0.0, 742.9036438917772], [0.0, 1258.2338510172278, 422.93240569290015], [0.0, 0.0, 1.0]], [[798.1242652672415, 0.0, 679.0081140747895], [0.0, 798.1242652672414, 419.2474525237902], [0.0, 0.0, 1.0]], [[1259.4297629105833, 0.0, 752.9541347831612], [0.0, 1259.4297629105833, 429.46398926977497], [0.0, 0.0, 1.0]]], "extrinsics": [[[0.8095366358757019, -0.5860814452171326, 0.03404444456100464, -0.71044921875], [0.008734381757676601, -0.04596010223031044, -0.9989051222801208, 1.5016136169433594], [0.5870044827461243, 0.8089475631713867, -0.03208732604980469, -1.0943603515625], [0.0, 0.0, 0.0, 1.0]], [[-0.0049474285915493965, -0.9986812472343445, 0.05109916627407074, -0.029541015625], [-0.000975077273324132, -0.05109494552016258, -0.9986933469772339, 1.5126113891601562], [0.9999871850013733, -0.004990788176655769, -0.0007210036274045706, -1.376953125], [0.0, 0.0, 0.0, 1.0]], [[-0.8111344575881958, -0.584427535533905, 0.0224807970225811, 0.80615234375], [0.00450200354680419, -0.04467594251036644, -0.9989913702011108, 1.4969367980957031], [0.5848423838615417, -0.8102150559425354, 0.03886929154396057, -1.2310791015625], [0.0, 0.0, 0.0, 1.0]], [[0.9457261562347412, 0.324299693107605, -0.02077869512140751, -1.15234375], [-0.008243835531175137, -0.039978351444005966, -0.9991665482521057, 1.5959091186523438], [-0.3248601257801056, 0.9451091885566711, -0.03513510152697563, -0.08003807067871094], [0.0, 0.0, 0.0, 1.0]], [[0.017860041931271553, 0.9987775683403015, -0.04609016329050064, 0.00775146484375], [0.000397289521060884, -0.04610460251569748, -0.9989365339279175, 1.539571762084961], [-0.9998403191566467, 0.017822738736867905, -0.0012202351354062557, 0.02001953125], [0.0, 0.0, 0.0, 1.0]], [[-0.9349590539932251, 0.3545382618904114, -0.012411381117999554, 0.9862060546875], [-0.0045814611949026585, -0.047049883753061295, -0.9988820552825928, 1.5830917358398438], [-0.35472583770751953, -0.9338569641113281, 0.04561401903629303, -0.1170654296875], [0.0, 0.0, 0.0, 1.0]]], "view": [[0.0, -2.0, 100.0], [-2.0, 0.0, 100.0], [0.0, 0.0, 1.0]], "bev": "bev_9dcef02d24d2440790ba46f0c6f2c0fb.png", "aux": "aux_9dcef02d24d2440790ba46f0c6f2c0fb.npz", "visibility": "visibility_9dcef02d24d2440790ba46f0c6f2c0fb.png", "pose": [[-0.9997986555099487, 0.02006506733596325, 0.0, 2085.901123046875], [-0.02006506733596325, -0.9997986555099487, 0.0, 785.8648071289062], [0.0, 0.0, 1.0, 0.0], [0.0, 0.0, 0.0, 1.0]], "pose_inverse": [[-0.9997986555099487, -0.02006506733596325, 0.0, 2101.24951171875], [0.02006506733596325, -0.9997986555099487, 0.0, 743.8528442382812], [0.0, 0.0, 1.0, 0.0], [0.0, 0.0, 0.0, 1.0]], "cam_ids": [0, 1, 2, 3, 4, 5], "cam_channels": ["CAM_FRONT_LEFT", "CAM_FRONT", "CAM_FRONT_RIGHT", "CAM_BACK_LEFT", "CAM_BACK", "CAM_BACK_RIGHT"], "token": "9dcef02d24d2440790ba46f0c6f2c0fb", "scene": "scene-0166"}, {"images": ["samples/CAM_FRONT_LEFT/n008-2018-05-21-11-06-59-0400__CAM_FRONT_LEFT__1526915377004917.jpg", "samples/CAM_FRONT/n008-2018-05-21-11-06-59-0400__CAM_FRONT__1526915377012465.jpg", "samples/CAM_FRONT_RIGHT/n008-2018-05-21-11-06-59-0400__CAM_FRONT_RIGHT__1526915377019956.jpg", "samples/CAM_BACK_LEFT/n008-2018-05-21-11-06-59-0400__CAM_BACK_LEFT__1526915377047295.jpg", "samples/CAM_BACK/n008-2018-05-21-11-06-59-0400__CAM_BACK__1526915377037570.jpg", "samples/CAM_BACK_RIGHT/n008-2018-05-21-11-06-59-0400__CAM_BACK_RIGHT__1526915377027813.jpg"], "intrinsics": [[[1256.4720761102153, 0.0, 759.9201772536986], [0.0, 1256.472076110215, 418.2347543062189], [0.0, 0.0, 1.0]], [[1262.8093578767177, 0.0, 786.6784634591471], [0.0, 1262.8093578767177, 437.9890946201144], [0.0, 0.0, 1.0]], [[1264.1253743585607, 0.0, 761.8659236816043], [0.0, 1264.125374358561, 415.0768894058469], [0.0, 0.0, 1.0]], [[1258.2338510172276, 0.0, 742.9036438917772], [0.0, 1258.2338510172278, 422.93240569290015], [0.0, 0.0, 1.0]], [[798.1242652672415, 0.0, 679.0081140747895], [0.0, 798.1242652672414, 419.2474525237902], [0.0, 0.0, 1.0]], [[1259.4297629105833, 0.0, 752.9541347831612], [0.0, 1259.4297629105833, 429.46398926977497], [0.0, 0.0, 1.0]]], "extrinsics": [[[0.8095769882202148, -0.585538387298584, 0.04159142076969147, -0.716064453125], [0.018020031973719597, -0.046029381453990936, -0.9987775683403015, 1.5050849914550781], [0.5867369771003723, 0.80933678150177, -0.02671290747821331, -1.100341796875], [0.0, 0.0, 0.0, 1.0]], [[-0.004799736198037863, -0.9986874461174011, 0.050991687923669815, -0.02825927734375], [0.008129887282848358, -0.05102956295013428, -0.9986640810966492, 1.5154762268066406], [0.9999552965164185, -0.0043787662871181965, 0.008364145644009113, -1.385009765625], [0.0, 0.0, 0.0, 1.0]], [[-0.8109744191169739, -0.5848840475082397, 0.015204603783786297, 0.8125], [0.0133265545591712, -0.0444459393620491, -0.9989228844642639, 1.4990694522857666], [0.5849298238754272, -0.809898316860199, 0.04383900761604309, -1.23455810546875], [0.0, 0.0, 0.0, 1.0]], [[0.9457458853721619, 0.32464349269866943, -0.01308954507112503, -1.1533203125], [-0.0004817724693566561, -0.038885753601789474, -0.9992434978485107, 1.5959186553955078], [-0.3249068856239319, 0.9450367093086243, -0.0366196371614933, -0.07982349395751953], [0.0, 0.0, 0.0, 1.0]], [[0.01780274696648121, 0.9988216757774353, -0.04514661058783531, 0.00732421875], [0.008552465587854385, -0.04530424252152443, -0.998936653137207, 1.5402803421020508], [-0.9998049139976501, 0.01739770546555519, -0.00934892799705267, 0.0234375], [0.0, 0.0, 0.0, 1.0]], [[-0.9349974393844604, 0.3540780544281006, -0.020209943875670433, 0.9915771484375], [0.0039483546279370785, -0.04658898338675499, -0.9989063739776611, 1.5846080780029297], [-0.3546323776245117, -0.9340546727180481, 0.04216255992650986, -0.1142578125], [0.0, 0.0, 0.0, 1.0]]], "view": [[0.0, -2.0, 100.0], [-2.0, 0.0, 100.0], [0.0, 0.0, 1.0]], "bev": "bev_81822bd2784e4b8fb42f23f7e94609da.png", "aux": "aux_81822bd2784e4b8fb42f23f7e94609da.npz", "visibility": "visibility_81822bd2784e4b8fb42f23f7e94609da.png", "pose": [[-0.9996697306632996, 0.02569766901433468, 0.0, 2081.43115234375], [-0.02569766901433468, -0.9996697306632996, 0.0, 785.7525024414062], [0.0, 0.0, 1.0, 0.0], [0.0, 0.0, 0.0, 1.0]], "pose_inverse": [[-0.9996697306632996, -0.02569766901433468, 0.0, 2100.935791015625], [0.02569766901433468, -0.9996697306632996, 0.0, 732.0050659179688], [0.0, 0.0, 1.0, 0.0], [0.0, 0.0, 0.0, 1.0]], "cam_ids": [0, 1, 2, 3, 4, 5], "cam_channels": ["CAM_FRONT_LEFT", "CAM_FRONT", "CAM_FRONT_RIGHT", "CAM_BACK_LEFT", "CAM_BACK", "CAM_BACK_RIGHT"], "token": "81822bd2784e4b8fb42f23f7e94609da", "scene": "scene-0166"}, {"images": ["samples/CAM_FRONT_LEFT/n008-2018-05-21-11-06-59-0400__CAM_FRONT_LEFT__1526915377504917.jpg", "samples/CAM_FRONT/n008-2018-05-21-11-06-59-0400__CAM_FRONT__1526915377512465.jpg", "samples/CAM_FRONT_RIGHT/n008-2018-05-21-11-06-59-0400__CAM_FRONT_RIGHT__1526915377519956.jpg", "samples/CAM_BACK_LEFT/n008-2018-05-21-11-06-59-0400__CAM_BACK_LEFT__1526915377547295.jpg", "samples/CAM_BACK/n008-2018-05-21-11-06-59-0400__CAM_BACK__1526915377537570.jpg", "samples/CAM_BACK_RIGHT/n008-2018-05-21-11-06-59-0400__CAM_BACK_RIGHT__1526915377527813.jpg"], "intrinsics": [[[1256.4720761102153, 0.0, 759.9201772536986], [0.0, 1256.472076110215, 418.2347543062189], [0.0, 0.0, 1.0]], [[1262.8093578767177, 0.0, 786.6784634591471], [0.0, 1262.8093578767177, 437.9890946201144], [0.0, 0.0, 1.0]], [[1264.1253743585607, 0.0, 761.8659236816043], [0.0, 1264.125374358561, 415.0768894058469], [0.0, 0.0, 1.0]], [[1258.2338510172276, 0.0, 742.9036438917772], [0.0, 1258.2338510172278, 422.93240569290015], [0.0, 0.0, 1.0]], [[798.1242652672415, 0.0, 679.0081140747895], [0.0, 798.1242652672414, 419.2474525237902], [0.0, 0.0, 1.0]], [[1259.4297629105833, 0.0, 752.9541347831612], [0.0, 1259.4297629105833, 429.46398926977497], [0.0, 0.0, 1.0]]], "extrinsics": [[[0.811122477054596, -0.5837995409965515, 0.03547532483935356, -0.7122802734375], [0.014966241084039211, -0.03991716355085373, -0.9990909695625305, 1.5039883852005005], [0.5846848487854004, 0.8109160661697388, -0.02364042028784752, -1.0982666015625], [0.0, 0.0, 0.0, 1.0]], [[-0.002706869039684534, -0.9989729523658752, 0.04523055627942085, -0.02777099609375], [0.008519431576132774, -0.04525211825966835, -0.9989392757415771, 1.515615463256836], [0.9999600052833557, -0.0023186595644801855, 0.008633172139525414, -1.382080078125], [0.0, 0.0, 0.0, 1.0]], [[-0.8099736571311951, -0.586394727230072, 0.009162824600934982, 0.810791015625], [0.017068179324269295, -0.03918730095028877, -0.9990860819816589, 1.5000114440917969], [0.5862178206443787, -0.8090770244598389, 0.041749369353055954, -1.2327880859375], [0.0, 0.0, 0.0, 1.0]], [[0.9455982446670532, 0.3253297507762909, 0.0020977938547730446, -1.15478515625], [0.014492417685687542, -0.035679999738931656, -0.9992581605911255, 1.5958998203277588], [-0.32501357793807983, 0.9449271559715271, -0.03845376521348953, -0.0793304443359375], [0.0, 0.0, 0.0, 1.0]], [[0.01725301891565323, 0.9990068078041077, -0.041081737726926804, 0.00714111328125], [0.019999193027615547, -0.04142443835735321, -0.9989414811134338, 1.5412654876708984], [-0.9996510744094849, 0.01641315594315529, -0.020694026723504066, 0.0234375], [0.0, 0.0, 0.0, 1.0]], [[-0.9353437423706055, 0.35282427072525024, -0.025437047705054283, 0.989990234375], [0.011333359405398369, -0.041982367634773254, -0.9990540742874146, 1.5858988761901855], [-0.3535584807395935, -0.9347472786903381, 0.03526926040649414, -0.114501953125], [0.0, 0.0, 0.0, 1.0]]], "view": [[0.0, -2.0, 100.0], [-2.0, 0.0, 100.0], [0.0, 0.0, 1.0]], "bev": "bev_58c9088a179f49bbbe94240edee5741f.png", "aux": "aux_58c9088a179f49bbbe94240edee5741f.npz", "visibility": "visibility_58c9088a179f49bbbe94240edee5741f.png", "pose": [[-0.9998641610145569, 0.016481703147292137, 0.0, 2077.0], [-0.016481703147292137, -0.9998641610145569, 0.0, 785.644287109375], [0.0, 0.0, 1.0, 0.0], [0.0, 0.0, 0.0, 1.0]], "pose_inverse": [[-0.9998641610145569, -0.016481703147292137, 0.0, 2089.666748046875], [0.016481703147292137, -0.9998641610145569, 0.0, 751.3050537109375], [0.0, 0.0, 1.0, 0.0], [0.0, 0.0, 0.0, 1.0]], "cam_ids": [0, 1, 2, 3, 4, 5], "cam_channels": ["CAM_FRONT_LEFT", "CAM_FRONT", "CAM_FRONT_RIGHT", "CAM_BACK_LEFT", "CAM_BACK", "CAM_BACK_RIGHT"], "token": "58c9088a179f49bbbe94240edee5741f", "scene": "scene-0166"}, {"images": ["samples/CAM_FRONT_LEFT/n008-2018-05-21-11-06-59-0400__CAM_FRONT_LEFT__1526915378004917.jpg", "samples/CAM_FRONT/n008-2018-05-21-11-06-59-0400__CAM_FRONT__1526915378012465.jpg", "samples/CAM_FRONT_RIGHT/n008-2018-05-21-11-06-59-0400__CAM_FRONT_RIGHT__1526915378019956.jpg", "samples/CAM_BACK_LEFT/n008-2018-05-21-11-06-59-0400__CAM_BACK_LEFT__1526915378047295.jpg", "samples/CAM_BACK/n008-2018-05-21-11-06-59-0400__CAM_BACK__1526915378037570.jpg", "samples/CAM_BACK_RIGHT/n008-2018-05-21-11-06-59-0400__CAM_BACK_RIGHT__1526915378027813.jpg"], "intrinsics": [[[1256.4720761102153, 0.0, 759.9201772536986], [0.0, 1256.472076110215, 418.2347543062189], [0.0, 0.0, 1.0]], [[1262.8093578767177, 0.0, 786.6784634591471], [0.0, 1262.8093578767177, 437.9890946201144], [0.0, 0.0, 1.0]], [[1264.1253743585607, 0.0, 761.8659236816043], [0.0, 1264.125374358561, 415.0768894058469], [0.0, 0.0, 1.0]], [[1258.2338510172276, 0.0, 742.9036438917772], [0.0, 1258.2338510172278, 422.93240569290015], [0.0, 0.0, 1.0]], [[798.1242652672415, 0.0, 679.0081140747895], [0.0, 798.1242652672414, 419.2474525237902], [0.0, 0.0, 1.0]], [[1259.4297629105833, 0.0, 752.9541347831612], [0.0, 1259.4297629105833, 429.46398926977497], [0.0, 0.0, 1.0]]], "extrinsics": [[[0.8097584843635559, -0.5865297913551331, 0.016553742811083794, -0.7137451171875], [0.0015628240071237087, -0.026055950671434402, -0.9996592998504639, 1.4989871978759766], [0.5867613554000854, 0.8095083236694336, -0.020182382315397263, -1.1015625], [0.0, 0.0, 0.0, 1.0]], [[-0.00460014259442687, -0.9994977116584778, 0.03135362267494202, -0.02618408203125], [-0.008285868912935257, -0.03131478279829025, -0.9994752407073975, 1.5104827880859375], [0.9999550580978394, -0.004857519641518593, -0.008137654513120651, -1.38232421875], [0.0, 0.0, 0.0, 1.0]], [[-0.8109738826751709, -0.5848351120948792, 0.017010927200317383, 0.81103515625], [-0.0029139535035938025, -0.025036774575710297, -0.9996823072433472, 1.4951972961425781], [0.5850751996040344, -0.8107657432556152, 0.018599987030029297, -1.23095703125], [0.0, 0.0, 0.0, 1.0]], [[0.9456617832183838, 0.32444798946380615, -0.021383723244071007, -1.1513671875], [-0.015565305948257446, -0.02051827684044838, -0.999668300151825, 1.5958900451660156], [-0.3247791826725006, 0.9456808567047119, -0.01435321755707264, -0.08049201965332031], [0.0, 0.0, 0.0, 1.0]], [[0.017752403393387794, 0.9994848370552063, -0.026735125109553337, 0.006591796875], [-0.006990169640630484, -0.02661461941897869, -0.9996213316917419, 1.5389518737792969], [-0.999817967414856, 0.01793256588280201, 0.006514096166938543, 0.0205078125], [0.0, 0.0, 0.0, 1.0]], [[-0.9349839091300964, 0.35468682646751404, 0.0014963909052312374, 0.9873046875], [-0.012034069746732712, -0.02750580571591854, -0.9995492100715637, 1.5818634033203125], [-0.35448578000068665, -0.9345805644989014, 0.029985813423991203, -0.1142578125], [0.0, 0.0, 0.0, 1.0]]], "view": [[0.0, -2.0, 100.0], [-2.0, 0.0, 100.0], [0.0, 0.0, 1.0]], "bev": "bev_44f0ffc3073148db9196c55b08efd994.png", "aux": "aux_44f0ffc3073148db9196c55b08efd994.npz", "visibility": "visibility_44f0ffc3073148db9196c55b08efd994.png", "pose": [[-0.9998509883880615, 0.01726246252655983, 0.0, 2072.578125], [-0.01726246252655983, -0.9998509883880615, 0.0, 785.5789794921875], [0.0, 0.0, 1.0, 0.0], [0.0, 0.0, 0.0, 1.0]], "pose_inverse": [[-0.9998509883880615, -0.01726246252655983, 0.0, 2085.830322265625], [0.01726246252655983, -0.9998509883880615, 0.0, 749.6841430664062], [0.0, 0.0, 1.0, 0.0], [0.0, 0.0, 0.0, 1.0]], "cam_ids": [0, 1, 2, 3, 4, 5], "cam_channels": ["CAM_FRONT_LEFT", "CAM_FRONT", "CAM_FRONT_RIGHT", "CAM_BACK_LEFT", "CAM_BACK", "CAM_BACK_RIGHT"], "token": "44f0ffc3073148db9196c55b08efd994", "scene": "scene-0166"}, {"images": ["samples/CAM_FRONT_LEFT/n008-2018-05-21-11-06-59-0400__CAM_FRONT_LEFT__1526915378504917.jpg", "samples/CAM_FRONT/n008-2018-05-21-11-06-59-0400__CAM_FRONT__1526915378512465.jpg", "samples/CAM_FRONT_RIGHT/n008-2018-05-21-11-06-59-0400__CAM_FRONT_RIGHT__1526915378519956.jpg", "samples/CAM_BACK_LEFT/n008-2018-05-21-11-06-59-0400__CAM_BACK_LEFT__1526915378547295.jpg", "samples/CAM_BACK/n008-2018-05-21-11-06-59-0400__CAM_BACK__1526915378537570.jpg", "samples/CAM_BACK_RIGHT/n008-2018-05-21-11-06-59-0400__CAM_BACK_RIGHT__1526915378527813.jpg"], "intrinsics": [[[1256.4720761102153, 0.0, 759.9201772536986], [0.0, 1256.472076110215, 418.2347543062189], [0.0, 0.0, 1.0]], [[1262.8093578767177, 0.0, 786.6784634591471], [0.0, 1262.8093578767177, 437.9890946201144], [0.0, 0.0, 1.0]], [[1264.1253743585607, 0.0, 761.8659236816043], [0.0, 1264.125374358561, 415.0768894058469], [0.0, 0.0, 1.0]], [[1258.2338510172276, 0.0, 742.9036438917772], [0.0, 1258.2338510172278, 422.93240569290015], [0.0, 0.0, 1.0]], [[798.1242652672415, 0.0, 679.0081140747895], [0.0, 798.1242652672414, 419.2474525237902], [0.0, 0.0, 1.0]], [[1259.4297629105833, 0.0, 752.9541347831612], [0.0, 1259.4297629105833, 429.46398926977497], [0.0, 0.0, 1.0]]], "extrinsics": [[[0.8099409937858582, -0.5860224366188049, 0.023942239582538605, -0.703369140625], [0.008738880977034569, -0.028759043663740158, -0.9995481967926025, 1.5017900466918945], [0.5864461660385132, 0.8097843527793884, -0.018171945586800575, -1.09375], [0.0, 0.0, 0.0, 1.0]], [[-0.00436051469296217, -0.9994176626205444, 0.03384159132838249, -0.026611328125], [-0.0010967041598632932, -0.03383711352944374, -0.9994267821311951, 1.5126838684082031], [0.9999898672103882, -0.004395129159092903, -0.0009485178161412477, -1.37158203125], [0.0, 0.0, 0.0, 1.0]], [[-0.810852587223053, -0.5851162075996399, 0.012532448396086693, 0.80322265625], [0.00427285535261035, -0.027331845834851265, -0.9996172189712524, 1.4969844818115234], [0.5852348208427429, -0.8104887008666992, 0.024662213400006294, -1.22576904296875], [0.0, 0.0, 0.0, 1.0]], [[0.9457257390022278, 0.32460203766822815, -0.015372219495475292, -1.14697265625], [-0.008637728169560432, -0.02217775397002697, -0.9997166991233826, 1.5958671569824219], [-0.32485100626945496, 0.9455906748771667, -0.018170252442359924, -0.08208084106445312], [0.0, 0.0, 0.0, 1.0]], [[0.017690204083919525, 0.9994380474090576, -0.028470827266573906, 0.00689697265625], [4.0080158214550465e-05, -0.028475992381572723, -0.9995944499969482, 1.5395698547363281], [-0.9998434782028198, 0.017681889235973358, -0.0005438042571768165, 0.014892578125], [0.0, 0.0, 0.0, 1.0]], [[-0.9350805878639221, 0.35438573360443115, -0.005914948880672455, 0.980712890625], [-0.004891418386250734, -0.029589669778943062, -0.9995501637458801, 1.5830745697021484], [-0.3544013202190399, -0.9346310496330261, 0.029402175918221474, -0.1171875], [0.0, 0.0, 0.0, 1.0]]], "view": [[0.0, -2.0, 100.0], [-2.0, 0.0, 100.0], [0.0, 0.0, 1.0]], "bev": "bev_fff90cea23294012b490f4922e4cda64.png", "aux": "aux_fff90cea23294012b490f4922e4cda64.npz", "visibility": "visibility_fff90cea23294012b490f4922e4cda64.png", "pose": [[-0.9998831748962402, 0.015284628607332706, 0.0, 2068.09521484375], [-0.015284628607332706, -0.9998831748962402, 0.0, 785.5306396484375], [0.0, 0.0, 1.0, 0.0], [0.0, 0.0, 0.0, 1.0]], "pose_inverse": [[-0.9998831748962402, -0.015284628607332706, 0.0, 2079.860107421875], [0.015284628607332706, -0.9998831748962402, 0.0, 753.8287963867188], [0.0, 0.0, 1.0, 0.0], [0.0, 0.0, 0.0, 1.0]], "cam_ids": [0, 1, 2, 3, 4, 5], "cam_channels": ["CAM_FRONT_LEFT", "CAM_FRONT", "CAM_FRONT_RIGHT", "CAM_BACK_LEFT", "CAM_BACK", "CAM_BACK_RIGHT"], "token": "fff90cea23294012b490f4922e4cda64", "scene": "scene-0166"}, {"images": ["samples/CAM_FRONT_LEFT/n008-2018-05-21-11-06-59-0400__CAM_FRONT_LEFT__1526915379004917.jpg", "samples/CAM_FRONT/n008-2018-05-21-11-06-59-0400__CAM_FRONT__1526915379012465.jpg", "samples/CAM_FRONT_RIGHT/n008-2018-05-21-11-06-59-0400__CAM_FRONT_RIGHT__1526915379019956.jpg", "samples/CAM_BACK_LEFT/n008-2018-05-21-11-06-59-0400__CAM_BACK_LEFT__1526915379047295.jpg", "samples/CAM_BACK/n008-2018-05-21-11-06-59-0400__CAM_BACK__1526915379037570.jpg", "samples/CAM_BACK_RIGHT/n008-2018-05-21-11-06-59-0400__CAM_BACK_RIGHT__1526915379027813.jpg"], "intrinsics": [[[1256.4720761102153, 0.0, 759.9201772536986], [0.0, 1256.472076110215, 418.2347543062189], [0.0, 0.0, 1.0]], [[1262.8093578767177, 0.0, 786.6784634591471], [0.0, 1262.8093578767177, 437.9890946201144], [0.0, 0.0, 1.0]], [[1264.1253743585607, 0.0, 761.8659236816043], [0.0, 1264.125374358561, 415.0768894058469], [0.0, 0.0, 1.0]], [[1258.2338510172276, 0.0, 742.9036438917772], [0.0, 1258.2338510172278, 422.93240569290015], [0.0, 0.0, 1.0]], [[798.1242652672415, 0.0, 679.0081140747895], [0.0, 798.1242652672414, 419.2474525237902], [0.0, 0.0, 1.0]], [[1259.4297629105833, 0.0, 752.9541347831612], [0.0, 1259.4297629105833, 429.46398926977497], [0.0, 0.0, 1.0]]], "extrinsics": [[[0.8095933794975281, -0.58653324842453, 0.023177968338131905, -0.7032470703125], [0.007936812937259674, -0.028544334694743156, -0.999561071395874, 1.5014803409576416], [0.586937427520752, 0.809421956539154, -0.01845409907400608, -1.093505859375], [0.0, 0.0, 0.0, 1.0]], [[-0.004900251980870962, -0.9994171261787415, 0.033783722668886185, -0.02685546875], [-0.001918179215863347, -0.03377467393875122, -0.9994276762008667, 1.5124149322509766], [0.9999861121177673, -0.00496224919334054, -0.001751556876115501, -1.37109375], [0.0, 0.0, 0.0, 1.0]], [[-0.8111404180526733, -0.5847011208534241, 0.013258329592645168, 0.802734375], [0.0034430634696036577, -0.027443192899227142, -0.9996173977851868, 1.4967737197875977], [0.584841251373291, -0.8107843995094299, 0.024273445829749107, -1.22607421875], [0.0, 0.0, 0.0, 1.0]], [[0.9457225799560547, 0.32455945014953613, -0.01642843522131443, -1.1484375], [-0.009521698579192162, -0.022857176139950752, -0.9996933937072754, 1.5958709716796875], [-0.3248354494571686, 0.9455890655517578, -0.018526192754507065, -0.08153533935546875], [0.0, 0.0, 0.0, 1.0]], [[0.017878366634249687, 0.9994206428527832, -0.028961313888430595, 0.0069580078125], [-0.0008259568712674081, -0.028951169922947884, -0.9995805025100708, 1.53948974609375], [-0.9998397827148438, 0.017894787713885307, 0.0003078785666730255, 0.015380859375], [0.0, 0.0, 0.0, 1.0]], [[-0.9349471926689148, 0.35474804043769836, -0.005242319777607918, 0.9808349609375], [-0.005732203833758831, -0.02987811155617237, -0.9995371103286743, 1.5829200744628906], [-0.3547404706478119, -0.9344843626022339, 0.02996794506907463, -0.1173095703125], [0.0, 0.0, 0.0, 1.0]]], "view": [[0.0, -2.0, 100.0], [-2.0, 0.0, 100.0], [0.0, 0.0, 1.0]], "bev": "bev_f889329e7a24437ea1c31b5c28f502f5.png", "aux": "aux_f889329e7a24437ea1c31b5c28f502f5.npz", "visibility": "visibility_f889329e7a24437ea1c31b5c28f502f5.png", "pose": [[-0.9999096393585205, 0.013441752642393112, 0.0, 2063.589599609375], [-0.013441752642393112, -0.9999096393585205, 0.0, 785.4853515625], [0.0, 0.0, 1.0, 0.0], [0.0, 0.0, 0.0, 1.0]], "pose_inverse": [[-0.9999096393585205, -0.013441752642393112, 0.0, 2073.96142578125], [0.013441752642393112, -0.9999096393585205, 0.0, 757.6761474609375], [0.0, 0.0, 1.0, 0.0], [0.0, 0.0, 0.0, 1.0]], "cam_ids": [0, 1, 2, 3, 4, 5], "cam_channels": ["CAM_FRONT_LEFT", "CAM_FRONT", "CAM_FRONT_RIGHT", "CAM_BACK_LEFT", "CAM_BACK", "CAM_BACK_RIGHT"], "token": "f889329e7a24437ea1c31b5c28f502f5", "scene": "scene-0166"}, {"images": ["samples/CAM_FRONT_LEFT/n008-2018-05-21-11-06-59-0400__CAM_FRONT_LEFT__1526915379504917.jpg", "samples/CAM_FRONT/n008-2018-05-21-11-06-59-0400__CAM_FRONT__1526915379512465.jpg", "samples/CAM_FRONT_RIGHT/n008-2018-05-21-11-06-59-0400__CAM_FRONT_RIGHT__1526915379519956.jpg", "samples/CAM_BACK_LEFT/n008-2018-05-21-11-06-59-0400__CAM_BACK_LEFT__1526915379547295.jpg", "samples/CAM_BACK/n008-2018-05-21-11-06-59-0400__CAM_BACK__1526915379537570.jpg", "samples/CAM_BACK_RIGHT/n008-2018-05-21-11-06-59-0400__CAM_BACK_RIGHT__1526915379527813.jpg"], "intrinsics": [[[1256.4720761102153, 0.0, 759.9201772536986], [0.0, 1256.472076110215, 418.2347543062189], [0.0, 0.0, 1.0]], [[1262.8093578767177, 0.0, 786.6784634591471], [0.0, 1262.8093578767177, 437.9890946201144], [0.0, 0.0, 1.0]], [[1264.1253743585607, 0.0, 761.8659236816043], [0.0, 1264.125374358561, 415.0768894058469], [0.0, 0.0, 1.0]], [[1258.2338510172276, 0.0, 742.9036438917772], [0.0, 1258.2338510172278, 422.93240569290015], [0.0, 0.0, 1.0]], [[798.1242652672415, 0.0, 679.0081140747895], [0.0, 798.1242652672414, 419.2474525237902], [0.0, 0.0, 1.0]], [[1259.4297629105833, 0.0, 752.9541347831612], [0.0, 1259.4297629105833, 429.46398926977497], [0.0, 0.0, 1.0]]], "extrinsics": [[[0.8092918395996094, -0.586843729019165, 0.025713076815009117, -0.69873046875], [0.006615055724978447, -0.0346660390496254, -0.9993770718574524, 1.500941276550293], [0.5873695611953735, 0.8089577555656433, -0.024172935634851456, -1.086669921875], [0.0, 0.0, 0.0, 1.0]], [[-0.005381422117352486, -0.9991928339004517, 0.03980648145079613, -0.02911376953125], [-0.0030185480136424303, -0.039790648967027664, -0.9992035031318665, 1.5119743347167969], [0.9999808669090271, -0.005497292149811983, -0.00280198035761714, -1.364013671875], [0.0, 0.0, 0.0, 1.0]], [[-0.8114023208618164, -0.5842247009277344, 0.017543155699968338, 0.79638671875], [0.00245452718809247, -0.03342021256685257, -0.9994383454322815, 1.4964885711669922], [0.5844829678535461, -0.8109034895896912, 0.02855123020708561, -1.22369384765625], [0.0, 0.0, 0.0, 1.0]], [[0.9457236528396606, 0.3244085907936096, -0.019126951694488525, -1.14453125], [-0.010426279157400131, -0.028537290170788765, -0.9995383024215698, 1.5958175659179688], [-0.3248046338558197, 0.9454864263534546, -0.023606015369296074, -0.08282470703125], [0.0, 0.0, 0.0, 1.0]], [[0.01805782876908779, 0.9992323517799377, -0.03476524353027344, 0.0078125], [-0.001710259122774005, -0.03473999351263046, -0.999394953250885, 1.5393791198730469], [-0.9998354315757751, 0.018106359988451004, 0.001081616384908557, 0.010009765625], [0.0, 0.0, 0.0, 1.0]], [[-0.934820830821991, 0.3550601005554199, -0.006491721607744694, 0.9754638671875], [-0.006648173090070486, -0.035774994641542435, -0.9993377327919006, 1.582672119140625], [-0.3550572395324707, -0.9341587424278259, 0.03580371290445328, -0.120849609375], [0.0, 0.0, 0.0, 1.0]]], "view": [[0.0, -2.0, 100.0], [-2.0, 0.0, 100.0], [0.0, 0.0, 1.0]], "bev": "bev_984beda889b14e88acd6319a23b208e8.png", "aux": "aux_984beda889b14e88acd6319a23b208e8.npz", "visibility": "visibility_984beda889b14e88acd6319a23b208e8.png", "pose": [[-0.9998782873153687, 0.015600699931383133, 0.0, 2059.008056640625], [-0.015600699931383133, -0.9998782873153687, 0.0, 785.4221801757812], [0.0, 0.0, 1.0, 0.0], [0.0, 0.0, 0.0, 1.0]], "pose_inverse": [[-0.9998782873153687, -0.015600699931383133, 0.0, 2071.010498046875], [0.015600699931383133, -0.9998782873153687, 0.0, 753.2046508789062], [0.0, 0.0, 1.0, 0.0], [0.0, 0.0, 0.0, 1.0]], "cam_ids": [0, 1, 2, 3, 4, 5], "cam_channels": ["CAM_FRONT_LEFT", "CAM_FRONT", "CAM_FRONT_RIGHT", "CAM_BACK_LEFT", "CAM_BACK", "CAM_BACK_RIGHT"], "token": "984beda889b14e88acd6319a23b208e8", "scene": "scene-0166"}, {"images": ["samples/CAM_FRONT_LEFT/n008-2018-05-21-11-06-59-0400__CAM_FRONT_LEFT__1526915380004917.jpg", "samples/CAM_FRONT/n008-2018-05-21-11-06-59-0400__CAM_FRONT__1526915380012465.jpg", "samples/CAM_FRONT_RIGHT/n008-2018-05-21-11-06-59-0400__CAM_FRONT_RIGHT__1526915380019956.jpg", "samples/CAM_BACK_LEFT/n008-2018-05-21-11-06-59-0400__CAM_BACK_LEFT__1526915380047295.jpg", "samples/CAM_BACK/n008-2018-05-21-11-06-59-0400__CAM_BACK__1526915380037570.jpg", "samples/CAM_BACK_RIGHT/n008-2018-05-21-11-06-59-0400__CAM_BACK_RIGHT__1526915380027813.jpg"], "intrinsics": [[[1256.4720761102153, 0.0, 759.9201772536986], [0.0, 1256.472076110215, 418.2347543062189], [0.0, 0.0, 1.0]], [[1262.8093578767177, 0.0, 786.6784634591471], [0.0, 1262.8093578767177, 437.9890946201144], [0.0, 0.0, 1.0]], [[1264.1253743585607, 0.0, 761.8659236816043], [0.0, 1264.125374358561, 415.0768894058469], [0.0, 0.0, 1.0]], [[1258.2338510172276, 0.0, 742.9036438917772], [0.0, 1258.2338510172278, 422.93240569290015], [0.0, 0.0, 1.0]], [[798.1242652672415, 0.0, 679.0081140747895], [0.0, 798.1242652672414, 419.2474525237902], [0.0, 0.0, 1.0]], [[1259.4297629105833, 0.0, 752.9541347831612], [0.0, 1259.4297629105833, 429.46398926977497], [0.0, 0.0, 1.0]]], "extrinsics": [[[0.8094505667686462, -0.5866422057151794, 0.025312162935733795, -0.7003173828125], [-0.00047411464038304985, -0.043760377913713455, -0.9990419745445251, 1.498178482055664], [0.5871878266334534, 0.808663010597229, -0.0356999933719635, -1.0894775390625], [0.0, 0.0, 0.0, 1.0]], [[-0.005207350943237543, -0.9987848401069641, 0.04900774732232094, -0.0283203125], [-0.010388696566224098, -0.04895173758268356, -0.9987471699714661, 1.5096206665039062], [0.9999324679374695, -0.005709953140467405, -0.010121162980794907, -1.367431640625], [0.0, 0.0, 0.0, 1.0]], [[-0.8113831281661987, -0.5837923288345337, 0.029050828889012337, 0.7998046875], [-0.0050988285802304745, -0.042629778385162354, -0.9990779161453247, 1.4945564270019531], [0.5844923853874207, -0.8107830882072449, 0.03161242976784706, -1.22576904296875], [0.0, 0.0, 0.0, 1.0]], [[0.9456169605255127, 0.32390695810317993, -0.02987924963235855, -1.14599609375], [-0.0185233186930418, -0.03808647394180298, -0.999102771282196, 1.5957870483398438], [-0.3247543275356293, 0.9453219771385193, -0.030015382915735245, -0.08245468139648438], [0.0, 0.0, 0.0, 1.0]], [[0.018052948638796806, 0.99885493516922, -0.04430460184812546, 0.007568359375], [-0.009615679271519184, -0.044136326760053635, -0.9989792704582214, 1.5386238098144531], [-0.9997907