[{"images": ["samples/CAM_FRONT_LEFT/n015-2018-08-02-17-28-51+0800__CAM_FRONT_LEFT__1533202418004844.jpg", "samples/CAM_FRONT/n015-2018-08-02-17-28-51+0800__CAM_FRONT__1533202418012460.jpg", "samples/CAM_FRONT_RIGHT/n015-2018-08-02-17-28-51+0800__CAM_FRONT_RIGHT__1533202418020339.jpg", "samples/CAM_BACK_LEFT/n015-2018-08-02-17-28-51+0800__CAM_BACK_LEFT__1533202418047423.jpg", "samples/CAM_BACK/n015-2018-08-02-17-28-51+0800__CAM_BACK__1533202418037525.jpg", "samples/CAM_BACK_RIGHT/n015-2018-08-02-17-28-51+0800__CAM_BACK_RIGHT__1533202418027893.jpg"], "intrinsics": [[[1272.5979470598488, 0.0, 826.6154927353808], [0.0, 1272.5979470598488, 479.75165386361925], [0.0, 0.0, 1.0]], [[1266.417203046554, 0.0, 816.2670197447984], [0.0, 1266.417203046554, 491.50706579294757], [0.0, 0.0, 1.0]], [[1260.8474446004698, 0.0, 807.968244525554], [0.0, 1260.8474446004698, 495.3344268742088], [0.0, 0.0, 1.0]], [[1256.7414812095406, 0.0, 792.1125740759628], [0.0, 1256.7414812095406, 492.7757465151356], [0.0, 0.0, 1.0]], [[809.2209905677063, 0.0, 829.2196003259838], [0.0, 809.2209905677063, 481.77842384512485], [0.0, 0.0, 1.0]], [[1259.5137405846733, 0.0, 807.2529053838625], [0.0, 1259.5137405846733, 501.19579884916527], [0.0, 0.0, 1.0]]], "extrinsics": [[[0.8161928653717041, -0.5777539610862732, -0.005435948260128498, -0.881103515625], [0.020401282235980034, 0.038220811635255814, -0.9990610480308533, 1.5102615356445312], [0.5774191617965698, 0.8153156042098999, 0.04298247769474983, -1.22283935546875], [0.0, 0.0, 0.0, 1.0]], [[-0.0006226790137588978, -0.999422013759613, -0.033988818526268005, 0.0062255859375], [0.01511966623365879, 0.03397553041577339, -0.9993083477020264, 1.5217647552490234], [0.9998854994773865, -0.001136144739575684, 0.015089769847691059, -1.60791015625], [0.0, 0.0, 0.0, 1.0]], [[-0.8352067470550537, -0.5480589866638184, -0.04539787396788597, 0.9771728515625], [0.02087094821035862, 0.050902485847473145, -0.9984855055809021, 1.5049877166748047], [0.5495398044586182, -0.8348893523216248, -0.03107558935880661, -1.2113037109375], [0.0, 0.0, 0.0, 1.0]], [[0.9474170207977295, 0.3181565999984741, 0.0343116857111454, -1.138671875], [0.0297551192343235, 0.019171928986907005, -0.9993733167648315, 1.5886611938476562], [-0.31861504912376404, 0.9478442668914795, 0.0086970254778862, -0.10479736328125], [0.0, 0.0, 0.0, 1.0]], [[0.004100017715245485, 0.999545693397522, 0.02986316755414009, 0.0025787353515625], [0.004199349787086248, 0.029845943674445152, -0.999545693397522, 1.5794583559036255], [-0.9999827742576599, 0.004223564639687538, -0.004075071774423122, -0.0252685546875], [0.0, 0.0, 0.0, 1.0]], [[-0.9331450462341309, 0.35905027389526367, -0.017979467287659645, 1.0899658203125], [0.03675967827439308, 0.04554644972085953, -0.9982856512069702, 1.5532302856445312], [-0.3576158285140991, -0.9322062730789185, -0.05570002272725105, -0.08062744140625], [0.0, 0.0, 0.0, 1.0]]], "view": [[0.0, -2.0, 100.0], [-2.0, 0.0, 100.0], [0.0, 0.0, 1.0]], "bev": "bev_d779846b17874ee28f90c27701e5f02e.png", "aux": "aux_d779846b17874ee28f90c27701e5f02e.npz", "visibility": "visibility_d779846b17874ee28f90c27701e5f02e.png", "pose": [[-0.11190016567707062, 0.9937194585800171, 0.0, 414.42401123046875], [-0.9937194585800171, -0.11190016567707062, 0.0, 1669.2535400390625], [0.0, 0.0, 1.0, 0.0], [0.0, 0.0, 0.0, 1.0]], "pose_inverse": [[-0.11190016567707062, -0.9937194585800171, 0.0, 1705.143798828125], [0.9937194585800171, -0.11190016567707062, 0.0, -225.0314483642578], [0.0, 0.0, 1.0, 0.0], [0.0, 0.0, 0.0, 1.0]], "cam_ids": [0, 1, 2, 3, 4, 5], "cam_channels": ["CAM_FRONT_LEFT", "CAM_FRONT", "CAM_FRONT_RIGHT", "CAM_BACK_LEFT", "CAM_BACK", "CAM_BACK_RIGHT"], "token": "d779846b17874ee28f90c27701e5f02e", "scene": "scene-0352"}, {"images": ["samples/CAM_FRONT_LEFT/n015-2018-08-02-17-28-51+0800__CAM_FRONT_LEFT__1533202418504844.jpg", "samples/CAM_FRONT/n015-2018-08-02-17-28-51+0800__CAM_FRONT__1533202418512460.jpg", "samples/CAM_FRONT_RIGHT/n015-2018-08-02-17-28-51+0800__CAM_FRONT_RIGHT__1533202418520339.jpg", "samples/CAM_BACK_LEFT/n015-2018-08-02-17-28-51+0800__CAM_BACK_LEFT__1533202418547423.jpg", "samples/CAM_BACK/n015-2018-08-02-17-28-51+0800__CAM_BACK__1533202418537525.jpg", "samples/CAM_BACK_RIGHT/n015-2018-08-02-17-28-51+0800__CAM_BACK_RIGHT__1533202418527893.jpg"], "intrinsics": [[[1272.5979470598488, 0.0, 826.6154927353808], [0.0, 1272.5979470598488, 479.75165386361925], [0.0, 0.0, 1.0]], [[1266.417203046554, 0.0, 816.2670197447984], [0.0, 1266.417203046554, 491.50706579294757], [0.0, 0.0, 1.0]], [[1260.8474446004698, 0.0, 807.968244525554], [0.0, 1260.8474446004698, 495.3344268742088], [0.0, 0.0, 1.0]], [[1256.7414812095406, 0.0, 792.1125740759628], [0.0, 1256.7414812095406, 492.7757465151356], [0.0, 0.0, 1.0]], [[809.2209905677063, 0.0, 829.2196003259838], [0.0, 809.2209905677063, 481.77842384512485], [0.0, 0.0, 1.0]], [[1259.5137405846733, 0.0, 807.2529053838625], [0.0, 1259.5137405846733, 501.19579884916527], [0.0, 0.0, 1.0]]], "extrinsics": [[[0.8150152564048767, -0.5794352889060974, -0.0021937242709100246, -0.856689453125], [0.021971264854073524, 0.0346868559718132, -0.999156653881073, 1.5110893249511719], [0.5790227651596069, 0.8142797350883484, 0.04100124537944794, -1.2052001953125], [0.0, 0.0, 0.0, 1.0]], [[-0.002235712017863989, -0.9995092749595642, -0.03124072775244713, 0.005950927734375], [0.016735749319195747, 0.031199036166071892, -0.9993730783462524, 1.5223236083984375], [0.9998574256896973, -0.002757146954536438, 0.016657786443829536, -1.5831298828125], [0.0, 0.0, 0.0, 1.0]], [[-0.8358330130577087, -0.5470805764198303, -0.04567234218120575, 0.96142578125], [0.022561103105545044, 0.04889364913105965, -0.9985491633415222, 1.505533218383789], [0.5485199689865112, -0.8356507420539856, -0.028524184599518776, -1.201416015625], [0.0, 0.0, 0.0, 1.0]], [[0.9472863674163818, 0.3183249235153198, 0.03630071505904198, -1.1380615234375], [0.03159546107053757, 0.01993379183113575, -0.9993019104003906, 1.5886917114257812], [-0.318826287984848, 0.9477720856666565, 0.008825390599668026, -0.1051025390625], [0.0, 0.0, 0.0, 1.0]], [[0.004438751842826605, 0.9995531439781189, 0.029560239985585213, 0.0028076171875], [0.005979807581752539, 0.029533471912145615, -0.9995458722114563, 1.579555630683899], [-0.9999722838401794, 0.004613500088453293, -0.005846044979989529, -0.0318603515625], [0.0, 0.0, 0.0, 1.0]], [[-0.932785153388977, 0.3598755896091461, -0.020032357424497604, 1.07763671875], [0.0384928435087204, 0.04420314356684685, -0.9982807040214539, 1.5538291931152344], [-0.358371376991272, -0.9319525957107544, -0.055084679275751114, -0.085662841796875], [0.0, 0.0, 0.0, 1.0]]], "view": [[0.0, -2.0, 100.0], [-2.0, 0.0, 100.0], [0.0, 0.0, 1.0]], "bev": "bev_dc90b3aa6cfb48189ed59dce23263f30.png", "aux": "aux_dc90b3aa6cfb48189ed59dce23263f30.npz", "visibility": "visibility_dc90b3aa6cfb48189ed59dce23263f30.png", "pose": [[-0.002206792589277029, 0.9999975562095642, 0.0, 414.33349609375], [-0.9999975562095642, -0.002206792589277029, 0.0, 1667.8902587890625], [0.0, 0.0, 1.0, 0.0], [0.0, 0.0, 0.0, 1.0]], "pose_inverse": [[-0.002206792589277029, -0.9999975562095642, 0.0, 1668.800537109375], [0.9999975562095642, -0.002206792589277029, 0.0, -410.65179443359375], [0.0, 0.0, 1.0, 0.0], [0.0, 0.0, 0.0, 1.0]], "cam_ids": [0, 1, 2, 3, 4, 5], "cam_channels": ["CAM_FRONT_LEFT", "CAM_FRONT", "CAM_FRONT_RIGHT", "CAM_BACK_LEFT", "CAM_BACK", "CAM_BACK_RIGHT"], "token": "dc90b3aa6cfb48189ed59dce23263f30", "scene": "scene-0352"}, {"images": ["samples/CAM_FRONT_LEFT/n015-2018-08-02-17-28-51+0800__CAM_FRONT_LEFT__1533202419004844.jpg", "samples/CAM_FRONT/n015-2018-08-02-17-28-51+0800__CAM_FRONT__1533202419012460.jpg", "samples/CAM_FRONT_RIGHT/n015-2018-08-02-17-28-51+0800__CAM_FRONT_RIGHT__1533202419020339.jpg", "samples/CAM_BACK_LEFT/n015-2018-08-02-17-28-51+0800__CAM_BACK_LEFT__1533202419047423.jpg", "samples/CAM_BACK/n015-2018-08-02-17-28-51+0800__CAM_BACK__1533202419037525.jpg", "samples/CAM_BACK_RIGHT/n015-2018-08-02-17-28-51+0800__CAM_BACK_RIGHT__1533202419027893.jpg"], "intrinsics": [[[1272.5979470598488, 0.0, 826.6154927353808], [0.0, 1272.5979470598488, 479.75165386361925], [0.0, 0.0, 1.0]], [[1266.417203046554, 0.0, 816.2670197447984], [0.0, 1266.417203046554, 491.50706579294757], [0.0, 0.0, 1.0]], [[1260.8474446004698, 0.0, 807.968244525554], [0.0, 1260.8474446004698, 495.3344268742088], [0.0, 0.0, 1.0]], [[1256.7414812095406, 0.0, 792.1125740759628], [0.0, 1256.7414812095406, 492.7757465151356], [0.0, 0.0, 1.0]], [[809.2209905677063, 0.0, 829.2196003259838], [0.0, 809.2209905677063, 481.77842384512485], [0.0, 0.0, 1.0]], [[1259.5137405846733, 0.0, 807.2529053838625], [0.0, 1259.5137405846733, 501.19579884916527], [0.0, 0.0, 1.0]]], "extrinsics": [[[0.8124902844429016, -0.5829289555549622, 0.0073035648092627525, -0.82861328125], [0.022915799170732498, 0.019416768103837967, -0.9995487928390503, 1.5119609832763672], [0.5825241208076477, 0.812291145324707, 0.029134219512343407, -1.186767578125], [0.0, 0.0, 0.0, 1.0]], [[-0.005898500792682171, -0.9998698830604553, -0.015011344105005264, 0.0069580078125], [0.01736684888601303, 0.014906913042068481, -0.9997380971908569, 1.5228462219238281], [0.9998317360877991, -0.006157648749649525, 0.017276659607887268, -1.556640625], [0.0, 0.0, 0.0, 1.0]], [[-0.8374394178390503, -0.5453148484230042, -0.03642582520842552, 0.94549560546875], [0.02294076420366764, 0.031516898423433304, -0.9992398619651794, 1.5059928894042969], [0.5460484623908997, -0.8376384973526001, -0.013883552514016628, -1.189697265625], [0.0, 0.0, 0.0, 1.0]], [[0.947472870349884, 0.31847459077835083, 0.02948087640106678, -1.1376953125], [0.031050974503159523, 0.0001466499816160649, -0.9995177984237671, 1.5887031555175781], [-0.3183252811431885, 0.9479314088821411, -0.009749999269843102, -0.105224609375], [0.0, 0.0, 0.0, 1.0]], [[0.005850888788700104, 0.9999290108680725, 0.010379274375736713, 0.00250244140625], [0.005715692415833473, 0.010345841757953167, -0.9999301433563232, 1.5795848369598389], [-0.9999665021896362, 0.005909796804189682, -0.0056547545827925205, -0.038330078125], [0.0, 0.0, 0.0, 1.0]], [[-0.931965708732605, 0.3615676760673523, -0.026621829718351364, 1.065185546875], [0.03857305645942688, 0.025875281542539597, -0.998920738697052, 1.5543403625488281], [-0.360488623380661, -0.9319867491722107, -0.03806164860725403, -0.08986663818359375], [0.0, 0.0, 0.0, 1.0]]], "view": [[0.0, -2.0, 100.0], [-2.0, 0.0, 100.0], [0.0, 0.0, 1.0]], "bev": "bev_ad08dac2e4b34fb29e4ecb66349d9f67.png", "aux": "aux_ad08dac2e4b34fb29e4ecb66349d9f67.npz", "visibility": "visibility_ad08dac2e4b34fb29e4ecb66349d9f67.png", "pose": [[0.13481192290782928, 0.9908711910247803, 0.0, 414.4237365722656], [-0.9908711910247803, 0.13481192290782928, 0.0, 1666.2122802734375], [0.0, 0.0, 1.0, 0.0], [0.0, 0.0, 0.0, 1.0]], "pose_inverse": [[0.13481192290782928, -0.9908711910247803, 0.0, 1595.132568359375], [0.9908711910247803, 0.13481192290782928, 0.0, -635.2658081054688], [0.0, 0.0, 1.0, 0.0], [0.0, 0.0, 0.0, 1.0]], "cam_ids": [0, 1, 2, 3, 4, 5], "cam_channels": ["CAM_FRONT_LEFT", "CAM_FRONT", "CAM_FRONT_RIGHT", "CAM_BACK_LEFT", "CAM_BACK", "CAM_BACK_RIGHT"], "token": "ad08dac2e4b34fb29e4ecb66349d9f67", "scene": "scene-0352"}, {"images": ["samples/CAM_FRONT_LEFT/n015-2018-08-02-17-28-51+0800__CAM_FRONT_LEFT__1533202419404844.jpg", "samples/CAM_FRONT/n015-2018-08-02-17-28-51+0800__CAM_FRONT__1533202419412460.jpg", "samples/CAM_FRONT_RIGHT/n015-2018-08-02-17-28-51+0800__CAM_FRONT_RIGHT__1533202419420694.jpg", "samples/CAM_BACK_LEFT/n015-2018-08-02-17-28-51+0800__CAM_BACK_LEFT__1533202419447423.jpg", "samples/CAM_BACK/n015-2018-08-02-17-28-51+0800__CAM_BACK__1533202419437525.jpg", "samples/CAM_BACK_RIGHT/n015-2018-08-02-17-28-51+0800__CAM_BACK_RIGHT__1533202419427893.jpg"], "intrinsics": [[[1272.5979470598488, 0.0, 826.6154927353808], [0.0, 1272.5979470598488, 479.75165386361925], [0.0, 0.0, 1.0]], [[1266.417203046554, 0.0, 816.2670197447984], [0.0, 1266.417203046554, 491.50706579294757], [0.0, 0.0, 1.0]], [[1260.8474446004698, 0.0, 807.968244525554], [0.0, 1260.8474446004698, 495.3344268742088], [0.0, 0.0, 1.0]], [[1256.7414812095406, 0.0, 792.1125740759628], [0.0, 1256.7414812095406, 492.7757465151356], [0.0, 0.0, 1.0]], [[809.2209905677063, 0.0, 829.2196003259838], [0.0, 809.2209905677063, 481.77842384512485], [0.0, 0.0, 1.0]], [[1259.5137405846733, 0.0, 807.2529053838625], [0.0, 1259.5137405846733, 501.19579884916527], [0.0, 0.0, 1.0]]], "extrinsics": [[[0.8118879199028015, -0.5837399363517761, 0.009260810911655426, -0.8023681640625], [0.029218759387731552, 0.0247856006026268, -0.999265730381012, 1.5133075714111328], [0.5830817818641663, 0.8115622997283936, 0.037179287523031235, -1.18475341796875], [0.0, 0.0, 0.0, 1.0]], [[-0.006392237730324268, -0.9997713565826416, -0.020404165610671043, 0.019775390625], [0.0234160665422678, 0.02024933323264122, -0.9995207786560059, 1.523885726928711], [0.9997053146362305, -0.006866964511573315, 0.023281270638108253, -1.535400390625], [0.0, 0.0, 0.0, 1.0]], [[-0.8373708128929138, -0.5448512434959412, -0.04412698373198509, 0.9356689453125], [0.02871658094227314, 0.03676694259047508, -0.9989112019538879, 1.5066556930541992], [0.5458804368972778, -0.8377262949943542, -0.015141298063099384, -1.1661376953125], [0.0, 0.0, 0.0, 1.0]], [[0.9469889998435974, 0.31937095522880554, 0.03484288603067398, -1.1280517578125], [0.035630226135253906, 0.0033789307344704866, -0.9993593096733093, 1.5891990661621094], [-0.3192840814590454, 0.9476237297058105, -0.008179448544979095, -0.122314453125], [0.0, 0.0, 0.0, 1.0]], [[0.0055876621045172215, 0.9998781085014343, 0.0145828016102314, -0.01007080078125], [0.010817927308380604, 0.014521734789013863, -0.9998360276222229, 1.5797889232635498], [-0.9999259114265442, 0.005744497291743755, -0.010735465213656425, -0.0557861328125], [0.0, 0.0, 0.0, 1.0]], [[-0.9317081570625305, 0.3619668483734131, -0.02999757044017315, 1.04052734375], [0.044104624539613724, 0.030772093683481216, -0.9985529184341431, 1.5552558898925781], [-0.36051997542381287, -0.9316830039024353, -0.044635023921728134, -0.084503173828125], [0.0, 0.0, 0.0, 1.0]]], "view": [[0.0, -2.0, 100.0], [-2.0, 0.0, 100.0], [0.0, 0.0, 1.0]], "bev": "bev_ef538313bd344a4bbd2c06023496e5e1.png", "aux": "aux_ef538313bd344a4bbd2c06023496e5e1.npz", "visibility": "visibility_ef538313bd344a4bbd2c06023496e5e1.png", "pose": [[0.2762146592140198, 0.9610959887504578, 0.0, 414.710693359375], [-0.9610959887504578, 0.2762146592140198, 0.0, 1664.6861572265625], [0.0, 0.0, 1.0, 0.0], [0.0, 0.0, 0.0, 1.0]], "pose_inverse": [[0.2762146592140198, -0.9610959887504578, 0.0, 1485.3740234375], [0.9610959887504578, 0.2762146592140198, 0.0, -858.3875122070312], [0.0, 0.0, 1.0, 0.0], [0.0, 0.0, 0.0, 1.0]], "cam_ids": [0, 1, 2, 3, 4, 5], "cam_channels": ["CAM_FRONT_LEFT", "CAM_FRONT", "CAM_FRONT_RIGHT", "CAM_BACK_LEFT", "CAM_BACK", "CAM_BACK_RIGHT"], "token": "ef538313bd344a4bbd2c06023496e5e1", "scene": "scene-0352"}, {"images": ["samples/CAM_FRONT_LEFT/n015-2018-08-02-17-28-51+0800__CAM_FRONT_LEFT__1533202419904844.jpg", "samples/CAM_FRONT/n015-2018-08-02-17-28-51+0800__CAM_FRONT__1533202419912460.jpg", "samples/CAM_FRONT_RIGHT/n015-2018-08-02-17-28-51+0800__CAM_FRONT_RIGHT__1533202419920339.jpg", "samples/CAM_BACK_LEFT/n015-2018-08-02-17-28-51+0800__CAM_BACK_LEFT__1533202419947423.jpg", "samples/CAM_BACK/n015-2018-08-02-17-28-51+0800__CAM_BACK__1533202419937525.jpg", "samples/CAM_BACK_RIGHT/n015-2018-08-02-17-28-51+0800__CAM_BACK_RIGHT__1533202419927893.jpg"], "intrinsics": [[[1272.5979470598488, 0.0, 826.6154927353808], [0.0, 1272.5979470598488, 479.75165386361925], [0.0, 0.0, 1.0]], [[1266.417203046554, 0.0, 816.2670197447984], [0.0, 1266.417203046554, 491.50706579294757], [0.0, 0.0, 1.0]], [[1260.8474446004698, 0.0, 807.968244525554], [0.0, 1260.8474446004698, 495.3344268742088], [0.0, 0.0, 1.0]], [[1256.7414812095406, 0.0, 792.1125740759628], [0.0, 1256.7414812095406, 492.7757465151356], [0.0, 0.0, 1.0]], [[809.2209905677063, 0.0, 829.2196003259838], [0.0, 809.2209905677063, 481.77842384512485], [0.0, 0.0, 1.0]], [[1259.5137405846733, 0.0, 807.2529053838625], [0.0, 1259.5137405846733, 501.19579884916527], [0.0, 0.0, 1.0]]], "extrinsics": [[[0.808779776096344, -0.5880247354507446, 0.010109334252774715, -0.80126953125], [0.021546846255660057, 0.012449221685528755, -0.9996903538703918, 1.5124835968017578], [0.5877167582511902, 0.8087471127510071, 0.022738756611943245, -1.1667633056640625], [0.0, 0.0, 0.0, 1.0]], [[-0.011490250006318092, -0.9998967051506042, -0.008641721680760384, 0.0067138671875], [0.016114210709929466, 0.008456007577478886, -0.999834418296814, 1.5231647491455078], [0.9998041391372681, -0.011627597734332085, 0.01601538062095642, -1.5272216796875], [0.0, 0.0, 0.0, 1.0]], [[-0.840016782283783, -0.5416004657745361, -0.032259684056043625, 0.92486572265625], [0.021912366151809692, 0.025544023141264915, -0.9994335174560547, 1.5064129829406738], [0.542117714881897, -0.8402478098869324, -0.009589659981429577, -1.1759033203125], [0.0, 0.0, 0.0, 1.0]], [[0.9480645060539246, 0.316965788602829, 0.0265772994607687, -1.13604736328125], [0.030056631192564964, -0.00609160028398037, -0.9995296001434326, 1.5887641906738281], [-0.3166548013687134, 0.9484173655509949, -0.01530215423554182, -0.1065673828125], [0.0, 0.0, 0.0, 1.0]], [[0.008608904667198658, 0.9999523162841797, 0.004625887610018253, 0.0018310546875], [0.004731892142444849, 0.004585270304232836, -0.9999783039093018, 1.579599380493164], [-0.9999517202377319, 0.008630624040961266, -0.004692192655056715, -0.050048828125], [0.0, 0.0, 0.0, 1.0]], [[-0.9306161999702454, 0.3649475574493408, -0.027689913287758827, 1.0465087890625], [0.037614528089761734, 0.020112410187721252, -0.9990898966789246, 1.5550003051757812], [-0.36405855417251587, -0.930810809135437, -0.032444264739751816, -0.09637451171875], [0.0, 0.0, 0.0, 1.0]]], "view": [[0.0, -2.0, 100.0], [-2.0, 0.0, 100.0], [0.0, 0.0, 1.0]], "bev": "bev_3c6ab51fe1254382a89c2511a99efb6d.png", "aux": "aux_3c6ab51fe1254382a89c2511a99efb6d.npz", "visibility": "visibility_3c6ab51fe1254382a89c2511a99efb6d.png", "pose": [[0.46880391240119934, 0.8833022713661194, 0.0, 415.4983825683594], [-0.8833022713661194, 0.46880391240119934, 0.0, 1662.7001953125], [0.0, 0.0, 1.0, 0.0], [0.0, 0.0, 0.0, 1.0]], "pose_inverse": [[0.46880391240119934, -0.8833022713661194, 0.0, 1273.879638671875], [0.8833022713661194, 0.46880391240119934, 0.0, -1146.490966796875], [0.0, 0.0, 1.0, 0.0], [0.0, 0.0, 0.0, 1.0]], "cam_ids": [0, 1, 2, 3, 4, 5], "cam_channels": ["CAM_FRONT_LEFT", "CAM_FRONT", "CAM_FRONT_RIGHT", "CAM_BACK_LEFT", "CAM_BACK", "CAM_BACK_RIGHT"], "token": "3c6ab51fe1254382a89c2511a99efb6d", "scene": "scene-0352"}, {"images": ["samples/CAM_FRONT_LEFT/n015-2018-08-02-17-28-51+0800__CAM_FRONT_LEFT__1533202420354844.jpg", "samples/CAM_FRONT/n015-2018-08-02-17-28-51+0800__CAM_FRONT__1533202420362460.jpg", "samples/CAM_FRONT_RIGHT/n015-2018-08-02-17-28-51+0800__CAM_FRONT_RIGHT__1533202420370339.jpg", "samples/CAM_BACK_LEFT/n015-2018-08-02-17-28-51+0800__CAM_BACK_LEFT__1533202420397423.jpg", "samples/CAM_BACK/n015-2018-08-02-17-28-51+0800__CAM_BACK__1533202420387525.jpg", "samples/CAM_BACK_RIGHT/n015-2018-08-02-17-28-51+0800__CAM_BACK_RIGHT__1533202420377893.jpg"], "intrinsics": [[[1272.5979470598488, 0.0, 826.6154927353808], [0.0, 1272.5979470598488, 479.75165386361925], [0.0, 0.0, 1.0]], [[1266.417203046554, 0.0, 816.2670197447984], [0.0, 1266.417203046554, 491.50706579294757], [0.0, 0.0, 1.0]], [[1260.8474446004698, 0.0, 807.968244525554], [0.0, 1260.8474446004698, 495.3344268742088], [0.0, 0.0, 1.0]], [[1256.7414812095406, 0.0, 792.1125740759628], [0.0, 1256.7414812095406, 492.7757465151356], [0.0, 0.0, 1.0]], [[809.2209905677063, 0.0, 829.2196003259838], [0.0, 809.2209905677063, 481.77842384512485], [0.0, 0.0, 1.0]], [[1259.5137405846733, 0.0, 807.2529053838625], [0.0, 1259.5137405846733, 501.19579884916527], [0.0, 0.0, 1.0]]], "extrinsics": [[[0.8094162940979004, -0.5871627330780029, 0.009235578589141369, -0.77587890625], [0.013066306710243225, 0.002284398302435875, -0.9999120235443115, 1.5112371444702148], [0.5870899558067322, 0.8094657063484192, 0.009521076455712318, -1.14984130859375], [0.0, 0.0, 0.0, 1.0]], [[-0.010439763776957989, -0.9999440908432007, 0.0016715603414922953, 0.0074462890625], [0.007488485425710678, -0.0017497867811471224, -0.9999704957008362, 1.5219659805297852], [0.9999174475669861, -0.010426897555589676, 0.0075063337571918964, -1.501953125], [0.0, 0.0, 0.0, 1.0]], [[-0.8396527767181396, -0.5427821278572083, -0.01925555430352688, 0.9085006713867188], [0.01312117651104927, 0.015170815400779247, -0.9997987747192383, 1.505556583404541], [0.5429650545120239, -0.8397365212440491, -0.005616277456283569, -1.164794921875], [0.0, 0.0, 0.0, 1.0]], [[0.9479141235351562, 0.3181917071342468, 0.014586234465241432, -1.13323974609375], [0.020828258246183395, -0.016223710030317307, -0.9996514320373535, 1.5887641906738281], [-0.3178441524505615, 0.9478875398635864, -0.022006062790751457, -0.1072998046875], [0.0, 0.0, 0.0, 1.0]], [[0.007526210974901915, 0.9999552369117737, -0.005728838965296745, 0.001953125], [-0.004314211662858725, -0.005696477834135294, -0.9999744892120361, 1.5791044235229492], [-0.9999623894691467, 0.0075506833381950855, 0.004271145910024643, -0.05841064453125], [0.0, 0.0, 0.0, 1.0]], [[-0.9312278628349304, 0.36369916796684265, -0.023187600076198578, 1.0328369140625], [0.02870139107108116, 0.00976244080811739, -0.999540388584137, 1.5545949935913086], [-0.36330553889274597, -0.9314653277397156, -0.01952972821891308, -0.1016845703125], [0.0, 0.0, 0.0, 1.0]]], "view": [[0.0, -2.0, 100.0], [-2.0, 0.0, 100.0], [0.0, 0.0, 1.0]], "bev": "bev_bae23109a95c459384427340b3b1d993.png", "aux": "aux_bae23109a95c459384427340b3b1d993.npz", "visibility": "visibility_bae23109a95c459384427340b3b1d993.png", "pose": [[0.6379457116127014, 0.7700813412666321, 0.0, 416.7076416015625], [-0.7700813412666321, 0.6379457116127014, 0.0, 1660.8431396484375], [0.0, 0.0, 1.0, 0.0], [0.0, 0.0, 0.0, 1.0]], "pose_inverse": [[0.6379457116127014, -0.7700813412666321, 0.0, 1013.1474609375], [0.7700813412666321, 0.6379457116127014, 0.0, -1380.426513671875], [0.0, 0.0, 1.0, 0.0], [0.0, 0.0, 0.0, 1.0]], "cam_ids": [0, 1, 2, 3, 4, 5], "cam_channels": ["CAM_FRONT_LEFT", "CAM_FRONT", "CAM_FRONT_RIGHT", "CAM_BACK_LEFT", "CAM_BACK", "CAM_BACK_RIGHT"], "token": "bae23109a95c459384427340b3b1d993", "scene": "scene-0352"}, {"images": ["samples/CAM_FRONT_LEFT/n015-2018-08-02-17-28-51+0800__CAM_FRONT_LEFT__1533202420904844.jpg", "samples/CAM_FRONT/n015-2018-08-02-17-28-51+0800__CAM_FRONT__1533202420912460.jpg", "samples/CAM_FRONT_RIGHT/n015-2018-08-02-17-28-51+0800__CAM_FRONT_RIGHT__1533202420920339.jpg", "samples/CAM_BACK_LEFT/n015-2018-08-02-17-28-51+0800__CAM_BACK_LEFT__1533202420947423.jpg", "samples/CAM_BACK/n015-2018-08-02-17-28-51+0800__CAM_BACK__1533202420937533.jpg", "samples/CAM_BACK_RIGHT/n015-2018-08-02-17-28-51+0800__CAM_BACK_RIGHT__1533202420927893.jpg"], "intrinsics": [[[1272.5979470598488, 0.0, 826.6154927353808], [0.0, 1272.5979470598488, 479.75165386361925], [0.0, 0.0, 1.0]], [[1266.417203046554, 0.0, 816.2670197447984], [0.0, 1266.417203046554, 491.50706579294757], [0.0, 0.0, 1.0]], [[1260.8474446004698, 0.0, 807.968244525554], [0.0, 1260.8474446004698, 495.3344268742088], [0.0, 0.0, 1.0]], [[1256.7414812095406, 0.0, 792.1125740759628], [0.0, 1256.7414812095406, 492.7757465151356], [0.0, 0.0, 1.0]], [[809.2209905677063, 0.0, 829.2196003259838], [0.0, 809.2209905677063, 481.77842384512485], [0.0, 0.0, 1.0]], [[1259.5137405846733, 0.0, 807.2529053838625], [0.0, 1259.5137405846733, 501.19579884916527], [0.0, 0.0, 1.0]]], "extrinsics": [[[0.8130815625190735, -0.5815569162368774, 0.02626642771065235, -0.767333984375], [0.019879287108778954, -0.01735650561749935, -0.9996517300605774, 1.513092041015625], [0.5818101763725281, 0.8133204579353333, -0.0025513209402561188, -1.14141845703125], [0.0, 0.0, 0.0, 1.0]], [[-0.005150046665221453, -0.9997581839561462, 0.021376578137278557, 0.0054931640625], [0.014586277306079865, -0.02144969068467617, -0.9996635913848877, 1.5234832763671875], [0.999880313873291, -0.0048364680260419846, 0.014693217352032661, -1.492431640625], [0.0, 0.0, 0.0, 1.0]], [[-0.8372499346733093, -0.5466229915618896, -0.014692574739456177, 0.90203857421875], [0.020411159843206406, -0.004390357062220573, -0.9997820258140564, 1.5068416595458984], [0.5464393496513367, -0.8373672962188721, 0.014833034947514534, -1.162109375], [0.0, 0.0, 0.0, 1.0]], [[0.9478477239608765, 0.31829261779785156, 0.016563955694437027, -1.1359405517578125], [0.02914220467209816, -0.03479655459523201, -0.9989694356918335, 1.5887374877929688], [-0.31738829612731934, 0.9473536014556885, -0.04225759208202362, -0.105712890625], [0.0, 0.0, 0.0, 1.0]], [[0.006153762340545654, 0.9996747374534607, -0.024748362600803375, 0.002685546875], [0.0036396929062902927, -0.024771058931946754, -0.9996865391731262, 1.57958984375], [-0.9999743700027466, 0.006061752326786518, -0.0037909457460045815, -0.0596923828125], [0.0, 0.0, 0.0, 1.0]], [[-0.9321109056472778, 0.3602481782436371, -0.03728760778903961, 1.0289306640625], [0.03627883270382881, -0.009564121253788471, -0.9992959499359131, 1.5556221008300781], [-0.36035120487213135, -0.932807445526123, -0.004154562950134277, -0.1041259765625], [0.0, 0.0, 0.0, 1.0]]], "view": [[0.0, -2.0, 100.0], [-2.0, 0.0, 100.0], [0.0, 0.0, 1.0]], "bev": "bev_2fe9e6350f804fb8bf1440050151a55c.png", "aux": "aux_2fe9e6350f804fb8bf1440050151a55c.npz", "visibility": "visibility_2fe9e6350f804fb8bf1440050151a55c.png", "pose": [[0.7759699821472168, 0.6307697892189026, 0.0, 418.76116943359375], [-0.6307697892189026, 0.7759699821472168, 0.0, 1658.7978515625], [0.0, 0.0, 1.0, 0.0], [0.0, 0.0, 0.0, 1.0]], "pose_inverse": [[0.7759699821472168, -0.6307697892189026, 0.0, 721.37353515625], [0.6307697892189026, 0.7759699821472168, 0.0, -1551.3192138671875], [0.0, 0.0, 1.0, 0.0], [0.0, 0.0, 0.0, 1.0]], "cam_ids": [0, 1, 2, 3, 4, 5], "cam_channels": ["CAM_FRONT_LEFT", "CAM_FRONT", "CAM_FRONT_RIGHT", "CAM_BACK_LEFT", "CAM_BACK", "CAM_BACK_RIGHT"], "token": "2fe9e6350f804fb8bf1440050151a55c", "scene": "scene-0352"}, {"images": ["samples/CAM_FRONT_LEFT/n015-2018-08-02-17-28-51+0800__CAM_FRONT_LEFT__1533202421404844.jpg", "samples/CAM_FRONT/n015-2018-08-02-17-28-51+0800__CAM_FRONT__1533202421412460.jpg", "samples/CAM_FRONT_RIGHT/n015-2018-08-02-17-28-51+0800__CAM_FRONT_RIGHT__1533202421420339.jpg", "samples/CAM_BACK_LEFT/n015-2018-08-02-17-28-51+0800__CAM_BACK_LEFT__1533202421447423.jpg", "samples/CAM_BACK/n015-2018-08-02-17-28-51+0800__CAM_BACK__1533202421437525.jpg", "samples/CAM_BACK_RIGHT/n015-2018-08-02-17-28-51+0800__CAM_BACK_RIGHT__1533202421427893.jpg"], "intrinsics": [[[1272.5979470598488, 0.0, 826.6154927353808], [0.0, 1272.5979470598488, 479.75165386361925], [0.0, 0.0, 1.0]], [[1266.417203046554, 0.0, 816.2670197447984], [0.0, 1266.417203046554, 491.50706579294757], [0.0, 0.0, 1.0]], [[1260.8474446004698, 0.0, 807.968244525554], [0.0, 1260.8474446004698, 495.3344268742088], [0.0, 0.0, 1.0]], [[1256.7414812095406, 0.0, 792.1125740759628], [0.0, 1256.7414812095406, 492.7757465151356], [0.0, 0.0, 1.0]], [[809.2209905677063, 0.0, 829.2196003259838], [0.0, 809.2209905677063, 481.77842384512485], [0.0, 0.0, 1.0]], [[1259.5137405846733, 0.0, 807.2529053838625], [0.0, 1259.5137405846733, 501.19579884916527], [0.0, 0.0, 1.0]]], "extrinsics": [[[0.8177754282951355, -0.5742344856262207, 0.038704801350831985, -0.7369384765625], [0.031106188893318176, -0.023053128272294998, -0.9992502331733704, 1.5169296264648438], [0.5746963024139404, 0.8183662295341492, -0.0009900296572595835, -1.12933349609375], [0.0, 0.0, 0.0, 1.0]], [[0.0018882727017626166, -0.999629020690918, 0.02716798335313797, 0.0125732421875], [0.02595413289964199, -0.027109893038868904, -0.9992954730987549, 1.5266036987304688], [0.9996613264083862, 0.002592075616121292, 0.0258933138102293, -1.46575927734375], [0.0, 0.0, 0.0, 1.0]], [[-0.8338750004768372, -0.5515521168708801, -0.021041184663772583, 0.887451171875], [0.03178922086954117, -0.0099332919344306, -0.9994451999664307, 1.5093765258789062], [0.5510371327400208, -0.83408123254776, 0.0258165393024683, -1.144775390625], [0.0, 0.0, 0.0, 1.0]], [[0.9471426606178284, 0.31975439190864563, 0.02603919245302677, -1.133993148803711], [0.04095575213432312, -0.04001342132687569, -0.9983594417572021, 1.5891494750976562], [-0.3181878924369812, 0.9466552138328552, -0.05099419504404068, -0.111083984375], [0.0, 0.0, 0.0, 1.0]], [[0.0037477142177522182, 0.999539852142334, -0.03010200522840023, -0.0018310546875], [0.015346420928835869, -0.03015616163611412, -0.9994274377822876, 1.5806045532226562], [-0.9998751878738403, 0.0032836266327649355, -0.015452371910214424, -0.06988525390625], [0.0, 0.0, 0.0, 1.0]], [[-0.933150053024292, 0.3559933602809906, -0.049996498972177505, 1.01123046875], [0.04780590906739235, -0.014954354614019394, -0.9987447261810303, 1.557830810546875], [-0.3562942147254944, -0.9343687891960144, -0.0030639320611953735, -0.1048583984375], [0.0, 0.0, 0.0, 1.0]]], "view": [[0.0, -2.0, 100.0], [-2.0, 0.0, 100.0], [0.0, 0.0, 1.0]], "bev": "bev_5e84244121634767ad6f305199bc22fb.png", "aux": "aux_5e84244121634767ad6f305199bc22fb.npz", "visibility": "visibility_5e84244121634767ad6f305199bc22fb.png", "pose": [[0.829292893409729, 0.5588141679763794, 0.0, 421.1250305175781], [-0.5588141679763794, 0.829292893409729, 0.0, 1657.0472412109375], [0.0, 0.0, 1.0, 0.0], [0.0, 0.0, 0.0, 1.0]], "pose_inverse": [[0.829292893409729, -0.5588141679763794, 0.0, 576.7454223632812], [0.5588141679763794, 0.829292893409729, 0.0, -1609.5081787109375], [0.0, 0.0, 1.0, 0.0], [0.0, 0.0, 0.0, 1.0]], "cam_ids": [0, 1, 2, 3, 4, 5], "cam_channels": ["CAM_FRONT_LEFT", "CAM_FRONT", "CAM_FRONT_RIGHT", "CAM_BACK_LEFT", "CAM_BACK", "CAM_BACK_RIGHT"], "token": "5e84244121634767ad6f305199bc22fb", "scene": "scene-0352"}, {"images": ["samples/CAM_FRONT_LEFT/n015-2018-08-02-17-28-51+0800__CAM_FRONT_LEFT__1533202421904844.jpg", "samples/CAM_FRONT/n015-2018-08-02-17-28-51+0800__CAM_FRONT__1533202421912460.jpg", "samples/CAM_FRONT_RIGHT/n015-2018-08-02-17-28-51+0800__CAM_FRONT_RIGHT__1533202421920339.jpg", "samples/CAM_BACK_LEFT/n015-2018-08-02-17-28-51+0800__CAM_BACK_LEFT__1533202421947423.jpg", "samples/CAM_BACK/n015-2018-08-02-17-28-51+0800__CAM_BACK__1533202421937525.jpg", "samples/CAM_BACK_RIGHT/n015-2018-08-02-17-28-51+0800__CAM_BACK_RIGHT__1533202421927893.jpg"], "intrinsics": [[[1272.5979470598488, 0.0, 826.6154927353808], [0.0, 1272.5979470598488, 479.75165386361925], [0.0, 0.0, 1.0]], [[1266.417203046554, 0.0, 816.2670197447984], [0.0, 1266.417203046554, 491.50706579294757], [0.0, 0.0, 1.0]], [[1260.8474446004698, 0.0, 807.968244525554], [0.0, 1260.8474446004698, 495.3344268742088], [0.0, 0.0, 1.0]], [[1256.7414812095406, 0.0, 792.1125740759628], [0.0, 1256.7414812095406, 492.7757465151356], [0.0, 0.0, 1.0]], [[809.2209905677063, 0.0, 829.2196003259838], [0.0, 809.2209905677063, 481.77842384512485], [0.0, 0.0, 1.0]], [[1259.5137405846733, 0.0, 807.2529053838625], [0.0, 1259.5137405846733, 501.19579884916527], [0.0, 0.0, 1.0]]], "extrinsics": [[[0.8192381858825684, -0.5720932483673096, 0.03947228565812111, -0.7144775390625], [0.04017054662108421, -0.011411789804697037, -0.9991276860237122, 1.5205230712890625], [0.5720446705818176, 0.8201091885566711, 0.01363232359290123, -1.1055908203125], [0.0, 0.0, 0.0, 1.0]], [[0.00434823427349329, -0.9998703598976135, 0.015501483343541622, 0.0062255859375], [0.03486281633377075, -0.015340631827712059, -0.9992743730545044, 1.5293769836425781], [0.9993825554847717, 0.004885556176304817, 0.03479158878326416, -1.438751220703125], [0.0, 0.0, 0.0, 1.0]], [[-0.8324251770973206, -0.5530413389205933, -0.03483545407652855, 0.86602783203125], [0.04048646613955498, 0.0019977991469204426, -0.9991780519485474, 1.5117340087890625], [0.552656352519989, -0.8331514000892639, 0.020727671682834625, -1.1380615234375], [0.0, 0.0, 0.0, 1.0]], [[0.9468822479248047, 0.31939396262168884, 0.03743663802742958, -1.1254119873046875], [0.04894459620118141, -0.028077468276023865, -0.9984067678451538, 1.5894088745117188], [-0.31783396005630493, 0.9472060203552246, -0.04221866652369499, -0.1092529296875], [0.0, 0.0, 0.0, 1.0]], [[0.002962911268696189, 0.9998326897621155, -0.01805172488093376, 0.0029296875], [0.023659061640501022, -0.018116839230060577, -0.9995559453964233, 1.5813331604003906], [-0.9997157454490662, 0.0025344728492200375, -0.023708783090114594, -0.08148193359375], [0.0, 0.0, 0.0, 1.0]], [[-0.9333274364471436, 0.35498863458633423, -0.053693708032369614, 0.9979248046875], [0.05633698031306267, -0.002894049044698477, -0.9984076023101807, 1.5597991943359375], [-0.35457876324653625, -0.9348661303520203, -0.017297891899943352, -0.1160888671875], [0.0, 0.0, 0.0, 1.0]]], "view": [[0.0, -2.0, 100.0], [-2.0, 0.0, 100.0], [0.0, 0.0, 1.0]], "bev": "bev_23c6e23c615b4194bbd27929ab0d97de.png", "aux": "aux_23c6e23c615b4194bbd27929ab0d97de.npz", "visibility": "visibility_23c6e23c615b4194bbd27929ab0d97de.png", "pose": [[0.8487043380737305, 0.5288676023483276, 0.0, 423.85894775390625], [-0.5288676023483276, 0.8487043380737305, 0.0, 1655.279541015625], [0.0, 0.0, 1.0, 0.0], [0.0, 0.0, 0.0, 1.0]], "pose_inverse": [[0.8487043380737305, -0.5288676023483276, 0.0, 515.6928100585938], [0.5288676023483276, 0.8487043380737305, 0.0, -1629.0081787109375], [0.0, 0.0, 1.0, 0.0], [0.0, 0.0, 0.0, 1.0]], "cam_ids": [0, 1, 2, 3, 4, 5], "cam_channels": ["CAM_FRONT_LEFT", "CAM_FRONT", "CAM_FRONT_RIGHT", "CAM_BACK_LEFT", "CAM_BACK", "CAM_BACK_RIGHT"], "token": "23c6e23c615b4194bbd27929ab0d97de", "scene": "scene-0352"}, {"images": ["samples/CAM_FRONT_LEFT/n015-2018-08-02-17-28-51+0800__CAM_FRONT_LEFT__1533202422404844.jpg", "samples/CAM_FRONT/n015-2018-08-02-17-28-51+0800__CAM_FRONT__1533202422412460.jpg", "samples/CAM_FRONT_RIGHT/n015-2018-08-02-17-28-51+0800__CAM_FRONT_RIGHT__1533202422420339.jpg", "samples/CAM_BACK_LEFT/n015-2018-08-02-17-28-51+0800__CAM_BACK_LEFT__1533202422447423.jpg", "samples/CAM_BACK/n015-2018-08-02-17-28-51+0800__CAM_BACK__1533202422437525.jpg", "samples/CAM_BACK_RIGHT/n015-2018-08-02-17-28-51+0800__CAM_BACK_RIGHT__1533202422427893.jpg"], "intrinsics": [[[1272.5979470598488, 0.0, 826.6154927353808], [0.0, 1272.5979470598488, 479.75165386361925], [0.0, 0.0, 1.0]], [[1266.417203046554, 0.0, 816.2670197447984], [0.0, 1266.417203046554, 491.50706579294757], [0.0, 0.0, 1.0]], [[1260.8474446004698, 0.0, 807.968244525554], [0.0, 1260.8474446004698, 495.3344268742088], [0.0, 0.0, 1.0]], [[1256.7414812095406, 0.0, 792.1125740759628], [0.0, 1256.7414812095406, 492.7757465151356], [0.0, 0.0, 1.0]], [[809.2209905677063, 0.0, 829.2196003259838], [0.0, 809.2209905677063, 481.77842384512485], [0.0, 0.0, 1.0]], [[1259.5137405846733, 0.0, 807.2529053838625], [0.0, 1259.5137405846733, 501.19579884916527], [0.0, 0.0, 1.0]]], "extrinsics": [[[0.8199884295463562, -0.5716715455055237, 0.028470521792769432, -0.7032470703125], [0.033663369715213776, -0.001488237059675157, -0.9994320869445801, 1.5189781188964844], [0.5713891983032227, 0.8204812407493591, 0.018024049699306488, -1.0987548828125], [0.0, 0.0, 0.0, 1.0]], [[0.005180703941732645, -0.9999716281890869, 0.005466770846396685, 0.007080078125], [0.028322478756308556, -0.005317921284586191, -0.9995847344398499, 1.528005599975586], [0.9995854496955872, 0.005333382170647383, 0.028294125571846962, -1.428741455078125], [0.0, 0.0, 0.0, 1.0]], [[-0.8323219418525696, -0.5531896352767944, -0.03494783118367195, 0.860565185546875], [0.033900000154972076, 0.012128673493862152, -0.9993516206741333, 1.5106439590454102], [0.5532548427581787, -0.8329670429229736, 0.008658168837428093, -1.1339111328125], [0.0, 0.0, 0.0, 1.0]], [[0.9471237063407898, 0.3190048336982727, 0.03453422337770462, -1.131805419921875], [0.04235190153121948, -0.017600378021597862, -0.9989476799964905, 1.5889968872070312], [-0.31806129217147827, 0.947589635848999, -0.030180195346474648, -0.106689453125], [0.0, 0.0, 0.0, 1.0]], [[0.002637697383761406, 0.999966561794281, -0.007734714075922966, 0.0029296875], [0.017027709633111954, -0.00777853187173605, -0.9998247623443604, 1.5807628631591797], [-0.9998515248298645, 0.0025055180303752422, -0.017047662287950516, -0.080535888671875], [0.0, 0.0, 0.0, 1.0]], [[-0.9338104724884033, 0.3550673723220825, -0.0438762791454792, 0.994140625], [0.0497148297727108, 0.007332084700465202, -0.998736560344696, 1.5590038299560547], [-0.35429707169532776, -0.9348120093345642, -0.024498894810676575, -0.1173095703125], [0.0, 0.0, 0.0, 1.0]]], "view": [[0.0, -2.0, 100.0], [-2.0, 0.0, 100.0], [0.0, 0.0, 1.0]], "bev": "bev_3e42ef15e0864547a86d8fa66735f088.png", "aux": "aux_3e42ef15e0864547a86d8fa66735f088.npz", "visibility": "visibility_3e42ef15e0864547a86d8fa66735f088.png", "pose": [[0.8523884415626526, 0.5229091048240662, 0.0, 426.81829833984375], [-0.5229091048240662, 0.8523884415626526, 0.0, 1653.427490234375], [0.0, 0.0, 1.0, 0.0], [0.0, 0.0, 0.0, 1.0]], "pose_inverse": [[0.8523884415626526, -0.5229091048240662, 0.0, 500.77734375], [0.5229091048240662, 0.8523884415626526, 0.0, -1632.5496826171875], [0.0, 0.0, 1.0, 0.0], [0.0, 0.0, 0.0, 1.0]], "cam_ids": [0, 1, 2, 3, 4, 5], "cam_channels": ["CAM_FRONT_LEFT", "CAM_FRONT", "CAM_FRONT_RIGHT", "CAM_BACK_LEFT", "CAM_BACK", "CAM_BACK_RIGHT"], "token": "3e42ef15e0864547a86d8fa66735f088", "scene": "scene-0352"}, {"images": ["samples/CAM_FRONT_LEFT/n015-2018-08-02-17-28-51+0800__CAM_FRONT_LEFT__1533202422904844.jpg", "samples/CAM_FRONT/n015-2018-08-02-17-28-51+0800__CAM_FRONT__1533202422912460.jpg", "samples/CAM_FRONT_RIGHT/n015-2018-08-02-17-28-51+0800__CAM_FRONT_RIGHT__1533202422920339.jpg", "samples/CAM_BACK_LEFT/n015-2018-08-02-17-28-51+0800__CAM_BACK_LEFT__1533202422947423.jpg", "samples/CAM_BACK/n015-2018-08-02-17-28-51+0800__CAM_BACK__1533202422937525.jpg", "samples/CAM_BACK_RIGHT/n015-2018-08-02-17-28-51+0800__CAM_BACK_RIGHT__1533202422927893.jpg"], "intrinsics": [[[1272.5979470598488, 0.0, 826.6154927353808], [0.0, 1272.5979470598488, 479.75165386361925], [0.0, 0.0, 1.0]], [[1266.417203046554, 0.0, 816.2670197447984], [0.0, 1266.417203046554, 491.50706579294757], [0.0, 0.0, 1.0]], [[1260.8474446004698, 0.0, 807.968244525554], [0.0, 1260.8474446004698, 495.3344268742088], [0.0, 0.0, 1.0]], [[1256.7414812095406, 0.0, 792.1125740759628], [0.0, 1256.7414812095406, 492.7757465151356], [0.0, 0.0, 1.0]], [[809.2209905677063, 0.0, 829.2196003259838], [0.0, 809.2209905677063, 481.77842384512485], [0.0, 0.0, 1.0]], [[1259.5137405846733, 0.0, 807.2529053838625], [0.0, 1259.5137405846733, 501.19579884916527], [0.0, 0.0, 1.0]]], "extrinsics": [[[0.8209502100944519, -0.5702390670776367, 0.029464231804013252, -0.6920166015625], [0.03785646706819534, 0.002867721254006028, -0.9992790222167969, 1.5207433700561523], [0.5697434544563293, 0.8214738368988037, 0.023941492661833763, -1.0947265625], [0.0, 0.0, 0.0, 1.0]], [[0.00674615940079093, -0.9999764561653137, 0.001281865406781435, 0.009521484375], [0.03264034911990166, -0.0010610077297315001, -0.9994666576385498, 1.5294551849365234], [0.9994444251060486, 0.006784418597817421, 0.03263242170214653, -1.41925048828125], [0.0, 0.0, 0.0, 1.0]], [[-0.8314493298530579, -0.5540913939476013, -0.04092402756214142, 0.85546875], [0.03831532225012779, 0.016299273818731308, -0.9991327524185181, 1.5118093490600586], [0.5542778372764587, -0.8322962522506714, 0.0076781692914664745, -1.1282958984375], [0.0, 0.0, 0.0, 1.0]], [[0.9467790722846985, 0.3193737864494324, 0.04012332111597061, -1.134979248046875], [0.04720781743526459, -0.014468898996710777, -0.9987802505493164, 1.58892822265625], [-0.3184036612510681, 0.9475183486938477, -0.028775785118341446, -0.10693359375], [0.0, 0.0, 0.0, 1.0]], [[0.0019725230522453785, 0.9999900460243225, -0.004003725480288267, 0.001953125], [0.021743137389421463, -0.004045677371323109, -0.9997553825378418, 1.581186294