[{"images": ["samples/CAM_FRONT_LEFT/n015-2018-11-21-19-21-35+0800__CAM_FRONT_LEFT__1542799322104844.jpg", "samples/CAM_FRONT/n015-2018-11-21-19-21-35+0800__CAM_FRONT__1542799322112460.jpg", "samples/CAM_FRONT_RIGHT/n015-2018-11-21-19-21-35+0800__CAM_FRONT_RIGHT__1542799322120339.jpg", "samples/CAM_BACK_LEFT/n015-2018-11-21-19-21-35+0800__CAM_BACK_LEFT__1542799322147423.jpg", "samples/CAM_BACK/n015-2018-11-21-19-21-35+0800__CAM_BACK__1542799322137525.jpg", "samples/CAM_BACK_RIGHT/n015-2018-11-21-19-21-35+0800__CAM_BACK_RIGHT__1542799322127893.jpg"], "intrinsics": [[[1272.5979470598488, 0.0, 826.6154927353808], [0.0, 1272.5979470598488, 479.75165386361925], [0.0, 0.0, 1.0]], [[1266.417203046554, 0.0, 816.2670197447984], [0.0, 1266.417203046554, 491.50706579294757], [0.0, 0.0, 1.0]], [[1260.8474446004698, 0.0, 807.968244525554], [0.0, 1260.8474446004698, 495.3344268742088], [0.0, 0.0, 1.0]], [[1256.7414812095406, 0.0, 792.1125740759628], [0.0, 1256.7414812095406, 492.7757465151356], [0.0, 0.0, 1.0]], [[809.2209905677063, 0.0, 829.2196003259838], [0.0, 809.2209905677063, 481.77842384512485], [0.0, 0.0, 1.0]], [[1259.5137405846733, 0.0, 807.2529053838625], [0.0, 1259.5137405846733, 501.19579884916527], [0.0, 0.0, 1.0]]], "extrinsics": [[[0.8204941153526306, -0.5712860822677612, 0.02053246833384037, -0.800537109375], [0.006585021503269672, -0.026469847187399864, -0.9996278882026672, 1.5096054077148438], [0.571617066860199, 0.8203240633010864, -0.01795642450451851, -1.167724609375], [0.0, 0.0, 0.0, 1.0]], [[0.005242064129561186, -0.9995166063308716, 0.030643021687865257, 0.007080078125], [0.001318135648034513, -0.030636511743068695, -0.9995297193527222, 1.520782470703125], [0.9999853372573853, 0.005280023440718651, 0.00115689926315099, -1.52813720703125], [0.0, 0.0, 0.0, 1.0]], [[-0.8330768346786499, -0.5531547665596008, 0.001674923114478588, 0.9263916015625], [0.006982333958148956, -0.013543314300477505, -0.9998838901519775, 1.5045509338378906], [0.5531132221221924, -0.8329683542251587, 0.015144933015108109, -1.17724609375], [0.0, 0.0, 0.0, 1.0]], [[0.9478199481964111, 0.3188052773475647, 0.0008314491133205593, -1.139404296875], [0.01572314463555813, -0.04414034262299538, -0.9989015460014343, 1.588623046875], [-0.31841841340065, 0.9467918872833252, -0.04684971645474434, -0.104736328125], [0.0, 0.0, 0.0, 1.0]], [[0.0028221779502928257, 0.9994145631790161, -0.03409663960337639, 0.00244140625], [-0.009711246006190777, -0.034067776054143906, -0.9993723630905151, 1.5789031982421875], [-0.9999488592147827, 0.003151571610942483, 0.00960941519588232, -0.046875], [0.0, 0.0, 0.0, 1.0]], [[-0.9345352649688721, 0.3547653257846832, -0.028026796877384186, 1.048828125], [0.02289477549493313, -0.018656272441148758, -0.9995638132095337, 1.5535964965820312], [-0.3551334738731384, -0.9347692728042603, 0.009312670677900314, -0.095947265625], [0.0, 0.0, 0.0, 1.0]]], "view": [[0.0, -2.0, 100.0], [-2.0, 0.0, 100.0], [0.0, 0.0, 1.0]], "bev": "bev_cb4504edb87a40d4b650cd5860f6c3b7.png", "aux": "aux_cb4504edb87a40d4b650cd5860f6c3b7.npz", "visibility": "visibility_cb4504edb87a40d4b650cd5860f6c3b7.png", "pose": [[-0.45205429196357727, -0.8919904232025146, 0.0, 2454.98828125], [0.8919904232025146, -0.45205429196357727, 0.0, 2028.7591552734375], [0.0, 0.0, 1.0, 0.0], [0.0, 0.0, 0.0, 1.0]], "pose_inverse": [[-0.45205429196357727, 0.8919904232025146, 0.0, -699.8457641601562], [-0.8919904232025146, -0.45205429196357727, 0.0, 3106.935302734375], [0.0, 0.0, 1.0, 0.0], [0.0, 0.0, 0.0, 1.0]], "cam_ids": [0, 1, 2, 3, 4, 5], "cam_channels": ["CAM_FRONT_LEFT", "CAM_FRONT", "CAM_FRONT_RIGHT", "CAM_BACK_LEFT", "CAM_BACK", "CAM_BACK_RIGHT"], "token": "cb4504edb87a40d4b650cd5860f6c3b7", "scene": "scene-1059"}, {"images": ["samples/CAM_FRONT_LEFT/n015-2018-11-21-19-21-35+0800__CAM_FRONT_LEFT__1542799322604844.jpg", "samples/CAM_FRONT/n015-2018-11-21-19-21-35+0800__CAM_FRONT__1542799322612460.jpg", "samples/CAM_FRONT_RIGHT/n015-2018-11-21-19-21-35+0800__CAM_FRONT_RIGHT__1542799322620339.jpg", "samples/CAM_BACK_LEFT/n015-2018-11-21-19-21-35+0800__CAM_BACK_LEFT__1542799322647423.jpg", "samples/CAM_BACK/n015-2018-11-21-19-21-35+0800__CAM_BACK__1542799322637525.jpg", "samples/CAM_BACK_RIGHT/n015-2018-11-21-19-21-35+0800__CAM_BACK_RIGHT__1542799322627893.jpg"], "intrinsics": [[[1272.5979470598488, 0.0, 826.6154927353808], [0.0, 1272.5979470598488, 479.75165386361925], [0.0, 0.0, 1.0]], [[1266.417203046554, 0.0, 816.2670197447984], [0.0, 1266.417203046554, 491.50706579294757], [0.0, 0.0, 1.0]], [[1260.8474446004698, 0.0, 807.968244525554], [0.0, 1260.8474446004698, 495.3344268742088], [0.0, 0.0, 1.0]], [[1256.7414812095406, 0.0, 792.1125740759628], [0.0, 1256.7414812095406, 492.7757465151356], [0.0, 0.0, 1.0]], [[809.2209905677063, 0.0, 829.2196003259838], [0.0, 809.2209905677063, 481.77842384512485], [0.0, 0.0, 1.0]], [[1259.5137405846733, 0.0, 807.2529053838625], [0.0, 1259.5137405846733, 501.19579884916527], [0.0, 0.0, 1.0]]], "extrinsics": [[[0.8204320073127747, -0.5713757872581482, 0.02051900513470173, -0.816162109375], [0.007676396518945694, -0.024876955896615982, -0.9996610283851624, 1.5096359252929688], [0.5716924667358398, 0.820311427116394, -0.016023743897676468, -1.17578125], [0.0, 0.0, 0.0, 1.0]], [[0.005165597889572382, -0.9995683431625366, 0.02892320416867733, 0.005859375], [0.0023072492331266403, -0.02891160361468792, -0.9995793104171753, 1.5208663940429688], [0.9999839663505554, 0.005230169277638197, 0.0021569079253822565, -1.54241943359375], [0.0, 0.0, 0.0, 1.0]], [[-0.8330905437469482, -0.5531365871429443, -9.221838263329118e-05, 0.9349365234375], [0.007866749539971352, -0.011681572534143925, -0.9999008178710938, 1.5045547485351562], [0.553080677986145, -0.8330087065696716, 0.01408319640904665, -1.1845703125], [0.0, 0.0, 0.0, 1.0]], [[0.9478071331977844, 0.3188379406929016, 0.00203519850037992, -1.139862060546875], [0.016324767842888832, -0.042151857167482376, -0.998977780342102, 1.588592529296875], [-0.318426251411438, 0.9468715190887451, -0.04515678063035011, -0.1044921875], [0.0, 0.0, 0.0, 1.0]], [[0.0028257977683097124, 0.999481737613678, -0.032068926841020584, 0.0029296875], [-0.00902600958943367, -0.0320422537624836, -0.9994457960128784, 1.5789642333984375], [-0.9999552965164185, 0.003113663289695978, 0.008930785581469536, -0.04205322265625], [0.0, 0.0, 0.0, 1.0]], [[-0.9345125555992126, 0.3548222482204437, -0.028061281889677048, 1.05712890625], [0.023681623861193657, -0.016680840402841568, -0.9995803833007812, 1.5534515380859375], [-0.35514146089553833, -0.934785008430481, 0.007185687776654959, -0.09375], [0.0, 0.0, 0.0, 1.0]]], "view": [[0.0, -2.0, 100.0], [-2.0, 0.0, 100.0], [0.0, 0.0, 1.0]], "bev": "bev_c24a9059f9f149a69a0d534026f5b20e.png", "aux": "aux_c24a9059f9f149a69a0d534026f5b20e.npz", "visibility": "visibility_c24a9059f9f149a69a0d534026f5b20e.png", "pose": [[-0.45331093668937683, -0.8913524746894836, 0.0, 2453.97900390625], [0.8913524746894836, -0.45331093668937683, 0.0, 2030.766357421875], [0.0, 0.0, 1.0, 0.0], [0.0, 0.0, 0.0, 1.0]], "pose_inverse": [[-0.45331093668937683, 0.8913524746894836, 0.0, -697.7130737304688], [-0.8913524746894836, -0.45331093668937683, 0.0, 3107.9287109375], [0.0, 0.0, 1.0, 0.0], [0.0, 0.0, 0.0, 1.0]], "cam_ids": [0, 1, 2, 3, 4, 5], "cam_channels": ["CAM_FRONT_LEFT", "CAM_FRONT", "CAM_FRONT_RIGHT", "CAM_BACK_LEFT", "CAM_BACK", "CAM_BACK_RIGHT"], "token": "c24a9059f9f149a69a0d534026f5b20e", "scene": "scene-1059"}, {"images": ["samples/CAM_FRONT_LEFT/n015-2018-11-21-19-21-35+0800__CAM_FRONT_LEFT__1542799323104844.jpg", "samples/CAM_FRONT/n015-2018-11-21-19-21-35+0800__CAM_FRONT__1542799323112460.jpg", "samples/CAM_FRONT_RIGHT/n015-2018-11-21-19-21-35+0800__CAM_FRONT_RIGHT__1542799323120339.jpg", "samples/CAM_BACK_LEFT/n015-2018-11-21-19-21-35+0800__CAM_BACK_LEFT__1542799323147423.jpg", "samples/CAM_BACK/n015-2018-11-21-19-21-35+0800__CAM_BACK__1542799323137525.jpg", "samples/CAM_BACK_RIGHT/n015-2018-11-21-19-21-35+0800__CAM_BACK_RIGHT__1542799323127893.jpg"], "intrinsics": [[[1272.5979470598488, 0.0, 826.6154927353808], [0.0, 1272.5979470598488, 479.75165386361925], [0.0, 0.0, 1.0]], [[1266.417203046554, 0.0, 816.2670197447984], [0.0, 1266.417203046554, 491.50706579294757], [0.0, 0.0, 1.0]], [[1260.8474446004698, 0.0, 807.968244525554], [0.0, 1260.8474446004698, 495.3344268742088], [0.0, 0.0, 1.0]], [[1256.7414812095406, 0.0, 792.1125740759628], [0.0, 1256.7414812095406, 492.7757465151356], [0.0, 0.0, 1.0]], [[809.2209905677063, 0.0, 829.2196003259838], [0.0, 809.2209905677063, 481.77842384512485], [0.0, 0.0, 1.0]], [[1259.5137405846733, 0.0, 807.2529053838625], [0.0, 1259.5137405846733, 501.19579884916527], [0.0, 0.0, 1.0]]], "extrinsics": [[[0.8205984234809875, -0.5713728070259094, 0.012305967509746552, -0.823974609375], [-0.00021646072855219245, -0.021843286231160164, -0.9997613430023193, 1.5082244873046875], [0.5715052485466003, 0.8203998804092407, -0.01804824359714985, -1.1826171875], [0.0, 0.0, 0.0, 1.0]], [[0.005440434906631708, -0.9996545910835266, 0.02571284957230091, 0.006103515625], [-0.005357926245778799, -0.025742003694176674, -0.9996542930603027, 1.5197906494140625], [0.9999707937240601, 0.005300784017890692, -0.005496123339980841, -1.55133056640625], [0.0, 0.0, 0.0, 1.0]], [[-0.8330404758453369, -0.5531954765319824, 0.004269686061888933, 0.9412841796875], [0.00043252771138213575, -0.008369284681975842, -0.9999648928642273, 1.503692626953125], [0.5532118082046509, -0.8330093622207642, 0.00721122557297349, -1.18798828125], [0.0, 0.0, 0.0, 1.0]], [[0.9477972388267517, 0.31884902715682983, -0.003962438553571701, -1.1407470703125], [0.008562413044273853, -0.03787022829055786, -0.9992460012435913, 1.5885696411132812], [-0.31875860691070557, 0.9470486640930176, -0.03862341493368149, -0.10400390625], [0.0, 0.0, 0.0, 1.0]], [[0.0025629689916968346, 0.9995977282524109, -0.02824423275887966, 0.002685546875], [-0.016656212508678436, -0.02819773741066456, -0.9994636178016663, 1.57867431640625], [-0.999858021736145, 0.0030320417135953903, 0.016577240079641342, -0.03924560546875], [0.0, 0.0, 0.0, 1.0]], [[-0.934712290763855, 0.35485100746154785, -0.01983797177672386, 1.06201171875], [0.016208479180932045, -0.013198141939938068, -0.9997814893722534, 1.5527381896972656], [-0.35503530502319336, -0.9348297119140625, 0.006584870629012585, -0.091552734375], [0.0, 0.0, 0.0, 1.0]]], "view": [[0.0, -2.0, 100.0], [-2.0, 0.0, 100.0], [0.0, 0.0, 1.0]], "bev": "bev_98bf27ef19ff41fe9c46bb8fff168076.png", "aux": "aux_98bf27ef19ff41fe9c46bb8fff168076.npz", "visibility": "visibility_98bf27ef19ff41fe9c46bb8fff168076.png", "pose": [[-0.4541207551956177, -0.8909401297569275, 0.0, 2453.057861328125], [0.8909401297569275, -0.4541207551956177, 0.0, 2032.58740234375], [0.0, 0.0, 1.0, 0.0], [0.0, 0.0, 0.0, 1.0]], "pose_inverse": [[-0.4541207551956177, 0.8909401297569275, 0.0, -696.92919921875], [-0.8909401297569275, -0.4541207551956177, 0.0, 3108.56787109375], [0.0, 0.0, 1.0, 0.0], [0.0, 0.0, 0.0, 1.0]], "cam_ids": [0, 1, 2, 3, 4, 5], "cam_channels": ["CAM_FRONT_LEFT", "CAM_FRONT", "CAM_FRONT_RIGHT", "CAM_BACK_LEFT", "CAM_BACK", "CAM_BACK_RIGHT"], "token": "98bf27ef19ff41fe9c46bb8fff168076", "scene": "scene-1059"}, {"images": ["samples/CAM_FRONT_LEFT/n015-2018-11-21-19-21-35+0800__CAM_FRONT_LEFT__1542799323604844.jpg", "samples/CAM_FRONT/n015-2018-11-21-19-21-35+0800__CAM_FRONT__1542799323612460.jpg", "samples/CAM_FRONT_RIGHT/n015-2018-11-21-19-21-35+0800__CAM_FRONT_RIGHT__1542799323620339.jpg", "samples/CAM_BACK_LEFT/n015-2018-11-21-19-21-35+0800__CAM_BACK_LEFT__1542799323647423.jpg", "samples/CAM_BACK/n015-2018-11-21-19-21-35+0800__CAM_BACK__1542799323637525.jpg", "samples/CAM_BACK_RIGHT/n015-2018-11-21-19-21-35+0800__CAM_BACK_RIGHT__1542799323627893.jpg"], "intrinsics": [[[1272.5979470598488, 0.0, 826.6154927353808], [0.0, 1272.5979470598488, 479.75165386361925], [0.0, 0.0, 1.0]], [[1266.417203046554, 0.0, 816.2670197447984], [0.0, 1266.417203046554, 491.50706579294757], [0.0, 0.0, 1.0]], [[1260.8474446004698, 0.0, 807.968244525554], [0.0, 1260.8474446004698, 495.3344268742088], [0.0, 0.0, 1.0]], [[1256.7414812095406, 0.0, 792.1125740759628], [0.0, 1256.7414812095406, 492.7757465151356], [0.0, 0.0, 1.0]], [[809.2209905677063, 0.0, 829.2196003259838], [0.0, 809.2209905677063, 481.77842384512485], [0.0, 0.0, 1.0]], [[1259.5137405846733, 0.0, 807.2529053838625], [0.0, 1259.5137405846733, 501.19579884916527], [0.0, 0.0, 1.0]]], "extrinsics": [[[0.8210161328315735, -0.5707974433898926, 0.011081365868449211, -0.844970703125], [0.00145304249599576, -0.017320889979600906, -0.9998489618301392, 1.5084800720214844], [0.5709031224250793, 0.8209081888198853, -0.013391336426138878, -1.197998046875], [0.0, 0.0, 0.0, 1.0]], [[0.0060271164402365685, -0.9997560977935791, 0.02124563604593277, 0.006591796875], [-0.003620650852099061, -0.02126770280301571, -0.9997673034667969, 1.5201225280761719], [0.9999752044677734, 0.005948813632130623, -0.0037479507736861706, -1.5731201171875], [0.0, 0.0, 0.0, 1.0]], [[-0.8327761888504028, -0.5536096692085266, 0.0003228529531043023, 0.9556884765625], [0.0022290502674877644, -0.003936255816370249, -0.9999897480010986, 1.5038480758666992], [0.553605318069458, -0.8327669501304626, 0.004512044135481119, -1.19677734375], [0.0, 0.0, 0.0, 1.0]], [[0.9477826356887817, 0.31891679763793945, 0.00031314598163589835, -1.141387939453125], [0.0118181137368083, -0.03414075821638107, -0.9993471503257751, 1.5885696411132812], [-0.31869786977767944, 0.9471675753593445, -0.036127012223005295, -0.104248046875], [0.0, 0.0, 0.0, 1.0]], [[0.002427829196676612, 0.999704897403717, -0.024172956123948097, 0.00244140625], [-0.013941588811576366, -0.02413683943450451, -0.9996114373207092, 1.5788841247558594], [-0.9998998641967773, 0.0027638673782348633, 0.01387887354940176, -0.0325927734375], [0.0, 0.0, 0.0, 1.0]], [[-0.9347933530807495, 0.35461142659187317, -0.02030363492667675, 1.0733642578125], [0.01835690252482891, -0.00885338056832552, -0.9997922778129578, 1.55267333984375], [-0.354717493057251, -0.9349719285964966, 0.0017665158957242966, -0.0869140625], [0.0, 0.0, 0.0, 1.0]]], "view": [[0.0, -2.0, 100.0], [-2.0, 0.0, 100.0], [0.0, 0.0, 1.0]], "bev": "bev_a6a8c30913934fae8c7dce55e3c8022b.png", "aux": "aux_a6a8c30913934fae8c7dce55e3c8022b.npz", "visibility": "visibility_a6a8c30913934fae8c7dce55e3c8022b.png", "pose": [[-0.45305579900741577, -0.8914821743965149, 0.0, 2452.242919921875], [0.8914821743965149, -0.45305579900741577, 0.0, 2034.201904296875], [0.0, 0.0, 1.0, 0.0], [0.0, 0.0, 0.0, 1.0]], "pose_inverse": [[-0.45305579900741577, 0.8914821743965149, 0.0, -702.4517822265625], [-0.8914821743965149, -0.45305579900741577, 0.0, 3107.73779296875], [0.0, 0.0, 1.0, 0.0], [0.0, 0.0, 0.0, 1.0]], "cam_ids": [0, 1, 2, 3, 4, 5], "cam_channels": ["CAM_FRONT_LEFT", "CAM_FRONT", "CAM_FRONT_RIGHT", "CAM_BACK_LEFT", "CAM_BACK", "CAM_BACK_RIGHT"], "token": "a6a8c30913934fae8c7dce55e3c8022b", "scene": "scene-1059"}, {"images": ["samples/CAM_FRONT_LEFT/n015-2018-11-21-19-21-35+0800__CAM_FRONT_LEFT__1542799324104844.jpg", "samples/CAM_FRONT/n015-2018-11-21-19-21-35+0800__CAM_FRONT__1542799324112460.jpg", "samples/CAM_FRONT_RIGHT/n015-2018-11-21-19-21-35+0800__CAM_FRONT_RIGHT__1542799324120339.jpg", "samples/CAM_BACK_LEFT/n015-2018-11-21-19-21-35+0800__CAM_BACK_LEFT__1542799324147423.jpg", "samples/CAM_BACK/n015-2018-11-21-19-21-35+0800__CAM_BACK__1542799324137525.jpg", "samples/CAM_BACK_RIGHT/n015-2018-11-21-19-21-35+0800__CAM_BACK_RIGHT__1542799324127893.jpg"], "intrinsics": [[[1272.5979470598488, 0.0, 826.6154927353808], [0.0, 1272.5979470598488, 479.75165386361925], [0.0, 0.0, 1.0]], [[1266.417203046554, 0.0, 816.2670197447984], [0.0, 1266.417203046554, 491.50706579294757], [0.0, 0.0, 1.0]], [[1260.8474446004698, 0.0, 807.968244525554], [0.0, 1260.8474446004698, 495.3344268742088], [0.0, 0.0, 1.0]], [[1256.7414812095406, 0.0, 792.1125740759628], [0.0, 1256.7414812095406, 492.7757465151356], [0.0, 0.0, 1.0]], [[809.2209905677063, 0.0, 829.2196003259838], [0.0, 809.2209905677063, 481.77842384512485], [0.0, 0.0, 1.0]], [[1259.5137405846733, 0.0, 807.2529053838625], [0.0, 1259.5137405846733, 501.19579884916527], [0.0, 0.0, 1.0]]], "extrinsics": [[[0.8207709789276123, -0.5709214210510254, 0.019587360322475433, -0.87255859375], [0.010542862117290497, -0.019143452867865562, -0.999761164188385, 1.5094528198242188], [0.5711600184440613, 0.820781409740448, -0.009693244472146034, -1.217041015625], [0.0, 0.0, 0.0, 1.0]], [[0.005662573967128992, -0.9997187256813049, 0.023024754598736763, 0.00634765625], [0.005259895697236061, -0.022995028644800186, -0.9997217655181885, 1.5210342407226562], [0.9999700784683228, 0.005782097578048706, 0.005128206219524145, -1.600341796875], [0.0, 0.0, 0.0, 1.0]], [[-0.8328315019607544, -0.5534940361976624, -0.005995954852551222, 0.9732666015625], [0.010898916982114315, -0.005567277316004038, -0.9999250769615173, 1.5044307708740234], [0.5534191727638245, -0.8328344821929932, 0.010669090785086155, -1.208740234375], [0.0, 0.0, 0.0, 1.0]], [[0.9477427005767822, 0.3189517855644226, 0.007316755596548319, -1.14190673828125], [0.019553033635020256, -0.035179052501916885, -0.9991897344589233, 1.5885543823242188], [-0.3184358477592468, 0.947117805480957, -0.03957716375589371, -0.103515625], [0.0, 0.0, 0.0, 1.0]], [[0.002669472014531493, 0.9996729493141174, -0.02543238177895546, 0.002685546875], [-0.00585295120254159, -0.025416415184736252, -0.9996598362922668, 1.5792160034179688], [-0.9999792575836182, 0.00281738699413836, 0.00578319001942873, -0.024658203125], [0.0, 0.0, 0.0, 1.0]], [[-0.9345449209213257, 0.3546837866306305, -0.028724923729896545, 1.087646484375], [0.026789115741848946, -0.010368221439421177, -0.99958735704422, 1.5528488159179688], [-0.3548352122306824, -0.934928834438324, 0.00018790240574162453, -0.081787109375], [0.0, 0.0, 0.0, 1.0]]], "view": [[0.0, -2.0, 100.0], [-2.0, 0.0, 100.0], [0.0, 0.0, 1.0]], "bev": "bev_fff51b00bf394365a4eea2b279224312.png", "aux": "aux_fff51b00bf394365a4eea2b279224312.npz", "visibility": "visibility_fff51b00bf394365a4eea2b279224312.png", "pose": [[-0.45140373706817627, -0.8923197984695435, 0.0, 2451.5654296875], [0.8923197984695435, -0.45140373706817627, 0.0, 2035.5572509765625], [0.0, 0.0, 1.0, 0.0], [0.0, 0.0, 0.0, 1.0]], "pose_inverse": [[-0.45140373706817627, 0.8923197984695435, 0.0, -709.7222900390625], [-0.8923197984695435, -0.45140373706817627, 0.0, 3106.4384765625], [0.0, 0.0, 1.0, 0.0], [0.0, 0.0, 0.0, 1.0]], "cam_ids": [0, 1, 2, 3, 4, 5], "cam_channels": ["CAM_FRONT_LEFT", "CAM_FRONT", "CAM_FRONT_RIGHT", "CAM_BACK_LEFT", "CAM_BACK", "CAM_BACK_RIGHT"], "token": "fff51b00bf394365a4eea2b279224312", "scene": "scene-1059"}, {"images": ["samples/CAM_FRONT_LEFT/n015-2018-11-21-19-21-35+0800__CAM_FRONT_LEFT__1542799324604844.jpg", "samples/CAM_FRONT/n015-2018-11-21-19-21-35+0800__CAM_FRONT__1542799324612460.jpg", "samples/CAM_FRONT_RIGHT/n015-2018-11-21-19-21-35+0800__CAM_FRONT_RIGHT__1542799324620339.jpg", "samples/CAM_BACK_LEFT/n015-2018-11-21-19-21-35+0800__CAM_BACK_LEFT__1542799324647423.jpg", "samples/CAM_BACK/n015-2018-11-21-19-21-35+0800__CAM_BACK__1542799324637525.jpg", "samples/CAM_BACK_RIGHT/n015-2018-11-21-19-21-35+0800__CAM_BACK_RIGHT__1542799324627893.jpg"], "intrinsics": [[[1272.5979470598488, 0.0, 826.6154927353808], [0.0, 1272.5979470598488, 479.75165386361925], [0.0, 0.0, 1.0]], [[1266.417203046554, 0.0, 816.2670197447984], [0.0, 1266.417203046554, 491.50706579294757], [0.0, 0.0, 1.0]], [[1260.8474446004698, 0.0, 807.968244525554], [0.0, 1260.8474446004698, 495.3344268742088], [0.0, 0.0, 1.0]], [[1256.7414812095406, 0.0, 792.1125740759628], [0.0, 1256.7414812095406, 492.7757465151356], [0.0, 0.0, 1.0]], [[809.2209905677063, 0.0, 829.2196003259838], [0.0, 809.2209905677063, 481.77842384512485], [0.0, 0.0, 1.0]], [[1259.5137405846733, 0.0, 807.2529053838625], [0.0, 1259.5137405846733, 501.19579884916527], [0.0, 0.0, 1.0]]], "extrinsics": [[[0.8206651210784912, -0.5710828900337219, 0.01931515708565712, -0.886962890625], [0.012232718989253044, -0.01623617112636566, -0.9997933506965637, 1.5094184875488281], [0.5712785124778748, 0.8207318186759949, -0.006338564679026604, -1.226806640625], [0.0, 0.0, 0.0, 1.0]], [[0.005580918863415718, -0.9997760057449341, 0.020415442064404488, 0.006591796875], [0.006922712083905935, -0.020376641303300858, -0.9997684359550476, 1.5210952758789062], [0.9999604225158691, 0.005720945540815592, 0.006807439960539341, -1.61407470703125], [0.0, 0.0, 0.0, 1.0]], [[-0.8328006863594055, -0.5535054206848145, -0.008641285821795464, 0.9820556640625], [0.012533891014754772, -0.0032477935310453176, -0.999916136264801, 1.5044059753417969], [0.55343097448349, -0.8328391909599304, 0.00964234210550785, -1.215087890625], [0.0, 0.0, 0.0, 1.0]], [[0.9477176666259766, 0.3189753293991089, 0.009269571863114834, -1.1422119140625], [0.021177170798182487, -0.033882904797792435, -0.9992014169692993, 1.58856201171875], [-0.31840652227401733, 0.9471572041511536, -0.038866423070430756, -0.103759765625], [0.0, 0.0, 0.0, 1.0]], [[0.002642565406858921, 0.9997135996818542, -0.023785855621099472, 0.00244140625], [-0.004233818035572767, -0.023774536326527596, -0.9997084140777588, 1.5792694091796875], [-0.9999875426292419, 0.0027424979489296675, 0.004169780761003494, -0.02020263671875], [0.0, 0.0, 0.0, 1.0]], [[-0.9345324039459229, 0.3546522557735443, -0.029512478038668633, 1.0953369140625], [0.028402293100953102, -0.00833685789257288, -0.9995617866516113, 1.5527000427246094], [-0.3547429144382477, -0.9349610805511475, -0.0022818755824118853, -0.07861328125], [0.0, 0.0, 0.0, 1.0]]], "view": [[0.0, -2.0, 100.0], [-2.0, 0.0, 100.0], [0.0, 0.0, 1.0]], "bev": "bev_97d92ade9a3b44ae8fbfb1132ac18b0e.png", "aux": "aux_97d92ade9a3b44ae8fbfb1132ac18b0e.npz", "visibility": "visibility_97d92ade9a3b44ae8fbfb1132ac18b0e.png", "pose": [[-0.45022961497306824, -0.8929128050804138, 0.0, 2451.026123046875], [0.8929128050804138, -0.45022961497306824, 0.0, 2036.644775390625], [0.0, 0.0, 1.0, 0.0], [0.0, 0.0, 0.0, 1.0]], "pose_inverse": [[-0.45022961497306824, 0.8929128050804138, 0.0, -715.0216674804688], [-0.8929128050804138, -0.45022961497306824, 0.0, 3105.510498046875], [0.0, 0.0, 1.0, 0.0], [0.0, 0.0, 0.0, 1.0]], "cam_ids": [0, 1, 2, 3, 4, 5], "cam_channels": ["CAM_FRONT_LEFT", "CAM_FRONT", "CAM_FRONT_RIGHT", "CAM_BACK_LEFT", "CAM_BACK", "CAM_BACK_RIGHT"], "token": "97d92ade9a3b44ae8fbfb1132ac18b0e", "scene": "scene-1059"}, {"images": ["samples/CAM_FRONT_LEFT/n015-2018-11-21-19-21-35+0800__CAM_FRONT_LEFT__1542799325104844.jpg", "samples/CAM_FRONT/n015-2018-11-21-19-21-35+0800__CAM_FRONT__1542799325112460.jpg", "samples/CAM_FRONT_RIGHT/n015-2018-11-21-19-21-35+0800__CAM_FRONT_RIGHT__1542799325120339.jpg", "samples/CAM_BACK_LEFT/n015-2018-11-21-19-21-35+0800__CAM_BACK_LEFT__1542799325147423.jpg", "samples/CAM_BACK/n015-2018-11-21-19-21-35+0800__CAM_BACK__1542799325137525.jpg", "samples/CAM_BACK_RIGHT/n015-2018-11-21-19-21-35+0800__CAM_BACK_RIGHT__1542799325127893.jpg"], "intrinsics": [[[1272.5979470598488, 0.0, 826.6154927353808], [0.0, 1272.5979470598488, 479.75165386361925], [0.0, 0.0, 1.0]], [[1266.417203046554, 0.0, 816.2670197447984], [0.0, 1266.417203046554, 491.50706579294757], [0.0, 0.0, 1.0]], [[1260.8474446004698, 0.0, 807.968244525554], [0.0, 1260.8474446004698, 495.3344268742088], [0.0, 0.0, 1.0]], [[1256.7414812095406, 0.0, 792.1125740759628], [0.0, 1256.7414812095406, 492.7757465151356], [0.0, 0.0, 1.0]], [[809.2209905677063, 0.0, 829.2196003259838], [0.0, 809.2209905677063, 481.77842384512485], [0.0, 0.0, 1.0]], [[1259.5137405846733, 0.0, 807.2529053838625], [0.0, 1259.5137405846733, 501.19579884916527], [0.0, 0.0, 1.0]]], "extrinsics": [[[0.8207834362983704, -0.5708813071250916, 0.020226510241627693, -0.903564453125], [0.012935306876897812, -0.01682463474571705, -0.9997747540473938, 1.5092239379882812], [0.5710930228233337, 0.8208602666854858, -0.006424857769161463, -1.23876953125], [0.0, 0.0, 0.0, 1.0]], [[0.005731468554586172, -0.9997646808624268, 0.020923523232340813, 0.006103515625], [0.007675481028854847, -0.020879270508885384, -0.9997525811195374, 1.5210113525390625], [0.999954104423523, 0.0058906786143779755, 0.007554003968834877, -1.631591796875], [0.0, 0.0, 0.0, 1.0]], [[-0.8327399492263794, -0.5535898804664612, -0.009080234915018082, 0.99365234375], [0.013336037285625935, -0.003659899579361081, -0.9999043941497803, 1.5042686462402344], [0.553503692150116, -0.8327813744544983, 0.010430440306663513, -1.222412109375], [0.0, 0.0, 0.0, 1.0]], [[0.9477066397666931, 0.31898126006126404, 0.010152509436011314, -1.142486572265625], [0.022145874798297882, -0.033994611352682114, -0.9991766214370728, 1.5885467529296875], [-0.318373441696167, 0.9471511840820312, -0.03928103670477867, -0.103759765625], [0.0, 0.0, 0.0, 1.0]], [[0.0026418997440487146, 0.9997085928916931, -0.023997001349925995, 0.0029296875], [-0.0033202224876731634, -0.023988181725144386, -0.9997067451477051, 1.5792999267578125], [-0.9999910593032837, 0.0027208442334085703, 0.003255878109484911, -0.01544189453125], [0.0, 0.0, 0.0, 1.0]], [[-0.934520423412323, 0.35460615158081055, -0.03043154999613762, 1.1046142578125], [0.02926074154675007, -0.008664874359965324, -0.9995342493057251, 1.5524406433105469], [-0.35470470786094666, -0.9349756240844727, -0.002278539352118969, -0.075439453125], [0.0, 0.0, 0.0, 1.0]]], "view": [[0.0, -2.0, 100.0], [-2.0, 0.0, 100.0], [0.0, 0.0, 1.0]], "bev": "bev_d3c067cedbb041f48b3b6034c691b21f.png", "aux": "aux_d3c067cedbb041f48b3b6034c691b21f.npz", "visibility": "visibility_d3c067cedbb041f48b3b6034c691b21f.png", "pose": [[-0.44792142510414124, -0.894072949886322, 0.0, 2450.60205078125], [0.894072949886322, -0.44792142510414124, 0.0, 2037.5062255859375], [0.0, 0.0, 1.0, 0.0], [0.0, 0.0, 0.0, 1.0]], "pose_inverse": [[-0.44792142510414124, 0.894072949886322, 0.0, -724.001953125], [-0.894072949886322, -0.44792142510414124, 0.0, 3103.65966796875], [0.0, 0.0, 1.0, 0.0], [0.0, 0.0, 0.0, 1.0]], "cam_ids": [0, 1, 2, 3, 4, 5], "cam_channels": ["CAM_FRONT_LEFT", "CAM_FRONT", "CAM_FRONT_RIGHT", "CAM_BACK_LEFT", "CAM_BACK", "CAM_BACK_RIGHT"], "token": "d3c067cedbb041f48b3b6034c691b21f", "scene": "scene-1059"}, {"images": ["samples/CAM_FRONT_LEFT/n015-2018-11-21-19-21-35+0800__CAM_FRONT_LEFT__1542799325604844.jpg", "samples/CAM_FRONT/n015-2018-11-21-19-21-35+0800__CAM_FRONT__1542799325612460.jpg", "samples/CAM_FRONT_RIGHT/n015-2018-11-21-19-21-35+0800__CAM_FRONT_RIGHT__1542799325620339.jpg", "samples/CAM_BACK_LEFT/n015-2018-11-21-19-21-35+0800__CAM_BACK_LEFT__1542799325647423.jpg", "samples/CAM_BACK/n015-2018-11-21-19-21-35+0800__CAM_BACK__1542799325637525.jpg", "samples/CAM_BACK_RIGHT/n015-2018-11-21-19-21-35+0800__CAM_BACK_RIGHT__1542799325627893.jpg"], "intrinsics": [[[1272.5979470598488, 0.0, 826.6154927353808], [0.0, 1272.5979470598488, 479.75165386361925], [0.0, 0.0, 1.0]], [[1266.417203046554, 0.0, 816.2670197447984], [0.0, 1266.417203046554, 491.50706579294757], [0.0, 0.0, 1.0]], [[1260.8474446004698, 0.0, 807.968244525554], [0.0, 1260.8474446004698, 495.3344268742088], [0.0, 0.0, 1.0]], [[1256.7414812095406, 0.0, 792.1125740759628], [0.0, 1256.7414812095406, 492.7757465151356], [0.0, 0.0, 1.0]], [[809.2209905677063, 0.0, 829.2196003259838], [0.0, 809.2209905677063, 481.77842384512485], [0.0, 0.0, 1.0]], [[1259.5137405846733, 0.0, 807.2529053838625], [0.0, 1259.5137405846733, 501.19579884916527], [0.0, 0.0, 1.0]]], "extrinsics": [[[0.8206743001937866, -0.57099848985672, 0.02131815440952778, -0.919189453125], [0.01585196703672409, -0.014542805962264538, -0.9997685551643372, 1.5091361999511719], [0.5711763501167297, 0.8208223581314087, -0.002883458510041237, -1.24853515625], [0.0, 0.0, 0.0, 1.0]], [[0.005606750026345253, -0.9998106956481934, 0.018628645688295364, 0.005615234375], [0.01064798329025507, -0.018568191677331924, -0.9997709393501282, 1.5210304260253906], [0.9999275803565979, 0.005803793203085661, 0.010541862808167934, -1.64666748046875], [0.0, 0.0, 0.0, 1.0]], [[-0.8327291011810303, -0.553530216217041, -0.012901701964437962, 1.0030517578125], [0.01636788249015808, -0.001318897819146514, -0.9998651742935181, 1.504225730895996], [0.5534386038780212, -0.8328280448913574, 0.010158403776586056, -1.229248046875], [0.0, 0.0, 0.0, 1.0]], [[0.9476429224014282, 0.31902629137039185, 0.013966073282063007, -1.142333984375], [0.025349728763103485, -0.031558096408843994, -0.9991803765296936, 1.5885391235351562], [-0.31832411885261536, 0.9472203254699707, -0.037993039935827255, -0.103759765625], [0.0, 0.0, 0.0, 1.0]], [[0.002683136612176895, 0.9997634291648865, -0.021588310599327087, 0.00244140625], [-0.00016791488451417536, -0.021587936207652092, -0.9997669458389282, 1.5793609619140625], [-0.9999963641166687, 0.002686175284907222, 0.00010995006596203893, -0.010986328125], [0.0, 0.0, 0.0, 1.0]], [[-0.9344175457954407, 0.3546956479549408, -0.032478589564561844, 1.1124267578125], [0.03235050290822983, -0.006292920093983412, -0.9994567632675171, 1.5522727966308594], [-0.35470736026763916, -0.934960663318634, -0.00559436809271574, -0.07275390625], [0.0, 0.0, 0.0, 1.0]]], "view": [[0.0, -2.0, 100.0], [-2.0, 0.0, 100.0], [0.0, 0.0, 1.0]], "bev": "bev_c3cbd08daa714dc4922236d8e224e562.png", "aux": "aux_c3cbd08daa714dc4922236d8e224e562.npz", "visibility": "visibility_c3cbd08daa714dc4922236d8e224e562.png", "pose": [[-0.44560080766677856, -0.8952317833900452, 0.0, 2450.28662109375], [0.8952317833900452, -0.44560080766677856, 0.0, 2038.145263671875], [0.0, 0.0, 1.0, 0.0], [0.0, 0.0, 0.0, 1.0]], "pose_inverse": [[-0.44560080766677856, 0.8952317833900452, 0.0, -732.7626953125], [-0.8952317833900452, -0.44560080766677856, 0.0, 3101.773681640625], [0.0, 0.0, 1.0, 0.0], [0.0, 0.0, 0.0, 1.0]], "cam_ids": [0, 1, 2, 3, 4, 5], "cam_channels": ["CAM_FRONT_LEFT", "CAM_FRONT", "CAM_FRONT_RIGHT", "CAM_BACK_LEFT", "CAM_BACK", "CAM_BACK_RIGHT"], "token": "c3cbd08daa714dc4922236d8e224e562", "scene": "scene-1059"}, {"images": ["samples/CAM_FRONT_LEFT/n015-2018-11-21-19-21-35+0800__CAM_FRONT_LEFT__1542799326154844.jpg", "samples/CAM_FRONT/n015-2018-11-21-19-21-35+0800__CAM_FRONT__1542799326162460.jpg", "samples/CAM_FRONT_RIGHT/n015-2018-11-21-19-21-35+0800__CAM_FRONT_RIGHT__1542799326170339.jpg", "samples/CAM_BACK_LEFT/n015-2018-11-21-19-21-35+0800__CAM_BACK_LEFT__1542799326197423.jpg", "samples/CAM_BACK/n015-2018-11-21-19-21-35+0800__CAM_BACK__1542799326187525.jpg", "samples/CAM_BACK_RIGHT/n015-2018-11-21-19-21-35+0800__CAM_BACK_RIGHT__1542799326177893.jpg"], "intrinsics": [[[1272.5979470598488, 0.0, 826.6154927353808], [0.0, 1272.5979470598488, 479.75165386361925], [0.0, 0.0, 1.0]], [[1266.417203046554, 0.0, 816.2670197447984], [0.0, 1266.417203046554, 491.50706579294757], [0.0, 0.0, 1.0]], [[1260.8474446004698, 0.0, 807.968244525554], [0.0, 1260.8474446004698, 495.3344268742088], [0.0, 0.0, 1.0]], [[1256.7414812095406, 0.0, 792.1125740759628], [0.0, 1256.7414812095406, 492.7757465151356], [0.0, 0.0, 1.0]], [[809.2209905677063, 0.0, 829.2196003259838], [0.0, 809.2209905677063, 481.77842384512485], [0.0, 0.0, 1.0]], [[1259.5137405846733, 0.0, 807.2529053838625], [0.0, 1259.5137405846733, 501.19579884916527], [0.0, 0.0, 1.0]]], "extrinsics": [[[0.8205296397209167, -0.5710225701332092, 0.02577606402337551, -0.9267578125], [0.020205311477184296, -0.01609114184975624, -0.9996663928031921, 1.509185791015625], [0.5712468028068542, 0.8207767009735107, -0.0016655693762004375, -1.254150390625], [0.0, 0.0, 0.0, 1.0]], [[0.005468315444886684, -0.9997794032096863, 0.02027837000787258, 0.005615234375], [0.01495792344212532, -0.020194625481963158, -0.99968421459198, 1.5211029052734375], [0.999873161315918, 0.00576992379501462, 0.014844192191958427, -1.65447998046875], [0.0, 0.0, 0.0, 1.0]], [[-0.8326900601387024, -0.5535224080085754, -0.015498101711273193, 1.0081787109375], [0.020625824108719826, -0.0030354447662830353, -0.9997826218605042, 1.5042572021484375], [0.5533549785614014, -0.8328288197517395, 0.01394443865865469, -1.232421875], [0.0, 0.0, 0.0, 1.0]], [[0.947588324546814, 0.3190343379974365, 0.017132440581917763, -1.142486572265625], [0.02936958521604538, -0.03358539193868637, -0.9990041851997375, 1.5885467529296875], [-0.31814125180244446, 0.9471479654312134, -0.04119503125548363, -0.10400390625], [0.0, 0.0, 0.0, 1.0]], [[0.0027900009881705046, 0.9997203350067139, -0.02348441816866398, 0.00244140625], [0.003946159966289997, -0.023495331406593323, -0.9997161626815796, 1.57940673828125], [-0.999988317489624, 0.0026965236756950617, -0.004010605625808239, -0.00836181640625], [0.0, 0.0, 0.0, 1.0]], [[-0.9342630505561829, 0.35465604066848755, -0.03703586384654045, 1.1165771484375], [0.036539074033498764, -0.008100274950265884, -0.9992994070053101, 1.552215576171875], [-0.35470762848854065, -0.9349618554115295, -0.005391017068177462, -0.07080078125], [0.0, 0.0, 0.0, 1.0]]], "view": [[0.0, -2.0, 100.0], [-2.0, 0.0, 100.0], [0.0, 0.0, 1.0]], "bev": "bev_03d01b47ef714213b94aae1b95d5b44e.png", "aux": "aux_03d01b47ef714213b94aae1b95d5b44e.npz", "visibility": "visibility_03d01b47ef714213b94aae1b95d5b44e.png", "pose": [[-0.44341301918029785, -0.8963174223899841, 0.0, 2450.00048828125], [0.8963174223899841, -0.44341301918029785, 0.0, 2038.7353515625], [0.0, 0.0, 1.0, 0.0], [0.0, 0.0, 0.0, 1.0]], "pose_inverse": [[-0.44341301918029785, 0.8963174223899841, 0.0, -740.9918823242188], [-0.8963174223899841, -0.44341301918029785, 0.0, 3099.97998046875], [0.0, 0.0, 1.0, 0.0], [0.0, 0.0, 0.0, 1.0]], "cam_ids": [0, 1, 2, 3, 4, 5], "cam_channels": ["CAM_FRONT_LEFT", "CAM_FRONT", "CAM_FRONT_RIGHT", "CAM_BACK_LEFT", "CAM_BACK", "CAM_BACK_RIGHT"], "token": "03d01b47ef714213b94aae1b95d5b44e", "scene": "scene-1059"}, {"images": ["samples/CAM_FRONT_LEFT/n015-2018-11-21-19-21-35+0800__CAM_FRONT_LEFT__1542799326655396.jpg", "samples/CAM_FRONT/n015-2018-11-21-19-21-35+0800__CAM_FRONT__1542799326662460.jpg", "samples/CAM_FRONT_RIGHT/n015-2018-11-21-19-21-35+0800__CAM_FRONT_RIGHT__1542799326670339.jpg", "samples/CAM_BACK_LEFT/n015-2018-11-21-19-21-35+0800__CAM_BACK_LEFT__1542799326697423.jpg", "samples/CAM_BACK/n015-2018-11-21-19-21-35+0800__CAM_BACK__1542799326687525.jpg", "samples/CAM_BACK_RIGHT/n015-2018-11-21-19-21-35+0800__CAM_BACK_RIGHT__1542799326677893.jpg"], "intrinsics": [[[1272.5979470598488, 0.0, 826.6154927353808], [0.0, 1272.5979470598488, 479.75165386361925], [0.0, 0.0, 1.0]], [[1266.417203046554, 0.0, 816.2670197447984], [0.0, 1266.417203046554, 491.50706579294757], [0.0, 0.0, 1.0]], [[1260.8474446004698, 0.0, 807.968244525554], [0.0, 1260.8474446004698, 495.3344268742088], [0.0, 0.0, 1.0]], [[1256.7414812095406, 0.0, 792.1125740759628], [0.0, 1256.7414812095406, 492.7757465151356], [0.0, 0.0, 1.0]], [[809.2209905677063, 0.0, 829.2196003259838], [0.0, 809.2209905677063, 481.77842384512485], [0.0, 0.0, 1.0]], [[1259.5137405846733, 0.0, 807.2529053838625], [0.0, 1259.5137405846733, 501.19579884916527], [0.0, 0.0, 1.0]]], "extrinsics": [[[0.8205985426902771, -0.570918083190918, 0.025893835350871086, -0.92236328125], [0.019628353416919708, -0.017126882448792458, -0.9996606707572937, 1.5092620849609375], [0.5711678266525269, 0.820828378200531, -0.002848111791536212, -1.25146484375], [0.0, 0.0, 0.0, 1.0]], [[0.00555433752015233, -0.9997584819793701, 0.021262090653181076, 0.005615234375], [0.01433764211833477, -0.021180614829063416, -0.9996728897094727, 1.5211563110351562], [0.9998817443847656, 0.005857398267835379, 0.014216532930731773, -1.64959716796875], [0.0, 0.0, 0.0, 1.0]], [[-0.8326731324195862, -0.5535765886306763, -0.014435216784477234, 1.0050048828125], [0.01996700093150139, -0.003962884657084942, -0.999792754650116, 1.5043048858642578], [0.553404688835144, -0.8327887654304504, 0.014353052712976933, -1.23046875], [0.0, 0.0, 0.0, 1.0]], [[0.9476032257080078, 0.319038063287735, 0.016210364177823067, -1.142547607421875], [0.028643829748034477, -0.0343182310461998, -0.9990003705024719, 1.5885467529296875], [-0.3181628882884979, 0.9471203088760376, -0.041658543050289154, -0.103515625], [0.0, 0.0, 0.0, 1.0]], [[0.0027737391646951437, 0.9997008442878723, -0.02430187352001667, 0.00244140625], [0.003225294640287757, -0.024310782551765442, -0.9996992349624634, 1.5793991088867188], [-0.9999908804893494, 0.0026945131830871105, -0.0032917612697929144, -0.00946044921875], [0.0, 0.0, 0.0, 1.0]], [[-0.9342977404594421, 0.3545989990234375, -0.03670288622379303, 1.1142578125], [0.03585222736001015, -0.00897112675011158, -0.9993168711662292, 1.5522918701171875], [-0.35468605160713196, -0.9349755644798279, -0.00433146208524704, -0.071533203125], [0.0, 0.0, 0.0, 1.0]]], "view": [[0.0, -2.0, 100.0], [-2.0, 0.0, 100.0], [0.0, 0.0, 1.0]], "bev": "bev_bdea805e042d412c92ad5c6e4ca7385b.png", "aux": "aux_bdea805e042d412c92ad5c6e4ca7385b.npz", "visibility": "visibility_bdea805e042d412c92ad5c6e4ca7385b.png", "pose": [[-0.44052833318710327, -0.8977386951446533, 0.0, 2449.75], [0.8977386951446533, -0.44052833318710327, 0.0, 2039.2552490234375], [0.0, 0.0, 1.0, 0.0], [0.0, 0.0, 0.0, 1.0]], "pose_inverse": [[-0.44052833318710327, 0.8977386951446533, 0.0, -751.5340576171875], [-0.8977386951446533, -0.44052833318710327, 0.0, 3097.585205078125], [0.0, 0.0, 1.0, 0.0], [0.0, 0.0, 0.0, 1.0]], "cam_ids": [0, 1, 2, 3, 4, 5], "cam_channels": ["CAM_FRONT_LEFT", "CAM_FRONT", "CAM_FRONT_RIGHT", "CAM_BACK_LEFT", "CAM_BACK", "CAM_BACK_RIGHT"], "token": "bdea805e042d412c92ad5c6e4ca7385b", "scene": "scene-1059"}, {"images": ["samples/CAM_FRONT_LEFT/n015-2018-11-21-19-21-35+0800__CAM_FRONT_LEFT__1542799327154844.jpg", "samples/CAM_FRONT/n015-2018-11-21-19-21-35+0800__CAM_FRONT__1542799327162460.jpg", "samples/CAM_FRONT_RIGHT/n015-2018-11-21-19-21-35+0800__CAM_FRONT_RIGHT__1542799327170339.jpg", "samples/CAM_BACK_LEFT/n015-2018-11-21-19-21-35+0800__CAM_BACK_LEFT__1542799327197423.jpg", "samples/CAM_BACK/n015-2018-11-21-19-21-35+0800__CAM_BACK__1542799327187525.jpg", "samples/CAM_BACK_RIGHT/n015-2018-11-21-19-21-35+0800__CAM_BACK_RIGHT__1542799327177893.jpg"], "intrinsics": [[[1272.5979470598488, 0.0, 826.6154927353808], [0.0, 1272.5979470598488, 479.75165386361925], [0.0, 0.0, 1.0]], [[1266.417203046554, 0.0, 816.2670197447984], [0.0, 1266.417203046554, 491.50706579294757], [0.0, 0.0, 1.0]], [[1260.8474446004698, 0.0, 807.968244525554], [0.0, 1260.8474446004698, 495.3344268742088], [0.0, 0.0, 1.0]], [[1256.7414812095406, 0.0, 792.1125740759628], [0.0, 1256.7414812095406, 492.7757465151356], [0.0, 0.0, 1.0]], [[809.2209905677063, 0.0, 829.2196003259838], [0.0, 809.2209905677063, 481.77842384512485], [0.0, 0.0, 1.0]], [[1259.5137405846733, 0.0, 807.2529053838625], [0.0, 1259.5137405846733, 501.19579884916527], [0.0, 0.0, 1.0]]], "extrinsics": [[[0.8205887675285339, -0.5709120035171509, 0.026336003094911575, -0.911865234375], [0.02125397138297558, -0.015564731322228909, -0.9996529221534729, 1.5096206665039062], [0.5711237788200378, 0.820863664150238, -0.000638096418697387, -1.244140625], [0.0, 0.0, 0.0, 1.0]], [[0.00557660311460495, -0.999789834022522, 0.01972469873726368, 0.00537109375], [0.016064172610640526, -0.019632892683148384, -0.9996781945228577, 1.5213775634765625], [0.9998553395271301, 0.005891634151339531, 0.015951313078403473, -1.63946533203125], [0.0, 0.0, 0.0, 1.0]], [[-0.8326110243797302, -0.5536031126976013, -0.016805488616228104, 0.998291015625], [0.021794550120830536, -0.0024294231552630663, -0.9997594952583313, 1.5045356750488281], [0.553429126739502, -0.8327770829200745, 0.014088294468820095, -1.22607421875], [0.0, 0.0, 0.0, 1.0]], [[0.9475573897361755, 0.3190363049507141, 0.018723491579294205, -1.143341064453125], [0.03079485520720482, -0.03283446282148361, -0.9989862442016602, 1.5885238647460938], [-0.3180980980396271, 0.947173535823822, -0.04093721881508827, -0.103515625], [0.0, 0.0, 0.0, 1.0]], [[0.002758778864517808, 0.9997367262840271, -0.022778529673814774, 0.00244140625], [0.005270913243293762, -0.022792836651206017, -0.9997263550758362, 1.579437255859375], [-0.9999823570251465, 0.002637989353388548, -0.005