[{"images": ["samples/CAM_FRONT_LEFT/n008-2018-08-01-15-16-36-0400__CAM_FRONT_LEFT__1533151471504799.jpg", "samples/CAM_FRONT/n008-2018-08-01-15-16-36-0400__CAM_FRONT__1533151471512404.jpg", "samples/CAM_FRONT_RIGHT/n008-2018-08-01-15-16-36-0400__CAM_FRONT_RIGHT__1533151471520482.jpg", "samples/CAM_BACK_LEFT/n008-2018-08-01-15-16-36-0400__CAM_BACK_LEFT__1533151471547405.jpg", "samples/CAM_BACK/n008-2018-08-01-15-16-36-0400__CAM_BACK__1533151471537558.jpg", "samples/CAM_BACK_RIGHT/n008-2018-08-01-15-16-36-0400__CAM_BACK_RIGHT__1533151471528113.jpg"], "intrinsics": [[[1257.8625342125129, 0.0, 827.2410631095686], [0.0, 1257.8625342125129, 450.915498205774], [0.0, 0.0, 1.0]], [[1252.8131021185304, 0.0, 826.588114781398], [0.0, 1252.8131021185304, 469.9846626224581], [0.0, 0.0, 1.0]], [[1256.7485116440405, 0.0, 817.7887570959712], [0.0, 1256.7485116440403, 451.9541780095127], [0.0, 0.0, 1.0]], [[1254.9860565800168, 0.0, 829.5769333630991], [0.0, 1254.9860565800168, 467.1680561863987], [0.0, 0.0, 1.0]], [[796.8910634503094, 0.0, 857.7774326863696], [0.0, 796.8910634503094, 476.8848988407415], [0.0, 0.0, 1.0]], [[1249.9629280788233, 0.0, 825.3768045375984], [0.0, 1249.9629280788233, 462.54816385708756], [0.0, 0.0, 1.0]]], "extrinsics": [[[0.822526216506958, -0.568657398223877, -0.008915209211409092, -1.0048828125], [0.004177838563919067, 0.021716788411140442, -0.9997553825378418, 1.4882888793945312], [0.5687119364738464, 0.8222877979278564, 0.02023838460445404, -1.3333740234375], [0.0, 0.0, 0.0, 1.0]], [[0.010217908769845963, -0.9997937083244324, -0.017551174387335777, 0.0052490234375], [0.006136629730463028, 0.01761445589363575, -0.9998260140419006, 1.4801673889160156], [0.999928891658783, 0.010108436457812786, 0.0063153477385640144, -1.73468017578125], [0.0, 0.0, 0.0, 1.0]], [[-0.8440210819244385, -0.5360485911369324, -0.016745753586292267, 1.09063720703125], [0.014162699691951275, 0.008935362100601196, -0.9998597502708435, 1.4930734634399414], [0.5361230969429016, -0.8441397547721863, 5.0261427531950176e-05, -1.2777099609375], [0.0, 0.0, 0.0, 1.0]], [[0.9478740692138672, 0.3186315894126892, -0.002949744462966919, -1.143890380859375], [-0.01122148334980011, 0.024127716198563576, -0.9996459484100342, 1.5620384216308594], [-0.31844761967658997, 0.9475715160369873, 0.026445556432008743, -0.1561279296875], [0.0, 0.0, 0.0, 1.0]], [[0.009251462295651436, 0.9998207688331604, 0.01651756279170513, -0.02880859375], [-0.00909938383847475, 0.01660175807774067, -0.9998207688331604, 1.5680618286132812], [-0.9999158382415771, 0.00909949466586113, 0.009251343086361885, 0.04425048828125], [0.0, 0.0, 0.0, 1.0]], [[-0.9237335324287415, 0.38302937150001526, 0.0021778936497867107, 1.16064453125], [-0.004896112252026796, -0.0061219241470098495, -0.9999692440032959, 1.5478129386901855], [-0.38300418853759766, -0.9237158298492432, 0.007530381437391043, -0.0435791015625], [0.0, 0.0, 0.0, 1.0]]], "view": [[0.0, -2.0, 100.0], [-2.0, 0.0, 100.0], [0.0, 0.0, 1.0]], "bev": "bev_028a3f3a237e469cb099f6d9c8e7f2f4.png", "aux": "aux_028a3f3a237e469cb099f6d9c8e7f2f4.npz", "visibility": "visibility_028a3f3a237e469cb099f6d9c8e7f2f4.png", "pose": [[-0.8587040305137634, -0.5124717950820923, 0.0, 593.4275512695312], [0.5124717950820923, -0.8587040305137634, 0.0, 1511.4444580078125], [0.0, 0.0, 1.0, 0.0], [0.0, 0.0, 0.0, 1.0]], "pose_inverse": [[-0.8587040305137634, 0.5124717950820923, 0.0, -264.9940185546875], [-0.5124717950820923, -0.8587040305137634, 0.0, 1601.9984130859375], [0.0, 0.0, 1.0, 0.0], [0.0, 0.0, 0.0, 1.0]], "cam_ids": [0, 1, 2, 3, 4, 5], "cam_channels": ["CAM_FRONT_LEFT", "CAM_FRONT", "CAM_FRONT_RIGHT", "CAM_BACK_LEFT", "CAM_BACK", "CAM_BACK_RIGHT"], "token": "028a3f3a237e469cb099f6d9c8e7f2f4", "scene": "scene-0100"}, {"images": ["samples/CAM_FRONT_LEFT/n008-2018-08-01-15-16-36-0400__CAM_FRONT_LEFT__1533151472004799.jpg", "samples/CAM_FRONT/n008-2018-08-01-15-16-36-0400__CAM_FRONT__1533151472012404.jpg", "samples/CAM_FRONT_RIGHT/n008-2018-08-01-15-16-36-0400__CAM_FRONT_RIGHT__1533151472020482.jpg", "samples/CAM_BACK_LEFT/n008-2018-08-01-15-16-36-0400__CAM_BACK_LEFT__1533151472047405.jpg", "samples/CAM_BACK/n008-2018-08-01-15-16-36-0400__CAM_BACK__1533151472037558.jpg", "samples/CAM_BACK_RIGHT/n008-2018-08-01-15-16-36-0400__CAM_BACK_RIGHT__1533151472028113.jpg"], "intrinsics": [[[1257.8625342125129, 0.0, 827.2410631095686], [0.0, 1257.8625342125129, 450.915498205774], [0.0, 0.0, 1.0]], [[1252.8131021185304, 0.0, 826.588114781398], [0.0, 1252.8131021185304, 469.9846626224581], [0.0, 0.0, 1.0]], [[1256.7485116440405, 0.0, 817.7887570959712], [0.0, 1256.7485116440403, 451.9541780095127], [0.0, 0.0, 1.0]], [[1254.9860565800168, 0.0, 829.5769333630991], [0.0, 1254.9860565800168, 467.1680561863987], [0.0, 0.0, 1.0]], [[796.8910634503094, 0.0, 857.7774326863696], [0.0, 796.8910634503094, 476.8848988407415], [0.0, 0.0, 1.0]], [[1249.9629280788233, 0.0, 825.3768045375984], [0.0, 1249.9629280788233, 462.54816385708756], [0.0, 0.0, 1.0]]], "extrinsics": [[[0.8225396871566772, -0.5686364769935608, -0.009009227156639099, -1.0048828125], [0.004103068727999926, 0.021774811670184135, -0.9997544288635254, 1.4882926940917969], [0.5686930418014526, 0.8223007321357727, 0.020243799313902855, -1.3333740234375], [0.0, 0.0, 0.0, 1.0]], [[0.010238892398774624, -0.9997925758361816, -0.01760350912809372, 0.00537109375], [0.006054904777556658, 0.017666097730398178, -0.9998255968093872, 1.4801654815673828], [0.9999292492866516, 0.010130473412573338, 0.006234530825167894, -1.734588623046875], [0.0, 0.0, 0.0, 1.0]], [[-0.8440118432044983, -0.536064624786377, -0.016694694757461548, 1.0906982421875], [0.014073655940592289, 0.00898032821714878, -0.9998605847358704, 1.4930734634399414], [0.5361398458480835, -0.8441291451454163, -3.51156631950289e-05, -1.277587890625], [0.0, 0.0, 0.0, 1.0]], [[0.9478721022605896, 0.3186367452144623, -0.0030258260667324066, -1.143890380859375], [-0.011319737881422043, 0.02418086864054203, -0.9996435046195984, 1.5620346069335938], [-0.31845006346702576, 0.947568416595459, 0.026527253910899162, -0.15625], [0.0, 0.0, 0.0, 1.0]], [[0.009245391003787518, 0.9998201131820679, 0.01656162552535534, -0.0286865234375], [-0.009192441590130329, 0.01664661429822445, -0.9998191595077515, 1.5680599212646484], [-0.9999150633811951, 0.009091435000300407, 0.009344690479338169, 0.044342041015625], [0.0, 0.0, 0.0, 1.0]], [[-0.9237390756607056, 0.38301554322242737, 0.0022803591564297676, 1.16070556640625], [-0.004987431224435568, -0.006074938923120499, -0.9999690651893616, 1.5478129386901855], [-0.3829898536205292, -0.9237219095230103, 0.00752192223444581, -0.0435791015625], [0.0, 0.0, 0.0, 1.0]]], "view": [[0.0, -2.0, 100.0], [-2.0, 0.0, 100.0], [0.0, 0.0, 1.0]], "bev": "bev_d20b00f4db5f46d081ce884d84f39d3e.png", "aux": "aux_d20b00f4db5f46d081ce884d84f39d3e.npz", "visibility": "visibility_d20b00f4db5f46d081ce884d84f39d3e.png", "pose": [[-0.8587191700935364, -0.5124464631080627, 0.0, 593.4275512695312], [0.5124464631080627, -0.8587191700935364, 0.0, 1511.4444580078125], [0.0, 0.0, 1.0, 0.0], [0.0, 0.0, 0.0, 1.0]], "pose_inverse": [[-0.8587191700935364, 0.5124464631080627, 0.0, -264.94677734375], [-0.5124464631080627, -0.8587191700935364, 0.0, 1602.0062255859375], [0.0, 0.0, 1.0, 0.0], [0.0, 0.0, 0.0, 1.0]], "cam_ids": [0, 1, 2, 3, 4, 5], "cam_channels": ["CAM_FRONT_LEFT", "CAM_FRONT", "CAM_FRONT_RIGHT", "CAM_BACK_LEFT", "CAM_BACK", "CAM_BACK_RIGHT"], "token": "d20b00f4db5f46d081ce884d84f39d3e", "scene": "scene-0100"}, {"images": ["samples/CAM_FRONT_LEFT/n008-2018-08-01-15-16-36-0400__CAM_FRONT_LEFT__1533151472504799.jpg", "samples/CAM_FRONT/n008-2018-08-01-15-16-36-0400__CAM_FRONT__1533151472512404.jpg", "samples/CAM_FRONT_RIGHT/n008-2018-08-01-15-16-36-0400__CAM_FRONT_RIGHT__1533151472520482.jpg", "samples/CAM_BACK_LEFT/n008-2018-08-01-15-16-36-0400__CAM_BACK_LEFT__1533151472547405.jpg", "samples/CAM_BACK/n008-2018-08-01-15-16-36-0400__CAM_BACK__1533151472537558.jpg", "samples/CAM_BACK_RIGHT/n008-2018-08-01-15-16-36-0400__CAM_BACK_RIGHT__1533151472528113.jpg"], "intrinsics": [[[1257.8625342125129, 0.0, 827.2410631095686], [0.0, 1257.8625342125129, 450.915498205774], [0.0, 0.0, 1.0]], [[1252.8131021185304, 0.0, 826.588114781398], [0.0, 1252.8131021185304, 469.9846626224581], [0.0, 0.0, 1.0]], [[1256.7485116440405, 0.0, 817.7887570959712], [0.0, 1256.7485116440403, 451.9541780095127], [0.0, 0.0, 1.0]], [[1254.9860565800168, 0.0, 829.5769333630991], [0.0, 1254.9860565800168, 467.1680561863987], [0.0, 0.0, 1.0]], [[796.8910634503094, 0.0, 857.7774326863696], [0.0, 796.8910634503094, 476.8848988407415], [0.0, 0.0, 1.0]], [[1249.9629280788233, 0.0, 825.3768045375984], [0.0, 1249.9629280788233, 462.54816385708756], [0.0, 0.0, 1.0]]], "extrinsics": [[[0.8225383162498474, -0.5686376690864563, -0.009058802388608456, -1.0050048828125], [0.004096530843526125, 0.021852433681488037, -0.9997528195381165, 1.4882926940917969], [0.568695068359375, 0.8222978115081787, 0.02030390314757824, -1.3333740234375], [0.0, 0.0, 0.0, 1.0]], [[0.010234474204480648, -0.9997913837432861, -0.01767520047724247, 0.00537109375], [0.006056859623640776, 0.01773778721690178, -0.9998243451118469, 1.48016357421875], [0.9999292492866516, 0.010125666856765747, 0.00623713294044137, -1.7347564697265625], [0.0, 0.0, 0.0, 1.0]], [[-0.8440153002738953, -0.5360579490661621, -0.01673894375562668, 1.0906982421875], [0.014084581285715103, 0.009045661427080631, -0.9998598694801331, 1.4930706024169922], [0.5361342430114746, -0.8441327810287476, -8.452450856566429e-05, -1.277587890625], [0.0, 0.0, 0.0, 1.0]], [[0.9478743672370911, 0.31863027811050415, -0.0029816061723977327, -1.1439208984375], [-0.011283769272267818, 0.024213183671236038, -0.999643087387085, 1.5620460510253906], [-0.3184443712234497, 0.947569727897644, 0.026546407490968704, -0.1558837890625], [0.0, 0.0, 0.0, 1.0]], [[0.009247981011867523, 0.9998194575309753, 0.016596538946032524, -0.02880859375], [-0.009172200225293636, 0.01668136566877365, -0.9998188018798828, 1.5680618286132812], [-0.9999152421951294, 0.009094019420444965, 0.009324814192950726, 0.044403076171875], [0.0, 0.0, 0.0, 1.0]], [[-0.9237369894981384, 0.38302063941955566, 0.002284362679347396, 1.16058349609375], [-0.004971652291715145, -0.0060263220220804214, -0.999969482421875, 1.5478119850158691], [-0.3829951584339142, -0.923720121383667, 0.007470982614904642, -0.043701171875], [0.0, 0.0, 0.0, 1.0]]], "view": [[0.0, -2.0, 100.0], [-2.0, 0.0, 100.0], [0.0, 0.0, 1.0]], "bev": "bev_0a66d3360b3e46228e210dd6a651ded2.png", "aux": "aux_0a66d3360b3e46228e210dd6a651ded2.npz", "visibility": "visibility_0a66d3360b3e46228e210dd6a651ded2.png", "pose": [[-0.8587554097175598, -0.5123857855796814, 0.0, 593.4275512695312], [0.5123857855796814, -0.8587554097175598, 0.0, 1511.4444580078125], [0.0, 0.0, 1.0, 0.0], [0.0, 0.0, 0.0, 1.0]], "pose_inverse": [[-0.8587554097175598, 0.5123857855796814, 0.0, -264.8335266113281], [-0.5123857855796814, -0.8587554097175598, 0.0, 1602.02490234375], [0.0, 0.0, 1.0, 0.0], [0.0, 0.0, 0.0, 1.0]], "cam_ids": [0, 1, 2, 3, 4, 5], "cam_channels": ["CAM_FRONT_LEFT", "CAM_FRONT", "CAM_FRONT_RIGHT", "CAM_BACK_LEFT", "CAM_BACK", "CAM_BACK_RIGHT"], "token": "0a66d3360b3e46228e210dd6a651ded2", "scene": "scene-0100"}, {"images": ["samples/CAM_FRONT_LEFT/n008-2018-08-01-15-16-36-0400__CAM_FRONT_LEFT__1533151473004799.jpg", "samples/CAM_FRONT/n008-2018-08-01-15-16-36-0400__CAM_FRONT__1533151473012404.jpg", "samples/CAM_FRONT_RIGHT/n008-2018-08-01-15-16-36-0400__CAM_FRONT_RIGHT__1533151473020482.jpg", "samples/CAM_BACK_LEFT/n008-2018-08-01-15-16-36-0400__CAM_BACK_LEFT__1533151473047405.jpg", "samples/CAM_BACK/n008-2018-08-01-15-16-36-0400__CAM_BACK__1533151473037558.jpg", "samples/CAM_BACK_RIGHT/n008-2018-08-01-15-16-36-0400__CAM_BACK_RIGHT__1533151473028113.jpg"], "intrinsics": [[[1257.8625342125129, 0.0, 827.2410631095686], [0.0, 1257.8625342125129, 450.915498205774], [0.0, 0.0, 1.0]], [[1252.8131021185304, 0.0, 826.588114781398], [0.0, 1252.8131021185304, 469.9846626224581], [0.0, 0.0, 1.0]], [[1256.7485116440405, 0.0, 817.7887570959712], [0.0, 1256.7485116440403, 451.9541780095127], [0.0, 0.0, 1.0]], [[1254.9860565800168, 0.0, 829.5769333630991], [0.0, 1254.9860565800168, 467.1680561863987], [0.0, 0.0, 1.0]], [[796.8910634503094, 0.0, 857.7774326863696], [0.0, 796.8910634503094, 476.8848988407415], [0.0, 0.0, 1.0]], [[1249.9629280788233, 0.0, 825.3768045375984], [0.0, 1249.9629280788233, 462.54816385708756], [0.0, 0.0, 1.0]]], "extrinsics": [[[0.8225479125976562, -0.5686238408088684, -0.009050959721207619, -1.0048828125], [0.00411293376237154, 0.021862968802452087, -0.9997525215148926, 1.4882926940917969], [0.5686809420585632, 0.8223071694374084, 0.020322050899267197, -1.3333740234375], [0.0, 0.0, 0.0, 1.0]], [[0.010249020531773567, -0.9997908473014832, -0.01769689843058586, 0.00537109375], [0.006074013654142618, 0.017759747803211212, -0.9998238682746887, 1.48016357421875], [0.9999290704727173, 0.010139626450836658, 0.006254763808101416, -1.734619140625], [0.0, 0.0, 0.0, 1.0]], [[-0.8440088033676147, -0.536067008972168, -0.016772435978055, 1.090576171875], [0.014102560468018055, 0.009079815819859505, -0.9998593330383301, 1.4930734634399414], [0.5361438989639282, -0.8441265821456909, -0.00010352603567298502, -1.2777099609375], [0.0, 0.0, 0.0, 1.0]], [[0.9478726387023926, 0.31863564252853394, -0.0029682819731533527, -1.14398193359375], [-0.011287784203886986, 0.024266473948955536, -0.9996417760848999, 1.5620384216308594], [-0.3184494376182556, 0.947566568851471, 0.026598215103149414, -0.1561279296875], [0.0, 0.0, 0.0, 1.0]], [[0.009243990294635296, 0.9998185634613037, 0.016653727740049362, -0.02880859375], [-0.00915711559355259, 0.01673838123679161, -0.999817967414856, 1.5680618286132812], [-0.9999153017997742, 0.009089803323149681, 0.009310184046626091, 0.044342041015625], [0.0, 0.0, 0.0, 1.0]], [[-0.923740029335022, 0.38301295042037964, 0.002288688439875841, 1.16058349609375], [-0.004956849385052919, -0.005979487206786871, -0.9999698400497437, 1.5478110313415527], [-0.38298773765563965, -0.9237235188484192, 0.007422030437737703, -0.0438232421875], [0.0, 0.0, 0.0, 1.0]]], "view": [[0.0, -2.0, 100.0], [-2.0, 0.0, 100.0], [0.0, 0.0, 1.0]], "bev": "bev_d8230413dcd947d8bb19287931a618d7.png", "aux": "aux_d8230413dcd947d8bb19287931a618d7.npz", "visibility": "visibility_d8230413dcd947d8bb19287931a618d7.png", "pose": [[-0.8587155938148499, -0.5124524235725403, 0.0, 593.4275512695312], [0.5124524235725403, -0.8587155938148499, 0.0, 1511.4444580078125], [0.0, 0.0, 1.0, 0.0], [0.0, 0.0, 0.0, 1.0]], "pose_inverse": [[-0.8587155938148499, 0.5124524235725403, 0.0, -264.9578552246094], [-0.5124524235725403, -0.8587155938148499, 0.0, 1602.00439453125], [0.0, 0.0, 1.0, 0.0], [0.0, 0.0, 0.0, 1.0]], "cam_ids": [0, 1, 2, 3, 4, 5], "cam_channels": ["CAM_FRONT_LEFT", "CAM_FRONT", "CAM_FRONT_RIGHT", "CAM_BACK_LEFT", "CAM_BACK", "CAM_BACK_RIGHT"], "token": "d8230413dcd947d8bb19287931a618d7", "scene": "scene-0100"}, {"images": ["samples/CAM_FRONT_LEFT/n008-2018-08-01-15-16-36-0400__CAM_FRONT_LEFT__1533151473504799.jpg", "samples/CAM_FRONT/n008-2018-08-01-15-16-36-0400__CAM_FRONT__1533151473512404.jpg", "samples/CAM_FRONT_RIGHT/n008-2018-08-01-15-16-36-0400__CAM_FRONT_RIGHT__1533151473520482.jpg", "samples/CAM_BACK_LEFT/n008-2018-08-01-15-16-36-0400__CAM_BACK_LEFT__1533151473547405.jpg", "samples/CAM_BACK/n008-2018-08-01-15-16-36-0400__CAM_BACK__1533151473537558.jpg", "samples/CAM_BACK_RIGHT/n008-2018-08-01-15-16-36-0400__CAM_BACK_RIGHT__1533151473528113.jpg"], "intrinsics": [[[1257.8625342125129, 0.0, 827.2410631095686], [0.0, 1257.8625342125129, 450.915498205774], [0.0, 0.0, 1.0]], [[1252.8131021185304, 0.0, 826.588114781398], [0.0, 1252.8131021185304, 469.9846626224581], [0.0, 0.0, 1.0]], [[1256.7485116440405, 0.0, 817.7887570959712], [0.0, 1256.7485116440403, 451.9541780095127], [0.0, 0.0, 1.0]], [[1254.9860565800168, 0.0, 829.5769333630991], [0.0, 1254.9860565800168, 467.1680561863987], [0.0, 0.0, 1.0]], [[796.8910634503094, 0.0, 857.7774326863696], [0.0, 796.8910634503094, 476.8848988407415], [0.0, 0.0, 1.0]], [[1249.9629280788233, 0.0, 825.3768045375984], [0.0, 1249.9629280788233, 462.54816385708756], [0.0, 0.0, 1.0]]], "extrinsics": [[[0.8225314021110535, -0.5686478614807129, -0.009037940762937069, -1.005126953125], [0.004154004622250795, 0.021898431703448296, -0.9997515678405762, 1.4882965087890625], [0.5687045454978943, 0.8222895264625549, 0.02037431299686432, -1.3333740234375], [0.0, 0.0, 0.0, 1.0]], [[0.010225679725408554, -0.9997907876968384, -0.017717638984322548, 0.0054931640625], [0.006117860320955515, 0.017780788242816925, -0.9998231530189514, 1.48016357421875], [0.9999289512634277, 0.010115458630025387, 0.006298400461673737, -1.7346954345703125], [0.0, 0.0, 0.0, 1.0]], [[-0.844017744064331, -0.5360515713691711, -0.016814928501844406, 1.09063720703125], [0.014149324037134647, 0.009085450321435928, -0.9998586177825928, 1.4930734634399414], [0.5361285209655762, -0.8441363573074341, -8.351483120350167e-05, -1.277587890625], [0.0, 0.0, 0.0, 1.0]], [[0.9478736519813538, 0.3186330795288086, -0.0029069646261632442, -1.14385986328125], [-0.011221877299249172, 0.024263005703687668, -0.9996426105499268, 1.562042236328125], [-0.3184486925601959, 0.9475675821304321, 0.026573924347758293, -0.15625], [0.0, 0.0, 0.0, 1.0]], [[0.009249426424503326, 0.9998185038566589, 0.01665611006319523, -0.0286865234375], [-0.009110902436077595, 0.01674039475619793, -0.9998183250427246, 1.5680599212646484], [-0.9999157190322876, 0.009096023626625538, 0.009264088235795498, 0.0443115234375], [0.0, 0.0, 0.0, 1.0]], [[-0.9237352609634399, 0.3830247223377228, 0.002249898621812463, 1.16070556640625], [-0.004913812503218651, -0.00597671652212739, -0.999970018863678, 1.5478129386901855], [-0.38299989700317383, -0.9237186908721924, 0.007403016090393066, -0.043701171875], [0.0, 0.0, 0.0, 1.0]]], "view": [[0.0, -2.0, 100.0], [-2.0, 0.0, 100.0], [0.0, 0.0, 1.0]], "bev": "bev_5791344561914f83bd244e26e95b4a2a.png", "aux": "aux_5791344561914f83bd244e26e95b4a2a.npz", "visibility": "visibility_5791344561914f83bd244e26e95b4a2a.png", "pose": [[-0.8586998581886292, -0.5124788284301758, 0.0, 593.4276123046875], [0.5124788284301758, -0.8586998581886292, 0.0, 1511.4444580078125], [0.0, 0.0, 1.0, 0.0], [0.0, 0.0, 0.0, 1.0]], "pose_inverse": [[-0.8586998581886292, 0.5124788284301758, 0.0, -265.0070495605469], [-0.5124788284301758, -0.8586998581886292, 0.0, 1601.9962158203125], [0.0, 0.0, 1.0, 0.0], [0.0, 0.0, 0.0, 1.0]], "cam_ids": [0, 1, 2, 3, 4, 5], "cam_channels": ["CAM_FRONT_LEFT", "CAM_FRONT", "CAM_FRONT_RIGHT", "CAM_BACK_LEFT", "CAM_BACK", "CAM_BACK_RIGHT"], "token": "5791344561914f83bd244e26e95b4a2a", "scene": "scene-0100"}, {"images": ["samples/CAM_FRONT_LEFT/n008-2018-08-01-15-16-36-0400__CAM_FRONT_LEFT__1533151474004820.jpg", "samples/CAM_FRONT/n008-2018-08-01-15-16-36-0400__CAM_FRONT__1533151474012404.jpg", "samples/CAM_FRONT_RIGHT/n008-2018-08-01-15-16-36-0400__CAM_FRONT_RIGHT__1533151474020482.jpg", "samples/CAM_BACK_LEFT/n008-2018-08-01-15-16-36-0400__CAM_BACK_LEFT__1533151474047405.jpg", "samples/CAM_BACK/n008-2018-08-01-15-16-36-0400__CAM_BACK__1533151474037558.jpg", "samples/CAM_BACK_RIGHT/n008-2018-08-01-15-16-36-0400__CAM_BACK_RIGHT__1533151474028113.jpg"], "intrinsics": [[[1257.8625342125129, 0.0, 827.2410631095686], [0.0, 1257.8625342125129, 450.915498205774], [0.0, 0.0, 1.0]], [[1252.8131021185304, 0.0, 826.588114781398], [0.0, 1252.8131021185304, 469.9846626224581], [0.0, 0.0, 1.0]], [[1256.7485116440405, 0.0, 817.7887570959712], [0.0, 1256.7485116440403, 451.9541780095127], [0.0, 0.0, 1.0]], [[1254.9860565800168, 0.0, 829.5769333630991], [0.0, 1254.9860565800168, 467.1680561863987], [0.0, 0.0, 1.0]], [[796.8910634503094, 0.0, 857.7774326863696], [0.0, 796.8910634503094, 476.8848988407415], [0.0, 0.0, 1.0]], [[1249.9629280788233, 0.0, 825.3768045375984], [0.0, 1249.9629280788233, 462.54816385708756], [0.0, 0.0, 1.0]]], "extrinsics": [[[0.8225334286689758, -0.5686466097831726, -0.008934931829571724, -1.005126953125], [0.004305482376366854, 0.02193647436797619, -0.9997500777244568, 1.4882965087890625], [0.5687005519866943, 0.8222894072532654, 0.02049178071320057, -1.33349609375], [0.0, 0.0, 0.0, 1.0]], [[0.010227411985397339, -0.9997901916503906, -0.01774795725941658, 0.0052490234375], [0.006259058602154255, 0.017812544479966164, -0.9998217821121216, 1.4801654815673828], [0.9999281167984009, 0.01011440996080637, 0.006439921446144581, -1.734588623046875], [0.0, 0.0, 0.0, 1.0]], [[-0.844016969203949, -0.5360488295555115, -0.016938289627432823, 1.09063720703125], [0.014279563911259174, 0.009110487066209316, -0.9998564720153809, 1.4930706024169922], [0.5361262559890747, -0.8441378474235535, -3.4862787288147956e-05, -1.277587890625], [0.0, 0.0, 0.0, 1.0]], [[0.9478731751441956, 0.31863564252853394, -0.002795165404677391, -1.14385986328125], [-0.011109660379588604, 0.024279702454805374, -0.9996435046195984, 1.5620384216308594], [-0.31845420598983765, 0.9475662708282471, 0.026554010808467865, -0.15625], [0.0, 0.0, 0.0, 1.0]], [[0.009248927235603333, 0.9998182058334351, 0.016674768179655075, -0.02880859375], [-0.008984344080090523, 0.016757896170020103, -0.9998192191123962, 1.5680618286132812], [-0.9999168515205383, 0.009097428061068058, 0.009137703105807304, 0.044342041015625], [0.0, 0.0, 0.0, 1.0]], [[-0.9237346649169922, 0.3830271363258362, 0.002132340567186475, 1.16058349609375], [-0.0047779870219528675, -0.0059560127556324005, -0.9999707937240601, 1.5478129386901855], [-0.383003294467926, -0.9237179160118103, 0.007331873290240765, -0.0435791015625], [0.0, 0.0, 0.0, 1.0]]], "view": [[0.0, -2.0, 100.0], [-2.0, 0.0, 100.0], [0.0, 0.0, 1.0]], "bev": "bev_6e80e8ce36464a0d8002e1924f3391cb.png", "aux": "aux_6e80e8ce36464a0d8002e1924f3391cb.npz", "visibility": "visibility_6e80e8ce36464a0d8002e1924f3391cb.png", "pose": [[-0.8586854934692383, -0.512502908706665, 0.0, 593.4276123046875], [0.512502908706665, -0.8586854934692383, 0.0, 1511.4444580078125], [0.0, 0.0, 1.0, 0.0], [0.0, 0.0, 0.0, 1.0]], "pose_inverse": [[-0.8586854934692383, 0.512502908706665, 0.0, -265.052001953125], [-0.512502908706665, -0.8586854934692383, 0.0, 1601.98876953125], [0.0, 0.0, 1.0, 0.0], [0.0, 0.0, 0.0, 1.0]], "cam_ids": [0, 1, 2, 3, 4, 5], "cam_channels": ["CAM_FRONT_LEFT", "CAM_FRONT", "CAM_FRONT_RIGHT", "CAM_BACK_LEFT", "CAM_BACK", "CAM_BACK_RIGHT"], "token": "6e80e8ce36464a0d8002e1924f3391cb", "scene": "scene-0100"}, {"images": ["samples/CAM_FRONT_LEFT/n008-2018-08-01-15-16-36-0400__CAM_FRONT_LEFT__1533151474504799.jpg", "samples/CAM_FRONT/n008-2018-08-01-15-16-36-0400__CAM_FRONT__1533151474512404.jpg", "samples/CAM_FRONT_RIGHT/n008-2018-08-01-15-16-36-0400__CAM_FRONT_RIGHT__1533151474520482.jpg", "samples/CAM_BACK_LEFT/n008-2018-08-01-15-16-36-0400__CAM_BACK_LEFT__1533151474547405.jpg", "samples/CAM_BACK/n008-2018-08-01-15-16-36-0400__CAM_BACK__1533151474537558.jpg", "samples/CAM_BACK_RIGHT/n008-2018-08-01-15-16-36-0400__CAM_BACK_RIGHT__1533151474528113.jpg"], "intrinsics": [[[1257.8625342125129, 0.0, 827.2410631095686], [0.0, 1257.8625342125129, 450.915498205774], [0.0, 0.0, 1.0]], [[1252.8131021185304, 0.0, 826.588114781398], [0.0, 1252.8131021185304, 469.9846626224581], [0.0, 0.0, 1.0]], [[1256.7485116440405, 0.0, 817.7887570959712], [0.0, 1256.7485116440403, 451.9541780095127], [0.0, 0.0, 1.0]], [[1254.9860565800168, 0.0, 829.5769333630991], [0.0, 1254.9860565800168, 467.1680561863987], [0.0, 0.0, 1.0]], [[796.8910634503094, 0.0, 857.7774326863696], [0.0, 796.8910634503094, 476.8848988407415], [0.0, 0.0, 1.0]], [[1249.9629280788233, 0.0, 825.3768045375984], [0.0, 1249.9629280788233, 462.54816385708756], [0.0, 0.0, 1.0]]], "extrinsics": [[[0.8225142955780029, -0.568674623966217, -0.008917473256587982, -1.0050048828125], [0.004382658284157515, 0.022016150876879692, -0.9997480511665344, 1.4882926940917969], [0.5687276721000671, 0.8222678899765015, 0.020600903779268265, -1.3333740234375], [0.0, 0.0, 0.0, 1.0]], [[0.010202249512076378, -0.9997892379760742, -0.017818016931414604, 0.00537109375], [0.006337727420032024, 0.017883239313960075, -0.9998199939727783, 1.4801673889160156], [0.9999278783798218, 0.010087460279464722, 0.006518840324133635, -1.7346649169921875], [0.0, 0.0, 0.0, 1.0]], [[-0.844025194644928, -0.5360328555107117, -0.017038794234395027, 1.09063720703125], [0.014359820634126663, 0.00917158741503954, -0.9998548030853271, 1.4930715560913086], [0.5361112952232361, -0.8441473841667175, -4.371615796117112e-05, -1.2774658203125], [0.0, 0.0, 0.0, 1.0]], [[0.9478752613067627, 0.3186303973197937, -0.002705539111047983, -1.14398193359375], [-0.011030405759811401, 0.024325599893927574, -0.9996432662010193, 1.562042236328125], [-0.3184508681297302, 0.9475668668746948, 0.02657225728034973, -0.156005859375], [0.0, 0.0, 0.0, 1.0]], [[0.009254525415599346, 0.9998173117637634, 0.016725024208426476, -0.02880859375], [-0.008901078253984451, 0.016807446256279945, -0.9998190999031067, 1.5680599212646484], [-0.9999175667762756, 0.009103970602154732, 0.009054996073246002, 0.0443115234375], [0.0, 0.0, 0.0, 1.0]], [[-0.9237299561500549, 0.3830385208129883, 0.002080824924632907, 1.16064453125], [-0.00470017921179533, -0.005902620032429695, -0.9999715089797974, 1.5478110313415527], [-0.38301536440849304, -0.9237135648727417, 0.007252776995301247, -0.0435791015625], [0.0, 0.0, 0.0, 1.0]]], "view": [[0.0, -2.0, 100.0], [-2.0, 0.0, 100.0], [0.0, 0.0, 1.0]], "bev": "bev_d22de14af8cc4007994efda8354c939b.png", "aux": "aux_d22de14af8cc4007994efda8354c939b.npz", "visibility": "visibility_d22de14af8cc4007994efda8354c939b.png", "pose": [[-0.8587295413017273, -0.5124291181564331, 0.0, 593.4276123046875], [0.5124291181564331, -0.8587295413017273, 0.0, 1511.4444580078125], [0.0, 0.0, 1.0, 0.0], [0.0, 0.0, 0.0, 1.0]], "pose_inverse": [[-0.8587295413017273, 0.5124291181564331, 0.0, -264.914306640625], [-0.5124291181564331, -0.8587295413017273, 0.0, 1602.0115966796875], [0.0, 0.0, 1.0, 0.0], [0.0, 0.0, 0.0, 1.0]], "cam_ids": [0, 1, 2, 3, 4, 5], "cam_channels": ["CAM_FRONT_LEFT", "CAM_FRONT", "CAM_FRONT_RIGHT", "CAM_BACK_LEFT", "CAM_BACK", "CAM_BACK_RIGHT"], "token": "d22de14af8cc4007994efda8354c939b", "scene": "scene-0100"}, {"images": ["samples/CAM_FRONT_LEFT/n008-2018-08-01-15-16-36-0400__CAM_FRONT_LEFT__1533151475004799.jpg", "samples/CAM_FRONT/n008-2018-08-01-15-16-36-0400__CAM_FRONT__1533151475012404.jpg", "samples/CAM_FRONT_RIGHT/n008-2018-08-01-15-16-36-0400__CAM_FRONT_RIGHT__1533151475020482.jpg", "samples/CAM_BACK_LEFT/n008-2018-08-01-15-16-36-0400__CAM_BACK_LEFT__1533151475047405.jpg", "samples/CAM_BACK/n008-2018-08-01-15-16-36-0400__CAM_BACK__1533151475037558.jpg", "samples/CAM_BACK_RIGHT/n008-2018-08-01-15-16-36-0400__CAM_BACK_RIGHT__1533151475028113.jpg"], "intrinsics": [[[1257.8625342125129, 0.0, 827.2410631095686], [0.0, 1257.8625342125129, 450.915498205774], [0.0, 0.0, 1.0]], [[1252.8131021185304, 0.0, 826.588114781398], [0.0, 1252.8131021185304, 469.9846626224581], [0.0, 0.0, 1.0]], [[1256.7485116440405, 0.0, 817.7887570959712], [0.0, 1256.7485116440403, 451.9541780095127], [0.0, 0.0, 1.0]], [[1254.9860565800168, 0.0, 829.5769333630991], [0.0, 1254.9860565800168, 467.1680561863987], [0.0, 0.0, 1.0]], [[796.8910634503094, 0.0, 857.7774326863696], [0.0, 796.8910634503094, 476.8848988407415], [0.0, 0.0, 1.0]], [[1249.9629280788233, 0.0, 825.3768045375984], [0.0, 1249.9629280788233, 462.54816385708756], [0.0, 0.0, 1.0]]], "extrinsics": [[[0.8225371241569519, -0.5686436295509338, -0.008786231279373169, -1.005126953125], [0.004467399325221777, 0.02190939337015152, -0.9997499585151672, 1.4882965087890625], [0.568693995475769, 0.8222922086715698, 0.020561644807457924, -1.3333740234375], [0.0, 0.0, 0.0, 1.0]], [[0.010234948247671127, -0.999790370464325, -0.01773083768785, 0.0052490234375], [0.006429698318243027, 0.0177972000092268, -0.9998209476470947, 1.4801654815673828], [0.9999269843101501, 0.010119118727743626, 0.006610504817217588, -1.734619140625], [0.0, 0.0, 0.0, 1.0]], [[-0.8440112471580505, -0.5360532999038696, -0.017088664695620537, 1.09063720703125], [0.014459498226642609, 0.009107661433517933, -0.9998539686203003, 1.493072509765625], [0.5361306071281433, -0.844135046005249, 6.409124762285501e-05, -1.277587890625], [0.0, 0.0, 0.0, 1.0]], [[0.9478752017021179, 0.3186310827732086, -0.0026215072721242905, -1.143890380859375], [-0.01092553697526455, 0.02427718974649906, -0.9996455907821655, 1.562042236328125], [-0.3184545338153839, 0.947567880153656, 0.02649296075105667, -0.15625], [0.0, 0.0, 0.0, 1.0]], [[0.009244393557310104, 0.9998182654380798, 0.01666981354355812, -0.0286865234375], [-0.008797554299235344, 0.016751201823353767, -0.9998209476470947, 1.5680599212646484], [-0.9999185800552368, 0.00909606833010912, 0.008950810879468918, 0.044342041015625], [0.0, 0.0, 0.0, 1.0]], [[-0.9237363934516907, 0.38302356004714966, 0.001961774192750454, 1.16070556640625], [-0.004596059210598469, -0.005962633993476629, -0.9999716281890869, 1.5478129386901855], [-0.38300102949142456, -0.9237192869186401, 0.0072683002799749374, -0.0438232421875], [0.0, 0.0, 0.0, 1.0]]], "view": [[0.0, -2.0, 100.0], [-2.0, 0.0, 100.0], [0.0, 0.0, 1.0]], "bev": "bev_e30706e0581348c2b5b76deed01672ec.png", "aux": "aux_e30706e0581348c2b5b76deed01672ec.npz", "visibility": "visibility_e30706e0581348c2b5b76deed01672ec.png", "pose": [[-0.8587480783462524, -0.5123980045318604, 0.0, 593.4276123046875], [0.5123980045318604, -0.8587480783462524, 0.0, 1511.4444580078125], [0.0, 0.0, 1.0, 0.0], [0.0, 0.0, 0.0, 1.0]], "pose_inverse": [[-0.8587480783462524, 0.5123980045318604, 0.0, -264.85626220703125], [-0.5123980045318604, -0.8587480783462524, 0.0, 1602.0211181640625], [0.0, 0.0, 1.0, 0.0], [0.0, 0.0, 0.0, 1.0]], "cam_ids": [0, 1, 2, 3, 4, 5], "cam_channels": ["CAM_FRONT_LEFT", "CAM_FRONT", "CAM_FRONT_RIGHT", "CAM_BACK_LEFT", "CAM_BACK", "CAM_BACK_RIGHT"], "token": "e30706e0581348c2b5b76deed01672ec", "scene": "scene-0100"}, {"images": ["samples/CAM_FRONT_LEFT/n008-2018-08-01-15-16-36-0400__CAM_FRONT_LEFT__1533151475504799.jpg", "samples/CAM_FRONT/n008-2018-08-01-15-16-36-0400__CAM_FRONT__1533151475512404.jpg", "samples/CAM_FRONT_RIGHT/n008-2018-08-01-15-16-36-0400__CAM_FRONT_RIGHT__1533151475520482.jpg", "samples/CAM_BACK_LEFT/n008-2018-08-01-15-16-36-0400__CAM_BACK_LEFT__1533151475547405.jpg", "samples/CAM_BACK/n008-2018-08-01-15-16-36-0400__CAM_BACK__1533151475537558.jpg", "samples/CAM_BACK_RIGHT/n008-2018-08-01-15-16-36-0400__CAM_BACK_RIGHT__1533151475528113.jpg"], "intrinsics": [[[1257.8625342125129, 0.0, 827.2410631095686], [0.0, 1257.8625342125129, 450.915498205774], [0.0, 0.0, 1.0]], [[1252.8131021185304, 0.0, 826.588114781398], [0.0, 1252.8131021185304, 469.9846626224581], [0.0, 0.0, 1.0]], [[1256.7485116440405, 0.0, 817.7887570959712], [0.0, 1256.7485116440403, 451.9541780095127], [0.0, 0.0, 1.0]], [[1254.9860565800168, 0.0, 829.5769333630991], [0.0, 1254.9860565800168, 467.1680561863987], [0.0, 0.0, 1.0]], [[796.8910634503094, 0.0, 857.7774326863696], [0.0, 796.8910634503094, 476.8848988407415], [0.0, 0.0, 1.0]], [[1249.9629280788233, 0.0, 825.3768045375984], [0.0, 1249.9629280788233, 462.54816385708756], [0.0, 0.0, 1.0]]], "extrinsics": [[[0.8225408792495728, -0.5686362981796265, -0.008904136717319489, -1.0050048828125], [0.004371006041765213, 0.02197754941880703, -0.9997488856315613, 1.4882926940917969], [0.568689227104187, 0.8222953677177429, 0.020562944933772087, -1.333251953125], [0.0, 0.0, 0.0, 1.0]], [[0.010241644456982613, -0.9997889995574951, -0.01780278980731964, 0.00537109375], [0.006322014145553112, 0.017868109047412872, -0.999820351600647, 1.4801673889160156], [0.9999275803565979, 0.010127192363142967, 0.006503678858280182, -1.734619140625], [0.0, 0.0, 0.0, 1.0]], [[-0.8440083861351013, -0.5360594987869263, -0.017027290537953377, 1.090576171875], [0.014339863322675228, 0.009181547909975052, -0.9998549818992615, 1.493072509765625], [0.536138117313385, -0.8441303372383118, -6.228369602467865e-05, -1.2774658203125], [0.0, 0.0, 0.0, 1.0]], [[0.9478728771209717, 0.31863731145858765, -0.0027024829760193825, -1.143951416015625], [-0.011035902425646782, 0.024350930005311966, -0.999642550945282, 1.562042236328125], [-0.3184576630592346, 0.947563886642456, 0.026598036289215088, -0.1561279296875], [0.0, 0.0, 0.0, 1.0]], [[0.009242783300578594, 0.9998170137405396, 0.016744272783398628, -0.02880859375], [-0.008916877210140228, 0.016826730221509933, -0.9998186230659485, 1.5680599212646484], [-0.9999175071716309, 0.009091752581298351, 0.009070771746337414, 0.044342041015625], [0.0, 0.0, 0.0, 1.0]], [[-0.9237388372421265, 0.3830171823501587, 0.002108295913785696, 1.16064453125], [-0.004722777754068375, -0.00588583666831255, -0.9999715089797974, 1.5478119850158691], [-0.3829939067363739, -0.923722505569458, 0.007245881017297506, -0.0438232421875], [0.0, 0.0, 0.0, 1.0]]], "view": [[0.0, -2.0, 100.0], [-2.0, 0.0, 100.0], [0.0, 0.0, 1.0]], "bev": "bev_4213954afbbf49db872817069f73ae7e.png", "aux": "aux_4213954afbbf49db872817069f73ae7e.npz", "visibility": "visibility_4213954afbbf49db872817069f73ae7e.png", "pose": [[-0.8587487936019897, -0.5123968124389648, 0.0, 593.4276123046875], [0.5123968124389648, -0.8587487936019897, 0.0, 1511.4444580078125], [0.0, 0.0, 1.0, 0.0], [0.0, 0.0, 0.0, 1.0]], "pose_inverse": [[-0.8587487936019897, 0.5123968124389648, 0.0, -264.8540954589844], [-0.5123968124389648, -0.8587487936019897, 0.0, 1602.021484375], [0.0, 0.0, 1.0, 0.0], [0.0, 0.0, 0.0, 1.0]], "cam_ids": [0, 1, 2, 3, 4, 5], "cam_channels": ["CAM_FRONT_LEFT", "CAM_FRONT", "CAM_FRONT_RIGHT", "CAM_BACK_LEFT", "CAM_BACK", "CAM_BACK_RIGHT"], "token": "4213954afbbf49db872817069f73ae7e", "scene": "scene-0100"}, {"images": ["samples/CAM_FRONT_LEFT/n008-2018-08-01-15-16-36-0400__CAM_FRONT_LEFT__1533151476004799.jpg", "samples/CAM_FRONT/n008-2018-08-01-15-16-36-0400__CAM_FRONT__1533151476012404.jpg", "samples/CAM_FRONT_RIGHT/n008-2018-08-01-15-16-36-0400__CAM_FRONT_RIGHT__1533151476020482.jpg", "samples/CAM_BACK_LEFT/n008-2018-08-01-15-16-36-0400__CAM_BACK_LEFT__1533151476047405.jpg", "samples/CAM_BACK/n008-2018-08-01-15-16-36-0400__CAM_BACK__1533151476037558.jpg", "samples/CAM_BACK_RIGHT/n008-2018-08-01-15-16-36-0400__CAM_BACK_RIGHT__1533151476028113.jpg"], "intrinsics": [[[1257.8625342125129, 0.0, 827.2410631095686], [0.0, 1257.8625342125129, 450.915498205774], [0.0, 0.0, 1.0]], [[1252.8131021185304, 0.0, 826.588114781398], [0.0, 1252.8131021185304, 469.9846626224581], [0.0, 0.0, 1.0]], [[1256.7485116440405, 0.0, 817.7887570959712], [0.0, 1256.7485116440403, 451.9541780095127], [0.0, 0.0, 1.0]], [[1254.9860565800168, 0.0, 829.5769333630991], [0.0, 1254.9860565800168, 467.1680561863987], [0.0, 0.0, 1.0]], [[796.8910634503094, 0.0, 857.7774326863696], [0.0, 796.8910634503094, 476.8848988407415], [0.0, 0.0, 1.0]], [[1249.9629280788233, 0.0, 825.3768045375984], [0.0, 1249.9629280788233, 462.54816385708756], [0.0, 0.0, 1.0]]], "extrinsics": [[[0.8225391507148743, -0.5686401724815369, -0.008824032731354237, -1.0050048828125], [0.004507220815867186, 0.022033559158444405, -0.9997470378875732, 1.4882965087890625], [0.5686907768249512, 0.8222912549972534, 0.020686449483036995, -1.3333740234375], [0.0, 0.0, 0.0, 1.0]], [[0.01023910753428936, -0.9997884631156921, -0.0178426131606102, 0.0054931640625], [0.0064670629799366, 0.01790938712656498, -0.9998186826705933, 1.48016357421875], [0.999926745891571, 0.010121862404048443, 0.006649070419371128, -1.7347412109375], [0.0, 0.0, 0.0, 1.0]], [[-0.8440084457397461, -0.5360549092292786, -0.017171353101730347, 1.09063720703125], [0.014494272880256176, 0.00920713972300291, -0.9998525381088257, 1.4930734634399414], [0.5361340045928955, -0.8441329002380371, -1.178588718175888e-06, -1.277587890625], [0.0, 0.0, 0.0, 1.0]], [[0.9478743076324463, 0.3186342120170593, -0.002566492883488536, -1.14385986328125], [-0.010904327966272831, 0.024386443197727203, -0.9996431469917297, 1.5620460510253906], [-0.3184579014778137, 0.9475640058517456, 0.0265897735953331, -0.156005859375], [0.0, 0.0, 0.0, 1.0]], [[0.009242656640708447, 0.9998165965080261, 0.016775045543909073, -0.02880859375], [-0.00877286959439516, 0.01685619167983532, -0.9998193979263306, 1.5680618286132812], [-0.9999188780784607, 0.00909387692809105, 0.008927056565880775, 0.044219970703125], [0.0, 0.0, 0.0, 1.0]], [[-0.9237377047538757, 0.38302066922187805, 0.0019735051319003105, 1.16058349609375], [-0.004565974697470665, -0.005859508644789457, -0.999972403049469, 1.547813892364502], [-0.38299840688705444, -0.9237212538719177, 0.0071615115739405155, -0.043701171875], [0.0, 0.0, 0.0, 1.0]]], "view": [[0.0, -2.0, 100.0], [-2.0, 0.0, 100.0], [0.0, 0.0, 1.0]], "bev": "bev_70fce5a2055144d093d21875e8da0b7e.png", "aux": "aux_70fce5a2055144d093d21875e8da0b7e.npz", "visibility": "visibility_70fce5a2055144d093d21875e8da0b7e.png", "pose": [[-0.8587414622306824, -0.5124091506004333, 0.0, 593.4276123046875], [0.5124091506004333, -0.8587414622306824, 0.0, 1511.4444580078125], [0.0, 0.0, 1.0, 0.0], [0.0, 0.0, 0.0, 1.0]], "pose_inverse": [[-0.8587414622306824, 0.5124091506004333, 0.0, -264.8770751953125], [-0.5124091506004333, -0.8587414622306824, 0.0, 1602.0177001953125], [0.0, 0.0, 1.0, 0.0], [0.0, 0.0, 0.0, 1.0]], "cam_ids": [0, 1, 2, 3, 4, 5], "cam_channels": ["CAM_FRONT_LEFT", "CAM_FRONT", "CAM_FRONT_RIGHT", "CAM_BACK_LEFT", "CAM_BACK", "CAM_BACK_RIGHT"], "token": "70fce5a2055144d093d21875e8da0b7e", "scene": "scene-0100"}, {"images": ["samples/CAM_FRONT_LEFT/n008-2018-08-01-15-16-36-0400__CAM_FRONT_LEFT__1533151476604799.jpg", "samples/CAM_FRONT/n008-2018-08-01-15-16-36-0400__CAM_FRONT__1533151476612404.jpg", "samples/CAM_FRONT_RIGHT/n008-2018-08-01-15-16-36-0400__CAM_FRONT_RIGHT__1533151476620482.jpg", "samples/CAM_BACK_LEFT/n008-2018-08-01-15-16-36-0400__CAM_BACK_LEFT__1533151476647405.jpg", "samples/CAM_BACK/n008-2018-08-01-15-16-36-0400__CAM_BACK__1533151476637558.jpg", "samples/CAM_BACK_RIGHT/n008-2018-08-01-15-16-36-0400__CAM_BACK_RIGHT__1533151476628113.jpg"], "intrinsics": [[[1257.8625342125129, 0.0, 827.2410631095686], [0.0, 1257.8625342125129, 450.915498205774], [0.0, 0.0, 1.0]], [[1252.8131021185304, 0.0, 826.588114781398], [0.0, 1252.8131021185304, 469.9846626224581], [0.0, 0.0, 1.0]], [[1256.7485116440405, 0.0, 817.7887570959712], [0.0, 1256.7485116440403, 451.9541780095127], [0.0, 0.0, 1.0]], [[1254.9860565800168, 0.0, 829.5769333630991], [0.0, 1254.9860565800168, 467.1680561863987], [0.0, 0.0, 1.0]], [[796.8910634503094, 0.0, 857.7774326863696], [0.0, 796.8910634503094, 476.8848988407415], [0.0, 0.0, 1.0]], [[1249.9629280788233, 0.0, 825.3768045375984], [0.0, 1249.9629280788233, 462.54816385708756], [0.0, 0.0, 1.0]]], "extrinsics": [[[0.8225253820419312, -0.5686593055725098, -0.008864127099514008, -1.0050048828125], [0.004502900876104832, 0.02209692820906639, -0.9997456669807434, 1.4882926940917969], [0.5687105059623718, 0.8222763538360596, 0.020735900849103928, -1.333251953125], [0.0, 0.0, 0.0, 1.0]], [[0.01021699421107769, -0.9997872710227966, -0.01791895553469658, 0.00537109375], [0.006443226244300604, 0.017985345795750618, -0.9998174905776978, 1.48016357421875], [0.9999271035194397, 0.010099646635353565, 0.006625612266361713, -1.734588623046875], [0.0, 0.0, 0.0, 1.0]], [[-0.8440194725990295, -0.5360373258590698, -0.0171815138310194, 1.0908203125], [0.014449642971158028, 0.009296366944909096, -0.9998523592948914, 1.4930706024169922], [0.5361179113388062, -0.8441431522369385, -0.00010076788021251559, -1.277587890625], [0.0, 0.0, 0.0, 1.0]], [[0.9478747248649597, 0.3186328113079071, -0.0025613722391426563, -1.143951416015625], [-0.010924928821623325, 0.02446393296122551, -0.9996410012245178, 1.5620460510253906], [-0.3184557855129242, 0.9475625157356262, 0.026669785380363464, -0.1561279296875], [0.0, 0.0, 0.0, 1.0]], [[0.009250258095562458, 0.9998151063919067, 0.016857469454407692, -0.02880859375], [-0.00880100205540657, 0.016938943415880203, -0.9998177289962769, 1.5680