[{"images": ["samples/CAM_FRONT_LEFT/n008-2018-07-27-12-07-38-0400__CAM_FRONT_LEFT__1532708376004799.jpg", "samples/CAM_FRONT/n008-2018-07-27-12-07-38-0400__CAM_FRONT__1532708376012404.jpg", "samples/CAM_FRONT_RIGHT/n008-2018-07-27-12-07-38-0400__CAM_FRONT_RIGHT__1532708376020482.jpg", "samples/CAM_BACK_LEFT/n008-2018-07-27-12-07-38-0400__CAM_BACK_LEFT__1532708376047405.jpg", "samples/CAM_BACK/n008-2018-07-27-12-07-38-0400__CAM_BACK__1532708376037558.jpg", "samples/CAM_BACK_RIGHT/n008-2018-07-27-12-07-38-0400__CAM_BACK_RIGHT__1532708376028113.jpg"], "intrinsics": [[[1257.8625342125129, 0.0, 827.2410631095686], [0.0, 1257.8625342125129, 450.915498205774], [0.0, 0.0, 1.0]], [[1252.8131021185304, 0.0, 826.588114781398], [0.0, 1252.8131021185304, 469.9846626224581], [0.0, 0.0, 1.0]], [[1256.7485116440405, 0.0, 817.7887570959712], [0.0, 1256.7485116440403, 451.9541780095127], [0.0, 0.0, 1.0]], [[1254.9860565800168, 0.0, 829.5769333630991], [0.0, 1254.9860565800168, 467.1680561863987], [0.0, 0.0, 1.0]], [[796.8910634503094, 0.0, 857.7774326863696], [0.0, 796.8910634503094, 476.8848988407415], [0.0, 0.0, 1.0]], [[1249.9629280788233, 0.0, 825.3768045375984], [0.0, 1249.9629280788233, 462.54816385708756], [0.0, 0.0, 1.0]]], "extrinsics": [[[0.8224338889122009, -0.5685720443725586, -0.01812252402305603, -1.0048828125], [-0.004486855119466782, 0.025372976437211037, -0.9996679425239563, 1.4882888793945312], [0.5688430070877075, 0.8222420811653137, 0.018316494300961494, -1.33349609375], [0.0, 0.0, 0.0, 1.0]], [[0.010095953941345215, -0.9997224807739258, -0.02128344401717186, 0.0054931640625], [-0.0025263221468776464, 0.021258961409330368, -0.9997708201408386, 1.4801597595214844], [0.9999457597732544, 0.010147490538656712, -0.0023109910544008017, -1.734771728515625], [0.0, 0.0, 0.0, 1.0]], [[-0.8441162705421448, -0.5360392928123474, -0.011382106691598892, 1.09063720703125], [0.005501895677298307, 0.012567728757858276, -0.9999058842658997, 1.493072509765625], [0.5361319184303284, -0.8440994620323181, -0.0076593938283622265, -1.2774658203125], [0.0, 0.0, 0.0, 1.0]], [[0.9478007555007935, 0.31870603561401367, -0.010009086690843105, -1.1439323425292969], [-0.019875014200806618, 0.027719242498278618, -0.9994181394577026, 1.562042236328125], [-0.31824320554733276, 0.947448194026947, 0.03260660544037819, -0.1561279296875], [0.0, 0.0, 0.0, 1.0]], [[0.009357957169413567, 0.9997556209564209, 0.02002853900194168, -0.0289306640625], [-0.0177551731467247, 0.020192384719848633, -0.9996384382247925, 1.5680618286132812], [-0.999798595905304, 0.00899895653128624, 0.017939792945981026, 0.0443115234375], [0.0, 0.0, 0.0, 1.0]], [[-0.923693835735321, 0.38295668363571167, 0.011566908098757267, 1.16064453125], [-0.013560391031205654, -0.0025064009241759777, -0.9999048709869385, 1.5478127002716064], [-0.3828912377357483, -0.9237629175186157, 0.0075081889517605305, -0.043701171875], [0.0, 0.0, 0.0, 1.0]]], "view": [[0.0, -2.0, 100.0], [-2.0, 0.0, 100.0], [0.0, 0.0, 1.0]], "bev": "bev_7cf6545c1ef04e1db41e7bcc5fb334c6.png", "aux": "aux_7cf6545c1ef04e1db41e7bcc5fb334c6.npz", "visibility": "visibility_7cf6545c1ef04e1db41e7bcc5fb334c6.png", "pose": [[-0.8470380306243896, -0.5315322875976562, 0.0, 427.9642028808594], [0.5315322875976562, -0.8470380306243896, 0.0, 1622.1488037109375], [0.0, 0.0, 1.0, 0.0], [0.0, 0.0, 0.0, 1.0]], "pose_inverse": [[-0.8470380306243896, 0.5315322875976562, 0.0, -499.7225341796875], [-0.5315322875976562, -0.8470380306243896, 0.0, 1601.49853515625], [0.0, 0.0, 1.0, 0.0], [0.0, 0.0, 0.0, 1.0]], "cam_ids": [0, 1, 2, 3, 4, 5], "cam_channels": ["CAM_FRONT_LEFT", "CAM_FRONT", "CAM_FRONT_RIGHT", "CAM_BACK_LEFT", "CAM_BACK", "CAM_BACK_RIGHT"], "token": "7cf6545c1ef04e1db41e7bcc5fb334c6", "scene": "scene-0233"}, {"images": ["samples/CAM_FRONT_LEFT/n008-2018-07-27-12-07-38-0400__CAM_FRONT_LEFT__1532708376504799.jpg", "samples/CAM_FRONT/n008-2018-07-27-12-07-38-0400__CAM_FRONT__1532708376512404.jpg", "samples/CAM_FRONT_RIGHT/n008-2018-07-27-12-07-38-0400__CAM_FRONT_RIGHT__1532708376520482.jpg", "samples/CAM_BACK_LEFT/n008-2018-07-27-12-07-38-0400__CAM_BACK_LEFT__1532708376547405.jpg", "samples/CAM_BACK/n008-2018-07-27-12-07-38-0400__CAM_BACK__1532708376537558.jpg", "samples/CAM_BACK_RIGHT/n008-2018-07-27-12-07-38-0400__CAM_BACK_RIGHT__1532708376528125.jpg"], "intrinsics": [[[1257.8625342125129, 0.0, 827.2410631095686], [0.0, 1257.8625342125129, 450.915498205774], [0.0, 0.0, 1.0]], [[1252.8131021185304, 0.0, 826.588114781398], [0.0, 1252.8131021185304, 469.9846626224581], [0.0, 0.0, 1.0]], [[1256.7485116440405, 0.0, 817.7887570959712], [0.0, 1256.7485116440403, 451.9541780095127], [0.0, 0.0, 1.0]], [[1254.9860565800168, 0.0, 829.5769333630991], [0.0, 1254.9860565800168, 467.1680561863987], [0.0, 0.0, 1.0]], [[796.8910634503094, 0.0, 857.7774326863696], [0.0, 796.8910634503094, 476.8848988407415], [0.0, 0.0, 1.0]], [[1249.9629280788233, 0.0, 825.3768045375984], [0.0, 1249.9629280788233, 462.54816385708756], [0.0, 0.0, 1.0]]], "extrinsics": [[[0.8224493265151978, -0.5685514807701111, -0.018065808340907097, -1.0048828125], [-0.004407619591802359, 0.025388671085238457, -0.9996679425239563, 1.4882965087890625], [0.568821370601654, 0.8222558498382568, 0.018374934792518616, -1.3333740234375], [0.0, 0.0, 0.0, 1.0]], [[0.01011776365339756, -0.999721884727478, -0.021301599219441414, 0.0054931640625], [-0.002453956287354231, 0.02127780206501484, -0.9997706413269043, 1.4801597595214844], [0.9999457597732544, 0.010167748667299747, -0.0022379884030669928, -1.734832763671875], [0.0, 0.0, 0.0, 1.0]], [[-0.8441081047058105, -0.5360506772994995, -0.01144911628216505, 1.090606689453125], [0.005567018873989582, 0.012589975260198116, -0.9999051690101624, 1.4930744171142578], [0.5361440181732178, -0.8440919518470764, -0.0076430984772741795, -1.2777099609375], [0.0, 0.0, 0.0, 1.0]], [[0.9478014707565308, 0.3187059462070465, -0.009935100562870502, -1.1438751220703125], [-0.01980731450021267, 0.027749961242079735, -0.9994186758995056, 1.5620498657226562], [-0.3182450532913208, 0.9474472999572754, 0.032614171504974365, -0.156005859375], [0.0, 0.0, 0.0, 1.0]], [[0.0093532120808959, 0.9997549653053284, 0.020061783492565155, -0.02880859375], [-0.017698680981993675, 0.020225033164024353, -0.9996387958526611, 1.5680618286132812], [-0.9997996687889099, 0.008994764648377895, 0.017883513122797012, 0.0443115234375], [0.0, 0.0, 0.0, 1.0]], [[-0.9236975312232971, 0.3829493224620819, 0.011514870449900627, 1.16064453125], [-0.013493032194674015, -0.0024799525272101164, -0.9999058842658997, 1.54781174659729], [-0.382884681224823, -0.923766016960144, 0.007457873784005642, -0.043701171875], [0.0, 0.0, 0.0, 1.0]]], "view": [[0.0, -2.0, 100.0], [-2.0, 0.0, 100.0], [0.0, 0.0, 1.0]], "bev": "bev_d07d62c2382d40fdbd257493cf36d6de.png", "aux": "aux_d07d62c2382d40fdbd257493cf36d6de.npz", "visibility": "visibility_d07d62c2382d40fdbd257493cf36d6de.png", "pose": [[-0.8470021486282349, -0.5315894484519958, 0.0, 427.96484375], [0.5315894484519958, -0.8470021486282349, 0.0, 1622.1497802734375], [0.0, 0.0, 1.0, 0.0], [0.0, 0.0, 0.0, 1.0]], "pose_inverse": [[-0.8470021486282349, 0.5315894484519958, 0.0, -499.8305969238281], [-0.5315894484519958, -0.8470021486282349, 0.0, 1601.4659423828125], [0.0, 0.0, 1.0, 0.0], [0.0, 0.0, 0.0, 1.0]], "cam_ids": [0, 1, 2, 3, 4, 5], "cam_channels": ["CAM_FRONT_LEFT", "CAM_FRONT", "CAM_FRONT_RIGHT", "CAM_BACK_LEFT", "CAM_BACK", "CAM_BACK_RIGHT"], "token": "d07d62c2382d40fdbd257493cf36d6de", "scene": "scene-0233"}, {"images": ["samples/CAM_FRONT_LEFT/n008-2018-07-27-12-07-38-0400__CAM_FRONT_LEFT__1532708377004799.jpg", "samples/CAM_FRONT/n008-2018-07-27-12-07-38-0400__CAM_FRONT__1532708377012404.jpg", "samples/CAM_FRONT_RIGHT/n008-2018-07-27-12-07-38-0400__CAM_FRONT_RIGHT__1532708377020482.jpg", "samples/CAM_BACK_LEFT/n008-2018-07-27-12-07-38-0400__CAM_BACK_LEFT__1532708377047405.jpg", "samples/CAM_BACK/n008-2018-07-27-12-07-38-0400__CAM_BACK__1532708377037558.jpg", "samples/CAM_BACK_RIGHT/n008-2018-07-27-12-07-38-0400__CAM_BACK_RIGHT__1532708377028113.jpg"], "intrinsics": [[[1257.8625342125129, 0.0, 827.2410631095686], [0.0, 1257.8625342125129, 450.915498205774], [0.0, 0.0, 1.0]], [[1252.8131021185304, 0.0, 826.588114781398], [0.0, 1252.8131021185304, 469.9846626224581], [0.0, 0.0, 1.0]], [[1256.7485116440405, 0.0, 817.7887570959712], [0.0, 1256.7485116440403, 451.9541780095127], [0.0, 0.0, 1.0]], [[1254.9860565800168, 0.0, 829.5769333630991], [0.0, 1254.9860565800168, 467.1680561863987], [0.0, 0.0, 1.0]], [[796.8910634503094, 0.0, 857.7774326863696], [0.0, 796.8910634503094, 476.8848988407415], [0.0, 0.0, 1.0]], [[1249.9629280788233, 0.0, 825.3768045375984], [0.0, 1249.9629280788233, 462.54816385708756], [0.0, 0.0, 1.0]]], "extrinsics": [[[0.8224483132362366, -0.5685521364212036, -0.018090495839715004, -1.005126953125], [-0.004385788459330797, 0.02546357549726963, -0.9996660947799683, 1.4882965087890625], [0.568822979927063, 0.8222530484199524, 0.018448922783136368, -1.33349609375], [0.0, 0.0, 0.0, 1.0]], [[0.010114933364093304, -0.9997203350067139, -0.021376144140958786, 0.00537109375], [-0.002434542402625084, 0.021352553740143776, -0.9997690916061401, 1.48016357421875], [0.9999459385871887, 0.010164626874029636, -0.0022178832441568375, -1.7347412109375], [0.0, 0.0, 0.0, 1.0]], [[-0.8441096544265747, -0.5360472202301025, -0.011503254994750023, 1.090667724609375], [0.005583823658525944, 0.012664544396102428, -0.9999041557312012, 1.493072509765625], [0.5361415147781372, -0.8440930247306824, -0.007697072345763445, -1.277587890625], [0.0, 0.0, 0.0, 1.0]], [[0.9478020071983337, 0.31870588660240173, -0.009899986907839775, -1.1438980102539062], [-0.019793858751654625, 0.02782014198601246, -0.9994169473648071, 1.5620460510253906], [-0.31824466586112976, 0.947445273399353, 0.03267640620470047, -0.1561279296875], [0.0, 0.0, 0.0, 1.0]], [[0.00935471523553133, 0.9997535347938538, 0.020133763551712036, -0.0289306640625], [-0.017677800729870796, 0.020296841859817505, -0.9996377229690552, 1.5680618286132812], [-0.9997999668121338, 0.008995415642857552, 0.017863314598798752, 0.0443115234375], [0.0, 0.0, 0.0, 1.0]], [[-0.9236966371536255, 0.38295117020606995, 0.011532125063240528, 1.1605224609375], [-0.013479053042829037, -0.0024011200293898582, -0.9999062418937683, 1.5478136539459229], [-0.38288745284080505, -0.9237654805183411, 0.007379723712801933, -0.0435791015625], [0.0, 0.0, 0.0, 1.0]]], "view": [[0.0, -2.0, 100.0], [-2.0, 0.0, 100.0], [0.0, 0.0, 1.0]], "bev": "bev_71eb8dbcd81c4844b81e4e40d7c3a017.png", "aux": "aux_71eb8dbcd81c4844b81e4e40d7c3a017.npz", "visibility": "visibility_71eb8dbcd81c4844b81e4e40d7c3a017.png", "pose": [[-0.8469604849815369, -0.5316558480262756, 0.0, 427.9653625488281], [0.5316558480262756, -0.8469604849815369, 0.0, 1622.150634765625], [0.0, 0.0, 1.0, 0.0], [0.0, 0.0, 0.0, 1.0]], "pose_inverse": [[-0.8469604849815369, 0.5316558480262756, 0.0, -499.9561462402344], [-0.5316558480262756, -0.8469604849815369, 0.0, 1601.427734375], [0.0, 0.0, 1.0, 0.0], [0.0, 0.0, 0.0, 1.0]], "cam_ids": [0, 1, 2, 3, 4, 5], "cam_channels": ["CAM_FRONT_LEFT", "CAM_FRONT", "CAM_FRONT_RIGHT", "CAM_BACK_LEFT", "CAM_BACK", "CAM_BACK_RIGHT"], "token": "71eb8dbcd81c4844b81e4e40d7c3a017", "scene": "scene-0233"}, {"images": ["samples/CAM_FRONT_LEFT/n008-2018-07-27-12-07-38-0400__CAM_FRONT_LEFT__1532708377504799.jpg", "samples/CAM_FRONT/n008-2018-07-27-12-07-38-0400__CAM_FRONT__1532708377512404.jpg", "samples/CAM_FRONT_RIGHT/n008-2018-07-27-12-07-38-0400__CAM_FRONT_RIGHT__1532708377520482.jpg", "samples/CAM_BACK_LEFT/n008-2018-07-27-12-07-38-0400__CAM_BACK_LEFT__1532708377547405.jpg", "samples/CAM_BACK/n008-2018-07-27-12-07-38-0400__CAM_BACK__1532708377537558.jpg", "samples/CAM_BACK_RIGHT/n008-2018-07-27-12-07-38-0400__CAM_BACK_RIGHT__1532708377528113.jpg"], "intrinsics": [[[1257.8625342125129, 0.0, 827.2410631095686], [0.0, 1257.8625342125129, 450.915498205774], [0.0, 0.0, 1.0]], [[1252.8131021185304, 0.0, 826.588114781398], [0.0, 1252.8131021185304, 469.9846626224581], [0.0, 0.0, 1.0]], [[1256.7485116440405, 0.0, 817.7887570959712], [0.0, 1256.7485116440403, 451.9541780095127], [0.0, 0.0, 1.0]], [[1254.9860565800168, 0.0, 829.5769333630991], [0.0, 1254.9860565800168, 467.1680561863987], [0.0, 0.0, 1.0]], [[796.8910634503094, 0.0, 857.7774326863696], [0.0, 796.8910634503094, 476.8848988407415], [0.0, 0.0, 1.0]], [[1249.9629280788233, 0.0, 825.3768045375984], [0.0, 1249.9629280788233, 462.54816385708756], [0.0, 0.0, 1.0]]], "extrinsics": [[[0.8224406838417053, -0.5685646533966064, -0.01804850623011589, -1.0050048828125], [-0.004339197184890509, 0.025456661358475685, -0.9996665120124817, 1.4882888793945312], [0.5688345432281494, 0.8222446441650391, 0.018469475209712982, -1.33349609375], [0.0, 0.0, 0.0, 1.0]], [[0.01010447833687067, -0.9997203350067139, -0.021379470825195312, 0.00537109375], [-0.0023866433184593916, 0.021356388926506042, -0.9997690916061401, 1.48016357421875], [0.999946117401123, 0.010153204202651978, -0.0021701797377318144, -1.7347412109375], [0.0, 0.0, 0.0, 1.0]], [[-0.8441122770309448, -0.5360418558120728, -0.011552971787750721, 1.090606689453125], [0.005633093882352114, 0.01267978549003601, -0.9999037384986877, 1.4930744171142578], [0.5361368060112, -0.8440961837768555, -0.007683590520173311, -1.277587890625], [0.0, 0.0, 0.0, 1.0]], [[0.9478029608726501, 0.318705290555954, -0.009821349754929543, -1.1439323425292969], [-0.019725527614355087, 0.02786363661289215, -0.9994170665740967, 1.562042236328125], [-0.3182458281517029, 0.9474442005157471, 0.032695867121219635, -0.156005859375], [0.0, 0.0, 0.0, 1.0]], [[0.009354367852210999, 0.9997528791427612, 0.020167358219623566, -0.0289306640625], [-0.017613371834158897, 0.020329846069216728, -0.9996381402015686, 1.5680618286132812], [-0.9998012185096741, 0.008995791897177696, 0.017799193039536476, 0.04425048828125], [0.0, 0.0, 0.0, 1.0]], [[-0.9236969947814941, 0.3829518258571625, 0.011482633650302887, 1.1605224609375], [-0.013418955728411674, -0.002385368337854743, -0.9999071359634399, 1.5478110313415527], [-0.3828888535499573, -0.923765242099762, 0.007342170923948288, -0.043701171875], [0.0, 0.0, 0.0, 1.0]]], "view": [[0.0, -2.0, 100.0], [-2.0, 0.0, 100.0], [0.0, 0.0, 1.0]], "bev": "bev_96e2d3ca80e24f6fa3042f21177e11af.png", "aux": "aux_96e2d3ca80e24f6fa3042f21177e11af.npz", "visibility": "visibility_96e2d3ca80e24f6fa3042f21177e11af.png", "pose": [[-0.8469314575195312, -0.5317021012306213, 0.0, 427.9658203125], [0.5317021012306213, -0.8469314575195312, 0.0, 1622.1513671875], [0.0, 0.0, 1.0, 0.0], [0.0, 0.0, 0.0, 1.0]], "pose_inverse": [[-0.8469314575195312, 0.5317021012306213, 0.0, -500.0436096191406], [-0.5317021012306213, -0.8469314575195312, 0.0, 1601.4013671875], [0.0, 0.0, 1.0, 0.0], [0.0, 0.0, 0.0, 1.0]], "cam_ids": [0, 1, 2, 3, 4, 5], "cam_channels": ["CAM_FRONT_LEFT", "CAM_FRONT", "CAM_FRONT_RIGHT", "CAM_BACK_LEFT", "CAM_BACK", "CAM_BACK_RIGHT"], "token": "96e2d3ca80e24f6fa3042f21177e11af", "scene": "scene-0233"}, {"images": ["samples/CAM_FRONT_LEFT/n008-2018-07-27-12-07-38-0400__CAM_FRONT_LEFT__1532708378004799.jpg", "samples/CAM_FRONT/n008-2018-07-27-12-07-38-0400__CAM_FRONT__1532708378012404.jpg", "samples/CAM_FRONT_RIGHT/n008-2018-07-27-12-07-38-0400__CAM_FRONT_RIGHT__1532708378020482.jpg", "samples/CAM_BACK_LEFT/n008-2018-07-27-12-07-38-0400__CAM_BACK_LEFT__1532708378047405.jpg", "samples/CAM_BACK/n008-2018-07-27-12-07-38-0400__CAM_BACK__1532708378037558.jpg", "samples/CAM_BACK_RIGHT/n008-2018-07-27-12-07-38-0400__CAM_BACK_RIGHT__1532708378028113.jpg"], "intrinsics": [[[1257.8625342125129, 0.0, 827.2410631095686], [0.0, 1257.8625342125129, 450.915498205774], [0.0, 0.0, 1.0]], [[1252.8131021185304, 0.0, 826.588114781398], [0.0, 1252.8131021185304, 469.9846626224581], [0.0, 0.0, 1.0]], [[1256.7485116440405, 0.0, 817.7887570959712], [0.0, 1256.7485116440403, 451.9541780095127], [0.0, 0.0, 1.0]], [[1254.9860565800168, 0.0, 829.5769333630991], [0.0, 1254.9860565800168, 467.1680561863987], [0.0, 0.0, 1.0]], [[796.8910634503094, 0.0, 857.7774326863696], [0.0, 796.8910634503094, 476.8848988407415], [0.0, 0.0, 1.0]], [[1249.9629280788233, 0.0, 825.3768045375984], [0.0, 1249.9629280788233, 462.54816385708756], [0.0, 0.0, 1.0]]], "extrinsics": [[[0.8224446177482605, -0.5685597658157349, -0.01802128367125988, -1.005126953125], [-0.004318851511925459, 0.025438429787755013, -0.9996670484542847, 1.4883003234863281], [0.5688288807868958, 0.8222485184669495, 0.018466172739863396, -1.333251953125], [0.0, 0.0, 0.0, 1.0]], [[0.010110986419022083, -0.9997209310531616, -0.02134552225470543, 0.0052490234375], [-0.0023609476629644632, 0.021322686225175858, -0.9997698664665222, 1.4801673889160156], [0.999946117401123, 0.010159049183130264, -0.0021446964237838984, -1.734710693359375], [0.0, 0.0, 0.0, 1.0]], [[-0.844109296798706, -0.5360466837882996, -0.011552657932043076, 1.090606689453125], [0.005664499942213297, 0.012629671022295952, -0.9999041557312012, 1.4930744171142578], [0.5361412763595581, -0.8440937995910645, -0.007624386809766293, -1.2777099609375], [0.0, 0.0, 0.0, 1.0]], [[0.9478029012680054, 0.31870508193969727, -0.009832183830440044, -1.1439094543457031], [-0.019711101427674294, 0.027786705642938614, -0.9994195699691772, 1.562042236328125], [-0.31824690103530884, 0.9474465250968933, 0.03261835128068924, -0.1561279296875], [0.0, 0.0, 0.0, 1.0]], [[0.009351594373583794, 0.9997541308403015, 0.020105397328734398, -0.02880859375], [-0.017589956521987915, 0.020267631858587265, -0.9996398091316223, 1.5680618286132812], [-0.999801516532898, 0.008994560688734055, 0.017775164917111397, 0.0443115234375], [0.0, 0.0, 0.0, 1.0]], [[-0.9236987829208374, 0.382948637008667, 0.011433981359004974, 1.16064453125], [-0.013388446532189846, -0.0024388935416936874, -0.999907374382019, 1.547811508178711], [-0.3828851878643036, -0.9237663745880127, 0.007379889488220215, -0.043701171875], [0.0, 0.0, 0.0, 1.0]]], "view": [[0.0, -2.0, 100.0], [-2.0, 0.0, 100.0], [0.0, 0.0, 1.0]], "bev": "bev_6f81a8a0da8f46178d898cb1e214cc70.png", "aux": "aux_6f81a8a0da8f46178d898cb1e214cc70.npz", "visibility": "visibility_6f81a8a0da8f46178d898cb1e214cc70.png", "pose": [[-0.8469198346138, -0.5317205786705017, 0.0, 427.9661865234375], [0.5317205786705017, -0.8469198346138, 0.0, 1622.1519775390625], [0.0, 0.0, 1.0, 0.0], [0.0, 0.0, 0.0, 1.0]], "pose_inverse": [[-0.8469198346138, 0.5317205786705017, 0.0, -500.07855224609375], [-0.5317205786705017, -0.8469198346138, 0.0, 1601.39111328125], [0.0, 0.0, 1.0, 0.0], [0.0, 0.0, 0.0, 1.0]], "cam_ids": [0, 1, 2, 3, 4, 5], "cam_channels": ["CAM_FRONT_LEFT", "CAM_FRONT", "CAM_FRONT_RIGHT", "CAM_BACK_LEFT", "CAM_BACK", "CAM_BACK_RIGHT"], "token": "6f81a8a0da8f46178d898cb1e214cc70", "scene": "scene-0233"}, {"images": ["samples/CAM_FRONT_LEFT/n008-2018-07-27-12-07-38-0400__CAM_FRONT_LEFT__1532708378504799.jpg", "samples/CAM_FRONT/n008-2018-07-27-12-07-38-0400__CAM_FRONT__1532708378512404.jpg", "samples/CAM_FRONT_RIGHT/n008-2018-07-27-12-07-38-0400__CAM_FRONT_RIGHT__1532708378520482.jpg", "samples/CAM_BACK_LEFT/n008-2018-07-27-12-07-38-0400__CAM_BACK_LEFT__1532708378547405.jpg", "samples/CAM_BACK/n008-2018-07-27-12-07-38-0400__CAM_BACK__1532708378537558.jpg", "samples/CAM_BACK_RIGHT/n008-2018-07-27-12-07-38-0400__CAM_BACK_RIGHT__1532708378528113.jpg"], "intrinsics": [[[1257.8625342125129, 0.0, 827.2410631095686], [0.0, 1257.8625342125129, 450.915498205774], [0.0, 0.0, 1.0]], [[1252.8131021185304, 0.0, 826.588114781398], [0.0, 1252.8131021185304, 469.9846626224581], [0.0, 0.0, 1.0]], [[1256.7485116440405, 0.0, 817.7887570959712], [0.0, 1256.7485116440403, 451.9541780095127], [0.0, 0.0, 1.0]], [[1254.9860565800168, 0.0, 829.5769333630991], [0.0, 1254.9860565800168, 467.1680561863987], [0.0, 0.0, 1.0]], [[796.8910634503094, 0.0, 857.7774326863696], [0.0, 796.8910634503094, 476.8848988407415], [0.0, 0.0, 1.0]], [[1249.9629280788233, 0.0, 825.3768045375984], [0.0, 1249.9629280788233, 462.54816385708756], [0.0, 0.0, 1.0]]], "extrinsics": [[[0.8224483132362366, -0.5685539841651917, -0.018030105158686638, -1.0048828125], [-0.004303828347474337, 0.025475872680544853, -0.999666154384613, 1.4882888793945312], [0.5688235759735107, 0.8222514390945435, 0.018505629152059555, -1.33349609375], [0.0, 0.0, 0.0, 1.0]], [[0.010115422308444977, -0.9997202157974243, -0.02138250693678856, 0.005615234375], [-0.00235203024931252, 0.021359754726290703, -0.9997690916061401, 1.4801597595214844], [0.9999460577964783, 0.010163433849811554, -0.002135308925062418, -1.734710693359375], [0.0, 0.0, 0.0, 1.0]], [[-0.844109058380127, -0.53604656457901, -0.011574381031095982, 1.090606689453125], [0.0056669460609555244, 0.01266633439809084, -0.999903678894043, 1.493072509765625], [0.536141574382782, -0.844093382358551, -0.00765402102842927, -1.2774658203125], [0.0, 0.0, 0.0, 1.0]], [[0.9478031396865845, 0.3187049627304077, -0.009820873849093914, -1.1439476013183594], [-0.019708145409822464, 0.027813425287604332, -0.9994188547134399, 1.5620460510253906], [-0.3182465732097626, 0.947445809841156, 0.03264273330569267, -0.1561279296875], [0.0, 0.0, 0.0, 1.0]], [[0.009353453293442726, 0.9997535347938538, 0.0201323963701725, -0.02880859375], [-0.017586568370461464, 0.020294630900025368, -0.9996392726898193, 1.5680656433105469], [-0.9998015761375427, 0.008996003307402134, 0.01777205988764763, 0.0443115234375], [0.0, 0.0, 0.0, 1.0]], [[-0.9236975312232971, 0.3829512894153595, 0.01145006064325571, 1.1605224609375], [-0.01339089497923851, -0.002402747981250286, -0.9999074339866638, 1.5478110313415527], [-0.3828883767127991, -0.9237653613090515, 0.007347472943365574, -0.043701171875], [0.0, 0.0, 0.0, 1.0]]], "view": [[0.0, -2.0, 100.0], [-2.0, 0.0, 100.0], [0.0, 0.0, 1.0]], "bev": "bev_e78c68d4dff24fbca3cc2ca8091587eb.png", "aux": "aux_e78c68d4dff24fbca3cc2ca8091587eb.npz", "visibility": "visibility_e78c68d4dff24fbca3cc2ca8091587eb.png", "pose": [[-0.8469493389129639, -0.5316736102104187, 0.0, 427.966552734375], [0.5316736102104187, -0.8469493389129639, 0.0, 1622.152587890625], [0.0, 0.0, 1.0, 0.0], [0.0, 0.0, 0.0, 1.0]], "pose_inverse": [[-0.8469493389129639, 0.5316736102104187, 0.0, -499.9897155761719], [-0.5316736102104187, -0.8469493389129639, 0.0, 1601.4195556640625], [0.0, 0.0, 1.0, 0.0], [0.0, 0.0, 0.0, 1.0]], "cam_ids": [0, 1, 2, 3, 4, 5], "cam_channels": ["CAM_FRONT_LEFT", "CAM_FRONT", "CAM_FRONT_RIGHT", "CAM_BACK_LEFT", "CAM_BACK", "CAM_BACK_RIGHT"], "token": "e78c68d4dff24fbca3cc2ca8091587eb", "scene": "scene-0233"}, {"images": ["samples/CAM_FRONT_LEFT/n008-2018-07-27-12-07-38-0400__CAM_FRONT_LEFT__1532708379004799.jpg", "samples/CAM_FRONT/n008-2018-07-27-12-07-38-0400__CAM_FRONT__1532708379012404.jpg", "samples/CAM_FRONT_RIGHT/n008-2018-07-27-12-07-38-0400__CAM_FRONT_RIGHT__1532708379020482.jpg", "samples/CAM_BACK_LEFT/n008-2018-07-27-12-07-38-0400__CAM_BACK_LEFT__1532708379047405.jpg", "samples/CAM_BACK/n008-2018-07-27-12-07-38-0400__CAM_BACK__1532708379037558.jpg", "samples/CAM_BACK_RIGHT/n008-2018-07-27-12-07-38-0400__CAM_BACK_RIGHT__1532708379028113.jpg"], "intrinsics": [[[1257.8625342125129, 0.0, 827.2410631095686], [0.0, 1257.8625342125129, 450.915498205774], [0.0, 0.0, 1.0]], [[1252.8131021185304, 0.0, 826.588114781398], [0.0, 1252.8131021185304, 469.9846626224581], [0.0, 0.0, 1.0]], [[1256.7485116440405, 0.0, 817.7887570959712], [0.0, 1256.7485116440403, 451.9541780095127], [0.0, 0.0, 1.0]], [[1254.9860565800168, 0.0, 829.5769333630991], [0.0, 1254.9860565800168, 467.1680561863987], [0.0, 0.0, 1.0]], [[796.8910634503094, 0.0, 857.7774326863696], [0.0, 796.8910634503094, 476.8848988407415], [0.0, 0.0, 1.0]], [[1249.9629280788233, 0.0, 825.3768045375984], [0.0, 1249.9629280788233, 462.54816385708756], [0.0, 0.0, 1.0]]], "extrinsics": [[[0.8224486112594604, -0.5685541033744812, -0.01801890879869461, -1.0048828125], [-0.004296124912798405, 0.025467336177825928, -0.9996663928031921, 1.4882965087890625], [0.5688233375549316, 0.8222516179084778, 0.018502993509173393, -1.33349609375], [0.0, 0.0, 0.0, 1.0]], [[0.010115044191479683, -0.9997203350067139, -0.021376648917794228, 0.00537109375], [-0.0023447254206985235, 0.02135397307574749, -0.9997692704200745, 1.4801597595214844], [0.999946117401123, 0.010162854567170143, -0.002128072315827012, -1.7347412109375], [0.0, 0.0, 0.0, 1.0]], [[-0.8441091775894165, -0.5360463857650757, -0.0115786362439394, 1.0906982421875], [0.005673807114362717, 0.012663472443819046, -0.9999037384986877, 1.493072509765625], [0.5361413955688477, -0.8440936803817749, -0.007647930644452572, -1.277587890625], [0.0, 0.0, 0.0, 1.0]], [[0.9478033781051636, 0.31870487332344055, -0.009804699569940567, -1.1439552307128906], [-0.019696518778800964, 0.02782958745956421, -0.9994186162948608, 1.5620384216308594], [-0.3182467222213745, 0.9474453926086426, 0.03265434876084328, -0.1561279296875], [0.0, 0.0, 0.0, 1.0]], [[0.009353471919894218, 0.9997533559799194, 0.02014436386525631, -0.02880859375], [-0.017575472593307495, 0.020306497812271118, -0.9996392726898193, 1.5680656433105469], [-0.9998018145561218, 0.008995981886982918, 0.017761074006557465, 0.04437255859375], [0.0, 0.0, 0.0, 1.0]], [[-0.9236975312232971, 0.3829514980316162, 0.011445727199316025, 1.16064453125], [-0.013382942415773869, -0.002394875278696418, -0.9999076128005981, 1.5478127002716064], [-0.38288867473602295, -0.9237653613090515, 0.00733715808019042, -0.043701171875], [0.0, 0.0, 0.0, 1.0]]], "view": [[0.0, -2.0, 100.0], [-2.0, 0.0, 100.0], [0.0, 0.0, 1.0]], "bev": "bev_d81941f8a70648d198d077580e977368.png", "aux": "aux_d81941f8a70648d198d077580e977368.npz", "visibility": "visibility_d81941f8a70648d198d077580e977368.png", "pose": [[-0.8469221591949463, -0.5317169427871704, 0.0, 427.9668273925781], [0.5317169427871704, -0.8469221591949463, 0.0, 1622.1529541015625], [0.0, 0.0, 1.0, 0.0], [0.0, 0.0, 0.0, 1.0]], "pose_inverse": [[-0.8469221591949463, 0.5317169427871704, 0.0, -500.0716247558594], [-0.5317169427871704, -0.8469221591949463, 0.0, 1601.3944091796875], [0.0, 0.0, 1.0, 0.0], [0.0, 0.0, 0.0, 1.0]], "cam_ids": [0, 1, 2, 3, 4, 5], "cam_channels": ["CAM_FRONT_LEFT", "CAM_FRONT", "CAM_FRONT_RIGHT", "CAM_BACK_LEFT", "CAM_BACK", "CAM_BACK_RIGHT"], "token": "d81941f8a70648d198d077580e977368", "scene": "scene-0233"}, {"images": ["samples/CAM_FRONT_LEFT/n008-2018-07-27-12-07-38-0400__CAM_FRONT_LEFT__1532708379504799.jpg", "samples/CAM_FRONT/n008-2018-07-27-12-07-38-0400__CAM_FRONT__1532708379512404.jpg", "samples/CAM_FRONT_RIGHT/n008-2018-07-27-12-07-38-0400__CAM_FRONT_RIGHT__1532708379520482.jpg", "samples/CAM_BACK_LEFT/n008-2018-07-27-12-07-38-0400__CAM_BACK_LEFT__1532708379547405.jpg", "samples/CAM_BACK/n008-2018-07-27-12-07-38-0400__CAM_BACK__1532708379537558.jpg", "samples/CAM_BACK_RIGHT/n008-2018-07-27-12-07-38-0400__CAM_BACK_RIGHT__1532708379528113.jpg"], "intrinsics": [[[1257.8625342125129, 0.0, 827.2410631095686], [0.0, 1257.8625342125129, 450.915498205774], [0.0, 0.0, 1.0]], [[1252.8131021185304, 0.0, 826.588114781398], [0.0, 1252.8131021185304, 469.9846626224581], [0.0, 0.0, 1.0]], [[1256.7485116440405, 0.0, 817.7887570959712], [0.0, 1256.7485116440403, 451.9541780095127], [0.0, 0.0, 1.0]], [[1254.9860565800168, 0.0, 829.5769333630991], [0.0, 1254.9860565800168, 467.1680561863987], [0.0, 0.0, 1.0]], [[796.8910634503094, 0.0, 857.7774326863696], [0.0, 796.8910634503094, 476.8848988407415], [0.0, 0.0, 1.0]], [[1249.9629280788233, 0.0, 825.3768045375984], [0.0, 1249.9629280788233, 462.54816385708756], [0.0, 0.0, 1.0]]], "extrinsics": [[[0.8224448561668396, -0.5685634613037109, -0.017890995368361473, -1.0048828125], [-0.004139535594731569, 0.025468576699495316, -0.9996670484542847, 1.4882888793945312], [0.5688297748565674, 0.8222451210021973, 0.01859290897846222, -1.3333740234375], [0.0, 0.0, 0.0, 1.0]], [[0.010110420174896717, -0.9997205138206482, -0.021368784829974174, 0.005615234375], [-0.002173897810280323, 0.021347852423787117, -0.9997698068618774, 1.48016357421875], [0.9999465346336365, 0.010154633782804012, -0.0019574544858187437, -1.734771728515625], [0.0, 0.0, 0.0, 1.0]], [[-0.8441097140312195, -0.5360422730445862, -0.011728104203939438, 1.0906982421875], [0.005859770346432924, 0.012649516575038433, -0.9999027848243713, 1.4930706024169922], [0.5361385345458984, -0.8440963625907898, -0.007536495104432106, -1.2774658203125], [0.0, 0.0, 0.0, 1.0]], [[0.9478060603141785, 0.3187026083469391, -0.009615864604711533, -1.1439666748046875], [-0.019490724429488182, 0.02780996635556221, -0.9994232058525085, 1.5620384216308594], [-0.3182513117790222, 0.9474467039108276, 0.03257019817829132, -0.1561279296875], [0.0, 0.0, 0.0, 1.0]], [[0.009351731278002262, 0.9997537136077881, 0.0201276782900095, -0.0289306640625], [-0.017383893951773643, 0.02028805948793888, -0.9996430277824402, 1.5680618286132812], [-0.9998051524162292, 0.008998529054224491, 0.017569342628121376, 0.04425048828125], [0.0, 0.0, 0.0, 1.0]], [[-0.9236988425254822, 0.38295358419418335, 0.01126194279640913, 1.1605224609375], [-0.0131923146545887, -0.0024149029050022364, -0.9999100565910339, 1.5478100776672363], [-0.3828919529914856, -0.9237644672393799, 0.00728268688544631, -0.0435791015625], [0.0, 0.0, 0.0, 1.0]]], "view": [[0.0, -2.0, 100.0], [-2.0, 0.0, 100.0], [0.0, 0.0, 1.0]], "bev": "bev_0cd2d88a6ca34d5bbde873505e9043f4.png", "aux": "aux_0cd2d88a6ca34d5bbde873505e9043f4.npz", "visibility": "visibility_0cd2d88a6ca34d5bbde873505e9043f4.png", "pose": [[-0.846950888633728, -0.5316711664199829, 0.0, 427.9670715332031], [0.5316711664199829, -0.846950888633728, 0.0, 1622.1534423828125], [0.0, 0.0, 1.0, 0.0], [0.0, 0.0, 0.0, 1.0]], "pose_inverse": [[-0.846950888633728, 0.5316711664199829, 0.0, -499.9851379394531], [-0.5316711664199829, -0.846950888633728, 0.0, 1601.4219970703125], [0.0, 0.0, 1.0, 0.0], [0.0, 0.0, 0.0, 1.0]], "cam_ids": [0, 1, 2, 3, 4, 5], "cam_channels": ["CAM_FRONT_LEFT", "CAM_FRONT", "CAM_FRONT_RIGHT", "CAM_BACK_LEFT", "CAM_BACK", "CAM_BACK_RIGHT"], "token": "0cd2d88a6ca34d5bbde873505e9043f4", "scene": "scene-0233"}, {"images": ["samples/CAM_FRONT_LEFT/n008-2018-07-27-12-07-38-0400__CAM_FRONT_LEFT__1532708380004799.jpg", "samples/CAM_FRONT/n008-2018-07-27-12-07-38-0400__CAM_FRONT__1532708380012404.jpg", "samples/CAM_FRONT_RIGHT/n008-2018-07-27-12-07-38-0400__CAM_FRONT_RIGHT__1532708380020482.jpg", "samples/CAM_BACK_LEFT/n008-2018-07-27-12-07-38-0400__CAM_BACK_LEFT__1532708380047405.jpg", "samples/CAM_BACK/n008-2018-07-27-12-07-38-0400__CAM_BACK__1532708380037558.jpg", "samples/CAM_BACK_RIGHT/n008-2018-07-27-12-07-38-0400__CAM_BACK_RIGHT__1532708380028113.jpg"], "intrinsics": [[[1257.8625342125129, 0.0, 827.2410631095686], [0.0, 1257.8625342125129, 450.915498205774], [0.0, 0.0, 1.0]], [[1252.8131021185304, 0.0, 826.588114781398], [0.0, 1252.8131021185304, 469.9846626224581], [0.0, 0.0, 1.0]], [[1256.7485116440405, 0.0, 817.7887570959712], [0.0, 1256.7485116440403, 451.9541780095127], [0.0, 0.0, 1.0]], [[1254.9860565800168, 0.0, 829.5769333630991], [0.0, 1254.9860565800168, 467.1680561863987], [0.0, 0.0, 1.0]], [[796.8910634503094, 0.0, 857.7774326863696], [0.0, 796.8910634503094, 476.8848988407415], [0.0, 0.0, 1.0]], [[1249.9629280788233, 0.0, 825.3768045375984], [0.0, 1249.9629280788233, 462.54816385708756], [0.0, 0.0, 1.0]]], "extrinsics": [[[0.8224398493766785, -0.5685736536979675, -0.017796698957681656, -1.0050048828125], [-0.004073167685419321, 0.02539842575788498, -0.999669075012207, 1.4882926940917969], [0.5688375234603882, 0.8222402334213257, 0.01857278309762478, -1.3333740234375], [0.0, 0.0, 0.0, 1.0]], [[0.010101517662405968, -0.9997220039367676, -0.021303171291947365, 0.0052490234375], [-0.0021164612844586372, 0.02128283679485321, -0.999771237373352, 1.48016357421875], [0.9999467134475708, 0.010144323110580444, -0.0019008846720680594, -1.73480224609375], [0.0, 0.0, 0.0, 1.0]], [[-0.8441143035888672, -0.5360349416732788, -0.011736525222659111, 1.090667724609375], [0.005907691083848476, 0.012589897029101849, -0.9999032616615295, 1.493072509765625], [0.5361308455467224, -0.8441019654273987, -0.007460583467036486, -1.277587890625], [0.0, 0.0, 0.0, 1.0]], [[0.9478093981742859, 0.31869253516197205, -0.009613119065761566, -1.1438865661621094], [-0.019471922889351845, 0.027763687074184418, -0.9994248747825623, 1.562042236328125], [-0.3182424306869507, 0.9474514126777649, 0.03252024203538895, -0.1561279296875], [0.0, 0.0, 0.0, 1.0]], [[0.00936004426330328, 0.9997546672821045, 0.020075710490345955, -0.0286865234375], [-0.017339566722512245, 0.02023584581911564, -0.9996448755264282, 1.5680618286132812], [-0.9998058676719666, 0.009008665569126606, 0.01752472296357155, 0.0443115234375], [0.0, 0.0, 0.0, 1.0]], [[-0.9236961007118225, 0.3829623758792877, 0.011194619350135326, 1.16064453125], [-0.013147166930139065, -0.0024816272780299187, -0.9999104738235474, 1.5478112697601318], [-0.38290032744407654, -0.9237605929374695, 0.0073271398432552814, -0.043701171875], [0.0, 0.0, 0.0, 1.0]]], "view": [[0.0, -2.0, 100.0], [-2.0, 0.0, 100.0], [0.0, 0.0, 1.0]], "bev": "bev_7a87a4874f854213a5b3a6db6cad9277.png", "aux": "aux_7a87a4874f854213a5b3a6db6cad9277.npz", "visibility": "visibility_7a87a4874f854213a5b3a6db6cad9277.png", "pose": [[-0.8469576835632324, -0.5316603183746338, 0.0, 427.96728515625], [0.5316603183746338, -0.8469576835632324, 0.0, 1622.1536865234375], [0.0, 0.0, 1.0, 0.0], [0.0, 0.0, 0.0, 1.0]], "pose_inverse": [[-0.8469576835632324, 0.5316603183746338, 0.0, -499.96453857421875], [-0.5316603183746338, -0.8469576835632324, 0.0, 1601.4287109375], [0.0, 0.0, 1.0, 0.0], [0.0, 0.0, 0.0, 1.0]], "cam_ids": [0, 1, 2, 3, 4, 5], "cam_channels": ["CAM_FRONT_LEFT", "CAM_FRONT", "CAM_FRONT_RIGHT", "CAM_BACK_LEFT", "CAM_BACK", "CAM_BACK_RIGHT"], "token": "7a87a4874f854213a5b3a6db6cad9277", "scene": "scene-0233"}, {"images": ["samples/CAM_FRONT_LEFT/n008-2018-07-27-12-07-38-0400__CAM_FRONT_LEFT__1532708380504799.jpg", "samples/CAM_FRONT/n008-2018-07-27-12-07-38-0400__CAM_FRONT__1532708380512404.jpg", "samples/CAM_FRONT_RIGHT/n008-2018-07-27-12-07-38-0400__CAM_FRONT_RIGHT__1532708380520482.jpg", "samples/CAM_BACK_LEFT/n008-2018-07-27-12-07-38-0400__CAM_BACK_LEFT__1532708380547405.jpg", "samples/CAM_BACK/n008-2018-07-27-12-07-38-0400__CAM_BACK__1532708380537558.jpg", "samples/CAM_BACK_RIGHT/n008-2018-07-27-12-07-38-0400__CAM_BACK_RIGHT__1532708380528113.jpg"], "intrinsics": [[[1257.8625342125129, 0.0, 827.2410631095686], [0.0, 1257.8625342125129, 450.915498205774], [0.0, 0.0, 1.0]], [[1252.8131021185304, 0.0, 826.588114781398], [0.0, 1252.8131021185304, 469.9846626224581], [0.0, 0.0, 1.0]], [[1256.7485116440405, 0.0, 817.7887570959712], [0.0, 1256.7485116440403, 451.9541780095127], [0.0, 0.0, 1.0]], [[1254.9860565800168, 0.0, 829.5769333630991], [0.0, 1254.9860565800168, 467.1680561863987], [0.0, 0.0, 1.0]], [[796.8910634503094, 0.0, 857.7774326863696], [0.0, 796.8910634503094, 476.8848988407415], [0.0, 0.0, 1.0]], [[1249.9629280788233, 0.0, 825.3768045375984], [0.0, 1249.9629280788233, 462.54816385708756], [0.0, 0.0, 1.0]]], "extrinsics": [[[0.8224486708641052, -0.5685584545135498, -0.01787503808736801, -1.0050048828125], [-0.004197831731289625, 0.025356465950608253, -0.99966961145401, 1.4882965087890625], [0.5688238143920898, 0.8222520351409912, 0.018467679619789124, -1.3333740234375], [0.0, 0.0, 0.0, 1.0]], [[0.010116906836628914, -0.9997228980064392, -0.021253323182463646, 0.00537109375], [-0.0022519943304359913, 0.021231576800346375, -0.9997720718383789, 1.48016357421875], [0.9999462366104126, 0.01016245037317276, -0.0020365724340081215, -1.7347412109375], [0.0, 0.0, 0.0, 1.0]], [[-0.8441060781478882, -0.5360510945320129, -0.011579814366996288, 1.090667724609375], [0.005760652013123035, 0.012528864666819572, -0.9999049305915833, 1.493072509765625], [0.5361452102661133, -0.844092607498169, -0.00748768774792552, -1.2774658203125], [0.0, 0.0, 0.0, 1.0]], [[0.9478040337562561, 0.31870362162590027, -0.009771721437573433, -1.1439476013183594], [-0.01961546204984188, 0.02769194357097149, -0.9994240403175354, 1.562042236328125], [-0.3182494342327118, 0.947449803352356, 0.03249805420637131, -0.1561279296875], [0.0, 0.0, 0.0, 1.0]], [[0.009347724728286266, 0.9997562170028687, 0.02000516653060913, -0.02880859375], [-0.017489302903413773, 0.020166438072919846, -0.9996436238288879, 1.5680618286132812], [-0.999803364276886, 0.008994455449283123, 0.01767355017364025, 0.04443359375], [0.0, 0.0, 0.0, 1.0]], [[-0.9237013459205627, 0.3829461932182312, 0.011308372020721436, 1.16064453125], [-0.013294093310832977, -0.002539358101785183, -0.9999083876609802, 1.547813892364502], [-0.38288235664367676, -0.9237672090530396, 0.007436529267579317, -0.0435791015625], [0.0, 0.0, 0.0, 1.0]]], "view": [[0.0, -2.0, 100.0], [-2.0, 0.0, 100.0], [0.0, 0.0, 1.0]], "bev": "bev_6f23ac12701241078055c2e89658016d.png", "aux": "aux_6f23ac12701241078055c2e89658016d.npz", "visibility": "visibility_6f23ac12701241078055c2e89658016d.png", "pose": [[-0.8469390869140625, -0.5316898822784424, 0.0, 427.96746826171875], [0.5316898822784424, -0.8469390869140625, 0.0, 1622.154052734375], [0.0, 0.0, 1.0, 0.0], [0.0, 0.0, 0.0, 1.0]], "pose_inverse": [[-0.8469390869140625, 0.5316898822784424, 0.0, -500.0205078125], [-0.5316898822784424, -0.8469390869140625, 0.0, 1601.4117431640625], [0.0, 0.0, 1.0, 0.0], [0.0, 0.0, 0.0, 1.0]], "cam_ids": [0, 1, 2, 3, 4, 5], "cam_channels": ["CAM_FRONT_LEFT", "CAM_FRONT", "CAM_FRONT_RIGHT", "CAM_BACK_LEFT", "CAM_BACK", "CAM_BACK_RIGHT"], "token": "6f23ac12701241078055c2e89658016d", "scene": "scene-0233"}, {"images": ["samples/CAM_FRONT_LEFT/n008-2018-07-27-12-07-38-0400__CAM_FRONT_LEFT__1532708381004799.jpg", "samples/CAM_FRONT/n008-2018-07-27-12-07-38-0400__CAM_FRONT__1532708381012404.jpg", "samples/CAM_FRONT_RIGHT/n008-2018-07-27-12-07-38-0400__CAM_FRONT_RIGHT__1532708381020482.jpg", "samples/CAM_BACK_LEFT/n008-2018-07-27-12-07-38-0400__CAM_BACK_LEFT__1532708381047405.jpg", "samples/CAM_BACK/n008-2018-07-27-12-07-38-0400__CAM_BACK__1532708381037558.jpg", "samples/CAM_BACK_RIGHT/n008-2018-07-27-12-07-38-0400__CAM_BACK_RIGHT__1532708381028113.jpg"], "intrinsics": [[[1257.8625342125129, 0.0, 827.2410631095686], [0.0, 1257.8625342125129, 450.915498205774], [0.0, 0.0, 1.0]], [[1252.8131021185304, 0.0, 826.588114781398], [0.0, 1252.8131021185304, 469.9846626224581], [0.0, 0.0, 1.0]], [[1256.7485116440405, 0.0, 817.7887570959712], [0.0, 1256.7485116440403, 451.9541780095127], [0.0, 0.0, 1.0]], [[1254.9860565800168, 0.0, 829.5769333630991], [0.0, 1254.9860565800168, 467.1680561863987], [0.0, 0.0, 1.0]], [[796.8910634503094, 0.0, 857.7774326863696], [0.0, 796.8910634503094, 476.8848988407415], [0.0, 0.0, 1.0]], [[1249.9629280788233, 0.0, 825.3768045375984], [0.0, 1249.9629280788233, 462.54816385708756], [0.0, 0.0, 1.0]]], "extrinsics": [[[0.8224375247955322, -0.5685737133026123, -0.01789962872862816, -1.005126953125], [-0.004233717452734709, 0.025347193703055382, -0.9996697306632996, 1.4882965087890625], [0.5688397288322449, 0.8222417235374451, 0.01843930222094059, -1.3333740234375], [0.0, 0.0, 0.0, 1.0]], [[0.010098690167069435, -0.9997231960296631, -0.02124776504933834, 0.00537109375], [-0.0022766529582440853, 0.021225806325674057, -0.9997720718383789, 1.48016357421875], [0.9999463558197021, 0.010144758969545364, -0.002061669947579503, -1.734771728515625], [0.0, 0.0, 0.0, 1.0]], [[-0.844115674495697, -0.5360362529754639, -0.011567736975848675, 1.090667724609375], [0.005747867748141289, 0.01252671331167221, -0.999904990196228, 1.493072509765625], [0.5361302495002747, -0.8441020846366882, -0.007492931094020605, -1.2774658203125], [0.0, 0.0, 0.0, 1.0]], [[0.9478040337562561, 0.3187035024166107, -0.009781874716281891, -1.143951416015625], [-0.01963098719716072, 0.02770630083978176, -0.9994233250617981, 1.5620384216308594], [-0.3182486891746521, 0.9474494457244873, 0.03251660615205765, -0.1561279296875], [0.0, 0.0, 0.0, 1.0]], [[0.00935729406774044, 0.999755859375, 0.020015312358736992, -0.02880859375], [-0.01750636287033558, 0.020176908001303673, -0.9996431469917297, 1.56806