[{"images": ["samples/CAM_FRONT_LEFT/n008-2018-07-27-12-07-38-0400__CAM_FRONT_LEFT__1532708001004799.jpg", "samples/CAM_FRONT/n008-2018-07-27-12-07-38-0400__CAM_FRONT__1532708001012404.jpg", "samples/CAM_FRONT_RIGHT/n008-2018-07-27-12-07-38-0400__CAM_FRONT_RIGHT__1532708001020482.jpg", "samples/CAM_BACK_LEFT/n008-2018-07-27-12-07-38-0400__CAM_BACK_LEFT__1532708001047405.jpg", "samples/CAM_BACK/n008-2018-07-27-12-07-38-0400__CAM_BACK__1532708001037558.jpg", "samples/CAM_BACK_RIGHT/n008-2018-07-27-12-07-38-0400__CAM_BACK_RIGHT__1532708001028113.jpg"], "intrinsics": [[[1257.8625342125129, 0.0, 827.2410631095686], [0.0, 1257.8625342125129, 450.915498205774], [0.0, 0.0, 1.0]], [[1252.8131021185304, 0.0, 826.588114781398], [0.0, 1252.8131021185304, 469.9846626224581], [0.0, 0.0, 1.0]], [[1256.7485116440405, 0.0, 817.7887570959712], [0.0, 1256.7485116440403, 451.9541780095127], [0.0, 0.0, 1.0]], [[1254.9860565800168, 0.0, 829.5769333630991], [0.0, 1254.9860565800168, 467.1680561863987], [0.0, 0.0, 1.0]], [[796.8910634503094, 0.0, 857.7774326863696], [0.0, 796.8910634503094, 476.8848988407415], [0.0, 0.0, 1.0]], [[1249.9629280788233, 0.0, 825.3768045375984], [0.0, 1249.9629280788233, 462.54816385708756], [0.0, 0.0, 1.0]]], "extrinsics": [[[0.8227092623710632, -0.5684360861778259, -0.0054672108963131905, -0.9957275390625], [0.020235758274793625, 0.038896363228559494, -0.9990383386611938, 1.4884872436523438], [0.5681021809577942, 0.8218075037002563, 0.043503131717443466, -1.327880859375], [0.0, 0.0, 0.0, 1.0]], [[0.010708949528634548, -0.9993453621864319, -0.034558385610580444, 0.0062255859375], [0.022234179079532623, 0.0347898006439209, -0.9991472959518433, 1.4803390502929688], [0.9996954202651978, 0.009931505657732487, 0.02259218320250511, -1.72576904296875], [0.0, 0.0, 0.0, 1.0]], [[-0.8435548543930054, -0.5355829000473022, -0.03957388177514076, 1.0849609375], [0.0303011666983366, 0.026105236262083054, -0.9991998076438904, 1.4932708740234375], [0.536187469959259, -0.8440790772438049, -0.005792413838207722, -1.2735595703125], [0.0, 0.0, 0.0, 1.0]], [[0.9477997422218323, 0.31836506724357605, 0.017866749316453934, -1.14349365234375], [0.0049597579054534435, 0.04130611941218376, -0.9991342425346375, 1.562042236328125], [-0.31882748007774353, 0.9470678567886353, 0.03757091611623764, -0.15625], [0.0, 0.0, 0.0, 1.0]], [[0.008930578827857971, 0.9993876814842224, 0.03383171185851097, -0.0289306640625], [0.007070113904774189, 0.03376910835504532, -0.9994046092033386, 1.5680770874023438], [-0.9999350905418396, 0.009164394810795784, -0.0067642079666256905, 0.041534423828125], [0.0, 0.0, 0.0, 1.0]], [[-0.9236910939216614, 0.38308829069137573, -0.00617602001875639, 1.1558685302734375], [0.01126966904848814, 0.011053433641791344, -0.9998753666877747, 1.5478649139404297], [-0.38297224044799805, -0.923645555973053, -0.014527236111462116, -0.04541015625], [0.0, 0.0, 0.0, 1.0]]], "view": [[0.0, -2.0, 100.0], [-2.0, 0.0, 100.0], [0.0, 0.0, 1.0]], "bev": "bev_06b8c39139b44645974c4441eb10cbbf.png", "aux": "aux_06b8c39139b44645974c4441eb10cbbf.npz", "visibility": "visibility_06b8c39139b44645974c4441eb10cbbf.png", "pose": [[-0.744404673576355, -0.6677287817001343, 0.0, 1461.133056640625], [0.6677287817001343, -0.744404673576355, 0.0, 912.4124755859375], [0.0, 0.0, 1.0, 0.0], [0.0, 0.0, 0.0, 1.0]], "pose_inverse": [[-0.744404673576355, 0.6677287817001343, 0.0, 478.43023681640625], [-0.6677287817001343, -0.744404673576355, 0.0, 1654.8446044921875], [0.0, 0.0, 1.0, 0.0], [0.0, 0.0, 0.0, 1.0]], "cam_ids": [0, 1, 2, 3, 4, 5], "cam_channels": ["CAM_FRONT_LEFT", "CAM_FRONT", "CAM_FRONT_RIGHT", "CAM_BACK_LEFT", "CAM_BACK", "CAM_BACK_RIGHT"], "token": "06b8c39139b44645974c4441eb10cbbf", "scene": "scene-0226"}, {"images": ["samples/CAM_FRONT_LEFT/n008-2018-07-27-12-07-38-0400__CAM_FRONT_LEFT__1532708001504799.jpg", "samples/CAM_FRONT/n008-2018-07-27-12-07-38-0400__CAM_FRONT__1532708001512404.jpg", "samples/CAM_FRONT_RIGHT/n008-2018-07-27-12-07-38-0400__CAM_FRONT_RIGHT__1532708001520482.jpg", "samples/CAM_BACK_LEFT/n008-2018-07-27-12-07-38-0400__CAM_BACK_LEFT__1532708001547405.jpg", "samples/CAM_BACK/n008-2018-07-27-12-07-38-0400__CAM_BACK__1532708001537558.jpg", "samples/CAM_BACK_RIGHT/n008-2018-07-27-12-07-38-0400__CAM_BACK_RIGHT__1532708001528113.jpg"], "intrinsics": [[[1257.8625342125129, 0.0, 827.2410631095686], [0.0, 1257.8625342125129, 450.915498205774], [0.0, 0.0, 1.0]], [[1252.8131021185304, 0.0, 826.588114781398], [0.0, 1252.8131021185304, 469.9846626224581], [0.0, 0.0, 1.0]], [[1256.7485116440405, 0.0, 817.7887570959712], [0.0, 1256.7485116440403, 451.9541780095127], [0.0, 0.0, 1.0]], [[1254.9860565800168, 0.0, 829.5769333630991], [0.0, 1254.9860565800168, 467.1680561863987], [0.0, 0.0, 1.0]], [[796.8910634503094, 0.0, 857.7774326863696], [0.0, 796.8910634503094, 476.8848988407415], [0.0, 0.0, 1.0]], [[1249.9629280788233, 0.0, 825.3768045375984], [0.0, 1249.9629280788233, 462.54816385708756], [0.0, 0.0, 1.0]]], "extrinsics": [[[0.8225088715553284, -0.5687509179115295, -0.001196406316012144, -1.00726318359375], [0.025407424196600914, 0.03884468600153923, -0.9989221692085266, 1.4881973266601562], [0.5681844353675842, 0.8215920329093933, 0.04640059545636177, -1.33544921875], [0.0, 0.0, 0.0, 1.0]], [[0.010565766133368015, -0.999349057674408, -0.034491702914237976, 0.005859375], [0.027427176013588905, 0.034770283848047256, -0.9990189075469971, 1.4800796508789062], [0.9995679259300232, 0.009609399363398552, 0.027776703238487244, -1.737335205078125], [0.0, 0.0, 0.0, 1.0]], [[-0.8434749245643616, -0.5353648662567139, -0.043982475996017456, 1.0924072265625], [0.035515811294317245, 0.026118658483028412, -0.9990277290344238, 1.4929924011230469], [0.535993218421936, -0.8442168831825256, -0.003016516100615263, -1.2783203125], [0.0, 0.0, 0.0, 1.0]], [[0.947702169418335, 0.3183307349681854, 0.02293413318693638, -1.14398193359375], [0.010247782804071903, 0.04147053882479668, -0.9990872144699097, 1.562042236328125], [-0.31899136304855347, 0.9470722079277039, 0.03603953868150711, -0.1561279296875], [0.0, 0.0, 0.0, 1.0]], [[0.008865990675985813, 0.9993826746940613, 0.03399329259991646, -0.029052734375], [0.0123700350522995, 0.03388241305947304, -0.9993492364883423, 1.5680427551269531], [-0.9998841285705566, 0.009280798956751823, -0.01206200011074543, 0.0450439453125], [0.0, 0.0, 0.0, 1.0]], [[-0.9235715866088867, 0.3832678496837616, -0.011009099893271923, 1.16192626953125], [0.016529548913240433, 0.011113137006759644, -0.9998016357421875, 1.5477828979492188], [-0.3830694258213043, -0.9235703349113464, -0.01659902185201645, -0.04296875], [0.0, 0.0, 0.0, 1.0]]], "view": [[0.0, -2.0, 100.0], [-2.0, 0.0, 100.0], [0.0, 0.0, 1.0]], "bev": "bev_68ae3553a69f41b188e88faa9dac68ef.png", "aux": "aux_68ae3553a69f41b188e88faa9dac68ef.npz", "visibility": "visibility_68ae3553a69f41b188e88faa9dac68ef.png", "pose": [[-0.7447150349617004, -0.667382538318634, 0.0, 1461.1153564453125], [0.667382538318634, -0.7447150349617004, 0.0, 912.4381103515625], [0.0, 0.0, 1.0, 0.0], [0.0, 0.0, 0.0, 1.0]], "pose_inverse": [[-0.7447150349617004, 0.667382538318634, 0.0, 479.1693115234375], [-0.667382538318634, -0.7447150349617004, 0.0, 1654.6292724609375], [0.0, 0.0, 1.0, 0.0], [0.0, 0.0, 0.0, 1.0]], "cam_ids": [0, 1, 2, 3, 4, 5], "cam_channels": ["CAM_FRONT_LEFT", "CAM_FRONT", "CAM_FRONT_RIGHT", "CAM_BACK_LEFT", "CAM_BACK", "CAM_BACK_RIGHT"], "token": "68ae3553a69f41b188e88faa9dac68ef", "scene": "scene-0226"}, {"images": ["samples/CAM_FRONT_LEFT/n008-2018-07-27-12-07-38-0400__CAM_FRONT_LEFT__1532708002004799.jpg", "samples/CAM_FRONT/n008-2018-07-27-12-07-38-0400__CAM_FRONT__1532708002012404.jpg", "samples/CAM_FRONT_RIGHT/n008-2018-07-27-12-07-38-0400__CAM_FRONT_RIGHT__1532708002020482.jpg", "samples/CAM_BACK_LEFT/n008-2018-07-27-12-07-38-0400__CAM_BACK_LEFT__1532708002047405.jpg", "samples/CAM_BACK/n008-2018-07-27-12-07-38-0400__CAM_BACK__1532708002037558.jpg", "samples/CAM_BACK_RIGHT/n008-2018-07-27-12-07-38-0400__CAM_BACK_RIGHT__1532708002028113.jpg"], "intrinsics": [[[1257.8625342125129, 0.0, 827.2410631095686], [0.0, 1257.8625342125129, 450.915498205774], [0.0, 0.0, 1.0]], [[1252.8131021185304, 0.0, 826.588114781398], [0.0, 1252.8131021185304, 469.9846626224581], [0.0, 0.0, 1.0]], [[1256.7485116440405, 0.0, 817.7887570959712], [0.0, 1256.7485116440403, 451.9541780095127], [0.0, 0.0, 1.0]], [[1254.9860565800168, 0.0, 829.5769333630991], [0.0, 1254.9860565800168, 467.1680561863987], [0.0, 0.0, 1.0]], [[796.8910634503094, 0.0, 857.7774326863696], [0.0, 796.8910634503094, 476.8848988407415], [0.0, 0.0, 1.0]], [[1249.9629280788233, 0.0, 825.3768045375984], [0.0, 1249.9629280788233, 462.54816385708756], [0.0, 0.0, 1.0]]], "extrinsics": [[[0.8225954174995422, -0.5686202049255371, -0.00280904583632946, -1.005126953125], [0.02372918650507927, 0.03926277905702591, -0.9989471435546875, 1.4882659912109375], [0.5681318044662476, 0.8216626644134521, 0.04579027369618416, -1.3341064453125], [0.0, 0.0, 0.0, 1.0]], [[0.01063873153179884, -0.9993347525596619, -0.03488434478640556, 0.005859375], [0.025667663663625717, 0.03514774143695831, -0.9990524649620056, 1.4801406860351562], [0.9996140003204346, 0.009733146987855434, 0.02602451480925083, -1.735107421875], [0.0, 0.0, 0.0, 1.0]], [[-0.8434975147247314, -0.5354408621788025, -0.04260421171784401, 1.091064453125], [0.03367039933800697, 0.026453416794538498, -0.9990828037261963, 1.4930496215820312], [0.5360768437385559, -0.8441582918167114, -0.00428487965837121, -1.277587890625], [0.0, 0.0, 0.0, 1.0]], [[0.9477452039718628, 0.31833308935165405, 0.021049870178103447, -1.1441650390625], [0.00820479542016983, 0.04163830727338791, -0.99909907579422, 1.562042236328125], [-0.318922758102417, 0.9470639824867249, 0.03685064613819122, -0.156005859375], [0.0, 0.0, 0.0, 1.0]], [[0.008888727985322475, 0.999375581741333, 0.03419742360711098, -0.0289306640625], [0.010354544967412949, 0.03410495072603226, -0.9993646144866943, 1.5680503845214844], [-0.9999068975448608, 0.009237226098775864, -0.010044926777482033, 0.044464111328125], [0.0, 0.0, 0.0, 1.0]], [[-0.9236217141151428, 0.38319703936576843, -0.009113775566220284, 1.1607818603515625], [0.014593519270420074, 0.01139538548886776, -0.9998285174369812, 1.5478057861328125], [-0.38302746415138245, -0.9235963225364685, -0.016117218881845474, -0.0433349609375], [0.0, 0.0, 0.0, 1.0]]], "view": [[0.0, -2.0, 100.0], [-2.0, 0.0, 100.0], [0.0, 0.0, 1.0]], "bev": "bev_2be8b990c34644e79732da3ffcdf85bc.png", "aux": "aux_2be8b990c34644e79732da3ffcdf85bc.npz", "visibility": "visibility_2be8b990c34644e79732da3ffcdf85bc.png", "pose": [[-0.744613528251648, -0.667495846748352, 0.0, 1461.1324462890625], [0.667495846748352, -0.744613528251648, 0.0, 912.4312744140625], [0.0, 0.0, 1.0, 0.0], [0.0, 0.0, 0.0, 1.0]], "pose_inverse": [[-0.744613528251648, 0.667495846748352, 0.0, 478.9349060058594], [-0.667495846748352, -0.744613528251648, 0.0, 1654.70849609375], [0.0, 0.0, 1.0, 0.0], [0.0, 0.0, 0.0, 1.0]], "cam_ids": [0, 1, 2, 3, 4, 5], "cam_channels": ["CAM_FRONT_LEFT", "CAM_FRONT", "CAM_FRONT_RIGHT", "CAM_BACK_LEFT", "CAM_BACK", "CAM_BACK_RIGHT"], "token": "2be8b990c34644e79732da3ffcdf85bc", "scene": "scene-0226"}, {"images": ["samples/CAM_FRONT_LEFT/n008-2018-07-27-12-07-38-0400__CAM_FRONT_LEFT__1532708002504799.jpg", "samples/CAM_FRONT/n008-2018-07-27-12-07-38-0400__CAM_FRONT__1532708002512404.jpg", "samples/CAM_FRONT_RIGHT/n008-2018-07-27-12-07-38-0400__CAM_FRONT_RIGHT__1532708002520482.jpg", "samples/CAM_BACK_LEFT/n008-2018-07-27-12-07-38-0400__CAM_BACK_LEFT__1532708002547405.jpg", "samples/CAM_BACK/n008-2018-07-27-12-07-38-0400__CAM_BACK__1532708002537558.jpg", "samples/CAM_BACK_RIGHT/n008-2018-07-27-12-07-38-0400__CAM_BACK_RIGHT__1532708002528113.jpg"], "intrinsics": [[[1257.8625342125129, 0.0, 827.2410631095686], [0.0, 1257.8625342125129, 450.915498205774], [0.0, 0.0, 1.0]], [[1252.8131021185304, 0.0, 826.588114781398], [0.0, 1252.8131021185304, 469.9846626224581], [0.0, 0.0, 1.0]], [[1256.7485116440405, 0.0, 817.7887570959712], [0.0, 1256.7485116440403, 451.9541780095127], [0.0, 0.0, 1.0]], [[1254.9860565800168, 0.0, 829.5769333630991], [0.0, 1254.9860565800168, 467.1680561863987], [0.0, 0.0, 1.0]], [[796.8910634503094, 0.0, 857.7774326863696], [0.0, 796.8910634503094, 476.8848988407415], [0.0, 0.0, 1.0]], [[1249.9629280788233, 0.0, 825.3768045375984], [0.0, 1249.9629280788233, 462.54816385708756], [0.0, 0.0, 1.0]]], "extrinsics": [[[0.8225670456886292, -0.5686607956886292, -0.00290683307684958, -1.00482177734375], [0.02367786504328251, 0.03935631737112999, -0.9989446401596069, 1.4882888793945312], [0.5681751370429993, 0.82163006067276, 0.0458378829061985, -1.3336181640625], [0.0, 0.0, 0.0, 1.0]], [[0.010594384744763374, -0.9993323087692261, -0.03496606647968292, 0.0057373046875], [0.025633679702878, 0.03522795811295509, -0.999050498008728, 1.4801483154296875], [0.9996152520179749, 0.009688031859695911, 0.02598978765308857, -1.734710693359375], [0.0, 0.0, 0.0, 1.0]], [[-0.8435167670249939, -0.535408616065979, -0.042626138776540756, 1.0908203125], [0.03365470841526985, 0.026519320905208588, -0.9990816116333008, 1.4930648803710938], [0.5360473394393921, -0.8441768288612366, -0.0043504745699465275, -1.2772216796875], [0.0, 0.0, 0.0, 1.0]], [[0.94774329662323, 0.3183325231075287, 0.021142542362213135, -1.14398193359375], [0.0082887327298522, 0.041679222136735916, -0.9990966320037842, 1.562042236328125], [-0.3189261853694916, 0.9470624327659607, 0.036862630397081375, -0.15625], [0.0, 0.0, 0.0, 1.0]], [[0.008901380002498627, 0.9993736743927002, 0.034248460084199905, -0.02880859375], [0.010398303158581257, 0.034155454486608505, -0.9993624091148376, 1.5680580139160156], [-0.9999063611030579, 0.009251869283616543, -0.010087762027978897, 0.044281005859375], [0.0, 0.0, 0.0, 1.0]], [[-0.9236117601394653, 0.38322120904922485, -0.009103714488446712, 1.1606292724609375], [0.014608586207032204, 0.011456870473921299, -0.9998276233673096, 1.5478096008300781], [-0.3830508291721344, -0.9235855937004089, -0.016180019825696945, -0.0435791015625], [0.0, 0.0, 0.0, 1.0]]], "view": [[0.0, -2.0, 100.0], [-2.0, 0.0, 100.0], [0.0, 0.0, 1.0]], "bev": "bev_d2ea8360ad4b45f8bddff2457e838fb1.png", "aux": "aux_d2ea8360ad4b45f8bddff2457e838fb1.npz", "visibility": "visibility_d2ea8360ad4b45f8bddff2457e838fb1.png", "pose": [[-0.7444701194763184, -0.6676557660102844, 0.0, 1461.13671875], [0.6676557660102844, -0.7444701194763184, 0.0, 912.4342041015625], [0.0, 0.0, 1.0, 0.0], [0.0, 0.0, 0.0, 1.0]], "pose_inverse": [[-0.7444701194763184, 0.6676557660102844, 0.0, 478.5806579589844], [-0.6676557660102844, -0.7444701194763184, 0.0, 1654.81640625], [0.0, 0.0, 1.0, 0.0], [0.0, 0.0, 0.0, 1.0]], "cam_ids": [0, 1, 2, 3, 4, 5], "cam_channels": ["CAM_FRONT_LEFT", "CAM_FRONT", "CAM_FRONT_RIGHT", "CAM_BACK_LEFT", "CAM_BACK", "CAM_BACK_RIGHT"], "token": "d2ea8360ad4b45f8bddff2457e838fb1", "scene": "scene-0226"}, {"images": ["samples/CAM_FRONT_LEFT/n008-2018-07-27-12-07-38-0400__CAM_FRONT_LEFT__1532708003004799.jpg", "samples/CAM_FRONT/n008-2018-07-27-12-07-38-0400__CAM_FRONT__1532708003012404.jpg", "samples/CAM_FRONT_RIGHT/n008-2018-07-27-12-07-38-0400__CAM_FRONT_RIGHT__1532708003020482.jpg", "samples/CAM_BACK_LEFT/n008-2018-07-27-12-07-38-0400__CAM_BACK_LEFT__1532708003047405.jpg", "samples/CAM_BACK/n008-2018-07-27-12-07-38-0400__CAM_BACK__1532708003037558.jpg", "samples/CAM_BACK_RIGHT/n008-2018-07-27-12-07-38-0400__CAM_BACK_RIGHT__1532708003028113.jpg"], "intrinsics": [[[1257.8625342125129, 0.0, 827.2410631095686], [0.0, 1257.8625342125129, 450.915498205774], [0.0, 0.0, 1.0]], [[1252.8131021185304, 0.0, 826.588114781398], [0.0, 1252.8131021185304, 469.9846626224581], [0.0, 0.0, 1.0]], [[1256.7485116440405, 0.0, 817.7887570959712], [0.0, 1256.7485116440403, 451.9541780095127], [0.0, 0.0, 1.0]], [[1254.9860565800168, 0.0, 829.5769333630991], [0.0, 1254.9860565800168, 467.1680561863987], [0.0, 0.0, 1.0]], [[796.8910634503094, 0.0, 857.7774326863696], [0.0, 796.8910634503094, 476.8848988407415], [0.0, 0.0, 1.0]], [[1249.9629280788233, 0.0, 825.3768045375984], [0.0, 1249.9629280788233, 462.54816385708756], [0.0, 0.0, 1.0]]], "extrinsics": [[[0.82257479429245, -0.5686503052711487, -0.002757411217316985, -1.0047607421875], [0.023934444412589073, 0.03946598246693611, -0.9989342093467712, 1.4882888793945312], [0.5681530833244324, 0.8216320872306824, 0.046074047684669495, -1.3336181640625], [0.0, 0.0, 0.0, 1.0]], [[0.010617283172905445, -0.9993278384208679, -0.035087499767541885, 0.005615234375], [0.025896606966853142, 0.03535250946879387, -0.999039351940155, 1.4801559448242188], [0.9996082186698914, 0.009698456153273582, 0.026254545897245407, -1.7347412109375], [0.0, 0.0, 0.0, 1.0]], [[-0.8434982895851135, -0.535413384437561, -0.04292919114232063, 1.090576171875], [0.033924490213394165, 0.02665969356894493, -0.9990687370300293, 1.4930686950683594], [0.5360593795776367, -0.8441692590713501, -0.0043237837962806225, -1.277587890625], [0.0, 0.0, 0.0, 1.0]], [[0.9477362632751465, 0.318333238363266, 0.021447965875267982, -1.14398193359375], [0.008563839830458164, 0.04181830957531929, -0.9990885257720947, 1.562042236328125], [-0.3189399540424347, 0.9470560550689697, 0.03690657019615173, -0.1561279296875], [0.0, 0.0, 0.0, 1.0]], [[0.008887248113751411, 0.9993686079978943, 0.034399762749671936, -0.02880859375], [0.010688385926187038, 0.034304216504096985, -0.9993542432785034, 1.5680618286132812], [-0.9999033212661743, 0.009249180555343628, -0.010376769118010998, 0.044158935546875], [0.0, 0.0, 0.0, 1.0]], [[-0.9236127138137817, 0.38321417570114136, -0.009292618371546268, 1.160614013671875], [0.014875955879688263, 0.011608805507421494, -0.9998219609260559, 1.5478096008300781], [-0.38303807377815247, -0.9235866069793701, -0.016422715038061142, -0.04345703125], [0.0, 0.0, 0.0, 1.0]]], "view": [[0.0, -2.0, 100.0], [-2.0, 0.0, 100.0], [0.0, 0.0, 1.0]], "bev": "bev_7371dfcb7eec4555968f9aba9b86148f.png", "aux": "aux_7371dfcb7eec4555968f9aba9b86148f.npz", "visibility": "visibility_7371dfcb7eec4555968f9aba9b86148f.png", "pose": [[-0.7444127202033997, -0.6677197813987732, 0.0, 1461.139404296875], [0.6677197813987732, -0.7444127202033997, 0.0, 912.4373168945312], [0.0, 0.0, 1.0, 0.0], [0.0, 0.0, 0.0, 1.0]], "pose_inverse": [[-0.7444127202033997, 0.6677197813987732, 0.0, 478.4382629394531], [-0.6677197813987732, -0.7444127202033997, 0.0, 1654.8616943359375], [0.0, 0.0, 1.0, 0.0], [0.0, 0.0, 0.0, 1.0]], "cam_ids": [0, 1, 2, 3, 4, 5], "cam_channels": ["CAM_FRONT_LEFT", "CAM_FRONT", "CAM_FRONT_RIGHT", "CAM_BACK_LEFT", "CAM_BACK", "CAM_BACK_RIGHT"], "token": "7371dfcb7eec4555968f9aba9b86148f", "scene": "scene-0226"}, {"images": ["samples/CAM_FRONT_LEFT/n008-2018-07-27-12-07-38-0400__CAM_FRONT_LEFT__1532708003504806.jpg", "samples/CAM_FRONT/n008-2018-07-27-12-07-38-0400__CAM_FRONT__1532708003512404.jpg", "samples/CAM_FRONT_RIGHT/n008-2018-07-27-12-07-38-0400__CAM_FRONT_RIGHT__1532708003520482.jpg", "samples/CAM_BACK_LEFT/n008-2018-07-27-12-07-38-0400__CAM_BACK_LEFT__1532708003547405.jpg", "samples/CAM_BACK/n008-2018-07-27-12-07-38-0400__CAM_BACK__1532708003537558.jpg", "samples/CAM_BACK_RIGHT/n008-2018-07-27-12-07-38-0400__CAM_BACK_RIGHT__1532708003528113.jpg"], "intrinsics": [[[1257.8625342125129, 0.0, 827.2410631095686], [0.0, 1257.8625342125129, 450.915498205774], [0.0, 0.0, 1.0]], [[1252.8131021185304, 0.0, 826.588114781398], [0.0, 1252.8131021185304, 469.9846626224581], [0.0, 0.0, 1.0]], [[1256.7485116440405, 0.0, 817.7887570959712], [0.0, 1256.7485116440403, 451.9541780095127], [0.0, 0.0, 1.0]], [[1254.9860565800168, 0.0, 829.5769333630991], [0.0, 1254.9860565800168, 467.1680561863987], [0.0, 0.0, 1.0]], [[796.8910634503094, 0.0, 857.7774326863696], [0.0, 796.8910634503094, 476.8848988407415], [0.0, 0.0, 1.0]], [[1249.9629280788233, 0.0, 825.3768045375984], [0.0, 1249.9629280788233, 462.54816385708756], [0.0, 0.0, 1.0]]], "extrinsics": [[[0.8225700855255127, -0.568657398223877, -0.0026836958713829517, -1.00482177734375], [0.024028154090046883, 0.0394713468849659, -0.9989317059516907, 1.4882888793945312], [0.568155825138092, 0.8216269612312317, 0.046131737530231476, -1.3336181640625], [0.0, 0.0, 0.0, 1.0]], [[0.010611268691718578, -0.9993278384208679, -0.035088084638118744, 0.005615234375], [0.025974666699767113, 0.03535368666052818, -0.9990372657775879, 1.48016357421875], [0.9996062517166138, 0.009689669124782085, 0.02633235976099968, -1.73480224609375], [0.0, 0.0, 0.0, 1.0]], [[-0.843500018119812, -0.5354068279266357, -0.042979199439287186, 1.0906982421875], [0.03398585319519043, 0.026656407862901688, -0.9990667104721069, 1.4930648803710938], [0.5360528230667114, -0.8441735506057739, -0.004288425203412771, -1.2774658203125], [0.0, 0.0, 0.0, 1.0]], [[0.9477377533912659, 0.31832557916641235, 0.021492328494787216, -1.14385986328125], [0.00860403012484312, 0.041838765144348145, -0.9990873336791992, 1.562042236328125], [-0.31893426179885864, 0.9470576643943787, 0.036913298070430756, -0.1561279296875], [0.0, 0.0, 0.0, 1.0]], [[0.00888947956264019, 0.9993681907653809, 0.03441113606095314, -0.0286865234375], [0.010725093074142933, 0.03431522473692894, -0.9993534684181213, 1.5680618286132812], [-0.9999029040336609, 0.009252813644707203, -0.0104132741689682, 0.04425048828125], [0.0, 0.0, 0.0, 1.0]], [[-0.9236098527908325, 0.38321974873542786, -0.009345078840851784, 1.160614013671875], [0.014928427524864674, 0.011598135344684124, -0.9998213052749634, 1.5478134155273438], [-0.3830429017543793, -0.9235843420028687, -0.016433021053671837, -0.043701171875], [0.0, 0.0, 0.0, 1.0]]], "view": [[0.0, -2.0, 100.0], [-2.0, 0.0, 100.0], [0.0, 0.0, 1.0]], "bev": "bev_0538f6ea6bb24f0fbd9c8f655aa61c14.png", "aux": "aux_0538f6ea6bb24f0fbd9c8f655aa61c14.npz", "visibility": "visibility_0538f6ea6bb24f0fbd9c8f655aa61c14.png", "pose": [[-0.7444117069244385, -0.6677208542823792, 0.0, 1461.1417236328125], [0.6677208542823792, -0.7444117069244385, 0.0, 912.4398803710938], [0.0, 0.0, 1.0, 0.0], [0.0, 0.0, 0.0, 1.0]], "pose_inverse": [[-0.7444117069244385, 0.6677208542823792, 0.0, 478.4358825683594], [-0.6677208542823792, -0.7444117069244385, 0.0, 1654.8658447265625], [0.0, 0.0, 1.0, 0.0], [0.0, 0.0, 0.0, 1.0]], "cam_ids": [0, 1, 2, 3, 4, 5], "cam_channels": ["CAM_FRONT_LEFT", "CAM_FRONT", "CAM_FRONT_RIGHT", "CAM_BACK_LEFT", "CAM_BACK", "CAM_BACK_RIGHT"], "token": "0538f6ea6bb24f0fbd9c8f655aa61c14", "scene": "scene-0226"}, {"images": ["samples/CAM_FRONT_LEFT/n008-2018-07-27-12-07-38-0400__CAM_FRONT_LEFT__1532708004004799.jpg", "samples/CAM_FRONT/n008-2018-07-27-12-07-38-0400__CAM_FRONT__1532708004012404.jpg", "samples/CAM_FRONT_RIGHT/n008-2018-07-27-12-07-38-0400__CAM_FRONT_RIGHT__1532708004020482.jpg", "samples/CAM_BACK_LEFT/n008-2018-07-27-12-07-38-0400__CAM_BACK_LEFT__1532708004047405.jpg", "samples/CAM_BACK/n008-2018-07-27-12-07-38-0400__CAM_BACK__1532708004037558.jpg", "samples/CAM_BACK_RIGHT/n008-2018-07-27-12-07-38-0400__CAM_BACK_RIGHT__1532708004028113.jpg"], "intrinsics": [[[1257.8625342125129, 0.0, 827.2410631095686], [0.0, 1257.8625342125129, 450.915498205774], [0.0, 0.0, 1.0]], [[1252.8131021185304, 0.0, 826.588114781398], [0.0, 1252.8131021185304, 469.9846626224581], [0.0, 0.0, 1.0]], [[1256.7485116440405, 0.0, 817.7887570959712], [0.0, 1256.7485116440403, 451.9541780095127], [0.0, 0.0, 1.0]], [[1254.9860565800168, 0.0, 829.5769333630991], [0.0, 1254.9860565800168, 467.1680561863987], [0.0, 0.0, 1.0]], [[796.8910634503094, 0.0, 857.7774326863696], [0.0, 796.8910634503094, 476.8848988407415], [0.0, 0.0, 1.0]], [[1249.9629280788233, 0.0, 825.3768045375984], [0.0, 1249.9629280788233, 462.54816385708756], [0.0, 0.0, 1.0]]], "extrinsics": [[[0.8225624561309814, -0.568668782711029, -0.0025967000983655453, -1.00482177734375], [0.02412537671625614, 0.039458032697439194, -0.9989299178123474, 1.4882888793945312], [0.568162739276886, 0.8216196894645691, 0.04617604985833168, -1.3336181640625], [0.0, 0.0, 0.0, 1.0]], [[0.010602983646094799, -0.9993283748626709, -0.03507636860013008, 0.005615234375], [0.02608739398419857, 0.03534284606575966, -0.9990347027778625, 1.4801559448242188], [0.9996034502983093, 0.00967773050069809, 0.02644461579620838, -1.734771728515625], [0.0, 0.0, 0.0, 1.0]], [[-0.8434998989105225, -0.535398542881012, -0.04308377206325531, 1.090576171875], [0.034115005284547806, 0.026648150756955147, -0.9990625381469727, 1.4930648803710938], [0.5360447764396667, -0.8441789746284485, -0.004212588537484407, -1.2774658203125], [0.0, 0.0, 0.0, 1.0]], [[0.9477341771125793, 0.318327397108078, 0.021620342507958412, -1.14385986328125], [0.008747641928493977, 0.04181281477212906, -0.9990871548652649, 1.562042236328125], [-0.3189408481121063, 0.9470582008361816, 0.03684282302856445, -0.1561279296875], [0.0, 0.0, 0.0, 1.0]], [[0.00888898130506277, 0.9993687868118286, 0.034395597875118256, -0.02880859375], [0.010856597684323788, 0.034298475831747055, -0.9993526339530945, 1.5680618286132812], [-0.9999014735221863, 0.009256649762392044, -0.010544868186116219, 0.044219970703125], [0.0, 0.0, 0.0, 1.0]], [[-0.9236057996749878, 0.3832264840602875, -0.009469261392951012, 1.16064453125], [0.015061696991324425, 0.011595021933317184, -0.9998193383216858, 1.5478096008300781], [-0.3830474019050598, -0.9235816597938538, -0.016481271013617516, -0.0435791015625], [0.0, 0.0, 0.0, 1.0]]], "view": [[0.0, -2.0, 100.0], [-2.0, 0.0, 100.0], [0.0, 0.0, 1.0]], "bev": "bev_076d8368d1894514a673f4a922a901fd.png", "aux": "aux_076d8368d1894514a673f4a922a901fd.npz", "visibility": "visibility_076d8368d1894514a673f4a922a901fd.png", "pose": [[-0.7443942427635193, -0.6677403450012207, 0.0, 1461.1436767578125], [0.6677403450012207, -0.7443942427635193, 0.0, 912.4420166015625], [0.0, 0.0, 1.0, 0.0], [0.0, 0.0, 0.0, 1.0]], "pose_inverse": [[-0.7443942427635193, 0.6677403450012207, 0.0, 478.392578125], [-0.6677403450012207, -0.7443942427635193, 0.0, 1654.8812255859375], [0.0, 0.0, 1.0, 0.0], [0.0, 0.0, 0.0, 1.0]], "cam_ids": [0, 1, 2, 3, 4, 5], "cam_channels": ["CAM_FRONT_LEFT", "CAM_FRONT", "CAM_FRONT_RIGHT", "CAM_BACK_LEFT", "CAM_BACK", "CAM_BACK_RIGHT"], "token": "076d8368d1894514a673f4a922a901fd", "scene": "scene-0226"}, {"images": ["samples/CAM_FRONT_LEFT/n008-2018-07-27-12-07-38-0400__CAM_FRONT_LEFT__1532708004504799.jpg", "samples/CAM_FRONT/n008-2018-07-27-12-07-38-0400__CAM_FRONT__1532708004512404.jpg", "samples/CAM_FRONT_RIGHT/n008-2018-07-27-12-07-38-0400__CAM_FRONT_RIGHT__1532708004520482.jpg", "samples/CAM_BACK_LEFT/n008-2018-07-27-12-07-38-0400__CAM_BACK_LEFT__1532708004547405.jpg", "samples/CAM_BACK/n008-2018-07-27-12-07-38-0400__CAM_BACK__1532708004537558.jpg", "samples/CAM_BACK_RIGHT/n008-2018-07-27-12-07-38-0400__CAM_BACK_RIGHT__1532708004528113.jpg"], "intrinsics": [[[1257.8625342125129, 0.0, 827.2410631095686], [0.0, 1257.8625342125129, 450.915498205774], [0.0, 0.0, 1.0]], [[1252.8131021185304, 0.0, 826.588114781398], [0.0, 1252.8131021185304, 469.9846626224581], [0.0, 0.0, 1.0]], [[1256.7485116440405, 0.0, 817.7887570959712], [0.0, 1256.7485116440403, 451.9541780095127], [0.0, 0.0, 1.0]], [[1254.9860565800168, 0.0, 829.5769333630991], [0.0, 1254.9860565800168, 467.1680561863987], [0.0, 0.0, 1.0]], [[796.8910634503094, 0.0, 857.7774326863696], [0.0, 796.8910634503094, 476.8848988407415], [0.0, 0.0, 1.0]], [[1249.9629280788233, 0.0, 825.3768045375984], [0.0, 1249.9629280788233, 462.54816385708756], [0.0, 0.0, 1.0]]], "extrinsics": [[[0.8225457072257996, -0.5686935186386108, -0.0024797518271952868, -1.0048828125], [0.024220367893576622, 0.039387576282024384, -0.9989303946495056, 1.4882888793945312], [0.5681829452514648, 0.8216059803962708, 0.04617204889655113, -1.3336181640625], [0.0, 0.0, 0.0, 1.0]], [[0.010578926652669907, -0.9993313550949097, -0.03499918058514595, 0.005615234375], [0.026170188561081886, 0.03526585176587105, -0.9990352988243103, 1.4801559448242188], [0.999601423740387, 0.00965277198702097, 0.026525765657424927, -1.734710693359375], [0.0, 0.0, 0.0, 1.0]], [[-0.8435088992118835, -0.5353833436965942, -0.043097514659166336, 1.0908203125], [0.034184716641902924, 0.026564130559563637, -0.9990624189376831, 1.4930648803710938], [0.5360261797904968, -0.844191312789917, -0.004105153493583202, -1.277587890625], [0.0, 0.0, 0.0, 1.0]], [[0.9477332234382629, 0.31832775473594666, 0.021661728620529175, -1.14404296875], [0.008813600987195969, 0.04174647107720375, -0.9990893602371216, 1.562042236328125], [-0.31894218921661377, 0.9470610022544861, 0.0367588996887207, -0.1561279296875], [0.0, 0.0, 0.0, 1.0]], [[0.008895530365407467, 0.999371349811554, 0.034318707883358, -0.02880859375], [0.010928426869213581, 0.0342208556830883, -0.9993545413017273, 1.5680580139160156], [-0.9999006986618042, 0.0092648109421134, -0.010617144405841827, 0.044281005859375], [0.0, 0.0, 0.0, 1.0]], [[-0.9235988855361938, 0.38324078917503357, -0.009560185484588146, 1.160736083984375], [0.01512707956135273, 0.01151468325406313, -0.999819278717041, 1.5478057861328125], [-0.3830614387989044, -0.9235766530036926, -0.0164322629570961, -0.0435791015625], [0.0, 0.0, 0.0, 1.0]]], "view": [[0.0, -2.0, 100.0], [-2.0, 0.0, 100.0], [0.0, 0.0, 1.0]], "bev": "bev_a9109cc8faed429fae03d9068a83e9cd.png", "aux": "aux_a9109cc8faed429fae03d9068a83e9cd.npz", "visibility": "visibility_a9109cc8faed429fae03d9068a83e9cd.png", "pose": [[-0.7443525195121765, -0.6677868366241455, 0.0, 1461.1453857421875], [0.6677868366241455, -0.7443525195121765, 0.0, 912.44384765625], [0.0, 0.0, 1.0, 0.0], [0.0, 0.0, 0.0, 1.0]], "pose_inverse": [[-0.7443525195121765, 0.6677868366241455, 0.0, 478.2892761230469], [-0.6677868366241455, -0.7443525195121765, 0.0, 1654.91357421875], [0.0, 0.0, 1.0, 0.0], [0.0, 0.0, 0.0, 1.0]], "cam_ids": [0, 1, 2, 3, 4, 5], "cam_channels": ["CAM_FRONT_LEFT", "CAM_FRONT", "CAM_FRONT_RIGHT", "CAM_BACK_LEFT", "CAM_BACK", "CAM_BACK_RIGHT"], "token": "a9109cc8faed429fae03d9068a83e9cd", "scene": "scene-0226"}, {"images": ["samples/CAM_FRONT_LEFT/n008-2018-07-27-12-07-38-0400__CAM_FRONT_LEFT__1532708005004799.jpg", "samples/CAM_FRONT/n008-2018-07-27-12-07-38-0400__CAM_FRONT__1532708005012404.jpg", "samples/CAM_FRONT_RIGHT/n008-2018-07-27-12-07-38-0400__CAM_FRONT_RIGHT__1532708005020482.jpg", "samples/CAM_BACK_LEFT/n008-2018-07-27-12-07-38-0400__CAM_BACK_LEFT__1532708005047405.jpg", "samples/CAM_BACK/n008-2018-07-27-12-07-38-0400__CAM_BACK__1532708005037558.jpg", "samples/CAM_BACK_RIGHT/n008-2018-07-27-12-07-38-0400__CAM_BACK_RIGHT__1532708005028113.jpg"], "intrinsics": [[[1257.8625342125129, 0.0, 827.2410631095686], [0.0, 1257.8625342125129, 450.915498205774], [0.0, 0.0, 1.0]], [[1252.8131021185304, 0.0, 826.588114781398], [0.0, 1252.8131021185304, 469.9846626224581], [0.0, 0.0, 1.0]], [[1256.7485116440405, 0.0, 817.7887570959712], [0.0, 1256.7485116440403, 451.9541780095127], [0.0, 0.0, 1.0]], [[1254.9860565800168, 0.0, 829.5769333630991], [0.0, 1254.9860565800168, 467.1680561863987], [0.0, 0.0, 1.0]], [[796.8910634503094, 0.0, 857.7774326863696], [0.0, 796.8910634503094, 476.8848988407415], [0.0, 0.0, 1.0]], [[1249.9629280788233, 0.0, 825.3768045375984], [0.0, 1249.9629280788233, 462.54816385708756], [0.0, 0.0, 1.0]]], "extrinsics": [[[0.8225646615028381, -0.5686671137809753, -0.0022689199540764093, -1.0050048828125], [0.024484889581799507, 0.039402466267347336, -0.9989234209060669, 1.4882888793945312], [0.5681442022323608, 0.8216235041618347, 0.046334829181432724, -1.3336181640625], [0.0, 0.0, 0.0, 1.0]], [[0.010617861524224281, -0.999330461025238, -0.03501226380467415, 0.005615234375], [0.026451535522937775, 0.035282690078020096, -0.9990272521972656, 1.48016357421875], [0.9995936751365662, 0.009681455790996552, 0.026808449998497963, -1.7347412109375], [0.0, 0.0, 0.0, 1.0]], [[-0.843483030796051, -0.5354028940200806, -0.043360497802495956, 1.0906982421875], [0.03448403626680374, 0.026583120226860046, -0.9990516304969788, 1.493072509765625], [0.5360478162765503, -0.8441783785820007, -0.0039595626294612885, -1.2774658203125], [0.0, 0.0, 0.0, 1.0]], [[0.947725772857666, 0.3183300495147705, 0.02195163443684578, -1.1439208984375], [0.009112045168876648, 0.04176747426390648, -0.9990858435630798, 1.562042236328125], [-0.3189559280872345, 0.9470593333244324, 0.036683473736047745, -0.1561279296875], [0.0, 0.0, 0.0, 1.0]], [[0.008876485750079155, 0.9993707537651062, 0.03434217721223831, -0.0289306640625], [0.011222751811146736, 0.03424180671572685, -0.9993505477905273, 1.5680618286132812], [-0.9998976588249207, 0.009256190620362759, -0.01091174315661192, 0.044281005859375], [0.0, 0.0, 0.0, 1.0]], [[-0.9236025810241699, 0.3832251727581024, -0.009835883043706417, 1.1606292724609375], [0.015429853461682796, 0.011525841429829597, -0.999814510345459, 1.5478076934814453], [-0.3830406665802002, -0.9235830307006836, -0.01655840314924717, -0.0435791015625], [0.0, 0.0, 0.0, 1.0]]], "view": [[0.0, -2.0, 100.0], [-2.0, 0.0, 100.0], [0.0, 0.0, 1.0]], "bev": "bev_0e789b3148104831b07ab9b1c8048f8f.png", "aux": "aux_0e789b3148104831b07ab9b1c8048f8f.npz", "visibility": "visibility_0e789b3148104831b07ab9b1c8048f8f.png", "pose": [[-0.7443444728851318, -0.6677958369255066, 0.0, 1461.146728515625], [0.6677958369255066, -0.7443444728851318, 0.0, 912.4453735351562], [0.0, 0.0, 1.0, 0.0], [0.0, 0.0, 0.0, 1.0]], "pose_inverse": [[-0.7443444728851318, 0.6677958369255066, 0.0, 478.2692565917969], [-0.6677958369255066, -0.7443444728851318, 0.0, 1654.92138671875], [0.0, 0.0, 1.0, 0.0], [0.0, 0.0, 0.0, 1.0]], "cam_ids": [0, 1, 2, 3, 4, 5], "cam_channels": ["CAM_FRONT_LEFT", "CAM_FRONT", "CAM_FRONT_RIGHT", "CAM_BACK_LEFT", "CAM_BACK", "CAM_BACK_RIGHT"], "token": "0e789b3148104831b07ab9b1c8048f8f", "scene": "scene-0226"}, {"images": ["samples/CAM_FRONT_LEFT/n008-2018-07-27-12-07-38-0400__CAM_FRONT_LEFT__1532708005504799.jpg", "samples/CAM_FRONT/n008-2018-07-27-12-07-38-0400__CAM_FRONT__1532708005512404.jpg", "samples/CAM_FRONT_RIGHT/n008-2018-07-27-12-07-38-0400__CAM_FRONT_RIGHT__1532708005520482.jpg", "samples/CAM_BACK_LEFT/n008-2018-07-27-12-07-38-0400__CAM_BACK_LEFT__1532708005547405.jpg", "samples/CAM_BACK/n008-2018-07-27-12-07-38-0400__CAM_BACK__1532708005537558.jpg", "samples/CAM_BACK_RIGHT/n008-2018-07-27-12-07-38-0400__CAM_BACK_RIGHT__1532708005528124.jpg"], "intrinsics": [[[1257.8625342125129, 0.0, 827.2410631095686], [0.0, 1257.8625342125129, 450.915498205774], [0.0, 0.0, 1.0]], [[1252.8131021185304, 0.0, 826.588114781398], [0.0, 1252.8131021185304, 469.9846626224581], [0.0, 0.0, 1.0]], [[1256.7485116440405, 0.0, 817.7887570959712], [0.0, 1256.7485116440403, 451.9541780095127], [0.0, 0.0, 1.0]], [[1254.9860565800168, 0.0, 829.5769333630991], [0.0, 1254.9860565800168, 467.1680561863987], [0.0, 0.0, 1.0]], [[796.8910634503094, 0.0, 857.7774326863696], [0.0, 796.8910634503094, 476.8848988407415], [0.0, 0.0, 1.0]], [[1249.9629280788233, 0.0, 825.3768045375984], [0.0, 1249.9629280788233, 462.54816385708756], [0.0, 0.0, 1.0]]], "extrinsics": [[[0.82256680727005, -0.5686646103858948, -0.002124218735843897, -1.0050048828125], [0.024678140878677368, 0.03942806273698807, -0.9989176392555237, 1.4882965087890625], [0.5681328177452087, 0.8216240406036377, 0.04646580293774605, -1.33349609375], [0.0, 0.0, 0.0, 1.0]], [[0.010628880932927132, -0.9993295073509216, -0.03503594547510147, 0.0054931640625], [0.026637710630893707, 0.035308461636304855, -0.9990214109420776, 1.48016357421875], [0.999588668346405, 0.009685246273875237, 0.026995141059160233, -1.734771728515625], [0.0, 0.0, 0.0, 1.0]], [[-0.8434725999832153, -0.5354059338569641, -0.043525319546461105, 1.090576171875], [0.03466275334358215, 0.026609085500240326, -0.9990447759628296, 1.493072509765625], [0.5360526442527771, -0.8441755771636963, -0.003885392565280199, -1.2774658203125], [0.0, 0.0, 0.0, 1.0]], [[0.9477199912071228, 0.31833526492118835, 0.02212454192340374, -1.1439208984375], [0.009290044195950031, 0.04177955538034439, -0.9990836977958679, 1.562042236328125], [-0.31896793842315674, 0.9470570087432861, 0.03663797304034233, -0.1561279296875], [0.0, 0.0, 0.0, 1.0]], [[0.008868650533258915, 0.9993700981140137, 0.0343623161315918, -0.02880859375], [0.011411519721150398, 0.034260280430316925, -0.9993478059768677, 1.5680580139160156], [-0.9998955130577087, 0.009254966862499714, -0.01110049057751894, 0.044281005859375], [0.0, 0.0, 0.0, 1.0]], [[-0.9236020445823669, 0.38322222232818604, -0.009995480999350548, 1.1606597900390625], [0.015613317489624023, 0.011551772244274616, -0.9998113512992859, 1.547811508178711], [-0.38303449749946594, -0.923583984375, -0.016652610152959824, -0.0435791015625], [0.0, 0.0, 0.0, 1.0]]], "view": [[0.0, -2.0, 100.0], [-2.0, 0.0, 100.0], [0.0, 0.0, 1.0]], "bev": "bev_86a9785b917b481fa5ad8b653599505d.png", "aux": "aux_86a9785b917b481fa5ad8b653599505d.npz", "visibility": "visibility_86a9785b917b481fa5ad8b653599505d.png", "pose": [[-0.744338870048523, -0.667802095413208, 0.0, 1461.14794921875], [0.667802095413208, -0.744338870048523, 0.0, 912.4466552734375], [0.0, 0.0, 1.0, 0.0], [0.0, 0.0, 0.0, 1.0]], "pose_inverse": [[-0.744338870048523, 0.667802095413208, 0.0, 478.2554016113281], [-0.667802095413208, -0.744338870048523, 0.0, 1654.92724609375], [0.0, 0.0, 1.0, 0.0], [0.0, 0.0, 0.0, 1.0]], "cam_ids": [0, 1, 2, 3, 4, 5], "cam_channels": ["CAM_FRONT_LEFT", "CAM_FRONT", "CAM_FRONT_RIGHT", "CAM_BACK_LEFT", "CAM_BACK", "CAM_BACK_RIGHT"], "token": "86a9785b917b481fa5ad8b653599505d", "scene": "scene-0226"}, {"images": ["samples/CAM_FRONT_LEFT/n008-2018-07-27-12-07-38-0400__CAM_FRONT_LEFT__1532708006004799.jpg", "samples/CAM_FRONT/n008-2018-07-27-12-07-38-0400__CAM_FRONT__1532708006012429.jpg", "samples/CAM_FRONT_RIGHT/n008-2018-07-27-12-07-38-0400__CAM_FRONT_RIGHT__1532708006020482.jpg", "samples/CAM_BACK_LEFT/n008-2018-07-27-12-07-38-0400__CAM_BACK_LEFT__1532708006047405.jpg", "samples/CAM_BACK/n008-2018-07-27-12-07-38-0400__CAM_BACK__1532708006037558.jpg", "samples/CAM_BACK_RIGHT/n008-2018-07-27-12-07-38-0400__CAM_BACK_RIGHT__1532708006028113.jpg"], "intrinsics": [[[1257.8625342125129, 0.0, 827.2410631095686], [0.0, 1257.8625342125129, 450.915498205774], [0.0, 0.0, 1.0]], [[1252.8131021185304, 0.0, 826.588114781398], [0.0, 1252.8131021185304, 469.9846626224581], [0.0, 0.0, 1.0]], [[1256.7485116440405, 0.0, 817.7887570959712], [0.0, 1256.7485116440403, 451.9541780095127], [0.0, 0.0, 1.0]], [[1254.9860565800168, 0.0, 829.5769333630991], [0.0, 1254.9860565800168, 467.1680561863987], [0.0, 0.0, 1.0]], [[796.8910634503094, 0.0, 857.7774326863696], [0.0, 796.8910634503094, 476.8848988407415], [0.0, 0.0, 1.0]], [[1249.9629280788233, 0.0, 825.3768045375984], [0.0, 1249.9629280788233, 462.54816385708756], [0.0, 0.0, 1.0]]], "extrinsics": [[[0.8225663304328918, -0.5686658024787903, -0.001972610130906105, -1.00494384765625], [0.024877339601516724, 0.03944975510239601, -0.9989117980003357, 1.4882888793945312], [0.5681248307228088, 0.8216221928596497, 0.04659692943096161, -1.33349609375], [0.0, 0.0, 0.0, 1.0]], [[0.010632699355483055, -0.9993292093276978, -0.03504471853375435, 0.0052490234375], [0.026840969920158386, 0.03531930223107338, -0.9990156292915344, 1.4801712036132812], [0.9995831251144409, 0.009681596420705318, 0.02719850093126297, -1.734710693359375], [0.0, 0.0, 0.0, 1.0]], [[-0.8434659242630005, -0.5354022979736328, -0.04370012506842613, 1.090576171875], [0.034870196133852005, 0.026608487591147423, -0.9990375638008118, 1.493072509765625], [0.5360497832298279, -0.8441779613494873, -0.003773771459236741, -1.277587890625], [0.0, 0.0, 0.0, 1.0]], [[0.9477193355560303, 0.31832319498062134, 0.022325467318296432, -1.14385986328125], [0.009501026012003422, 0.041783493012189865, -0.9990814924240112, 1.5620498657226562], [-0.3189636766910553, 0.9470610022544861, 0.036574628204107285, -0.1561279296875], [0.0, 0.0, 0.0, 1.0]], [[0.008863404393196106, 0.9993702173233032, 0.03435971215367317, -0.02880859375], [0.011631288565695286, 0.03425569832324982, -0.9993454217910767, 1.5680618286132812], [-0.9998931288719177, 0.00925722997635603, -0.011320343241095543, 0.044281005859375], [0.0, 0.0, 0.0, 1.0]], [[-0.92359