[{"images": ["samples/CAM_FRONT_LEFT/n008-2018-08-30-10-33-52-0400__CAM_FRONT_LEFT__1535639696654799.jpg", "samples/CAM_FRONT/n008-2018-08-30-10-33-52-0400__CAM_FRONT__1535639696662404.jpg", "samples/CAM_FRONT_RIGHT/n008-2018-08-30-10-33-52-0400__CAM_FRONT_RIGHT__1535639696670482.jpg", "samples/CAM_BACK_LEFT/n008-2018-08-30-10-33-52-0400__CAM_BACK_LEFT__1535639696697405.jpg", "samples/CAM_BACK/n008-2018-08-30-10-33-52-0400__CAM_BACK__1535639696687558.jpg", "samples/CAM_BACK_RIGHT/n008-2018-08-30-10-33-52-0400__CAM_BACK_RIGHT__1535639696678113.jpg"], "intrinsics": [[[1257.8625342125129, 0.0, 827.2410631095686], [0.0, 1257.8625342125129, 450.915498205774], [0.0, 0.0, 1.0]], [[1252.8131021185304, 0.0, 826.588114781398], [0.0, 1252.8131021185304, 469.9846626224581], [0.0, 0.0, 1.0]], [[1256.7485116440405, 0.0, 817.7887570959712], [0.0, 1256.7485116440403, 451.9541780095127], [0.0, 0.0, 1.0]], [[1254.9860565800168, 0.0, 829.5769333630991], [0.0, 1254.9860565800168, 467.1680561863987], [0.0, 0.0, 1.0]], [[796.8910634503094, 0.0, 857.7774326863696], [0.0, 796.8910634503094, 476.8848988407415], [0.0, 0.0, 1.0]], [[1249.9629280788233, 0.0, 825.3768045375984], [0.0, 1249.9629280788233, 462.54816385708756], [0.0, 0.0, 1.0]]], "extrinsics": [[[0.8222607970237732, -0.5687692165374756, -0.019720066338777542, -0.816741943359375], [0.007578615564852953, 0.04559072107076645, -0.9989314675331116, 1.4899673461914062], [0.5690605044364929, 0.821232795715332, 0.0417979434132576, -1.204345703125], [0.0, 0.0, 0.0, 1.0]], [[0.00984270591288805, -0.9990899562835693, -0.04150133952498436, 0.00830078125], [0.009540800005197525, 0.04159529134631157, -0.9990890026092529, 1.48193359375], [0.999906063079834, 0.009437858127057552, 0.009941527619957924, -1.5440673828125], [0.0, 0.0, 0.0, 1.0]], [[-0.8441591858863831, -0.5351043343544006, -0.03253760561347008, 0.9638671875], [0.01757611148059368, 0.033036138862371445, -0.9992995858192444, 1.4956893920898438], [0.5358044505119324, -0.8441397547721863, -0.01848270557820797, -1.1961669921875], [0.0, 0.0, 0.0, 1.0]], [[0.9479500651359558, 0.3183104991912842, 0.008311919867992401, -1.12841796875], [-0.007569911424070597, 0.048624686896800995, -0.9987884163856506, 1.561920166015625], [-0.3183290362358093, 0.9467386603355408, 0.04850335791707039, -0.1614990234375], [0.0, 0.0, 0.0, 1.0]], [[0.009466004557907581, 0.9991180300712585, 0.040909864008426666, -0.0286865234375], [-0.005552724935114384, 0.04096358269453049, -0.9991452097892761, 1.5676727294921875], [-0.9999397397041321, 0.009230789728462696, 0.005935589782893658, -0.021240234375], [0.0, 0.0, 0.0, 1.0]], [[-0.9236098527908325, 0.3832446038722992, 0.008258885703980923, 1.0564537048339844], [-0.0014248928055167198, 0.018112387508153915, -0.9998348951339722, 1.547637939453125], [-0.38333097100257874, -0.9234692454338074, -0.01618270017206669, -0.08642578125], [0.0, 0.0, 0.0, 1.0]]], "view": [[0.0, -2.0, 100.0], [-2.0, 0.0, 100.0], [0.0, 0.0, 1.0]], "bev": "bev_5ec2ee2d55cc4582acd0f92476845a74.png", "aux": "aux_5ec2ee2d55cc4582acd0f92476845a74.npz", "visibility": "visibility_5ec2ee2d55cc4582acd0f92476845a74.png", "pose": [[0.8726546764373779, 0.48833781480789185, 0.0, 1608.73193359375], [-0.48833781480789185, 0.8726546764373779, 0.0, 1307.505615234375], [0.0, 0.0, 1.0, 0.0], [0.0, 0.0, 0.0, 1.0]], "pose_inverse": [[0.8726546764373779, -0.48833781480789185, 0.0, -765.3629760742188], [0.48833781480789185, 0.8726546764373779, 0.0, -1926.60546875], [0.0, 0.0, 1.0, 0.0], [0.0, 0.0, 0.0, 1.0]], "cam_ids": [0, 1, 2, 3, 4, 5], "cam_channels": ["CAM_FRONT_LEFT", "CAM_FRONT", "CAM_FRONT_RIGHT", "CAM_BACK_LEFT", "CAM_BACK", "CAM_BACK_RIGHT"], "token": "5ec2ee2d55cc4582acd0f92476845a74", "scene": "scene-0522"}, {"images": ["samples/CAM_FRONT_LEFT/n008-2018-08-30-10-33-52-0400__CAM_FRONT_LEFT__1535639697154799.jpg", "samples/CAM_FRONT/n008-2018-08-30-10-33-52-0400__CAM_FRONT__1535639697162404.jpg", "samples/CAM_FRONT_RIGHT/n008-2018-08-30-10-33-52-0400__CAM_FRONT_RIGHT__1535639697170482.jpg", "samples/CAM_BACK_LEFT/n008-2018-08-30-10-33-52-0400__CAM_BACK_LEFT__1535639697197405.jpg", "samples/CAM_BACK/n008-2018-08-30-10-33-52-0400__CAM_BACK__1535639697187558.jpg", "samples/CAM_BACK_RIGHT/n008-2018-08-30-10-33-52-0400__CAM_BACK_RIGHT__1535639697178113.jpg"], "intrinsics": [[[1257.8625342125129, 0.0, 827.2410631095686], [0.0, 1257.8625342125129, 450.915498205774], [0.0, 0.0, 1.0]], [[1252.8131021185304, 0.0, 826.588114781398], [0.0, 1252.8131021185304, 469.9846626224581], [0.0, 0.0, 1.0]], [[1256.7485116440405, 0.0, 817.7887570959712], [0.0, 1256.7485116440403, 451.9541780095127], [0.0, 0.0, 1.0]], [[1254.9860565800168, 0.0, 829.5769333630991], [0.0, 1254.9860565800168, 467.1680561863987], [0.0, 0.0, 1.0]], [[796.8910634503094, 0.0, 857.7774326863696], [0.0, 796.8910634503094, 476.8848988407415], [0.0, 0.0, 1.0]], [[1249.9629280788233, 0.0, 825.3768045375984], [0.0, 1249.9629280788233, 462.54816385708756], [0.0, 0.0, 1.0]]], "extrinsics": [[[0.8223301768302917, -0.5687445402145386, -0.017400823533535004, -0.80047607421875], [0.012317609041929245, 0.04836667329072952, -0.9987536668777466, 1.49127197265625], [0.5688773393630981, 0.8210909366607666, 0.04677894711494446, -1.193603515625], [0.0, 0.0, 0.0, 1.0]], [[0.00999133288860321, -0.9989734888076782, -0.04418327286839485, 0.0087890625], [0.014306783676147461, 0.044323764741420746, -0.9989147782325745, 1.4830551147460938], [0.9998476505279541, 0.009348331950604916, 0.014734948985278606, -1.52850341796875], [0.0, 0.0, 0.0, 1.0]], [[-0.8440302014350891, -0.534948468208313, -0.03798913583159447, 0.9542236328125], [0.02234727516770363, 0.03569253161549568, -0.9991129040718079, 1.4966583251953125], [0.5358298420906067, -0.8441304564476013, -0.018170936033129692, -1.1900634765625], [0.0, 0.0, 0.0, 1.0]], [[0.9479106068611145, 0.3182508051395416, 0.013485504314303398, -1.1318359375], [-0.0028835583943873644, 0.050907380878925323, -0.9986991882324219, 1.5619964599609375], [-0.3185233771800995, 0.9466387033462524, 0.04917334392666817, -0.1602783203125], [0.0, 0.0, 0.0, 1.0]], [[0.009357655420899391, 0.999014139175415, 0.04339566081762314, -0.0286865234375], [-0.0007599385571666062, 0.04340464994311333, -0.9990572333335876, 1.5679931640625], [-0.999955952167511, 0.009315821342170238, 0.0011653548572212458, -0.0240478515625], [0.0, 0.0, 0.0, 1.0]], [[-0.9236080050468445, 0.3833080232143402, 0.004816062748432159, 1.0494937896728516], [0.003369587007910013, 0.020680971443653107, -0.9997804164886475, 1.5481986999511719], [-0.38332340121269226, -0.9233889579772949, -0.020392701029777527, -0.089111328125], [0.0, 0.0, 0.0, 1.0]]], "view": [[0.0, -2.0, 100.0], [-2.0, 0.0, 100.0], [0.0, 0.0, 1.0]], "bev": "bev_6a7179c74f5045b3afd23c466992d731.png", "aux": "aux_6a7179c74f5045b3afd23c466992d731.npz", "visibility": "visibility_6a7179c74f5045b3afd23c466992d731.png", "pose": [[0.8744527101516724, 0.48511072993278503, 0.0, 1611.04443359375], [-0.48511072993278503, 0.8744527101516724, 0.0, 1306.1898193359375], [0.0, 0.0, 1.0, 0.0], [0.0, 0.0, 0.0, 1.0]], "pose_inverse": [[0.8744527101516724, -0.48511072993278503, 0.0, -775.135498046875], [0.48511072993278503, 0.8744527101516724, 0.0, -1923.7362060546875], [0.0, 0.0, 1.0, 0.0], [0.0, 0.0, 0.0, 1.0]], "cam_ids": [0, 1, 2, 3, 4, 5], "cam_channels": ["CAM_FRONT_LEFT", "CAM_FRONT", "CAM_FRONT_RIGHT", "CAM_BACK_LEFT", "CAM_BACK", "CAM_BACK_RIGHT"], "token": "6a7179c74f5045b3afd23c466992d731", "scene": "scene-0522"}, {"images": ["samples/CAM_FRONT_LEFT/n008-2018-08-30-10-33-52-0400__CAM_FRONT_LEFT__1535639697654881.jpg", "samples/CAM_FRONT/n008-2018-08-30-10-33-52-0400__CAM_FRONT__1535639697662404.jpg", "samples/CAM_FRONT_RIGHT/n008-2018-08-30-10-33-52-0400__CAM_FRONT_RIGHT__1535639697670482.jpg", "samples/CAM_BACK_LEFT/n008-2018-08-30-10-33-52-0400__CAM_BACK_LEFT__1535639697697405.jpg", "samples/CAM_BACK/n008-2018-08-30-10-33-52-0400__CAM_BACK__1535639697687558.jpg", "samples/CAM_BACK_RIGHT/n008-2018-08-30-10-33-52-0400__CAM_BACK_RIGHT__1535639697678113.jpg"], "intrinsics": [[[1257.8625342125129, 0.0, 827.2410631095686], [0.0, 1257.8625342125129, 450.915498205774], [0.0, 0.0, 1.0]], [[1252.8131021185304, 0.0, 826.588114781398], [0.0, 1252.8131021185304, 469.9846626224581], [0.0, 0.0, 1.0]], [[1256.7485116440405, 0.0, 817.7887570959712], [0.0, 1256.7485116440403, 451.9541780095127], [0.0, 0.0, 1.0]], [[1254.9860565800168, 0.0, 829.5769333630991], [0.0, 1254.9860565800168, 467.1680561863987], [0.0, 0.0, 1.0]], [[796.8910634503094, 0.0, 857.7774326863696], [0.0, 796.8910634503094, 476.8848988407415], [0.0, 0.0, 1.0]], [[1249.9629280788233, 0.0, 825.3768045375984], [0.0, 1249.9629280788233, 462.54816385708756], [0.0, 0.0, 1.0]]], "extrinsics": [[[0.8220661282539368, -0.5691176056861877, -0.017674226313829422, -0.77520751953125], [0.012717412784695625, 0.049384843558073044, -0.998698890209198, 1.491668701171875], [0.5692499876022339, 0.8207716941833496, 0.04783531278371811, -1.177978515625], [0.0, 0.0, 0.0, 1.0]], [[0.009579736739397049, -0.9989359974861145, -0.04511181637644768, 0.0101318359375], [0.014682544395327568, 0.045249540358781815, -0.9988678097724915, 1.4834518432617188], [0.9998462200164795, 0.008906478062272072, 0.015100400894880295, -1.5029296875], [0.0, 0.0, 0.0, 1.0]], [[-0.8442059755325317, -0.534616231918335, -0.03875153139233589, 0.937255859375], [0.022731471806764603, 0.03652266040444374, -0.9990742206573486, 1.497161865234375], [0.5355366468429565, -0.8443053364753723, -0.018680036067962646, -1.1778564453125], [0.0, 0.0, 0.0, 1.0]], [[0.9479392170906067, 0.3181414008140564, 0.014049246907234192, -1.1256103515625], [-0.0025022595655173063, 0.05155729129910469, -0.9986668825149536, 1.5619735717773438], [-0.3184416592121124, 0.9466403126716614, 0.04966924712061882, -0.1627197265625], [0.0, 0.0, 0.0, 1.0]], [[0.009513379074633121, 0.9989822506904602, 0.044090334326028824, -0.0291748046875], [-0.00044060946675017476, 0.04409650340676308, -0.9990271925926208, 1.5679779052734375], [-0.9999547004699707, 0.009484645910561085, 0.0008596684783697128, -0.03472900390625], [0.0, 0.0, 0.0, 1.0]], [[-0.9235060811042786, 0.38355350494384766, 0.004808284807950258, 1.0340137481689453], [0.0037028896622359753, 0.02144886739552021, -0.9997630715370178, 1.5482864379882812], [-0.3835657835006714, -0.9232694506645203, -0.02122841775417328, -0.0947265625], [0.0, 0.0, 0.0, 1.0]]], "view": [[0.0, -2.0, 100.0], [-2.0, 0.0, 100.0], [0.0, 0.0, 1.0]], "bev": "bev_2a47cd19bfa0462f91c9ba26fd69c1c0.png", "aux": "aux_2a47cd19bfa0462f91c9ba26fd69c1c0.npz", "visibility": "visibility_2a47cd19bfa0462f91c9ba26fd69c1c0.png", "pose": [[0.8760418891906738, 0.48223498463630676, 0.0, 1613.6007080078125], [-0.48223498463630676, 0.8760418891906738, 0.0, 1304.7396240234375], [0.0, 0.0, 1.0, 0.0], [0.0, 0.0, 0.0, 1.0]], "pose_inverse": [[0.8760418891906738, -0.48223498463630676, 0.0, -784.3907470703125], [0.48223498463630676, 0.8760418891906738, 0.0, -1921.1412353515625], [0.0, 0.0, 1.0, 0.0], [0.0, 0.0, 0.0, 1.0]], "cam_ids": [0, 1, 2, 3, 4, 5], "cam_channels": ["CAM_FRONT_LEFT", "CAM_FRONT", "CAM_FRONT_RIGHT", "CAM_BACK_LEFT", "CAM_BACK", "CAM_BACK_RIGHT"], "token": "2a47cd19bfa0462f91c9ba26fd69c1c0", "scene": "scene-0522"}, {"images": ["samples/CAM_FRONT_LEFT/n008-2018-08-30-10-33-52-0400__CAM_FRONT_LEFT__1535639698154809.jpg", "samples/CAM_FRONT/n008-2018-08-30-10-33-52-0400__CAM_FRONT__1535639698162404.jpg", "samples/CAM_FRONT_RIGHT/n008-2018-08-30-10-33-52-0400__CAM_FRONT_RIGHT__1535639698170482.jpg", "samples/CAM_BACK_LEFT/n008-2018-08-30-10-33-52-0400__CAM_BACK_LEFT__1535639698197405.jpg", "samples/CAM_BACK/n008-2018-08-30-10-33-52-0400__CAM_BACK__1535639698187558.jpg", "samples/CAM_BACK_RIGHT/n008-2018-08-30-10-33-52-0400__CAM_BACK_RIGHT__1535639698178113.jpg"], "intrinsics": [[[1257.8625342125129, 0.0, 827.2410631095686], [0.0, 1257.8625342125129, 450.915498205774], [0.0, 0.0, 1.0]], [[1252.8131021185304, 0.0, 826.588114781398], [0.0, 1252.8131021185304, 469.9846626224581], [0.0, 0.0, 1.0]], [[1256.7485116440405, 0.0, 817.7887570959712], [0.0, 1256.7485116440403, 451.9541780095127], [0.0, 0.0, 1.0]], [[1254.9860565800168, 0.0, 829.5769333630991], [0.0, 1254.9860565800168, 467.1680561863987], [0.0, 0.0, 1.0]], [[796.8910634503094, 0.0, 857.7774326863696], [0.0, 796.8910634503094, 476.8848988407415], [0.0, 0.0, 1.0]], [[1249.9629280788233, 0.0, 825.3768045375984], [0.0, 1249.9629280788233, 462.54816385708756], [0.0, 0.0, 1.0]]], "extrinsics": [[[0.8222692012786865, -0.5689512491226196, -0.012958955019712448, -0.75848388671875], [0.016576413065195084, 0.04670575633645058, -0.9987711906433105, 1.4931793212890625], [0.5688574314117432, 0.8210439085960388, 0.04783587157726288, -1.164794921875], [0.0, 0.0, 0.0, 1.0]], [[0.009966550394892693, -0.9990506768226624, -0.04240827634930611, 0.00927734375], [0.018515970557928085, 0.04258749634027481, -0.9989211559295654, 1.4846954345703125], [0.9997789263725281, 0.009170585311949253, 0.018922843039035797, -1.486572265625], [0.0, 0.0, 0.0, 1.0]], [[-0.8439626693725586, -0.5348662734031677, -0.040559448301792145, 0.9268798828125], [0.026538318023085594, 0.03388606384396553, -0.999073326587677, 1.498199462890625], [0.5357450246810913, -0.8442569375038147, -0.014404122717678547, -1.17236328125], [0.0, 0.0, 0.0, 1.0]], [[0.9479185938835144, 0.3180801272392273, 0.01659669540822506, -1.1298828125], [0.0010540197836235166, 0.04897397384047508, -0.9987995028495789, 1.5620574951171875], [-0.31851106882095337, 0.9467980861663818, 0.0460880771279335, -0.1610107421875], [0.0, 0.0, 0.0, 1.0]], [[0.009315012022852898, 0.9990944862365723, 0.04151502996683121, -0.0284423828125], [0.00323157268576324, 0.04148653894662857, -0.999133825302124, 1.5683135986328125], [-0.9999514222145081, 0.009441067464649677, -0.0028421995230019093, -0.0369873046875], [0.0, 0.0, 0.0, 1.0]], [[-0.9235612750053406, 0.38345077633857727, 0.0002978595730382949, 1.0273935794830322], [0.007489136885851622, 0.018814606592059135, -0.9997949600219727, 1.5488777160644531], [-0.38337770104408264, -0.9233696460723877, -0.020248159766197205, -0.09814453125], [0.0, 0.0, 0.0, 1.0]]], "view": [[0.0, -2.0, 100.0], [-2.0, 0.0, 100.0], [0.0, 0.0, 1.0]], "bev": "bev_1190a8e01268452d8f84a7b1b2f522fa.png", "aux": "aux_1190a8e01268452d8f84a7b1b2f522fa.npz", "visibility": "visibility_1190a8e01268452d8f84a7b1b2f522fa.png", "pose": [[0.8782243132591248, 0.4782489538192749, 0.0, 1616.387451171875], [-0.4782489538192749, 0.8782243132591248, 0.0, 1303.176025390625], [0.0, 0.0, 1.0, 0.0], [0.0, 0.0, 0.0, 1.0]], "pose_inverse": [[0.8782243132591248, -0.4782489538192749, 0.0, -796.3082275390625], [0.4782489538192749, 0.8782243132591248, 0.0, -1917.5164794921875], [0.0, 0.0, 1.0, 0.0], [0.0, 0.0, 0.0, 1.0]], "cam_ids": [0, 1, 2, 3, 4, 5], "cam_channels": ["CAM_FRONT_LEFT", "CAM_FRONT", "CAM_FRONT_RIGHT", "CAM_BACK_LEFT", "CAM_BACK", "CAM_BACK_RIGHT"], "token": "1190a8e01268452d8f84a7b1b2f522fa", "scene": "scene-0522"}, {"images": ["samples/CAM_FRONT_LEFT/n008-2018-08-30-10-33-52-0400__CAM_FRONT_LEFT__1535639698654799.jpg", "samples/CAM_FRONT/n008-2018-08-30-10-33-52-0400__CAM_FRONT__1535639698662404.jpg", "samples/CAM_FRONT_RIGHT/n008-2018-08-30-10-33-52-0400__CAM_FRONT_RIGHT__1535639698670482.jpg", "samples/CAM_BACK_LEFT/n008-2018-08-30-10-33-52-0400__CAM_BACK_LEFT__1535639698697405.jpg", "samples/CAM_BACK/n008-2018-08-30-10-33-52-0400__CAM_BACK__1535639698687558.jpg", "samples/CAM_BACK_RIGHT/n008-2018-08-30-10-33-52-0400__CAM_BACK_RIGHT__1535639698678116.jpg"], "intrinsics": [[[1257.8625342125129, 0.0, 827.2410631095686], [0.0, 1257.8625342125129, 450.915498205774], [0.0, 0.0, 1.0]], [[1252.8131021185304, 0.0, 826.588114781398], [0.0, 1252.8131021185304, 469.9846626224581], [0.0, 0.0, 1.0]], [[1256.7485116440405, 0.0, 817.7887570959712], [0.0, 1256.7485116440403, 451.9541780095127], [0.0, 0.0, 1.0]], [[1254.9860565800168, 0.0, 829.5769333630991], [0.0, 1254.9860565800168, 467.1680561863987], [0.0, 0.0, 1.0]], [[796.8910634503094, 0.0, 857.7774326863696], [0.0, 796.8910634503094, 476.8848988407415], [0.0, 0.0, 1.0]], [[1249.9629280788233, 0.0, 825.3768045375984], [0.0, 1249.9629280788233, 462.54816385708756], [0.0, 0.0, 1.0]]], "extrinsics": [[[0.8223358392715454, -0.5688517689704895, -0.01309463381767273, -0.74237060546875], [0.015684008598327637, 0.045665472745895386, -0.9988336563110352, 1.4931716918945312], [0.5687862634658813, 0.8211713433265686, 0.04647422581911087, -1.1546630859375], [0.0, 0.0, 0.0, 1.0]], [[0.010136247612535954, -0.9990919828414917, -0.041381701827049255, 0.0103759765625], [0.017682475969195366, 0.041556451469659805, -0.9989796876907349, 1.484710693359375], [0.999792218208313, 0.009394149295985699, 0.01808764785528183, -1.4722900390625], [0.0, 0.0, 0.0, 1.0]], [[-0.8438857197761536, -0.5350772738456726, -0.03936052322387695, 0.9188232421875], [0.025751274079084396, 0.0328831821680069, -0.9991273880004883, 1.4982757568359375], [0.5359047055244446, -0.8441628813743591, -0.013970725238323212, -1.166259765625], [0.0, 0.0, 0.0, 1.0]], [[0.9479078650474548, 0.31815043091773987, 0.01584247499704361, -1.1324462890625], [0.0005021154065616429, 0.04824154078960419, -0.998835563659668, 1.562042236328125], [-0.3185442090034485, 0.9468120336532593, 0.045568786561489105, -0.1600341796875], [0.0, 0.0, 0.0, 1.0]], [[0.009242619387805462, 0.9991307854652405, 0.040648769587278366, -0.0286865234375], [0.0025680430699139833, 0.040626656264066696, -0.9991710782051086, 1.5682449340820312], [-0.9999539256095886, 0.009339360520243645, -0.002190314931795001, -0.038330078125], [0.0, 0.0, 0.0, 1.0]], [[-0.9236200451850891, 0.38330864906311035, 0.0006375646917149425, 1.0214262008666992], [0.006725717335939407, 0.017869295552372932, -0.9998177289962769, 1.548797607421875], [-0.3832501173019409, -0.9234474301338196, -0.019082466140389442, -0.10009765625], [0.0, 0.0, 0.0, 1.0]]], "view": [[0.0, -2.0, 100.0], [-2.0, 0.0, 100.0], [0.0, 0.0, 1.0]], "bev": "bev_d7af7925d4c041289e30db7c0399aa26.png", "aux": "aux_d7af7925d4c041289e30db7c0399aa26.npz", "visibility": "visibility_d7af7925d4c041289e30db7c0399aa26.png", "pose": [[0.8798545002937317, 0.4752431809902191, 0.0, 1619.3631591796875], [-0.4752431809902191, 0.8798545002937317, 0.0, 1301.52880859375], [0.0, 0.0, 1.0, 0.0], [0.0, 0.0, 0.0, 1.0]], "pose_inverse": [[0.8798545002937317, -0.4752431809902191, 0.0, -806.26123046875], [0.4752431809902191, 0.8798545002937317, 0.0, -1914.747314453125], [0.0, 0.0, 1.0, 0.0], [0.0, 0.0, 0.0, 1.0]], "cam_ids": [0, 1, 2, 3, 4, 5], "cam_channels": ["CAM_FRONT_LEFT", "CAM_FRONT", "CAM_FRONT_RIGHT", "CAM_BACK_LEFT", "CAM_BACK", "CAM_BACK_RIGHT"], "token": "d7af7925d4c041289e30db7c0399aa26", "scene": "scene-0522"}, {"images": ["samples/CAM_FRONT_LEFT/n008-2018-08-30-10-33-52-0400__CAM_FRONT_LEFT__1535639699154799.jpg", "samples/CAM_FRONT/n008-2018-08-30-10-33-52-0400__CAM_FRONT__1535639699162404.jpg", "samples/CAM_FRONT_RIGHT/n008-2018-08-30-10-33-52-0400__CAM_FRONT_RIGHT__1535639699170482.jpg", "samples/CAM_BACK_LEFT/n008-2018-08-30-10-33-52-0400__CAM_BACK_LEFT__1535639699197405.jpg", "samples/CAM_BACK/n008-2018-08-30-10-33-52-0400__CAM_BACK__1535639699187558.jpg", "samples/CAM_BACK_RIGHT/n008-2018-08-30-10-33-52-0400__CAM_BACK_RIGHT__1535639699178113.jpg"], "intrinsics": [[[1257.8625342125129, 0.0, 827.2410631095686], [0.0, 1257.8625342125129, 450.915498205774], [0.0, 0.0, 1.0]], [[1252.8131021185304, 0.0, 826.588114781398], [0.0, 1252.8131021185304, 469.9846626224581], [0.0, 0.0, 1.0]], [[1256.7485116440405, 0.0, 817.7887570959712], [0.0, 1256.7485116440403, 451.9541780095127], [0.0, 0.0, 1.0]], [[1254.9860565800168, 0.0, 829.5769333630991], [0.0, 1254.9860565800168, 467.1680561863987], [0.0, 0.0, 1.0]], [[796.8910634503094, 0.0, 857.7774326863696], [0.0, 796.8910634503094, 476.8848988407415], [0.0, 0.0, 1.0]], [[1249.9629280788233, 0.0, 825.3768045375984], [0.0, 1249.9629280788233, 462.54816385708756], [0.0, 0.0, 1.0]]], "extrinsics": [[[0.822316586971283, -0.5689061880111694, -0.011885496787726879, -0.718475341796875], [0.019648505374789238, 0.04926306754350662, -0.9985925555229187, 1.4948654174804688], [0.5686909556388855, 0.8209256529808044, 0.05168798938393593, -1.140625], [0.0, 0.0, 0.0, 1.0]], [[0.010108355432748795, -0.9989385604858398, -0.04494013637304306, 0.0120849609375], [0.021621892228722572, 0.045150276273489, -0.9987461566925049, 1.4862060546875], [0.9997151494026184, 0.009124033153057098, 0.02205534093081951, -1.4471435546875], [0.0, 0.0, 0.0, 1.0]], [[-0.8438355326652527, -0.5347472429275513, -0.04457496479153633, 0.901611328125], [0.029658151790499687, 0.036464136093854904, -0.9988947510719299, 1.499664306640625], [0.5357815623283386, -0.8442249894142151, -0.014910123310983181, -1.1541748046875], [0.0, 0.0, 0.0, 1.0]], [[0.947866678237915, 0.3179967701435089, 0.02065701223909855, -1.1282958984375], [0.004442756529897451, 0.05162981525063515, -0.9986563920974731, 1.5620956420898438], [-0.31863611936569214, 0.9466849565505981, 0.047525398433208466, -0.1617431640625], [0.0, 0.0, 0.0, 1.0]], [[0.009228014387190342, 0.9989807605743408, 0.044184610247612, -0.0291748046875], [0.006500096060335636, 0.04412563517689705, -0.9990048408508301, 1.5686111450195312], [-0.9999362826347351, 0.009506041184067726, -0.006086278706789017, -0.0489501953125], [0.0, 0.0, 0.0, 1.0]], [[-0.9235466122627258, 0.3834823966026306, -0.0016682117711752653, 1.006093978881836], [0.010699883103370667, 0.02141978032886982, -0.9997133612632751, 1.5495491027832031], [-0.3833366334438324, -0.9232997298240662, -0.02388538420200348, -0.10546875], [0.0, 0.0, 0.0, 1.0]]], "view": [[0.0, -2.0, 100.0], [-2.0, 0.0, 100.0], [0.0, 0.0, 1.0]], "bev": "bev_7187c0debb344efe938955f698f2e0d8.png", "aux": "aux_7187c0debb344efe938955f698f2e0d8.npz", "visibility": "visibility_7187c0debb344efe938955f698f2e0d8.png", "pose": [[0.8807787299156189, 0.47352805733680725, 0.0, 1622.595947265625], [-0.47352805733680725, 0.8807787299156189, 0.0, 1299.7359619140625], [0.0, 0.0, 1.0, 0.0], [0.0, 0.0, 0.0, 1.0]], "pose_inverse": [[0.8807787299156189, -0.47352805733680725, 0.0, -813.6865234375], [0.47352805733680725, 0.8807787299156189, 0.0, -1913.12451171875], [0.0, 0.0, 1.0, 0.0], [0.0, 0.0, 0.0, 1.0]], "cam_ids": [0, 1, 2, 3, 4, 5], "cam_channels": ["CAM_FRONT_LEFT", "CAM_FRONT", "CAM_FRONT_RIGHT", "CAM_BACK_LEFT", "CAM_BACK", "CAM_BACK_RIGHT"], "token": "7187c0debb344efe938955f698f2e0d8", "scene": "scene-0522"}, {"images": ["samples/CAM_FRONT_LEFT/n008-2018-08-30-10-33-52-0400__CAM_FRONT_LEFT__1535639699654799.jpg", "samples/CAM_FRONT/n008-2018-08-30-10-33-52-0400__CAM_FRONT__1535639699662404.jpg", "samples/CAM_FRONT_RIGHT/n008-2018-08-30-10-33-52-0400__CAM_FRONT_RIGHT__1535639699670482.jpg", "samples/CAM_BACK_LEFT/n008-2018-08-30-10-33-52-0400__CAM_BACK_LEFT__1535639699697405.jpg", "samples/CAM_BACK/n008-2018-08-30-10-33-52-0400__CAM_BACK__1535639699687705.jpg", "samples/CAM_BACK_RIGHT/n008-2018-08-30-10-33-52-0400__CAM_BACK_RIGHT__1535639699678127.jpg"], "intrinsics": [[[1257.8625342125129, 0.0, 827.2410631095686], [0.0, 1257.8625342125129, 450.915498205774], [0.0, 0.0, 1.0]], [[1252.8131021185304, 0.0, 826.588114781398], [0.0, 1252.8131021185304, 469.9846626224581], [0.0, 0.0, 1.0]], [[1256.7485116440405, 0.0, 817.7887570959712], [0.0, 1256.7485116440403, 451.9541780095127], [0.0, 0.0, 1.0]], [[1254.9860565800168, 0.0, 829.5769333630991], [0.0, 1254.9860565800168, 467.1680561863987], [0.0, 0.0, 1.0]], [[796.8910634503094, 0.0, 857.7774326863696], [0.0, 796.8910634503094, 476.8848988407415], [0.0, 0.0, 1.0]], [[1249.9629280788233, 0.0, 825.3768045375984], [0.0, 1249.9629280788233, 462.54816385708756], [0.0, 0.0, 1.0]]], "extrinsics": [[[0.8225393891334534, -0.5684168934822083, -0.018200648948550224, -0.70782470703125], [0.015410912223160267, 0.05426958203315735, -0.9984073638916016, 1.4936752319335938], [0.5684993267059326, 0.8209488987922668, 0.05339869111776352, -1.13134765625], [0.0, 0.0, 0.0, 1.0]], [[0.010271445848047733, -0.9986949563026428, -0.050028808414936066, 0.0108642578125], [0.017373202368617058, 0.050202131271362305, -0.9985880255699158, 1.4852371215820312], [0.9997962713241577, 0.009387800469994545, 0.01786618120968342, -1.43603515625], [0.0, 0.0, 0.0, 1.0]], [[-0.8438982367515564, -0.5347220301628113, -0.043682072311639786, 0.8936767578125], [0.025371041148900986, 0.04155372455716133, -0.998814046382904, 1.4989471435546875], [0.5359030365943909, -0.8440057635307312, -0.021500661969184875, -1.150390625], [0.0, 0.0, 0.0, 1.0]], [[0.9479368925094604, 0.3179587721824646, 0.017833393067121506, -1.124267578125], [-0.0002756491594482213, 0.056818313896656036, -0.9983844757080078, 1.5620269775390625], [-0.3184583783149719, 0.94640052318573, 0.053947813808918, -0.1627197265625], [0.0, 0.0, 0.0, 1.0]], [[0.009417044930160046, 0.9987396001815796, 0.0493006706237793, -0.0286865234375], [0.0019794595427811146, 0.04928414151072502, -0.9987828135490417, 1.5682144165039062], [-0.9999537467956543, 0.009503219276666641, -0.001512852031737566, -0.05352783203125], [0.0, 0.0, 0.0, 1.0]], [[-0.9235900044441223, 0.3833565413951874, 0.004395324736833572, 0.9995899200439453], [0.006262186914682388, 0.02654808759689331, -0.999627947807312, 1.5488624572753906], [-0.38333049416542053, -0.923218846321106, -0.026920197531580925, -0.109130859375], [0.0, 0.0, 0.0, 1.0]]], "view": [[0.0, -2.0, 100.0], [-2.0, 0.0, 100.0], [0.0, 0.0, 1.0]], "bev": "bev_2c253adbce79406c962b9382236768da.png", "aux": "aux_2c253adbce79406c962b9382236768da.npz", "visibility": "visibility_2c253adbce79406c962b9382236768da.png", "pose": [[0.8812136054039001, 0.47271832823753357, 0.0, 1626.06787109375], [-0.47271832823753357, 0.8812136054039001, 0.0, 1297.830322265625], [0.0, 0.0, 1.0, 0.0], [0.0, 0.0, 0.0, 1.0]], "pose_inverse": [[0.8812136054039001, -0.47271832823753357, 0.0, -819.4049072265625], [0.47271832823753357, 0.8812136054039001, 0.0, -1912.3377685546875], [0.0, 0.0, 1.0, 0.0], [0.0, 0.0, 0.0, 1.0]], "cam_ids": [0, 1, 2, 3, 4, 5], "cam_channels": ["CAM_FRONT_LEFT", "CAM_FRONT", "CAM_FRONT_RIGHT", "CAM_BACK_LEFT", "CAM_BACK", "CAM_BACK_RIGHT"], "token": "2c253adbce79406c962b9382236768da", "scene": "scene-0522"}, {"images": ["samples/CAM_FRONT_LEFT/n008-2018-08-30-10-33-52-0400__CAM_FRONT_LEFT__1535639700154799.jpg", "samples/CAM_FRONT/n008-2018-08-30-10-33-52-0400__CAM_FRONT__1535639700162404.jpg", "samples/CAM_FRONT_RIGHT/n008-2018-08-30-10-33-52-0400__CAM_FRONT_RIGHT__1535639700170482.jpg", "samples/CAM_BACK_LEFT/n008-2018-08-30-10-33-52-0400__CAM_BACK_LEFT__1535639700197405.jpg", "samples/CAM_BACK/n008-2018-08-30-10-33-52-0400__CAM_BACK__1535639700187558.jpg", "samples/CAM_BACK_RIGHT/n008-2018-08-30-10-33-52-0400__CAM_BACK_RIGHT__1535639700178113.jpg"], "intrinsics": [[[1257.8625342125129, 0.0, 827.2410631095686], [0.0, 1257.8625342125129, 450.915498205774], [0.0, 0.0, 1.0]], [[1252.8131021185304, 0.0, 826.588114781398], [0.0, 1252.8131021185304, 469.9846626224581], [0.0, 0.0, 1.0]], [[1256.7485116440405, 0.0, 817.7887570959712], [0.0, 1256.7485116440403, 451.9541780095127], [0.0, 0.0, 1.0]], [[1254.9860565800168, 0.0, 829.5769333630991], [0.0, 1254.9860565800168, 467.1680561863987], [0.0, 0.0, 1.0]], [[796.8910634503094, 0.0, 857.7774326863696], [0.0, 796.8910634503094, 476.8848988407415], [0.0, 0.0, 1.0]], [[1249.9629280788233, 0.0, 825.3768045375984], [0.0, 1249.9629280788233, 462.54816385708756], [0.0, 0.0, 1.0]]], "extrinsics": [[[0.822286069393158, -0.5687576532363892, -0.01898379437625408, -0.696258544921875], [0.01365765929222107, 0.05307317152619362, -0.9984971880912781, 1.4932861328125], [0.5689104199409485, 0.8207911252975464, 0.05140922963619232, -1.122314453125], [0.0, 0.0, 0.0, 1.0]], [[0.009929207153618336, -0.9987594485282898, -0.04879499971866608, 0.01025390625], [0.015580705367028713, 0.04894600808620453, -0.9986798763275146, 1.48492431640625], [0.9998292326927185, 0.009155836887657642, 0.016047369688749313, -1.42333984375], [0.0, 0.0, 0.0, 1.0]], [[-0.84404456615448, -0.5346701145172119, -0.04143482446670532, 0.88427734375], [0.023539243265986443, 0.04025208577513695, -0.9989122152328491, 1.4987869262695312], [0.5357563495635986, -0.8441017866134644, -0.02138882502913475, -1.14501953125], [0.0, 0.0, 0.0, 1.0]], [[0.9479387402534485, 0.31806480884552, 0.01571366935968399, -1.1180419921875], [-0.002027681330218911, 0.055371254682540894, -0.9984638094902039, 1.561981201171875], [-0.3184463083744049, 0.9464507102966309, 0.053133491426706314, -0.1650390625], [0.0, 0.0, 0.0, 1.0]], [[0.00941396038979292, 0.9988083839416504, 0.04788767918944359, -0.0283203125], [0.00017839972861111164, 0.047888122498989105, -0.9988526701927185, 1.5680465698242188], [-0.9999557733535767, 0.009411711245775223, 0.0002726309176068753, -0.0614013671875], [0.0, 0.0, 0.0, 1.0]], [[-0.9235731959342957, 0.38338175415992737, 0.005566784180700779, 0.9914512634277344], [0.004436051473021507, 0.025201980024576187, -0.999672532081604, 1.5486030578613281], [-0.38339653611183167, -0.9232460856437683, -0.024976572021842003, -0.113037109375], [0.0, 0.0, 0.0, 1.0]]], "view": [[0.0, -2.0, 100.0], [-2.0, 0.0, 100.0], [0.0, 0.0, 1.0]], "bev": "bev_84452382846f41308d1982a553b4be83.png", "aux": "aux_84452382846f41308d1982a553b4be83.npz", "visibility": "visibility_84452382846f41308d1982a553b4be83.png", "pose": [[0.8823347091674805, 0.4706224501132965, 0.0, 1629.5904541015625], [-0.4706224501132965, 0.8823347091674805, 0.0, 1295.9111328125], [0.0, 0.0, 1.0, 0.0], [0.0, 0.0, 0.0, 1.0]], "pose_inverse": [[0.8823347091674805, -0.4706224501132965, 0.0, -827.9592895507812], [0.4706224501132965, 0.8823347091674805, 0.0, -1910.3492431640625], [0.0, 0.0, 1.0, 0.0], [0.0, 0.0, 0.0, 1.0]], "cam_ids": [0, 1, 2, 3, 4, 5], "cam_channels": ["CAM_FRONT_LEFT", "CAM_FRONT", "CAM_FRONT_RIGHT", "CAM_BACK_LEFT", "CAM_BACK", "CAM_BACK_RIGHT"], "token": "84452382846f41308d1982a553b4be83", "scene": "scene-0522"}, {"images": ["samples/CAM_FRONT_LEFT/n008-2018-08-30-10-33-52-0400__CAM_FRONT_LEFT__1535639700654799.jpg", "samples/CAM_FRONT/n008-2018-08-30-10-33-52-0400__CAM_FRONT__1535639700662404.jpg", "samples/CAM_FRONT_RIGHT/n008-2018-08-30-10-33-52-0400__CAM_FRONT_RIGHT__1535639700670482.jpg", "samples/CAM_BACK_LEFT/n008-2018-08-30-10-33-52-0400__CAM_BACK_LEFT__1535639700697405.jpg", "samples/CAM_BACK/n008-2018-08-30-10-33-52-0400__CAM_BACK__1535639700687558.jpg", "samples/CAM_BACK_RIGHT/n008-2018-08-30-10-33-52-0400__CAM_BACK_RIGHT__1535639700678113.jpg"], "intrinsics": [[[1257.8625342125129, 0.0, 827.2410631095686], [0.0, 1257.8625342125129, 450.915498205774], [0.0, 0.0, 1.0]], [[1252.8131021185304, 0.0, 826.588114781398], [0.0, 1252.8131021185304, 469.9846626224581], [0.0, 0.0, 1.0]], [[1256.7485116440405, 0.0, 817.7887570959712], [0.0, 1256.7485116440403, 451.9541780095127], [0.0, 0.0, 1.0]], [[1254.9860565800168, 0.0, 829.5769333630991], [0.0, 1254.9860565800168, 467.1680561863987], [0.0, 0.0, 1.0]], [[796.8910634503094, 0.0, 857.7774326863696], [0.0, 796.8910634503094, 476.8848988407415], [0.0, 0.0, 1.0]], [[1249.9629280788233, 0.0, 825.3768045375984], [0.0, 1249.9629280788233, 462.54816385708756], [0.0, 0.0, 1.0]]], "extrinsics": [[[0.8224246501922607, -0.5685153007507324, -0.020201966166496277, -0.702789306640625], [0.012087732553482056, 0.05296845734119415, -0.9985230565071106, 1.4925308227539062], [0.5687455534934998, 0.8209657073020935, 0.05043462663888931, -1.128662109375], [0.0, 0.0, 0.0, 1.0]], [[0.010080968961119652, -0.9987594485282898, -0.048763107508420944, 0.01123046875], [0.013968178071081638, 0.048901475965976715, -0.9987059235572815, 1.4842910766601562], [0.9998515844345093, 0.009386771358549595, 0.01444382593035698, -1.4293212890625], [0.0, 0.0, 0.0, 1.0]], [[-0.844017505645752, -0.5348169207572937, -0.040063969790935516, 0.887451171875], [0.021904202178120613, 0.04026485234498978, -0.9989489316940308, 1.4982986450195312], [0.5358679890632629, -0.8440080285072327, -0.02226950414478779, -1.14599609375], [0.0, 0.0, 0.0, 1.0]], [[0.9479535222053528, 0.3180999159812927, 0.0140211321413517, -1.114013671875], [-0.0038769443053752184, 0.055562809109687805, -0.9984476566314697, 1.5618972778320312], [-0.3183852434158325, 0.946427583694458, 0.0539042204618454, -0.1663818359375], [0.0, 0.0, 0.0, 1.0]], [[0.009400522336363792, 0.9988037347793579, 0.047986820340156555, -0.0286865234375], [-0.0016020819311961532, 0.048003923147916794, -0.9988458156585693, 1.5678329467773438], [-0.9999545812606812, 0.009312803857028484, 0.002051428658887744, -0.0643310546875], [0.0, 0.0, 0.0, 1.0]], [[-0.923616349697113, 0.3832505941390991, 0.007195951417088509, 0.9914627075195312], [0.0026960615068674088, 0.02526741661131382, -0.9996770620346069, 1.5482635498046875], [-0.38330864906311035, -0.9232986569404602, -0.024370668455958366, -0.112060546875], [0.0, 0.0, 0.0, 1.0]]], "view": [[0.0, -2.0, 100.0], [-2.0, 0.0, 100.0], [0.0, 0.0, 1.0]], "bev": "bev_c8e6b2b37b8146f1842ca73a67ee98d2.png", "aux": "aux_c8e6b2b37b8146f1842ca73a67ee98d2.npz", "visibility": "visibility_c8e6b2b37b8146f1842ca73a67ee98d2.png", "pose": [[0.8823186755180359, 0.47065243124961853, 0.0, 1633.0701904296875], [-0.47065243124961853, 0.8823186755180359, 0.0, 1294.0096435546875], [0.0, 0.0, 1.0, 0.0], [0.0, 0.0, 0.0, 1.0]], "pose_inverse": [[0.8823186755180359, -0.47065243124961853, 0.0, -831.8595581054688], [0.47065243124961853, 0.8823186755180359, 0.0, -1910.33740234375], [0.0, 0.0, 1.0, 0.0], [0.0, 0.0, 0.0, 1.0]], "cam_ids": [0, 1, 2, 3, 4, 5], "cam_channels": ["CAM_FRONT_LEFT", "CAM_FRONT", "CAM_FRONT_RIGHT", "CAM_BACK_LEFT", "CAM_BACK", "CAM_BACK_RIGHT"], "token": "c8e6b2b37b8146f1842ca73a67ee98d2", "scene": "scene-0522"}, {"images": ["samples/CAM_FRONT_LEFT/n008-2018-08-30-10-33-52-0400__CAM_FRONT_LEFT__1535639701154799.jpg", "samples/CAM_FRONT/n008-2018-08-30-10-33-52-0400__CAM_FRONT__1535639701162404.jpg", "samples/CAM_FRONT_RIGHT/n008-2018-08-30-10-33-52-0400__CAM_FRONT_RIGHT__1535639701170482.jpg", "samples/CAM_BACK_LEFT/n008-2018-08-30-10-33-52-0400__CAM_BACK_LEFT__1535639701197405.jpg", "samples/CAM_BACK/n008-2018-08-30-10-33-52-0400__CAM_BACK__1535639701187558.jpg", "samples/CAM_BACK_RIGHT/n008-2018-08-30-10-33-52-0400__CAM_BACK_RIGHT__1535639701178113.jpg"], "intrinsics": [[[1257.8625342125129, 0.0, 827.2410631095686], [0.0, 1257.8625342125129, 450.915498205774], [0.0, 0.0, 1.0]], [[1252.8131021185304, 0.0, 826.588114781398], [0.0, 1252.8131021185304, 469.9846626224581], [0.0, 0.0, 1.0]], [[1256.7485116440405, 0.0, 817.7887570959712], [0.0, 1256.7485116440403, 451.9541780095127], [0.0, 0.0, 1.0]], [[1254.9860565800168, 0.0, 829.5769333630991], [0.0, 1254.9860565800168, 467.1680561863987], [0.0, 0.0, 1.0]], [[796.8910634503094, 0.0, 857.7774326863696], [0.0, 796.8910634503094, 476.8848988407415], [0.0, 0.0, 1.0]], [[1249.9629280788233, 0.0, 825.3768045375984], [0.0, 1249.9629280788233, 462.54816385708756], [0.0, 0.0, 1.0]]], "extrinsics": [[[0.8222053050994873, -0.5689572095870972, -0.016317231580615044, -0.708831787109375], [0.014153699390590191, 0.04909537360072136, -0.9986938238143921, 1.4933700561523438], [0.5690151453018188, 0.8209003806114197, 0.048419322818517685, -1.12890625], [0.0, 0.0, 0.0, 1.0]], [[0.009838137775659561, -0.9989566206932068, -0.044596049934625626, 0.0089111328125], [0.016017964109778404, 0.04474992677569389, -0.998869776725769, 1.4849624633789062], [0.999823272228241, 0.00911268312484026, 0.016441507264971733, -1.433837890625], [0.0, 0.0, 0.0, 1.0]], [[-0.8440680503845215, -0.5347874164581299, -0.03939073905348778, 0.8895263671875], [0.023932676762342453, 0.03581492602825165, -0.9990718364715576, 1.4987640380859375], [0.5357018709182739, -0.8442273736000061, -0.017431341111660004, -1.1497802734375], [0.0, 0.0, 0.0, 1.0]], [[0.9480258822441101, 0.3178694248199463, 0.014349729754030704, -1.116943359375], [-0.0017788527766242623, 0.05039136856794357, -0.9987279772758484, 1.5620269775390625], [-0.31818825006484985, 0.9467945098876953, 0.04833776503801346, -0.16455078125], [0.0, 0.0, 0.0, 1.0]], [[0.009449604898691177, 0.999028742313385, 0.043039482086896896, -0.0277099609375], [0.0004420716722961515, 0.04303722456097603, -0.999073326587677, 1.5681076049804688], [-0.9999552965164185, 0.009459882974624634, -3.495815326459706e-05, -0.061767578125], [0.0, 0.0, 0.0, 1.0]], [[-0.9235585331916809, 0.3834419846534729, 0.0034558018669486046, 0.9950180053710938], [0.004797035828232765, 0.020564710721373558, -0.9997770190238953, 1.5486640930175781], [-0.38342753052711487, -0.9233359694480896, -0.02083209902048111, -0.1123046875], [0.0, 0.0, 0.0, 1.0]]], "view": [[0.0, -2.0, 100.0], [-2.0, 0.0, 100.0], [0.0, 0.0, 1.0]], "bev": "bev_7a96a1aca9344de19eb4f965664792ef.png", "aux": "aux_7a96a1aca9344de19eb4f965664792ef.npz", "visibility": "visibility_7a96a1aca9344de19eb4f965664792ef.png", "pose": [[0.8827954530715942, 0.469757616519928, 0.0, 1636.487548828125], [-0.469757616519928, 0.8827954530715942, 0.0, 1292.14990234375], [0.0, 0.0, 1.0, 0.0], [0.0, 0.0, 0.0, 1.0]], "pose_inverse": [[0.8827954530715942, -0.469757616519928, 0.0, -837.6864624023438], [0.469757616519928, 0.8827954530715942, 0.0, -1909.45654296875], [0.0, 0.0, 1.0, 0.0], [0.0, 0.0, 0.0, 1.0]], "cam_ids": [0, 1, 2, 3, 4, 5], "cam_channels": ["CAM_FRONT_LEFT", "CAM_FRONT", "CAM_FRONT_RIGHT", "CAM_BACK_LEFT", "CAM_BACK", "CAM_BACK_RIGHT"], "token": "7a96a1aca9344de19eb4f965664792ef", "scene": "scene-0522"}, {"images": ["samples/CAM_FRONT_LEFT/n008-2018-08-30-10-33-52-0400__CAM_FRONT_LEFT__1535639701654799.jpg", "samples/CAM_FRONT/n008-2018-08-30-10-33-52-0400__CAM_FRONT__1535639701662404.jpg", "samples/CAM_FRONT_RIGHT/n008-2018-08-30-10-33-52-0400__CAM_FRONT_RIGHT__1535639701670482.jpg", "samples/CAM_BACK_LEFT/n008-2018-08-30-10-33-52-0400__CAM_BACK_LEFT__1535639701697405.jpg", "samples/CAM_BACK/n008-2018-08-30-10-33-52-0400__CAM_BACK__1535639701687558.jpg", "samples/CAM_BACK_RIGHT/n008-2018-08-30-10-33-52-0400__CAM_BACK_RIGHT__1535639701678113.jpg"], "intrinsics": [[[1257.8625342125129, 0.0, 827.2410631095686], [0.0, 1257.8625342125129, 450.915498205774], [0.0, 0.0, 1.0]], [[1252.8131021185304, 0.0, 826.588114781398], [0.0, 1252.8131021185304, 469.9846626224581], [0.0, 0.0, 1.0]], [[1256.7485116440405, 0.0, 817.7887570959712], [0.0, 1256.7485116440403, 451.9541780095127], [0.0, 0.0, 1.0]], [[1254.9860565800168, 0.0, 829.5769333630991], [0.0, 1254.9860565800168, 467.1680561863987], [0.0, 0.0, 1.0]], [[796.8910634503094, 0.0, 857.7774326863696], [0.0, 796.8910634503094, 476.8848988407415], [0.0, 0.0, 1.0]], [[1249.9629280788233, 0.0, 825.3768045375984], [0.0, 1249.9629280788233, 462.54816385708756], [0.0, 0.0, 1.0]]], "extrinsics": [[[0.8223695158958435, -0.5687146186828613, -0.01649271696805954, -0.722015380859375], [0.008870812132954597, 0.04180081933736801, -0.9990865588188171, 1.4912033081054688], [0.568884551525116, 0.8214721083641052, 0.039420682936906815, -1.141357421875], [0.0, 0.0, 0.0, 1.0]], [[0.009921375662088394, -0.9992501735687256, -0.03742539882659912, 0.010498046875], [0.01086246594786644, 0.037532731890678406, -0.9992363452911377, 1.4831695556640625], [0.9998917579650879, 0.009507302194833755, 0.011226697824895382, -1.44964599609375], [0.0, 0.0, 0.0, 1.0]], [[-0.8441412448883057, -0.5352038145065308, -0.03134533017873764, 0.901611328125], [0.018950073048472404, 0.028643853962421417, -0.9994100332260132, 1.4972763061523438], [0.5357858538627625, -0.8442371487617493, -0.014037306420505047, -1.1553955078125], [0.0, 0.0, 0.0, 1.0]], [[0.9479266405105591, 0.318386971950531, 0.008047965355217457, -1.117431640625], [-0.005929979961365461, 0.04290877655148506, -0.9990614056587219, 1.561859130859375], [-0.3184334635734558, 0.9469891786575317, 0.04256240278482437, -0.165283203125], [0.0, 0.0, 0.0, 1.0]], [[0.009409747086465359, 0.9993169903755188, 0.0357360802590847, -0.0286865234375], [-0.0040059457533061504, 0.03577505052089691, -0.9993517994880676, 1.5676345825195312], [-0.999947726726532, 0.009260552003979683, 0.004339843522757292, -0.0556640625], [0.0, 0.0, 0.0, 